datetime,streamflow_m^3/s
1979-01-01,0.0
1979-01-02,2.4181402
1979-01-03,3.2241032
1979-01-04,3.138418
1979-01-05,3.0279722
1979-01-06,2.9246995
1979-01-07,2.8227885
1979-01-08,2.7238228
1979-01-09,2.6320179
1979-01-10,2.5452688
1979-01-11,2.4599614
1979-01-12,2.3794556
1979-01-13,2.3017435
1979-01-14,2.2213428
1979-01-15,2.1480355
1979-01-16,2.0776503
1979-01-17,2.012809
1979-01-18,1.9494652
1979-01-19,1.8876382
1979-01-20,1.8232688
1979-01-21,1.7620186
1979-01-22,1.7071873
1979-01-23,1.6577939
1979-01-24,1.6148294
1979-01-25,1.5598184
1979-01-26,1.5143286
1979-01-27,1.4654646
1979-01-28,1.4193513
1979-01-29,1.3729348
1979-01-30,1.3324261
1979-01-31,1.2942879
1979-02-01,1.2562648
1979-02-02,1.2213829
1979-02-03,1.1822083
1979-02-04,1.1481802
1979-02-05,1.1235833
1979-02-06,1.0830231
1979-02-07,1.0504003
1979-02-08,1.0189738
1979-02-09,0.9863224
1979-02-10,0.9634782
1979-02-11,0.94057214
1979-02-12,0.9158744
1979-02-13,0.8903836
1979-02-14,0.87183326
1979-02-15,0.8545957
1979-02-16,0.8303416
1979-02-17,0.81184876
1979-02-18,0.789491
1979-02-19,0.77701074
1979-02-20,0.7557274
1979-02-21,0.737574
1979-02-22,0.7145231
1979-02-23,0.69819266
1979-02-24,0.6861848
1979-02-25,0.68143237
1979-02-26,0.6709003
1979-02-27,0.70200855
1979-02-28,0.67109495
1979-03-01,0.6216257
1979-03-02,0.5996172
1979-03-03,0.5860773
1979-03-04,0.57363266
1979-03-05,0.55454886
1979-03-06,0.5453575
1979-03-07,0.54411626
1979-03-08,0.5471996
1979-03-09,0.5352874
1979-03-10,0.50852466
1979-03-11,0.49331555
1979-03-12,0.47072893
1979-03-13,0.45703065
1979-03-14,0.45100394
1979-03-15,0.4407455
1979-03-16,0.43105602
1979-03-17,0.42198175
1979-03-18,0.40817583
1979-03-19,0.40257108
1979-03-20,0.3947464
1979-03-21,0.40189996
1979-03-22,0.38453138
1979-03-23,0.37147924
1979-03-24,0.36225325
1979-03-25,0.34761548
1979-03-26,0.33803514
1979-03-27,0.33829728
1979-03-28,0.3638401
1979-03-29,0.32744953
1979-03-30,0.30580792
1979-03-31,0.30294105
1979-04-01,0.3017959
1979-04-02,0.29900953
1979-04-03,0.2963401
1979-04-04,0.30897862
1979-04-05,0.46479785
1979-04-06,4.6302347
1979-04-07,1.9390543
1979-04-08,0.35884184
1979-04-09,0.27246132
1979-04-10,0.2618447
1979-04-11,0.2566807
1979-04-12,0.2508773
1979-04-13,0.2450055
1979-04-14,0.22921863
1979-04-15,0.2313384
1979-04-16,0.3448652
1979-04-17,0.5524837
1979-04-18,0.79885113
1979-04-19,0.42058554
1979-04-20,0.44456863
1979-04-21,0.38625
1979-04-22,0.47089738
1979-04-23,2.7521422
1979-04-24,1.4374292
1979-04-25,0.376704
1979-04-26,0.2316882
1979-04-27,0.2518894
1979-04-28,1.9228004
1979-04-29,6.5508895
1979-04-30,5.171253
1979-05-01,1.7762424
1979-05-02,0.8914485
1979-05-03,0.49780056
1979-05-04,0.42137247
1979-05-05,0.5595956
1979-05-06,0.43165866
1979-05-07,0.30510074
1979-05-08,0.23574844
1979-05-09,0.34555522
1979-05-10,0.46865904
1979-05-11,0.26456618
1979-05-12,0.24304453
1979-05-13,0.8379667
1979-05-14,1.9357167
1979-05-15,1.52148
1979-05-16,2.3662658
1979-05-17,1.3331466
1979-05-18,4.1861515
1979-05-19,7.8731375
1979-05-20,12.11934
1979-05-21,8.222165
1979-05-22,2.0067298
1979-05-23,0.27421647
1979-05-24,0.58138835
1979-05-25,0.43338203
1979-05-26,0.25991964
1979-05-27,0.5462833
1979-05-28,0.43333286
1979-05-29,0.65956897
1979-05-30,6.676262
1979-05-31,10.1788845
1979-06-01,5.035699
1979-06-02,8.521941
1979-06-03,13.376798
1979-06-04,20.372984
1979-06-05,13.689679
1979-06-06,4.9181843
1979-06-07,9.962191
1979-06-08,3.770263
1979-06-09,11.292281
1979-06-10,8.617314
1979-06-11,2.4777522
1979-06-12,0.7931325
1979-06-13,1.5822965
1979-06-14,1.3010209
1979-06-15,6.79957
1979-06-16,16.899036
1979-06-17,20.250011
1979-06-18,11.060086
1979-06-19,3.179213
1979-06-20,1.6652937
1979-06-21,1.8296398
1979-06-22,2.3084974
1979-06-23,9.051544
1979-06-24,5.747621
1979-06-25,3.4975653
1979-06-26,2.2295594
1979-06-27,2.5009391
1979-06-28,2.2744184
1979-06-29,2.3331912
1979-06-30,5.7449684
1979-07-01,5.691041
1979-07-02,2.9190276
1979-07-03,9.570502
1979-07-04,4.6772575
1979-07-05,4.3341146
1979-07-06,9.415595
1979-07-07,4.4518394
1979-07-08,2.2106197
1979-07-09,2.2392251
1979-07-10,2.6452532
1979-07-11,4.046051
1979-07-12,5.9989715
1979-07-13,11.29933
1979-07-14,11.189411
1979-07-15,24.3352
1979-07-16,13.955369
1979-07-17,8.408843
1979-07-18,13.259635
1979-07-19,28.834995
1979-07-20,16.232004
1979-07-21,11.080691
1979-07-22,9.596513
1979-07-23,18.096981
1979-07-24,11.527018
1979-07-25,8.019855
1979-07-26,12.655673
1979-07-27,9.071798
1979-07-28,6.9640417
1979-07-29,6.693551
1979-07-30,6.489798
1979-07-31,6.4260783
1979-08-01,6.1954794
1979-08-02,6.070555
1979-08-03,6.7091384
1979-08-04,6.5520487
1979-08-05,5.6414027
1979-08-06,5.176452
1979-08-07,5.175752
1979-08-08,4.9270906
1979-08-09,4.725669
1979-08-10,4.7662296
1979-08-11,4.532556
1979-08-12,4.346435
1979-08-13,4.233627
1979-08-14,4.234641
1979-08-15,4.4775333
1979-08-16,4.820652
1979-08-17,5.5912733
1979-08-18,5.617656
1979-08-19,4.6070666
1979-08-20,4.433226
1979-08-21,4.7303634
1979-08-22,4.8561907
1979-08-23,8.522088
1979-08-24,6.4502144
1979-08-25,7.992411
1979-08-26,10.696139
1979-08-27,7.104878
1979-08-28,5.5490017
1979-08-29,17.198404
1979-08-30,13.085562
1979-08-31,9.818194
1979-09-01,10.458094
1979-09-02,13.150458
1979-09-03,16.442368
1979-09-04,12.7945175
1979-09-05,13.34179
1979-09-06,12.750154
1979-09-07,14.745396
1979-09-08,23.17594
1979-09-09,23.198658
1979-09-10,16.06368
1979-09-11,16.784702
1979-09-12,22.098751
1979-09-13,22.258347
1979-09-14,28.240652
1979-09-15,30.55644
1979-09-16,48.47608
1979-09-17,30.395649
1979-09-18,22.256798
1979-09-19,22.388618
1979-09-20,29.419033
1979-09-21,23.750723
1979-09-22,19.790173
1979-09-23,19.073278
1979-09-24,19.036896
1979-09-25,18.476877
1979-09-26,24.417131
1979-09-27,19.49469
1979-09-28,16.996315
1979-09-29,19.853237
1979-09-30,23.920795
1979-10-01,18.589907
1979-10-02,15.5045595
1979-10-03,14.481243
1979-10-04,25.10448
1979-10-05,17.117409
1979-10-06,12.639981
1979-10-07,12.937109
1979-10-08,12.289025
1979-10-09,16.995558
1979-10-10,16.471909
1979-10-11,17.45778
1979-10-12,17.261415
1979-10-13,15.2907915
1979-10-14,11.691454
1979-10-15,10.659305
1979-10-16,12.201724
1979-10-17,11.806325
1979-10-18,17.047445
1979-10-19,18.369808
1979-10-20,22.766088
1979-10-21,19.996416
1979-10-22,18.875935
1979-10-23,20.228317
1979-10-24,23.514326
1979-10-25,23.224394
1979-10-26,22.850351
1979-10-27,27.71219
1979-10-28,31.580637
1979-10-29,31.982285
1979-10-30,35.272945
1979-10-31,28.071983
1979-11-01,25.208248
1979-11-02,24.543016
1979-11-03,23.788523
1979-11-04,22.733614
1979-11-05,21.145832
1979-11-06,19.747484
1979-11-07,18.905718
1979-11-08,21.092958
1979-11-09,20.463377
1979-11-10,19.81899
1979-11-11,16.537516
1979-11-12,19.18734
1979-11-13,25.592707
1979-11-14,22.216394
1979-11-15,18.200304
1979-11-16,17.51273
1979-11-17,20.365276
1979-11-18,17.787422
1979-11-19,16.03769
1979-11-20,15.427134
1979-11-21,18.899916
1979-11-22,22.280642
1979-11-23,16.056189
1979-11-24,13.741613
1979-11-25,16.805992
1979-11-26,13.917123
1979-11-27,12.27385
1979-11-28,11.753421
1979-11-29,11.38764
1979-11-30,12.31235
1979-12-01,13.359946
1979-12-02,11.4316
1979-12-03,10.170037
1979-12-04,9.751128
1979-12-05,9.576816
1979-12-06,9.198354
1979-12-07,8.857474
1979-12-08,8.559758
1979-12-09,8.272731
1979-12-10,8.120473
1979-12-11,7.8042006
1979-12-12,7.4827275
1979-12-13,7.2103844
1979-12-14,6.949956
1979-12-15,6.8298903
1979-12-16,6.5617867
1979-12-17,6.3468094
1979-12-18,6.1413374
1979-12-19,8.672661
1979-12-20,6.7278185
1979-12-21,5.5439067
1979-12-22,5.3413324
1979-12-23,5.154424
1979-12-24,5.006149
1979-12-25,4.829823
1979-12-26,4.664513
1979-12-27,4.5091224
1979-12-28,4.3618665
1979-12-29,4.222836
1979-12-30,4.1021256
1979-12-31,3.973166
1980-01-01,3.8778212
1980-01-02,3.901005
1980-01-03,3.6737251
1980-01-04,3.480145
1980-01-05,3.3477986
1980-01-06,3.2369146
1980-01-07,3.11537
1980-01-08,3.0026
1980-01-09,2.8987699
1980-01-10,2.7921183
1980-01-11,2.6861453
1980-01-12,2.5860052
1980-01-13,2.490207
1980-01-14,2.3971262
1980-01-15,2.308209
1980-01-16,2.2207828
1980-01-17,2.1691077
1980-01-18,2.0857613
1980-01-19,1.9951316
1980-01-20,1.918094
1980-01-21,1.846925
1980-01-22,1.7781496
1980-01-23,1.7121054
1980-01-24,1.6477845
1980-01-25,1.5870366
1980-01-26,1.5260316
1980-01-27,1.4674146
1980-01-28,1.4120704
1980-01-29,1.3654923
1980-01-30,1.319646
1980-01-31,1.2734498
1980-02-01,1.2323323
1980-02-02,1.1948028
1980-02-03,1.1540177
1980-02-04,1.1191102
1980-02-05,1.0943177
1980-02-06,1.0673747
1980-02-07,1.0326794
1980-02-08,1.0039414
1980-02-09,0.9754124
1980-02-10,0.9490614
1980-02-11,0.92362434
1980-02-12,0.9006428
1980-02-13,0.8787913
1980-02-14,0.854651
1980-02-15,0.8284034
1980-02-16,0.80831236
1980-02-17,0.78694326
1980-02-18,0.7715579
1980-02-19,0.8229933
1980-02-20,0.7597639
1980-02-21,0.71842164
1980-02-22,0.7060477
1980-02-23,0.6849627
1980-02-24,0.66068834
1980-02-25,0.64441407
1980-02-26,0.6258535
1980-02-27,0.6128158
1980-02-28,0.593724
1980-02-29,0.579392
1980-03-01,0.5701761
1980-03-02,0.55396104
1980-03-03,0.5408969
1980-03-04,0.52569294
1980-03-05,0.5132412
1980-03-06,0.50084496
1980-03-07,0.4924657
1980-03-08,0.4798113
1980-03-09,0.47064754
1980-03-10,0.45694005
1980-03-11,0.4482013
1980-03-12,0.43570265
1980-03-13,0.4264692
1980-03-14,0.4218981
1980-03-15,0.41340387
1980-03-16,0.40469393
1980-03-17,0.39656174
1980-03-18,0.38601035
1980-03-19,0.37987572
1980-03-20,0.37518603
1980-03-21,0.36808893
1980-03-22,0.35849035
1980-03-23,0.34935454
1980-03-24,0.34307924
1980-03-25,0.3380798
1980-03-26,0.34177807
1980-03-27,0.33985665
1980-03-28,0.33755514
1980-03-29,0.33302233
1980-03-30,0.32366863
1980-03-31,0.33529004
1980-04-01,0.3214621
1980-04-02,0.30502668
1980-04-03,0.31516522
1980-04-04,0.3073946
1980-04-05,0.29820555
1980-04-06,0.28049093
1980-04-07,0.27648684
1980-04-08,0.2728679
1980-04-09,0.27351883
1980-04-10,0.2658277
1980-04-11,0.25588155
1980-04-12,0.2587002
1980-04-13,0.24762566
1980-04-14,0.24924341
1980-04-15,0.24674791
1980-04-16,0.24128081
1980-04-17,0.23687664
1980-04-18,0.22202297
1980-04-19,0.21812066
1980-04-20,0.22617032
1980-04-21,0.23756321
1980-04-22,0.2369657
1980-04-23,0.2992149
1980-04-24,0.3319023
1980-04-25,0.25548133
1980-04-26,0.4174024
1980-04-27,0.324778
1980-04-28,0.22671568
1980-04-29,0.2376791
1980-04-30,0.26579806
1980-05-01,0.27917266
1980-05-02,0.24296053
1980-05-03,0.32551315
1980-05-04,0.42543653
1980-05-05,0.2742291
1980-05-06,0.23857087
1980-05-07,0.22163165
1980-05-08,0.39143282
1980-05-09,0.35046116
1980-05-10,0.38841784
1980-05-11,0.25354043
1980-05-12,0.18085343
1980-05-13,0.22453664
1980-05-14,0.2916773
1980-05-15,1.076236
1980-05-16,0.5173534
1980-05-17,0.1888221
1980-05-18,0.16752313
1980-05-19,0.79770815
1980-05-20,0.78513604
1980-05-21,0.30417943
1980-05-22,0.18294203
1980-05-23,0.37464067
1980-05-24,1.0843788
1980-05-25,1.25794
1980-05-26,2.3008997
1980-05-27,1.0116446
1980-05-28,0.44298708
1980-05-29,0.22145475
1980-05-30,0.31717628
1980-05-31,0.33203194
1980-06-01,0.8127687
1980-06-02,3.999824
1980-06-03,2.9342022
1980-06-04,0.73139817
1980-06-05,0.17106263
1980-06-06,0.18507688
1980-06-07,0.7812588
1980-06-08,0.3880077
1980-06-09,0.1982355
1980-06-10,2.1908646
1980-06-11,1.049771
1980-06-12,3.7947714
1980-06-13,3.796811
1980-06-14,2.4689047
1980-06-15,0.72299904
1980-06-16,0.14961109
1980-06-17,0.12137804
1980-06-18,0.20738575
1980-06-19,0.9799581
1980-06-20,2.0780654
1980-06-21,2.7245743
1980-06-22,0.9192743
1980-06-23,0.18133344
1980-06-24,0.12225566
1980-06-25,0.10881315
1980-06-26,0.12327875
1980-06-27,0.13610534
1980-06-28,0.11877545
1980-06-29,0.103397675
1980-06-30,0.10881334
1980-07-01,0.10125121
1980-07-02,0.14140344
1980-07-03,0.13654971
1980-07-04,0.11373804
1980-07-05,0.12837568
1980-07-06,0.10549266
1980-07-07,0.096405774
1980-07-08,0.20051588
1980-07-09,0.13805307
1980-07-10,0.10395619
1980-07-11,0.18162599
1980-07-12,2.0429454
1980-07-13,1.0528262
1980-07-14,0.27236912
1980-07-15,0.16015626
1980-07-16,0.13012151
1980-07-17,0.13321073
1980-07-18,0.21597478
1980-07-19,1.3676437
1980-07-20,1.2634671
1980-07-21,0.42724386
1980-07-22,0.8167339
1980-07-23,1.0149881
1980-07-24,0.58881366
1980-07-25,0.5764206
1980-07-26,0.92019403
1980-07-27,0.6351636
1980-07-28,0.23828304
1980-07-29,0.42099354
1980-07-30,0.22202642
1980-07-31,0.48703238
1980-08-01,0.52472085
1980-08-02,0.63755375
1980-08-03,1.0262748
1980-08-04,0.50083727
1980-08-05,0.49084306
1980-08-06,0.77911687
1980-08-07,0.68566984
1980-08-08,1.2957268
1980-08-09,7.5438604
1980-08-10,19.825777
1980-08-11,6.628817
1980-08-12,0.36642683
1980-08-13,0.3347271
1980-08-14,0.22437282
1980-08-15,0.15786098
1980-08-16,1.2495946
1980-08-17,4.706307
1980-08-18,1.6906588
1980-08-19,1.3157338
1980-08-20,5.934765
1980-08-21,2.3840482
1980-08-22,0.58005524
1980-08-23,2.3520887
1980-08-24,0.99003303
1980-08-25,0.20542803
1980-08-26,0.18003239
1980-08-27,0.17501415
1980-08-28,0.22302435
1980-08-29,0.97722316
1980-08-30,0.91585517
1980-08-31,1.9004278
1980-09-01,1.5392457
1980-09-02,2.276222
1980-09-03,7.2643447
1980-09-04,3.7123644
1980-09-05,1.2670097
1980-09-06,1.8912439
1980-09-07,0.929126
1980-09-08,0.9144804
1980-09-09,1.2402033
1980-09-10,1.3210891
1980-09-11,0.781638
1980-09-12,0.5684254
1980-09-13,0.57147384
1980-09-14,0.70762604
1980-09-15,0.9511412
1980-09-16,0.9043342
1980-09-17,3.5815847
1980-09-18,2.0822396
1980-09-19,5.79391
1980-09-20,6.1920123
1980-09-21,8.094341
1980-09-22,5.131104
1980-09-23,9.570277
1980-09-24,7.9482417
1980-09-25,5.7021594
1980-09-26,4.5246
1980-09-27,4.1883826
1980-09-28,3.5478647
1980-09-29,3.6036026
1980-09-30,2.956149
1980-10-01,5.560549
1980-10-02,9.783434
1980-10-03,11.270605
1980-10-04,5.212501
1980-10-05,13.193114
1980-10-06,8.211038
1980-10-07,5.5475383
1980-10-08,13.544438
1980-10-09,8.344932
1980-10-10,5.4438643
1980-10-11,6.2652884
1980-10-12,6.9978385
1980-10-13,5.3856397
1980-10-14,4.7765965
1980-10-15,8.45239
1980-10-16,6.3478045
1980-10-17,5.590123
1980-10-18,30.86042
1980-10-19,29.434128
1980-10-20,17.26981
1980-10-21,10.603005
1980-10-22,10.488767
1980-10-23,8.432648
1980-10-24,6.9208364
1980-10-25,6.107656
1980-10-26,5.426444
1980-10-27,4.8918886
1980-10-28,4.6980534
1980-10-29,4.146367
1980-10-30,4.466718
1980-10-31,11.031466
1980-11-01,5.8441396
1980-11-02,7.104993
1980-11-03,5.2178593
1980-11-04,8.384928
1980-11-05,13.701379
1980-11-06,10.938384
1980-11-07,13.344605
1980-11-08,9.749434
1980-11-09,4.588256
1980-11-10,10.774228
1980-11-11,8.25961
1980-11-12,5.8012114
1980-11-13,15.214902
1980-11-14,9.497104
1980-11-15,6.100047
1980-11-16,6.4058557
1980-11-17,6.4345517
1980-11-18,5.600983
1980-11-19,4.910213
1980-11-20,4.681178
1980-11-21,4.5675445
1980-11-22,4.429977
1980-11-23,4.2844415
1980-11-24,4.313166
1980-11-25,5.041758
1980-11-26,4.238986
1980-11-27,3.6722755
1980-11-28,3.493212
1980-11-29,3.339754
1980-11-30,3.2107427
1980-12-01,3.1050017
1980-12-02,2.9490325
1980-12-03,2.8161745
1980-12-04,2.6907065
1980-12-05,2.5722702
1980-12-06,2.4635186
1980-12-07,2.373215
1980-12-08,2.2777166
1980-12-09,2.208983
1980-12-10,2.1212053
1980-12-11,2.0241666
1980-12-12,1.9545728
1980-12-13,2.1105726
1980-12-14,2.1169455
1980-12-15,1.98146
1980-12-16,1.8644183
1980-12-17,1.742858
1980-12-18,1.6891251
1980-12-19,1.642376
1980-12-20,1.5475038
1980-12-21,1.475088
1980-12-22,1.4385458
1980-12-23,1.4046227
1980-12-24,1.3575498
1980-12-25,1.3262215
1980-12-26,1.290385
1980-12-27,1.2536938
1980-12-28,1.2380258
1980-12-29,1.2065152
1980-12-30,1.1902763
1980-12-31,1.1749232
1981-01-01,1.17594
1981-01-02,1.0898978
1981-01-03,1.0280796
1981-01-04,0.9992969
1981-01-05,0.9706044
1981-01-06,0.9432286
1981-01-07,0.9199918
1981-01-08,0.8957334
1981-01-09,0.8964328
1981-01-10,0.8905471
1981-01-11,0.83569574
1981-01-12,0.8051773
1981-01-13,0.7636213
1981-01-14,0.73365015
1981-01-15,0.6786537
1981-01-16,0.42188436
1981-01-17,0.32651755
1981-01-18,0.31155235
1981-01-19,0.3008097
1981-01-20,0.29003003
1981-01-21,0.28044924
1981-01-22,0.2716577
1981-01-23,0.26208833
1981-01-24,0.25375023
1981-01-25,0.2463188
1981-01-26,0.28509644
1981-01-27,0.2587128
1981-01-28,0.2259263
1981-01-29,0.214072
1981-01-30,0.19074933
1981-01-31,0.11996651
1981-02-01,0.094380826
1981-02-02,0.072088376
1981-02-03,0.01755707
1981-02-04,0.0004406622
1981-02-05,1.1060112e-05
1981-02-06,2.7759606e-07
1981-02-07,6.9673405e-09
1981-02-08,1.7487221e-10
1981-02-09,4.3890907e-12
1981-02-10,1.1016111e-13
1981-02-11,2.7649167e-15
1981-02-12,6.939622000000001e-17
1981-02-13,1.741765e-18
1981-02-14,4.3716292e-20
1981-02-15,1.0972284e-21
1981-02-16,2.7539170000000003e-23
1981-02-17,6.912013e-25
1981-02-18,0.010806271
1981-02-19,0.003890086
1981-02-20,9.763667e-05
1981-02-21,0.01462344
1981-02-22,0.005263386
1981-02-23,0.003688562
1981-02-24,0.06671742
1981-02-25,0.023587361
1981-02-26,0.00059201557
1981-02-27,1.4858907e-05
1981-02-28,3.7294143e-07
1981-03-01,9.3604e-09
1981-03-02,2.349352e-10
1981-03-03,5.896603e-12
1981-03-04,0.07114877
1981-03-05,0.03654524
1981-03-06,0.041352104
1981-03-07,0.15208893
1981-03-08,3.152756
1981-03-09,2.879972
1981-03-10,0.8795275
1981-03-11,0.09784852
1981-03-12,0.0034704448
1981-03-13,8.710416e-05
1981-03-14,2.1862138e-06
1981-03-15,0.019522414
1981-03-16,0.007027741
1981-03-17,0.029050894
1981-03-18,0.015272453
1981-03-19,0.002015439
1981-03-20,5.0585193e-05
1981-03-21,1.2696299e-06
1981-03-22,3.1866247e-08
1981-03-23,7.99806e-10
1981-03-24,2.0074208e-11
1981-03-25,5.0383943e-13
1981-03-26,1.26457886e-14
1981-03-27,3.173947e-16
1981-03-28,7.966241e-18
1981-03-29,1.9994345e-19
1981-03-30,5.0183497e-21
1981-03-31,1.2595478000000002e-22
1981-04-01,3.1613198000000002e-24
1981-04-02,7.934548e-26
1981-04-03,1.9914799999999998e-27
1981-04-04,0.028146563
1981-04-05,0.01737695
1981-04-06,0.0028622628
1981-04-07,7.1839495e-05
1981-04-08,1.8030884e-06
1981-04-09,4.5255437e-08
1981-04-10,1.1358593e-09
1981-04-11,2.8508756e-11
1981-04-12,7.155369e-13
1981-04-13,1.795915e-14
1981-04-14,0.057030536
1981-04-15,0.11194611
1981-04-16,6.0629582
1981-04-17,3.7464373
1981-04-18,0.79293114
1981-04-19,7.7967334
1981-04-20,7.9906034
1981-04-21,3.2972634
1981-04-22,3.8828337
1981-04-23,1.5427134
1981-04-24,1.1714503
1981-04-25,0.44443616
1981-04-26,0.21720403
1981-04-27,0.16886097
1981-04-28,2.2766469
1981-04-29,4.7747173
1981-04-30,5.7262244
1981-05-01,3.8939402
1981-05-02,2.464986
1981-05-03,0.7196105
1981-05-04,1.0516868
1981-05-05,0.3585332
1981-05-06,0.022895297
1981-05-07,3.3607798
1981-05-08,5.375653
1981-05-09,12.214391
1981-05-10,6.9957733
1981-05-11,11.099159
1981-05-12,6.6701035
1981-05-13,2.0851212
1981-05-14,0.8536017
1981-05-15,0.7908562
1981-05-16,1.0047947
1981-05-17,2.6662447
1981-05-18,1.4144192
1981-05-19,0.37336737
1981-05-20,0.14618458
1981-05-21,0.07744035
1981-05-22,0.058029857
1981-05-23,0.13673888
1981-05-24,0.52984273
1981-05-25,4.3505287
1981-05-26,5.918854
1981-05-27,3.3209612
1981-05-28,2.300278
1981-05-29,6.7341485
1981-05-30,4.131842
1981-05-31,11.295635
1981-06-01,15.98668
1981-06-02,12.389489
1981-06-03,21.7072
1981-06-04,11.830499
1981-06-05,4.6035132
1981-06-06,4.418932
1981-06-07,12.680004
1981-06-08,14.734509
1981-06-09,25.875658
1981-06-10,16.786167
1981-06-11,10.0222025
1981-06-12,11.053732
1981-06-13,10.721121
1981-06-14,12.93149
1981-06-15,8.4722185
1981-06-16,6.277257
1981-06-17,6.163859
1981-06-18,6.082393
1981-06-19,10.884298
1981-06-20,17.779938
1981-06-21,8.551973
1981-06-22,7.7584677
1981-06-23,7.6062593
1981-06-24,7.037449
1981-06-25,4.7598886
1981-06-26,7.2236915
1981-06-27,5.1445794
1981-06-28,5.5476613
1981-06-29,6.523153
1981-06-30,4.9984193
1981-07-01,11.561763
1981-07-02,9.417952
1981-07-03,5.858043
1981-07-04,5.072449
1981-07-05,6.063038
1981-07-06,15.49322
1981-07-07,15.8855295
1981-07-08,8.250108
1981-07-09,5.9079094
1981-07-10,5.8989935
1981-07-11,11.895321
1981-07-12,8.941862
1981-07-13,6.634004
1981-07-14,5.7872467
1981-07-15,5.939034
1981-07-16,5.8176327
1981-07-17,5.5599546
1981-07-18,9.069816
1981-07-19,7.1672955
1981-07-20,5.706189
1981-07-21,6.9330616
1981-07-22,6.081855
1981-07-23,8.5006485
1981-07-24,6.116367
1981-07-25,4.925075
1981-07-26,4.7926784
1981-07-27,4.7615385
1981-07-28,4.648846
1981-07-29,4.657887
1981-07-30,4.7470403
1981-07-31,4.470717
1981-08-01,4.2820287
1981-08-02,4.180744
1981-08-03,4.1920805
1981-08-04,4.1344366
1981-08-05,4.39076
1981-08-06,4.9970303
1981-08-07,5.5060697
1981-08-08,8.061836
1981-08-09,5.089339
1981-08-10,3.7093496
1981-08-11,3.495087
1981-08-12,3.4884188
1981-08-13,6.942827
1981-08-14,15.76536
1981-08-15,8.873991
1981-08-16,4.692319
1981-08-17,3.546294
1981-08-18,6.1213436
1981-08-19,6.1787086
1981-08-20,5.3172026
1981-08-21,5.3667107
1981-08-22,10.181844
1981-08-23,12.528602
1981-08-24,20.200281
1981-08-25,14.902434
1981-08-26,9.724639
1981-08-27,7.852299
1981-08-28,7.590349
1981-08-29,7.7071557
1981-08-30,7.8804555
1981-08-31,11.191712
1981-09-01,11.591952
1981-09-02,41.928253
1981-09-03,33.995903
1981-09-04,20.569736
1981-09-05,21.656515
1981-09-06,17.866617
1981-09-07,15.747698
1981-09-08,17.325325
1981-09-09,21.421389
1981-09-10,17.043024
1981-09-11,14.214638
1981-09-12,18.313547
1981-09-13,20.059002
1981-09-14,17.41546
1981-09-15,15.712078
1981-09-16,17.509726
1981-09-17,16.990095
1981-09-18,14.1680765
1981-09-19,13.06973
1981-09-20,12.666158
1981-09-21,12.052999
1981-09-22,11.535881
1981-09-23,11.0999565
1981-09-24,10.725793
1981-09-25,11.06842
1981-09-26,17.834257
1981-09-27,14.292114
1981-09-28,11.4395275
1981-09-29,11.034829
1981-09-30,11.031211
1981-10-01,13.500412
1981-10-02,14.215807
1981-10-03,10.836076
1981-10-04,13.292422
1981-10-05,26.259314
1981-10-06,16.57916
1981-10-07,12.886207
1981-10-08,14.894747
1981-10-09,12.971936
1981-10-10,15.671823
1981-10-11,18.0633
1981-10-12,15.540355
1981-10-13,12.880524
1981-10-14,12.490637
1981-10-15,12.313767
1981-10-16,14.817305
1981-10-17,16.292242
1981-10-18,15.373496
1981-10-19,19.101532
1981-10-20,14.795838
1981-10-21,13.483138
1981-10-22,19.277962
1981-10-23,17.740412
1981-10-24,23.972212
1981-10-25,30.285807
1981-10-26,28.6135
1981-10-27,26.12385
1981-10-28,29.420542
1981-10-29,32.96059
1981-10-30,28.79274
1981-10-31,26.935253
1981-11-01,31.633839
1981-11-02,32.36086
1981-11-03,32.374878
1981-11-04,30.33158
1981-11-05,26.837337
1981-11-06,28.995972
1981-11-07,26.107817
1981-11-08,23.60973
1981-11-09,28.71801
1981-11-10,24.561815
1981-11-11,24.016212
1981-11-12,46.962376
1981-11-13,33.147774
1981-11-14,38.451252
1981-11-15,32.262894
1981-11-16,27.125435
1981-11-17,28.504576
1981-11-18,25.514362
1981-11-19,23.843178
1981-11-20,22.846146
1981-11-21,24.03922
1981-11-22,30.046818
1981-11-23,29.434254
1981-11-24,24.434011
1981-11-25,23.570913
1981-11-26,21.63695
1981-11-27,20.089233
1981-11-28,19.156366
1981-11-29,18.19326
1981-11-30,17.514502
1981-12-01,16.535547
1981-12-02,16.523176
1981-12-03,17.796825
1981-12-04,15.452019
1981-12-05,13.541448
1981-12-06,13.151396
1981-12-07,12.413172
1981-12-08,12.074315
1981-12-09,11.171498
1981-12-10,10.856687
1981-12-11,15.619555
1981-12-12,12.279682
1981-12-13,9.694048
1981-12-14,9.1104765
1981-12-15,8.852439
1981-12-16,8.821044
1981-12-17,8.379827
1981-12-18,7.951566
1981-12-19,7.699024
1981-12-20,7.4675956
1981-12-21,7.3318853
1981-12-22,7.0959744
1981-12-23,6.829414
1981-12-24,6.596787
1981-12-25,6.3791957
1981-12-26,6.171889
1981-12-27,6.005232
1981-12-28,5.815769
1981-12-29,5.613383
1981-12-30,5.4605074
1981-12-31,5.3182626
1982-01-01,5.1610737
1982-01-02,4.9888806
1982-01-03,4.9726124
1982-01-04,5.46873
1982-01-05,7.5993295
1982-01-06,12.865115
1982-01-07,7.049924
1982-01-08,4.2827454
1982-01-09,4.0923157
1982-01-10,3.9666064
1982-01-11,3.8546934
1982-01-12,3.756864
1982-01-13,3.6657996
1982-01-14,3.5661893
1982-01-15,3.4709299
1982-01-16,3.3771617
1982-01-17,3.2853413
1982-01-18,3.2004511
1982-01-19,3.111786
1982-01-20,3.0233178
1982-01-21,2.9367104
1982-01-22,2.8533866
1982-01-23,2.7686925
1982-01-24,2.690575
1982-01-25,2.6119142
1982-01-26,2.5463514
1982-01-27,2.470391
1982-01-28,2.3932242
1982-01-29,2.3173816
1982-01-30,2.2445917
1982-01-31,2.175244
1982-02-01,2.1098225
1982-02-02,2.053311
1982-02-03,2.0078459
1982-02-04,1.9446558
1982-02-05,1.8768122
1982-02-06,1.816253
1982-02-07,1.7763987
1982-02-08,1.7100844
1982-02-09,1.6510185
1982-02-10,1.5976862
1982-02-11,1.5584265
1982-02-12,1.5086105
1982-02-13,1.4602525
1982-02-14,1.4189938
1982-02-15,1.3840542
1982-02-16,1.3346252
1982-02-17,1.3175275
1982-02-18,1.2998445
1982-02-19,1.2942863
1982-02-20,1.1457788
1982-02-21,1.0706726
1982-02-22,1.0478269
1982-02-23,1.0138544
1982-02-24,0.9833792
1982-02-25,0.96241754
1982-02-26,0.9318091
1982-02-27,0.874206
1982-02-28,0.74430823
1982-03-01,0.46936992
1982-03-02,0.377481
1982-03-03,0.39258394
1982-03-04,0.3682358
1982-03-05,0.14929579
1982-03-06,0.07620594
1982-03-07,0.031317044
1982-03-08,0.0044890423
1982-03-09,0.000112669775
1982-03-10,0.012065641
1982-03-11,0.004342492
1982-03-12,0.000108991546
1982-03-13,0.05177231
1982-03-14,0.021987198
1982-03-15,0.0016740212
1982-03-16,4.2016003e-05
1982-03-17,1.0545532e-06
1982-03-18,2.6468067e-08
1982-03-19,6.6431793e-10
1982-03-20,1.6673614e-11
1982-03-21,4.1848846e-13
1982-03-22,1.0503577e-14
1982-03-23,2.6362768000000003e-16
1982-03-24,0.031080818
1982-03-25,0.045701772
1982-03-26,0.02692389
1982-03-27,0.00543745
1982-03-28,0.00013647373
1982-03-29,3.425333e-06
1982-03-30,8.5971905e-08
1982-03-31,2.1577955e-09
1982-04-01,5.4158178e-11
1982-04-02,1.3593077e-12
1982-04-03,3.4117057e-14
1982-04-04,8.562987500000001e-16
1982-04-05,2.149211e-17
1982-04-06,0.12671503
1982-04-07,0.07293596
1982-04-08,1.9289718
1982-04-09,0.6907223
1982-04-10,0.18768473
1982-04-11,1.9495037
1982-04-12,0.7257658
1982-04-13,8.428394
1982-04-14,156.83815
1982-04-15,64.44685
1982-04-16,6.2598505
1982-04-17,0.7024267
1982-04-18,0.27521044
1982-04-19,0.1757692
1982-04-20,0.10248686
1982-04-21,0.026152615
1982-04-22,0.00065640046
1982-04-23,1.6474894e-05
1982-04-24,0.045202535
1982-04-25,0.031477816
1982-04-26,0.021303931
1982-04-27,0.005699201
1982-04-28,0.067121156
1982-04-29,0.08084226
1982-04-30,0.20263799
1982-05-01,0.83114845
1982-05-02,2.7220523
1982-05-03,1.692531
1982-05-04,1.5418075
1982-05-05,1.0828784
1982-05-06,0.2938436
1982-05-07,0.35219672
1982-05-08,0.12580043
1982-05-09,0.09524266
1982-05-10,0.33764324
1982-05-11,2.6234486
1982-05-12,1.0595177
1982-05-13,0.18696086
1982-05-14,0.07801709
1982-05-15,0.60727876
1982-05-16,18.735779
1982-05-17,8.15326
1982-05-18,1.2429867
1982-05-19,0.3910266
1982-05-20,1.4901061
1982-05-21,4.9087863
1982-05-22,17.797468
1982-05-23,12.419858
1982-05-24,16.998446
1982-05-25,9.926822
1982-05-26,3.1015227
1982-05-27,4.7057114
1982-05-28,7.6928916
1982-05-29,3.8837802
1982-05-30,11.078063
1982-05-31,6.7719674
1982-06-01,11.038645
1982-06-02,6.367828
1982-06-03,4.202488
1982-06-04,4.2847247
1982-06-05,7.438483
1982-06-06,9.681384
1982-06-07,6.0266166
1982-06-08,5.780522
1982-06-09,4.6340756
1982-06-10,4.210064
1982-06-11,3.834121
1982-06-12,4.523836
1982-06-13,5.8932896
1982-06-14,3.9945114
1982-06-15,9.903496
1982-06-16,5.3834767
1982-06-17,3.5509486
1982-06-18,5.35426
1982-06-19,4.120124
1982-06-20,3.5080307
1982-06-21,3.3181298
1982-06-22,3.8528662
1982-06-23,3.1119773
1982-06-24,3.7025552
1982-06-25,3.0778615
1982-06-26,2.9870868
1982-06-27,2.6648624
1982-06-28,2.345202
1982-06-29,2.328234
1982-06-30,2.2255201
1982-07-01,2.1448953
1982-07-02,2.0873744
1982-07-03,2.0241675
1982-07-04,2.1479678
1982-07-05,2.9345498
1982-07-06,2.3541453
1982-07-07,1.8937215
1982-07-08,1.8537886
1982-07-09,1.7427139
1982-07-10,1.6091862
1982-07-11,1.5757283
1982-07-12,1.5371226
1982-07-13,2.0022204
1982-07-14,1.7053238
1982-07-15,1.3744009
1982-07-16,1.2855405
1982-07-17,1.2332525
1982-07-18,1.2014287
1982-07-19,1.2147962
1982-07-20,1.49866
1982-07-21,1.2053574
1982-07-22,1.4452386
1982-07-23,1.3652653
1982-07-24,1.1145526
1982-07-25,0.9584291
1982-07-26,0.94222087
1982-07-27,1.3864187
1982-07-28,1.1894262
1982-07-29,1.0934225
1982-07-30,1.2238619
1982-07-31,0.9236925
1982-08-01,0.7517841
1982-08-02,0.7141228
1982-08-03,0.70347863
1982-08-04,0.71669286
1982-08-05,0.69399065
1982-08-06,0.7385909
1982-08-07,1.0958759
1982-08-08,10.411659
1982-08-09,5.04749
1982-08-10,1.1346754
1982-08-11,0.6121743
1982-08-12,0.5544242
1982-08-13,0.60598046
1982-08-14,0.6778636
1982-08-15,0.99212533
1982-08-16,0.87534636
1982-08-17,0.60607564
1982-08-18,0.52360535
1982-08-19,0.8005395
1982-08-20,0.63436186
1982-08-21,0.50849164
1982-08-22,0.764751
1982-08-23,0.5514874
1982-08-24,0.47391135
1982-08-25,0.42986184
1982-08-26,0.44157907
1982-08-27,0.4283715
1982-08-28,0.39099
1982-08-29,0.40967384
1982-08-30,0.5780582
1982-08-31,1.4257652
1982-09-01,0.84715545
1982-09-02,0.46647418
1982-09-03,0.37053698
1982-09-04,0.39767355
1982-09-05,1.0060811
1982-09-06,0.56979245
1982-09-07,0.44663695
1982-09-08,0.42236695
1982-09-09,0.3344968
1982-09-10,0.73304605
1982-09-11,1.0604613
1982-09-12,2.4417303
1982-09-13,1.2688867
1982-09-14,0.42664775
1982-09-15,0.4528759
1982-09-16,7.056405
1982-09-17,6.1876345
1982-09-18,7.7609353
1982-09-19,2.8176546
1982-09-20,0.6257904
1982-09-21,1.0323726
1982-09-22,0.58532697
1982-09-23,0.4362594
1982-09-24,1.2474912
1982-09-25,7.7873464
1982-09-26,14.548216
1982-09-27,5.5162277
1982-09-28,0.8349341
1982-09-29,1.0671662
1982-09-30,1.2566081
1982-10-01,1.8273554
1982-10-02,3.875151
1982-10-03,5.9309163
1982-10-04,3.7591035
1982-10-05,1.5154558
1982-10-06,1.4991789
1982-10-07,1.2299521
1982-10-08,5.9623685
1982-10-09,5.2419815
1982-10-10,9.741077
1982-10-11,10.362083
1982-10-12,5.33391
1982-10-13,6.903338
1982-10-14,6.20964
1982-10-15,5.117626
1982-10-16,4.241498
1982-10-17,17.077015
1982-10-18,11.162058
1982-10-19,5.9026823
1982-10-20,7.815201
1982-10-21,11.337131
1982-10-22,14.249387
1982-10-23,15.913858
1982-10-24,18.108084
1982-10-25,14.034871
1982-10-26,36.416805
1982-10-27,27.681147
1982-10-28,19.127077
1982-10-29,13.607159
1982-10-30,10.441305
1982-10-31,8.869339
1982-11-01,7.799305
1982-11-02,7.1828103
1982-11-03,7.2082233
1982-11-04,22.261713
1982-11-05,14.388939
1982-11-06,8.390942
1982-11-07,6.1784654
1982-11-08,5.849232
1982-11-09,5.3720098
1982-11-10,5.073756
1982-11-11,5.2744493
1982-11-12,5.7352853
1982-11-13,7.116902
1982-11-14,5.370688
1982-11-15,4.5161967
1982-11-16,4.3942204
1982-11-17,4.334909
1982-11-18,4.224015
1982-11-19,4.129418
1982-11-20,4.033545
1982-11-21,3.9378617
1982-11-22,3.8583581
1982-11-23,3.7888987
1982-11-24,3.6634789
1982-11-25,3.5353668
1982-11-26,3.4788594
1982-11-27,4.057796
1982-11-28,3.5833933
1982-11-29,3.2542248
1982-11-30,3.12939
1982-12-01,3.0524442
1982-12-02,2.9737709
1982-12-03,2.9050221
1982-12-04,2.835461
1982-12-05,2.7733958
1982-12-06,2.7220962
1982-12-07,2.652217
1982-12-08,2.5806487
1982-12-09,2.5186076
1982-12-10,2.5303552
1982-12-11,2.4432333
1982-12-12,2.357825
1982-12-13,2.3178363
1982-12-14,2.2551374
1982-12-15,2.1952627
1982-12-16,2.1393597
1982-12-17,2.0906339
1982-12-18,2.04589
1982-12-19,1.9985995
1982-12-20,1.9610469
1982-12-21,1.9131012
1982-12-22,1.8931614
1982-12-23,1.827513
1982-12-24,1.7756777
1982-12-25,1.7222368
1982-12-26,1.6737916
1982-12-27,1.6263174
1982-12-28,1.5862986
1982-12-29,1.5430695
1982-12-30,1.502472
1982-12-31,1.4626304
1983-01-01,1.4212772
1983-01-02,1.3832768
1983-01-03,1.350536
1983-01-04,1.2968599
1983-01-05,1.0483655
1983-01-06,0.9116775
1983-01-07,0.8812273
1983-01-08,0.8487717
1983-01-09,0.81698096
1983-01-10,0.7934414
1983-01-11,0.7690925
1983-01-12,0.7495247
1983-01-13,0.72712004
1983-01-14,0.703952
1983-01-15,0.6864182
1983-01-16,0.6607869
1983-01-17,0.6182828
1983-01-18,0.55870354
1983-01-19,0.52944696
1983-01-20,0.4617288
1983-01-21,0.3614011
1983-01-22,0.24725604
1983-01-23,0.058763508
1983-01-24,0.01354738
1983-01-25,0.004382921
1983-01-26,0.000110006265
1983-01-27,0.0032013499
1983-01-28,0.0011515105
1983-01-29,0.0028608951
1983-01-30,0.0010201981
1983-01-31,2.5605796e-05
1983-02-01,6.426759e-07
1983-02-02,1.6130423e-08
1983-02-03,4.04855e-10
1983-02-04,1.0161393e-11
1983-02-05,2.5503926e-13
1983-02-06,6.401191e-15
1983-02-07,1.6066251000000002e-16
1983-02-08,4.032443399999999e-18
1983-02-09,1.0120967999999999e-19
1983-02-10,2.540246e-21
1983-02-11,6.3757247e-23
1983-02-12,1.6002332e-24
1983-02-13,4.0164009999999996e-26
1983-02-14,1.00807025e-27
1983-02-15,2.53014e-29
1983-02-16,6.3503595000000005e-31
1983-02-17,1.5938669000000002e-32
1983-02-18,4.000422e-34
1983-02-19,1.0040597e-35
1983-02-20,2.520074e-37
1983-02-21,6.325096e-39
1983-02-22,1.58753e-40
1983-02-23,3.984e-42
1983-02-24,1e-43
1983-02-25,0.0036881776
1983-02-26,0.0013276854
1983-02-27,3.3323373e-05
1983-02-28,0.083018035
1983-03-01,0.029884895
1983-03-02,0.0007500764
1983-03-03,0.00650635
1983-03-04,0.002335878
1983-03-05,5.8627847e-05
1983-03-06,1.4714913e-06
1983-03-07,3.6932732e-08
1983-03-08,9.2696895e-10
1983-03-09,2.3265851e-11
1983-03-10,0.045804046
1983-03-11,0.01648873
1983-03-12,0.0004138481
1983-03-13,1.038711e-05
1983-03-14,2.6070447e-07
1983-03-15,6.543381e-09
1983-03-16,0.010205022
1983-03-17,0.020834997
1983-03-18,0.17722362
1983-03-19,0.075634666
1983-03-20,0.006565542
1983-03-21,0.00016478752
1983-03-22,4.1359767e-06
1983-03-23,1.0380824e-07
1983-03-24,2.605467e-09
1983-03-25,6.539422e-11
1983-03-26,1.6413194e-12
1983-03-27,4.119522e-14
1983-03-28,0.028131835
1983-03-29,0.0101270145
1983-03-30,0.00025417638
1983-03-31,6.3795337e-06
1983-04-01,1.6011893e-07
1983-04-02,4.0188004e-09
1983-04-03,0.03819891
1983-04-04,0.08737925
1983-04-05,0.026850136
1983-04-06,0.0006739074
1983-04-07,0.023891231
1983-04-08,0.0085948
1983-04-09,0.00021571956
1983-04-10,0.025638893
1983-04-11,0.009227782
1983-04-12,0.00023160667
1983-04-13,5.81306e-06
1983-04-14,1.459011e-07
1983-04-15,3.6619492e-09
1983-04-16,9.19107e-11
1983-04-17,0.01264518
1983-04-18,0.05527483
1983-04-19,0.19577748
1983-04-20,0.06432372
1983-04-21,0.009122527
1983-04-22,0.0027433091
1983-04-23,0.045071486
1983-04-24,0.016201962
1983-04-25,0.038910728
1983-04-26,0.030928886
1983-04-27,0.050219037
1983-04-28,0.080695935
1983-04-29,0.18280974
1983-04-30,0.18315999
1983-05-01,0.046556834
1983-05-02,0.030320322
1983-05-03,0.010523514
1983-05-04,0.11244487
1983-05-05,0.26652953
1983-05-06,2.0177279
1983-05-07,1.0683187
1983-05-08,1.026793
1983-05-09,1.5149932
1983-05-10,0.4675873
1983-05-11,0.021484487
1983-05-12,0.0105500035
1983-05-13,0.013101137
1983-05-14,1.3001676
1983-05-15,0.9032794
1983-05-16,2.699917
1983-05-17,6.4377284
1983-05-18,2.9482403
1983-05-19,3.632346
1983-05-20,5.710912
1983-05-21,1.6831985
1983-05-22,0.0495305
1983-05-23,0.032838743
1983-05-24,0.011405111
1983-05-25,0.00028625512
1983-05-26,0.14285472
1983-05-27,0.0710494
1983-05-28,0.522548
1983-05-29,1.2482716
1983-05-30,2.838072
1983-05-31,0.9069759
1983-06-01,0.056936964
1983-06-02,0.2010866
1983-06-03,1.0681655
1983-06-04,0.7439718
1983-06-05,11.457613
1983-06-06,7.2301774
1983-06-07,1.5044886
1983-06-08,1.138083
1983-06-09,7.0640244
1983-06-10,7.6967363
1983-06-11,2.2649329
1983-06-12,4.30559
1983-06-13,4.579319
1983-06-14,1.4076177
1983-06-15,1.4057894
1983-06-16,2.8310735
1983-06-17,1.2089171
1983-06-18,2.9791553
1983-06-19,1.2356076
1983-06-20,0.26075423
1983-06-21,0.2681637
1983-06-22,0.25620937
1983-06-23,1.0700592
1983-06-24,2.7908878
1983-06-25,1.1217171
1983-06-26,0.34670845
1983-06-27,1.6075897
1983-06-28,1.071386
1983-06-29,0.39782104
1983-06-30,0.29744
1983-07-01,0.81168616
1983-07-02,1.0649376
1983-07-03,1.4664762
1983-07-04,0.6186394
1983-07-05,0.29985467
1983-07-06,0.69033796
1983-07-07,1.0363747
1983-07-08,0.85591555
1983-07-09,0.6435177
1983-07-10,3.0260324
1983-07-11,5.1763406
1983-07-12,9.043305
1983-07-13,3.2321894
1983-07-14,0.7813858
1983-07-15,0.85599834
1983-07-16,0.8806687
1983-07-17,2.2221844
1983-07-18,1.2720898
1983-07-19,0.7523733
1983-07-20,0.7223131
1983-07-21,0.71008056
1983-07-22,0.7876641
1983-07-23,2.5545022
1983-07-24,1.9227346
1983-07-25,1.6542418
1983-07-26,0.9334411
1983-07-27,0.6501236
1983-07-28,0.7103442
1983-07-29,0.7237806
1983-07-30,1.1379282
1983-07-31,0.8159618
1983-08-01,0.7324428
1983-08-02,3.872516
1983-08-03,2.502086
1983-08-04,2.5824003
1983-08-05,1.197944
1983-08-06,2.7495952
1983-08-07,3.426434
1983-08-08,2.6898854
1983-08-09,2.3814013
1983-08-10,1.0692666
1983-08-11,0.77376693
1983-08-12,0.9753937
1983-08-13,0.71824896
1983-08-14,0.6022781
1983-08-15,0.59097403
1983-08-16,1.0122851
1983-08-17,0.7362489
1983-08-18,0.6283213
1983-08-19,0.8566262
1983-08-20,0.7309614
1983-08-21,0.7668651
1983-08-22,0.80057436
1983-08-23,0.6070938
1983-08-24,0.679343
1983-08-25,0.7560615
1983-08-26,0.7292501
1983-08-27,1.4894617
1983-08-28,1.1738322
1983-08-29,1.7754897
1983-08-30,7.621321
1983-08-31,5.6835904
1983-09-01,1.8545502
1983-09-02,0.8705409
1983-09-03,1.9007277
1983-09-04,1.5879788
1983-09-05,1.1096848
1983-09-06,1.2974302
1983-09-07,2.5289273
1983-09-08,3.352557
1983-09-09,6.1821146
1983-09-10,3.3159664
1983-09-11,4.0387664
1983-09-12,3.0229313
1983-09-13,2.9839382
1983-09-14,1.9181683
1983-09-15,2.2133029
1983-09-16,1.9369202
1983-09-17,4.2126555
1983-09-18,2.9271653
1983-09-19,2.314162
1983-09-20,3.7789578
1983-09-21,13.725158
1983-09-22,9.1220875
1983-09-23,4.0522947
1983-09-24,5.311305
1983-09-25,3.641408
1983-09-26,3.246414
1983-09-27,2.8775125
1983-09-28,3.0311286
1983-09-29,2.8521037
1983-09-30,3.8397467
1983-10-01,2.80884
1983-10-02,2.3847015
1983-10-03,2.2601292
1983-10-04,3.5672407
1983-10-05,4.1728625
1983-10-06,2.4814615
1983-10-07,1.8318622
1983-10-08,2.2262063
1983-10-09,7.931316
1983-10-10,10.979383
1983-10-11,16.758587
1983-10-12,7.2211175
1983-10-13,6.5712667
1983-10-14,6.10538
1983-10-15,13.92658
1983-10-16,18.52678
1983-10-17,21.195337
1983-10-18,16.662743
1983-10-19,11.794944
1983-10-20,9.68289
1983-10-21,15.272607
1983-10-22,12.536762
1983-10-23,8.388111
1983-10-24,7.4769297
1983-10-25,5.6392736
1983-10-26,8.837323
1983-10-27,13.712307
1983-10-28,7.492055
1983-10-29,6.586503
1983-10-30,6.038789
1983-10-31,11.536952
1983-11-01,10.4942
1983-11-02,9.471197
1983-11-03,11.650453
1983-11-04,12.230224
1983-11-05,8.888743
1983-11-06,6.7343054
1983-11-07,5.9514093
1983-11-08,5.8804073
1983-11-09,5.3619647
1983-11-10,5.041146
1983-11-11,5.4190574
1983-11-12,13.636319
1983-11-13,8.232042
1983-11-14,4.6469584
1983-11-15,4.5291877
1983-11-16,5.4310927
1983-11-17,4.7224684
1983-11-18,4.1903825
1983-11-19,3.953687
1983-11-20,3.8098123
1983-11-21,3.7399788
1983-11-22,3.7630048
1983-11-23,3.7428572
1983-11-24,3.5627432
1983-11-25,3.40719
1983-11-26,3.269118
1983-11-27,3.181165
1983-11-28,3.6061413
1983-11-29,3.8242953
1983-11-30,3.325333
1983-12-01,3.1351418
1983-12-02,2.8730104
1983-12-03,2.5960305
1983-12-04,2.531057
1983-12-05,4.834327
1983-12-06,3.7086725
1983-12-07,2.6267543
1983-12-08,2.3734994
1983-12-09,2.2392428
1983-12-10,2.2684083
1983-12-11,3.050796
1983-12-12,2.5969534
1983-12-13,2.3203156
1983-12-14,2.6310408
1983-12-15,2.1742606
1983-12-16,1.9998201
1983-12-17,2.553671
1983-12-18,2.3646796
1983-12-19,2.2783341
1983-12-20,2.017434
1983-12-21,2.051759
1983-12-22,1.8191856
1983-12-23,1.7008426
1983-12-24,1.6291871
1983-12-25,1.5908921
1983-12-26,1.5786128
1983-12-27,1.5480176
1983-12-28,1.5312274
1983-12-29,1.5296203
1983-12-30,1.4803776
1983-12-31,1.5034028
1984-01-01,1.5248276
1984-01-02,1.4919914
1984-01-03,1.4593036
1984-01-04,1.4060177
1984-01-05,1.344465
1984-01-06,1.3044084
1984-01-07,1.2752765
1984-01-08,1.2521011
1984-01-09,1.2528965
1984-01-10,1.2347143
1984-01-11,1.2597079
1984-01-12,1.1954769
1984-01-13,1.1726955
1984-01-14,1.1252083
1984-01-15,1.0927279
1984-01-16,1.0851364
1984-01-17,1.0910035
1984-01-18,1.0430639
1984-01-19,1.0098655
1984-01-20,0.985056
1984-01-21,1.0214337
1984-01-22,0.98630047
1984-01-23,0.94054544
1984-01-24,0.91290456
1984-01-25,0.8894271
1984-01-26,0.87036276
1984-01-27,0.8473532
1984-01-28,0.8287714
1984-01-29,0.8125229
1984-01-30,0.7939389
1984-01-31,0.78672945
1984-02-01,0.7588788
1984-02-02,0.74874234
1984-02-03,0.7266992
1984-02-04,0.71631473
1984-02-05,0.6916901
1984-02-06,0.56298023
1984-02-07,0.35399628
1984-02-08,0.49760798
1984-02-09,0.34175402
1984-02-10,0.2558169
1984-02-11,0.24689263
1984-02-12,0.24058528
1984-02-13,0.2315429
1984-02-14,0.22568764
1984-02-15,0.24965587
1984-02-16,0.19676287
1984-02-17,0.13913086
1984-02-18,0.1100401
1984-02-19,0.104625836
1984-02-20,0.11784845
1984-02-21,0.1029793
1984-02-22,0.15126185
1984-02-23,0.11501296
1984-02-24,0.09898959
1984-02-25,0.095032185
1984-02-26,1.1030575
1984-02-27,0.42150384
1984-02-28,0.033372745
1984-02-29,0.059711464
1984-03-01,0.025754128
1984-03-02,0.0026093519
1984-03-03,6.549172e-05
1984-03-04,1.6437665e-06
1984-03-05,4.1256644e-08
1984-03-06,1.0354941e-09
1984-03-07,0.0475043
1984-03-08,0.072023705
1984-03-09,0.020200588
1984-03-10,0.0005070114
1984-03-11,1.2725402e-05
1984-03-12,3.1939288e-07
1984-03-13,8.016393e-09
1984-03-14,2.0120221e-10
1984-03-15,5.0499435e-12
1984-03-16,1.2674775e-13
1984-03-17,3.1812222e-15
1984-03-18,7.9845005e-17
1984-03-19,2.0040175e-18
1984-03-20,5.0298527e-20
1984-03-21,1.2624349e-21
1984-03-22,3.1685662e-23
1984-03-23,0.036334034
1984-03-24,0.023222163
1984-03-25,0.03272914
1984-03-26,0.010449322
1984-03-27,0.00026226594
1984-03-28,6.582572e-06
1984-03-29,0.003274911
1984-03-30,0.024020523
1984-03-31,0.008252224
1984-04-01,0.010613051
1984-04-02,0.003751168
1984-04-03,9.414999e-05
1984-04-04,2.3630562e-06
1984-04-05,5.930998e-08
1984-04-06,0.0048736646
1984-04-07,0.024871413
1984-04-08,0.020220634
1984-04-09,0.03518919
1984-04-10,0.05164788
1984-04-11,0.039352424
1984-04-12,0.024690734
1984-04-13,0.043877136
1984-04-14,0.016747285
1984-04-15,0.0013907861
1984-04-16,0.19650085
1984-04-17,0.42247283
1984-04-18,0.16582546
1984-04-19,0.016695736
1984-04-20,0.0004190437
1984-04-21,1.0517513e-05
1984-04-22,0.0072448985
1984-04-23,0.027549932
1984-04-24,0.31145385
1984-04-25,1.0349944
1984-04-26,0.33604905
1984-04-27,0.036879145
1984-04-28,0.610084
1984-04-29,3.1343691
1984-04-30,1.0660242
1984-05-01,0.03013049
1984-05-02,0.5693435
1984-05-03,0.20470138
1984-05-04,0.09898857
1984-05-05,0.037075046
1984-05-06,0.0019892121
1984-05-07,4.992693e-05
1984-05-08,0.02787572
1984-05-09,0.010034397
1984-05-10,0.11986981
1984-05-11,0.102231905
1984-05-12,0.8147417
1984-05-13,1.1791134
1984-05-14,1.9031503
1984-05-15,3.0356405
1984-05-16,1.658894
1984-05-17,1.398156
1984-05-18,0.5787575
1984-05-19,0.07295385
1984-05-20,0.042498
1984-05-21,0.0818663
1984-05-22,0.028240819
1984-05-23,0.029622337
1984-05-24,1.0557588
1984-05-25,3.8918917
1984-05-26,3.570218
1984-05-27,4.027642
1984-05-28,2.4074647
1984-05-29,7.886625
1984-05-30,2.7992368
1984-05-31,0.12151392
1984-06-01,0.66502875
1984-06-02,1.1103786
1984-06-03,15.92569
1984-06-04,5.8616166
1984-06-05,1.2619338
1984-06-06,9.881174
1984-06-07,5.896247
1984-06-08,6.1886845
1984-06-09,14.590714
1984-06-10,5.0403166
1984-06-11,0.6412352
1984-06-12,2.270725
1984-06-13,1.5070745
1984-06-14,0.56127447
1984-06-15,0.91674924
1984-06-16,0.6550937
1984-06-17,4.2724357
1984-06-18,1.8778235
1984-06-19,8.618239
1984-06-20,5.311621
1984-06-21,1.2077281
1984-06-22,0.5650815
1984-06-23,2.963953
1984-06-24,6.6490636
1984-06-25,2.5095124
1984-06-26,1.0304544
1984-06-27,2.885358
1984-06-28,10.02424
1984-06-29,4.93131
1984-06-30,3.6370497
1984-07-01,3.0709956
1984-07-02,3.9016607
1984-07-03,3.0737996
1984-07-04,2.6920047
1984-07-05,4.1561193
1984-07-06,11.554843
1984-07-07,5.7409735
1984-07-08,4.6222095
1984-07-09,3.3200183
1984-07-10,2.9767497
1984-07-11,2.882605
1984-07-12,2.5665133
1984-07-13,2.4847867
1984-07-14,2.8306248
1984-07-15,2.5841827
1984-07-16,4.860477
1984-07-17,4.1466393
1984-07-18,3.1980379
1984-07-19,2.639395
1984-07-20,2.258864
1984-07-21,4.9180884
1984-07-22,6.5648446
1984-07-23,7.7578487
1984-07-24,7.71506
1984-07-25,3.4735367
1984-07-26,1.9098885
1984-07-27,2.822529
1984-07-28,2.1968818
1984-07-29,4.4393826
1984-07-30,2.8606694
1984-07-31,3.3501344
1984-08-01,6.9442253
1984-08-02,7.751039
1984-08-03,6.9277925
1984-08-04,5.933912
1984-08-05,5.766904
1984-08-06,3.7381299
1984-08-07,3.0726597
1984-08-08,3.0333872
1984-08-09,4.424676
1984-08-10,3.9991307
1984-08-11,3.1620522
1984-08-12,5.1702013
1984-08-13,4.003892
1984-08-14,2.806486
1984-08-15,3.2980523
1984-08-16,4.8937664
1984-08-17,3.9103222
1984-08-18,5.143705
1984-08-19,8.950037
1984-08-20,6.1909213
1984-08-21,4.140886
1984-08-22,4.7434344
1984-08-23,4.9722285
1984-08-24,6.7718997
1984-08-25,10.631428
1984-08-26,6.09871
1984-08-27,4.1200514
1984-08-28,3.938816
1984-08-29,6.3907313
1984-08-30,5.964069
1984-08-31,5.6346064
1984-09-01,11.413446
1984-09-02,8.573914
1984-09-03,7.9784737
1984-09-04,6.165312
1984-09-05,4.9845204
1984-09-06,4.9462776
1984-09-07,5.090046
1984-09-08,5.2489433
1984-09-09,5.1210155
1984-09-10,10.068102
1984-09-11,11.971218
1984-09-12,15.132069
1984-09-13,10.1637535
1984-09-14,10.728644
1984-09-15,17.258015
1984-09-16,16.712074
1984-09-17,14.810457
1984-09-18,13.925801
1984-09-19,14.082338
1984-09-20,20.728643
1984-09-21,18.229748
1984-09-22,20.726992
1984-09-23,16.3943
1984-09-24,16.899153
1984-09-25,25.922668
1984-09-26,20.252419
1984-09-27,14.517126
1984-09-28,13.3313
1984-09-29,13.127875
1984-09-30,13.177414
1984-10-01,13.837816
1984-10-02,16.012606
1984-10-03,13.215061
1984-10-04,15.952207
1984-10-05,14.675395
1984-10-06,14.760372
1984-10-07,13.448801
1984-10-08,21.19264
1984-10-09,22.643635
1984-10-10,18.486307
1984-10-11,15.471003
1984-10-12,14.681468
1984-10-13,20.052849
1984-10-14,16.540358
1984-10-15,18.234955
1984-10-16,19.519999
1984-10-17,21.977726
1984-10-18,21.02765
1984-10-19,21.169947
1984-10-20,22.671047
1984-10-21,19.26014
1984-10-22,29.456945
1984-10-23,26.908072
1984-10-24,23.372826
1984-10-25,38.010662
1984-10-26,33.19838
1984-10-27,34.971188
1984-10-28,40.063206
1984-10-29,55.49844
1984-10-30,46.976833
1984-10-31,40.110447
1984-11-01,46.72473
1984-11-02,40.530136
1984-11-03,47.383324
1984-11-04,42.358524
1984-11-05,48.65881
1984-11-06,37.368675
1984-11-07,31.000525
1984-11-08,28.36867
1984-11-09,32.383923
1984-11-10,26.637115
1984-11-11,24.742016
1984-11-12,23.948347
1984-11-13,21.541883
1984-11-14,23.12693
1984-11-15,25.49828
1984-11-16,19.527613
1984-11-17,17.42574
1984-11-18,16.798967
1984-11-19,15.451468
1984-11-20,14.789152
1984-11-21,14.130535
1984-11-22,14.5357485
1984-11-23,13.655691
1984-11-24,15.033803
1984-11-25,14.934361
1984-11-26,12.536537
1984-11-27,11.446873
1984-11-28,10.948006
1984-11-29,10.543546
1984-11-30,10.113137
1984-12-01,10.32474
1984-12-02,9.592755
1984-12-03,9.035202
1984-12-04,8.717132
1984-12-05,8.427933
1984-12-06,8.155565
1984-12-07,7.888286
1984-12-08,7.6166883
1984-12-09,7.356287
1984-12-10,7.1006126
1984-12-11,6.852818
1984-12-12,6.6134324
1984-12-13,6.3878865
1984-12-14,6.1633387
1984-12-15,5.937224
1984-12-16,5.7177
1984-12-17,5.514395
1984-12-18,5.313891
1984-12-19,5.119974
1984-12-20,4.9371543
1984-12-21,4.755752
1984-12-22,4.5819683
1984-12-23,4.4139867
1984-12-24,4.2562776
1984-12-25,4.1188626
1984-12-26,3.962792
1984-12-27,3.8160036
1984-12-28,3.6760905
1984-12-29,3.5401216
1984-12-30,3.4107478
1984-12-31,3.2879536
1985-01-01,3.1675112
1985-01-02,3.0544927
1985-01-03,2.9444191
1985-01-04,2.8378367
1985-01-05,2.7395108
1985-01-06,2.6479266
1985-01-07,2.5611012
1985-01-08,2.4716501
1985-01-09,2.3891983
1985-01-10,2.3102546
1985-01-11,2.2294433
1985-01-12,2.1542053
1985-01-13,2.084811
1985-01-14,2.0154197
1985-01-15,1.9478753
1985-01-16,1.8816161
1985-01-17,1.8182335
1985-01-18,1.7590071
1985-01-19,1.704127
1985-01-20,1.6537135
1985-01-21,1.5983435
1985-01-22,1.5479496
1985-01-23,1.4985157
1985-01-24,1.4521543
1985-01-25,1.4067886
1985-01-26,1.3644487
1985-01-27,1.3242155
1985-01-28,1.2826607
1985-01-29,1.2432364
1985-01-30,1.2023977
1985-01-31,1.1386575
1985-02-01,1.057378
1985-02-02,1.0129371
1985-02-03,0.9113743
1985-02-04,0.654643
1985-02-05,0.51405454
1985-02-06,0.4845719
1985-02-07,0.47002542
1985-02-08,0.45536584
1985-02-09,0.44882506
1985-02-10,0.5206161
1985-02-11,0.487418
1985-02-12,0.46855512
1985-02-13,0.47662193
1985-02-14,0.27411833
1985-02-15,0.05539482
1985-02-16,0.0013903461
1985-02-17,3.4896082e-05
1985-02-18,8.7585136e-07
1985-02-19,2.1982858e-08
1985-02-20,5.517444e-10
1985-02-21,1.38481475e-11
1985-02-22,3.4757253e-13
1985-02-23,8.723669e-15
1985-02-24,2.1895402000000003e-16
1985-02-25,5.4954935e-18
1985-02-26,1.3793054e-19
1985-02-27,3.4618975e-21
1985-02-28,8.688963e-23
1985-03-01,2.1808294e-24
1985-03-02,5.4736303e-26
1985-03-03,0.0029637143
1985-03-04,0.0010668901
1985-03-05,2.677771e-05
1985-03-06,6.7208964e-07
1985-03-07,1.6868674e-08
1985-03-08,4.2338424e-10
1985-03-09,1.0626456e-11
1985-03-10,2.6671178e-13
1985-03-11,6.6941577e-15
1985-03-12,0.004478501
1985-03-13,0.013172385
1985-03-14,0.022798788
1985-03-15,0.0068000304
1985-03-16,0.00017067291
1985-03-17,4.283693e-06
1985-03-18,0.012647472
1985-03-19,0.0045528533
1985-03-20,0.000114271366
1985-03-21,2.8680793e-06
1985-03-22,7.198548e-08
1985-03-23,1.8067525e-09
1985-03-24,4.5347403e-11
1985-03-25,1.1381675e-12
1985-03-26,2.856669e-14
1985-03-27,7.169909400000001e-16
1985-03-28,1.7995645e-17
1985-03-29,4.5166993e-19
1985-03-30,1.1336394e-20
1985-03-31,0.0059274286
1985-04-01,0.14572409
1985-04-02,0.78347856
1985-04-03,1.3802418
1985-04-04,0.4082171
1985-04-05,0.010245778
1985-04-06,0.0002571572
1985-04-07,6.454349e-06
1985-04-08,0.0028321554
1985-04-09,0.019113697
1985-04-10,0.009700515
1985-04-11,0.09185114
1985-04-12,0.06525569
1985-04-13,0.041611902
1985-04-14,0.04783753
1985-04-15,0.038376775
1985-04-16,0.038290072
1985-04-17,0.0106840795
1985-04-18,0.00026815807
1985-04-19,6.7304577e-06
1985-04-20,1.6892672e-07
1985-04-21,0.016586373
1985-04-22,0.06474308
1985-04-23,0.060336083
1985-04-24,0.014584653
1985-04-25,0.00036605794
1985-04-26,9.187632e-06
1985-04-27,2.3059896e-07
1985-04-28,5.7877676e-09
1985-04-29,0.013567225
1985-04-30,0.0096259285
1985-05-01,0.0018296066
1985-05-02,4.5921013e-05
1985-05-03,1.1525644e-06
1985-05-04,2.8928037e-08
1985-05-05,0.43975356
1985-05-06,0.36363587
1985-05-07,0.12951723
1985-05-08,0.2725525
1985-05-09,0.13831577
1985-05-10,0.47497496
1985-05-11,0.511106
1985-05-12,3.0753396
1985-05-13,5.4669676
1985-05-14,2.8863046
1985-05-15,0.7771068
1985-05-16,0.11254526
1985-05-17,0.07504611
1985-05-18,0.15277685
1985-05-19,0.68795633
1985-05-20,0.23794717
1985-05-21,0.00791049
1985-05-22,0.083986625
1985-05-23,0.07770804
1985-05-24,0.2990795
1985-05-25,0.3677387
1985-05-26,0.48052958
1985-05-27,0.37323335
1985-05-28,0.33201694
1985-05-29,0.2729494
1985-05-30,0.53774875
1985-05-31,0.7679036
1985-06-01,0.48230702
1985-06-02,2.6727962
1985-06-03,19.171675
1985-06-04,10.767936
1985-06-05,5.147984
1985-06-06,2.975794
1985-06-07,2.6913002
1985-06-08,1.2449611
1985-06-09,0.5163836
1985-06-10,5.410298
1985-06-11,3.8767643
1985-06-12,0.79501307
1985-06-13,0.44990745
1985-06-14,0.28774747
1985-06-15,0.053017434
1985-06-16,0.059880495
1985-06-17,0.14244187
1985-06-18,0.07335905
1985-06-19,0.12410163
1985-06-20,0.0407887
1985-06-21,0.0010237492
1985-06-22,0.032841407
1985-06-23,0.029697275
1985-06-24,0.31667688
1985-06-25,0.11174344
1985-06-26,0.03684501
1985-06-27,0.016132234
1985-06-28,0.043811906
1985-06-29,0.039698064
1985-06-30,5.2077413
1985-07-01,1.9421949
1985-07-02,0.075541265
1985-07-03,0.0029546698
1985-07-04,0.2656511
1985-07-05,0.17975712
1985-07-06,0.104827106
1985-07-07,0.02678773
1985-07-08,0.031460274
1985-07-09,0.059739307
1985-07-10,0.9316588
1985-07-11,0.74764097
1985-07-12,0.48663855
1985-07-13,0.5932684
1985-07-14,0.42021915
1985-07-15,0.752123
1985-07-16,1.0721773
1985-07-17,0.752355
1985-07-18,2.1790454
1985-07-19,1.049864
1985-07-20,0.44387418
1985-07-21,0.9868511
1985-07-22,0.37414032
1985-07-23,0.99530035
1985-07-24,1.316972
1985-07-25,4.0252185
1985-07-26,8.148641
1985-07-27,6.2391295
1985-07-28,1.9632242
1985-07-29,0.40865096
1985-07-30,1.2037721
1985-07-31,0.645255
1985-08-01,0.9252352
1985-08-02,1.1897444
1985-08-03,0.8975212
1985-08-04,0.5506664
1985-08-05,0.93402785
1985-08-06,2.7011013
1985-08-07,2.1636674
1985-08-08,2.868907
1985-08-09,10.802558
1985-08-10,15.036257
1985-08-11,6.007566
1985-08-12,1.5918931
1985-08-13,1.1326057
1985-08-14,1.216978
1985-08-15,1.6177381
1985-08-16,6.312598
1985-08-17,5.1366796
1985-08-18,7.5087214
1985-08-19,6.6084113
1985-08-20,17.169785
1985-08-21,12.40219
1985-08-22,7.240929
1985-08-23,4.1792727
1985-08-24,4.6306977
1985-08-25,8.509507
1985-08-26,9.90527
1985-08-27,20.699173
1985-08-28,9.77598
1985-08-29,4.5532036
1985-08-30,5.098621
1985-08-31,8.2524
1985-09-01,5.423685
1985-09-02,3.9304628
1985-09-03,3.8457708
1985-09-04,4.1802664
1985-09-05,4.385547
1985-09-06,4.9643836
1985-09-07,9.314148
1985-09-08,20.170937
1985-09-09,15.603901
1985-09-10,9.710312
1985-09-11,14.420655
1985-09-12,9.774313
1985-09-13,6.8896837
1985-09-14,8.379436
1985-09-15,11.9332285
1985-09-16,10.445463
1985-09-17,12.104636
1985-09-18,8.537083
1985-09-19,7.5587835
1985-09-20,10.065087
1985-09-21,9.762447
1985-09-22,10.749996
1985-09-23,7.4513974
1985-09-24,6.0723286
1985-09-25,5.78603
1985-09-26,5.6129875
1985-09-27,23.576347
1985-09-28,20.37944
1985-09-29,17.73955
1985-09-30,12.897536
1985-10-01,11.189801
1985-10-02,11.731258
1985-10-03,16.478397
1985-10-04,12.589962
1985-10-05,8.46757
1985-10-06,9.393368
1985-10-07,12.551755
1985-10-08,9.961687
1985-10-09,7.335015
1985-10-10,13.797636
1985-10-11,10.401467
1985-10-12,7.4974256
1985-10-13,7.0404067
1985-10-14,7.0157423
1985-10-15,7.3195276
1985-10-16,7.0762777
1985-10-17,12.712347
1985-10-18,11.370873
1985-10-19,7.648209
1985-10-20,11.9915285
1985-10-21,14.8907
1985-10-22,13.081048
1985-10-23,14.377894
1985-10-24,11.5942955
1985-10-25,12.704273
1985-10-26,18.355688
1985-10-27,20.718557
1985-10-28,27.66615
1985-10-29,31.42845
1985-10-30,48.9758
1985-10-31,53.00299
1985-11-01,41.269493
1985-11-02,39.66523
1985-11-03,31.401306
1985-11-04,26.04233
1985-11-05,23.383326
1985-11-06,21.81886
1985-11-07,20.27309
1985-11-08,19.672514
1985-11-09,16.999409
1985-11-10,15.162362
1985-11-11,14.17911
1985-11-12,13.319924
1985-11-13,12.950633
1985-11-14,12.057906
1985-11-15,11.472175
1985-11-16,11.2403555
1985-11-17,10.587331
1985-11-18,10.112441
1985-11-19,10.272825
1985-11-20,9.999051
1985-11-21,10.230499
1985-11-22,9.426143
1985-11-23,8.641406
1985-11-24,12.2424135
1985-11-25,10.298054
1985-11-26,7.9683714
1985-11-27,8.123438
1985-11-28,8.538962
1985-11-29,7.75928
1985-11-30,7.031181
1985-12-01,6.9731674
1985-12-02,7.6902432
1985-12-03,7.6682706
1985-12-04,13.193239
1985-12-05,22.369053
1985-12-06,51.823727
1985-12-07,33.25422
1985-12-08,33.982716
1985-12-09,26.029186
1985-12-10,20.830006
1985-12-11,19.99701
1985-12-12,19.410805
1985-12-13,18.694254
1985-12-14,17.867727
1985-12-15,16.97385
1985-12-16,16.075054
1985-12-17,15.191741
1985-12-18,14.34271
1985-12-19,13.538727
1985-12-20,12.779342
1985-12-21,12.068604
1985-12-22,11.416811
1985-12-23,10.8032675
1985-12-24,10.230549
1985-12-25,9.695464
1985-12-26,9.195343
1985-12-27,8.730161
1985-12-28,8.293037
1985-12-29,7.887115
1985-12-30,7.5078716
1985-12-31,7.1445127
1986-01-01,6.8017664
1986-01-02,6.4780064
1986-01-03,6.170234
1986-01-04,5.884136
1986-01-05,5.6148605
1986-01-06,5.3602233
1986-01-07,5.127758
1986-01-08,4.9033484
1986-01-09,4.6894197
1986-01-10,4.486158
1986-01-11,4.2943196
1986-01-12,4.1129227
1986-01-13,3.9419909
1986-01-14,3.7830553
1986-01-15,3.6360543
1986-01-16,3.491651
1986-01-17,3.3504882
1986-01-18,3.2166636
1986-01-19,3.0860214
1986-01-20,2.963653
1986-01-21,2.8477933
1986-01-22,2.7363958
1986-01-23,2.6401885
1986-01-24,2.5401084
1986-01-25,2.45574
1986-01-26,2.3626513
1986-01-27,2.2734706
1986-01-28,2.1964366
1986-01-29,2.1369936
1986-01-30,2.0598876
1986-01-31,1.9877856
1986-02-01,1.9171584
1986-02-02,1.8514864
1986-02-03,1.7906168
1986-02-04,1.7319158
1986-02-05,1.6746099
1986-02-06,1.6200472
1986-02-07,1.5615686
1986-02-08,1.5073495
1986-02-09,1.4627854
1986-02-10,1.4134032
1986-02-11,1.3776623
1986-02-12,1.3291013
1986-02-13,1.2847452
1986-02-14,1.2297862
1986-02-15,1.1374741
1986-02-16,1.0877937
1986-02-17,1.0604484
1986-02-18,1.0231081
1986-02-19,1.0744855
1986-02-20,1.0110548
1986-02-21,0.9044967
1986-02-22,0.8200018
1986-02-23,0.6201699
1986-02-24,0.49076718
1986-02-25,0.49023393
1986-02-26,0.49429068
1986-02-27,0.44761142
1986-02-28,0.34885123
1986-03-01,0.08653341
1986-03-02,0.016543893
1986-03-03,0.01960021
1986-03-04,0.01766484
1986-03-05,0.004582524
1986-03-06,0.00011501607
1986-03-07,2.8867705e-06
1986-03-08,0.011057652
1986-03-09,0.0039805546
1986-03-10,9.990733e-05
1986-03-11,2.5075587e-06
1986-03-12,6.293683e-08
1986-03-13,0.010128866
1986-03-14,0.08054666
1986-03-15,0.027774451
1986-03-16,0.011754685
1986-03-17,0.0039980495
1986-03-18,0.00010034643
1986-03-19,2.5185795e-06
1986-03-20,6.321344e-08
1986-03-21,0.027945528
1986-03-22,0.010059946
1986-03-23,0.00025249305
1986-03-24,6.3372836e-06
1986-03-25,1.5905852e-07
1986-03-26,3.992185e-09
1986-03-27,1.0019924e-10
1986-03-28,2.5148852e-12
1986-03-29,6.312072e-14
1986-03-30,1.5842571e-15
1986-03-31,0.017088985
1986-04-01,0.076967135
1986-04-02,0.26105917
1986-04-03,0.10751748
1986-04-04,0.013533999
1986-04-05,0.05568261
1986-04-06,0.061368905
1986-04-07,0.031629574
1986-04-08,1.0237131
1986-04-09,0.5073189
1986-04-10,0.17731772
1986-04-11,0.082072265
1986-04-12,0.118672304
1986-04-13,0.03773471
1986-04-14,0.08592411
1986-04-15,0.0940982
1986-04-16,0.21558619
1986-04-17,0.07839063
1986-04-18,0.96724415
1986-04-19,1.2156426
1986-04-20,2.038243
1986-04-21,12.449767
1986-04-22,4.7717505
1986-04-23,2.5000684
1986-04-24,3.4068193
1986-04-25,1.0521458
1986-04-26,0.11141274
1986-04-27,0.43913013
1986-04-28,0.7221636
1986-04-29,0.239439
1986-04-30,0.032366935
1986-05-01,0.12152762
1986-05-02,0.04165043
1986-05-03,0.22560814
1986-05-04,0.28156886
1986-05-05,1.3419305
1986-05-06,1.2436193
1986-05-07,0.32087642
1986-05-08,0.04769263
1986-05-09,0.011484241
1986-05-10,0.052801404
1986-05-11,0.040100794
1986-05-12,0.043216474
1986-05-13,0.0455023
1986-05-14,0.014976758
1986-05-15,0.001346348
1986-05-16,0.003063366
1986-05-17,0.0010914468
1986-05-18,0.04751608
1986-05-19,0.04224755
1986-05-20,0.03934918
1986-05-21,0.03904576
1986-05-22,0.20140865
1986-05-23,1.1987014
1986-05-24,2.4636025
1986-05-25,2.26439
1986-05-26,4.5056553
1986-05-27,6.436013
1986-05-28,3.807146
1986-05-29,5.0821047
1986-05-30,4.6129775
1986-05-31,1.3422698
1986-06-01,0.36921546
1986-06-02,4.1870003
1986-06-03,6.2056217
1986-06-04,6.9619203
1986-06-05,2.1720805
1986-06-06,1.4277579
1986-06-07,1.0444794
1986-06-08,5.6168795
1986-06-09,2.1221595
1986-06-10,0.59105295
1986-06-11,0.23747465
1986-06-12,0.8404214
1986-06-13,0.3672853
1986-06-14,0.10720123
1986-06-15,0.12523983
1986-06-16,0.12350129
1986-06-17,0.16359845
1986-06-18,0.17247182
1986-06-19,0.22579016
1986-06-20,0.14266926
1986-06-21,0.107408054
1986-06-22,0.13963774
1986-06-23,0.45929503
1986-06-24,2.3365517
1986-06-25,7.7712684
1986-06-26,2.6117063
1986-06-27,0.18520963
1986-06-28,0.119521946
1986-06-29,6.161783
1986-06-30,10.258261
1986-07-01,7.689131
1986-07-02,1.9746959
1986-07-03,0.33971772
1986-07-04,0.6182368
1986-07-05,1.8864355
1986-07-06,0.8822621
1986-07-07,0.3716857
1986-07-08,0.48609346
1986-07-09,0.40222803
1986-07-10,0.37110534
1986-07-11,0.38338724
1986-07-12,0.5967882
1986-07-13,0.4339123
1986-07-14,0.34699678
1986-07-15,0.34160563
1986-07-16,0.35573658
1986-07-17,0.5076891
1986-07-18,1.3914963
1986-07-19,1.1528535
1986-07-20,0.49816948
1986-07-21,0.5156153
1986-07-22,0.5918346
1986-07-23,0.44553903
1986-07-24,0.34758654
1986-07-25,0.3189371
1986-07-26,0.31364557
1986-07-27,0.32836524
1986-07-28,0.33003736
1986-07-29,0.3070254
1986-07-30,0.38522673
1986-07-31,0.37478766
1986-08-01,0.30025914
1986-08-02,0.27405816
1986-08-03,0.29692477
1986-08-04,0.31484354
1986-08-05,0.33144072
1986-08-06,0.31689677
1986-08-07,0.991074
1986-08-08,0.69491065
1986-08-09,0.3504213
1986-08-10,0.25548062
1986-08-11,0.2391727
1986-08-12,0.9397578
1986-08-13,2.228379
1986-08-14,1.2813756
1986-08-15,0.6704509
1986-08-16,0.35481784
1986-08-17,0.29427132
1986-08-18,1.5396233
1986-08-19,2.256045
1986-08-20,0.80999994
1986-08-21,2.4264073
1986-08-22,6.5665483
1986-08-23,2.345408
1986-08-24,0.6217119
1986-08-25,0.3755888
1986-08-26,2.8927197
1986-08-27,1.3619885
1986-08-28,0.34348232
1986-08-29,0.3573411
1986-08-30,5.9570665
1986-08-31,6.274962
1986-09-01,3.211815
1986-09-02,11.539307
1986-09-03,10.183934
1986-09-04,3.943593
1986-09-05,1.3828654
1986-09-06,1.0653633
1986-09-07,1.0681409
1986-09-08,1.0930852
1986-09-09,1.5116884
1986-09-10,1.1595008
1986-09-11,2.6771176
1986-09-12,2.2289984
1986-09-13,4.4286036
1986-09-14,3.5123467
1986-09-15,1.4511706
1986-09-16,0.9183937
1986-09-17,0.95976347
1986-09-18,1.1524806
1986-09-19,0.97449213
1986-09-20,0.9747699
1986-09-21,2.1900094
1986-09-22,2.434895
1986-09-23,3.0477157
1986-09-24,4.0719385
1986-09-25,11.04771
1986-09-26,7.644277
1986-09-27,5.6627803
1986-09-28,5.818257
1986-09-29,28.084734
1986-09-30,15.813039
1986-10-01,6.987611
1986-10-02,7.289986
1986-10-03,22.957993
1986-10-04,24.935436
1986-10-05,13.107585
1986-10-06,7.823436
1986-10-07,6.6706243
1986-10-08,6.9151616
1986-10-09,5.5588393
1986-10-10,4.908866
1986-10-11,7.2015586
1986-10-12,16.987228
1986-10-13,17.464075
1986-10-14,16.328321
1986-10-15,47.856888
1986-10-16,61.462482
1986-10-17,38.430775
1986-10-18,16.824425
1986-10-19,10.111466
1986-10-20,9.754789
1986-10-21,8.804239
1986-10-22,13.171739
1986-10-23,9.69525
1986-10-24,7.411754
1986-10-25,9.605625
1986-10-26,10.082288
1986-10-27,16.170496
1986-10-28,13.753002
1986-10-29,9.335811
1986-10-30,25.603308
1986-10-31,25.581366
1986-11-01,15.353734
1986-11-02,11.751877
1986-11-03,10.994942
1986-11-04,10.369246
1986-11-05,9.770871
1986-11-06,9.294853
1986-11-07,8.960521
1986-11-08,8.536332
1986-11-09,8.668555
1986-11-10,24.759655
1986-11-11,16.082527
1986-11-12,8.815409
1986-11-13,9.990657
1986-11-14,8.350148
1986-11-15,8.785549
1986-11-16,7.508498
1986-11-17,12.985072
1986-11-18,8.825939
1986-11-19,10.23384
1986-11-20,10.919635
1986-11-21,7.8396626
1986-11-22,9.789628
1986-11-23,7.7193494
1986-11-24,6.668575
1986-11-25,6.6794577
1986-11-26,6.4749885
1986-11-27,6.3326855
1986-11-28,6.232774
1986-11-29,6.187996
1986-11-30,6.0906997
1986-12-01,5.9758787
1986-12-02,5.8641057
1986-12-03,5.752729
1986-12-04,5.6348557
1986-12-05,5.51998
1986-12-06,5.4257426
1986-12-07,5.634811
1986-12-08,6.7240434
1986-12-09,9.2464695
1986-12-10,6.3321786
1986-12-11,4.9430304
1986-12-12,4.8109913
1986-12-13,4.708303
1986-12-14,4.5991054
1986-12-15,4.4943166
1986-12-16,4.3902264
1986-12-17,4.2863483
1986-12-18,4.1831865
1986-12-19,4.0809402
1986-12-20,3.980017
1986-12-21,3.8861659
1986-12-22,3.7850697
1986-12-23,3.6874115
1986-12-24,3.5923517
1986-12-25,3.51207
1986-12-26,3.4165404
1986-12-27,3.3171072
1986-12-28,3.2265263
1986-12-29,3.132588
1986-12-30,3.0542629
1986-12-31,2.9695458
1987-01-01,2.8828301
1987-01-02,2.8026888
1987-01-03,2.7236109
1987-01-04,2.6440673
1987-01-05,2.564578
1987-01-06,2.4885252
1987-01-07,2.4480808
1987-01-08,2.3615155
1987-01-09,2.2804255
1987-01-10,2.2143502
1987-01-11,2.1525867
1987-01-12,2.0877848
1987-01-13,2.0225887
1987-01-14,1.9621603
1987-01-15,1.9031509
1987-01-16,1.8418686
1987-01-17,1.7822387
1987-01-18,1.7299229
1987-01-19,1.6795442
1987-01-20,1.627326
1987-01-21,1.5956633
1987-01-22,1.5474868
1987-01-23,1.6618625
1987-01-24,1.7079769
1987-01-25,1.4933265
1987-01-26,1.3872192
1987-01-27,1.3467549
1987-01-28,1.3196768
1987-01-29,1.2842805
1987-01-30,1.2503763
1987-01-31,1.2172488
1987-02-01,1.1862186
1987-02-02,1.1555809
1987-02-03,1.1231555
1987-02-04,1.0718346
1987-02-05,0.95439625
1987-02-06,0.8667429
1987-02-07,0.824986
1987-02-08,0.7513856
1987-02-09,0.60418254
1987-02-10,0.5057223
1987-02-11,0.43969932
1987-02-12,0.42640197
1987-02-13,0.38331437
1987-02-14,0.23545392
1987-02-15,0.14774385
1987-02-16,0.048308566
1987-02-17,0.028984327
1987-02-18,0.0086417105
1987-02-19,0.00021689695
1987-02-20,5.4438633e-06
1987-02-21,1.3663468e-07
1987-02-22,3.4293728e-09
1987-02-23,8.60733e-11
1987-02-24,2.1603405e-12
1987-02-25,5.4222055e-14
1987-02-26,1.360911e-15
1987-02-27,3.4157295000000003e-17
1987-02-28,8.573086999999999e-19
1987-03-01,2.1517459e-20
1987-03-02,5.400633600000001e-22
1987-03-03,1.3554967e-23
1987-03-04,3.4021404e-25
1987-03-05,8.538979400000001e-27
1987-03-06,0.004478501
1987-03-07,0.014154781
1987-03-08,0.004555598
1987-03-09,0.000114340255
1987-03-10,2.8698084e-06
1987-03-11,7.202888e-08
1987-03-12,1.8078418e-09
1987-03-13,4.5374742e-11
1987-03-14,1.1388537e-12
1987-03-15,2.8583913e-14
1987-03-16,7.174232e-16
1987-03-17,1.8006494e-17
1987-03-18,4.519421999999999e-19
1987-03-19,1.1343228e-20
1987-03-20,0.035106968
1987-03-21,0.012637951
1987-03-22,0.034188297
1987-03-23,0.016942961
1987-03-24,0.0059734136
1987-03-25,0.038239367
1987-03-26,0.013271233
1987-03-27,0.00033309264
1987-03-28,8.360241e-06
1987-03-29,0.033079397
1987-03-30,0.011907988
1987-03-31,0.00029887675
1987-04-01,0.060406223
1987-04-02,0.026484713
1987-04-03,0.056137376
1987-04-04,0.09893555
1987-04-05,0.9568026
1987-04-06,0.35429057
1987-04-07,0.0154567305
1987-04-08,0.028614242
1987-04-09,0.023238804
1987-04-10,0.02825329
1987-04-11,0.09483872
1987-04-12,0.09183113
1987-04-13,0.022578986
1987-04-14,0.0005667065
1987-04-15,1.42236795e-05
1987-04-16,0.005071601
1987-04-17,0.02321455
1987-04-18,0.0077455114
1987-04-19,0.0001944034
1987-04-20,4.879301e-06
1987-04-21,1.2246483e-07
1987-04-22,0.035169408
1987-04-23,0.5947631
1987-04-24,0.28260887
1987-04-25,0.6297953
1987-04-26,1.6295654
1987-04-27,1.2331907
1987-04-28,0.5845635
1987-04-29,2.8219502
1987-04-30,7.4946136
1987-05-01,2.6277616
1987-05-02,6.1077795
1987-05-03,2.8224983
1987-05-04,1.2462798
1987-05-05,0.60798925
1987-05-06,11.920324
1987-05-07,15.3277
1987-05-08,5.870023
1987-05-09,0.74272364
1987-05-10,2.0334759
1987-05-11,1.1679977
1987-05-12,0.17740884
1987-05-13,0.004452757
1987-05-14,0.000111759065
1987-05-15,0.0402556
1987-05-16,0.17887421
1987-05-17,13.592311
1987-05-18,6.3242335
1987-05-19,0.64470184
1987-05-20,0.064432524
1987-05-21,0.043724783
1987-05-22,1.1039916
1987-05-23,7.8306794
1987-05-24,40.456535
1987-05-25,20.06895
1987-05-26,2.774162
1987-05-27,1.9378084
1987-05-28,1.4646271
1987-05-29,0.44374058
1987-05-30,0.21130669
1987-05-31,0.17313705
1987-06-01,0.15343778
1987-06-02,2.5620673
1987-06-03,1.2282851
1987-06-04,0.29865843
1987-06-05,1.360887
1987-06-06,4.528273
1987-06-07,3.5435631
1987-06-08,0.9130003
1987-06-09,0.32904068
1987-06-10,0.6153167
1987-06-11,0.38619652
1987-06-12,0.25508422
1987-06-13,0.49668327
1987-06-14,0.3280943
1987-06-15,2.2290394
1987-06-16,1.143821
1987-06-17,0.3759049
1987-06-18,1.1923636
1987-06-19,0.5759226
1987-06-20,0.25050166
1987-06-21,0.35187665
1987-06-22,3.6384027
1987-06-23,1.9230481
1987-06-24,3.9825988
1987-06-25,2.119203
1987-06-26,1.2489933
1987-06-27,0.9845443
1987-06-28,2.432871
1987-06-29,1.1156089
1987-06-30,0.9959452
1987-07-01,2.7146678
1987-07-02,1.7344358
1987-07-03,1.7157263
1987-07-04,1.8499768
1987-07-05,1.8242698
1987-07-06,1.502663
1987-07-07,0.8498881
1987-07-08,0.6721728
1987-07-09,0.68651223
1987-07-10,1.5515096
1987-07-11,0.99865556
1987-07-12,0.79829556
1987-07-13,0.78064597
1987-07-14,1.7193084
1987-07-15,1.0426797
1987-07-16,1.5015991
1987-07-17,1.3871635
1987-07-18,2.8667028
1987-07-19,13.240523
1987-07-20,5.0454454
1987-07-21,1.0334803
1987-07-22,1.4995962
1987-07-23,3.908847
1987-07-24,2.5970724
1987-07-25,3.1148002
1987-07-26,2.012228
1987-07-27,2.5452461
1987-07-28,5.4935336
1987-07-29,7.2697377
1987-07-30,8.496993
1987-07-31,12.738529
1987-08-01,13.769703
1987-08-02,28.269596
1987-08-03,22.757738
1987-08-04,30.491716
1987-08-05,14.41693
1987-08-06,5.722491
1987-08-07,4.818508
1987-08-08,4.4269567
1987-08-09,6.772495
1987-08-10,4.706522
1987-08-11,3.9004965
1987-08-12,3.743172
1987-08-13,5.0801835
1987-08-14,4.977619
1987-08-15,3.0557363
1987-08-16,2.3537083
1987-08-17,2.272127
1987-08-18,2.2469804
1987-08-19,3.1450093
1987-08-20,2.432503
1987-08-21,1.9936863
1987-08-22,1.9760575
1987-08-23,1.9890459
1987-08-24,2.1507866
1987-08-25,1.8708208
1987-08-26,1.8197602
1987-08-27,3.7806563
1987-08-28,3.0703263
1987-08-29,3.0427048
1987-08-30,2.0739627
1987-08-31,1.60671
1987-09-01,1.9952439
1987-09-02,3.844775
1987-09-03,16.943571
1987-09-04,20.706833
1987-09-05,11.6354
1987-09-06,6.33774
1987-09-07,6.336354
1987-09-08,3.4197981
1987-09-09,2.6830351
1987-09-10,5.865651
1987-09-11,4.1725526
1987-09-12,2.9018028
1987-09-13,2.7948148
1987-09-14,4.55687
1987-09-15,23.186728
1987-09-16,26.752522
1987-09-17,9.976612
1987-09-18,4.5425863
1987-09-19,5.6180563
1987-09-20,4.956513
1987-09-21,7.2943406
1987-09-22,18.914963
1987-09-23,16.93182
1987-09-24,13.294282
1987-09-25,10.929506
1987-09-26,10.609424
1987-09-27,10.712873
1987-09-28,8.322426
1987-09-29,7.4141183
1987-09-30,8.4819765
1987-10-01,12.003877
1987-10-02,9.387244
1987-10-03,16.304441
1987-10-04,15.343988
1987-10-05,22.105865
1987-10-06,19.2487
1987-10-07,13.413251
1987-10-08,15.724689
1987-10-09,20.05112
1987-10-10,18.721869
1987-10-11,14.162246
1987-10-12,12.309638
1987-10-13,12.549686
1987-10-14,16.760946
1987-10-15,19.585905
1987-10-16,19.858667
1987-10-17,15.637979
1987-10-18,16.760345
1987-10-19,21.808136
1987-10-20,18.801916
1987-10-21,20.928741
1987-10-22,22.380814
1987-10-23,21.206348
1987-10-24,21.793081
1987-10-25,19.624859
1987-10-26,18.284454
1987-10-27,19.739819
1987-10-28,23.599245
1987-10-29,33.801975
1987-10-30,164.0414
1987-10-31,98.296425
1987-11-01,49.31765
1987-11-02,39.217304
1987-11-03,33.086735
1987-11-04,28.928965
1987-11-05,25.997637
1987-11-06,23.705786
1987-11-07,22.307514
1987-11-08,20.918219
1987-11-09,18.173943
1987-11-10,16.302914
1987-11-11,15.124691
1987-11-12,14.11016
1987-11-13,13.199261
1987-11-14,12.390958
1987-11-15,11.807828
1987-11-16,11.031768
1987-11-17,10.396638
1987-11-18,9.765574
1987-11-19,9.24124
1987-11-20,9.045827
1987-11-21,10.307322
1987-11-22,10.420224
1987-11-23,8.4985075
1987-11-24,7.321372
1987-11-25,6.9107757
1987-11-26,7.1789103
1987-11-27,7.66695
1987-11-28,7.39509
1987-11-29,6.2936044
1987-11-30,5.733417
1987-12-01,5.5434813
1987-12-02,6.8974013
1987-12-03,7.205505
1987-12-04,8.122157
1987-12-05,6.0268188
1987-12-06,7.458373
1987-12-07,7.4892635
1987-12-08,5.740957
1987-12-09,5.9140134
1987-12-10,5.8078003
1987-12-11,4.896538
1987-12-12,5.3362236
1987-12-13,4.903327
1987-12-14,4.315751
1987-12-15,4.1454997
1987-12-16,4.1421084
1987-12-17,4.038458
1987-12-18,3.9450567
1987-12-19,3.87718
1987-12-20,3.8076777
1987-12-21,3.7280095
1987-12-22,3.6566763
1987-12-23,3.5791688
1987-12-24,3.5076513
1987-12-25,3.4291983
1987-12-26,3.3478007
1987-12-27,3.270214
1987-12-28,3.19194
1987-12-29,3.1105623
1987-12-30,3.0273416
1987-12-31,2.9581518
1988-01-01,2.881286
1988-01-02,2.8046489
1988-01-03,2.7249272
1988-01-04,2.651423
1988-01-05,2.5800064
1988-01-06,2.511226
1988-01-07,2.438988
1988-01-08,2.366393
1988-01-09,2.2973
1988-01-10,2.2308168
1988-01-11,2.1689234
1988-01-12,2.106768
1988-01-13,2.043522
1988-01-14,1.9855409
1988-01-15,1.9296404
1988-01-16,1.8700671
1988-01-17,1.810544
1988-01-18,1.7633395
1988-01-19,1.7257267
1988-01-20,1.6713116
1988-01-21,1.6149151
1988-01-22,1.5645286
1988-01-23,1.515043
1988-01-24,1.4671736
1988-01-25,1.4245559
1988-01-26,1.377902
1988-01-27,1.3347862
1988-01-28,1.2937592
1988-01-29,1.253136
1988-01-30,1.2198637
1988-01-31,1.1847769
1988-02-01,1.1468805
1988-02-02,1.1135354
1988-02-03,1.0837455
1988-02-04,1.0546767
1988-02-05,1.0423877
1988-02-06,0.90392536
1988-02-07,0.6690223
1988-02-08,0.37586957
1988-02-09,0.21008323
1988-02-10,0.14242813
1988-02-11,0.18869768
1988-02-12,0.17051053
1988-02-13,0.1290484
1988-02-14,0.10405744
1988-02-15,0.09615707
1988-02-16,0.09088385
1988-02-17,0.05454364
1988-02-18,0.011558693
1988-02-19,0.00029010986
1988-02-20,7.2814228e-06
1988-02-21,1.827553e-07
1988-02-22,4.5869473e-09
1988-02-23,1.1512708e-10
1988-02-24,2.8895569e-12
1988-02-25,7.252454e-14
1988-02-26,0.03957852
1988-02-27,0.014247639
1988-02-28,0.0003575993
1988-02-29,8.975329e-06
1988-03-01,2.2527041e-07
1988-03-02,5.6540275e-09
1988-03-03,1.4190955e-10
1988-03-04,3.5617661e-12
1988-03-05,8.939622e-14
1988-03-06,2.243742e-15
1988-03-07,5.6315336e-17
1988-03-08,1.4134498e-18
1988-03-09,3.5475959999999997e-20
1988-03-10,8.904057e-22
1988-03-11,2.2348154999999998e-23
1988-03-12,5.609129e-25
1988-03-13,1.4078266000000002e-26
1988-03-14,3.5334822000000003e-28
1988-03-15,0.018056965
1988-03-16,0.006500221
1988-03-17,0.00016314804
1988-03-18,4.0948275e-06
1988-03-19,1.02775445e-07
1988-03-20,2.579545e-09
1988-03-21,6.4743606e-11
1988-03-22,1.6249897e-12
1988-03-23,4.0785368e-14
1988-03-24,1.0236657e-15
1988-03-25,2.5692825e-17
1988-03-26,6.448602999999999e-19
1988-03-27,1.6185249e-20
1988-03-28,4.0623105000000004e-22
1988-03-29,1.0195931e-23
1988-03-30,0.019099455
1988-03-31,0.0068755005
1988-04-01,0.00017256713
1988-04-02,4.3312357e-06
1988-04-03,1.08709024e-07
1988-04-04,0.029654419
1988-04-05,0.045397285
1988-04-06,0.0127673615
1988-04-07,0.03188135
1988-04-08,0.13484542
1988-04-09,0.060818497
1988-04-10,0.006912686
1988-04-11,0.010711151
1988-04-12,0.1539645
1988-04-13,0.19003141
1988-04-14,2.399801
1988-04-15,0.9255818
1988-04-16,0.26203257
1988-04-17,0.13158359
1988-04-18,0.021333639
1988-04-19,0.0005354497
1988-04-20,1.343917e-05
1988-04-21,0.0063229273
1988-04-22,0.0022760406
1988-04-23,0.021725168
1988-04-24,0.044549868
1988-04-25,0.013424609
1988-04-26,0.00033694218
1988-04-27,8.45686e-06
1988-04-28,0.13324583
1988-04-29,0.06322569
1988-04-30,0.046168096
1988-05-01,0.16342486
1988-05-02,0.50723696
1988-05-03,0.21783718
1988-05-04,0.59479517
1988-05-05,0.90268373
1988-05-06,3.8884976
1988-05-07,2.9673293
1988-05-08,0.7018416
1988-05-09,0.119977884
1988-05-10,0.6569628
1988-05-11,0.33663195
1988-05-12,0.05142877
1988-05-13,0.22444098
1988-05-14,0.18159594
1988-05-15,0.4268268
1988-05-16,1.2398926
1988-05-17,0.96297324
1988-05-18,0.6887312
1988-05-19,1.8839469
1988-05-20,3.7927501
1988-05-21,1.3723366
1988-05-22,0.19854409
1988-05-23,0.45541522
1988-05-24,0.15916358
1988-05-25,0.0064209434
1988-05-26,0.1722264
1988-05-27,0.91753423
1988-05-28,2.8901997
1988-05-29,6.540269
1988-05-30,3.0790966
1988-05-31,0.9209838
1988-06-01,0.9384461
1988-06-02,5.6058416
1988-06-03,7.617656
1988-06-04,2.1313257
1988-06-05,0.11837969
1988-06-06,0.29087526
1988-06-07,0.11534626
1988-06-08,0.31922302
1988-06-09,0.123692065
1988-06-10,0.13797271
1988-06-11,0.8040983
1988-06-12,3.4385822
1988-06-13,9.83566
1988-06-14,9.116137
1988-06-15,6.1324296
1988-06-16,3.7733488
1988-06-17,4.4339275
1988-06-18,10.263514
1988-06-19,7.31342
1988-06-20,7.1469603
1988-06-21,21.1531
1988-06-22,9.628354
1988-06-23,4.8180485
1988-06-24,3.5286632
1988-06-25,7.6202946
1988-06-26,15.585116
1988-06-27,24.635748
1988-06-28,11.821652
1988-06-29,6.7727194
1988-06-30,9.383992
1988-07-01,12.1932335
1988-07-02,11.22701
1988-07-03,12.69336
1988-07-04,12.139065
1988-07-05,15.085484
1988-07-06,39.280743
1988-07-07,19.096283
1988-07-08,7.293045
1988-07-09,5.5955
1988-07-10,5.7271194
1988-07-11,6.9898753
1988-07-12,8.768024
1988-07-13,8.725389
1988-07-14,10.137964
1988-07-15,6.040768
1988-07-16,4.244306
1988-07-17,4.064957
1988-07-18,3.8788137
1988-07-19,3.6378636
1988-07-20,3.6052837
1988-07-21,3.4215648
1988-07-22,3.0232186
1988-07-23,5.1126823
1988-07-24,3.5188625
1988-07-25,2.605356
1988-07-26,4.9993253
1988-07-27,3.9107895
1988-07-28,2.9940238
1988-07-29,2.2388036
1988-07-30,2.2525914
1988-07-31,2.2603514
1988-08-01,4.3319993
1988-08-02,4.2265263
1988-08-03,7.156383
1988-08-04,14.32408
1988-08-05,7.504229
1988-08-06,7.149519
1988-08-07,10.047598
1988-08-08,6.3951073
1988-08-09,13.659883
1988-08-10,9.239929
1988-08-11,13.776444
1988-08-12,14.538487
1988-08-13,11.098623
1988-08-14,17.525307
1988-08-15,17.29921
1988-08-16,13.193991
1988-08-17,20.868763
1988-08-18,19.090698
1988-08-19,17.33381
1988-08-20,13.863322
1988-08-21,15.723109
1988-08-22,25.968365
1988-08-23,29.380392
1988-08-24,22.941946
1988-08-25,25.388893
1988-08-26,26.9628
1988-08-27,29.25522
1988-08-28,25.08962
1988-08-29,55.817314
1988-08-30,42.511806
1988-08-31,37.57983
1988-09-01,38.635967
1988-09-02,36.29439
1988-09-03,33.81555
1988-09-04,32.107616
1988-09-05,31.60587
1988-09-06,31.389816
1988-09-07,28.511427
1988-09-08,34.278908
1988-09-09,27.841301
1988-09-10,24.84086
1988-09-11,35.648376
1988-09-12,32.738476
1988-09-13,31.564943
1988-09-14,29.805565
1988-09-15,32.349117
1988-09-16,28.277143
1988-09-17,25.864254
1988-09-18,28.534624
1988-09-19,27.307446
1988-09-20,26.063976
1988-09-21,26.648163
1988-09-22,22.50525
1988-09-23,30.057768
1988-09-24,23.726608
1988-09-25,22.481234
1988-09-26,20.343578
1988-09-27,20.740915
1988-09-28,19.459488
1988-09-29,16.899336
1988-09-30,15.897414
1988-10-01,23.558376
1988-10-02,21.494368
1988-10-03,16.947313
1988-10-04,24.287668
1988-10-05,21.733511
1988-10-06,21.974926
1988-10-07,17.781504
1988-10-08,19.681751
1988-10-09,20.982841
1988-10-10,18.490158
1988-10-11,16.314934
1988-10-12,16.591515
1988-10-13,15.922713
1988-10-14,16.041931
1988-10-15,18.19039
1988-10-16,19.08498
1988-10-17,17.82394
1988-10-18,31.11567
1988-10-19,42.91491
1988-10-20,41.98374
1988-10-21,40.910656
1988-10-22,33.885635
1988-10-23,35.64185
1988-10-24,30.683878
1988-10-25,26.927973
1988-10-26,27.658268
1988-10-27,27.098139
1988-10-28,24.25113
1988-10-29,22.989927
1988-10-30,22.135902
1988-10-31,20.348915
1988-11-01,19.049755
1988-11-02,18.391636
1988-11-03,21.115053
1988-11-04,18.46669
1988-11-05,16.746714
1988-11-06,16.681488
1988-11-07,15.091371
1988-11-08,14.576013
1988-11-09,27.662119
1988-11-10,27.535418
1988-11-11,17.0927
1988-11-12,14.382546
1988-11-13,13.645169
1988-11-14,13.726841
1988-11-15,16.91587
1988-11-16,18.467361
1988-11-17,20.861317
1988-11-18,27.69424
1988-11-19,26.138948
1988-11-20,29.606615
1988-11-21,38.779762
1988-11-22,30.880169
1988-11-23,26.240877
1988-11-24,24.083126
1988-11-25,22.396358
1988-11-26,21.031668
1988-11-27,19.789932
1988-11-28,18.608374
1988-11-29,17.638155
1988-11-30,16.661001
1988-12-01,15.650451
1988-12-02,14.785885
1988-12-03,14.451697
1988-12-04,21.763113
1988-12-05,15.949386
1988-12-06,12.136341
1988-12-07,11.430359
1988-12-08,10.966335
1988-12-09,10.727656
1988-12-10,10.1931
1988-12-11,9.72308
1988-12-12,9.332926
1988-12-13,8.959841
1988-12-14,8.601031
1988-12-15,8.255372
1988-12-16,7.922209
1988-12-17,7.606147
1988-12-18,7.310362
1988-12-19,7.0245495
1988-12-20,6.7299333
1988-12-21,6.447451
1988-12-22,6.1921487
1988-12-23,5.969871
1988-12-24,5.727921
1988-12-25,5.4951134
1988-12-26,5.2787576
1988-12-27,5.081541
1988-12-28,4.8763433
1988-12-29,4.6780577
1988-12-30,4.76456
1988-12-31,4.7006903
1989-01-01,4.361999
1989-01-02,4.09371
1989-01-03,4.0037208
1989-01-04,3.9070883
1989-01-05,3.7329097
1989-01-06,3.5707717
1989-01-07,3.4543767
1989-01-08,3.3292727
1989-01-09,3.2102575
1989-01-10,3.1038456
1989-01-11,3.0026221
1989-01-12,2.9040458
1989-01-13,2.8120825
1989-01-14,2.7212093
1989-01-15,2.8308852
1989-01-16,2.6135745
1989-01-17,2.462789
1989-01-18,2.3774893
1989-01-19,2.2972627
1989-01-20,2.2205505
1989-01-21,2.1478233
1989-01-22,2.0800588
1989-01-23,2.007424
1989-01-24,1.9576104
1989-01-25,1.8898499
1989-01-26,1.8165834
1989-01-27,1.7554288
1989-01-28,1.6967984
1989-01-29,1.6374395
1989-01-30,1.5859548
1989-01-31,1.5322509
1989-02-01,1.4796901
1989-02-02,1.4331503
1989-02-03,1.3911926
1989-02-04,1.3453681
1989-02-05,1.305349
1989-02-06,1.2655361
1989-02-07,1.2194403
1989-02-08,1.1754225
1989-02-09,1.0968454
1989-02-10,1.000096
1989-02-11,0.91303027
1989-02-12,0.87017536
1989-02-13,0.8435081
1989-02-14,0.8177058
1989-02-15,0.79361254
1989-02-16,0.75236046
1989-02-17,0.6905583
1989-02-18,0.2782935
1989-02-19,0.039328024
1989-02-20,0.0009870881
1989-02-21,0.024196204
1989-02-22,0.032909513
1989-02-23,0.035325367
1989-02-24,0.0097251255
1989-02-25,0.00024408943
1989-02-26,0.04010459
1989-02-27,0.025492543
1989-02-28,0.004342854
1989-03-01,0.00010900062
1989-03-02,0.010557697
1989-03-03,0.0037996874
1989-03-04,9.5367766e-05
1989-03-05,0.033677746
1989-03-06,0.0443032
1989-03-07,0.055733163
1989-03-08,0.020041844
1989-03-09,0.0018292257
1989-03-10,0.056377344
1989-03-11,0.020279575
1989-03-12,0.0005089939
1989-03-13,1.277516e-05
1989-03-14,3.2064176e-07
1989-03-15,8.0477385e-09
1989-03-16,0.028174305
1989-03-17,0.03365094
1989-03-18,0.019774875
1989-03-19,0.004199347
1989-03-20,0.000105398765
1989-03-21,0.020363858
1989-03-22,0.00732978
1989-03-23,0.033356708
1989-03-24,0.011946277
1989-03-25,0.00029983776
1989-03-26,7.5255816e-06
1989-03-27,1.8888342e-07
1989-03-28,4.740756e-09
1989-03-29,0.07002849
1989-03-30,0.025209146
1989-03-31,0.0006327205
1989-04-01,1.5880554e-05
1989-04-02,3.9858358e-07
1989-04-03,1.0003988e-08
1989-04-04,2.5108854e-10
1989-04-05,6.3020327e-12
1989-04-06,1.5817375e-13
1989-04-07,0.05981145
1989-04-08,0.021531174
1989-04-09,0.0005404076
1989-04-10,1.3563607e-05
1989-04-11,0.010686601
1989-04-12,0.03852748
1989-04-13,0.03695795
1989-04-14,0.033719324
1989-04-15,0.009093953
1989-04-16,0.018439472
1989-04-17,0.023650467
1989-04-18,0.0063164495
1989-04-19,0.0001585356
1989-04-20,3.9790602e-06
1989-04-21,9.986982e-08
1989-04-22,0.025352191
1989-04-23,0.07657937
1989-04-24,0.024511065
1989-04-25,0.032280084
1989-04-26,0.06462936
1989-04-27,0.019443063
1989-04-28,0.031516403
1989-04-29,0.041224644
1989-04-30,0.10524789
1989-05-01,0.07087902
1989-05-02,0.06131425
1989-05-03,1.1130798
1989-05-04,0.41997907
1989-05-05,0.20156895
1989-05-06,0.09472014
1989-05-07,0.06365429
1989-05-08,2.9640658
1989-05-09,2.7351677
1989-05-10,4.850417
1989-05-11,6.6634636
1989-05-12,2.4658694
1989-05-13,0.3473733
1989-05-14,3.1310775
1989-05-15,2.7830071
1989-05-16,0.79693025
1989-05-17,0.16793877
1989-05-18,0.034897506
1989-05-19,0.039071355
1989-05-20,0.07198877
1989-05-21,0.021302858
1989-05-22,0.0005346772
1989-05-23,0.017102405
1989-05-24,0.93650645
1989-05-25,4.871587
1989-05-26,2.2977371
1989-05-27,1.9995883
1989-05-28,1.5649798
1989-05-29,6.4747176
1989-05-30,3.3745954
1989-05-31,0.55400497
1989-06-01,0.057732146
1989-06-02,0.025537267
1989-06-03,0.8421989
1989-06-04,1.1927834
1989-06-05,2.390238
1989-06-06,0.7503992
1989-06-07,2.7475479
1989-06-08,2.03588
1989-06-09,0.65918595
1989-06-10,1.6910158
1989-06-11,0.6139006
1989-06-12,0.16434501
1989-06-13,1.1430255
1989-06-14,1.1214399
1989-06-15,0.27146628
1989-06-16,0.0068134908
1989-06-17,0.08903077
1989-06-18,0.07744289
1989-06-19,0.032495994
1989-06-20,6.4719176
1989-06-21,2.4716249
1989-06-22,0.27578673
1989-06-23,0.8991251
1989-06-24,0.6096952
1989-06-25,2.9477568
1989-06-26,5.1688824
1989-06-27,14.689087
1989-06-28,5.3347735
1989-06-29,0.88926846
1989-06-30,0.29138854
1989-07-01,0.16987403
1989-07-02,1.4710597
1989-07-03,1.2833657
1989-07-04,0.45751202
1989-07-05,0.22643912
1989-07-06,0.1992519
1989-07-07,0.88015586
1989-07-08,0.727947
1989-07-09,0.7833737
1989-07-10,1.782954
1989-07-11,1.6556222
1989-07-12,0.5774034
1989-07-13,0.34143242
1989-07-14,0.2854848
1989-07-15,0.22665998
1989-07-16,0.20237194
1989-07-17,0.20139106
1989-07-18,0.37090385
1989-07-19,1.0588399
1989-07-20,1.7465581
1989-07-21,3.5569017
1989-07-22,1.8364787
1989-07-23,3.7073684
1989-07-24,15.12187
1989-07-25,5.504403
1989-07-26,3.7842817
1989-07-27,6.6542745
1989-07-28,3.8647034
1989-07-29,7.799314
1989-07-30,5.04377
1989-07-31,1.4931474
1989-08-01,0.70933306
1989-08-02,0.8007793
1989-08-03,0.8443801
1989-08-04,2.3786755
1989-08-05,19.275215
1989-08-06,7.407452
1989-08-07,1.0216608
1989-08-08,1.84222
1989-08-09,1.8109382
1989-08-10,3.8686733
1989-08-11,5.662091
1989-08-12,5.1151037
1989-08-13,2.4948866
1989-08-14,2.3617787
1989-08-15,4.61207
1989-08-16,6.2326446
1989-08-17,4.455414
1989-08-18,2.2217286
1989-08-19,2.0107224
1989-08-20,2.273555
1989-08-21,4.9792643
1989-08-22,5.182854
1989-08-23,5.457324
1989-08-24,6.5533466
1989-08-25,4.3271236
1989-08-26,6.3396792
1989-08-27,5.2576885
1989-08-28,7.511893
1989-08-29,5.7005115
1989-08-30,8.418192
1989-08-31,21.08463
1989-09-01,21.951206
1989-09-02,12.71544
1989-09-03,8.662041
1989-09-04,9.487917
1989-09-05,10.428836
1989-09-06,22.428183
1989-09-07,34.71447
1989-09-08,35.143124
1989-09-09,17.834337
1989-09-10,16.590942
1989-09-11,15.686346
1989-09-12,16.629927
1989-09-13,12.050095
1989-09-14,9.697274
1989-09-15,9.3889
1989-09-16,8.490874
1989-09-17,7.7906947
1989-09-18,9.20032
1989-09-19,17.91473
1989-09-20,11.999749
1989-09-21,10.989884
1989-09-22,19.12041
1989-09-23,19.553528
1989-09-24,13.612069
1989-09-25,15.323426
1989-09-26,16.866497
1989-09-27,16.959866
1989-09-28,15.94243
1989-09-29,16.431454
1989-09-30,22.928339
1989-10-01,16.850813
1989-10-02,14.253168
1989-10-03,14.17657
1989-10-04,13.986278
1989-10-05,15.393424
1989-10-06,19.89311
1989-10-07,14.9053545
1989-10-08,12.67195
1989-10-09,13.940849
1989-10-10,12.904574
1989-10-11,29.669395
1989-10-12,28.21203
1989-10-13,32.35021
1989-10-14,23.051394
1989-10-15,19.788012
1989-10-16,18.701212
1989-10-17,17.897408
1989-10-18,17.498562
1989-10-19,22.542734
1989-10-20,20.218103
1989-10-21,16.235052
1989-10-22,24.083908
1989-10-23,18.974651
1989-10-24,14.813787
1989-10-25,16.965878
1989-10-26,18.583717
1989-10-27,14.705344
1989-10-28,14.285383
1989-10-29,21.431944
1989-10-30,16.439837
1989-10-31,15.281118
1989-11-01,13.247829
1989-11-02,13.527261
1989-11-03,36.857254
1989-11-04,42.93083
1989-11-05,33.302597
1989-11-06,27.4451
1989-11-07,25.175165
1989-11-08,23.41097
1989-11-09,21.424572
1989-11-10,19.83417
1989-11-11,18.318007
1989-11-12,17.810093
1989-11-13,24.598955
1989-11-14,20.228857
1989-11-15,15.779519
1989-11-16,13.993338
1989-11-17,13.549068
1989-11-18,13.3739
1989-11-19,13.928086
1989-11-20,12.44577
1989-11-21,11.559928
1989-11-22,11.288154
1989-11-23,11.424003
1989-11-24,10.84952
1989-11-25,10.6036625
1989-11-26,13.487194
1989-11-27,12.524001
1989-11-28,10.052556
1989-11-29,9.295104
1989-11-30,12.473013
1989-12-01,11.315807
1989-12-02,18.130875
1989-12-03,42.167545
1989-12-04,34.910095
1989-12-05,44.13928
1989-12-06,48.331238
1989-12-07,37.648895
1989-12-08,31.885387
1989-12-09,29.20475
1989-12-10,26.892712
1989-12-11,24.792093
1989-12-12,22.819725
1989-12-13,20.9961
1989-12-14,19.324923
1989-12-15,17.827106
1989-12-16,16.473509
1989-12-17,15.262308
1989-12-18,14.170106
1989-12-19,13.18199
1989-12-20,12.276793
1989-12-21,11.455922
1989-12-22,10.709913
1989-12-23,10.0316105
1989-12-24,9.414998
1989-12-25,8.851435
1989-12-26,8.351075
1989-12-27,7.8797646
1989-12-28,7.4414034
1989-12-29,7.039821
1989-12-30,6.675092
1989-12-31,6.312672
1990-01-01,5.980212
1990-01-02,5.6955376
1990-01-03,5.3954434
1990-01-04,5.1112227
1990-01-05,4.852121
1990-01-06,4.6153564
1990-01-07,4.400001
1990-01-08,4.1886334
1990-01-09,3.990629
1990-01-10,3.8074744
1990-01-11,3.630484
1990-01-12,3.467105
1990-01-13,3.3182173
1990-01-14,3.2091
1990-01-15,3.0692084
1990-01-16,2.9366689
1990-01-17,2.8194149
1990-01-18,2.7123969
1990-01-19,2.613252
1990-01-20,2.5104213
1990-01-21,2.4183092
1990-01-22,2.3261137
1990-01-23,2.2324033
1990-01-24,2.1479566
1990-01-25,2.0657768
1990-01-26,1.990682
1990-01-27,1.9265915
1990-01-28,1.8564403
1990-01-29,1.7961344
1990-01-30,1.7397738
1990-01-31,1.6830394
1990-02-01,1.6304126
1990-02-02,1.5789723
1990-02-03,1.5349232
1990-02-04,1.4949465
1990-02-05,1.4491128
1990-02-06,1.5055219
1990-02-07,1.4451448
1990-02-08,1.3621113
1990-02-09,1.3122504
1990-02-10,1.2697406
1990-02-11,1.2498467
1990-02-12,1.177228
1990-02-13,1.0786996
1990-02-14,0.9782736
1990-02-15,0.9308987
1990-02-16,0.90628314
1990-02-17,0.8837184
1990-02-18,0.8559384
1990-02-19,0.8289998
1990-02-20,0.8143229
1990-02-21,0.77806795
1990-02-22,0.5571509
1990-02-23,0.45814523
1990-02-24,0.32675758
1990-02-25,0.16011287
1990-02-26,0.031810734
1990-02-27,0.0007984127
1990-02-28,2.0039237e-05
1990-03-01,5.029617e-07
1990-03-02,1.2623759e-08
1990-03-03,3.1684178e-10
1990-03-04,7.952363e-12
1990-03-05,1.9959513e-13
1990-03-06,5.0096074e-15
1990-03-07,1.2573537000000002e-16
1990-03-08,3.1558125e-18
1990-03-09,7.9207255e-20
1990-03-10,1.9880107000000003e-21
1990-03-11,4.9896774e-23
1990-03-12,1.2523514e-24
1990-03-13,3.1432576e-26
1990-03-14,7.889214e-28
1990-03-15,1.9801014999999998e-29
1990-03-16,0.055471625
1990-03-17,0.019968905
1990-03-18,0.0005011965
1990-03-19,0.04198112
1990-03-20,0.015108325
1990-03-21,0.0003792015
1990-03-22,9.51752e-06
1990-03-23,2.3887875e-07
1990-03-24,5.9955814e-09
1990-03-25,1.5048217e-10
1990-03-26,3.776929e-12
1990-03-27,0.024125626
1990-03-28,0.008684843
1990-03-29,0.010772941
1990-03-30,0.02390978
1990-03-31,0.0073328726
1990-04-01,0.00018404663
1990-04-02,0.014077901
1990-04-03,0.040096972
1990-04-04,0.012737653
1990-04-05,0.018219894
1990-04-06,0.039373238
1990-04-07,0.012013125
1990-04-08,0.00030151557
1990-04-09,7.567693e-06
1990-04-10,1.8994035e-07
1990-04-11,4.767284e-09
1990-04-12,1.1965332e-10
1990-04-13,3.0031602e-12
1990-04-14,0.022617776
1990-04-15,0.08978789
1990-04-16,0.081923276
1990-04-17,0.033542346
1990-04-18,0.04498182
1990-04-19,0.01803313
1990-04-20,0.0016877272
1990-04-21,4.2360003e-05
1990-04-22,1.0631873e-06
1990-04-23,2.6684772e-08
1990-04-24,6.6975697e-10
1990-04-25,0.01608375
1990-04-26,0.08570604
1990-04-27,1.945959
1990-04-28,0.70494664
1990-04-29,0.14573605
1990-04-30,0.5765462
1990-05-01,2.4965703
1990-05-02,7.4968815
1990-05-03,3.0573263
1990-05-04,1.8201625
1990-05-05,1.3826414
1990-05-06,0.3278019
1990-05-07,0.0343233
1990-05-08,0.71680725
1990-05-09,0.25546014
1990-05-10,0.010824396
1990-05-11,6.0662475
1990-05-12,2.2591212
1990-05-13,0.082137264
1990-05-14,0.09641157
1990-05-15,0.40475118
1990-05-16,0.8902934
1990-05-17,0.27551225
1990-05-18,0.577137
1990-05-19,0.25976992
1990-05-20,0.03982938
1990-05-21,0.0060620164
1990-05-22,0.49826524
1990-05-23,1.6109025
1990-05-24,1.1509374
1990-05-25,5.154065
1990-05-26,4.6755743
1990-05-27,1.1426002
1990-05-28,0.15930349
1990-05-29,1.4690217
1990-05-30,1.5508784
1990-05-31,1.2141532
1990-06-01,0.46340913
1990-06-02,1.0995954
1990-06-03,0.6869373
1990-06-04,0.12187315
1990-06-05,0.0030588752
1990-06-06,0.07135843
1990-06-07,0.039295275
1990-06-08,0.016352877
1990-06-09,0.060320694
1990-06-10,1.2917054
1990-06-11,1.0374742
1990-06-12,2.3894408
1990-06-13,2.1057336
1990-06-14,3.8343933
1990-06-15,4.456191
1990-06-16,17.34621
1990-06-17,9.423556
1990-06-18,3.953014
1990-06-19,1.0172224
1990-06-20,0.64892143
1990-06-21,0.21664949
1990-06-22,0.008335507
1990-06-23,0.057715513
1990-06-24,2.4565196
1990-06-25,0.8842003
1990-06-26,0.25920975
1990-06-27,0.6696954
1990-06-28,0.7325212
1990-06-29,1.1534252
1990-06-30,0.3535126
1990-07-01,0.02112707
1990-07-02,2.2837076
1990-07-03,1.6093814
1990-07-04,0.53721213
1990-07-05,0.8281113
1990-07-06,1.8504484
1990-07-07,2.8088126
1990-07-08,1.1037514
1990-07-09,0.23068188
1990-07-10,0.6152799
1990-07-11,0.38075173
1990-07-12,0.40586606
1990-07-13,0.38632575
1990-07-14,0.33133113
1990-07-15,3.23772
1990-07-16,3.1453218
1990-07-17,3.5731704
1990-07-18,1.9161625
1990-07-19,0.86775935
1990-07-20,0.42159024
1990-07-21,0.26275632
1990-07-22,0.28705096
1990-07-23,0.24854921
1990-07-24,0.23573571
1990-07-25,0.2836325
1990-07-26,0.2883902
1990-07-27,0.29849306
1990-07-28,1.2585694
1990-07-29,0.83061934
1990-07-30,0.349554
1990-07-31,0.27556598
1990-08-01,0.61272115
1990-08-02,0.44816336
1990-08-03,0.2849179
1990-08-04,1.0113213
1990-08-05,1.1575397
1990-08-06,0.48886824
1990-08-07,0.30073017
1990-08-08,0.34847227
1990-08-09,1.4251145
1990-08-10,1.502139
1990-08-11,0.67096454
1990-08-12,1.1567106
1990-08-13,1.520208
1990-08-14,1.9455271
1990-08-15,4.416244
1990-08-16,7.150296
1990-08-17,4.2374763
1990-08-18,1.3044535
1990-08-19,0.7176699
1990-08-20,0.7891287
1990-08-21,0.76504165
1990-08-22,0.7835497
1990-08-23,0.83752894
1990-08-24,1.1112719
1990-08-25,2.1318266
1990-08-26,1.1818163
1990-08-27,0.7589073
1990-08-28,0.9912369
1990-08-29,7.1139255
1990-08-30,4.825909
1990-08-31,2.4263537
1990-09-01,1.1619434
1990-09-02,0.8653929
1990-09-03,0.91388446
1990-09-04,1.1252972
1990-09-05,0.91073245
1990-09-06,0.89068043
1990-09-07,0.90337133
1990-09-08,1.0812345
1990-09-09,0.98862416
1990-09-10,15.867024
1990-09-11,12.863882
1990-09-12,6.1593904
1990-09-13,4.556475
1990-09-14,2.1849856
1990-09-15,2.2814343
1990-09-16,1.6038047
1990-09-17,1.2661786
1990-09-18,0.96848464
1990-09-19,0.8576216
1990-09-20,0.9361324
1990-09-21,1.340338
1990-09-22,4.3303895
1990-09-23,3.06995
1990-09-24,10.776495
1990-09-25,6.494497
1990-09-26,3.141275
1990-09-27,2.5009475
1990-09-28,3.7997196
1990-09-29,2.3141668
1990-09-30,1.527862
1990-10-01,1.4575022
1990-10-02,3.3833923
1990-10-03,31.054531
1990-10-04,32.087696
1990-10-05,12.950645
1990-10-06,10.900968
1990-10-07,6.9241705
1990-10-08,7.4792867
1990-10-09,5.276665
1990-10-10,4.2753353
1990-10-11,18.268871
1990-10-12,17.114012
1990-10-13,13.467456
1990-10-14,6.062127
1990-10-15,10.4438
1990-10-16,10.244162
1990-10-17,5.468705
1990-10-18,6.477174
1990-10-19,8.34179
1990-10-20,6.1275024
1990-10-21,5.837491
1990-10-22,7.9081836
1990-10-23,7.7594676
1990-10-24,27.997728
1990-10-25,14.2916565
1990-10-26,7.5230846
1990-10-27,11.629869
1990-10-28,16.61758
1990-10-29,17.566402
1990-10-30,23.869081
1990-10-31,13.077427
1990-11-01,17.63611
1990-11-02,23.254251
1990-11-03,28.48759
1990-11-04,23.498652
1990-11-05,23.040043
1990-11-06,38.921124
1990-11-07,37.482742
1990-11-08,22.583113
1990-11-09,17.993128
1990-11-10,22.363962
1990-11-11,22.635614
1990-11-12,20.748384
1990-11-13,16.50328
1990-11-14,15.919857
1990-11-15,14.95785
1990-11-16,14.200855
1990-11-17,16.534023
1990-11-18,16.455393
1990-11-19,19.992949
1990-11-20,17.540337
1990-11-21,14.236944
1990-11-22,13.486744
1990-11-23,12.9970045
1990-11-24,12.76793
1990-11-25,12.933993
1990-11-26,12.591372
1990-11-27,12.2085705
1990-11-28,12.353521
1990-11-29,30.401741
1990-11-30,21.661327
1990-12-01,13.072771
1990-12-02,11.389647
1990-12-03,12.892543
1990-12-04,17.880796
1990-12-05,17.674522
1990-12-06,15.035242
1990-12-07,26.958801
1990-12-08,18.841303
1990-12-09,16.467638
1990-12-10,15.527309
1990-12-11,14.684366
1990-12-12,14.405088
1990-12-13,14.109751
1990-12-14,13.73018
1990-12-15,13.310908
1990-12-16,12.857427
1990-12-17,12.38592
1990-12-18,11.901176
1990-12-19,11.416696
1990-12-20,10.939495
1990-12-21,10.47392
1990-12-22,10.0147505
1990-12-23,9.5817
1990-12-24,9.157821
1990-12-25,8.752547
1990-12-26,8.365919
1990-12-27,7.998412
1990-12-28,7.640336
1990-12-29,7.31146
1990-12-30,6.9794745
1990-12-31,6.6622286
1991-01-01,6.3994174
1991-01-02,6.13439
1991-01-03,5.8743134
1991-01-04,5.626109
1991-01-05,5.3899083
1991-01-06,5.1665096
1991-01-07,4.95649
1991-01-08,4.754404
1991-01-09,4.5543537
1991-01-10,4.3671527
1991-01-11,4.1926394
1991-01-12,4.025838
1991-01-13,3.8670125
1991-01-14,3.7167723
1991-01-15,3.574302
1991-01-16,3.4561079
1991-01-17,3.3212197
1991-01-18,3.1866484
1991-01-19,3.0596697
1991-01-20,2.9431622
1991-01-21,2.837093
1991-01-22,2.73507
1991-01-23,2.6293416
1991-01-24,2.5301785
1991-01-25,2.4370224
1991-01-26,2.3463616
1991-01-27,2.2584047
1991-01-28,2.1760077
1991-01-29,2.0980022
1991-01-30,2.0254998
1991-01-31,1.954048
1991-02-01,1.8869947
1991-02-02,1.83193
1991-02-03,1.7737201
1991-02-04,1.7186767
1991-02-05,1.6648769
1991-02-06,1.6109315
1991-02-07,1.5615826
1991-02-08,1.514909
1991-02-09,1.4713737
1991-02-10,1.4381626
1991-02-11,1.3991905
1991-02-12,1.3725859
1991-02-13,1.3358676
1991-02-14,1.29646
1991-02-15,1.2636865
1991-02-16,1.2218513
1991-02-17,1.1183931
1991-02-18,1.0455871
1991-02-19,1.0085174
1991-02-20,0.92743397
1991-02-21,0.88248664
1991-02-22,0.8554697
1991-02-23,0.8286263
1991-02-24,0.7337911
1991-02-25,0.51530945
1991-02-26,0.4337719
1991-02-27,0.42116496
1991-02-28,0.48710594
1991-03-01,0.43041292
1991-03-02,0.2296161
1991-03-03,0.241317
1991-03-04,0.5394896
1991-03-05,0.1979272
1991-03-06,0.014220868
1991-03-07,0.033046283
1991-03-08,0.023588113
1991-03-09,0.019306319
1991-03-10,0.03685393
1991-03-11,0.099811345
1991-03-12,0.03209627
1991-03-13,0.00080557936
1991-03-14,2.0219111e-05
1991-03-15,0.01759211
1991-03-16,0.0063327104
1991-03-17,0.00015894372
1991-03-18,3.989304e-06
1991-03-19,1.00126925e-07
1991-03-20,2.5130702e-09
1991-03-21,6.307516e-11
1991-03-22,1.5831138e-12
1991-03-23,3.973433e-14
1991-03-24,9.972858e-16
1991-03-25,2.5030724e-17
1991-03-26,6.282423e-19
1991-03-27,1.5768156e-20
1991-03-28,0.018094221
1991-03-29,0.0065136324
1991-03-30,0.00016348466
1991-03-31,4.1032763e-06
1991-04-01,0.008957106
1991-04-02,0.0032243815
1991-04-03,8.092825e-05
1991-04-04,2.0312057e-06
1991-04-05,5.098092e-08
1991-04-06,1.2795622e-09
1991-04-07,3.2115536e-11
1991-04-08,8.060629e-13
1991-04-09,2.0231248e-14
1991-04-10,0.08569454
1991-04-11,0.08593965
1991-04-12,0.08554826
1991-04-13,0.120214134
1991-04-14,0.503636
1991-04-15,0.25185743
1991-04-16,0.14618157
1991-04-17,0.04126861
1991-04-18,0.040993866
1991-04-19,0.048879426
1991-04-20,0.06959008
1991-04-21,0.027887743
1991-04-22,0.13282958
1991-04-23,0.07995721
1991-04-24,0.321252
1991-04-25,0.17836517
1991-04-26,0.026951544
1991-04-27,0.046917237
1991-04-28,4.015851
1991-04-29,1.5598857
1991-04-30,0.20724078
1991-05-01,0.49120393
1991-05-02,8.051309
1991-05-03,3.3013113
1991-05-04,1.3490186
1991-05-05,3.1420813
1991-05-06,3.1595726
1991-05-07,0.80704427
1991-05-08,0.021204272
1991-05-09,0.056600027
1991-05-10,0.96951157
1991-05-11,0.8971874
1991-05-12,3.4430032
1991-05-13,5.6800466
1991-05-14,1.9326423
1991-05-15,0.761308
1991-05-16,1.0993886
1991-05-17,2.7940526
1991-05-18,11.439669
1991-05-19,8.916338
1991-05-20,7.2730174
1991-05-21,2.7062535
1991-05-22,4.9382443
1991-05-23,3.7969184
1991-05-24,2.1883059
1991-05-25,6.9885354
1991-05-26,6.0727024
1991-05-27,1.451095
1991-05-28,0.060888406
1991-05-29,0.0069410396
1991-05-30,0.34861344
1991-05-31,1.0755093
1991-06-01,1.7058916
1991-06-02,3.7767158
1991-06-03,2.2786992
1991-06-04,0.65983295
1991-06-05,0.18324763
1991-06-06,0.25146174
1991-06-07,0.24652025
1991-06-08,0.15545794
1991-06-09,0.13142039
1991-06-10,0.13196336
1991-06-11,0.16912606
1991-06-12,0.14847519
1991-06-13,0.15198234
1991-06-14,0.42022136
1991-06-15,3.5830176
1991-06-16,3.3928335
1991-06-17,5.86621
1991-06-18,16.458014
1991-06-19,5.7947693
1991-06-20,0.70482266
1991-06-21,2.6074066
1991-06-22,1.4599591
1991-06-23,1.1982379
1991-06-24,3.2611008
1991-06-25,2.1666665
1991-06-26,0.969665
1991-06-27,0.7546292
1991-06-28,1.0085379
1991-06-29,3.1562023
1991-06-30,4.119906
1991-07-01,10.989031
1991-07-02,5.1857967
1991-07-03,2.8951786
1991-07-04,1.7885695
1991-07-05,1.6569248
1991-07-06,1.7643884
1991-07-07,1.9451772
1991-07-08,2.6308267
1991-07-09,3.0746567
1991-07-10,2.2968223
1991-07-11,1.5754603
1991-07-12,1.4340677
1991-07-13,1.3979174
1991-07-14,1.4330983
1991-07-15,1.3724657
1991-07-16,1.5438061
1991-07-17,2.0321672
1991-07-18,1.9372977
1991-07-19,1.7718163
1991-07-20,1.3931594
1991-07-21,2.172613
1991-07-22,1.582306
1991-07-23,2.3890476
1991-07-24,1.6591978
1991-07-25,1.2070948
1991-07-26,1.4620446
1991-07-27,1.2302831
1991-07-28,1.100335
1991-07-29,1.1481873
1991-07-30,1.9985784
1991-07-31,3.0023255
1991-08-01,7.3455167
1991-08-02,11.28397
1991-08-03,4.1471405
1991-08-04,1.5854551
1991-08-05,1.7464229
1991-08-06,1.9244953
1991-08-07,1.6079248
1991-08-08,1.4891069
1991-08-09,1.5481285
1991-08-10,9.429009
1991-08-11,4.2532225
1991-08-12,1.4411095
1991-08-13,1.3680873
1991-08-14,1.4241309
1991-08-15,1.3195367
1991-08-16,1.2733979
1991-08-17,1.2698057
1991-08-18,1.3656754
1991-08-19,1.4127555
1991-08-20,5.784716
1991-08-21,3.4994376
1991-08-22,1.8695724
1991-08-23,1.3002762
1991-08-24,1.1328751
1991-08-25,1.2148278
1991-08-26,1.0908042
1991-08-27,0.9941829
1991-08-28,0.986749
1991-08-29,1.0133163
1991-08-30,1.0091342
1991-08-31,2.1781044
1991-09-01,3.6379137
1991-09-02,2.0430725
1991-09-03,1.0084895
1991-09-04,2.3560965
1991-09-05,2.446894
1991-09-06,1.9039026
1991-09-07,2.8384573
1991-09-08,1.4745626
1991-09-09,0.90442365
1991-09-10,0.92982846
1991-09-11,0.84118277
1991-09-12,0.83924603
1991-09-13,0.79553884
1991-09-14,0.77469593
1991-09-15,0.80552804
1991-09-16,1.6047773
1991-09-17,16.350643
1991-09-18,22.72235
1991-09-19,9.7832155
1991-09-20,10.161366
1991-09-21,15.643067
1991-09-22,18.959593
1991-09-23,14.53944
1991-09-24,24.396769
1991-09-25,14.371017
1991-09-26,12.00726
1991-09-27,10.985487
1991-09-28,11.568815
1991-09-29,9.072251
1991-09-30,19.424368
1991-10-01,13.579776
1991-10-02,8.722864
1991-10-03,6.9699388
1991-10-04,6.4734206
1991-10-05,5.5690064
1991-10-06,5.13795
1991-10-07,5.076637
1991-10-08,4.662882
1991-10-09,5.075575
1991-10-10,14.476886
1991-10-11,9.949935
1991-10-12,9.2602625
1991-10-13,8.885795
1991-10-14,5.8252044
1991-10-15,11.517466
1991-10-16,10.950547
1991-10-17,8.79807
1991-10-18,7.483401
1991-10-19,7.249047
1991-10-20,6.609387
1991-10-21,6.157567
1991-10-22,5.7444243
1991-10-23,5.428091
1991-10-24,5.132365
1991-10-25,4.8817782
1991-10-26,5.283912
1991-10-27,4.910161
1991-10-28,4.8058844
1991-10-29,4.9863086
1991-10-30,4.683871
1991-10-31,4.377038
1991-11-01,4.4296703
1991-11-02,4.6807504
1991-11-03,5.4244733
1991-11-04,5.054204
1991-11-05,4.0032783
1991-11-06,3.5990047
1991-11-07,3.6354005
1991-11-08,3.4373288
1991-11-09,3.3642523
1991-11-10,3.7130558
1991-11-11,3.7774487
1991-11-12,3.6193564
1991-11-13,3.2456663
1991-11-14,3.0456257
1991-11-15,2.9932714
1991-11-16,3.0230467
1991-11-17,3.7338276
1991-11-18,3.1877985
1991-11-19,2.8650482
1991-11-20,2.85369
1991-11-21,3.172376
1991-11-22,4.227019
1991-11-23,6.515853
1991-11-24,5.723207
1991-11-25,4.7744594
1991-11-26,3.9155498
1991-11-27,6.467846
1991-11-28,6.008296
1991-11-29,4.767008
1991-11-30,4.1821566
1991-12-01,4.3344555
1991-12-02,5.0325747
1991-12-03,20.438692
1991-12-04,9.746428
1991-12-05,3.896085
1991-12-06,3.7803302
1991-12-07,3.849825
1991-12-08,3.8878353
1991-12-09,3.8981423
1991-12-10,3.8874366
1991-12-11,3.8792398
1991-12-12,3.8310688
1991-12-13,3.7747447
1991-12-14,3.7295303
1991-12-15,3.6693542
1991-12-16,3.6078033
1991-12-17,3.5463088
1991-12-18,3.5011847
1991-12-19,3.4496496
1991-12-20,3.372632
1991-12-21,3.310419
1991-12-22,3.2541347
1991-12-23,3.1888077
1991-12-24,3.1288157
1991-12-25,3.071044
1991-12-26,3.0073624
1991-12-27,2.946948
1991-12-28,2.8843162
1991-12-29,2.8229516
1991-12-30,2.7628732
1991-12-31,2.7014828
1992-01-01,2.6434538
1992-01-02,2.5816948
1992-01-03,2.5307727
1992-01-04,2.4756765
1992-01-05,2.4177775
1992-01-06,2.3642812
1992-01-07,2.3243492
1992-01-08,2.3037584
1992-01-09,2.2335815
1992-01-10,2.1708536
1992-01-11,2.116383
1992-01-12,2.0657802
1992-01-13,2.01916
1992-01-14,1.9738122
1992-01-15,1.927133
1992-01-16,1.8878024
1992-01-17,1.8409603
1992-01-18,1.8005141
1992-01-19,1.7591717
1992-01-20,1.7190151
1992-01-21,1.6769974
1992-01-22,1.6410824
1992-01-23,1.6049726
1992-01-24,1.5777266
1992-01-25,1.5529168
1992-01-26,1.5140308
1992-01-27,1.4728981
1992-01-28,1.4400959
1992-01-29,1.4083325
1992-01-30,1.3760595
1992-01-31,1.3456001
1992-02-01,1.3192766
1992-02-02,1.2891767
1992-02-03,1.2528285
1992-02-04,1.2191212
1992-02-05,1.1979847
1992-02-06,1.1292418
1992-02-07,0.96404654
1992-02-08,0.8155558
1992-02-09,0.7574047
1992-02-10,0.72088385
1992-02-11,0.7158918
1992-02-12,0.70894176
1992-02-13,0.6276619
1992-02-14,0.60305583
1992-02-15,0.57299656
1992-02-16,0.5533461
1992-02-17,0.5372684
1992-02-18,0.5206494
1992-02-19,0.5100699
1992-02-20,0.4824269
1992-02-21,0.32268155
1992-02-22,0.09750782
1992-02-23,0.010533129
1992-02-24,0.0002643694
1992-02-25,6.6353664e-06
1992-02-26,1.6654003e-07
1992-02-27,4.1799626e-09
1992-02-28,1.0491224e-10
1992-02-29,2.633176e-12
1992-03-01,6.6089685e-14
1992-03-02,1.6587747e-15
1992-03-03,0.002766133
1992-03-04,0.000995764
1992-03-05,2.4992529e-05
1992-03-06,6.272836e-07
1992-03-07,1.5744094e-08
1992-03-08,3.951586e-10
1992-03-09,9.918025e-12
1992-03-10,2.4893098e-13
1992-03-11,6.24788e-15
1992-03-12,1.5681458000000002e-16
1992-03-13,3.935865e-18
1992-03-14,9.878566999999999e-20
1992-03-15,2.4794064e-21
1992-03-16,6.223024000000001e-23
1992-03-17,1.5619071e-24
1992-03-18,3.9202067000000004e-26
1992-03-19,9.839266000000001e-28
1992-03-20,2.4695423e-29
1992-03-21,6.198266000000001e-31
1992-03-22,1.5556933e-32
1992-03-23,3.9046107e-34
1992-03-24,9.800121999999999e-36
1992-03-25,2.4597176e-37
1992-03-26,0.0034247362
1992-03-27,0.0012328507
1992-03-28,3.094313e-05
1992-03-29,7.7663685e-07
1992-03-30,1.9492688e-08
1992-03-31,0.055319116
1992-04-01,0.033942252
1992-04-02,0.03900329
1992-04-03,0.012182032
1992-04-04,0.00030575492
1992-04-05,7.674096e-06
1992-04-06,1.9261095e-07
1992-04-07,4.8343125e-09
1992-04-08,1.2133566e-10
1992-04-09,3.0453851e-12
1992-04-10,7.643565e-14
1992-04-11,1.9184466e-15
1992-04-12,4.81508e-17
1992-04-13,0.02664219
1992-04-14,0.03510987
1992-04-15,0.071672015
1992-04-16,0.060907092
1992-04-17,0.039991472
1992-04-18,0.0530605
1992-04-19,0.024977041
1992-04-20,0.027856883
1992-04-21,0.04247417
1992-04-22,0.012343433
1992-04-23,0.00030980594
1992-04-24,7.775771e-06
1992-04-25,0.0876314
1992-04-26,0.13499933
1992-04-27,1.7440809
1992-04-28,1.3669708
1992-04-29,0.5430579
1992-04-30,1.3804762
1992-05-01,11.271149
1992-05-02,7.9838896
1992-05-03,1.5672866
1992-05-04,1.3313444
1992-05-05,0.56047904
1992-05-06,0.1457258
1992-05-07,0.47331867
1992-05-08,1.5787317
1992-05-09,5.836441
1992-05-10,1.9284176
1992-05-11,0.048401058
1992-05-12,0.0012148106
1992-05-13,0.015836965
1992-05-14,0.15265498
1992-05-15,5.484539
1992-05-16,2.028353
1992-05-17,3.5021904
1992-05-18,6.5894237
1992-05-19,2.078802
1992-05-20,1.8116094
1992-05-21,2.673278
1992-05-22,6.605673
1992-05-23,12.629981
1992-05-24,16.883066
1992-05-25,7.2281322
1992-05-26,1.1410117
1992-05-27,0.26379526
1992-05-28,0.34613815
1992-05-29,6.132428
1992-05-30,6.9726615
1992-05-31,6.0669374
1992-06-01,5.070136
1992-06-02,1.8752027
1992-06-03,0.43514484
1992-06-04,2.1370683
1992-06-05,1.327777
1992-06-06,0.48917857
1992-06-07,0.3133531
1992-06-08,0.3776993
1992-06-09,1.3907319
1992-06-10,6.7029543
1992-06-11,4.7074485
1992-06-12,4.6848254
1992-06-13,2.118861
1992-06-14,3.3099678
1992-06-15,1.3118012
1992-06-16,0.555789
1992-06-17,1.140579
1992-06-18,2.2883909
1992-06-19,7.084473
1992-06-20,4.8475456
1992-06-21,8.968856
1992-06-22,3.344194
1992-06-23,0.7241143
1992-06-24,0.7157438
1992-06-25,0.7556754
1992-06-26,2.727515
1992-06-27,1.5359288
1992-06-28,4.3479133
1992-06-29,12.946691
1992-06-30,4.7955985
1992-07-01,0.9271691
1992-07-02,0.825476
1992-07-03,0.81299317
1992-07-04,1.1053519
1992-07-05,0.9401424
1992-07-06,0.8267654
1992-07-07,0.9300971
1992-07-08,0.9552496
1992-07-09,1.5754117
1992-07-10,1.1286643
1992-07-11,0.99870163
1992-07-12,1.2920185
1992-07-13,1.5074785
1992-07-14,3.4928994
1992-07-15,20.254711
1992-07-16,7.6423926
1992-07-17,1.2600757
1992-07-18,1.2455972
1992-07-19,1.1744595
1992-07-20,1.1544025
1992-07-21,1.3581921
1992-07-22,1.4659508
1992-07-23,1.7152625
1992-07-24,1.4344821
1992-07-25,1.3798598
1992-07-26,1.4234216
1992-07-27,1.7515092
1992-07-28,2.114199
1992-07-29,1.958443
1992-07-30,2.2179904
1992-07-31,2.4263306
1992-08-01,1.462861
1992-08-02,1.7736312
1992-08-03,2.042496
1992-08-04,1.3078365
1992-08-05,1.0828199
1992-08-06,1.0435414
1992-08-07,1.131284
1992-08-08,1.8570745
1992-08-09,1.591735
1992-08-10,5.4791026
1992-08-11,4.7774353
1992-08-12,6.3862824
1992-08-13,2.9597468
1992-08-14,4.43147
1992-08-15,4.180517
1992-08-16,8.595332
1992-08-17,13.023091
1992-08-18,6.7029953
1992-08-19,4.153997
1992-08-20,3.4441948
1992-08-21,3.0255358
1992-08-22,2.952744
1992-08-23,2.9596071
1992-08-24,2.8174138
1992-08-25,2.935997
1992-08-26,2.7770836
1992-08-27,3.0302846
1992-08-28,3.1954665
1992-08-29,3.0974672
1992-08-30,4.7276707
1992-08-31,3.6478105
1992-09-01,3.2756617
1992-09-02,2.416461
1992-09-03,2.1056223
1992-09-04,2.1055062
1992-09-05,2.4706817
1992-09-06,3.062529
1992-09-07,3.5589674
1992-09-08,6.9018373
1992-09-09,7.363758
1992-09-10,5.4654737
1992-09-11,2.7972898
1992-09-12,1.8113678
1992-09-13,2.6340926
1992-09-14,3.9352489
1992-09-15,8.5874405
1992-09-16,15.902874
1992-09-17,19.64819
1992-09-18,9.734666
1992-09-19,7.095543
1992-09-20,12.213405
1992-09-21,10.178871
1992-09-22,16.27788
1992-09-23,40.606365
1992-09-24,26.395702
1992-09-25,16.500563
1992-09-26,18.975216
1992-09-27,14.024936
1992-09-28,12.231977
1992-09-29,10.06656
1992-09-30,8.699263
1992-10-01,15.674678
1992-10-02,10.320618
1992-10-03,8.525883
1992-10-04,10.364034
1992-10-05,10.761047
1992-10-06,15.164344
1992-10-07,24.547205
1992-10-08,15.012774
1992-10-09,11.521796
1992-10-10,10.425514
1992-10-11,10.315755
1992-10-12,15.173863
1992-10-13,15.708274
1992-10-14,11.819106
1992-10-15,10.511836
1992-10-16,10.358096
1992-10-17,10.265091
1992-10-18,10.70423
1992-10-19,10.583515
1992-10-20,11.606244
1992-10-21,10.537592
1992-10-22,9.36952
1992-10-23,9.377334
1992-10-24,11.119096
1992-10-25,9.75671
1992-10-26,10.540666
1992-10-27,16.057913
1992-10-28,10.871107
1992-10-29,13.308462
1992-10-30,14.034191
1992-10-31,12.761646
1992-11-01,11.178766
1992-11-02,8.74692
1992-11-03,8.051781
1992-11-04,8.050679
1992-11-05,8.048722
1992-11-06,9.191051
1992-11-07,9.505485
1992-11-08,13.462384
1992-11-09,9.683731
1992-11-10,7.9012227
1992-11-11,7.864636
1992-11-12,9.124562
1992-11-13,8.354878
1992-11-14,8.564115
1992-11-15,10.950801
1992-11-16,8.715481
1992-11-17,7.547746
1992-11-18,7.430315
1992-11-19,7.4741797
1992-11-20,7.246318
1992-11-21,7.0598173
1992-11-22,7.608223
1992-11-23,13.936065
1992-11-24,11.773505
1992-11-25,8.716728
1992-11-26,8.334293
1992-11-27,7.6139164
1992-11-28,14.669199
1992-11-29,13.288823
1992-11-30,8.797192
1992-12-01,7.2609076
1992-12-02,8.05947
1992-12-03,9.202411
1992-12-04,8.271049
1992-12-05,7.3370605
1992-12-06,7.401818
1992-12-07,10.222541
1992-12-08,8.116594
1992-12-09,6.9212933
1992-12-10,6.9498835
1992-12-11,8.81339
1992-12-12,7.5822372
1992-12-13,6.70335
1992-12-14,6.5902286
1992-12-15,6.462043
1992-12-16,6.3659034
1992-12-17,6.30741
1992-12-18,6.170063
1992-12-19,6.053158
1992-12-20,5.9294443
1992-12-21,5.809066
1992-12-22,5.6841054
1992-12-23,5.5728526
1992-12-24,5.444435
1992-12-25,5.3178167
1992-12-26,5.1929264
1992-12-27,5.064091
1992-12-28,4.936263
1992-12-29,4.803816
1992-12-30,4.6779284
1992-12-31,4.544566
1993-01-01,4.413815
1993-01-02,4.3403864
1993-01-03,4.2068586
1993-01-04,4.0932937
1993-01-05,3.9647257
1993-01-06,3.8840232
1993-01-07,3.801523
1993-01-08,3.872672
1993-01-09,3.7941997
1993-01-10,3.5069532
1993-01-11,3.3284798
1993-01-12,3.2296374
1993-01-13,3.1324725
1993-01-14,3.0339544
1993-01-15,2.9389367
1993-01-16,2.860206
1993-01-17,2.9131958
1993-01-18,3.069493
1993-01-19,2.764135
1993-01-20,2.5612116
1993-01-21,2.4659495
1993-01-22,2.3881412
1993-01-23,2.3212051
1993-01-24,2.2474692
1993-01-25,2.1751208
1993-01-26,2.1074057
1993-01-27,2.0427468
1993-01-28,2.000381
1993-01-29,1.9732097
1993-01-30,1.8808154
1993-01-31,1.8133208
1993-02-01,1.7544845
1993-02-02,1.7021233
1993-02-03,1.6474776
1993-02-04,1.5950807
1993-02-05,1.5452634
1993-02-06,1.5040867
1993-02-07,1.4569582
1993-02-08,1.4099035
1993-02-09,1.357599
1993-02-10,1.3268098
1993-02-11,1.3106933
1993-02-12,1.2648982
1993-02-13,1.2510062
1993-02-14,1.1947545
1993-02-15,1.1344048
1993-02-16,1.0937846
1993-02-17,1.0587845
1993-02-18,1.0265503
1993-02-19,0.8212951
1993-02-20,0.46255234
1993-02-21,0.26560774
1993-02-22,0.22491841
1993-02-23,0.21669316
1993-02-24,0.19327377
1993-02-25,0.12941687
1993-02-26,0.123453006
1993-02-27,0.10342262
1993-02-28,0.07297576
1993-03-01,0.03149823
1993-03-02,0.008583551
1993-03-03,0.0041719624
1993-03-04,0.0010751601
1993-03-05,2.6985277e-05
1993-03-06,6.772993e-07
1993-03-07,1.6999431e-08
1993-03-08,4.266661e-10
1993-03-09,1.0708826e-11
1993-03-10,2.687792e-13
1993-03-11,0.013716256
1993-03-12,0.004937635
1993-03-13,0.011935434
1993-03-14,0.0042550648
1993-03-15,0.072658725
1993-03-16,0.026120225
1993-03-17,0.0006555875
1993-03-18,0.08723386
1993-03-19,0.5761908
1993-03-20,0.2518212
1993-03-21,0.03677384
1993-03-22,0.07606392
1993-03-23,0.046495777
1993-03-24,0.008124528
1993-03-25,6.866777
1993-03-26,3.3982003
1993-03-27,0.8342347
1993-03-28,0.3025924
1993-03-29,0.6066166
1993-03-30,0.21429902
1993-03-31,0.021486545
1993-04-01,0.004410627
1993-04-02,0.0039964602
1993-04-03,0.028022991
1993-04-04,0.00961846
1993-04-05,0.00024141226
1993-04-06,0.060476147
1993-04-07,0.032437794
1993-04-08,0.15790287
1993-04-09,0.14440878
1993-04-10,0.07862177
1993-04-11,0.025402036
1993-04-12,1.5628638
1993-04-13,0.9945608
1993-04-14,0.94028294
1993-04-15,0.447914
1993-04-16,0.07485615
1993-04-17,0.009267423
1993-04-18,0.34237707
1993-04-19,0.17512307
1993-04-20,0.044050075
1993-04-21,0.08501189
1993-04-22,0.1979881
1993-04-23,0.73748153
1993-04-24,1.1146804
1993-04-25,0.59468436
1993-04-26,0.70485526
1993-04-27,0.5883151
1993-04-28,9.166953
1993-04-29,4.953026
1993-04-30,2.6334581
1993-05-01,0.7422139
1993-05-02,0.062532626
1993-05-03,0.09621422
1993-05-04,0.44454435
1993-05-05,3.1812294
1993-05-06,2.651007
1993-05-07,5.313267
1993-05-08,4.157925
1993-05-09,1.1335244
1993-05-10,2.7073689
1993-05-11,7.6372633
1993-05-12,5.9346943
1993-05-13,2.4778337
1993-05-14,6.204399
1993-05-15,10.869406
1993-05-16,4.0738072
1993-05-17,0.64127976
1993-05-18,0.36002454
1993-05-19,2.1102037
1993-05-20,5.882025
1993-05-21,2.9866805
1993-05-22,13.7131815
1993-05-23,6.8662453
1993-05-24,1.4572756
1993-05-25,1.4597102
1993-05-26,7.421786
1993-05-27,5.1378846
1993-05-28,1.7922333
1993-05-29,3.4500654
1993-05-30,8.762348
1993-05-31,5.7861185
1993-06-01,8.154942
1993-06-02,4.0858493
1993-06-03,2.19635
1993-06-04,2.1607223
1993-06-05,2.1537645
1993-06-06,2.1064112
1993-06-07,2.0265307
1993-06-08,1.9451673
1993-06-09,1.8656496
1993-06-10,1.7862873
1993-06-11,1.7743706
1993-06-12,2.5739994
1993-06-13,2.0986035
1993-06-14,2.8701398
1993-06-15,3.7006238
1993-06-16,4.274855
1993-06-17,2.1636395
1993-06-18,1.5456066
1993-06-19,1.3721383
1993-06-20,3.1003342
1993-06-21,4.9475074
1993-06-22,2.281732
1993-06-23,3.4728618
1993-06-24,3.57762
1993-06-25,1.743229
1993-06-26,3.7300265
1993-06-27,5.9090266
1993-06-28,6.617804
1993-06-29,8.815786
1993-06-30,3.374726
1993-07-01,1.3483078
1993-07-02,13.456551
1993-07-03,17.099958
1993-07-04,5.7655354
1993-07-05,1.7499611
1993-07-06,1.8677622
1993-07-07,2.4012396
1993-07-08,1.9439218
1993-07-09,1.7273206
1993-07-10,1.7400194
1993-07-11,1.9741406
1993-07-12,2.872143
1993-07-13,2.0396194
1993-07-14,1.6373397
1993-07-15,1.5776575
1993-07-16,1.7311672
1993-07-17,9.35335
1993-07-18,5.1836104
1993-07-19,1.8772799
1993-07-20,1.453635
1993-07-21,1.42174
1993-07-22,1.4823246
1993-07-23,1.411357
1993-07-24,1.7974231
1993-07-25,1.8790401
1993-07-26,1.8734868
1993-07-27,1.4600044
1993-07-28,1.2561349
1993-07-29,1.2807649
1993-07-30,1.4413004
1993-07-31,1.2560924
1993-08-01,1.1907183
1993-08-02,1.2255559
1993-08-03,1.276111
1993-08-04,1.2661824
1993-08-05,1.2537572
1993-08-06,1.3202401
1993-08-07,1.2190342
1993-08-08,1.2445537
1993-08-09,1.3224974
1993-08-10,3.3810751
1993-08-11,2.064881
1993-08-12,1.2668432
1993-08-13,1.751137
1993-08-14,1.3778
1993-08-15,1.2213161
1993-08-16,2.2034488
1993-08-17,5.4514456
1993-08-18,2.6322484
1993-08-19,5.068405
1993-08-20,2.4930801
1993-08-21,1.0723526
1993-08-22,1.1313136
1993-08-23,1.2637155
1993-08-24,4.695222
1993-08-25,3.880992
1993-08-26,4.1978436
1993-08-27,2.1667495
1993-08-28,1.6668906
1993-08-29,5.3007035
1993-08-30,2.5222464
1993-08-31,1.1601976
1993-09-01,2.6089373
1993-09-02,1.8153121
1993-09-03,1.6075524
1993-09-04,3.0494163
1993-09-05,3.1174023
1993-09-06,7.543635
1993-09-07,7.240481
1993-09-08,6.6276507
1993-09-09,3.6407058
1993-09-10,2.579157
1993-09-11,2.670028
1993-09-12,3.4821799
1993-09-13,8.436452
1993-09-14,25.49164
1993-09-15,32.062275
1993-09-16,26.111725
1993-09-17,18.117035
1993-09-18,15.538541
1993-09-19,13.122111
1993-09-20,12.156472
1993-09-21,10.315899
1993-09-22,9.274446
1993-09-23,10.106761
1993-09-24,18.743767
1993-09-25,13.814313
1993-09-26,8.959441
1993-09-27,7.985696
1993-09-28,7.818008
1993-09-29,9.964587
1993-09-30,12.915729
1993-10-01,15.6239395
1993-10-02,10.842626
1993-10-03,9.687475
1993-10-04,9.65622
1993-10-05,9.404191
1993-10-06,8.401542
1993-10-07,8.114275
1993-10-08,8.453466
1993-10-09,11.198553
1993-10-10,9.03396
1993-10-11,7.7629013
1993-10-12,7.7216725
1993-10-13,7.6798735
1993-10-14,7.931619
1993-10-15,8.879658
1993-10-16,10.65802
1993-10-17,18.846426
1993-10-18,11.203765
1993-10-19,7.579461
1993-10-20,7.4786897
1993-10-21,9.1073885
1993-10-22,9.394318
1993-10-23,17.249662
1993-10-24,13.349935
1993-10-25,9.284867
1993-10-26,8.7474785
1993-10-27,8.669339
1993-10-28,13.231749
1993-10-29,15.340844
1993-10-30,13.108653
1993-10-31,12.288832
1993-11-01,17.073896
1993-11-02,24.229637
1993-11-03,19.9938
1993-11-04,17.92218
1993-11-05,18.19222
1993-11-06,17.328959
1993-11-07,15.4673815
1993-11-08,14.405264
1993-11-09,13.750376
1993-11-10,13.767136
1993-11-11,16.73656
1993-11-12,14.481822
1993-11-13,12.1401
1993-11-14,11.195677
1993-11-15,11.955418
1993-11-16,10.904989
1993-11-17,10.545475
1993-11-18,9.83039
1993-11-19,9.336604
1993-11-20,9.043658
1993-11-21,8.929604
1993-11-22,8.716949
1993-11-23,8.607411
1993-11-24,12.392099
1993-11-25,13.093595
1993-11-26,20.313396
1993-11-27,14.573646
1993-11-28,8.838301
1993-11-29,8.545885
1993-11-30,10.875352
1993-12-01,8.377213
1993-12-02,7.3604126
1993-12-03,7.4821253
1993-12-04,7.9522324
1993-12-05,7.435286
1993-12-06,7.0886416
1993-12-07,6.863784
1993-12-08,6.705361
1993-12-09,6.581569
1993-12-10,6.45953
1993-12-11,6.3763995
1993-12-12,6.4322424
1993-12-13,7.0190587
1993-12-14,6.3307495
1993-12-15,6.2741737
1993-12-16,6.7682977
1993-12-17,7.577421
1993-12-18,6.0880322
1993-12-19,5.38443
1993-12-20,5.2564178
1993-12-21,5.126207
1993-12-22,5.0105557
1993-12-23,4.90452
1993-12-24,4.795624
1993-12-25,4.6823196
1993-12-26,4.572083
1993-12-27,4.4628267
1993-12-28,4.3557773
1993-12-29,4.2448688
1993-12-30,4.133508
1993-12-31,4.023093
1994-01-01,3.920689
1994-01-02,3.8177238
1994-01-03,3.7177525
1994-01-04,3.6171634
1994-01-05,3.5495572
1994-01-06,3.4619682
1994-01-07,3.3404498
1994-01-08,3.2419276
1994-01-09,3.1551678
1994-01-10,3.0897436
1994-01-11,2.9953027
1994-01-12,2.9023929
1994-01-13,2.8164027
1994-01-14,2.7320564
1994-01-15,2.7485974
1994-01-16,2.629959
1994-01-17,2.5091925
1994-01-18,2.42863
1994-01-19,2.3492556
1994-01-20,2.274073
1994-01-21,2.2017603
1994-01-22,2.132122
1994-01-23,2.0646107
1994-01-24,1.9964776
1994-01-25,1.9365656
1994-01-26,1.8762802
1994-01-27,1.8148848
1994-01-28,1.7545416
1994-01-29,1.6997747
1994-01-30,1.6458746
1994-01-31,1.5960029
1994-02-01,1.544355
1994-02-02,1.4965844
1994-02-03,1.452905
1994-02-04,1.4097466
1994-02-05,1.3657451
1994-02-06,1.3238522
1994-02-07,1.2867012
1994-02-08,1.2490914
1994-02-09,1.211048
1994-02-10,1.1725893
1994-02-11,1.1372981
1994-02-12,1.0952467
1994-02-13,0.9898753
1994-02-14,0.93939185
1994-02-15,0.9147191
1994-02-16,0.88611656
1994-02-17,0.84831667
1994-02-18,0.7099431
1994-02-19,0.35415065
1994-02-20,0.08082262
1994-02-21,0.023450723
1994-02-22,0.04450714
1994-02-23,0.04660209
1994-02-24,0.012110401
1994-02-25,0.049771193
1994-02-26,0.030129172
1994-02-27,0.004880026
1994-02-28,0.076466784
1994-03-01,0.04080517
1994-03-02,0.005484619
1994-03-03,0.00013765761
1994-03-04,3.4550471e-06
1994-03-05,8.67177e-08
1994-03-06,2.176514e-09
1994-03-07,5.4627993e-11
1994-03-08,1.3710995e-12
1994-03-09,3.4413017e-14
1994-03-10,8.63727e-16
1994-03-11,2.1678551e-17
1994-03-12,5.441066399999999e-19
1994-03-13,1.3656448e-20
1994-03-14,3.4276107000000004e-22
1994-03-15,8.602908e-24
1994-03-16,2.1592306e-25
1994-03-17,5.4194193000000004e-27
1994-03-18,1.3602117e-28
1994-03-19,3.4139745e-30
1994-03-20,0.043940455
1994-03-21,0.015817866
1994-03-22,0.00039701018
1994-03-23,0.07887084
1994-03-24,0.028388914
1994-03-25,0.00071252894
1994-03-26,1.7883654e-05
1994-03-27,0.054082252
1994-03-28,0.04787169
1994-03-29,0.24366385
1994-03-30,0.8425677
1994-03-31,0.27513796
1994-04-01,0.04786895
1994-04-02,0.032514542
1994-04-03,0.0067084106
1994-04-04,0.00016837337
1994-04-05,4.225977e-06
1994-04-06,1.0606715e-07
1994-04-07,0.016083755
1994-04-08,0.0057898955
1994-04-09,0.00014531969
1994-04-10,3.6473566e-06
1994-04-11,9.154444e-08
1994-04-12,2.2976598e-09
1994-04-13,0.046122935
1994-04-14,0.23602952
1994-04-15,0.079406604
1994-04-16,0.0019930142
1994-04-17,5.0022354e-05
1994-04-18,1.2555034e-06
1994-04-19,3.1511686e-08
1994-04-20,0.049436755
1994-04-21,0.057369787
1994-04-22,0.42505753
1994-04-23,0.19073297
1994-04-24,0.07064711
1994-04-25,0.20195019
1994-04-26,0.2398518
1994-04-27,0.08454982
1994-04-28,0.053402897
1994-04-29,0.9973555
1994-04-30,2.8212986
1994-05-01,1.5549778
1994-05-02,0.27084
1994-05-03,0.025940025
1994-05-04,0.044060506
1994-05-05,0.040738042
1994-05-06,0.09858227
1994-05-07,0.43961328
1994-05-08,1.7602056
1994-05-09,0.60535
1994-05-10,0.29726753
1994-05-11,0.110873476
1994-05-12,0.046944648
1994-05-13,0.06538549
1994-05-14,2.5061536
1994-05-15,0.9067426
1994-05-16,0.23050112
1994-05-17,0.5617163
1994-05-18,1.9121605
1994-05-19,3.1134765
1994-05-20,2.3702807
1994-05-21,0.91253704
1994-05-22,0.15286316
1994-05-23,0.21302293
1994-05-24,0.2526536
1994-05-25,1.6733056
1994-05-26,4.2868176
1994-05-27,11.401982
1994-05-28,5.4851084
1994-05-29,0.7732298
1994-05-30,0.040457733
1994-05-31,0.76963884
1994-06-01,2.058329
1994-06-02,0.68532014
1994-06-03,0.38355425
1994-06-04,0.43883994
1994-06-05,2.4797568
1994-06-06,1.9542072
1994-06-07,0.55758315
1994-06-08,0.7954157
1994-06-09,6.285567
1994-06-10,2.1857653
1994-06-11,0.11886515
1994-06-12,0.06832546
1994-06-13,2.441399
1994-06-14,1.0088477
1994-06-15,0.7406793
1994-06-16,1.5174322
1994-06-17,0.54274064
1994-06-18,0.123861425
1994-06-19,0.79252875
1994-06-20,1.7453837
1994-06-21,1.5096505
1994-06-22,1.0507568
1994-06-23,0.7813637
1994-06-24,0.30019608
1994-06-25,0.16525702
1994-06-26,0.16211744
1994-06-27,0.16604723
1994-06-28,0.199255
1994-06-29,0.17701639
1994-06-30,0.3529281
1994-07-01,0.34340298
1994-07-02,1.4136134
1994-07-03,1.2665739
1994-07-04,2.1771016
1994-07-05,8.573491
1994-07-06,6.463428
1994-07-07,2.225071
1994-07-08,0.5470314
1994-07-09,0.3024281
1994-07-10,0.30851865
1994-07-11,0.31671754
1994-07-12,0.32026902
1994-07-13,0.33355787
1994-07-14,0.32201007
1994-07-15,0.3163813
1994-07-16,0.31244218
1994-07-17,0.31593776
1994-07-18,0.8295924
1994-07-19,0.5121305
1994-07-20,0.32222396
1994-07-21,0.33933026
1994-07-22,0.3310537
1994-07-23,0.3197727
1994-07-24,0.35179663
1994-07-25,0.37095782
1994-07-26,0.43472052
1994-07-27,0.32988587
1994-07-28,0.27140582
1994-07-29,0.6340253
1994-07-30,0.3935104
1994-07-31,0.30138388
1994-08-01,2.738294
1994-08-02,1.6033279
1994-08-03,0.866937
1994-08-04,0.4521319
1994-08-05,0.26404414
1994-08-06,0.6069256
1994-08-07,1.1710899
1994-08-08,3.805342
1994-08-09,2.8853858
1994-08-10,1.1579357
1994-08-11,0.91102564
1994-08-12,3.2700558
1994-08-13,2.7759156
1994-08-14,2.2695432
1994-08-15,0.9333206
1994-08-16,0.6212009
1994-08-17,0.60695875
1994-08-18,0.6173861
1994-08-19,0.4593904
1994-08-20,0.6748601
1994-08-21,1.0033596
1994-08-22,0.6675665
1994-08-23,0.7578681
1994-08-24,0.9258253
1994-08-25,12.64714
1994-08-26,5.6788545
1994-08-27,0.9887755
1994-08-28,0.6492633
1994-08-29,0.7252126
1994-08-30,0.8598628
1994-08-31,2.0844536
1994-09-01,2.4577818
1994-09-02,3.7301657
1994-09-03,8.192751
1994-09-04,3.7283914
1994-09-05,2.4860075
1994-09-06,1.3803552
1994-09-07,0.7732125
1994-09-08,0.727469
1994-09-09,0.8970041
1994-09-10,1.1833634
1994-09-11,1.8809686
1994-09-12,2.1144042
1994-09-13,1.9104881
1994-09-14,1.6681304
1994-09-15,1.061718
1994-09-16,2.3233519
1994-09-17,1.3823701
1994-09-18,0.9009802
1994-09-19,1.2640957
1994-09-20,1.1636455
1994-09-21,1.4534773
1994-09-22,5.0574527
1994-09-23,4.142465
1994-09-24,3.4641135
1994-09-25,12.420578
1994-09-26,18.910553
1994-09-27,17.823038
1994-09-28,15.855064
1994-09-29,15.028463
1994-09-30,7.676895
1994-10-01,3.43531
1994-10-02,3.0567508
1994-10-03,2.993437
1994-10-04,2.501872
1994-10-05,2.8336437
1994-10-06,9.134446
1994-10-07,6.7344933
1994-10-08,9.71355
1994-10-09,6.04325
1994-10-10,8.104465
1994-10-11,9.188212
1994-10-12,6.3077607
1994-10-13,13.224667
1994-10-14,10.205921
1994-10-15,7.882554
1994-10-16,7.7112164
1994-10-17,6.5708013
1994-10-18,7.9546776
1994-10-19,29.894865
1994-10-20,52.253296
1994-10-21,31.534649
1994-10-22,17.921467
1994-10-23,12.005673
1994-10-24,11.341072
1994-10-25,13.06924
1994-10-26,15.612671
1994-10-27,10.157856
1994-10-28,6.6578135
1994-10-29,5.803615
1994-10-30,5.553362
1994-10-31,5.1303716
1994-11-01,4.7970386
1994-11-02,4.789274
1994-11-03,6.0876718
1994-11-04,5.5151057
1994-11-05,12.102088
1994-11-06,12.590599
1994-11-07,11.018063
1994-11-08,5.734831
1994-11-09,4.1721816
1994-11-10,6.2215495
1994-11-11,6.6674113
1994-11-12,5.245445
1994-11-13,4.9134808
1994-11-14,6.774346
1994-11-15,7.1426554
1994-11-16,9.677414
1994-11-17,8.116514
1994-11-18,5.333748
1994-11-19,6.4685907
1994-11-20,5.329614
1994-11-21,4.4233627
1994-11-22,4.979844
1994-11-23,5.3403397
1994-11-24,6.522586
1994-11-25,7.9890075
1994-11-26,10.1651745
1994-11-27,13.643054
1994-11-28,11.70331
1994-11-29,6.7390337
1994-11-30,5.4354796
1994-12-01,5.5309606
1994-12-02,5.5769277
1994-12-03,5.567072
1994-12-04,5.526542
1994-12-05,5.4750905
1994-12-06,5.398872
1994-12-07,5.312451
1994-12-08,5.214953
1994-12-09,5.130197
1994-12-10,5.0152392
1994-12-11,4.9043446
1994-12-12,4.796062
1994-12-13,4.682618
1994-12-14,4.5687656
1994-12-15,4.4509444
1994-12-16,4.362204
1994-12-17,4.231463
1994-12-18,4.108522
1994-12-19,3.998996
1994-12-20,3.8982794
1994-12-21,3.80844
1994-12-22,3.7154605
1994-12-23,3.6100187
1994-12-24,3.4937959
1994-12-25,3.4141614
1994-12-26,3.3282607
1994-12-27,3.2409496
1994-12-28,3.1555889
1994-12-29,3.0569808
1994-12-30,2.9603455
1994-12-31,2.8710403
1995-01-01,2.7845447
1995-01-02,2.6959524
1995-01-03,2.6098824
1995-01-04,2.5337985
1995-01-05,2.4530742
1995-01-06,2.375358
1995-01-07,2.2978191
1995-01-08,2.224129
1995-01-09,2.1555157
1995-01-10,2.0866163
1995-01-11,2.0201373
1995-01-12,1.9586688
1995-01-13,1.8964434
1995-01-14,1.8339171
1995-01-15,1.7699198
1995-01-16,1.7103143
1995-01-17,1.6683081
1995-01-18,1.6079744
1995-01-19,1.5535871
1995-01-20,1.5072637
1995-01-21,1.4681656
1995-01-22,1.430301
1995-01-23,1.38949
1995-01-24,1.3438128
1995-01-25,1.302325
1995-01-26,1.2641945
1995-01-27,1.2286044
1995-01-28,1.1976134
1995-01-29,1.1643147
1995-01-30,1.1187265
1995-01-31,0.9876011
1995-02-01,0.7479883
1995-02-02,0.6662242
1995-02-03,0.62485766
1995-02-04,0.5492158
1995-02-05,0.5022932
1995-02-06,0.4336797
1995-02-07,0.3889769
1995-02-08,0.37408832
1995-02-09,0.36340162
1995-02-10,0.33045042
1995-02-11,0.17083369
1995-02-12,0.03256534
1995-02-13,0.00081735244
1995-02-14,2.0514603e-05
1995-02-15,5.1489286e-07
1995-02-16,1.2923216e-08
1995-02-17,3.2435782e-10
1995-02-18,8.141007e-12
1995-02-19,2.0432988e-13
1995-02-20,5.128444e-15
1995-02-21,1.2871803e-16
1995-02-22,3.230674e-18
1995-02-23,8.108619e-20
1995-02-24,2.0351697e-21
1995-02-25,5.1080412999999997e-23
1995-02-26,1.2820594000000001e-24
1995-02-27,3.2178209999999996e-26
1995-02-28,8.076359300000001e-28
1995-03-01,2.027073e-29
1995-03-02,5.087719e-31
1995-03-03,1.2769589e-32
1995-03-04,3.2050193e-34
1995-03-05,8.0442284e-36
1995-03-06,2.0190084999999996e-37
1995-03-07,5.067478e-39
1995-03-08,1.27187e-40
1995-03-09,0.062591456
1995-03-10,0.075347446
1995-03-11,0.03616464
1995-03-12,0.0064622215
1995-03-13,0.029723026
1995-03-14,0.010645501
1995-03-15,0.0002671898
1995-03-16,0.025219502
1995-03-17,0.009076375
1995-03-18,0.00022780652
1995-03-19,5.717681e-06
1995-03-20,0.044119563
1995-03-21,0.031837802
1995-03-22,0.006142357
1995-03-23,0.00015416606
1995-03-24,3.86939e-06
1995-03-25,9.711723e-08
1995-03-26,2.4375304e-09
1995-03-27,6.11792e-11
1995-03-28,0.04009674
1995-03-29,0.014434191
1995-03-30,0.00036228154
1995-03-31,9.092849e-06
1995-04-01,2.2822e-07
1995-04-02,0.03219525
1995-04-03,0.15328166
1995-04-04,0.05129772
1995-04-05,0.0012875135
1995-04-06,3.2315103e-05
1995-04-07,8.1107186e-07
1995-04-08,0.0808715
1995-04-09,0.059602216
1995-04-10,0.052167077
1995-04-11,0.035743598
1995-04-12,0.007891075
1995-04-13,0.00019805686
1995-04-14,4.970999e-06
1995-04-15,1.2476633e-07
1995-04-16,3.1314908e-09
1995-04-17,7.859681e-11
1995-04-18,0.16889079
1995-04-19,0.17831855
1995-04-20,0.46674222
1995-04-21,0.6095177
1995-04-22,0.2517629
1995-04-23,0.034348167
1995-04-24,0.00086209935
1995-04-25,0.03117525
1995-04-26,0.12405817
1995-04-27,0.16044158
1995-04-28,1.8903406
1995-04-29,1.8891162
1995-04-30,5.5731616
1995-05-01,4.4511776
1995-05-02,1.3269625
1995-05-03,7.1944976
1995-05-04,2.9461832
1995-05-05,0.28138775
1995-05-06,0.4973907
1995-05-07,0.72694665
1995-05-08,0.6152459
1995-05-09,0.1651212
1995-05-10,0.047706578
1995-05-11,0.04558518
1995-05-12,0.011587793
1995-05-13,0.013358887
1995-05-14,0.036392033
1995-05-15,0.39429584
1995-05-16,0.17611547
1995-05-17,0.09888351
1995-05-18,0.033353977
1995-05-19,0.002010322
1995-05-20,0.93727666
1995-05-21,0.56489867
1995-05-22,0.3690892
1995-05-23,0.25660586
1995-05-24,0.41929004
1995-05-25,0.41774035
1995-05-26,5.1161914
1995-05-27,2.5607674
1995-05-28,1.6929966
1995-05-29,2.5864832
1995-05-30,4.1438713
1995-05-31,4.9591265
1995-06-01,2.6692173
1995-06-02,3.8214116
1995-06-03,1.852414
1995-06-04,6.042585
1995-06-05,2.267792
1995-06-06,0.1504478
1995-06-07,6.4005337
1995-06-08,4.4471135
1995-06-09,2.9779212
1995-06-10,3.735213
1995-06-11,1.0788085
1995-06-12,0.306425
1995-06-13,1.5595063
1995-06-14,13.15879
1995-06-15,9.50522
1995-06-16,6.3521895
1995-06-17,2.2177007
1995-06-18,0.48654163
1995-06-19,0.6203313
1995-06-20,0.84625834
1995-06-21,2.193495
1995-06-22,2.4633641
1995-06-23,0.9746796
1995-06-24,1.2838583
1995-06-25,3.529386
1995-06-26,1.3969448
1995-06-27,0.361645
1995-06-28,0.3702062
1995-06-29,1.7038047
1995-06-30,1.0391839
1995-07-01,3.5037107
1995-07-02,3.1069791
1995-07-03,1.0274245
1995-07-04,0.45658973
1995-07-05,0.533085
1995-07-06,1.8329998
1995-07-07,1.6693838
1995-07-08,1.2503163
1995-07-09,0.6380292
1995-07-10,0.44552585
1995-07-11,0.44207916
1995-07-12,0.4446286
1995-07-13,0.4693995
1995-07-14,0.5688763
1995-07-15,0.47634995
1995-07-16,0.4677804
1995-07-17,0.58205664
1995-07-18,1.6206988
1995-07-19,2.330806
1995-07-20,2.1428213
1995-07-21,1.0926511
1995-07-22,3.577345
1995-07-23,2.268804
1995-07-24,4.0347476
1995-07-25,2.5039258
1995-07-26,7.893616
1995-07-27,6.4532094
1995-07-28,9.611882
1995-07-29,9.494861
1995-07-30,3.7495985
1995-07-31,1.8488055
1995-08-01,3.2402537
1995-08-02,4.259283
1995-08-03,19.88374
1995-08-04,17.680923
1995-08-05,15.7313175
1995-08-06,13.1532
1995-08-07,7.7696776
1995-08-08,5.57389
1995-08-09,5.001516
1995-08-10,6.90336
1995-08-11,14.578759
1995-08-12,11.847988
1995-08-13,10.571865
1995-08-14,7.8530726
1995-08-15,24.83699
1995-08-16,23.745146
1995-08-17,23.696299
1995-08-18,16.19069
1995-08-19,17.885164
1995-08-20,16.714348
1995-08-21,14.265271
1995-08-22,9.691908
1995-08-23,9.979198
1995-08-24,20.99076
1995-08-25,16.703068
1995-08-26,11.692494
1995-08-27,13.722835
1995-08-28,12.081842
1995-08-29,11.416144
1995-08-30,11.5625
1995-08-31,8.323478
1995-09-01,7.1817484
1995-09-02,8.3346
1995-09-03,8.48764
1995-09-04,7.886019
1995-09-05,7.571771
1995-09-06,7.336813
1995-09-07,7.7684364
1995-09-08,8.248639
1995-09-09,8.521865
1995-09-10,7.870258
1995-09-11,7.142378
1995-09-12,20.033007
1995-09-13,12.603946
1995-09-14,15.211729
1995-09-15,15.242989
1995-09-16,11.432771
1995-09-17,14.086007
1995-09-18,12.579462
1995-09-19,11.150513
1995-09-20,11.027794
1995-09-21,10.878171
1995-09-22,13.498491
1995-09-23,15.036067
1995-09-24,14.9425335
1995-09-25,14.652416
1995-09-26,14.388115
1995-09-27,17.43045
1995-09-28,14.472885
1995-09-29,13.942961
1995-09-30,14.609034
1995-10-01,15.926142
1995-10-02,16.419441
1995-10-03,22.267391
1995-10-04,18.321196
1995-10-05,16.372242
1995-10-06,18.617876
1995-10-07,21.905012
1995-10-08,19.426624
1995-10-09,21.612722
1995-10-10,21.114567
1995-10-11,30.893341
1995-10-12,42.391335
1995-10-13,44.711666
1995-10-14,44.887756
1995-10-15,36.40828
1995-10-16,33.43975
1995-10-17,29.175026
1995-10-18,31.328398
1995-10-19,30.735992
1995-10-20,29.429426
1995-10-21,26.362263
1995-10-22,24.451935
1995-10-23,24.744526
1995-10-24,26.466328
1995-10-25,23.2429
1995-10-26,22.188063
1995-10-27,21.64929
1995-10-28,23.074284
1995-10-29,21.837976
1995-10-30,19.010254
1995-10-31,17.243217
1995-11-01,16.482565
1995-11-02,16.215578
1995-11-03,15.9622
1995-11-04,16.17513
1995-11-05,14.991855
1995-11-06,13.662286
1995-11-07,13.010124
1995-11-08,12.548738
1995-11-09,12.733357
1995-11-10,16.192776
1995-11-11,13.011786
1995-11-12,10.967392
1995-11-13,10.542674
1995-11-14,13.555855
1995-11-15,11.3758745
1995-11-16,9.615948
1995-11-17,10.545085
1995-11-18,9.712345
1995-11-19,11.772808
1995-11-20,11.803351
1995-11-21,9.060732
1995-11-22,8.301167
1995-11-23,9.809202
1995-11-24,8.422403
1995-11-25,8.03268
1995-11-26,7.7185674
1995-11-27,8.28939
1995-11-28,7.895184
1995-11-29,7.2062154
1995-11-30,6.969835
1995-12-01,6.814192
1995-12-02,6.66573
1995-12-03,6.529991
1995-12-04,6.4223337
1995-12-05,6.4015865
1995-12-06,6.5151434
1995-12-07,6.24094
1995-12-08,5.969894
1995-12-09,5.795615
1995-12-10,5.6301494
1995-12-11,5.505947
1995-12-12,5.4536242
1995-12-13,5.780406
1995-12-14,5.3061953
1995-12-15,5.051521
1995-12-16,4.913013
1995-12-17,4.774711
1995-12-18,4.634087
1995-12-19,4.5091605
1995-12-20,4.4044657
1995-12-21,4.372811
1995-12-22,4.3175554
1995-12-23,4.175677
1995-12-24,4.136873
1995-12-25,3.9789255
1995-12-26,4.580728
1995-12-27,4.086497
1995-12-28,3.6832423
1995-12-29,3.556405
1995-12-30,4.085795
1995-12-31,3.6728806
1996-01-01,3.3273656
1996-01-02,3.2249155
1996-01-03,3.1977525
1996-01-04,3.0992866
1996-01-05,2.9995894
1996-01-06,2.9252272
1996-01-07,2.8496044
1996-01-08,2.7813056
1996-01-09,2.7136219
1996-01-10,2.6472132
1996-01-11,2.5805187
1996-01-12,2.5145895
1996-01-13,2.5050964
1996-01-14,2.4722896
1996-01-15,2.4671366
1996-01-16,2.456579
1996-01-17,2.2933671
1996-01-18,2.1862369
1996-01-19,2.1816075
1996-01-20,2.1318448
1996-01-21,2.049777
1996-01-22,1.9942338
1996-01-23,1.9797027
1996-01-24,1.901762
1996-01-25,1.8364776
1996-01-26,1.7856001
1996-01-27,1.7417636
1996-01-28,1.6933006
1996-01-29,1.6495575
1996-01-30,1.608317
1996-01-31,1.5632652
1996-02-01,1.5140109
1996-02-02,1.4795489
1996-02-03,1.4435939
1996-02-04,1.4070762
1996-02-05,1.3663387
1996-02-06,1.332323
1996-02-07,1.2944982
1996-02-08,1.2712951
1996-02-09,1.2346002
1996-02-10,1.2025034
1996-02-11,1.1738409
1996-02-12,1.1317266
1996-02-13,1.0993083
1996-02-14,1.0698181
1996-02-15,1.0364401
1996-02-16,0.9931313
1996-02-17,0.9894312
1996-02-18,0.98683304
1996-02-19,0.7993652
1996-02-20,0.2918315
1996-02-21,0.10216756
1996-02-22,0.04130173
1996-02-23,0.04281323
1996-02-24,0.03573025
1996-02-25,0.008471148
1996-02-26,0.00021261605
1996-02-27,5.3364174e-06
1996-02-28,1.3393792e-07
1996-02-29,3.3616872e-09
1996-03-01,0.06494069
1996-03-02,0.07302409
1996-03-03,0.12171487
1996-03-04,0.12299217
1996-03-05,0.0316722
1996-03-06,0.0007949356
1996-03-07,1.9951967e-05
1996-03-08,5.0077136e-07
1996-03-09,0.009615619
1996-03-10,0.007421624
1996-03-11,0.008625387
1996-03-12,0.0025984976
1996-03-13,6.521929e-05
1996-03-14,1.6369289e-06
1996-03-15,4.1085027e-08
1996-03-16,1.0311867e-09
1996-03-17,2.5881597e-11
1996-03-18,6.495982e-13
1996-03-19,1.6304166e-14
1996-03-20,4.0921575000000005e-16
1996-03-21,1.0270843e-17
1996-03-22,0.036818895
1996-03-23,0.013254219
1996-03-24,0.00033266557
1996-03-25,8.349522e-06
1996-03-26,2.0956337e-07
1996-03-27,0.035685826
1996-03-28,0.01284633
1996-03-29,0.00032242807
1996-03-30,8.092572e-06
1996-03-31,2.0311423e-07
1996-04-01,0.006059154
1996-04-02,0.040882725
1996-04-03,0.013986682
1996-04-04,0.00035104956
1996-04-05,8.810939e-06
1996-04-06,0.07293176
1996-04-07,0.037713896
1996-04-08,0.0047842585
1996-04-09,0.00012007936
1996-04-10,0.026048666
1996-04-11,1.9078183
1996-04-12,0.701872
1996-04-13,0.09661961
1996-04-14,0.026837943
1996-04-15,0.0006736014
1996-04-16,1.6906617e-05
1996-04-17,4.243366e-07
1996-04-18,1.0650359e-08
1996-04-19,2.6731173e-10
1996-04-20,0.004478501
1996-04-21,0.0016121895
1996-04-22,4.0464092e-05
1996-04-23,1.015602e-06
1996-04-24,2.549044e-08
1996-04-25,0.056578394
1996-04-26,0.0677347
1996-04-27,0.083173335
1996-04-28,0.042743094
1996-04-29,0.13262695
1996-04-30,0.9261251
1996-05-01,0.35203886
1996-05-02,0.02766804
1996-05-03,0.046442572
1996-05-04,2.752621
1996-05-05,1.0048921
1996-05-06,0.5439753
1996-05-07,0.6120269
1996-05-08,1.4561789
1996-05-09,1.4819528
1996-05-10,0.905903
1996-05-11,0.20029952
1996-05-12,0.06457877
1996-05-13,1.809227
1996-05-14,11.644821
1996-05-15,4.463402
1996-05-16,2.6803925
1996-05-17,4.4545636
1996-05-18,7.9869304
1996-05-19,2.4553914
1996-05-20,0.9956171
1996-05-21,3.9754798
1996-05-22,2.2843597
1996-05-23,0.5250954
1996-05-24,0.6730872
1996-05-25,0.99132305
1996-05-26,8.23665
1996-05-27,5.8919544
1996-05-28,1.8925349
1996-05-29,3.3027887
1996-05-30,3.5818405
1996-05-31,3.155537
1996-06-01,1.0817711
1996-06-02,0.12852602
1996-06-03,0.15564232
1996-06-04,1.8135024
1996-06-05,6.399071
1996-06-06,2.2573102
1996-06-07,0.30495882
1996-06-08,0.13978045
1996-06-09,0.1726161
1996-06-10,0.053378955
1996-06-11,0.004105883
1996-06-12,0.073896416
1996-06-13,0.105061516
1996-06-14,0.15853634
1996-06-15,0.27210292
1996-06-16,1.498387
1996-06-17,0.68557435
1996-06-18,1.4577038
1996-06-19,0.8574409
1996-06-20,1.8793453
1996-06-21,1.1832906
1996-06-22,0.4679855
1996-06-23,0.9009349
1996-06-24,1.2226427
1996-06-25,1.0146598
1996-06-26,1.354646
1996-06-27,1.3413554
1996-06-28,0.5949367
1996-06-29,5.3990784
1996-06-30,8.764056
1996-07-01,6.1151886
1996-07-02,17.455347
1996-07-03,12.478745
1996-07-04,10.930987
1996-07-05,5.0118847
1996-07-06,3.7765076
1996-07-07,3.4720876
1996-07-08,3.0873957
1996-07-09,2.9350898
1996-07-10,2.7904074
1996-07-11,3.0323985
1996-07-12,2.6543365
1996-07-13,2.5871255
1996-07-14,9.274685
1996-07-15,4.61892
1996-07-16,2.1133087
1996-07-17,2.0085194
1996-07-18,2.0457807
1996-07-19,1.9430041
1996-07-20,1.9011259
1996-07-21,1.8382777
1996-07-22,1.7363938
1996-07-23,1.7169932
1996-07-24,3.5832725
1996-07-25,2.3412101
1996-07-26,1.6003387
1996-07-27,12.486071
1996-07-28,7.0590205
1996-07-29,4.6993213
1996-07-30,2.7804873
1996-07-31,1.5497905
1996-08-01,1.3468004
1996-08-02,1.3862532
1996-08-03,1.3603199
1996-08-04,2.1401272
1996-08-05,7.686896
1996-08-06,3.4577913
1996-08-07,2.4334676
1996-08-08,3.4646435
1996-08-09,2.1221702
1996-08-10,2.3231292
1996-08-11,5.9774456
1996-08-12,2.9656942
1996-08-13,1.2266319
1996-08-14,1.117943
1996-08-15,1.1367425
1996-08-16,2.020325
1996-08-17,1.5314173
1996-08-18,2.3365452
1996-08-19,3.0369215
1996-08-20,1.6219888
1996-08-21,1.0408815
1996-08-22,1.8283005
1996-08-23,1.6993293
1996-08-24,1.7532713
1996-08-25,2.6407232
1996-08-26,7.780178
1996-08-27,12.022032
1996-08-28,8.785074
1996-08-29,3.3129606
1996-08-30,2.3161283
1996-08-31,2.2894468
1996-09-01,2.563199
1996-09-02,10.800411
1996-09-03,9.867334
1996-09-04,12.319024
1996-09-05,11.035464
1996-09-06,6.057366
1996-09-07,5.0213246
1996-09-08,6.8984504
1996-09-09,5.4654803
1996-09-10,4.7692885
1996-09-11,4.533766
1996-09-12,5.7550187
1996-09-13,6.3440657
1996-09-14,4.760382
1996-09-15,4.094776
1996-09-16,3.9025135
1996-09-17,4.7436132
1996-09-18,7.9920983
1996-09-19,5.347862
1996-09-20,4.04632
1996-09-21,4.696452
1996-09-22,5.114741
1996-09-23,4.1425285
1996-09-24,4.324976
1996-09-25,7.860798
1996-09-26,6.0408974
1996-09-27,4.257771
1996-09-28,7.380337
1996-09-29,9.596932
1996-09-30,11.139727
1996-10-01,9.779968
1996-10-02,9.647158
1996-10-03,13.826497
1996-10-04,13.142829
1996-10-05,12.926315
1996-10-06,11.197336
1996-10-07,12.915926
1996-10-08,16.770895
1996-10-09,15.638647
1996-10-10,12.160876
1996-10-11,21.53338
1996-10-12,27.489975
1996-10-13,21.920622
1996-10-14,22.37418
1996-10-15,19.732058
1996-10-16,23.430883
1996-10-17,20.395754
1996-10-18,17.195545
1996-10-19,20.87843
1996-10-20,20.056044
1996-10-21,16.985956
1996-10-22,16.174059
1996-10-23,14.780426
1996-10-24,14.507413
1996-10-25,14.096133
1996-10-26,12.965583
1996-10-27,12.102329
1996-10-28,11.471293
1996-10-29,11.075264
1996-10-30,10.605342
1996-10-31,10.442101
1996-11-01,10.313118
1996-11-02,13.132545
1996-11-03,10.5839615
1996-11-04,8.856525
1996-11-05,8.180752
1996-11-06,7.740168
1996-11-07,7.4619517
1996-11-08,7.2553535
1996-11-09,7.838649
1996-11-10,7.279441
1996-11-11,9.238676
1996-11-12,10.8107
1996-11-13,8.393117
1996-11-14,14.34241
1996-11-15,17.794533
1996-11-16,23.39858
1996-11-17,11.607531
1996-11-18,13.133116
1996-11-19,13.335967
1996-11-20,8.636474
1996-11-21,7.2557654
1996-11-22,7.377493
1996-11-23,7.4588933
1996-11-24,7.5384483
1996-11-25,7.4155
1996-11-26,7.346692
1996-11-27,7.263127
1996-11-28,7.2260585
1996-11-29,7.1796107
1996-11-30,7.1190944
1996-12-01,6.977842
1996-12-02,6.839388
1996-12-03,6.707628
1996-12-04,6.6110945
1996-12-05,6.4810543
1996-12-06,6.5084124
1996-12-07,6.293503
1996-12-08,6.0737433
1996-12-09,5.9376316
1996-12-10,5.9707823
1996-12-11,5.7306542
1996-12-12,5.546665
1996-12-13,5.442007
1996-12-14,5.48649
1996-12-15,5.384553
1996-12-16,5.243264
1996-12-17,4.9630737
1996-12-18,4.779133
1996-12-19,4.6503673
1996-12-20,4.5202518
1996-12-21,4.391861
1996-12-22,4.2699976
1996-12-23,4.147295
1996-12-24,4.0299788
1996-12-25,3.912037
1996-12-26,3.7968943
1996-12-27,3.6854494
1996-12-28,3.5745063
1996-12-29,3.4674911
1996-12-30,3.3612194
1996-12-31,3.2603326
1997-01-01,3.158219
1997-01-02,3.0604963
1997-01-03,2.966793
1997-01-04,2.8722618
1997-01-05,2.7824147
1997-01-06,2.6940036
1997-01-07,2.6090589
1997-01-08,2.5230346
1997-01-09,2.450104
1997-01-10,2.369514
1997-01-11,2.3052602
1997-01-12,2.27282
1997-01-13,2.218282
1997-01-14,2.1179857
1997-01-15,2.0282452
1997-01-16,1.9573156
1997-01-17,1.9009345
1997-01-18,1.8382647
1997-01-19,1.7830982
1997-01-20,1.7246723
1997-01-21,1.6704549
1997-01-22,1.6158869
1997-01-23,1.5647435
1997-01-24,1.5114778
1997-01-25,1.466428
1997-01-26,1.4135554
1997-01-27,1.3648592
1997-01-28,1.3150533
1997-01-29,1.2769374
1997-01-30,1.2350926
1997-01-31,1.1948706
1997-02-01,1.155281
1997-02-02,1.1240296
1997-02-03,1.0948929
1997-02-04,1.0198091
1997-02-05,0.93736076
1997-02-06,0.96467066
1997-02-07,0.88712335
1997-02-08,0.80617577
1997-02-09,0.55060357
1997-02-10,0.31110573
1997-02-11,0.0766074
1997-02-12,0.096289955
1997-02-13,0.11571291
1997-02-14,0.048901036
1997-02-15,0.0073797153
1997-02-16,0.00018522234
1997-02-17,4.6488667e-06
1997-02-18,1.1668119e-07
1997-02-19,2.9285634e-09
1997-02-20,7.350356e-11
1997-02-21,1.8448546e-12
1997-02-22,4.630372e-14
1997-02-23,1.1621699e-15
1997-02-24,2.9169125e-17
1997-02-25,7.3211135e-19
1997-02-26,1.837515e-20
1997-02-27,4.6119505e-22
1997-02-28,1.1575463e-23
1997-03-01,2.9053077e-25
1997-03-02,7.291987e-27
1997-03-03,1.8302046e-28
1997-03-04,4.5936025e-30
1997-03-05,1.1529412e-31
1997-03-06,2.8937493e-33
1997-03-07,7.262976699999999e-35
1997-03-08,1.8229233e-36
1997-03-09,4.5753272000000005e-38
1997-03-10,1.148354e-39
1997-03-11,2.8822e-41
1997-03-12,7.230000000000001e-43
1997-03-13,1.8000000000000002e-44
1997-03-14,0.0
1997-03-15,0.0
1997-03-16,0.0
1997-03-17,0.0
1997-03-18,0.0
1997-03-19,0.0
1997-03-20,0.0
1997-03-21,0.0
1997-03-22,0.0
1997-03-23,0.0
1997-03-24,0.0
1997-03-25,0.0
1997-03-26,0.0
1997-03-27,0.0
1997-03-28,0.013570664
1997-03-29,0.004885224
1997-03-30,0.00012261348
1997-03-31,3.077457e-06
1997-04-01,7.724062e-08
1997-04-02,1.9386504e-09
1997-04-03,4.8657887e-11
1997-04-04,1.2212568e-12
1997-04-05,3.0652137e-14
1997-04-06,7.6933324e-16
1997-04-07,1.9309377e-17
1997-04-08,4.8464305e-19
1997-04-09,1.2163982e-20
1997-04-10,3.053019e-22
1997-04-11,0.007768002
1997-04-12,0.0027963575
1997-04-13,7.018534e-05
1997-04-14,0.048644718
1997-04-15,0.02231854
1997-04-16,0.021269687
1997-04-17,0.006929971
1997-04-18,0.01173413
1997-04-19,0.029456176
1997-04-20,0.022644177
1997-04-21,0.10030331
1997-04-22,0.1839817
1997-04-23,1.3376288
1997-04-24,4.0775437
1997-04-25,1.3387837
1997-04-26,0.7715135
1997-04-27,0.71012205
1997-04-28,0.30958906
1997-04-29,0.14548935
1997-04-30,0.03382219
1997-05-01,0.00084889797
1997-05-02,2.130636e-05
1997-05-03,0.029242514
1997-05-04,0.033647053
1997-05-05,0.008587182
1997-05-06,0.025450405
1997-05-07,0.018836891
1997-05-08,0.06148603
1997-05-09,0.020882523
1997-05-10,0.016725764
1997-05-11,0.72481954
1997-05-12,0.37305227
1997-05-13,0.12376869
1997-05-14,0.049499374
1997-05-15,0.0131066935
1997-05-16,0.005385817
1997-05-17,0.0012820716
1997-05-18,3.217852e-05
1997-05-19,8.076437e-07
1997-05-20,2.0270924e-08
1997-05-21,5.087768e-10
1997-05-22,1.2769711e-11
1997-05-23,0.022527667
1997-05-24,0.008109603
1997-05-25,0.00020354167
1997-05-26,0.030150028
1997-05-27,0.10981929
1997-05-28,0.04907115
1997-05-29,0.009857819
1997-05-30,0.060959198
1997-05-31,0.05851147
1997-06-01,1.2035222
1997-06-02,0.4922842
1997-06-03,0.34278017
1997-06-04,0.16574077
1997-06-05,0.77252465
1997-06-06,0.331039
1997-06-07,0.039583396
1997-06-08,3.5239818
1997-06-09,4.9908805
1997-06-10,1.4041905
1997-06-11,2.7951937
1997-06-12,1.0074369
1997-06-13,0.5115391
1997-06-14,3.8544297
1997-06-15,1.637398
1997-06-16,0.2820509
1997-06-17,0.16494526
1997-06-18,0.047086928
1997-06-19,0.45925692
1997-06-20,1.3218623
1997-06-21,0.9600675
1997-06-22,1.1435354
1997-06-23,1.2019975
1997-06-24,0.32148573
1997-06-25,0.012728774
1997-06-26,0.60381025
1997-06-27,8.749685
1997-06-28,7.043554
1997-06-29,1.5104162
1997-06-30,0.19600299
1997-07-01,2.3692408
1997-07-02,1.244417
1997-07-03,0.8740179
1997-07-04,0.26483092
1997-07-05,0.069394454
1997-07-06,0.022001555
1997-07-07,0.00055221363
1997-07-08,1.3859924e-05
1997-07-09,3.478681e-07
1997-07-10,0.03961322
1997-07-11,0.46563888
1997-07-12,0.1628471
1997-07-13,0.0040872744
1997-07-14,0.000102585866
1997-07-15,0.016335933
1997-07-16,0.061736222
1997-07-17,0.07036636
1997-07-18,0.052107226
1997-07-19,0.012546431
1997-07-20,0.0066374913
1997-07-21,0.002283936
1997-07-22,0.0066433554
1997-07-23,0.0023723056
1997-07-24,5.954213e-05
1997-07-25,1.4944387e-06
1997-07-26,3.7508688e-08
1997-07-27,9.414248e-10
1997-07-28,0.013068047
1997-07-29,0.115044855
1997-07-30,0.18385811
1997-07-31,0.07240505
1997-08-01,0.012582871
1997-08-02,0.008049968
1997-08-03,0.057710893
1997-08-04,0.019998277
1997-08-05,0.0032680668
1997-08-06,0.001008362
1997-08-07,2.5308722e-05
1997-08-08,6.352197e-07
1997-08-09,1.5943282e-08
1997-08-10,0.108615056
1997-08-11,0.05675026
1997-08-12,0.00733528
1997-08-13,0.04016474
1997-08-14,0.017163146
1997-08-15,0.010876723
1997-08-16,0.0034609705
1997-08-17,8.686636e-05
1997-08-18,2.1802455e-06
1997-08-19,5.4721646e-08
1997-08-20,0.035301127
1997-08-21,0.029796831
1997-08-22,0.006470716
1997-08-23,0.050475497
1997-08-24,0.06978332
1997-08-25,0.058733266
1997-08-26,0.014762103
1997-08-27,0.009854397
1997-08-28,0.11396386
1997-08-29,0.04765027
1997-08-30,0.043080114
1997-08-31,0.07263267
1997-09-01,0.086661
1997-09-02,0.4632194
1997-09-03,0.4288659
1997-09-04,0.13516086
1997-09-05,0.57130194
1997-09-06,0.34197122
1997-09-07,0.52155566
1997-09-08,0.34702504
1997-09-09,2.422789
1997-09-10,1.6945614
1997-09-11,0.33824864
1997-09-12,0.018389054
1997-09-13,0.5322403
1997-09-14,0.20648304
1997-09-15,0.16301864
1997-09-16,0.13828558
1997-09-17,0.031298064
1997-09-18,0.104004495
1997-09-19,0.06560872
1997-09-20,1.0441867
1997-09-21,1.597091
1997-09-22,1.8084193
1997-09-23,7.20574
1997-09-24,3.671326
1997-09-25,1.3693011
1997-09-26,0.3256554
1997-09-27,2.9609106
1997-09-28,1.349283
1997-09-29,0.25576806
1997-09-30,0.287333
1997-10-01,0.1304529
1997-10-02,0.3018676
1997-10-03,1.3318015
1997-10-04,3.6677568
1997-10-05,2.8786507
1997-10-06,1.4092551
1997-10-07,0.40639403
1997-10-08,0.04863027
1997-10-09,0.053438462
1997-10-10,0.056073673
1997-10-11,4.0091963
1997-10-12,3.2441177
1997-10-13,1.8650262
1997-10-14,3.4638536
1997-10-15,12.707353
1997-10-16,14.191679
1997-10-17,10.029171
1997-10-18,2.609493
1997-10-19,0.18964997
1997-10-20,0.34157366
1997-10-21,0.11639184
1997-10-22,0.0068729194
1997-10-23,1.6680692
1997-10-24,0.6142189
1997-10-25,0.0201854
1997-10-26,0.0005066302
1997-10-27,1.2715834e-05
1997-10-28,3.1915275e-07
1997-10-29,8.010366e-09
1997-10-30,0.2099954
1997-10-31,0.07862459
1997-11-01,0.009047095
1997-11-02,0.016754
1997-11-03,0.005275609
1997-11-04,0.022754818
1997-11-05,0.12153126
1997-11-06,0.21912697
1997-11-07,0.95670384
1997-11-08,2.8144848
1997-11-09,1.1265583
1997-11-10,1.582309
1997-11-11,2.311197
1997-11-12,0.98637664
1997-11-13,0.42119753
1997-11-14,4.9121084
1997-11-15,6.644225
1997-11-16,3.4691107
1997-11-17,2.2386765
1997-11-18,0.6834335
1997-11-19,0.19016539
1997-11-20,0.16435781
1997-11-21,0.26239872
1997-11-22,0.21383849
1997-11-23,0.14874016
1997-11-24,0.13920741
1997-11-25,0.40712145
1997-11-26,8.95001
1997-11-27,11.171631
1997-11-28,3.1874592
1997-11-29,0.28643513
1997-11-30,0.18918657
1997-12-01,0.23593698
1997-12-02,0.32561588
1997-12-03,0.55929244
1997-12-04,0.33170182
1997-12-05,0.217815
1997-12-06,0.21334343
1997-12-07,0.2127273
1997-12-08,0.21128373
1997-12-09,0.21170668
1997-12-10,0.20969892
1997-12-11,0.20729594
1997-12-12,0.20538908
1997-12-13,0.2023974
1997-12-14,0.20003527
1997-12-15,0.19771253
1997-12-16,0.19626841
1997-12-17,0.19491373
1997-12-18,0.19149727
1997-12-19,0.1883553
1997-12-20,0.19737467
1997-12-21,0.1861554
1997-12-22,0.17956074
1997-12-23,0.17629763
1997-12-24,0.17322597
1997-12-25,0.170599
1997-12-26,0.16668835
1997-12-27,0.16399468
1997-12-28,0.15953405
1997-12-29,0.15621085
1997-12-30,0.15291928
1997-12-31,0.15085687
1998-01-01,0.14720301
1998-01-02,0.14240825
1998-01-03,0.13909905
1998-01-04,0.13545646
1998-01-05,0.13195775
1998-01-06,0.1288805
1998-01-07,0.12623133
1998-01-08,0.12848243
1998-01-09,0.12191064
1998-01-10,0.1175503
1998-01-11,0.1135306
1998-01-12,0.11013147
1998-01-13,0.107342504
1998-01-14,0.10450331
1998-01-15,0.101618744
1998-01-16,0.09840373
1998-01-17,0.09586047
1998-01-18,0.09373046
1998-01-19,0.06386188
1998-01-20,0.014571583
1998-01-21,0.0003657299
1998-01-22,9.179398e-06
1998-01-23,2.303923e-07
1998-01-24,5.782581e-09
1998-01-25,0.0027661333
1998-01-26,0.000995764
1998-01-27,2.4992529e-05
1998-01-28,6.272836e-07
1998-01-29,1.5744094e-08
1998-01-30,3.951586e-10
1998-01-31,9.918025e-12
1998-02-01,2.4893098e-13
1998-02-02,6.24788e-15
1998-02-03,1.5681458000000002e-16
1998-02-04,0.0030295744
1998-02-05,0.0010905986
1998-02-06,2.737277e-05
1998-02-07,0.024855392
1998-02-08,0.059651084
1998-02-09,0.01847712
1998-02-10,0.00046375435
1998-02-11,1.16397e-05
1998-02-12,2.9214303e-07
1998-02-13,7.3324524e-09
1998-02-14,1.8403609e-10
1998-02-15,4.6190937e-12
1998-02-16,1.1593391e-13
1998-02-17,2.9098076e-15
1998-02-18,7.303281000000001e-17
1998-02-19,1.8330392999999997e-18
1998-02-20,4.6007172e-20
1998-02-21,1.1547269e-21
1998-02-22,2.898231e-23
1998-02-23,7.274226e-25
1998-02-24,1.8257468e-26
1998-02-25,4.582413700000001e-28
1998-02-26,1.15013294e-29
1998-02-27,2.8867010000000003e-31
1998-02-28,7.245286e-33
1998-03-01,1.8184832e-34
1998-03-02,4.564183e-36
1998-03-03,1.1455572e-37
1998-03-04,2.8752160000000003e-39
1998-03-05,7.216400000000001e-41
1998-03-06,1.812e-42
1998-03-07,4.5e-44
1998-03-08,1.0000000000000001e-45
1998-03-09,0.0
1998-03-10,0.0
1998-03-11,0.0
1998-03-12,0.0
1998-03-13,0.0
1998-03-14,0.0
1998-03-15,0.0
1998-03-16,0.0
1998-03-17,0.0
1998-03-18,0.0
1998-03-19,0.0
1998-03-20,0.0
1998-03-21,0.0
1998-03-22,0.0
1998-03-23,0.0
1998-03-24,0.020375887
1998-03-25,0.06218963
1998-03-26,0.030468548
1998-03-27,0.0042936294
1998-03-28,0.00010776515
1998-03-29,2.7047809e-06
1998-03-30,6.788687e-08
1998-03-31,1.7038823e-09
1998-04-01,4.276548e-11
1998-04-02,1.0733642e-12
1998-04-03,2.6940201e-14
1998-04-04,6.76168e-16
1998-04-05,0.00843012
1998-04-06,0.022222571
1998-04-07,0.013437804
1998-04-08,0.002498727
1998-04-09,0.03921145
1998-04-10,0.023973543
1998-04-11,0.02547143
1998-04-12,0.37505177
1998-04-13,9.827277
1998-04-14,3.5144053
1998-04-15,0.09526482
1998-04-16,0.002391037
1998-04-17,6.0012273e-05
1998-04-18,1.5062388e-06
1998-04-19,3.7804856e-08
1998-04-20,9.488582e-10
1998-04-21,2.3815247e-11
1998-04-22,0.007903238
1998-04-23,0.08100379
1998-04-24,0.028207317
1998-04-25,0.047891606
1998-04-26,0.091075085
1998-04-27,1.2086036
1998-04-28,0.48629194
1998-04-29,0.035819117
1998-04-30,0.07803126
1998-05-01,0.027404869
1998-05-02,0.12034774
1998-05-03,6.3263707
1998-05-04,6.4902678
1998-05-05,19.60456
1998-05-06,8.349942
1998-05-07,2.0289574
1998-05-08,1.5999837
1998-05-09,1.2274814
1998-05-10,0.3001254
1998-05-11,0.0075328005
1998-05-12,0.063185506
1998-05-13,0.025580319
1998-05-14,0.032636117
1998-05-15,0.011208487
1998-05-16,0.00028132007
1998-05-17,0.037030913
1998-05-18,0.013328177
1998-05-19,0.036513176
1998-05-20,0.04332091
1998-05-21,0.011230569
1998-05-22,0.038089097
1998-05-23,0.013617075
1998-05-24,0.5043036
1998-05-25,1.1722671
1998-05-26,3.385278
1998-05-27,1.5015771
1998-05-28,3.022589
1998-05-29,8.287703
1998-05-30,5.685106
1998-05-31,1.2368846
1998-06-01,0.08352593
1998-06-02,0.7571061
1998-06-03,0.4459504
1998-06-04,0.11011013
1998-06-05,0.045850806
1998-06-06,1.0272454
1998-06-07,2.47873
1998-06-08,1.4401724
1998-06-09,3.5482814
1998-06-10,1.2467039
1998-06-11,0.05027024
1998-06-12,0.001261725
1998-06-13,3.166784e-05
1998-06-14,0.0040841345
1998-06-15,0.13739397
1998-06-16,0.23074156
1998-06-17,1.9292424
1998-06-18,0.7282187
1998-06-19,0.095041946
1998-06-20,0.026071949
1998-06-21,0.35214135
1998-06-22,3.1052709
1998-06-23,1.3411893
1998-06-24,1.4313762
1998-06-25,0.4948909
1998-06-26,0.019344335
1998-06-27,0.0004855205
1998-06-28,0.17078087
1998-06-29,7.908534
1998-06-30,3.2560816
1998-07-01,0.22892441
1998-07-02,0.006848521
1998-07-03,0.00017188997
1998-07-04,0.0030338885
1998-07-05,1.0443518
1998-07-06,4.7235904
1998-07-07,13.308192
1998-07-08,4.918057
1998-07-09,1.318228
1998-07-10,0.46574193
1998-07-11,0.28435233
1998-07-12,0.08656498
1998-07-13,2.8700745
1998-07-14,1.1225418
1998-07-15,0.896366
1998-07-16,0.5040807
1998-07-17,0.10066339
1998-07-18,1.3310058
1998-07-19,0.5168811
1998-07-20,0.042974696
1998-07-21,0.045146335
1998-07-22,0.014062573
1998-07-23,0.31361017
1998-07-24,2.5261097
1998-07-25,1.2000477
1998-07-26,1.713619
1998-07-27,0.8849267
1998-07-28,0.13783309
1998-07-29,0.641263
1998-07-30,1.0499817
1998-07-31,0.3409853
1998-08-01,0.25949147
1998-08-02,0.11061177
1998-08-03,0.028894935
1998-08-04,0.009490499
1998-08-05,0.040680725
1998-08-06,0.6713124
1998-08-07,1.6359719
1998-08-08,1.7730972
1998-08-09,1.7312039
1998-08-10,0.58741635
1998-08-11,0.15582924
1998-08-12,0.23729816
1998-08-13,0.1562078
1998-08-14,0.37179762
1998-08-15,1.6207626
1998-08-16,2.0424035
1998-08-17,3.7246172
1998-08-18,3.2809985
1998-08-19,3.5294015
1998-08-20,4.5634127
1998-08-21,5.4399867
1998-08-22,5.505901
1998-08-23,4.5870423
1998-08-24,1.5702251
1998-08-25,0.66782194
1998-08-26,2.6341453
1998-08-27,6.946994
1998-08-28,4.5543356
1998-08-29,3.8815296
1998-08-30,5.8618245
1998-08-31,6.7506037
1998-09-01,17.602282
1998-09-02,11.811472
1998-09-03,8.146874
1998-09-04,5.8062863
1998-09-05,6.7975125
1998-09-06,5.5411434
1998-09-07,4.1585784
1998-09-08,4.057873
1998-09-09,5.1655836
1998-09-10,17.39301
1998-09-11,12.123048
1998-09-12,22.54138
1998-09-13,12.372755
1998-09-14,7.6473775
1998-09-15,8.66167
1998-09-16,9.723608
1998-09-17,7.940435
1998-09-18,7.2516236
1998-09-19,7.3273106
1998-09-20,5.561626
1998-09-21,5.54933
1998-09-22,5.559386
1998-09-23,14.584509
1998-09-24,11.377291
1998-09-25,6.072317
1998-09-26,6.1016374
1998-09-27,7.001183
1998-09-28,14.141835
1998-09-29,12.985562
1998-09-30,9.489011
1998-10-01,7.588013
1998-10-02,7.0549374
1998-10-03,6.584936
1998-10-04,7.840094
1998-10-05,14.546475
1998-10-06,8.6298065
1998-10-07,28.56244
1998-10-08,15.921264
1998-10-09,15.384552
1998-10-10,8.310567
1998-10-11,6.9186907
1998-10-12,6.4983845
1998-10-13,5.606756
1998-10-14,7.8564816
1998-10-15,11.995831
1998-10-16,10.118795
1998-10-17,9.726729
1998-10-18,7.714183
1998-10-19,7.583579
1998-10-20,6.8767786
1998-10-21,7.774632
1998-10-22,9.096021
1998-10-23,15.941113
1998-10-24,17.737524
1998-10-25,12.414737
1998-10-26,16.436728
1998-10-27,11.616749
1998-10-28,9.695616
1998-10-29,12.186931
1998-10-30,11.856211
1998-10-31,19.313288
1998-11-01,15.91982
1998-11-02,12.006782
1998-11-03,11.847204
1998-11-04,11.794585
1998-11-05,10.940032
1998-11-06,13.596868
1998-11-07,12.653252
1998-11-08,13.515894
1998-11-09,12.533934
1998-11-10,10.793653
1998-11-11,10.144568
1998-11-12,9.806394
1998-11-13,9.413807
1998-11-14,8.979526
1998-11-15,8.578618
1998-11-16,8.400616
1998-11-17,8.043257
1998-11-18,7.6755724
1998-11-19,7.70815
1998-11-20,7.6581383
1998-11-21,6.955516
1998-11-22,8.3280325
1998-11-23,8.37517
1998-11-24,6.831024
1998-11-25,5.972709
1998-11-26,5.6959915
1998-11-27,5.5572467
1998-11-28,5.411893
1998-11-29,5.2566304
1998-11-30,6.761938
1998-12-01,5.586579
1998-12-02,12.110756
1998-12-03,8.235306
1998-12-04,10.499417
1998-12-05,10.510898
1998-12-06,6.15161
1998-12-07,4.696559
1998-12-08,15.36286
1998-12-09,14.711215
1998-12-10,13.057139
1998-12-11,8.245294
1998-12-12,19.666811
1998-12-13,11.810849
1998-12-14,7.366134
1998-12-15,7.1785274
1998-12-16,7.003108
1998-12-17,6.8049927
1998-12-18,6.7042985
1998-12-19,6.442993
1998-12-20,6.070934
1998-12-21,5.80232
1998-12-22,5.605849
1998-12-23,5.423944
1998-12-24,5.2297807
1998-12-25,5.0477943
1998-12-26,4.8821073
1998-12-27,4.7201686
1998-12-28,4.598476
1998-12-29,4.4436817
1998-12-30,4.312651
1998-12-31,4.1709733
1999-01-01,4.0272155
1999-01-02,3.9021587
1999-01-03,3.8164217
1999-01-04,3.7145896
1999-01-05,3.5419843
1999-01-06,3.4094815
1999-01-07,3.296893
1999-01-08,3.187151
1999-01-09,3.0792897
1999-01-10,2.9754655
1999-01-11,2.8716695
1999-01-12,2.7769475
1999-01-13,2.689275
1999-01-14,2.596616
1999-01-15,2.5318387
1999-01-16,2.4297447
1999-01-17,2.331097
1999-01-18,2.2445
1999-01-19,2.1635299
1999-01-20,2.08492
1999-01-21,2.0105274
1999-01-22,1.9379287
1999-01-23,1.8667283
1999-01-24,1.803971
1999-01-25,1.738819
1999-01-26,1.678081
1999-01-27,1.6221683
1999-01-28,1.5692077
1999-01-29,1.5192013
1999-01-30,1.4648383
1999-01-31,1.4178028
1999-02-01,1.3734548
1999-02-02,1.3284801
1999-02-03,1.2873348
1999-02-04,1.2463229
1999-02-05,1.2081908
1999-02-06,1.1732017
1999-02-07,1.1361876
1999-02-08,1.1008646
1999-02-09,1.0670184
1999-02-10,1.0336876
1999-02-11,1.003843
1999-02-12,0.9744228
1999-02-13,0.94680107
1999-02-14,0.9185448
1999-02-15,0.9450527
1999-02-16,0.8906828
1999-02-17,0.8515743
1999-02-18,0.94454294
1999-02-19,0.8843305
1999-02-20,0.9217819
1999-02-21,0.8566618
1999-02-22,1.288504
1999-02-23,0.94075996
1999-02-24,0.7252035
1999-02-25,0.62839925
1999-02-26,0.5619954
1999-02-27,0.49706927
1999-02-28,0.46021533
1999-03-01,0.44399098
1999-03-02,0.43044308
1999-03-03,0.41868562
1999-03-04,0.38263965
1999-03-05,0.28127125
1999-03-06,0.067703046
1999-03-07,0.0016992684
1999-03-08,4.2649674e-05
1999-03-09,1.0704576e-06
1999-03-10,2.6867252e-08
1999-03-11,6.74337e-10
1999-03-12,0.014324591
1999-03-13,0.0051566255
1999-03-14,0.00012942535
1999-03-15,0.06440761
1999-03-16,0.074196264
1999-03-17,0.06734826
1999-03-18,0.017899806
1999-03-19,0.00044926445
1999-03-20,1.1276019e-05
1999-03-21,2.8301505e-07
1999-03-22,0.002897861
1999-03-23,0.022153106
1999-03-24,0.039290305
1999-03-25,0.011590245
1999-03-26,0.00029090178
1999-03-27,7.301299e-06
1999-03-28,1.8325419e-07
1999-03-29,0.034004677
1999-03-30,0.03450193
1999-03-31,0.008320768
1999-04-01,0.00020884168
1999-04-02,0.020109931
1999-04-03,0.0072375005
1999-04-04,0.00018165291
1999-04-05,0.02944754
1999-04-06,0.015341063
1999-04-07,0.0073735956
1999-04-08,0.0019936322
1999-04-09,5.0037866e-05
1999-04-10,0.04937563
1999-04-11,0.13388558
1999-04-12,0.06397138
1999-04-13,0.008881643
1999-04-14,0.000222919
1999-04-15,5.59501e-06
1999-04-16,0.031980474
1999-04-17,0.032878865
1999-04-18,0.00798053
1999-04-19,0.0002003021
1999-04-20,5.0273516e-06
1999-04-21,1.2618072e-07
1999-04-22,3.1669904e-09
1999-04-23,7.9487805e-11
1999-04-24,1.9950521e-12
1999-04-25,0.0771847
1999-04-26,0.28701362
1999-04-27,0.25439367
1999-04-28,1.2548922
1999-04-29,0.9180233
1999-04-30,1.053623
1999-05-01,0.85652584
1999-05-02,3.6594937
1999-05-03,1.3711126
1999-05-04,2.2771618
1999-05-05,1.1607949
1999-05-06,0.20672072
1999-05-07,0.590106
1999-05-08,0.2828891
1999-05-09,0.27983594
1999-05-10,1.6935483
1999-05-11,14.522007
1999-05-12,14.949339
1999-05-13,8.863993
1999-05-14,5.017567
1999-05-15,1.1682272
1999-05-16,0.15081897
1999-05-17,0.08787804
1999-05-18,0.07856621
1999-05-19,0.03955287
1999-05-20,0.006712231
1999-05-21,0.100427374
1999-05-22,0.202571
1999-05-23,2.352213
1999-05-24,0.86239326
1999-05-25,0.061347064
1999-05-26,0.010797292
1999-05-27,0.027086522
1999-05-28,0.009659965
1999-05-29,0.00024245397
1999-05-30,6.085315e-06
1999-05-31,0.17583182
1999-06-01,0.7741155
1999-06-02,0.93296874
1999-06-03,0.24963029
1999-06-04,0.036724042
1999-06-05,0.052369624
1999-06-06,0.6224549
1999-06-07,0.26047185
1999-06-08,0.3293131
1999-06-09,0.75679904
1999-06-10,1.3298504
1999-06-11,0.407658
1999-06-12,1.6928093
1999-06-13,0.9801348
1999-06-14,0.96241033
1999-06-15,4.1433067
1999-06-16,5.670282
1999-06-17,4.934816
1999-06-18,6.580738
1999-06-19,3.5626595
1999-06-20,11.890365
1999-06-21,5.3994427
1999-06-22,2.0767152
1999-06-23,1.7823386
1999-06-24,0.8256197
1999-06-25,1.0166849
1999-06-26,0.87929195
1999-06-27,1.0347809
1999-06-28,7.8170123
1999-06-29,16.80109
1999-06-30,6.569898
1999-07-01,1.6401651
1999-07-02,2.3480573
1999-07-03,1.2571198
1999-07-04,0.6487593
1999-07-05,0.667785
1999-07-06,0.67396814
1999-07-07,0.7347265
1999-07-08,0.71963584
1999-07-09,0.73524165
1999-07-10,2.1918652
1999-07-11,1.2979498
1999-07-12,0.96984166
1999-07-13,1.3428227
1999-07-14,0.909867
1999-07-15,0.8755621
1999-07-16,0.99710023
1999-07-17,0.7957139
1999-07-18,0.76768893
1999-07-19,0.6832941
1999-07-20,0.8101862
1999-07-21,0.69118387
1999-07-22,0.63110995
1999-07-23,1.6188908
1999-07-24,1.5282524
1999-07-25,1.1194307
1999-07-26,0.8930001
1999-07-27,1.3633862
1999-07-28,1.270498
1999-07-29,1.3152765
1999-07-30,1.3692559
1999-07-31,0.7907404
1999-08-01,0.57615364
1999-08-02,0.92019224
1999-08-03,1.488619
1999-08-04,1.6472588
1999-08-05,1.9060483
1999-08-06,1.4253192
1999-08-07,1.8030062
1999-08-08,1.3661078
1999-08-09,0.81582826
1999-08-10,0.78590417
1999-08-11,1.3751734
1999-08-12,0.9481889
1999-08-13,0.80792016
1999-08-14,7.471926
1999-08-15,3.7640295
1999-08-16,1.7506037
1999-08-17,1.3163611
1999-08-18,2.6905785
1999-08-19,1.726511
1999-08-20,4.044278
1999-08-21,8.908264
1999-08-22,12.127295
1999-08-23,11.5761795
1999-08-24,5.28206
1999-08-25,4.751849
1999-08-26,4.0117497
1999-08-27,5.6641874
1999-08-28,8.229738
1999-08-29,6.852349
1999-08-30,4.8413963
1999-08-31,3.3780093
1999-09-01,10.111853
1999-09-02,12.340735
1999-09-03,10.306388
1999-09-04,6.5319347
1999-09-05,5.544243
1999-09-06,4.0437264
1999-09-07,3.641242
1999-09-08,7.6632447
1999-09-09,9.898543
1999-09-10,18.386446
1999-09-11,10.428209
1999-09-12,11.324474
1999-09-13,8.560817
1999-09-14,8.574553
1999-09-15,8.208504
1999-09-16,12.373641
1999-09-17,9.236483
1999-09-18,6.6833405
1999-09-19,7.159317
1999-09-20,7.7815495
1999-09-21,7.4282055
1999-09-22,6.82262
1999-09-23,5.810227
1999-09-24,10.249279
1999-09-25,15.7932415
1999-09-26,32.562943
1999-09-27,33.456215
1999-09-28,16.548386
1999-09-29,13.259264
1999-09-30,14.06101
1999-10-01,9.419756
1999-10-02,15.92343
1999-10-03,19.92793
1999-10-04,12.486868
1999-10-05,9.72903
1999-10-06,13.412421
1999-10-07,14.498864
1999-10-08,11.001151
1999-10-09,8.187053
1999-10-10,7.545416
1999-10-11,9.604602
1999-10-12,22.737976
1999-10-13,14.880898
1999-10-14,9.741712
1999-10-15,9.623084
1999-10-16,11.248209
1999-10-17,10.454758
1999-10-18,8.93949
1999-10-19,7.973416
1999-10-20,8.163049
1999-10-21,11.543282
1999-10-22,9.771521
1999-10-23,9.392973
1999-10-24,13.820118
1999-10-25,13.749215
1999-10-26,10.315609
1999-10-27,10.022516
1999-10-28,26.883816
1999-10-29,41.96477
1999-10-30,23.104856
1999-10-31,25.359503
1999-11-01,23.905588
1999-11-02,20.7003
1999-11-03,19.163273
1999-11-04,20.064169
1999-11-05,20.83774
1999-11-06,17.002779
1999-11-07,14.860593
1999-11-08,16.704231
1999-11-09,15.786082
1999-11-10,14.017647
1999-11-11,16.663551
1999-11-12,14.953168
1999-11-13,14.72315
1999-11-14,13.2441435
1999-11-15,14.767074
1999-11-16,27.437965
1999-11-17,23.74193
1999-11-18,21.329948
1999-11-19,21.147903
1999-11-20,20.401468
1999-11-21,19.2348
1999-11-22,17.902466
1999-11-23,16.533894
1999-11-24,15.286078
1999-11-25,14.156551
1999-11-26,13.230212
1999-11-27,12.342074
1999-11-28,11.53657
1999-11-29,10.884409
1999-11-30,10.268284
1999-12-01,9.891589
1999-12-02,9.569272
1999-12-03,9.863797
1999-12-04,9.22101
1999-12-05,8.87995
1999-12-06,8.561434
1999-12-07,11.801638
1999-12-08,8.745552
1999-12-09,7.019351
1999-12-10,6.7378464
1999-12-11,6.531484
1999-12-12,6.374253
1999-12-13,6.365004
1999-12-14,8.55568
1999-12-15,8.892473
1999-12-16,7.933499
1999-12-17,8.435164
1999-12-18,7.799795
1999-12-19,6.229377
1999-12-20,5.524696
1999-12-21,5.4216614
1999-12-22,5.3462763
1999-12-23,5.2220964
1999-12-24,5.110153
1999-12-25,5.013935
1999-12-26,4.9229555
1999-12-27,4.818169
1999-12-28,4.718041
1999-12-29,4.624125
1999-12-30,4.5460443
1999-12-31,4.4315
2000-01-01,4.329193
2000-01-02,4.538576
2000-01-03,4.6431603
2000-01-04,4.5784698
2000-01-05,4.6142282
2000-01-06,4.450272
2000-01-07,4.2742476
2000-01-08,4.1714897
2000-01-09,4.784622
2000-01-10,4.212626
2000-01-11,3.833175
2000-01-12,3.7172682
2000-01-13,3.6203585
2000-01-14,3.523285
2000-01-15,3.4268775
2000-01-16,3.3328788
2000-01-17,3.2478886
2000-01-18,3.1559324
2000-01-19,3.0648491
2000-01-20,2.9779944
2000-01-21,2.8935945
2000-01-22,2.8102207
2000-01-23,2.7262871
2000-01-24,2.645048
2000-01-25,2.5690968
2000-01-26,2.5019717
2000-01-27,2.428497
2000-01-28,2.3561273
2000-01-29,2.2929711
2000-01-30,2.2266195
2000-01-31,2.1665525
2000-02-01,2.1061
2000-02-02,2.044084
2000-02-03,2.021724
2000-02-04,1.942005
2000-02-05,1.8869714
2000-02-06,1.9305614
2000-02-07,1.8167427
2000-02-08,1.7294768
2000-02-09,1.6847557
2000-02-10,1.6338735
2000-02-11,1.5883473
2000-02-12,1.5438453
2000-02-13,1.4983435
2000-02-14,1.4566791
2000-02-15,1.4176704
2000-02-16,1.3779703
2000-02-17,1.3383197
2000-02-18,1.3051201
2000-02-19,1.2701894
2000-02-20,1.2343413
2000-02-21,1.1987383
2000-02-22,1.1700708
2000-02-23,1.1409833
2000-02-24,1.114448
2000-02-25,1.0910406
2000-02-26,1.0633427
2000-02-27,1.0425941
2000-02-28,0.97585046
2000-02-29,0.8937247
2000-03-01,0.81937015
2000-03-02,0.6251876
2000-03-03,0.4600952
2000-03-04,0.41814405
2000-03-05,0.14840037
2000-03-06,0.01585337
2000-03-07,0.00039790128
2000-03-08,9.986863e-06
2000-03-09,2.5065873e-07
2000-03-10,6.291245e-09
2000-03-11,1.5790298e-10
2000-03-12,3.9631826e-12
2000-03-13,9.9471314e-14
2000-03-14,0.038701527
2000-03-15,0.013931936
2000-03-16,0.0003496755
2000-03-17,8.776452e-06
2000-03-18,2.202788e-07
2000-03-19,5.528744e-09
2000-03-20,0.034429282
2000-03-21,0.012393995
2000-03-22,0.00031107498
2000-03-23,7.807623e-06
2000-03-24,1.9596231e-07
2000-03-25,4.918428e-09
2000-03-26,1.2344686e-10
2000-03-27,3.098374e-12
2000-03-28,7.776561e-14
2000-03-29,1.9518271e-15
2000-03-30,4.8988607e-17
2000-03-31,0.0641617
2000-04-01,0.044529505
2000-04-02,0.008295003
2000-04-03,0.00020819502
2000-04-04,5.2254545e-06
2000-04-05,0.07512236
2000-04-06,0.027042812
2000-04-07,0.00067874335
2000-04-08,1.7035674e-05
2000-04-09,4.275758e-07
2000-04-10,1.0731659e-08
2000-04-11,2.6935226e-10
2000-04-12,6.7604308e-12
2000-04-13,1.6967901e-13
2000-04-14,4.2587474e-15
2000-04-15,0.21061337
2000-04-16,0.07996667
2000-04-17,0.03994208
2000-04-18,0.062442094
2000-04-19,0.10833307
2000-04-20,0.06890766
2000-04-21,0.013769341
2000-04-22,0.051550187
2000-04-23,0.080944575
2000-04-24,0.060323045
2000-04-25,0.12795764
2000-04-26,1.783518
2000-04-27,0.6460792
2000-04-28,0.022208208
2000-04-29,0.021667324
2000-04-30,0.0076132277
2000-05-01,0.04849782
2000-05-02,0.043754153
2000-05-03,0.03824903
2000-05-04,0.019665532
2000-05-05,0.0063475063
2000-05-06,0.28365645
2000-05-07,0.85786897
2000-05-08,1.2306131
2000-05-09,0.516857
2000-05-10,0.107151546
2000-05-11,0.4358611
2000-05-12,0.9171503
2000-05-13,0.6240184
2000-05-14,9.914252
2000-05-15,5.951468
2000-05-16,3.4117272
2000-05-17,2.7978897
2000-05-18,0.7328926
2000-05-19,0.38515848
2000-05-20,0.23696437
2000-05-21,2.7288547
2000-05-22,1.0643253
2000-05-23,1.2042596
2000-05-24,0.82712597
2000-05-25,1.1663109
2000-05-26,0.48303893
2000-05-27,0.4419583
2000-05-28,0.25354093
2000-05-29,0.08083638
2000-05-30,0.93525136
2000-05-31,1.1475787
2000-06-01,2.7500203
2000-06-02,9.254648
2000-06-03,3.0765676
2000-06-04,0.09151731
2000-06-05,0.8220076
2000-06-06,1.9342462
2000-06-07,1.1131377
2000-06-08,2.6532319
2000-06-09,1.0784196
2000-06-10,1.6726158
2000-06-11,1.3642677
2000-06-12,0.31191483
2000-06-13,0.21352705
2000-06-14,1.286703
2000-06-15,0.9160442
2000-06-16,0.2943049
2000-06-17,0.23646021
2000-06-18,2.9986272
2000-06-19,4.1823797
2000-06-20,1.7001489
2000-06-21,0.34526098
2000-06-22,0.19327076
2000-06-23,0.31101614
2000-06-24,0.9648603
2000-06-25,2.8921673
2000-06-26,1.4418969
2000-06-27,0.38047972
2000-06-28,0.26990303
2000-06-29,0.30587378
2000-06-30,0.28357396
2000-07-01,0.27455467
2000-07-02,0.27402505
2000-07-03,0.2763809
2000-07-04,0.28717953
2000-07-05,0.37231725
2000-07-06,0.367318
2000-07-07,1.9212489
2000-07-08,1.080475
2000-07-09,0.36069712
2000-07-10,0.2625629
2000-07-11,0.26075292
2000-07-12,0.254278
2000-07-13,0.2505042
2000-07-14,0.3244506
2000-07-15,0.4731473
2000-07-16,0.9821834
2000-07-17,0.55376667
2000-07-18,0.3529479
2000-07-19,0.68477654
2000-07-20,0.4279632
2000-07-21,0.32155558
2000-07-22,2.6208599
2000-07-23,1.356681
2000-07-24,0.3432898
2000-07-25,0.3145086
2000-07-26,0.28946328
2000-07-27,0.7039095
2000-07-28,2.3790622
2000-07-29,1.9020615
2000-07-30,4.3614097
2000-07-31,2.6824772
2000-08-01,0.676184
2000-08-02,0.2438655
2000-08-03,0.7806393
2000-08-04,1.7226682
2000-08-05,2.6970246
2000-08-06,2.0480568
2000-08-07,10.042716
2000-08-08,4.059517
2000-08-09,0.5538692
2000-08-10,1.8786632
2000-08-11,1.0652933
2000-08-12,0.47072768
2000-08-13,0.4539467
2000-08-14,0.8782898
2000-08-15,0.63121504
2000-08-16,0.4585322
2000-08-17,0.45369127
2000-08-18,0.5005554
2000-08-19,0.48481503
2000-08-20,0.5634345
2000-08-21,0.47207344
2000-08-22,0.42597955
2000-08-23,0.4194402
2000-08-24,0.4415591
2000-08-25,0.5187551
2000-08-26,1.9395902
2000-08-27,1.13254
2000-08-28,0.4965998
2000-08-29,0.8937703
2000-08-30,0.70134944
2000-08-31,0.51034755
2000-09-01,0.7919311
2000-09-02,9.554344
2000-09-03,11.713277
2000-09-04,8.282943
2000-09-05,13.998436
2000-09-06,8.31012
2000-09-07,3.9729235
2000-09-08,4.943042
2000-09-09,3.7905035
2000-09-10,8.895428
2000-09-11,8.687456
2000-09-12,9.622786
2000-09-13,4.566863
2000-09-14,2.706099
2000-09-15,7.8205585
2000-09-16,7.5876503
2000-09-17,13.439046
2000-09-18,6.000986
2000-09-19,3.9589255
2000-09-20,9.08341
2000-09-21,7.1561413
2000-09-22,6.8956804
2000-09-23,3.8640473
2000-09-24,9.827142
2000-09-25,15.616749
2000-09-26,8.455504
2000-09-27,3.8398442
2000-09-28,4.8607802
2000-09-29,7.9171185
2000-09-30,9.666005
2000-10-01,6.457331
2000-10-02,6.342943
2000-10-03,8.208103
2000-10-04,14.285264
2000-10-05,7.5751867
2000-10-06,4.059584
2000-10-07,3.812914
2000-10-08,4.52813
2000-10-09,4.1454315
2000-10-10,5.263632
2000-10-11,6.365769
2000-10-12,4.2318516
2000-10-13,4.2455096
2000-10-14,5.2951546
2000-10-15,9.138025
2000-10-16,5.4458146
2000-10-17,5.952303
2000-10-18,4.6632285
2000-10-19,6.1213202
2000-10-20,3.8477094
2000-10-21,2.802595
2000-10-22,4.535348
2000-10-23,10.814489
2000-10-24,5.4958596
2000-10-25,4.424941
2000-10-26,5.5205
2000-10-27,3.90018
2000-10-28,3.6659827
2000-10-29,10.201261
2000-10-30,5.6098347
2000-10-31,9.044903
2000-11-01,7.2263227
2000-11-02,8.077567
2000-11-03,7.867396
2000-11-04,8.060706
2000-11-05,6.815793
2000-11-06,7.031032
2000-11-07,6.4290795
2000-11-08,6.0086575
2000-11-09,6.133077
2000-11-10,9.877472
2000-11-11,8.39385
2000-11-12,5.954257
2000-11-13,5.2685785
2000-11-14,5.085291
2000-11-15,4.862663
2000-11-16,4.715598
2000-11-17,4.3995056
2000-11-18,4.1895714
2000-11-19,4.215558
2000-11-20,4.1850233
2000-11-21,4.0243397
2000-11-22,3.822601
2000-11-23,3.6649075
2000-11-24,3.5325933
2000-11-25,3.4046946
2000-11-26,3.292178
2000-11-27,3.1778314
2000-11-28,3.1652057
2000-11-29,3.1209793
2000-11-30,3.1436806
2000-12-01,2.9951506
2000-12-02,3.0942419
2000-12-03,5.0092783
2000-12-04,5.2787237
2000-12-05,4.2807617
2000-12-06,6.2912884
2000-12-07,3.7235534
2000-12-08,2.9607913
2000-12-09,2.5715563
2000-12-10,2.3318899
2000-12-11,2.1856508
2000-12-12,2.17718
2000-12-13,2.0690176
2000-12-14,1.9632856
2000-12-15,1.8658606
2000-12-16,1.823862
2000-12-17,1.7992015
2000-12-18,1.7806937
2000-12-19,1.7063692
2000-12-20,1.6433009
2000-12-21,1.608474
2000-12-22,1.5882375
2000-12-23,1.5499196
2000-12-24,1.5734855
2000-12-25,1.5219349
2000-12-26,1.5427328
2000-12-27,1.4634991
2000-12-28,1.4526327
2000-12-29,1.5916363
2000-12-30,3.2515943
2000-12-31,2.263622
2001-01-01,1.4307603
2001-01-02,1.2879677
2001-01-03,1.2581338
2001-01-04,1.2240281
2001-01-05,1.1940964
2001-01-06,1.1736934
2001-01-07,1.1544175
2001-01-08,1.1287215
2001-01-09,1.1060673
2001-01-10,1.0820305
2001-01-11,1.0573106
2001-01-12,1.0352615
2001-01-13,1.0135502
2001-01-14,0.9888447
2001-01-15,0.9706109
2001-01-16,0.9462742
2001-01-17,0.9280178
2001-01-18,0.9066163
2001-01-19,0.88392025
2001-01-20,0.8669206
2001-01-21,0.9517084
2001-01-22,0.88524437
2001-01-23,0.8296023
2001-01-24,0.80462134
2001-01-25,0.7828882
2001-01-26,0.7609608
2001-01-27,0.7412009
2001-01-28,0.7218424
2001-01-29,0.7100233
2001-01-30,0.69006544
2001-01-31,0.5791591
2001-02-01,0.36470795
2001-02-02,0.27114823
2001-02-03,0.25368127
2001-02-04,0.24482939
2001-02-05,0.23757918
2001-02-06,0.23276702
2001-02-07,0.22620416
2001-02-08,0.2193775
2001-02-09,0.20708303
2001-02-10,0.18974726
2001-02-11,0.14710459
2001-02-12,0.0973543
2001-02-13,0.08271229
2001-02-14,0.066360645
2001-02-15,0.016486973
2001-02-16,0.00041380397
2001-02-17,1.0386002e-05
2001-02-18,2.6067667e-07
2001-02-19,6.5426833e-09
2001-02-20,1.6421381e-10
2001-02-21,4.1215768e-12
2001-02-22,1.03446826e-13
2001-02-23,2.596396e-15
2001-02-24,6.516654e-17
2001-02-25,1.635605e-18
2001-02-26,4.1051798e-20
2001-02-27,1.0303527e-21
2001-02-28,0.010554962
2001-03-01,0.0037996187
2001-03-02,9.536604e-05
2001-03-03,2.3935777e-06
2001-03-04,6.007604e-08
2001-03-05,0.0028978554
2001-03-06,0.082710385
2001-03-07,0.029425079
2001-03-08,0.00073853554
2001-03-09,1.853639e-05
2001-03-10,4.6524198e-07
2001-03-11,0.09623543
2001-03-12,0.115262315
2001-03-13,0.029891098
2001-03-14,0.0007502321
2001-03-15,1.882996e-05
2001-03-16,0.016335532
2001-03-17,0.005880374
2001-03-18,0.0001475906
2001-03-19,0.09414395
2001-03-20,0.8996362
2001-03-21,0.33238357
2001-03-22,0.44597512
2001-03-23,0.2550392
2001-03-24,0.04934398
2001-03-25,0.004458602
2001-03-26,0.1467989
2001-03-27,0.11264229
2001-03-28,0.038446017
2001-03-29,0.0061828434
2001-03-30,0.00015518224
2001-03-31,0.0042686802
2001-04-01,0.01675946
2001-04-02,0.020528171
2001-04-03,0.005541593
2001-04-04,0.00013908758
2001-04-05,3.490938e-06
2001-04-06,8.761852e-08
2001-04-07,2.1991235e-09
2001-04-08,5.5195463e-11
2001-04-09,0.040195543
2001-04-10,0.053171284
2001-04-11,0.04048841
2001-04-12,0.035421442
2001-04-13,0.025557064
2001-04-14,0.0060276645
2001-04-15,0.00015128743
2001-04-16,3.7971397e-06
2001-04-17,0.046743497
2001-04-18,0.15713264
2001-04-19,2.3969393
2001-04-20,0.9692853
2001-04-21,0.10196196
2001-04-22,0.014709457
2001-04-23,0.00036919038
2001-04-24,9.266252e-06
2001-04-25,2.3257225e-07
2001-04-26,0.0376963
2001-04-27,0.10002023
2001-04-28,0.03146128
2001-04-29,0.00078964187
2001-04-30,1.98191e-05
2001-05-01,0.08062033
2001-05-02,0.060813688
2001-05-03,0.05981344
2001-05-04,0.049321875
2001-05-05,1.1223183
2001-05-06,2.8798146
2001-05-07,0.9358378
2001-05-08,0.06373782
2001-05-09,0.84373736
2001-05-10,0.3742829
2001-05-11,0.05988003
2001-05-12,0.04682537
2001-05-13,0.013483778
2001-05-14,0.018737458
2001-05-15,0.1733781
2001-05-16,0.80288607
2001-05-17,5.570014
2001-05-18,1.958445
2001-05-19,0.06367818
2001-05-20,0.18601061
2001-05-21,1.4132298
2001-05-22,1.6668092
2001-05-23,0.97565424
2001-05-24,0.24225415
2001-05-25,0.18304855
2001-05-26,0.3823499
2001-05-27,0.98775
2001-05-28,5.192242
2001-05-29,1.8237594
2001-05-30,0.85081995
2001-05-31,0.30742487
2001-06-01,0.16034077
2001-06-02,1.1132956
2001-06-03,10.83246
2001-06-04,10.4764595
2001-06-05,2.527604
2001-06-06,0.800632
2001-06-07,0.4715474
2001-06-08,0.09753008
2001-06-09,0.049623623
2001-06-10,0.07223239
2001-06-11,0.06391291
2001-06-12,0.037809115
2001-06-13,0.3913293
2001-06-14,0.26484174
2001-06-15,0.98948294
2001-06-16,0.46989927
2001-06-17,0.1730024
2001-06-18,0.08682695
2001-06-19,0.14274901
2001-06-20,0.052674208
2001-06-21,0.11287103
2001-06-22,0.61464584
2001-06-23,0.20806128
2001-06-24,0.14324094
2001-06-25,0.38570327
2001-06-26,0.12815781
2001-06-27,0.005223677
2001-06-28,0.00013110827
2001-06-29,0.003428027
2001-06-30,0.09465571
2001-07-01,0.9542172
2001-07-02,0.6630206
2001-07-03,0.12741786
2001-07-04,0.007544822
2001-07-05,0.0016450392
2001-07-06,4.1288586e-05
2001-07-07,0.87495035
2001-07-08,0.73059845
2001-07-09,0.79097784
2001-07-10,1.1838845
2001-07-11,0.8980368
2001-07-12,0.4740057
2001-07-13,0.565891
2001-07-14,0.1963231
2001-07-15,0.16560306
2001-07-16,0.3497029
2001-07-17,0.17382988
2001-07-18,0.026584325
2001-07-19,0.003828531
2001-07-20,0.016829517
2001-07-21,0.11983077
2001-07-22,0.3330647
2001-07-23,0.26702598
2001-07-24,0.06876446
2001-07-25,0.06325033
2001-07-26,0.17531967
2001-07-27,0.90941995
2001-07-28,0.79606694
2001-07-29,0.46766797
2001-07-30,0.11902926
2001-07-31,0.05955783
2001-08-01,0.36487514
2001-08-02,0.17963766
2001-08-03,0.062329456
2001-08-04,0.057873163
2001-08-05,1.6517135
2001-08-06,1.8019067
2001-08-07,0.80249465
2001-08-08,0.4167676
2001-08-09,0.9419958
2001-08-10,0.88200456
2001-08-11,0.23627928
2001-08-12,0.2824359
2001-08-13,0.18504265
2001-08-14,0.60082656
2001-08-15,0.30767167
2001-08-16,0.06630964
2001-08-17,0.038342092
2001-08-18,0.07329937
2001-08-19,0.19771305
2001-08-20,0.15977983
2001-08-21,0.61984384
2001-08-22,0.5413638
2001-08-23,0.5553213
2001-08-24,0.5980086
2001-08-25,0.5411047
2001-08-26,1.3412261
2001-08-27,2.2104418
2001-08-28,0.8319291
2001-08-29,0.31900635
2001-08-30,0.18792048
2001-08-31,0.15883201
2001-09-01,0.219721
2001-09-02,0.42141908
2001-09-03,0.6977637
2001-09-04,2.625226
2001-09-05,4.873494
2001-09-06,5.2350783
2001-09-07,3.914843
2001-09-08,1.5865124
2001-09-09,0.52215123
2001-09-10,1.4474944
2001-09-11,0.7852276
2001-09-12,0.4520034
2001-09-13,2.4981997
2001-09-14,8.578431
2001-09-15,7.112902
2001-09-16,2.425831
2001-09-17,1.088052
2001-09-18,1.1200589
2001-09-19,30.059954
2001-09-20,14.274305
2001-09-21,3.1095157
2001-09-22,2.232632
2001-09-23,6.0910287
2001-09-24,4.0760455
2001-09-25,4.781122
2001-09-26,2.687868
2001-09-27,1.8203981
2001-09-28,2.65153
2001-09-29,3.2588713
2001-09-30,2.6968505
2001-10-01,2.2144697
2001-10-02,2.0504494
2001-10-03,1.7528536
2001-10-04,3.564604
2001-10-05,2.6833522
2001-10-06,1.8176135
2001-10-07,1.6079398
2001-10-08,3.1991386
2001-10-09,2.2561765
2001-10-10,1.7724315
2001-10-11,2.4756799
2001-10-12,4.45527
2001-10-13,2.3425822
2001-10-14,1.4490103
2001-10-15,1.5920919
2001-10-16,1.6936705
2001-10-17,2.1123493
2001-10-18,4.998732
2001-10-19,5.458567
2001-10-20,2.4918082
2001-10-21,1.4607724
2001-10-22,1.8590964
2001-10-23,9.581112
2001-10-24,6.2830358
2001-10-25,4.260747
2001-10-26,2.3520827
2001-10-27,7.173267
2001-10-28,9.39745
2001-10-29,6.0497704
2001-10-30,9.411206
2001-10-31,8.148129
2001-11-01,7.7726607
2001-11-02,12.266899
2001-11-03,18.591738
2001-11-04,15.023153
2001-11-05,10.793875
2001-11-06,8.621102
2001-11-07,7.222246
2001-11-08,6.246035
2001-11-09,5.807288
2001-11-10,6.3588934
2001-11-11,6.1736264
2001-11-12,5.285381
2001-11-13,4.111754
2001-11-14,3.8337343
2001-11-15,4.448715
2001-11-16,4.546734
2001-11-17,3.1147306
2001-11-18,2.627957
2001-11-19,3.2560492
2001-11-20,6.1161265
2001-11-21,5.0771275
2001-11-22,6.0264764
2001-11-23,6.3100142
2001-11-24,5.220794
2001-11-25,4.3768053
2001-11-26,4.0010476
2001-11-27,2.8511002
2001-11-28,2.1758745
2001-11-29,1.8929931
2001-11-30,1.7417645
2001-12-01,1.6817036
2001-12-02,1.6355833
2001-12-03,1.5978012
2001-12-04,1.5617248
2001-12-05,1.5217633
2001-12-06,1.4819863
2001-12-07,1.4415594
2001-12-08,1.4912359
2001-12-09,1.5823948
2001-12-10,1.9824597
2001-12-11,1.6702974
2001-12-12,1.3287667
2001-12-13,1.2328682
2001-12-14,1.2558792
2001-12-15,1.2489204
2001-12-16,2.2128775
2001-12-17,1.5607332
2001-12-18,1.1325369
2001-12-19,1.1130694
2001-12-20,1.1442057
2001-12-21,1.1259093
2001-12-22,1.2908859
2001-12-23,1.9112825
2001-12-24,1.2991612
2001-12-25,1.0288266
2001-12-26,1.373075
2001-12-27,1.7360196
2001-12-28,1.1906929
2001-12-29,0.8829567
2001-12-30,0.92108303
2001-12-31,0.89498657
2002-01-01,0.88406235
2002-01-02,0.8468704
2002-01-03,0.7858537
2002-01-04,0.76475716
2002-01-05,0.7516172
2002-01-06,0.73153424
2002-01-07,0.71398807
2002-01-08,0.7065161
2002-01-09,0.700599
2002-01-10,0.6769364
2002-01-11,0.65644664
2002-01-12,0.63883793
2002-01-13,0.62458575
2002-01-14,0.60913616
2002-01-15,0.59400475
2002-01-16,0.57884943
2002-01-17,0.56428766
2002-01-18,0.5487046
2002-01-19,0.5340558
2002-01-20,0.51911575
2002-01-21,0.50580674
2002-01-22,0.4912855
2002-01-23,0.4766074
2002-01-24,0.46342456
2002-01-25,0.44996297
2002-01-26,0.435945
2002-01-27,0.4230845
2002-01-28,0.41033658
2002-01-29,0.3969193
2002-01-30,0.38593304
2002-01-31,0.3725248
2002-02-01,0.36131254
2002-02-02,0.350457
2002-02-03,0.33995563
2002-02-04,0.32981807
2002-02-05,0.3199589
2002-02-06,0.31178582
2002-02-07,0.30287135
2002-02-08,0.29251605
2002-02-09,0.28443304
2002-02-10,0.27729622
2002-02-11,0.27060506
2002-02-12,0.26260647
2002-02-13,0.25532332
2002-02-14,0.24748859
2002-02-15,0.23944634
2002-02-16,0.23289543
2002-02-17,0.22725487
2002-02-18,0.22061819
2002-02-19,0.21407002
2002-02-20,0.20876114
2002-02-21,0.20317698
2002-02-22,0.15885778
2002-02-23,0.05833167
2002-02-24,0.010714552
2002-02-25,0.004356555
2002-02-26,0.0011680158
2002-02-27,2.9315846e-05
2002-02-28,0.0028327294
2002-03-01,0.0010194912
2002-03-02,2.5588051e-05
2002-03-03,6.422306e-07
2002-03-04,1.6119246e-08
2002-03-05,4.0457449e-10
2002-03-06,1.0154352e-11
2002-03-07,2.5486254e-13
2002-03-08,6.3967555e-15
2002-03-09,1.6055118000000002e-16
2002-03-10,4.0296492e-18
2002-03-11,1.0113955e-19
2002-03-12,2.5384858e-21
2002-03-13,6.3713064e-23
2002-03-14,1.5991244e-24
2002-03-15,4.0136177000000004e-26
2002-03-16,0.013068047
2002-03-17,0.0047042896
2002-03-18,0.00011807225
2002-03-19,2.963477e-06
2002-03-20,7.4379855e-08
2002-03-21,0.06733691
2002-03-22,0.14264649
2002-03-23,0.5961655
2002-03-24,0.2001321
2002-03-25,0.0108187925
2002-03-26,0.0022124364
2002-03-27,5.5529603e-05
2002-03-28,0.0039530126
2002-03-29,0.0014225551
2002-03-30,3.570449e-05
2002-03-31,8.961415e-07
2002-04-01,2.2492117e-08
2002-04-02,5.645262e-10
2002-04-03,1.4168956e-11
2002-04-04,0.0039601577
2002-04-05,0.001425594
2002-04-06,0.0029336347
2002-04-07,0.0010440794
2002-04-08,2.6205189e-05
2002-04-09,6.5772e-07
2002-04-10,1.6508013e-08
2002-04-11,0.06182192
2002-04-12,0.19416675
2002-04-13,0.06244411
2002-04-14,0.022677198
2002-04-15,0.007638574
2002-04-16,0.0001917194
2002-04-17,4.8119355e-06
2002-04-18,1.2077403e-07
2002-04-19,0.032316573
2002-04-20,0.1928114
2002-04-21,0.14943422
2002-04-22,0.15373737
2002-04-23,0.04467539
2002-04-24,0.025624776
2002-04-25,0.045519274
2002-04-26,2.5212085
2002-04-27,0.9650667
2002-04-28,0.060488265
2002-04-29,0.0067137526
2002-04-30,0.0041201264
2002-05-01,0.0014267494
2002-05-02,3.5809764e-05
2002-05-03,8.9878375e-07
2002-05-04,0.067586504
2002-05-05,0.02433006
2002-05-06,0.00061065645
2002-05-07,1.5326772e-05
2002-05-08,3.8468428e-07
2002-05-09,0.0038857681
2002-05-10,0.0013988116
2002-05-11,0.0065552797
2002-05-12,0.0023480393
2002-05-13,5.8933078e-05
2002-05-14,1.4791523e-06
2002-05-15,3.7125016e-08
2002-05-16,0.042471156
2002-05-17,0.015288942
2002-05-18,0.073823564
2002-05-19,0.19747394
2002-05-20,0.19520602
2002-05-21,0.16282265
2002-05-22,0.18860866
2002-05-23,0.12577151
2002-05-24,0.5883474
2002-05-25,0.8439042
2002-05-26,0.913152
2002-05-27,1.353113
2002-05-28,0.4963419
2002-05-29,1.1287872
2002-05-30,1.9713354
2002-05-31,10.589854
2002-06-01,3.8792322
2002-06-02,2.479102
2002-06-03,1.436179
2002-06-04,1.7543621
2002-06-05,4.503412
2002-06-06,8.751529
2002-06-07,6.7618976
2002-06-08,1.6578318
2002-06-09,0.4227893
2002-06-10,0.6153281
2002-06-11,5.1391964
2002-06-12,5.5748806
2002-06-13,2.2222772
2002-06-14,0.4441793
2002-06-15,0.13195528
2002-06-16,0.11169151
2002-06-17,2.9038637
2002-06-18,1.3295994
2002-06-19,5.59903
2002-06-20,1.9713852
2002-06-21,0.053431112
2002-06-22,0.0026643984
2002-06-23,6.687332e-05
2002-06-24,0.0741568
2002-06-25,0.04830725
2002-06-26,0.07439357
2002-06-27,0.07221927
2002-06-28,0.017977064
2002-06-29,0.004139381
2002-06-30,0.06325455
2002-07-01,0.02232222
2002-07-02,0.00056026195
2002-07-03,1.4061929e-05
2002-07-04,0.03489933
2002-07-05,0.106920585
2002-07-06,0.15668836
2002-07-07,1.6031455
2002-07-08,0.854174
2002-07-09,0.119262666
2002-07-10,0.0029933553
2002-07-11,0.1898568
2002-07-12,0.1267126
2002-07-13,0.57692933
2002-07-14,0.20850189
2002-07-15,0.015432635
2002-07-16,0.55304986
2002-07-17,0.74086714
2002-07-18,0.21931663
2002-07-19,1.4632231
2002-07-20,1.5643747
2002-07-21,1.7294761
2002-07-22,0.98830336
2002-07-23,0.1994957
2002-07-24,0.0079184575
2002-07-25,0.28768584
2002-07-26,0.103495784
2002-07-27,0.4499873
2002-07-28,0.31027204
2002-07-29,0.05773684
2002-07-30,0.054402485
2002-07-31,0.04978965
2002-08-01,0.026280306
2002-08-02,0.02654365
2002-08-03,0.061465677
2002-08-04,0.09391792
2002-08-05,0.4422115
2002-08-06,0.20110863
2002-08-07,0.022143023
2002-08-08,0.03641151
2002-08-09,0.7491951
2002-08-10,0.6377157
2002-08-11,0.4634384
2002-08-12,0.37368745
2002-08-13,0.28164837
2002-08-14,0.07266306
2002-08-15,0.005889642
2002-08-16,0.0011844388
2002-08-17,2.9728046e-05
2002-08-18,7.461397e-07
2002-08-19,1.8727244e-08
2002-08-20,0.031868532
2002-08-21,0.17681468
2002-08-22,0.09140074
2002-08-23,0.012873791
2002-08-24,0.096195094
2002-08-25,0.07433334
2002-08-26,0.052752357
2002-08-27,0.8196332
2002-08-28,5.5408816
2002-08-29,3.7095013
2002-08-30,1.0638607
2002-08-31,0.9127605
2002-09-01,0.74974966
2002-09-02,3.2274122
2002-09-03,1.5907308
2002-09-04,1.9775906
2002-09-05,2.9093516
2002-09-06,0.8651634
2002-09-07,0.64349145
2002-09-08,1.4851965
2002-09-09,0.7818842
2002-09-10,0.21968089
2002-09-11,1.0215683
2002-09-12,1.8736448
2002-09-13,2.1923664
2002-09-14,3.4089828
2002-09-15,8.543101
2002-09-16,3.3795373
2002-09-17,1.5491956
2002-09-18,1.2865887
2002-09-19,4.246471
2002-09-20,5.7264485
2002-09-21,2.671645
2002-09-22,2.3471577
2002-09-23,2.6685588
2002-09-24,4.405079
2002-09-25,3.9440587
2002-09-26,3.1342103
2002-09-27,1.6361539
2002-09-28,1.4808517
2002-09-29,2.8890104
2002-09-30,3.573704
2002-10-01,2.7336445
2002-10-02,1.3951069
2002-10-03,1.6273799
2002-10-04,1.2866751
2002-10-05,1.0662521
2002-10-06,1.0769806
2002-10-07,1.1719649
2002-10-08,2.0736146
2002-10-09,4.123527
2002-10-10,2.083117
2002-10-11,1.2171887
2002-10-12,1.3067857
2002-10-13,5.8595495
2002-10-14,2.7837121
2002-10-15,1.1379943
2002-10-16,1.2398113
2002-10-17,4.076817
2002-10-18,9.351702
2002-10-19,3.787141
2002-10-20,1.6452576
2002-10-21,1.2834475
2002-10-22,1.2188023
2002-10-23,1.6573095
2002-10-24,5.063694
2002-10-25,5.40814
2002-10-26,5.0262437
2002-10-27,11.503919
2002-10-28,23.19452
2002-10-29,10.840443
2002-10-30,4.320293
2002-10-31,8.539662
2002-11-01,5.510984
2002-11-02,3.4201922
2002-11-03,3.2726924
2002-11-04,4.0637527
2002-11-05,3.9526331
2002-11-06,3.7448301
2002-11-07,4.136338
2002-11-08,4.9205484
2002-11-09,22.3374
2002-11-10,10.799278
2002-11-11,4.4353876
2002-11-12,4.2140355
2002-11-13,4.146941
2002-11-14,4.7330317
2002-11-15,4.836979
2002-11-16,3.9801333
2002-11-17,3.5663424
2002-11-18,3.9406085
2002-11-19,3.6291537
2002-11-20,3.1796887
2002-11-21,2.9132543
2002-11-22,2.7975414
2002-11-23,2.7098157
2002-11-24,2.8235524
2002-11-25,2.4559245
2002-11-26,2.2168894
2002-11-27,2.0972376
2002-11-28,1.9900546
2002-11-29,1.8941228
2002-11-30,1.7964795
2002-12-01,1.7190983
2002-12-02,1.6270765
2002-12-03,1.5437464
2002-12-04,1.4683807
2002-12-05,1.3969173
2002-12-06,1.3288392
2002-12-07,1.2670947
2002-12-08,1.2083513
2002-12-09,1.1515021
2002-12-10,1.1005193
2002-12-11,1.0492084
2002-12-12,1.0007639
2002-12-13,0.95373887
2002-12-14,0.9093396
2002-12-15,0.8709138
2002-12-16,0.83793366
2002-12-17,0.82270426
2002-12-18,0.8114076
2002-12-19,1.276645
2002-12-20,0.8991844
2002-12-21,0.691457
2002-12-22,0.65798545
2002-12-23,0.63099277
2002-12-24,0.60607445
2002-12-25,0.5824759
2002-12-26,0.5580492
2002-12-27,0.5340855
2002-12-28,0.5123886
2002-12-29,0.49197698
2002-12-30,0.4713227
2002-12-31,0.45239323
2003-01-01,0.43383452
2003-01-02,0.41574088
2003-01-03,0.3986937
2003-01-04,0.38166037
2003-01-05,0.36714205
2003-01-06,0.35117266
2003-01-07,0.33929193
2003-01-08,0.32604295
2003-01-09,0.31400967
2003-01-10,0.30313355
2003-01-11,0.29280773
2003-01-12,0.2818686
2003-01-13,0.2722892
2003-01-14,0.263156
2003-01-15,0.2540057
2003-01-16,0.24545108
2003-01-17,0.23699613
2003-01-18,0.22979215
2003-01-19,0.22169602
2003-01-20,0.21521515
2003-01-21,0.19443627
2003-01-22,0.15176839
2003-01-23,0.11366373
2003-01-24,0.08938345
2003-01-25,0.028361471
2003-01-26,0.0026086261
2003-01-27,6.5473505e-05
2003-01-28,1.6433094e-06
2003-01-29,4.124517e-08
2003-01-30,1.0352061e-09
2003-01-31,2.598248e-11
2003-02-01,6.5213026e-13
2003-02-02,1.6367717e-14
2003-02-03,4.108108e-16
2003-02-04,1.0310877e-17
2003-02-05,2.5879109999999997e-19
2003-02-06,6.4953582e-21
2003-02-07,1.63026e-22
2003-02-08,4.0917643e-24
2003-02-09,1.0269855999999999e-25
2003-02-10,2.5776153e-27
2003-02-11,6.469517e-29
2003-02-12,1.6237741e-30
2003-02-13,4.0754856e-32
2003-02-14,1.02289985e-33
2003-02-15,2.5673606e-35
2003-02-16,6.4437789999999995e-37
2003-02-17,1.6173141e-38
2003-02-18,4.0592700000000005e-40
2003-02-19,1.0189000000000001e-41
2003-02-20,2.5500000000000002e-43
2003-02-21,7e-45
2003-02-22,0.0
2003-02-23,0.0
2003-02-24,0.0
2003-02-25,0.0
2003-02-26,0.0
2003-02-27,0.0
2003-02-28,0.0
2003-03-01,0.005005384
2003-03-02,0.0018018588
2003-03-03,4.5224573e-05
2003-03-04,1.1350846e-06
2003-03-05,2.8489314e-08
2003-03-06,7.150489e-10
2003-03-07,1.7946903e-11
2003-03-08,4.5044654e-13
2003-03-09,1.1305688e-14
2003-03-10,2.8375972e-16
2003-03-11,7.122042e-18
2003-03-12,1.7875502e-19
2003-03-13,4.486545e-21
2003-03-14,1.1260709e-22
2003-03-15,2.8263082e-24
2003-03-16,0.020586517
2003-03-17,0.0074108196
2003-03-18,0.005454828
2003-03-19,0.01212233
2003-03-20,0.010523341
2003-03-21,0.002540082
2003-03-22,0.0030933274
2003-03-23,0.0010921988
2003-03-24,2.741293e-05
2003-03-25,6.880329e-07
2003-03-26,1.7268832e-08
2003-03-27,4.3342774e-10
2003-03-28,0.0033509026
2003-03-29,0.0012062718
2003-03-30,3.0276029e-05
2003-03-31,0.024629004
2003-04-01,0.008865796
2003-04-02,0.00022252125
2003-04-03,5.585027e-06
2003-04-04,1.4017773e-07
2003-04-05,3.5182992e-09
2003-04-06,0.0069811936
2003-04-07,0.0025131188
2003-04-08,6.307638e-05
2003-04-09,1.5831445e-06
2003-04-10,0.043865662
2003-04-11,0.015790928
2003-04-12,0.0003963341
2003-04-13,0.0065959785
2003-04-14,0.043167513
2003-04-15,0.57330716
2003-04-16,0.6571415
2003-04-17,1.4668832
2003-04-18,0.47142553
2003-04-19,0.017562084
2003-04-20,0.0063112485
2003-04-21,0.001481744
2003-04-22,0.03153745
2003-04-23,5.114787
2003-04-24,2.339161
2003-04-25,0.5821084
2003-04-26,0.4231881
2003-04-27,1.1775414
2003-04-28,8.344857
2003-04-29,6.618694
2003-04-30,1.8625796
2003-05-01,0.6178987
2003-05-02,0.15715754
2003-05-03,0.05626808
2003-05-04,0.28080204
2003-05-05,0.2175968
2003-05-06,3.54753
2003-05-07,1.3739581
2003-05-08,6.3840017
2003-05-09,2.7495987
2003-05-10,0.6782494
2003-05-11,0.4306685
2003-05-12,0.33837378
2003-05-13,0.13969961
2003-05-14,0.1402539
2003-05-15,1.5298077
2003-05-16,0.55217695
2003-05-17,0.7556628
2003-05-18,0.6639064
2003-05-19,0.28632778
2003-05-20,1.9321456
2003-05-21,0.7336475
2003-05-22,0.3311551
2003-05-23,0.22282183
2003-05-24,0.92040676
2003-05-25,1.0238156
2003-05-26,2.7740507
2003-05-27,1.5329958
2003-05-28,0.2793937
2003-05-29,0.017900396
2003-05-30,0.102288134
2003-05-31,0.25649828
2003-06-01,0.6710155
2003-06-02,2.1548617
2003-06-03,2.5031602
2003-06-04,9.960935
2003-06-05,3.385877
2003-06-06,0.32043573
2003-06-07,3.745171
2003-06-08,2.0384436
2003-06-09,0.31441307
2003-06-10,0.08244642
2003-06-11,0.61464155
2003-06-12,3.8516724
2003-06-13,6.960624
2003-06-14,14.572994
2003-06-15,8.334916
2003-06-16,3.429015
2003-06-17,6.9192543
2003-06-18,4.635039
2003-06-19,14.046871
2003-06-20,5.6525116
2003-06-21,0.8296101
2003-06-22,2.494857
2003-06-23,4.490222
2003-06-24,2.3487985
2003-06-25,2.0343773
2003-06-26,1.2135111
2003-06-27,1.1173075
2003-06-28,0.9081572
2003-06-29,0.80028266
2003-06-30,0.8075025
2003-07-01,1.1419818
2003-07-02,2.5821376
2003-07-03,1.4011132
2003-07-04,0.95660776
2003-07-05,1.4813013
2003-07-06,1.8973427
2003-07-07,1.7124103
2003-07-08,0.9800411
2003-07-09,16.382492
2003-07-10,7.4305506
2003-07-11,5.6785398
2003-07-12,5.197639
2003-07-13,2.48877
2003-07-14,3.1955833
2003-07-15,2.2680256
2003-07-16,1.8836888
2003-07-17,3.3070025
2003-07-18,2.490762
2003-07-19,1.8925874
2003-07-20,1.7977552
2003-07-21,1.8332509
2003-07-22,1.7333813
2003-07-23,1.7409086
2003-07-24,3.049062
2003-07-25,2.0644727
2003-07-26,1.8853637
2003-07-27,2.6459498
2003-07-28,2.287475
2003-07-29,1.4932711
2003-07-30,1.2854272
2003-07-31,1.2624433
2003-08-01,1.218774
2003-08-02,3.1141152
2003-08-03,9.241124
2003-08-04,13.087957
2003-08-05,5.155179
2003-08-06,1.3900615
2003-08-07,1.1081846
2003-08-08,1.1200271
2003-08-09,1.782172
2003-08-10,3.705961
2003-08-11,2.6018786
2003-08-12,2.056064
2003-08-13,1.6152602
2003-08-14,1.1835731
2003-08-15,2.8757868
2003-08-16,5.783378
2003-08-17,7.9755597
2003-08-18,4.0287657
2003-08-19,1.4812568
2003-08-20,1.4388385
2003-08-21,1.5793082
2003-08-22,2.4422138
2003-08-23,11.538374
2003-08-24,5.6437287
2003-08-25,1.7562737
2003-08-26,1.3935871
2003-08-27,1.6908431
2003-08-28,3.7014036
2003-08-29,2.4757931
2003-08-30,3.1351368
2003-08-31,2.1123219
2003-09-01,2.3879263
2003-09-02,2.1269462
2003-09-03,1.5677185
2003-09-04,1.7375549
2003-09-05,4.66085
2003-09-06,4.7075386
2003-09-07,3.1486244
2003-09-08,1.7430487
2003-09-09,1.398939
2003-09-10,5.3367257
2003-09-11,10.22299
2003-09-12,6.7881308
2003-09-13,7.9584866
2003-09-14,4.426167
2003-09-15,7.171581
2003-09-16,4.4632483
2003-09-17,3.0807273
2003-09-18,3.2002792
2003-09-19,8.464985
2003-09-20,6.7978587
2003-09-21,5.0898547
2003-09-22,4.2344
2003-09-23,4.1042213
2003-09-24,10.043931
2003-09-25,7.364413
2003-09-26,5.0636587
2003-09-27,4.456338
2003-09-28,7.9625
2003-09-29,9.709956
2003-09-30,11.011819
2003-10-01,11.295207
2003-10-02,14.540902
2003-10-03,13.891156
2003-10-04,10.098197
2003-10-05,11.997033
2003-10-06,13.251871
2003-10-07,17.275429
2003-10-08,18.608343
2003-10-09,17.518946
2003-10-10,18.65716
2003-10-11,20.439266
2003-10-12,12.010847
2003-10-13,13.353305
2003-10-14,16.051159
2003-10-15,11.627435
2003-10-16,8.245713
2003-10-17,9.876128
2003-10-18,6.8638563
2003-10-19,8.864799
2003-10-20,22.999853
2003-10-21,18.40154
2003-10-22,24.088762
2003-10-23,19.984423
2003-10-24,11.8888645
2003-10-25,9.358898
2003-10-26,17.188456
2003-10-27,12.221785
2003-10-28,14.159732
2003-10-29,10.143504
2003-10-30,11.247069
2003-10-31,9.8137045
2003-11-01,8.367625
2003-11-02,8.129514
2003-11-03,8.20437
2003-11-04,8.181048
2003-11-05,7.458297
2003-11-06,6.9701076
2003-11-07,6.6877317
2003-11-08,7.110053
2003-11-09,10.935884
2003-11-10,13.225077
2003-11-11,10.813417
2003-11-12,12.4321
2003-11-13,10.804845
2003-11-14,8.442614
2003-11-15,8.117031
2003-11-16,7.441255
2003-11-17,7.4704723
2003-11-18,7.2832947
2003-11-19,14.996305
2003-11-20,9.91117
2003-11-21,7.369577
2003-11-22,8.266168
2003-11-23,8.446447
2003-11-24,12.340685
2003-11-25,9.538232
2003-11-26,9.018657
2003-11-27,8.184279
2003-11-28,7.672793
2003-11-29,7.6354957
2003-11-30,9.235208
2003-12-01,34.297478
2003-12-02,30.26024
2003-12-03,28.880878
2003-12-04,43.69504
2003-12-05,35.065414
2003-12-06,32.33298
2003-12-07,28.833199
2003-12-08,24.216534
2003-12-09,21.427769
2003-12-10,19.441925
2003-12-11,17.822659
2003-12-12,16.552101
2003-12-13,15.689537
2003-12-14,14.116386
2003-12-15,12.831071
2003-12-16,11.874534
2003-12-17,11.046841
2003-12-18,10.308028
2003-12-19,9.6536455
2003-12-20,9.056646
2003-12-21,8.712991
2003-12-22,8.155991
2003-12-23,7.6246624
2003-12-24,7.211045
2003-12-25,6.8395944
2003-12-26,6.5207977
2003-12-27,6.20012
2003-12-28,5.93003
2003-12-29,5.648496
2003-12-30,5.4002333
2003-12-31,5.1629467
2004-01-01,4.9373617
2004-01-02,4.726626
2004-01-03,4.534503
2004-01-04,4.344488
2004-01-05,4.170004
2004-01-06,4.004523
2004-01-07,3.848513
2004-01-08,3.6949518
2004-01-09,3.5489862
2004-01-10,3.4084897
2004-01-11,3.2819638
2004-01-12,3.1828778
2004-01-13,3.0527315
2004-01-14,2.9275637
2004-01-15,2.8172238
2004-01-16,2.7120574
2004-01-17,2.6084187
2004-01-18,2.5079095
2004-01-19,2.4116323
2004-01-20,2.315722
2004-01-21,2.2260184
2004-01-22,2.1402795
2004-01-23,2.0642385
2004-01-24,1.9887459
2004-01-25,1.9151824
2004-01-26,1.8435761
2004-01-27,1.7759749
2004-01-28,1.7101723
2004-01-29,1.6451694
2004-01-30,1.5835916
2004-01-31,1.5264304
2004-02-01,1.4689666
2004-02-02,1.411741
2004-02-03,1.3567712
2004-02-04,1.307565
2004-02-05,1.264432
2004-02-06,1.2187079
2004-02-07,1.1732957
2004-02-08,1.0114659
2004-02-09,0.80959225
2004-02-10,0.7270661
2004-02-11,0.6434401
2004-02-12,0.5325895
2004-02-13,0.49224746
2004-02-14,0.47377032
2004-02-15,0.45670855
2004-02-16,0.44141096
2004-02-17,0.42960823
2004-02-18,0.41722748
2004-02-19,0.38183433
2004-02-20,0.29322726
2004-02-21,0.08469339
2004-02-22,0.060982253
2004-02-23,0.019822398
2004-02-24,0.00049751933
2004-02-25,0.0032110761
2004-02-26,0.0011517546
2004-02-27,2.8907712e-05
2004-02-28,7.2555025e-07
2004-02-29,1.8210473e-08
2004-03-01,4.5706186e-10
2004-03-02,1.14717255e-11
2004-03-03,2.8792707e-13
2004-03-04,7.226637e-15
2004-03-05,1.8138025e-16
2004-03-06,4.552435e-18
2004-03-07,1.1426086e-19
2004-03-08,2.8678158000000003e-21
2004-03-09,7.197887000000001e-23
2004-03-10,1.8065865e-24
2004-03-11,4.5343238000000004e-26
2004-03-12,1.1380629000000001e-27
2004-03-13,2.8564065999999997e-29
2004-03-14,7.1692507e-31
2004-03-15,1.7993991e-32
2004-03-16,4.5162839999999994e-34
2004-03-17,1.1335352e-35
2004-03-18,2.8450426e-37
2004-03-19,7.140728000000001e-39
2004-03-20,1.79225e-40
2004-03-21,4.498e-42
2004-03-22,1.14e-43
2004-03-23,3e-45
2004-03-24,0.0
2004-03-25,0.0
2004-03-26,0.0
2004-03-27,0.0
2004-03-28,0.0
2004-03-29,0.0
2004-03-30,0.0
2004-03-31,0.0
2004-04-01,0.0
2004-04-02,0.0
2004-04-03,0.045989476
2004-04-04,0.04136661
2004-04-05,0.05654984
2004-04-06,0.017226826
2004-04-07,0.00043237346
2004-04-08,1.0852075e-05
2004-04-09,2.7237456e-07
2004-04-10,0.012816747
2004-04-11,0.0046138233
2004-04-12,0.02858821
2004-04-13,0.010252521
2004-04-14,0.025388187
2004-04-15,0.083590746
2004-04-16,0.027059568
2004-04-17,0.0006791639
2004-04-18,0.025650525
2004-04-19,0.009228074
2004-04-20,0.000231614
2004-04-21,0.03666395
2004-04-22,0.05805769
2004-04-23,1.020795
2004-04-24,5.198191
2004-04-25,17.132069
2004-04-26,15.670896
2004-04-27,3.9139318
2004-04-28,10.83524
2004-04-29,5.0483227
2004-04-30,0.53322625
2004-05-01,0.03794222
2004-05-02,0.23346107
2004-05-03,0.24741305
2004-05-04,2.9895926
2004-05-05,3.7227192
2004-05-06,1.0126519
2004-05-07,0.039391626
2004-05-08,0.0027531364
2004-05-09,6.910055e-05
2004-05-10,0.05221848
2004-05-11,0.65454906
2004-05-12,0.24089254
2004-05-13,0.14504182
2004-05-14,0.13245632
2004-05-15,0.031309113
2004-05-16,0.08707683
2004-05-17,3.6625361
2004-05-18,3.3755493
2004-05-19,8.277378
2004-05-20,6.9515533
2004-05-21,2.7381597
2004-05-22,3.9147565
2004-05-23,3.7888808
2004-05-24,1.3821584
2004-05-25,0.6089164
2004-05-26,0.19206682
2004-05-27,1.1794354
2004-05-28,4.6262083
2004-05-29,7.8005548
2004-05-30,9.859518
2004-05-31,2.8937821
2004-06-01,0.32437155
2004-06-02,4.875726
2004-06-03,1.7614323
2004-06-04,0.05523774
2004-06-05,2.5771058
2004-06-06,2.34858
2004-06-07,3.7611187
2004-06-08,1.1863071
2004-06-09,0.06572352
2004-06-10,1.0169188
2004-06-11,0.6060533
2004-06-12,0.09696699
2004-06-13,0.015742378
2004-06-14,0.030440688
2004-06-15,0.46511027
2004-06-16,0.3973206
2004-06-17,0.09077134
2004-06-18,0.12126522
2004-06-19,0.06208044
2004-06-20,0.14188634
2004-06-21,0.111773476
2004-06-22,0.16055733
2004-06-23,0.05271153
2004-06-24,0.012721432
2004-06-25,0.07643864
2004-06-26,0.029140621
2004-06-27,0.0017018446
2004-06-28,0.021286096
2004-06-29,0.092341125
2004-06-30,0.033973034
2004-07-01,0.020264633
2004-07-02,0.13325787
2004-07-03,0.04574705
2004-07-04,0.0011481981
2004-07-05,0.3578217
2004-07-06,0.7454598
2004-07-07,2.7827241
2004-07-08,1.6663791
2004-07-09,0.92723405
2004-07-10,0.8829151
2004-07-11,0.26198548
2004-07-12,0.28428638
2004-07-13,0.39153776
2004-07-14,0.39638484
2004-07-15,1.5200962
2004-07-16,1.8515025
2004-07-17,0.67516816
2004-07-18,0.15410887
2004-07-19,6.3343368
2004-07-20,2.7592628
2004-07-21,0.33186945
2004-07-22,7.0751204
2004-07-23,4.254097
2004-07-24,1.324003
2004-07-25,3.055082
2004-07-26,3.1946971
2004-07-27,0.8706495
2004-07-28,4.9305286
2004-07-29,2.326121
2004-07-30,0.6428819
2004-07-31,0.5359639
2004-08-01,0.18978156
2004-08-02,0.12981649
2004-08-03,0.12263529
2004-08-04,0.12715545
2004-08-05,0.18505597
2004-08-06,1.0124108
2004-08-07,3.0488865
2004-08-08,1.0611995
2004-08-09,0.1317836
2004-08-10,0.10876205
2004-08-11,1.2996614
2004-08-12,0.67044526
2004-08-13,0.46356684
2004-08-14,0.24300615
2004-08-15,0.12496815
2004-08-16,0.5667072
2004-08-17,1.2886125
2004-08-18,0.5853835
2004-08-19,0.65729165
2004-08-20,1.4513762
2004-08-21,3.1092405
2004-08-22,1.902106
2004-08-23,0.48760742
2004-08-24,0.7010837
2004-08-25,0.9739614
2004-08-26,5.2677765
2004-08-27,2.0126212
2004-08-28,3.6757383
2004-08-29,2.6229901
2004-08-30,6.7388363
2004-08-31,2.808653
2004-09-01,7.563637
2004-09-02,4.00049
2004-09-03,0.7095611
2004-09-04,0.45796883
2004-09-05,7.3212337
2004-09-06,11.15125
2004-09-07,6.5232644
2004-09-08,4.9937124
2004-09-09,11.441247
2004-09-10,34.033478
2004-09-11,42.823578
2004-09-12,19.943733
2004-09-13,10.462091
2004-09-14,7.094634
2004-09-15,11.901814
2004-09-16,24.159914
2004-09-17,13.388972
2004-09-18,15.811439
2004-09-19,10.822846
2004-09-20,12.145464
2004-09-21,24.62973
2004-09-22,17.248114
2004-09-23,11.196187
2004-09-24,9.803977
2004-09-25,11.849534
2004-09-26,11.792103
2004-09-27,12.981864
2004-09-28,11.010493
2004-09-29,11.264489
2004-09-30,15.419226
2004-10-01,14.785473
2004-10-02,10.363212
2004-10-03,8.41336
2004-10-04,8.15305
2004-10-05,14.523437
2004-10-06,16.480894
2004-10-07,26.80754
2004-10-08,18.40497
2004-10-09,11.200472
2004-10-10,11.588856
2004-10-11,11.30233
2004-10-12,13.057807
2004-10-13,16.297806
2004-10-14,15.030845
2004-10-15,12.318217
2004-10-16,14.003751
2004-10-17,25.054266
2004-10-18,26.019241
2004-10-19,101.921555
2004-10-20,59.5567
2004-10-21,28.75078
2004-10-22,31.923548
2004-10-23,32.935047
2004-10-24,25.200619
2004-10-25,19.959726
2004-10-26,18.12184
2004-10-27,17.801437
2004-10-28,16.669481
2004-10-29,31.930952
2004-10-30,27.358313
2004-10-31,22.584618
2004-11-01,19.30979
2004-11-02,15.516947
2004-11-03,20.199253
2004-11-04,20.30994
2004-11-05,20.614601
2004-11-06,21.158844
2004-11-07,29.38664
2004-11-08,19.487137
2004-11-09,15.813069
2004-11-10,35.37829
2004-11-11,44.523975
2004-11-12,58.325542
2004-11-13,47.43954
2004-11-14,37.577797
2004-11-15,34.135727
2004-11-16,29.881016
2004-11-17,26.742594
2004-11-18,23.735565
2004-11-19,21.887033
2004-11-20,19.705387
2004-11-21,17.824802
2004-11-22,16.488459
2004-11-23,15.347599
2004-11-24,14.324529
2004-11-25,13.571145
2004-11-26,12.725102
2004-11-27,14.013441
2004-11-28,12.786183
2004-11-29,10.929685
2004-11-30,10.071364
2004-12-01,9.551295
2004-12-02,9.085055
2004-12-03,8.6418705
2004-12-04,8.226202
2004-12-05,7.84148
2004-12-06,7.4807725
2004-12-07,7.142909
2004-12-08,6.8581815
2004-12-09,6.5398498
2004-12-10,6.241796
2004-12-11,5.9690304
2004-12-12,5.727347
2004-12-13,5.4852676
2004-12-14,5.249769
2004-12-15,5.016671
2004-12-16,4.7963715
2004-12-17,4.596768
2004-12-18,4.4054527
2004-12-19,4.2340097
2004-12-20,4.0555563
2004-12-21,3.8928168
2004-12-22,3.7347047
2004-12-23,3.586523
2004-12-24,3.4404414
2004-12-25,3.3003993
2004-12-26,3.1738386
2004-12-27,3.0632741
2004-12-28,2.9378784
2004-12-29,2.8236632
2004-12-30,2.7179875
2004-12-31,2.612335
2005-01-01,2.5062118
2005-01-02,2.4080875
2005-01-03,2.3197606
2005-01-04,2.232166
2005-01-05,2.1488812
2005-01-06,2.0707023
2005-01-07,1.9960726
2005-01-08,1.9219655
2005-01-09,1.8521839
2005-01-10,1.7863821
2005-01-11,1.7379799
2005-01-12,1.694976
2005-01-13,1.626945
2005-01-14,1.5611361
2005-01-15,1.5396588
2005-01-16,1.4958496
2005-01-17,1.4385024
2005-01-18,1.3769722
2005-01-19,1.3285594
2005-01-20,1.2844609
2005-01-21,1.249442
2005-01-22,1.2138226
2005-01-23,1.1707087
2005-01-24,1.1309049
2005-01-25,1.1111449
2005-01-26,1.1019206
2005-01-27,1.0492839
2005-01-28,1.0057375
2005-01-29,0.971844
2005-01-30,0.9417578
2005-01-31,0.90765256
2005-02-01,0.8780257
2005-02-02,0.85217
2005-02-03,0.82762414
2005-02-04,0.80039406
2005-02-05,0.77490854
2005-02-06,0.7567563
2005-02-07,0.73567635
2005-02-08,0.7219415
2005-02-09,0.6983242
2005-02-10,0.6813845
2005-02-11,0.6650479
2005-02-12,0.64679724
2005-02-13,0.6346659
2005-02-14,0.62999773
2005-02-15,0.6054802
2005-02-16,0.58902603
2005-02-17,0.574242
2005-02-18,0.56412363
2005-02-19,0.5403957
2005-02-20,0.52917385
2005-02-21,0.5177517
2005-02-22,0.4958296
2005-02-23,0.4884846
2005-02-24,0.47911805
2005-02-25,0.4586418
2005-02-26,0.44693
2005-02-27,0.4376586
2005-02-28,0.42970031
2005-03-01,0.42300045
2005-03-02,0.41408706
2005-03-03,0.40448773
2005-03-04,0.4010342
2005-03-05,0.429799
2005-03-06,0.40982306
2005-03-07,0.37593576
2005-03-08,0.35843247
2005-03-09,0.3600899
2005-03-10,0.35391307
2005-03-11,0.3512271
2005-03-12,0.33559793
2005-03-13,0.32471514
2005-03-14,0.31670716
2005-03-15,0.30745268
2005-03-16,0.30417398
2005-03-17,0.296705
2005-03-18,0.2911082
2005-03-19,0.28113437
2005-03-20,0.2792856
2005-03-21,0.27638748
2005-03-22,0.31295654
2005-03-23,0.27668947
2005-03-24,0.2867579
2005-03-25,0.29289374
2005-03-26,0.27537996
2005-03-27,0.2509181
2005-03-28,0.2793699
2005-03-29,4.968612
2005-03-30,1.9499004
2005-03-31,0.3185023
2005-04-01,0.24842916
2005-04-02,0.25490752
2005-04-03,0.31751642
2005-04-04,0.3776907
2005-04-05,0.27509382
2005-04-06,0.21839544
2005-04-07,0.29366067
2005-04-08,0.32400727
2005-04-09,0.33527264
2005-04-10,0.33348012
2005-04-11,0.31438905
2005-04-12,0.2865724
2005-04-13,0.25883332
2005-04-14,0.24753322
2005-04-15,0.25057995
2005-04-16,0.20669171
2005-04-17,0.19103883
2005-04-18,0.20270166
2005-04-19,0.26123458
2005-04-20,0.25209153
2005-04-21,0.32724568
2005-04-22,0.34535885
2005-04-23,0.27981326
2005-04-24,0.22681676
2005-04-25,0.18630426
2005-04-26,0.17136222
2005-04-27,0.15885387
2005-04-28,0.28173968
2005-04-29,0.25362548
2005-04-30,0.21968189
2005-05-01,0.2447808
2005-05-02,0.24238536
2005-05-03,0.24201441
2005-05-04,2.0361707
2005-05-05,1.3862437
2005-05-06,1.4448295
2005-05-07,1.598787
2005-05-08,2.0255315
2005-05-09,0.74640554
2005-05-10,0.36319125
2005-05-11,0.58667386
2005-05-12,0.28245807
2005-05-13,0.39619392
2005-05-14,0.43766773
2005-05-15,5.00062
2005-05-16,18.53416
2005-05-17,10.760303
2005-05-18,4.2052016
2005-05-19,1.3980976
2005-05-20,10.709651
2005-05-21,4.2616663
2005-05-22,2.099734
2005-05-23,11.461803
2005-05-24,8.056188
2005-05-25,11.2058935
2005-05-26,3.701867
2005-05-27,0.39484268
2005-05-28,1.2131084
2005-05-29,0.51060563
2005-05-30,0.13684218
2005-05-31,0.18971953
2005-06-01,2.8983293
2005-06-02,3.858675
2005-06-03,3.5524137
2005-06-04,1.1353886
2005-06-05,1.260894
2005-06-06,7.540747
2005-06-07,4.961477
2005-06-08,4.223926
2005-06-09,4.658834
2005-06-10,4.0304117
2005-06-11,9.317292
2005-06-12,10.193811
2005-06-13,3.9556408
2005-06-14,7.4373717
2005-06-15,5.3221254
2005-06-16,3.0936368
2005-06-17,11.010036
2005-06-18,3.9875631
2005-06-19,0.56796867
2005-06-20,2.7140439
2005-06-21,2.0804317
2005-06-22,1.5934622
2005-06-23,6.1203732
2005-06-24,3.7186973
2005-06-25,2.4461002
2005-06-26,7.084267
2005-06-27,4.1054316
2005-06-28,3.1200001
2005-06-29,1.49907
2005-06-30,1.6436366
2005-07-01,4.9643292
2005-07-02,2.3497298
2005-07-03,0.9676305
2005-07-04,1.1331738
2005-07-05,0.9202302
2005-07-06,0.9653761
2005-07-07,3.9328587
2005-07-08,6.0138574
2005-07-09,4.2562294
2005-07-10,1.6315892
2005-07-11,4.659531
2005-07-12,2.8560703
2005-07-13,12.691014
2005-07-14,11.205589
2005-07-15,11.168395
2005-07-16,10.281613
2005-07-17,5.4361906
2005-07-18,2.9322457
2005-07-19,2.348792
2005-07-20,4.58829
2005-07-21,4.856074
2005-07-22,3.0556295
2005-07-23,2.8526435
2005-07-24,2.5331287
2005-07-25,4.3532076
2005-07-26,3.1921134
2005-07-27,2.380277
2005-07-28,2.3059564
2005-07-29,2.316237
2005-07-30,2.3269844
2005-07-31,2.6536694
2005-08-01,2.5215855
2005-08-02,2.3622575
2005-08-03,2.3393464
2005-08-04,2.425866
2005-08-05,2.423648
2005-08-06,2.230821
2005-08-07,2.1215048
2005-08-08,2.0620265
2005-08-09,2.4913852
2005-08-10,6.3608537
2005-08-11,3.9856288
2005-08-12,2.8143547
2005-08-13,2.259527
2005-08-14,11.853414
2005-08-15,13.21832
2005-08-16,31.37288
2005-08-17,13.63364
2005-08-18,4.6280317
2005-08-19,6.085384
2005-08-20,4.968095
2005-08-21,4.419263
2005-08-22,4.624987
2005-08-23,12.666277
2005-08-24,11.669653
2005-08-25,6.379033
2005-08-26,16.930859
2005-08-27,15.152288
2005-08-28,13.275772
2005-08-29,12.154429
2005-08-30,15.127125
2005-08-31,13.342518
2005-09-01,12.39366
2005-09-02,10.408818
2005-09-03,9.975391
2005-09-04,11.000113
2005-09-05,10.534235
2005-09-06,8.790129
2005-09-07,7.524033
2005-09-08,7.335525
2005-09-09,7.0364966
2005-09-10,8.197288
2005-09-11,7.025995
2005-09-12,6.1295147
2005-09-13,5.918786
2005-09-14,5.750452
2005-09-15,6.216671
2005-09-16,5.905111
2005-09-17,5.501942
2005-09-18,5.315723
2005-09-19,5.115896
2005-09-20,4.927974
2005-09-21,7.668126
2005-09-22,17.850172
2005-09-23,12.33248
2005-09-24,7.891811
2005-09-25,9.001523
2005-09-26,8.992677
2005-09-27,7.4837723
2005-09-28,6.59239
2005-09-29,14.288442
2005-09-30,11.573766
2005-10-01,9.328032
2005-10-02,12.394183
2005-10-03,12.085684
2005-10-04,14.670817
2005-10-05,10.388224
2005-10-06,8.664683
2005-10-07,9.60258
2005-10-08,11.27448
2005-10-09,12.12883
2005-10-10,14.702086
2005-10-11,13.507597
2005-10-12,9.945361
2005-10-13,11.116663
2005-10-14,10.068795
2005-10-15,15.574132
2005-10-16,13.952631
2005-10-17,12.378109
2005-10-18,14.390742
2005-10-19,12.44379
2005-10-20,11.509416
2005-10-21,20.837551
2005-10-22,15.386406
2005-10-23,14.985868
2005-10-24,19.829498
2005-10-25,28.651394
2005-10-26,51.729633
2005-10-27,41.870052
2005-10-28,31.155315
2005-10-29,34.816975
2005-10-30,47.124706
2005-10-31,48.890827
2005-11-01,38.731274
2005-11-02,37.18771
2005-11-03,31.393137
2005-11-04,32.090805
2005-11-05,28.282515
2005-11-06,26.347239
2005-11-07,24.718708
2005-11-08,23.04055
2005-11-09,21.518118
2005-11-10,28.18395
2005-11-11,24.279186
2005-11-12,23.966583
2005-11-13,30.52309
2005-11-14,30.316504
2005-11-15,22.047165
2005-11-16,23.222792
2005-11-17,29.49857
2005-11-18,43.28678
2005-11-19,39.63954
2005-11-20,35.45485
2005-11-21,32.20472
2005-11-22,33.591995
2005-11-23,36.19336
2005-11-24,28.365808
2005-11-25,24.306576
2005-11-26,22.703194
2005-11-27,21.391153
2005-11-28,20.08014
2005-11-29,18.76598
2005-11-30,17.538841
2005-12-01,16.454931
2005-12-02,15.405758
2005-12-03,14.456648
2005-12-04,13.557713
2005-12-05,12.713113
2005-12-06,11.992836
2005-12-07,11.395306
2005-12-08,10.662155
2005-12-09,10.042886
2005-12-10,9.457212
2005-12-11,8.9307375
2005-12-12,8.458074
2005-12-13,8.113208
2005-12-14,7.7035227
2005-12-15,7.2778955
2005-12-16,6.90379
2005-12-17,6.575474
2005-12-18,6.2663503
2005-12-19,5.974836
2005-12-20,5.7001987
2005-12-21,5.4373407
2005-12-22,5.1898837
2005-12-23,4.960956
2005-12-24,4.7330623
2005-12-25,4.520964
2005-12-26,4.402417
2005-12-27,4.2001314
2005-12-28,3.9920454
2005-12-29,3.8223598
2005-12-30,3.6652927
2005-12-31,3.5043902
2006-01-01,3.349328
2006-01-02,3.2071793
2006-01-03,3.0729492
2006-01-04,2.959231
2006-01-05,3.0858603
2006-01-06,2.9818542
2006-01-07,4.3957067
2006-01-08,3.215232
2006-01-09,2.5066826
2006-01-10,2.3835702
2006-01-11,2.292101
2006-01-12,2.2089567
2006-01-13,2.1329699
2006-01-14,2.0510888
2006-01-15,1.9701836
2006-01-16,1.9026079
2006-01-17,1.8349359
2006-01-18,1.7650117
2006-01-19,1.6935962
2006-01-20,1.6327538
2006-01-21,1.5733166
2006-01-22,1.5158741
2006-01-23,1.4616308
2006-01-24,1.40903
2006-01-25,1.3518547
2006-01-26,1.3075601
2006-01-27,1.2587371
2006-01-28,1.2214308
2006-01-29,1.1828178
2006-01-30,1.1382809
2006-01-31,1.1041183
2006-02-01,1.0682803
2006-02-02,1.031343
2006-02-03,1.0121388
2006-02-04,1.0779258
2006-02-05,1.1636589
2006-02-06,1.0546886
2006-02-07,0.9241116
2006-02-08,0.8729786
2006-02-09,0.84824544
2006-02-10,0.82543504
2006-02-11,0.798453
2006-02-12,0.7739583
2006-02-13,0.7505246
2006-02-14,0.7274495
2006-02-15,0.7134181
2006-02-16,0.69272166
2006-02-17,0.6685194
2006-02-18,0.6485151
2006-02-19,0.6311409
2006-02-20,0.6130494
2006-02-21,0.5974453
2006-02-22,0.5820055
2006-02-23,0.5609682
2006-02-24,0.5447197
2006-02-25,0.5307276
2006-02-26,0.5195884
2006-02-27,0.50055057
2006-02-28,0.48629975
2006-03-01,0.47401178
2006-03-02,0.46417746
2006-03-03,0.45804358
2006-03-04,0.4499222
2006-03-05,0.4341797
2006-03-06,0.41732213
2006-03-07,0.41169432
2006-03-08,0.3982711
2006-03-09,0.3867642
2006-03-10,0.38124704
2006-03-11,0.3775192
2006-03-12,0.3640755
2006-03-13,0.3572913
2006-03-14,0.34485203
2006-03-15,0.3348968
2006-03-16,0.32661787
2006-03-17,0.3194688
2006-03-18,0.31318346
2006-03-19,0.30682084
2006-03-20,0.29421607
2006-03-21,0.2939835
2006-03-22,0.284568
2006-03-23,0.3102607
2006-03-24,0.44731224
2006-03-25,1.7068523
2006-03-26,0.89056116
2006-03-27,0.38259214
2006-03-28,0.30942628
2006-03-29,0.25783807
2006-03-30,0.23949389
2006-03-31,0.26844832
2006-04-01,0.29084027
2006-04-02,0.25811717
2006-04-03,0.26306763
2006-04-04,0.27029198
2006-04-05,0.2808943
2006-04-06,0.33322778
2006-04-07,0.2582387
2006-04-08,0.22775781
2006-04-09,0.25808963
2006-04-10,0.27404857
2006-04-11,0.32011425
2006-04-12,0.57009035
2006-04-13,0.33162865
2006-04-14,0.210676
2006-04-15,0.19454198
2006-04-16,0.18872125
2006-04-17,0.18691245
2006-04-18,0.18700872
2006-04-19,0.32365906
2006-04-20,0.27576843
2006-04-21,0.23807739
2006-04-22,0.19473663
2006-04-23,0.16580997
2006-04-24,0.19480811
2006-04-25,0.2389943
2006-04-26,0.27779007
2006-04-27,0.583901
2006-04-28,5.8189096
2006-04-29,2.3206995
2006-04-30,0.35301906
2006-05-01,0.31009924
2006-05-02,0.22522745
2006-05-03,0.18025316
2006-05-04,0.1900504
2006-05-05,0.2991033
2006-05-06,5.2722254
2006-05-07,4.575007
2006-05-08,9.83424
2006-05-09,8.037133
2006-05-10,4.0055065
2006-05-11,9.596787
2006-05-12,6.6223226
2006-05-13,1.9030612
2006-05-14,0.8782239
2006-05-15,0.34972677
2006-05-16,0.19523394
2006-05-17,2.552278
2006-05-18,2.739558
2006-05-19,2.421551
2006-05-20,8.308257
2006-05-21,5.2289853
2006-05-22,1.1416198
2006-05-23,0.25940472
2006-05-24,0.2719905
2006-05-25,0.27197713
2006-05-26,0.19238377
2006-05-27,0.16502012
2006-05-28,0.19337508
2006-05-29,1.0961764
2006-05-30,3.9654965
2006-05-31,1.6730343
2006-06-01,0.361895
2006-06-02,1.0005307
2006-06-03,13.608494
2006-06-04,5.6463532
2006-06-05,4.8892612
2006-06-06,10.651743
2006-06-07,10.896064
2006-06-08,17.626713
2006-06-09,9.281097
2006-06-10,12.234821
2006-06-11,10.82723
2006-06-12,6.9048147
2006-06-13,1.9068605
2006-06-14,0.49196503
2006-06-15,3.4859738
2006-06-16,8.816094
2006-06-17,3.2494273
2006-06-18,0.6927905
2006-06-19,0.701058
2006-06-20,0.87663907
2006-06-21,0.8364294
2006-06-22,0.79359096
2006-06-23,4.1067924
2006-06-24,3.3912191
2006-06-25,2.868726
2006-06-26,1.7712767
2006-06-27,1.1425021
2006-06-28,1.3778144
2006-06-29,0.8935313
2006-06-30,0.6272467
2006-07-01,0.6099906
2006-07-02,0.61134535
2006-07-03,0.8149271
2006-07-04,0.8259165
2006-07-05,1.9062682
2006-07-06,3.639369
2006-07-07,1.7317257
2006-07-08,0.72643167
2006-07-09,0.8210368
2006-07-10,0.9628793
2006-07-11,0.7782827
2006-07-12,0.6535582
2006-07-13,0.64321977
2006-07-14,0.8242715
2006-07-15,1.5275759
2006-07-16,1.1538949
2006-07-17,0.80659467
2006-07-18,1.4879911
2006-07-19,1.8898686
2006-07-20,1.6365821
2006-07-21,1.4186383
2006-07-22,1.0811566
2006-07-23,1.7044796
2006-07-24,2.7484655
2006-07-25,1.2637541
2006-07-26,0.63329184
2006-07-27,1.8271011
2006-07-28,18.388124
2006-07-29,16.000229
2006-07-30,10.884397
2006-07-31,3.78812
2006-08-01,1.5734156
2006-08-02,1.5775999
2006-08-03,1.6359564
2006-08-04,1.6830889
2006-08-05,1.8120451
2006-08-06,1.6960667
2006-08-07,1.6023626
2006-08-08,1.7665687
2006-08-09,1.6446929
2006-08-10,1.8439124
2006-08-11,1.689345
2006-08-12,1.9412742
2006-08-13,2.230841
2006-08-14,1.6589347
2006-08-15,1.4371561
2006-08-16,1.5307359
2006-08-17,3.10956
2006-08-18,10.47419
2006-08-19,9.760101
2006-08-20,8.171753
2006-08-21,3.7098339
2006-08-22,1.6147665
2006-08-23,1.3635477
2006-08-24,1.4581288
2006-08-25,1.8986486
2006-08-26,9.6908245
2006-08-27,8.172846
2006-08-28,4.0025845
2006-08-29,2.259315
2006-08-30,1.9304931
2006-08-31,2.650116
2006-09-01,3.7267895
2006-09-02,2.9328177
2006-09-03,2.3628328
2006-09-04,2.4725258
2006-09-05,6.7549953
2006-09-06,3.8659687
2006-09-07,3.3634403
2006-09-08,8.018627
2006-09-09,9.67761
2006-09-10,5.2939434
2006-09-11,6.3649597
2006-09-12,4.315759
2006-09-13,4.749009
2006-09-14,5.3877544
2006-09-15,8.618204
2006-09-16,8.042572
2006-09-17,5.0909815
2006-09-18,4.2409678
2006-09-19,4.686378
2006-09-20,5.5310955
2006-09-21,4.2121334
2006-09-22,3.6645052
2006-09-23,3.7709785
2006-09-24,3.640849
2006-09-25,3.574969
2006-09-26,3.768499
2006-09-27,3.6642756
2006-09-28,3.3260531
2006-09-29,3.2416086
2006-09-30,3.387295
2006-10-01,8.696067
2006-10-02,5.681781
2006-10-03,6.3006215
2006-10-04,5.7668443
2006-10-05,7.428593
2006-10-06,4.313759
2006-10-07,2.9178567
2006-10-08,3.4478984
2006-10-09,5.9644217
2006-10-10,4.185426
2006-10-11,2.951629
2006-10-12,4.6972284
2006-10-13,5.314425
2006-10-14,3.968977
2006-10-15,3.1594315
2006-10-16,8.667458
2006-10-17,9.429735
2006-10-18,11.754324
2006-10-19,13.970502
2006-10-20,13.644088
2006-10-21,24.93887
2006-10-22,15.06447
2006-10-23,8.865649
2006-10-24,11.210808
2006-10-25,9.014542
2006-10-26,7.982755
2006-10-27,9.908444
2006-10-28,8.019752
2006-10-29,8.450522
2006-10-30,9.465635
2006-10-31,9.527727
2006-11-01,19.298124
2006-11-02,11.963509
2006-11-03,7.5407376
2006-11-04,7.339209
2006-11-05,7.3665133
2006-11-06,7.3789887
2006-11-07,7.4012203
2006-11-08,9.239294
2006-11-09,14.168508
2006-11-10,10.118372
2006-11-11,7.341836
2006-11-12,8.366686
2006-11-13,14.245431
2006-11-14,11.060295
2006-11-15,8.655308
2006-11-16,16.563477
2006-11-17,19.117256
2006-11-18,16.048275
2006-11-19,14.268995
2006-11-20,16.770475
2006-11-21,16.08473
2006-11-22,13.886821
2006-11-23,13.34453
2006-11-24,12.115841
2006-11-25,13.647692
2006-11-26,13.021917
2006-11-27,12.760326
2006-11-28,11.69281
2006-11-29,12.100208
2006-11-30,15.023693
2006-12-01,11.929218
2006-12-02,10.415909
2006-12-03,10.1503
2006-12-04,9.938791
2006-12-05,9.685197
2006-12-06,9.433522
2006-12-07,9.185313
2006-12-08,8.956097
2006-12-09,9.625435
2006-12-10,8.990502
2006-12-11,8.501514
2006-12-12,8.122632
2006-12-13,7.9584723
2006-12-14,12.943752
2006-12-15,9.416406
2006-12-16,7.268296
2006-12-17,6.978427
2006-12-18,6.7843804
2006-12-19,6.603241
2006-12-20,6.4301386
2006-12-21,6.357425
2006-12-22,6.166751
2006-12-23,5.960981
2006-12-24,5.7820263
2006-12-25,5.6158867
2006-12-26,5.5171475
2006-12-27,5.4375453
2006-12-28,5.2812467
2006-12-29,5.074608
2006-12-30,4.887667
2006-12-31,4.7373977
2007-01-01,4.6020665
2007-01-02,4.4688253
2007-01-03,4.33799
2007-01-04,4.204757
2007-01-05,4.072496
2007-01-06,3.9466476
2007-01-07,3.8210485
2007-01-08,3.7025483
2007-01-09,3.5820463
2007-01-10,3.4659674
2007-01-11,3.356513
2007-01-12,3.2520711
2007-01-13,3.1550102
2007-01-14,3.0557466
2007-01-15,2.9577765
2007-01-16,2.8619075
2007-01-17,2.7704928
2007-01-18,2.6816845
2007-01-19,2.5965884
2007-01-20,2.5173662
2007-01-21,2.4341216
2007-01-22,2.3582926
2007-01-23,2.282409
2007-01-24,2.2117662
2007-01-25,2.1375968
2007-01-26,2.0725815
2007-01-27,2.0053566
2007-01-28,1.9449887
2007-01-29,1.892605
2007-01-30,1.8330221
2007-01-31,1.773281
2007-02-01,1.7191778
2007-02-02,1.6688235
2007-02-03,1.6209805
2007-02-04,1.5609474
2007-02-05,1.5072832
2007-02-06,1.4647236
2007-02-07,1.4193552
2007-02-08,1.3698112
2007-02-09,1.32938
2007-02-10,1.293711
2007-02-11,1.2519431
2007-02-12,1.2144756
2007-02-13,1.1784664
2007-02-14,1.1421695
2007-02-15,1.1083735
2007-02-16,1.0733864
2007-02-17,1.0506593
2007-02-18,1.0184261
2007-02-19,0.99797857
2007-02-20,0.9624674
2007-02-21,0.92823845
2007-02-22,0.90346104
2007-02-23,0.8741447
2007-02-24,0.8479559
2007-02-25,0.8203061
2007-02-26,0.79619044
2007-02-27,0.77555543
2007-02-28,0.75121516
2007-03-01,0.7251619
2007-03-02,0.69940186
2007-03-03,0.67989796
2007-03-04,0.65654624
2007-03-05,0.6434751
2007-03-06,0.6186862
2007-03-07,0.6037678
2007-03-08,0.5952015
2007-03-09,0.6827274
2007-03-10,0.60002357
2007-03-11,0.5609495
2007-03-12,0.5765255
2007-03-13,0.5336966
2007-03-14,0.5111297
2007-03-15,0.49516574
2007-03-16,0.50300896
2007-03-17,0.54621345
2007-03-18,1.3573179
2007-03-19,0.7780516
2007-03-20,0.4518481
2007-03-21,0.42629653
2007-03-22,0.41511655
2007-03-23,0.48031035
2007-03-24,0.44379884
2007-03-25,0.4268382
2007-03-26,0.44011086
2007-03-27,0.4254808
2007-03-28,0.3976651
2007-03-29,0.36815053
2007-03-30,0.3815707
2007-03-31,0.36009023
2007-04-01,0.3689346
2007-04-02,0.33696762
2007-04-03,0.34390733
2007-04-04,0.41033733
2007-04-05,1.6504425
2007-04-06,1.3521243
2007-04-07,0.54820555
2007-04-08,0.6170308
2007-04-09,0.4882302
2007-04-10,0.42714778
2007-04-11,0.3936362
2007-04-12,0.37272236
2007-04-13,0.33649313
2007-04-14,0.28936058
2007-04-15,0.27653244
2007-04-16,0.28996378
2007-04-17,0.2638865
2007-04-18,0.2542623
2007-04-19,0.25522745
2007-04-20,0.77506024
2007-04-21,6.821992
2007-04-22,6.176722
2007-04-23,1.7252628
2007-04-24,1.4207009
2007-04-25,1.6829103
2007-04-26,3.500665
2007-04-27,1.6487433
2007-04-28,0.45896578
2007-04-29,0.24790455
2007-04-30,0.25080624
2007-05-01,0.4684428
2007-05-02,0.47716576
2007-05-03,0.47707182
2007-05-04,1.175788
2007-05-05,1.350793
2007-05-06,0.6283006
2007-05-07,0.9174126
2007-05-08,4.8427606
2007-05-09,2.5203981
2007-05-10,2.441689
2007-05-11,1.1770966
2007-05-12,0.98385745
2007-05-13,0.4580358
2007-05-14,2.6609848
2007-05-15,1.3747396
2007-05-16,0.8744813
2007-05-17,1.6657598
2007-05-18,2.4480004
2007-05-19,5.1695533
2007-05-20,6.343769
2007-05-21,3.1699402
2007-05-22,3.2451224
2007-05-23,3.216184
2007-05-24,9.067521
2007-05-25,9.567707
2007-05-26,14.931044
2007-05-27,13.003548
2007-05-28,6.648034
2007-05-29,13.794245
2007-05-30,13.355511
2007-05-31,6.266782
2007-06-01,11.919258
2007-06-02,8.477618
2007-06-03,9.036759
2007-06-04,11.803634
2007-06-05,5.0185437
2007-06-06,2.5908673
2007-06-07,2.481801
2007-06-08,2.2831428
2007-06-09,2.5166707
2007-06-10,2.3737588
2007-06-11,4.851559
2007-06-12,3.1258063
2007-06-13,8.410727
2007-06-14,4.294896
2007-06-15,3.3794014
2007-06-16,7.0286384
2007-06-17,3.567616
2007-06-18,1.9583354
2007-06-19,1.8125782
2007-06-20,1.7221273
2007-06-21,2.6204827
2007-06-22,2.160651
2007-06-23,1.6905432
2007-06-24,2.1576557
2007-06-25,1.7784808
2007-06-26,1.4773911
2007-06-27,1.430858
2007-06-28,7.3741083
2007-06-29,3.5295978
2007-06-30,1.7824175
2007-07-01,3.428735
2007-07-02,2.5935106
2007-07-03,3.2726636
2007-07-04,2.298115
2007-07-05,1.7800516
2007-07-06,1.3508114
2007-07-07,1.238091
2007-07-08,1.2706888
2007-07-09,1.496821
2007-07-10,1.4948047
2007-07-11,1.2943577
2007-07-12,1.143299
2007-07-13,1.1335994
2007-07-14,1.7562369
2007-07-15,1.3656001
2007-07-16,1.1731923
2007-07-17,1.1992617
2007-07-18,1.5144143
2007-07-19,1.2815459
2007-07-20,1.1586118
2007-07-21,1.9084201
2007-07-22,5.72939
2007-07-23,7.2875347
2007-07-24,9.886697
2007-07-25,5.7523518
2007-07-26,2.226801
2007-07-27,1.3565029
2007-07-28,1.7541912
2007-07-29,5.981128
2007-07-30,3.0173585
2007-07-31,2.5003045
2007-08-01,1.8325725
2007-08-02,1.7176458
2007-08-03,2.1811323
2007-08-04,2.1248908
2007-08-05,1.903385
2007-08-06,8.50945
2007-08-07,5.9274445
2007-08-08,8.13398
2007-08-09,17.978092
2007-08-10,10.408902
2007-08-11,10.229363
2007-08-12,10.481031
2007-08-13,6.7138906
2007-08-14,19.955927
2007-08-15,12.407356
2007-08-16,10.348617
2007-08-17,9.206724
2007-08-18,9.770133
2007-08-19,28.944292
2007-08-20,19.548784
2007-08-21,12.407957
2007-08-22,12.863104
2007-08-23,10.552417
2007-08-24,7.4216957
2007-08-25,6.6976376
2007-08-26,12.328679
2007-08-27,14.900802
2007-08-28,8.394599
2007-08-29,5.8799095
2007-08-30,10.423183
2007-08-31,11.325292
2007-09-01,13.428908
2007-09-02,9.537683
2007-09-03,8.587129
2007-09-04,11.57529
2007-09-05,10.099042
2007-09-06,12.33483
2007-09-07,11.189672
2007-09-08,11.402758
2007-09-09,7.9855566
2007-09-10,6.529937
2007-09-11,6.908505
2007-09-12,6.6785307
2007-09-13,6.417271
2007-09-14,9.497175
2007-09-15,13.976344
2007-09-16,16.888536
2007-09-17,17.705574
2007-09-18,11.7664385
2007-09-19,9.739946
2007-09-20,10.007562
2007-09-21,15.0895815
2007-09-22,14.787101
2007-09-23,10.741808
2007-09-24,11.48
2007-09-25,12.889109
2007-09-26,20.048527
2007-09-27,15.461903
2007-09-28,14.163578
2007-09-29,13.283549
2007-09-30,13.926615
2007-10-01,14.210939
2007-10-02,16.376879
2007-10-03,15.849306
2007-10-04,16.284702
2007-10-05,21.261251
2007-10-06,17.74865
2007-10-07,13.28787
2007-10-08,15.295003
2007-10-09,17.771893
2007-10-10,18.83453
2007-10-11,20.0774
2007-10-12,20.195295
2007-10-13,16.821978
2007-10-14,16.063248
2007-10-15,23.60721
2007-10-16,36.548286
2007-10-17,26.500196
2007-10-18,29.311913
2007-10-19,27.47717
2007-10-20,41.743046
2007-10-21,35.611393
2007-10-22,41.54535
2007-10-23,38.602142
2007-10-24,32.838184
2007-10-25,46.16492
2007-10-26,40.637222
2007-10-27,47.941536
2007-10-28,46.676662
2007-10-29,45.69642
2007-10-30,171.76524
2007-10-31,102.22861
2007-11-01,51.512024
2007-11-02,39.67831
2007-11-03,30.28979
2007-11-04,26.535145
2007-11-05,23.553064
2007-11-06,31.787416
2007-11-07,25.488918
2007-11-08,21.179762
2007-11-09,20.351933
2007-11-10,22.093845
2007-11-11,21.071203
2007-11-12,18.664385
2007-11-13,21.254725
2007-11-14,18.6888
2007-11-15,16.426111
2007-11-16,15.447968
2007-11-17,14.67427
2007-11-18,13.943612
2007-11-19,13.404534
2007-11-20,12.627334
2007-11-21,11.911737
2007-11-22,11.596716
2007-11-23,11.02807
2007-11-24,10.4591055
2007-11-25,11.028212
2007-11-26,9.823022
2007-11-27,9.000881
2007-11-28,8.593708
2007-11-29,8.229818
2007-11-30,7.886393
2007-12-01,7.5506477
2007-12-02,7.241961
2007-12-03,6.951173
2007-12-04,6.737995
2007-12-05,6.4603815
2007-12-06,6.2995095
2007-12-07,5.9666357
2007-12-08,5.699121
2007-12-09,5.4787645
2007-12-10,5.2752852
2007-12-11,5.072136
2007-12-12,4.888192
2007-12-13,4.711849
2007-12-14,4.543176
2007-12-15,4.532749
2007-12-16,4.454028
2007-12-17,7.0766845
2007-12-18,6.1274056
2007-12-19,4.2721806
2007-12-20,3.9034097
2007-12-21,3.7052298
2007-12-22,3.5348675
2007-12-23,3.4289103
2007-12-24,3.3552482
2007-12-25,3.335448
2007-12-26,3.158818
2007-12-27,3.049406
2007-12-28,2.961015
2007-12-29,2.8750257
2007-12-30,2.7855842
2007-12-31,2.7038255
2008-01-01,2.6266131
2008-01-02,2.701315
2008-01-03,2.7188349
2008-01-04,2.651951
2008-01-05,2.568438
2008-01-06,2.4886782
2008-01-07,2.4114802
2008-01-08,2.333124
2008-01-09,2.2691538
2008-01-10,2.2104757
2008-01-11,2.1453977
2008-01-12,2.0779521
2008-01-13,2.0096333
2008-01-14,1.9434633
2008-01-15,1.885015
2008-01-16,1.8294514
2008-01-17,1.7648536
2008-01-18,1.7103539
2008-01-19,1.651241
2008-01-20,1.5914637
2008-01-21,1.5342456
2008-01-22,1.4846584
2008-01-23,1.4310149
2008-01-24,1.3811092
2008-01-25,1.3330933
2008-01-26,1.2902447
2008-01-27,1.2480485
2008-01-28,1.2055775
2008-01-29,1.1652595
2008-01-30,1.1283903
2008-01-31,1.0951562
2008-02-01,1.0577334
2008-02-02,1.0217273
2008-02-03,0.9949262
2008-02-04,0.96046734
2008-02-05,0.9296773
2008-02-06,0.8986189
2008-02-07,0.8696222
2008-02-08,0.83818704
2008-02-09,0.818794
2008-02-10,0.7964827
2008-02-11,0.77598596
2008-02-12,0.7492249
2008-02-13,0.7214551
2008-02-14,0.6934102
2008-02-15,0.6715486
2008-02-16,0.64920807
2008-02-17,0.63834673
2008-02-18,0.6344818
2008-02-19,0.6480843
2008-02-20,0.6297445
2008-02-21,0.58395916
2008-02-22,0.56553465
2008-02-23,0.557019
2008-02-24,0.5288839
2008-02-25,0.5133223
2008-02-26,0.48988253
2008-02-27,0.4789743
2008-02-28,0.47151807
2008-02-29,0.45912308
2008-03-01,0.44128114
2008-03-02,0.42927417
2008-03-03,0.41691646
2008-03-04,0.40276298
2008-03-05,0.39376274
2008-03-06,0.38970238
2008-03-07,0.3833701
2008-03-08,0.39185572
2008-03-09,0.38163236
2008-03-10,0.35468313
2008-03-11,0.33849326
2008-03-12,0.33167645
2008-03-13,0.32327354
2008-03-14,0.31629926
2008-03-15,0.31596318
2008-03-16,0.3523007
2008-03-17,0.31487167
2008-03-18,0.29181698
2008-03-19,0.28769305
2008-03-20,0.28143257
2008-03-21,0.27218777
2008-03-22,0.26487008
2008-03-23,0.25724304
2008-03-24,0.27140576
2008-03-25,0.29082376
2008-03-26,0.2570494
2008-03-27,0.23657058
2008-03-28,0.23560673
2008-03-29,0.22696887
2008-03-30,0.23058087
2008-03-31,0.29211625
2008-04-01,0.3216665
2008-04-02,0.26714513
2008-04-03,0.22341725
2008-04-04,0.22095142
2008-04-05,0.20226592
2008-04-06,0.2149782
2008-04-07,0.26999298
2008-04-08,0.3125592
2008-04-09,0.2835334
2008-04-10,0.24296243
2008-04-11,0.27934554
2008-04-12,0.25565848
2008-04-13,0.24024156
2008-04-14,0.20260686
2008-04-15,0.23602924
2008-04-16,0.25775054
2008-04-17,0.19153118
2008-04-18,0.16396955
2008-04-19,0.15816091
2008-04-20,0.17665619
2008-04-21,0.17099339
2008-04-22,0.16452791
2008-04-23,0.18918523
2008-04-24,0.17557411
2008-04-25,0.22915152
2008-04-26,0.17490609
2008-04-27,0.19750497
2008-04-28,0.22247276
2008-04-29,1.8197157
2008-04-30,0.8680976
2008-05-01,0.29813978
2008-05-02,2.3874032
2008-05-03,2.2745447
2008-05-04,1.2744542
2008-05-05,2.3044488
2008-05-06,3.3123894
2008-05-07,1.0813255
2008-05-08,0.18647604
2008-05-09,0.25257897
2008-05-10,0.5707366
2008-05-11,0.3605113
2008-05-12,0.95482415
2008-05-13,0.43719465
2008-05-14,0.16982295
2008-05-15,0.14256163
2008-05-16,0.14695895
2008-05-17,0.19200625
2008-05-18,0.7365448
2008-05-19,1.7043438
2008-05-20,1.1105361
2008-05-21,3.30295
2008-05-22,2.0287015
2008-05-23,2.936562
2008-05-24,1.1368892
2008-05-25,5.10761
2008-05-26,4.661393
2008-05-27,7.6288967
2008-05-28,10.126948
2008-05-29,5.470312
2008-05-30,1.4747294
2008-05-31,0.9452463
2008-06-01,2.964306
2008-06-02,1.3091004
2008-06-03,2.5565012
2008-06-04,3.170759
2008-06-05,2.566401
2008-06-06,1.0613673
2008-06-07,0.99411285
2008-06-08,0.4880202
2008-06-09,0.28922722
2008-06-10,1.3024664
2008-06-11,1.0178603
2008-06-12,0.7135025
2008-06-13,0.31741878
2008-06-14,0.21136269
2008-06-15,0.40423042
2008-06-16,3.3179092
2008-06-17,1.3185489
2008-06-18,0.296058
2008-06-19,0.34126368
2008-06-20,0.48649153
2008-06-21,0.29345345
2008-06-22,0.29153934
2008-06-23,9.709072
2008-06-24,6.0680566
2008-06-25,4.5421195
2008-06-26,5.9593306
2008-06-27,1.9415827
2008-06-28,0.35350928
2008-06-29,0.33452645
2008-06-30,0.6709508
2008-07-01,1.0283072
2008-07-02,3.4977434
2008-07-03,5.6497107
2008-07-04,13.340479
2008-07-05,10.21271
2008-07-06,3.4881258
2008-07-07,2.4748378
2008-07-08,2.0746627
2008-07-09,1.2135023
2008-07-10,3.9180505
2008-07-11,2.1769204
2008-07-12,13.346644
2008-07-13,5.5917487
2008-07-14,2.4112675
2008-07-15,4.766045
2008-07-16,5.477224
2008-07-17,8.460409
2008-07-18,7.656765
2008-07-19,3.570102
2008-07-20,2.995774
2008-07-21,2.2646115
2008-07-22,1.8969715
2008-07-23,2.3906224
2008-07-24,1.9838847
2008-07-25,1.7772734
2008-07-26,1.7131586
2008-07-27,1.7024167
2008-07-28,1.7872554
2008-07-29,1.6519479
2008-07-30,3.2916896
2008-07-31,10.262945
2008-08-01,9.204215
2008-08-02,4.071874
2008-08-03,6.2281795
2008-08-04,10.556738
2008-08-05,6.102598
2008-08-06,2.1643183
2008-08-07,1.4219309
2008-08-08,1.3198832
2008-08-09,1.4759403
2008-08-10,2.5006528
2008-08-11,2.4790752
2008-08-12,2.6010914
2008-08-13,1.9783207
2008-08-14,3.933954
2008-08-15,3.481051
2008-08-16,11.901463
2008-08-17,15.539017
2008-08-18,10.11675
2008-08-19,5.777245
2008-08-20,5.6705317
2008-08-21,4.253302
2008-08-22,12.42237
2008-08-23,9.833689
2008-08-24,11.521258
2008-08-25,15.117355
2008-08-26,13.861543
2008-08-27,16.12635
2008-08-28,13.440078
2008-08-29,11.466668
2008-08-30,8.940952
2008-08-31,7.896443
2008-09-01,7.211848
2008-09-02,7.2886915
2008-09-03,7.066006
2008-09-04,18.349405
2008-09-05,13.281448
2008-09-06,6.373044
2008-09-07,4.8536863
2008-09-08,4.8415556
2008-09-09,5.9793763
2008-09-10,6.622802
2008-09-11,4.857492
2008-09-12,4.1882386
2008-09-13,3.9879007
2008-09-14,4.0149536
2008-09-15,7.5808473
2008-09-16,16.682861
2008-09-17,10.911596
2008-09-18,5.8588514
2008-09-19,4.20534
2008-09-20,10.535076
2008-09-21,12.077458
2008-09-22,7.4189644
2008-09-23,8.587063
2008-09-24,15.030716
2008-09-25,10.172732
2008-09-26,6.419675
2008-09-27,5.934534
2008-09-28,9.991897
2008-09-29,14.861703
2008-09-30,20.461807
2008-10-01,15.514979
2008-10-02,11.293409
2008-10-03,13.353098
2008-10-04,12.0289345
2008-10-05,15.836442
2008-10-06,33.62492
2008-10-07,22.455275
2008-10-08,15.764047
2008-10-09,14.706619
2008-10-10,14.2157955
2008-10-11,16.128822
2008-10-12,22.758688
2008-10-13,20.473848
2008-10-14,29.379526
2008-10-15,23.784605
2008-10-16,17.927027
2008-10-17,18.725649
2008-10-18,16.524702
2008-10-19,15.724651
2008-10-20,15.307631
2008-10-21,14.787348
2008-10-22,14.16014
2008-10-23,15.037786
2008-10-24,19.981522
2008-10-25,18.978758
2008-10-26,18.282417
2008-10-27,14.114025
2008-10-28,12.427485
2008-10-29,14.746026
2008-10-30,18.418005
2008-10-31,14.306069
2008-11-01,13.817744
2008-11-02,30.819347
2008-11-03,76.54648
2008-11-04,57.848427
2008-11-05,44.4169
2008-11-06,32.77514
2008-11-07,28.541117
2008-11-08,24.532745
2008-11-09,36.921124
2008-11-10,26.6347
2008-11-11,19.8032
2008-11-12,18.40386
2008-11-13,17.444698
2008-11-14,16.694654
2008-11-15,15.845336
2008-11-16,19.261574
2008-11-17,19.419498
2008-11-18,23.946234
2008-11-19,20.62821
2008-11-20,14.428359
2008-11-21,13.651571
2008-11-22,14.77293
2008-11-23,24.254202
2008-11-24,18.306168
2008-11-25,17.253626
2008-11-26,35.66774
2008-11-27,280.87866
2008-11-28,169.05281
2008-11-29,71.1714
2008-11-30,59.510292
2008-12-01,47.527153
2008-12-02,40.12589
2008-12-03,34.20134
2008-12-04,29.886595
2008-12-05,26.08447
2008-12-06,23.072443
2008-12-07,20.705086
2008-12-08,18.716812
2008-12-09,17.033907
2008-12-10,15.599309
2008-12-11,14.346314
2008-12-12,13.286924
2008-12-13,12.302762
2008-12-14,11.449724
2008-12-15,10.66528
2008-12-16,9.962989
2008-12-17,9.333234
2008-12-18,8.74895
2008-12-19,8.218327
2008-12-20,7.7296495
2008-12-21,7.2805376
2008-12-22,6.8644767
2008-12-23,6.4945965
2008-12-24,6.1373477
2008-12-25,5.799825
2008-12-26,5.492267
2008-12-27,5.2058167
2008-12-28,4.93465
2008-12-29,4.673331
2008-12-30,4.4325933
2008-12-31,4.2066894
2009-01-01,3.9899979
2009-01-02,3.786853
2009-01-03,3.5987036
2009-01-04,3.4181461
2009-01-05,3.2528453
2009-01-06,3.0904508
2009-01-07,2.9422066
2009-01-08,2.8452246
2009-01-09,2.6885278
2009-01-10,2.5603137
2009-01-11,2.4412231
2009-01-12,2.3313386
2009-01-13,2.2284703
2009-01-14,2.1280828
2009-01-15,2.036296
2009-01-16,1.9475199
2009-01-17,1.867008
2009-01-18,1.7944065
2009-01-19,1.7271973
2009-01-20,1.6607736
2009-01-21,1.6060002
2009-01-22,1.5385444
2009-01-23,1.4921306
2009-01-24,1.4369215
2009-01-25,1.3796551
2009-01-26,1.3257083
2009-01-27,1.2749736
2009-01-28,1.2311591
2009-01-29,1.1858422
2009-01-30,1.1393683
2009-01-31,1.1001414
2009-02-01,1.0700222
2009-02-02,1.0320208
2009-02-03,0.9953977
2009-02-04,0.96812797
2009-02-05,0.93075585
2009-02-06,0.9008057
2009-02-07,0.87168884
2009-02-08,0.8437528
2009-02-09,0.82743955
2009-02-10,0.7979627
2009-02-11,0.76881945
2009-02-12,0.74825215
2009-02-13,0.7240373
2009-02-14,0.7016966
2009-02-15,0.68217915
2009-02-16,0.6694473
2009-02-17,0.64484084
2009-02-18,0.6238053
2009-02-19,0.60660493
2009-02-20,0.58910376
2009-02-21,0.575602
2009-02-22,0.55286473
2009-02-23,0.53715223
2009-02-24,0.53220916
2009-02-25,0.52468675
2009-02-26,0.49685445
2009-02-27,0.48238343
2009-02-28,0.47487053
2009-03-01,0.45713127
2009-03-02,0.44289607
2009-03-03,0.5280013
2009-03-04,0.5217213
2009-03-05,0.44329157
2009-03-06,0.41513216
2009-03-07,0.4074833
2009-03-08,0.39156386
2009-03-09,0.3763164
2009-03-10,0.36848742
2009-03-11,0.3664538
2009-03-12,0.36019146
2009-03-13,0.3483896
2009-03-14,0.33691084
2009-03-15,0.330557
2009-03-16,0.32534775
2009-03-17,0.31916997
2009-03-18,0.30865264
2009-03-19,0.29982364
2009-03-20,0.29625696
2009-03-21,0.30440304
2009-03-22,0.2986023
2009-03-23,0.29544634
2009-03-24,0.29062748
2009-03-25,0.30003953
2009-03-26,0.28800967
2009-03-27,0.2628748
2009-03-28,0.25188592
2009-03-29,0.30199087
2009-03-30,0.42749134
2009-03-31,0.30172276
2009-04-01,0.23392373
2009-04-02,0.28517777
2009-04-03,0.2881839
2009-04-04,0.23837648
2009-04-05,0.21528216
2009-04-06,0.21046723
2009-04-07,0.2021936
2009-04-08,0.20609117
2009-04-09,0.19960919
2009-04-10,0.19608177
2009-04-11,0.19709052
2009-04-12,0.19936278
2009-04-13,0.20077316
2009-04-14,0.18687002
2009-04-15,0.18049972
2009-04-16,0.1828763
2009-04-17,0.16668783
2009-04-18,0.16489673
2009-04-19,0.15316182
2009-04-20,0.15491197
2009-04-21,0.15178525
2009-04-22,0.20634961
2009-04-23,0.30890822
2009-04-24,0.23085538
2009-04-25,0.16055499
2009-04-26,0.14441647
2009-04-27,0.1434291
2009-04-28,0.1428953
2009-04-29,0.1365166
2009-04-30,0.17763177
2009-05-01,0.22074096
2009-05-02,0.18226051
2009-05-03,1.1829262
2009-05-04,9.893502
2009-05-05,18.004108
2009-05-06,6.079099
2009-05-07,0.5404556
2009-05-08,3.2775776
2009-05-09,1.910043
2009-05-10,0.41522717
2009-05-11,0.24697584
2009-05-12,0.2525323
2009-05-13,1.0969838
2009-05-14,0.89328694
2009-05-15,0.33695748
2009-05-16,0.25279236
2009-05-17,0.5131552
2009-05-18,1.2871293
2009-05-19,0.697877
2009-05-20,0.56820285
2009-05-21,0.8855089
2009-05-22,0.39184308
2009-05-23,0.27372697
2009-05-24,1.1727327
2009-05-25,0.65211046
2009-05-26,1.1207991
2009-05-27,1.4076351
2009-05-28,0.68273014
2009-05-29,0.6610173
2009-05-30,1.6087127
2009-05-31,1.6678891
2009-06-01,1.0319232
2009-06-02,0.30755156
2009-06-03,0.10837233
2009-06-04,0.12774794
2009-06-05,0.120930545
2009-06-06,1.5333747
2009-06-07,4.3543015
2009-06-08,3.4860525
2009-06-09,1.7285566
2009-06-10,1.7919049
2009-06-11,0.68722755
2009-06-12,13.122873
2009-06-13,5.7363935
2009-06-14,1.75555
2009-06-15,8.833808
2009-06-16,6.3976245
2009-06-17,2.7638206
2009-06-18,0.76805854
2009-06-19,1.4027027
2009-06-20,1.9470079
2009-06-21,1.1828626
2009-06-22,1.1720747
2009-06-23,2.052527
2009-06-24,18.64918
2009-06-25,12.664242
2009-06-26,4.798768
2009-06-27,1.3543446
2009-06-28,0.31391153
2009-06-29,4.7630224
2009-06-30,3.9199033
2009-07-01,1.1956089
2009-07-02,0.7448976
2009-07-03,1.3972485
2009-07-04,0.87455523
2009-07-05,1.8689287
2009-07-06,1.0160694
2009-07-07,1.7949893
2009-07-08,6.473289
2009-07-09,3.8878136
2009-07-10,0.94253796
2009-07-11,1.4936101
2009-07-12,3.278329
2009-07-13,1.2064252
2009-07-14,0.29225278
2009-07-15,0.2936255
2009-07-16,0.35228926
2009-07-17,0.32581198
2009-07-18,0.30888912
2009-07-19,0.3062734
2009-07-20,0.44575104
2009-07-21,1.1796056
2009-07-22,2.4230652
2009-07-23,5.2654347
2009-07-24,1.970112
2009-07-25,0.44564214
2009-07-26,0.36364627
2009-07-27,0.4266827
2009-07-28,0.35584596
2009-07-29,0.34671736
2009-07-30,0.33759606
2009-07-31,0.62259734
2009-08-01,0.62815434
2009-08-02,0.4258445
2009-08-03,0.33854896
2009-08-04,0.34971163
2009-08-05,0.3705979
2009-08-06,0.7012621
2009-08-07,0.6261683
2009-08-08,2.671663
2009-08-09,1.2288461
2009-08-10,1.6208069
2009-08-11,0.8499893
2009-08-12,0.41665015
2009-08-13,0.47736183
2009-08-14,2.1760986
2009-08-15,1.1576418
2009-08-16,2.6488574
2009-08-17,9.227101
2009-08-18,4.704668
2009-08-19,2.8180628
2009-08-20,5.117495
2009-08-21,3.6529694
2009-08-22,2.5206938
2009-08-23,5.240588
2009-08-24,4.8559637
2009-08-25,5.817469
2009-08-26,3.8660436
2009-08-27,3.3264394
2009-08-28,5.626364
2009-08-29,5.306169
2009-08-30,4.2823377
2009-08-31,9.67175
2009-09-01,5.0118217
2009-09-02,1.7126414
2009-09-03,1.3675712
2009-09-04,2.935876
2009-09-05,4.965762
2009-09-06,2.5246463
2009-09-07,1.402924
2009-09-08,1.4608424
2009-09-09,1.4286106
2009-09-10,1.667359
2009-09-11,1.4546775
2009-09-12,3.224371
2009-09-13,4.8555393
2009-09-14,5.1613607
2009-09-15,2.44842
2009-09-16,2.6965923
2009-09-17,12.436013
2009-09-18,7.1346445
2009-09-19,3.0653026
2009-09-20,3.8913045
2009-09-21,2.946123
2009-09-22,2.608938
2009-09-23,4.75258
2009-09-24,3.2712567
2009-09-25,2.3667486
2009-09-26,2.8665373
2009-09-27,2.46296
2009-09-28,3.5908089
2009-09-29,4.337437
2009-09-30,3.0108347
2009-10-01,2.1476119
2009-10-02,1.9984503
2009-10-03,2.4322166
2009-10-04,2.1017492
2009-10-05,1.9055074
2009-10-06,1.8228455
2009-10-07,1.8519577
2009-10-08,1.9383461
2009-10-09,1.8829138
2009-10-10,1.7643545
2009-10-11,2.6158533
2009-10-12,3.078684
2009-10-13,2.7270157
2009-10-14,3.7921984
2009-10-15,10.07232
2009-10-16,11.937959
2009-10-17,4.3222637
2009-10-18,1.8852245
2009-10-19,4.0382414
2009-10-20,20.105906
2009-10-21,19.60694
2009-10-22,10.311276
2009-10-23,6.5345387
2009-10-24,9.839389
2009-10-25,10.524778
2009-10-26,6.899469
2009-10-27,5.364477
2009-10-28,6.1673045
2009-10-29,7.0752845
2009-10-30,7.0019975
2009-10-31,14.699873
2009-11-01,20.807655
2009-11-02,11.6294365
2009-11-03,10.621338
2009-11-04,11.11883
2009-11-05,18.225363
2009-11-06,23.36491
2009-11-07,71.80366
2009-11-08,36.762547
2009-11-09,14.561116
2009-11-10,13.104207
2009-11-11,10.692017
2009-11-12,13.429563
2009-11-13,14.514484
2009-11-14,11.499371
2009-11-15,9.714013
2009-11-16,8.879065
2009-11-17,10.794787
2009-11-18,9.034753
2009-11-19,8.016299
2009-11-20,7.647823
2009-11-21,7.3112583
2009-11-22,7.065198
2009-11-23,6.899627
2009-11-24,6.6981335
2009-11-25,6.6605954
2009-11-26,6.9665766
2009-11-27,6.4460287
2009-11-28,6.0371685
2009-11-29,5.9434986
2009-11-30,5.7443156
2009-12-01,5.5360904
2009-12-02,5.3818507
2009-12-03,5.2290096
2009-12-04,5.084382
2009-12-05,4.94044
2009-12-06,4.7958875
2009-12-07,4.6712728
2009-12-08,4.5266366
2009-12-09,4.3889666
2009-12-10,4.4358163
2009-12-11,4.22011
2009-12-12,4.0208406
2009-12-13,3.8922653
2009-12-14,3.7705877
2009-12-15,3.6512842
2009-12-16,3.530988
2009-12-17,3.412815
2009-12-18,3.2941
2009-12-19,3.1874561
2009-12-20,3.1792982
2009-12-21,3.1088076
2009-12-22,2.9962974
2009-12-23,2.94966
2009-12-24,3.612029
2009-12-25,2.9698033
2009-12-26,2.5900798
2009-12-27,2.5031643
2009-12-28,2.4900162
2009-12-29,2.4432068
2009-12-30,2.3135467
2009-12-31,2.217287
2010-01-01,2.1518288
2010-01-02,1.2800757
2010-01-03,0.6802186
2010-01-04,0.55719286
2010-01-05,0.5346143
2010-01-06,0.518593
2010-01-07,0.5089862
2010-01-08,0.49639088
2010-01-09,0.47835138
2010-01-10,0.4587167
2010-01-11,0.4481304
2010-01-12,0.43574318
2010-01-13,0.42196536
2010-01-14,0.41017887
2010-01-15,0.40041208
2010-01-16,0.39045647
2010-01-17,0.3800091
2010-01-18,0.3677292
2010-01-19,0.3524103
2010-01-20,0.3444876
2010-01-21,0.33374804
2010-01-22,0.32272026
2010-01-23,0.30859917
2010-01-24,0.32818234
2010-01-25,0.308892
2010-01-26,0.30777305
2010-01-27,0.29494318
2010-01-28,0.27727023
2010-01-29,0.26747534
2010-01-30,0.25761163
2010-01-31,0.2458409
2010-02-01,0.24291655
2010-02-02,0.23938717
2010-02-03,0.23133092
2010-02-04,0.22582388
2010-02-05,0.22271143
2010-02-06,0.21803346
2010-02-07,0.21936353
2010-02-08,0.22169052
2010-02-09,0.20329449
2010-02-10,0.1915858
2010-02-11,0.19041513
2010-02-12,0.19187006
2010-02-13,0.18659118
2010-02-14,0.18880826
2010-02-15,0.18352434
2010-02-16,0.17890006
2010-02-17,0.17168604
2010-02-18,0.16770285
2010-02-19,0.16226497
2010-02-20,0.15759684
2010-02-21,0.16201068
2010-02-22,0.15800598
2010-02-23,0.17991081
2010-02-24,0.16423768
2010-02-25,0.22995247
2010-02-26,0.22940128
2010-02-27,0.16612491
2010-02-28,0.18045397
2010-03-01,0.15078613
2010-03-02,0.13546167
2010-03-03,0.15127
2010-03-04,0.4657543
2010-03-05,0.26692897
2010-03-06,0.14180262
2010-03-07,0.1343911
2010-03-08,0.18083419
2010-03-09,0.15645644
2010-03-10,0.14784178
2010-03-11,0.14454772
2010-03-12,0.15894629
2010-03-13,0.17287429
2010-03-14,0.16682869
2010-03-15,0.14045808
2010-03-16,0.14265351
2010-03-17,0.11889049
2010-03-18,0.14258863
2010-03-19,4.2725496
2010-03-20,1.7936105
2010-03-21,0.22927688
2010-03-22,0.14054482
2010-03-23,0.1269718
2010-03-24,0.10397622
2010-03-25,0.09862426
2010-03-26,0.09917638
2010-03-27,0.098114386
2010-03-28,0.096257515
2010-03-29,0.09561151
2010-03-30,0.11435093
2010-03-31,0.17197427
2010-04-01,0.1429847
2010-04-02,0.109150484
2010-04-03,0.10071265
2010-04-04,0.11979515
2010-04-05,0.11973504
2010-04-06,0.15149374
2010-04-07,0.1680676
2010-04-08,0.12328461
2010-04-09,0.10767689
2010-04-10,0.11599776
2010-04-11,0.11742457
2010-04-12,0.13354747
2010-04-13,0.25963217
2010-04-14,0.5785229
2010-04-15,0.41793284
2010-04-16,0.18507583
2010-04-17,0.14660062
2010-04-18,0.1589992
2010-04-19,0.25884148
2010-04-20,0.14132982
2010-04-21,0.18508391
2010-04-22,0.21133432
2010-04-23,0.11188094
2010-04-24,0.06685265
2010-04-25,0.08274955
2010-04-26,0.24960221
2010-04-27,0.83477366
2010-04-28,3.6506078
2010-04-29,3.2611852
2010-04-30,5.0670576
2010-05-01,1.6702875
2010-05-02,0.19229388
2010-05-03,0.2586298
2010-05-04,3.275483
2010-05-05,4.484764
2010-05-06,1.318781
2010-05-07,3.0991766
2010-05-08,1.137571
2010-05-09,0.10458803
2010-05-10,0.1735167
2010-05-11,0.11611578
2010-05-12,0.13900022
2010-05-13,0.08406511
2010-05-14,0.118218556
2010-05-15,0.19786517
2010-05-16,0.18016128
2010-05-17,0.22504878
2010-05-18,0.15882607
2010-05-19,0.59968823
2010-05-20,0.32658428
2010-05-21,0.9289256
2010-05-22,23.018267
2010-05-23,12.082437
2010-05-24,4.5197864
2010-05-25,10.579102
2010-05-26,9.600343
2010-05-27,6.4909267
2010-05-28,6.6466537
2010-05-29,1.9156789
2010-05-30,0.47830772
2010-05-31,0.22943401
2010-06-01,0.4398153
2010-06-02,0.6266545
2010-06-03,4.8748174
2010-06-04,2.5200381
2010-06-05,0.63963735
2010-06-06,0.43505836
2010-06-07,0.25165644
2010-06-08,2.1418798
2010-06-09,4.88109
2010-06-10,4.825073
2010-06-11,3.5808759
2010-06-12,1.8370986
2010-06-13,4.2984977
2010-06-14,4.2215004
2010-06-15,6.241882
2010-06-16,3.3109922
2010-06-17,2.4984405
2010-06-18,4.1564913
2010-06-19,6.588245
2010-06-20,13.047152
2010-06-21,9.736646
2010-06-22,11.5195
2010-06-23,5.871824
2010-06-24,2.6354716
2010-06-25,1.9407814
2010-06-26,3.4903576
2010-06-27,3.5572135
2010-06-28,12.372343
2010-06-29,5.783381
2010-06-30,3.6362457
2010-07-01,3.0105462
2010-07-02,2.6970758
2010-07-03,7.2719517
2010-07-04,9.232202
2010-07-05,7.2882915
2010-07-06,23.183691
2010-07-07,18.247585
2010-07-08,15.964838
2010-07-09,11.027144
2010-07-10,7.214326
2010-07-11,7.90783
2010-07-12,11.084247
2010-07-13,16.971252
2010-07-14,9.97337
2010-07-15,6.921308
2010-07-16,12.827859
2010-07-17,32.568504
2010-07-18,39.529774
2010-07-19,19.630579
2010-07-20,10.315459
2010-07-21,8.140437
2010-07-22,8.343715
2010-07-23,7.9839664
2010-07-24,8.966646
2010-07-25,6.6433344
2010-07-26,5.429369
2010-07-27,5.337542
2010-07-28,5.0897155
2010-07-29,5.190034
2010-07-30,6.7219014
2010-07-31,9.849242
2010-08-01,17.94452
2010-08-02,11.892178
2010-08-03,7.105798
2010-08-04,28.369066
2010-08-05,38.27276
2010-08-06,17.566755
2010-08-07,13.812285
2010-08-08,11.805373
2010-08-09,20.404442
2010-08-10,15.902638
2010-08-11,10.528863
2010-08-12,12.429329
2010-08-13,19.943922
2010-08-14,29.31355
2010-08-15,21.248484
2010-08-16,17.559677
2010-08-17,15.426029
2010-08-18,14.506919
2010-08-19,18.448574
2010-08-20,18.958572
2010-08-21,17.529049
2010-08-22,16.37313
2010-08-23,21.317719
2010-08-24,16.723253
2010-08-25,19.294445
2010-08-26,17.163727
2010-08-27,46.8204
2010-08-28,32.935482
2010-08-29,25.728886
2010-08-30,22.044603
2010-08-31,20.710285
2010-09-01,24.058163
2010-09-02,22.833702
2010-09-03,19.240583
2010-09-04,23.35636
2010-09-05,25.024971
2010-09-06,19.497274
2010-09-07,17.279716
2010-09-08,19.401793
2010-09-09,46.167965
2010-09-10,29.681341
2010-09-11,20.999506
2010-09-12,21.994652
2010-09-13,25.646555
2010-09-14,23.28675
2010-09-15,18.620779
2010-09-16,20.865164
2010-09-17,19.209894
2010-09-18,22.47638
2010-09-19,39.940086
2010-09-20,45.45043
2010-09-21,50.493603
2010-09-22,37.86286
2010-09-23,37.057262
2010-09-24,34.046288
2010-09-25,36.278313
2010-09-26,41.310867
2010-09-27,52.28338
2010-09-28,62.800327
2010-09-29,48.457893
2010-09-30,36.010784
2010-10-01,31.24763
2010-10-02,34.520947
2010-10-03,38.79308
2010-10-04,33.64991
2010-10-05,37.48711
2010-10-06,78.16678
2010-10-07,58.23881
2010-10-08,43.660618
2010-10-09,38.94096
2010-10-10,34.346573
2010-10-11,30.812803
2010-10-12,29.826693
2010-10-13,25.66524
2010-10-14,22.699572
2010-10-15,22.240585
2010-10-16,28.804897
2010-10-17,27.234917
2010-10-18,23.799078
2010-10-19,21.290306
2010-10-20,18.14375
2010-10-21,16.831125
2010-10-22,19.129684
2010-10-23,21.161951
2010-10-24,21.42191
2010-10-25,44.282246
2010-10-26,31.243011
2010-10-27,22.82393
2010-10-28,19.788994
2010-10-29,17.892431
2010-10-30,20.882938
2010-10-31,21.63995
2010-11-01,19.640045
2010-11-02,19.280592
2010-11-03,27.019634
2010-11-04,49.108692
2010-11-05,44.58544
2010-11-06,113.492874
2010-11-07,75.09875
2010-11-08,39.964634
2010-11-09,33.19998
2010-11-10,29.380981
2010-11-11,26.892902
2010-11-12,25.116869
2010-11-13,28.600197
2010-11-14,26.804892
2010-11-15,30.959564
2010-11-16,24.595083
2010-11-17,30.18307
2010-11-18,35.92926
2010-11-19,24.046877
2010-11-20,20.672173
2010-11-21,23.648922
2010-11-22,20.86976
2010-11-23,18.682947
2010-11-24,17.899
2010-11-25,17.517822
2010-11-26,20.161753
2010-11-27,24.402348
2010-11-28,21.346685
2010-11-29,26.664276
2010-11-30,28.14624
2010-12-01,23.220324
2010-12-02,22.208223
2010-12-03,39.867214
2010-12-04,144.0976
2010-12-05,93.72024
2010-12-06,54.38386
2010-12-07,41.80151
2010-12-08,35.05244
2010-12-09,30.723087
2010-12-10,31.089766
2010-12-11,26.167961
2010-12-12,22.198326
2010-12-13,20.263111
2010-12-14,19.1367
2010-12-15,20.982204
2010-12-16,17.553024
2010-12-17,15.415976
2010-12-18,14.546888
2010-12-19,14.090759
2010-12-20,13.489619
2010-12-21,12.646492
2010-12-22,11.9374485
2010-12-23,11.392566
2010-12-24,10.878446
2010-12-25,10.429888
2010-12-26,9.985088
2010-12-27,9.604961
2010-12-28,9.146975
2010-12-29,8.692259
2010-12-30,8.288486
2010-12-31,7.917575
2011-01-01,7.574487
2011-01-02,7.254876
2011-01-03,6.9433293
2011-01-04,6.6459823
2011-01-05,6.3789735
2011-01-06,6.111829
2011-01-07,5.8790956
2011-01-08,5.6820264
2011-01-09,5.416825
2011-01-10,5.2212973
2011-01-11,4.9918513
2011-01-12,4.7777185
2011-01-13,4.5813394
2011-01-14,4.392353
2011-01-15,4.2126184
2011-01-16,4.050336
2011-01-17,3.8851006
2011-01-18,3.731675
2011-01-19,3.567466
2011-01-20,3.4168835
2011-01-21,3.2778199
2011-01-22,3.1437578
2011-01-23,3.0136304
2011-01-24,2.885593
2011-01-25,2.7624152
2011-01-26,2.6464264
2011-01-27,2.5322244
2011-01-28,2.423202
2011-01-29,2.3267546
2011-01-30,2.2282588
2011-01-31,2.138007
2011-02-01,2.0508962
2011-02-02,1.9655628
2011-02-03,1.884701
2011-02-04,1.8113391
2011-02-05,1.7411536
2011-02-06,1.6719384
2011-02-07,1.6082946
2011-02-08,1.5433615
2011-02-09,1.4962521
2011-02-10,1.4528257
2011-02-11,1.4196647
2011-02-12,1.3518627
2011-02-13,1.2938354
2011-02-14,1.2551309
2011-02-15,1.2092645
2011-02-16,1.1824704
2011-02-17,1.217921
2011-02-18,1.1966815
2011-02-19,1.0977618
2011-02-20,1.0355399
2011-02-21,1.0004445
2011-02-22,0.96945894
2011-02-23,0.9375941
2011-02-24,0.9054532
2011-02-25,0.90253913
2011-02-26,0.8635994
2011-02-27,0.83423245
2011-02-28,0.81025654
2011-03-01,0.79002166
2011-03-02,0.81712794
2011-03-03,0.9727943
2011-03-04,0.817743
2011-03-05,0.71895254
2011-03-06,0.689959
2011-03-07,0.73913527
2011-03-08,0.69940746
2011-03-09,0.6495773
2011-03-10,0.6786736
2011-03-11,0.66454864
2011-03-12,0.671773
2011-03-13,0.6017367
2011-03-14,0.5643624
2011-03-15,0.5550084
2011-03-16,0.54298264
2011-03-17,0.5230366
2011-03-18,0.50885373
2011-03-19,0.5032659
2011-03-20,0.486519
2011-03-21,0.47594687
2011-03-22,0.48224133
2011-03-23,0.5378575
2011-03-24,0.47496966
2011-03-25,0.44445285
2011-03-26,0.48029038
2011-03-27,0.479784
2011-03-28,0.43522656
2011-03-29,0.45052028
2011-03-30,0.41860276
2011-03-31,0.47216904
2011-04-01,0.5132395
2011-04-02,0.54270923
2011-04-03,0.40349954
2011-04-04,0.35759604
2011-04-05,0.3685245
2011-04-06,0.37968358
2011-04-07,0.38404056
2011-04-08,0.37072918
2011-04-09,0.5035846
2011-04-10,0.41958737
2011-04-11,0.4197693
2011-04-12,0.48474717
2011-04-13,0.37177333
2011-04-14,0.31781608
2011-04-15,0.3119257
2011-04-16,0.32080564
2011-04-17,1.2775348
2011-04-18,1.5082155
2011-04-19,0.61424303
2011-04-20,0.292849
2011-04-21,0.2881193
2011-04-22,0.29372063
2011-04-23,0.29650876
2011-04-24,1.1218623
2011-04-25,0.8577967
2011-04-26,5.8672843
2011-04-27,2.7897012
2011-04-28,4.6561346
2011-04-29,2.305933
2011-04-30,0.49536613
2011-05-01,0.24999969
2011-05-02,0.28551415
2011-05-03,0.5752014
2011-05-04,0.33659875
2011-05-05,0.27344623
2011-05-06,0.38160682
2011-05-07,0.28457674
2011-05-08,0.2252355
2011-05-09,5.129566
2011-05-10,2.0683932
2011-05-11,0.7532254
2011-05-12,0.40190125
2011-05-13,1.8444005
2011-05-14,5.675047
2011-05-15,9.249276
2011-05-16,4.9282317
2011-05-17,1.0988935
2011-05-18,0.85762733
2011-05-19,0.42105028
2011-05-20,0.19503742
2011-05-21,0.1838897
2011-05-22,0.18075177
2011-05-23,0.21682557
2011-05-24,0.76261246
2011-05-25,0.6314863
2011-05-26,1.8599377
2011-05-27,1.3298336
2011-05-28,0.7780298
2011-05-29,1.0514326
2011-05-30,1.0351847
2011-05-31,1.20203
2011-06-01,6.2135515
2011-06-02,8.268315
2011-06-03,12.330565
2011-06-04,7.6496973
2011-06-05,9.467681
2011-06-06,10.914546
2011-06-07,3.7821724
2011-06-08,0.5304642
2011-06-09,0.3803251
2011-06-10,0.28057957
2011-06-11,0.544543
2011-06-12,0.38686234
2011-06-13,0.22831823
2011-06-14,0.18976536
2011-06-15,0.55380446
2011-06-16,3.0421717
2011-06-17,5.983646
2011-06-18,6.112636
2011-06-19,2.8258777
2011-06-20,5.127407
2011-06-21,13.19359
2011-06-22,6.5322514
2011-06-23,3.7484863
2011-06-24,10.797219
2011-06-25,5.404252
2011-06-26,8.025608
2011-06-27,3.2794912
2011-06-28,1.8131957
2011-06-29,0.9857196
2011-06-30,2.129637
2011-07-01,2.7630408
2011-07-02,2.2827442
2011-07-03,4.8677588
2011-07-04,4.278277
2011-07-05,7.8577204
2011-07-06,3.5993192
2011-07-07,6.5411725
2011-07-08,8.240879
2011-07-09,2.9163942
2011-07-10,3.7268238
2011-07-11,2.7805262
2011-07-12,3.8579197
2011-07-13,14.169821
2011-07-14,12.240149
2011-07-15,14.330541
2011-07-16,9.695993
2011-07-17,6.1631656
2011-07-18,5.5334234
2011-07-19,5.497494
2011-07-20,9.962544
2011-07-21,7.5832176
2011-07-22,5.0046024
2011-07-23,4.445282
2011-07-24,4.1599755
2011-07-25,4.062234
2011-07-26,3.9390612
2011-07-27,6.5379424
2011-07-28,8.04518
2011-07-29,8.205076
2011-07-30,34.487827
2011-07-31,49.669174
2011-08-01,24.56616
2011-08-02,10.233322
2011-08-03,9.870091
2011-08-04,16.924831
2011-08-05,15.2456875
2011-08-06,8.91213
2011-08-07,6.886044
2011-08-08,7.5423675
2011-08-09,6.91937
2011-08-10,6.553092
2011-08-11,11.924429
2011-08-12,9.46143
2011-08-13,12.914131
2011-08-14,12.8507
2011-08-15,8.546665
2011-08-16,7.3998237
2011-08-17,27.073769
2011-08-18,16.863272
2011-08-19,14.022069
2011-08-20,13.522392
2011-08-21,26.223207
2011-08-22,21.065948
2011-08-23,18.39842
2011-08-24,21.292074
2011-08-25,20.931335
2011-08-26,18.943806
2011-08-27,16.5224
2011-08-28,17.027163
2011-08-29,18.485989
2011-08-30,18.882633
2011-08-31,17.727104
2011-09-01,16.757772
2011-09-02,15.9492445
2011-09-03,17.272451
2011-09-04,17.738892
2011-09-05,15.256737
2011-09-06,13.557798
2011-09-07,12.871368
2011-09-08,14.555633
2011-09-09,21.774591
2011-09-10,26.728046
2011-09-11,20.453424
2011-09-12,21.620293
2011-09-13,19.353647
2011-09-14,15.670604
2011-09-15,13.430565
2011-09-16,16.3057
2011-09-17,24.42816
2011-09-18,26.884148
2011-09-19,24.802784
2011-09-20,40.667458
2011-09-21,28.62357
2011-09-22,21.210085
2011-09-23,20.795017
2011-09-24,19.455587
2011-09-25,20.762342
2011-09-26,22.836193
2011-09-27,24.764196
2011-09-28,18.519112
2011-09-29,15.9252
2011-09-30,15.538774
2011-10-01,15.176778
2011-10-02,17.697777
2011-10-03,18.277634
2011-10-04,20.942604
2011-10-05,38.40078
2011-10-06,49.023945
2011-10-07,28.897722
2011-10-08,34.883698
2011-10-09,32.28741
2011-10-10,46.70369
2011-10-11,53.0464
2011-10-12,59.8759
2011-10-13,51.36803
2011-10-14,44.50803
2011-10-15,39.307793
2011-10-16,61.795624
2011-10-17,197.85446
2011-10-18,116.10821
2011-10-19,114.786766
2011-10-20,163.28398
2011-10-21,98.035065
2011-10-22,163.07059
2011-10-23,91.62575
2011-10-24,42.854134
2011-10-25,33.720097
2011-10-26,28.789587
2011-10-27,24.942411
2011-10-28,25.39886
2011-10-29,24.987738
2011-10-30,31.527294
2011-10-31,38.96153
2011-11-01,30.58987
2011-11-02,21.727774
2011-11-03,18.731066
2011-11-04,17.134092
2011-11-05,16.334259
2011-11-06,15.5252285
2011-11-07,14.312548
2011-11-08,17.449408
2011-11-09,15.378252
2011-11-10,17.894783
2011-11-11,14.266687
2011-11-12,15.075107
2011-11-13,21.27025
2011-11-14,15.595944
2011-11-15,23.015875
2011-11-16,17.1541
2011-11-17,20.13227
2011-11-18,33.142986
2011-11-19,25.363941
2011-11-20,21.945036
2011-11-21,24.00958
2011-11-22,26.041395
2011-11-23,22.13077
2011-11-24,18.861416
2011-11-25,20.631052
2011-11-26,20.534578
2011-11-27,20.786917
2011-11-28,24.458353
2011-11-29,35.240807
2011-11-30,39.70226
2011-12-01,39.69216
2011-12-02,37.87051
2011-12-03,34.85104
2011-12-04,32.858036
2011-12-05,29.425167
2011-12-06,26.33273
2011-12-07,24.054716
2011-12-08,26.212162
2011-12-09,23.907633
2011-12-10,20.35445
2011-12-11,18.155378
2011-12-12,17.7426
2011-12-13,33.546055
2011-12-14,38.868553
2011-12-15,26.079365
2011-12-16,43.975872
2011-12-17,42.158985
2011-12-18,56.910034
2011-12-19,43.7817
2011-12-20,34.66134
2011-12-21,31.489784
2011-12-22,28.565756
2011-12-23,25.87204
2011-12-24,23.463184
2011-12-25,21.3119
2011-12-26,19.409328
2011-12-27,17.725311
2011-12-28,16.235703
2011-12-29,14.915179
2011-12-30,13.761893
2011-12-31,12.728149
2012-01-01,11.803098
2012-01-02,10.973248
2012-01-03,10.212625
2012-01-04,9.534277
2012-01-05,8.928034
2012-01-06,8.367677
2012-01-07,7.8673277
2012-01-08,7.411454
2012-01-09,6.9871182
2012-01-10,6.590298
2012-01-11,6.2255445
2012-01-12,5.886869
2012-01-13,5.570595
2012-01-14,5.2752743
2012-01-15,5.0004416
2012-01-16,4.7431936
2012-01-17,4.5134354
2012-01-18,4.293926
2012-01-19,4.083258
2012-01-20,3.8809655
2012-01-21,3.6917956
2012-01-22,3.514052
2012-01-23,3.345171
2012-01-24,3.1865427
2012-01-25,3.0404675
2012-01-26,2.91349
2012-01-27,2.7808807
2012-01-28,2.652174
2012-01-29,2.5301518
2012-01-30,2.4154968
2012-01-31,2.3094451
2012-02-01,2.2123382
2012-02-02,2.1212296
2012-02-03,2.0310721
2012-02-04,1.9464899
2012-02-05,1.8642842
2012-02-06,1.7903533
2012-02-07,1.7154977
2012-02-08,1.6493359
2012-02-09,1.5891105
2012-02-10,1.5365547
2012-02-11,1.5024245
2012-02-12,1.4879305
2012-02-13,1.397466
2012-02-14,1.329338
2012-02-15,1.2829013
2012-02-16,1.24114
2012-02-17,1.2005628
2012-02-18,1.1619887
2012-02-19,1.1228364
2012-02-20,1.0937147
2012-02-21,1.0544776
2012-02-22,1.0206602
2012-02-23,0.9872563
2012-02-24,0.9548041
2012-02-25,0.9275928
2012-02-26,0.8993322
2012-02-27,0.87283593
2012-02-28,0.8465877
2012-02-29,0.8253109
2012-03-01,0.8020368
2012-03-02,0.778982
2012-03-03,0.7567197
2012-03-04,0.73303276
2012-03-05,0.7374725
2012-03-06,0.7079749
2012-03-07,0.6815757
2012-03-08,0.66292626
2012-03-09,0.64362365
2012-03-10,0.62640166
2012-03-11,0.61245495
2012-03-12,0.5936898
2012-03-13,0.5838103
2012-03-14,0.5656374
2012-03-15,0.55036604
2012-03-16,0.5404079
2012-03-17,0.52461904
2012-03-18,0.55451226
2012-03-19,0.5282025
2012-03-20,0.5022572
2012-03-21,0.4836546
2012-03-22,0.49381086
2012-03-23,0.48058438
2012-03-24,0.47981766
2012-03-25,0.4563181
2012-03-26,0.51694936
2012-03-27,0.49363574
2012-03-28,0.44113705
2012-03-29,0.42731383
2012-03-30,0.4208801
2012-03-31,0.4255251
2012-04-01,0.40786713
2012-04-02,0.47275198
2012-04-03,0.53084284
2012-04-04,2.5526314
2012-04-05,1.2148625
2012-04-06,1.0010096
2012-04-07,7.6753035
2012-04-08,2.9305754
2012-04-09,0.49606758
2012-04-10,0.39912724
2012-04-11,0.39083973
2012-04-12,0.37419102
2012-04-13,0.35988376
2012-04-14,0.4272872
2012-04-15,0.36815882
2012-04-16,0.33325994
2012-04-17,0.33920538
2012-04-18,4.226364
2012-04-19,1.997142
2012-04-20,0.47939625
2012-04-21,0.39830217
2012-04-22,0.874215
2012-04-23,2.2057803
2012-04-24,1.5951061
2012-04-25,0.603803
2012-04-26,0.52810234
2012-04-27,0.49689478
2012-04-28,0.3808692
2012-04-29,0.5603451
2012-04-30,0.4285497
2012-05-01,0.29483017
2012-05-02,0.40213808
2012-05-03,0.44618088
2012-05-04,1.4191833
2012-05-05,3.2552457
2012-05-06,6.1604695
2012-05-07,8.446769
2012-05-08,6.625727
2012-05-09,1.9436483
2012-05-10,0.47853267
2012-05-11,1.51349
2012-05-12,1.0666785
2012-05-13,4.4509463
2012-05-14,3.02331
2012-05-15,1.5502224
2012-05-16,0.65941054
2012-05-17,0.3007439
2012-05-18,0.29321936
2012-05-19,1.2116046
2012-05-20,1.8663291
2012-05-21,2.517598
2012-05-22,1.078464
2012-05-23,0.38447806
2012-05-24,3.2296755
2012-05-25,1.2969735
2012-05-26,2.270895
2012-05-27,1.7434822
2012-05-28,1.3673779
2012-05-29,0.5956536
2012-05-30,0.27619123
2012-05-31,0.41932982
2012-06-01,1.8618529
2012-06-02,0.84662664
2012-06-03,3.1409423
2012-06-04,1.530719
2012-06-05,0.3241512
2012-06-06,0.19653095
2012-06-07,0.21133323
2012-06-08,0.196119
2012-06-09,0.20146199
2012-06-10,0.34309793
2012-06-11,0.24696077
2012-06-12,0.2090974
2012-06-13,0.57474047
2012-06-14,0.96055055
2012-06-15,1.5791267
2012-06-16,2.1499307
2012-06-17,3.2521071
2012-06-18,2.7653873
2012-06-19,0.84210896
2012-06-20,0.19620408
2012-06-21,0.4006755
2012-06-22,1.0790713
2012-06-23,0.7903217
2012-06-24,0.4722356
2012-06-25,2.9144216
2012-06-26,1.4243757
2012-06-27,0.49212453
2012-06-28,0.34395462
2012-06-29,0.6488027
2012-06-30,0.39051223
2012-07-01,0.8351896
2012-07-02,0.41201442
2012-07-03,0.19120774
2012-07-04,0.2370242
2012-07-05,0.701305
2012-07-06,1.0982773
2012-07-07,0.9651343
2012-07-08,0.93939614
2012-07-09,0.40875235
2012-07-10,0.22346878
2012-07-11,0.23707162
2012-07-12,0.23007049
2012-07-13,0.8385869
2012-07-14,2.3053043
2012-07-15,1.3753983
2012-07-16,0.7517143
2012-07-17,0.43240547
2012-07-18,0.28265584
2012-07-19,0.3135701
2012-07-20,0.6000038
2012-07-21,0.89140207
2012-07-22,0.54461455
2012-07-23,0.25856265
2012-07-24,0.19243228
2012-07-25,0.50092024
2012-07-26,0.3200703
2012-07-27,0.1959225
2012-07-28,0.19067845
2012-07-29,0.22506785
2012-07-30,0.4104084
2012-07-31,0.35115916
2012-08-01,0.36829713
2012-08-02,2.0271223
2012-08-03,5.3583794
2012-08-04,2.7972326
2012-08-05,0.61129177
2012-08-06,1.6605513
2012-08-07,2.8109019
2012-08-08,2.5637429
2012-08-09,2.156882
2012-08-10,1.4894629
2012-08-11,2.0176868
2012-08-12,6.7899814
2012-08-13,2.5802329
2012-08-14,4.8375993
2012-08-15,12.948265
2012-08-16,4.4757414
2012-08-17,3.2612033
2012-08-18,2.530499
2012-08-19,3.0398164
2012-08-20,3.3098013
2012-08-21,2.7406397
2012-08-22,1.3846099
2012-08-23,1.7731194
2012-08-24,1.8032347
2012-08-25,1.6710125
2012-08-26,2.8627632
2012-08-27,5.8610635
2012-08-28,2.514225
2012-08-29,0.98012066
2012-08-30,0.95666075
2012-08-31,1.5991604
2012-09-01,1.3767468
2012-09-02,1.2158288
2012-09-03,1.291743
2012-09-04,1.321203
2012-09-05,5.1994123
2012-09-06,3.0587475
2012-09-07,2.5292163
2012-09-08,1.4160142
2012-09-09,1.0163515
2012-09-10,0.95741624
2012-09-11,0.8946719
2012-09-12,1.1461936
2012-09-13,2.1738875
2012-09-14,2.1400094
2012-09-15,1.3302099
2012-09-16,0.99344355
2012-09-17,1.1836592
2012-09-18,4.843579
2012-09-19,5.347577
2012-09-20,2.1751082
2012-09-21,1.0045435
2012-09-22,0.9275119
2012-09-23,1.2020447
2012-09-24,2.5723116
2012-09-25,3.4190874
2012-09-26,4.503995
2012-09-27,4.2667236
2012-09-28,2.827555
2012-09-29,2.1525254
2012-09-30,8.483885
2012-10-01,4.8596735
2012-10-02,3.9126182
2012-10-03,3.7872667
2012-10-04,2.9788957
2012-10-05,2.8592658
2012-10-06,10.13401
2012-10-07,9.296816
2012-10-08,4.2907076
2012-10-09,6.1808796
2012-10-10,8.784835
2012-10-11,6.0596714
2012-10-12,4.565111
2012-10-13,6.7649236
2012-10-14,16.127478
2012-10-15,18.165876
2012-10-16,24.118906
2012-10-17,35.4271
2012-10-18,20.147087
2012-10-19,13.3666115
2012-10-20,12.446176
2012-10-21,10.414232
2012-10-22,9.956587
2012-10-23,9.568598
2012-10-24,9.199983
2012-10-25,14.469259
2012-10-26,8.548841
2012-10-27,5.6142783
2012-10-28,5.2595916
2012-10-29,5.107733
2012-10-30,5.197456
2012-10-31,7.136106
2012-11-01,5.4377365
2012-11-02,4.199389
2012-11-03,3.9880555
2012-11-04,4.3722534
2012-11-05,3.7760088
2012-11-06,3.3835468
2012-11-07,3.299403
2012-11-08,3.824869
2012-11-09,3.9957764
2012-11-10,3.1423059
2012-11-11,2.775669
2012-11-12,2.6836243
2012-11-13,3.0196977
2012-11-14,2.7409692
2012-11-15,2.548515
2012-11-16,4.742502
2012-11-17,4.4984503
2012-11-18,12.54008
2012-11-19,8.557945
2012-11-20,3.3886323
2012-11-21,2.2609537
2012-11-22,2.1881874
2012-11-23,6.2884855
2012-11-24,4.07036
2012-11-25,2.5340905
2012-11-26,2.210038
2012-11-27,2.1001701
2012-11-28,2.4808414
2012-11-29,2.186742
2012-11-30,2.0409267
2012-12-01,2.0453176
2012-12-02,2.052376
2012-12-03,1.9807848
2012-12-04,1.9175225
2012-12-05,1.8857328
2012-12-06,1.8914744
2012-12-07,1.8750861
2012-12-08,1.8252612
2012-12-09,1.7807543
2012-12-10,1.7562543
2012-12-11,1.7220626
2012-12-12,1.6872756
2012-12-13,1.6707062
2012-12-14,1.7060235
2012-12-15,2.6455092
2012-12-16,2.003368
2012-12-17,1.5975991
2012-12-18,1.5275468
2012-12-19,1.4874398
2012-12-20,1.4933494
2012-12-21,1.576274
2012-12-22,1.4869983
2012-12-23,1.4054838
2012-12-24,1.3633261
2012-12-25,1.3892064
2012-12-26,1.3764173
2012-12-27,1.2998657
2012-12-28,1.2829393
2012-12-29,1.2359203
2012-12-30,1.1937236
2012-12-31,1.1700759
2013-01-01,1.1454631
2013-01-02,1.1154841
2013-01-03,1.094504
2013-01-04,1.0622565
2013-01-05,1.0384021
2013-01-06,1.0172055
2013-01-07,0.9927933
2013-01-08,0.9699465
2013-01-09,0.9406222
2013-01-10,0.9149231
2013-01-11,0.8936143
2013-01-12,0.8725649
2013-01-13,0.8464784
2013-01-14,0.8257912
2013-01-15,0.8067256
2013-01-16,0.78137404
2013-01-17,0.7597986
2013-01-18,0.73797876
2013-01-19,0.72245955
2013-01-20,0.7075926
2013-01-21,0.690951
2013-01-22,0.67720246
2013-01-23,0.6562335
2013-01-24,0.63946384
2013-01-25,0.6274006
2013-01-26,0.61588556
2013-01-27,0.5996046
2013-01-28,0.58781993
2013-01-29,0.56947005
2013-01-30,0.55542684
2013-01-31,0.5438405
2013-02-01,0.52928686
2013-02-02,0.5213234
2013-02-03,0.50946957
2013-02-04,0.52724123
2013-02-05,0.50159365
2013-02-06,0.49222594
2013-02-07,0.48813212
2013-02-08,0.46580577
2013-02-09,0.45781264
2013-02-10,0.44630367
2013-02-11,0.43996757
2013-02-12,0.42862448
2013-02-13,0.41849306
2013-02-14,0.40920663
2013-02-15,0.39970592
2013-02-16,0.39185333
2013-02-17,0.3823416
2013-02-18,0.3670777
2013-02-19,0.3592729
2013-02-20,0.35457408
2013-02-21,0.35226634
2013-02-22,0.34108192
2013-02-23,0.3310411
2013-02-24,0.32576248
2013-02-25,0.32677913
2013-02-26,0.3160433
2013-02-27,0.3045808
2013-02-28,0.2943161
2013-03-01,0.31379944
2013-03-02,0.3897581
2013-03-03,0.4442976
2013-03-04,0.34994912
2013-03-05,0.29082882
2013-03-06,0.31121418
2013-03-07,0.32395676
2013-03-08,0.29815423
2013-03-09,0.2710646
2013-03-10,0.25440603
2013-03-11,0.25356492
2013-03-12,0.24162048
2013-03-13,0.26989576
2013-03-14,0.25672355
2013-03-15,0.25645775
2013-03-16,0.2383307
2013-03-17,0.23333654
2013-03-18,0.23377216
2013-03-19,0.28191325
2013-03-20,0.25943404
2013-03-21,0.24964717
2013-03-22,0.23769829
2013-03-23,0.27774787
2013-03-24,0.2640799
2013-03-25,0.24987906
2013-03-26,0.25704962
2013-03-27,0.22631158
2013-03-28,0.19800407
2013-03-29,0.19042334
2013-03-30,0.19100128
2013-03-31,0.1820641
2013-04-01,0.17589591
2013-04-02,0.2231167
2013-04-03,0.23869903
2013-04-04,0.26928112
2013-04-05,0.2650006
2013-04-06,0.21029352
2013-04-07,0.30905664
2013-04-08,0.20947284
2013-04-09,0.16040328
2013-04-10,0.16612174
2013-04-11,0.1910756
2013-04-12,0.18341364
2013-04-13,0.1627693
2013-04-14,0.1429196
2013-04-15,0.14474553
2013-04-16,0.15422794
2013-04-17,0.17703038
2013-04-18,0.18714502
2013-04-19,0.19624841
2013-04-20,2.8033664
2013-04-21,1.5402911
2013-04-22,0.40641662
2013-04-23,0.21491641
2013-04-24,0.16359559
2013-04-25,0.16454168
2013-04-26,0.14535527
2013-04-27,0.13162644
2013-04-28,0.14145774
2013-04-29,0.15467714
2013-04-30,0.13967505
2013-05-01,0.12528442
2013-05-02,0.15620999
2013-05-03,0.18637116
2013-05-04,0.17550047
2013-05-05,0.13421111
2013-05-06,0.11777379
2013-05-07,0.1078239
2013-05-08,0.11888489
2013-05-09,0.12337684
2013-05-10,0.30912077
2013-05-11,0.2826967
2013-05-12,0.24768674
2013-05-13,0.20650236
2013-05-14,0.1261351
2013-05-15,0.10098596
2013-05-16,0.18642953
2013-05-17,0.50382113
2013-05-18,0.39820024
2013-05-19,0.2692601
2013-05-20,0.2506146
2013-05-21,0.24796171
2013-05-22,0.88392764
2013-05-23,3.5631542
2013-05-24,1.9885032
2013-05-25,3.9204497
2013-05-26,1.7383361
2013-05-27,0.32205543
2013-05-28,0.6705241
2013-05-29,1.3973893
2013-05-30,1.4140122
2013-05-31,0.85700786
2013-06-01,3.141255
2013-06-02,4.1360617
2013-06-03,1.5485271
2013-06-04,0.24513695
2013-06-05,0.24230182
2013-06-06,0.5225723
2013-06-07,0.4168283
2013-06-08,0.20024958
2013-06-09,0.1470343
2013-06-10,0.47747788
2013-06-11,0.32767302
2013-06-12,0.23470601
2013-06-13,0.6157777
2013-06-14,0.32959136
2013-06-15,1.1165788
2013-06-16,1.3837043
2013-06-17,1.2316893
2013-06-18,0.39980596
2013-06-19,0.09759183
2013-06-20,0.15552807
2013-06-21,0.84915525
2013-06-22,0.64494103
2013-06-23,0.22405697
2013-06-24,0.08999475
2013-06-25,0.19567876
2013-06-26,0.1974905
2013-06-27,0.109116234
2013-06-28,1.5639218
2013-06-29,4.901737
2013-06-30,1.91989
2013-07-01,1.0755556
2013-07-02,1.7144309
2013-07-03,0.83586437
2013-07-04,0.2678946
2013-07-05,0.717482
2013-07-06,0.45615825
2013-07-07,0.13971992
2013-07-08,0.11831979
2013-07-09,3.663105
2013-07-10,2.2225995
2013-07-11,0.8243087
2013-07-12,0.40290958
2013-07-13,0.28319082
2013-07-14,0.22289915
2013-07-15,0.11994557
2013-07-16,0.12555145
2013-07-17,0.20603731
2013-07-18,0.11924559
2013-07-19,0.19803749
2013-07-20,0.27488536
2013-07-21,1.3373228
2013-07-22,1.3046154
2013-07-23,0.5242981
2013-07-24,0.39206117
2013-07-25,0.18218428
2013-07-26,0.13180405
2013-07-27,0.21978708
2013-07-28,0.87376815
2013-07-29,0.82585686
2013-07-30,0.41455486
2013-07-31,1.2903609
2013-08-01,0.86058974
2013-08-02,0.83636224
2013-08-03,0.3906891
2013-08-04,0.1947959
2013-08-05,0.18924706
2013-08-06,0.098169036
2013-08-07,0.07951091
2013-08-08,0.094385356
2013-08-09,0.7402692
2013-08-10,2.8257396
2013-08-11,5.5666485
2013-08-12,3.923221
2013-08-13,10.907276
2013-08-14,3.786923
2013-08-15,0.22630142
2013-08-16,0.20918734
2013-08-17,1.4730804
2013-08-18,2.1242676
2013-08-19,1.330809
2013-08-20,4.384995
2013-08-21,7.1608124
2013-08-22,6.4860306
2013-08-23,2.1865075
2013-08-24,0.5958763
2013-08-25,1.2393067
2013-08-26,1.3027571
2013-08-27,3.6423252
2013-08-28,4.867944
2013-08-29,4.842604
2013-08-30,1.8069835
2013-08-31,1.4341714
2013-09-01,2.0138872
2013-09-02,1.2780322
2013-09-03,1.8995937
2013-09-04,2.8044019
2013-09-05,3.9626122
2013-09-06,5.7500033
2013-09-07,5.6342864
2013-09-08,2.5260642
2013-09-09,3.1743271
2013-09-10,3.9162529
2013-09-11,4.9572816
2013-09-12,3.5682666
2013-09-13,4.973754
2013-09-14,5.8569183
2013-09-15,5.167046
2013-09-16,4.699579
2013-09-17,9.437763
2013-09-18,5.8484125
2013-09-19,4.1966376
2013-09-20,3.3104432
2013-09-21,2.7382314
2013-09-22,2.4335518
2013-09-23,2.408416
2013-09-24,2.3614807
2013-09-25,2.6857932
2013-09-26,3.2692657
2013-09-27,4.0215454
2013-09-28,14.46684
2013-09-29,8.800723
2013-09-30,12.100148
2013-10-01,7.0857244
2013-10-02,4.329362
2013-10-03,2.8573387
2013-10-04,2.6795168
2013-10-05,10.015495
2013-10-06,6.748398
2013-10-07,3.5777638
2013-10-08,3.274811
2013-10-09,8.088426
2013-10-10,4.9389715
2013-10-11,6.1980495
2013-10-12,6.208196
2013-10-13,7.1142483
2013-10-14,8.880231
2013-10-15,7.963939
2013-10-16,13.632015
2013-10-17,18.720863
2013-10-18,17.830313
2013-10-19,10.802574
2013-10-20,11.636466
2013-10-21,8.998443
2013-10-22,7.915171
2013-10-23,12.667197
2013-10-24,8.390844
2013-10-25,13.932625
2013-10-26,8.985257
2013-10-27,5.929558
2013-10-28,9.168407
2013-10-29,8.729747
2013-10-30,5.668482
2013-10-31,9.977076
2013-11-01,7.369387
2013-11-02,6.6833105
2013-11-03,5.985273
2013-11-04,7.0169983
2013-11-05,6.2929115
2013-11-06,14.979369
2013-11-07,10.500096
2013-11-08,28.297716
2013-11-09,22.867153
2013-11-10,16.35687
2013-11-11,8.841383
2013-11-12,5.692382
2013-11-13,5.4205303
2013-11-14,5.6143203
2013-11-15,6.3811994
2013-11-16,5.3588376
2013-11-17,4.425632
2013-11-18,4.0443068
2013-11-19,3.9221742
2013-11-20,3.750668
2013-11-21,3.6570523
2013-11-22,3.5246077
2013-11-23,3.3842072
2013-11-24,3.5727074
2013-11-25,10.417886
2013-11-26,6.213368
2013-11-27,3.3741443
2013-11-28,4.7116117
2013-11-29,3.6597426
2013-11-30,2.8398492
2013-12-01,2.7474525
2013-12-02,2.642456
2013-12-03,2.546356
2013-12-04,2.6246197
2013-12-05,2.5383193
2013-12-06,2.4126587
2013-12-07,2.338258
2013-12-08,2.3262112
2013-12-09,2.2826514
2013-12-10,2.2001743
2013-12-11,2.202827
2013-12-12,2.1443312
2013-12-13,2.0558584
2013-12-14,2.0142179
2013-12-15,1.9833004
2013-12-16,2.1892836
2013-12-17,1.9920884
2013-12-18,1.9048609
2013-12-19,1.9217182
2013-12-20,1.8201047
2013-12-21,1.7368386
2013-12-22,1.6923609
2013-12-23,1.6530004
2013-12-24,1.6108626
2013-12-25,1.5871695
2013-12-26,1.5467435
2013-12-27,1.5010198
2013-12-28,1.4657952
2013-12-29,1.432615
2013-12-30,1.3957583
2013-12-31,1.3559761
2014-01-01,1.3294272
2014-01-02,1.2932757
2014-01-03,1.262539
2014-01-04,1.2291999
2014-01-05,1.2020565
2014-01-06,1.1736236
2014-01-07,1.1671253
2014-01-08,1.1641552
2014-01-09,1.1208218
2014-01-10,1.0779767
2014-01-11,1.0501344
2014-01-12,1.0249355
2014-01-13,1.0049132
2014-01-14,0.9734286
2014-01-15,0.94723904
2014-01-16,0.92863464
2014-01-17,0.9051828
2014-01-18,0.87889934
2014-01-19,0.8518972
2014-01-20,0.83812225
2014-01-21,0.8229344
2014-01-22,0.8124909
2014-01-23,0.79841226
2014-01-24,0.7697856
2014-01-25,0.75282365
2014-01-26,0.73823476
2014-01-27,0.7223579
2014-01-28,0.70162725
2014-01-29,0.68367803
2014-01-30,0.67047143
2014-01-31,0.65414405
2014-02-01,0.6362998
2014-02-02,0.618077
2014-02-03,0.6040258
2014-02-04,0.59073144
2014-02-05,0.57562256
2014-02-06,0.5582622
2014-02-07,0.5479884
2014-02-08,0.5406687
2014-02-09,0.5266288
2014-02-10,0.5173335
2014-02-11,0.5105144
2014-02-12,0.49882475
2014-02-13,0.4899872
2014-02-14,0.54145
2014-02-15,0.5014962
2014-02-16,0.46195295
2014-02-17,0.44132257
2014-02-18,0.43180794
2014-02-19,0.42617774
2014-02-20,0.4155311
2014-02-21,0.40320057
2014-02-22,0.3959227
2014-02-23,0.39246047
2014-02-24,0.38436198
2014-02-25,0.37478584
2014-02-26,0.36324745
2014-02-27,0.3612942
2014-02-28,0.3726731
2014-03-01,0.3484552
2014-03-02,0.34615314
2014-03-03,0.33437473
2014-03-04,0.3468156
2014-03-05,0.32668445
2014-03-06,0.3138884
2014-03-07,0.36384466
2014-03-08,0.6698491
2014-03-09,0.5223565
2014-03-10,0.34174004
2014-03-11,0.30582473
2014-03-12,0.2855398
2014-03-13,0.27724227
2014-03-14,0.2808913
2014-03-15,0.28010103
2014-03-16,0.27178222
2014-03-17,0.25819224
2014-03-18,0.25064838
2014-03-19,0.24939594
2014-03-20,0.2499783
2014-03-21,0.245811
2014-03-22,0.23951721
2014-03-23,0.23414344
2014-03-24,0.22425099
2014-03-25,0.23180234
2014-03-26,0.24751067
2014-03-27,0.22182074
2014-03-28,0.20728253
2014-03-29,0.20179729
2014-03-30,0.198914
2014-03-31,0.19738574
2014-04-01,0.20336916
2014-04-02,0.19315505
2014-04-03,0.18443297
2014-04-04,0.21490939
2014-04-05,0.19345649
2014-04-06,0.17873017
2014-04-07,0.17578451
2014-04-08,0.17229404
2014-04-09,0.20573808
2014-04-10,0.21812986
2014-04-11,0.18612176
2014-04-12,0.16346794
2014-04-13,0.16181481
2014-04-14,0.16122006
2014-04-15,0.16109921
2014-04-16,0.2000366
2014-04-17,0.2326303
2014-04-18,0.17272238
2014-04-19,0.14543767
2014-04-20,0.15948024
2014-04-21,0.18990777
2014-04-22,0.23789561
2014-04-23,0.19495513
2014-04-24,0.18807532
2014-04-25,0.26738313
2014-04-26,0.23330417
2014-04-27,1.7629985
2014-04-28,0.9531859
2014-04-29,0.2710063
2014-04-30,0.19192624
2014-05-01,0.24217822
2014-05-02,0.18616961
2014-05-03,1.8518326
2014-05-04,1.0547316
2014-05-05,0.5289889
2014-05-06,0.2822433
2014-05-07,0.19057447
2014-05-08,0.19443476
2014-05-09,0.1888732
2014-05-10,0.22252113
2014-05-11,0.19014496
2014-05-12,0.15555914
2014-05-13,0.13870795
2014-05-14,0.111871615
2014-05-15,0.15903349
2014-05-16,0.24844879
2014-05-17,0.52506
2014-05-18,2.9382906
2014-05-19,1.2011029
2014-05-20,0.24839647
2014-05-21,0.97205824
2014-05-22,1.0043428
2014-05-23,0.3282676
2014-05-24,0.21241511
2014-05-25,0.16301842
2014-05-26,0.100716695
2014-05-27,0.083427384
2014-05-28,0.118911505
2014-05-29,0.25998822
2014-05-30,6.810709
2014-05-31,3.0185063
2014-06-01,0.4164271
2014-06-02,0.13145061
2014-06-03,0.13720347
2014-06-04,0.30369005
2014-06-05,0.17598683
2014-06-06,0.12389767
2014-06-07,0.11355679
2014-06-08,0.17060333
2014-06-09,0.81631386
2014-06-10,0.39918444
2014-06-11,0.13688903
2014-06-12,0.105796754
2014-06-13,0.09954112
2014-06-14,0.091336586
2014-06-15,0.24690902
2014-06-16,0.15514533
2014-06-17,0.11111745
2014-06-18,0.13562717
2014-06-19,0.11029524
2014-06-20,0.081644334
2014-06-21,0.08437221
2014-06-22,0.15443946
2014-06-23,0.13847218
2014-06-24,0.2393061
2014-06-25,0.14444065
2014-06-26,0.16751601
2014-06-27,0.32543677
2014-06-28,0.15643395
2014-06-29,0.074875854
2014-06-30,0.062460296
2014-07-01,0.08518473
2014-07-02,0.60883415
2014-07-03,0.7145651
2014-07-04,0.23884179
2014-07-05,0.06432552
2014-07-06,0.14123692
2014-07-07,0.08734592
2014-07-08,0.07991423
2014-07-09,0.08005408
2014-07-10,0.052821513
2014-07-11,0.04968893
2014-07-12,0.07567506
2014-07-13,0.069684
2014-07-14,0.05973863
2014-07-15,0.07553245
2014-07-16,0.068533584
2014-07-17,0.057347227
2014-07-18,0.072336964
2014-07-19,0.083704814
2014-07-20,0.05454682
2014-07-21,0.09889981
2014-07-22,0.19885509
2014-07-23,0.097268164
2014-07-24,0.042459764
2014-07-25,0.040567204
2014-07-26,0.07635134
2014-07-27,0.08615066
2014-07-28,0.18316016
2014-07-29,0.08200365
2014-07-30,0.07593081
2014-07-31,0.11584263
2014-08-01,0.06733949
2014-08-02,0.12541325
2014-08-03,0.14208522
2014-08-04,0.43876705
2014-08-05,0.18533236
2014-08-06,0.042284813
2014-08-07,0.08118901
2014-08-08,0.66417646
2014-08-09,0.5173631
2014-08-10,0.23687573
2014-08-11,0.20268086
2014-08-12,0.1182624
2014-08-13,0.069523126
2014-08-14,1.173714
2014-08-15,0.46427518
2014-08-16,0.054611336
2014-08-17,0.053721942
2014-08-18,0.6017308
2014-08-19,1.7120731
2014-08-20,0.8442859
2014-08-21,0.16670711
2014-08-22,0.06413613
2014-08-23,2.8539631
2014-08-24,2.1625986
2014-08-25,1.1906003
2014-08-26,1.6741925
2014-08-27,2.3648279
2014-08-28,4.295611
2014-08-29,13.224069
2014-08-30,5.3664217
2014-08-31,0.5113096
2014-09-01,0.058148608
2014-09-02,0.037252102
2014-09-03,0.4615622
2014-09-04,2.574994
2014-09-05,0.9501001
2014-09-06,0.22734773
2014-09-07,0.9419393
2014-09-08,0.61395097
2014-09-09,0.15458854
2014-09-10,0.1628855
2014-09-11,0.19455244
2014-09-12,2.7227683
2014-09-13,2.68699
2014-09-14,1.0086542
2014-09-15,0.41114762
2014-09-16,0.3592188
2014-09-17,8.295669
2014-09-18,10.974048
2014-09-19,11.931131
2014-09-20,7.492567
2014-09-21,6.746679
2014-09-22,9.491392
2014-09-23,17.466751
2014-09-24,9.637724
2014-09-25,1.7910389
2014-09-26,0.7832102
2014-09-27,0.6131526
2014-09-28,0.689857
2014-09-29,1.2264882
2014-09-30,0.4639314
2014-10-01,0.13153675
2014-10-02,0.2534523
2014-10-03,0.17569335
2014-10-04,0.28459167
2014-10-05,3.300297
2014-10-06,3.1271594
2014-10-07,3.1228309
2014-10-08,1.8333814
2014-10-09,6.5545473
2014-10-10,22.05026
2014-10-11,15.600323
2014-10-12,14.162829
2014-10-13,4.959133
2014-10-14,1.3185003
2014-10-15,1.3739333
2014-10-16,0.7046864
2014-10-17,0.51306057
2014-10-18,2.258526
2014-10-19,9.776736
2014-10-20,4.6113687
2014-10-21,8.054539
2014-10-22,6.853252
2014-10-23,2.2020512
2014-10-24,3.4042544
2014-10-25,2.1630511
2014-10-26,2.2397666
2014-10-27,2.2439868
2014-10-28,5.0547338
2014-10-29,3.5830595
2014-10-30,2.4846137
2014-10-31,2.5780838
2014-11-01,4.5678897
2014-11-02,4.429384
2014-11-03,3.6623785
2014-11-04,2.8247442
2014-11-05,2.597357
2014-11-06,2.6763382
2014-11-07,2.7422624
2014-11-08,4.07571
2014-11-09,3.8692827
2014-11-10,4.018716
2014-11-11,6.10936
2014-11-12,11.282101
2014-11-13,7.846052
2014-11-14,10.72747
2014-11-15,7.1883335
2014-11-16,5.3251247
2014-11-17,4.936766
2014-11-18,4.7343197
2014-11-19,5.018882
2014-11-20,4.7090545
2014-11-21,5.0976915
2014-11-22,4.483414
2014-11-23,4.0278587
2014-11-24,3.758154
2014-11-25,3.5607624
2014-11-26,3.5494351
2014-11-27,13.886806
2014-11-28,7.8760133
2014-11-29,3.4166393
2014-11-30,2.8808105
2014-12-01,2.7882094
2014-12-02,2.712056
2014-12-03,2.6191375
2014-12-04,2.5616384
2014-12-05,2.5003319
2014-12-06,3.1468964
2014-12-07,3.2337193
2014-12-08,2.960029
2014-12-09,2.3885858
2014-12-10,2.9032562
2014-12-11,4.098439
2014-12-12,11.475416
2014-12-13,5.131521
2014-12-14,6.3461113
2014-12-15,7.351283
2014-12-16,3.2900293
2014-12-17,1.7585999
2014-12-18,1.6714547
2014-12-19,1.6407658
2014-12-20,1.5979536
2014-12-21,1.5527028
2014-12-22,1.5302577
2014-12-23,1.4829316
2014-12-24,1.4432732
2014-12-25,1.4075325
2014-12-26,1.3726764
2014-12-27,1.3353286
2014-12-28,1.2980672
2014-12-29,1.2624054
2014-12-30,1.2263037
2014-12-31,1.1924585
2015-01-01,1.1581537
2015-01-02,0.99007356
2015-01-03,0.87093747
2015-01-04,0.8315313
2015-01-05,0.8099488
2015-01-06,0.7889392
2015-01-07,0.7689242
2015-01-08,0.7491011
2015-01-09,0.73009074
2015-01-10,0.711767
2015-01-11,0.68923724
2015-01-12,0.6714696
2015-01-13,0.65983415
2015-01-14,0.6398699
2015-01-15,0.63031286
2015-01-16,0.60987747
2015-01-17,0.58986413
2015-01-18,0.5679294
2015-01-19,0.5520711
2015-01-20,0.54007137
2015-01-21,0.5319024
2015-01-22,0.52940357
2015-01-23,0.5285241
2015-01-24,0.5192007
2015-01-25,0.5033228
2015-01-26,0.49769676
2015-01-27,0.47344005
2015-01-28,0.46059525
2015-01-29,0.45496422
2015-01-30,0.44261506
2015-01-31,0.4318244
2015-02-01,0.41606525
2015-02-02,0.41124913
2015-02-03,0.39742333
2015-02-04,0.38676393
2015-02-05,0.37792367
2015-02-06,0.3737885
2015-02-07,0.37290004
2015-02-08,0.37419435
2015-02-09,0.3617047
2015-02-10,0.4748925
2015-02-11,0.43211916
2015-02-12,0.35568398
2015-02-13,0.3326211
2015-02-14,0.3313996
2015-02-15,0.32314375
2015-02-16,0.31284344
2015-02-17,0.30939904
2015-02-18,0.30361882
2015-02-19,0.2903226
2015-02-20,0.28032464
2015-02-21,0.27376997
2015-02-22,0.2685328
2015-02-23,0.26463273
2015-02-24,0.25937283
2015-02-25,0.2560992
2015-02-26,0.2507829
2015-02-27,0.24745686
2015-02-28,0.24690394
2015-03-01,0.2434489
2015-03-02,0.23088768
2015-03-03,0.22184917
2015-03-04,0.21553737
2015-03-05,0.21576025
2015-03-06,0.20980656
2015-03-07,0.2069496
2015-03-08,0.20670958
2015-03-09,0.20070468
2015-03-10,0.19264595
2015-03-11,0.19151144
2015-03-12,0.18565422
2015-03-13,0.18437804
2015-03-14,0.18691221
2015-03-15,0.18198735
2015-03-16,0.17674424
2015-03-17,0.18132342
2015-03-18,0.1812345
2015-03-19,0.17723098
2015-03-20,0.18981463
2015-03-21,0.32501402
2015-03-22,3.467657
2015-03-23,1.3356714
2015-03-24,0.18996415
2015-03-25,0.1562377
2015-03-26,0.16143924
2015-03-27,0.16031007
2015-03-28,0.15172444
2015-03-29,0.17759502
2015-03-30,0.24753696
2015-03-31,0.2030517
2015-04-01,0.17753817
2015-04-02,0.161129
2015-04-03,0.15567946
2015-04-04,0.14927426
2015-04-05,0.15995513
2015-04-06,0.1423869
2015-04-07,0.13059016
2015-04-08,0.12856382
2015-04-09,0.13037764
2015-04-10,0.16312037
2015-04-11,0.15902866
2015-04-12,0.26009426
2015-04-13,0.19841526
2015-04-14,0.19150996
2015-04-15,2.6250541
2015-04-16,1.1042756
2015-04-17,0.22140296
2015-04-18,0.2516732
2015-04-19,0.1784901
2015-04-20,0.20292279
2015-04-21,1.5625172
2015-04-22,0.79509556
2015-04-23,0.17796776
2015-04-24,0.10001271
2015-04-25,0.10496337
2015-04-26,0.11127929
2015-04-27,0.114562124
2015-04-28,0.099518806
2015-04-29,0.10004742
2015-04-30,0.10537962
2015-05-01,0.12940134
2015-05-02,0.19822642
2015-05-03,0.15590769
2015-05-04,0.13373135
2015-05-05,0.123985864
2015-05-06,0.13108031
2015-05-07,0.11998877
2015-05-08,0.11299898
2015-05-09,0.09966377
2015-05-10,0.09194689
2015-05-11,0.08559047
2015-05-12,0.077822514
2015-05-13,0.07736722
2015-05-14,0.08122139
2015-05-15,0.08323502
2015-05-16,0.19730327
2015-05-17,0.15881579
2015-05-18,0.09727878
2015-05-19,0.19212061
2015-05-20,0.33772933
2015-05-21,0.18703736
2015-05-22,2.0070026
2015-05-23,1.1409068
2015-05-24,0.23400801
2015-05-25,0.104865976
2015-05-26,0.96827763
2015-05-27,0.40635708
2015-05-28,0.1487963
2015-05-29,0.5206294
2015-05-30,1.1569805
2015-05-31,0.6367453
2015-06-01,1.0797682
2015-06-02,0.40308526
2015-06-03,0.34047294
2015-06-04,0.931618
2015-06-05,0.66606855
2015-06-06,0.32341942
2015-06-07,0.23288351
2015-06-08,1.6737992
2015-06-09,1.540039
2015-06-10,1.5260555
2015-06-11,1.5528016
2015-06-12,0.5188645
2015-06-13,0.1356386
2015-06-14,0.14532143
2015-06-15,0.1433476
2015-06-16,0.118848465
2015-06-17,0.07020717
2015-06-18,0.052811883
2015-06-19,0.055661835
2015-06-20,0.05474798
2015-06-21,0.09597041
2015-06-22,0.09679607
2015-06-23,0.12530087
2015-06-24,0.06732362
2015-06-25,0.04487976
2015-06-26,0.04886141
2015-06-27,0.048925105
2015-06-28,0.04588994
2015-06-29,0.04673934
2015-06-30,0.047452483
2015-07-01,0.049441546
2015-07-02,0.043187547
2015-07-03,0.044881713
2015-07-04,0.042369988
2015-07-05,0.037693016
2015-07-06,0.04256973
2015-07-07,0.06729495
2015-07-08,2.0467668
2015-07-09,0.90478146
2015-07-10,0.24255905
2015-07-11,0.16245352
2015-07-12,0.097894825
2015-07-13,0.08316873
2015-07-14,0.48339942
2015-07-15,0.2370352
2015-07-16,0.88748914
2015-07-17,0.4050426
2015-07-18,0.09074718
2015-07-19,0.2631579
2015-07-20,0.3325936
2015-07-21,2.006497
2015-07-22,0.75665367
2015-07-23,3.2275875
2015-07-24,1.5879774
2015-07-25,0.22087403
2015-07-26,0.04476914
2015-07-27,0.040604096
2015-07-28,0.13347268
2015-07-29,0.07008202
2015-07-30,0.19982499
2015-07-31,0.10641247
2015-08-01,0.10257416
2015-08-02,0.29127595
2015-08-03,0.16394442
2015-08-04,0.05091401
2015-08-05,0.03635761
2015-08-06,0.03656844
2015-08-07,0.03962805
2015-08-08,0.08732083
2015-08-09,0.26678866
2015-08-10,3.3289042
2015-08-11,2.55518
2015-08-12,0.5594713
2015-08-13,0.08114806
2015-08-14,0.11921754
2015-08-15,1.1941382
2015-08-16,0.5548343
2015-08-17,0.3484276
2015-08-18,0.6918519
2015-08-19,0.29629296
2015-08-20,0.053245332
2015-08-21,0.031509254
2015-08-22,0.20874707
2015-08-23,1.059554
2015-08-24,4.9064264
2015-08-25,2.3822992
2015-08-26,1.0952973
2015-08-27,1.427567
2015-08-28,0.65805686
2015-08-29,0.29767138
2015-08-30,0.10439442
2015-08-31,0.057217807
2015-09-01,0.24558671
2015-09-02,0.3875444
2015-09-03,0.19132617
2015-09-04,0.85883784
2015-09-05,0.35453004
2015-09-06,1.2206774
2015-09-07,0.95651984
2015-09-08,0.71006244
2015-09-09,0.2301934
2015-09-10,0.097849466
2015-09-11,6.636391
2015-09-12,4.239551
2015-09-13,1.0357113
2015-09-14,0.14415145
2015-09-15,0.066275194
2015-09-16,0.21947211
2015-09-17,0.72608596
2015-09-18,0.62576973
2015-09-19,0.91768
2015-09-20,0.58906317
2015-09-21,4.4489884
2015-09-22,1.5879375
2015-09-23,0.21540484
2015-09-24,0.8917863
2015-09-25,0.80860156
2015-09-26,0.22565463
2015-09-27,0.09159585
2015-09-28,0.21370213
2015-09-29,0.105317764
2015-09-30,0.19359957
2015-10-01,0.19289818
2015-10-02,1.7841973
2015-10-03,1.9991249
2015-10-04,0.5421199
2015-10-05,0.09500865
2015-10-06,0.06283218
2015-10-07,0.12474927
2015-10-08,0.5695542
2015-10-09,0.61423594
2015-10-10,1.5047544
2015-10-11,1.4951242
2015-10-12,1.3656491
2015-10-13,6.2206726
2015-10-14,6.2166204
2015-10-15,10.808724
2015-10-16,6.9257317
2015-10-17,5.0193577
2015-10-18,1.5879961
2015-10-19,0.23602413
2015-10-20,0.56486046
2015-10-21,0.5049035
2015-10-22,0.44873518
2015-10-23,0.2999944
2015-10-24,0.47942716
2015-10-25,1.5971828
2015-10-26,1.1481295
2015-10-27,0.70234483
2015-10-28,2.3555872
2015-10-29,1.5907573
2015-10-30,2.07575
2015-10-31,1.4022441
2015-11-01,0.9014161
2015-11-02,0.56980324
2015-11-03,73.146484
2015-11-04,26.756523
2015-11-05,1.400834
2015-11-06,12.369823
2015-11-07,5.2464647
2015-11-08,0.89033693
2015-11-09,0.6880983
2015-11-10,1.6573564
2015-11-11,1.3069066
2015-11-12,1.6137804
2015-11-13,4.2963057
2015-11-14,2.306165
2015-11-15,0.95062816
2015-11-16,1.8558486
2015-11-17,5.397213
2015-11-18,6.0049367
2015-11-19,38.56533
2015-11-20,18.570751
2015-11-21,6.23303
2015-11-22,4.752741
2015-11-23,3.936923
2015-11-24,3.4061606
2015-11-25,2.9963582
2015-11-26,2.70344
2015-11-27,2.3679445
2015-11-28,2.248718
2015-11-29,2.2933555
2015-11-30,1.936087
2015-12-01,1.7103974
2015-12-02,1.6110474
2015-12-03,1.4970378
2015-12-04,1.4952958
2015-12-05,1.4895238
2015-12-06,1.3763901
2015-12-07,1.2281587
2015-12-08,1.1460674
2015-12-09,1.1317707
2015-12-10,1.2731572
2015-12-11,1.1105925
2015-12-12,0.9881369
2015-12-13,0.94173443
2015-12-14,1.0515853
2015-12-15,1.2838675
2015-12-16,1.6934963
2015-12-17,1.1207395
2015-12-18,0.82859564
2015-12-19,1.9112982
2015-12-20,1.2039324
2015-12-21,0.75340414
2015-12-22,0.7068203
2015-12-23,0.6835838
2015-12-24,0.6580744
2015-12-25,0.6252389
2015-12-26,0.6020798
2015-12-27,0.5901717
2015-12-28,0.57937694
2015-12-29,0.5635989
2015-12-30,0.5472912
2015-12-31,0.5307027
2016-01-01,0.51203996
2016-01-02,0.5064968
2016-01-03,0.49055552
2016-01-04,0.4752392
2016-01-05,0.46204415
2016-01-06,0.46843553
2016-01-07,0.44760683
2016-01-08,0.42179734
2016-01-09,0.4058644
2016-01-10,0.39580303
2016-01-11,0.42147005
2016-01-12,0.38284102
2016-01-13,0.36315635
2016-01-14,0.3548984
2016-01-15,0.34205094
2016-01-16,0.32249665
2016-01-17,0.3082576
2016-01-18,0.2978829
2016-01-19,0.28858197
2016-01-20,0.28000814
2016-01-21,0.2715908
2016-01-22,0.26370475
2016-01-23,0.25831228
2016-01-24,0.248726
2016-01-25,0.24174465
2016-01-26,0.23391588
2016-01-27,0.22976236
2016-01-28,0.22465174
2016-01-29,0.21797656
2016-01-30,0.21186408
2016-01-31,0.20343956
2016-02-01,0.19512704
2016-02-02,0.19034971
2016-02-03,0.18985009
2016-02-04,0.18677245
2016-02-05,0.18301292
2016-02-06,0.17937724
2016-02-07,0.17307751
2016-02-08,0.16609666
2016-02-09,0.16147363
2016-02-10,0.15932262
2016-02-11,0.15562281
2016-02-12,0.15120056
2016-02-13,0.15054254
2016-02-14,0.14638723
2016-02-15,0.14268342
2016-02-16,0.14036174
2016-02-17,0.13843302
2016-02-18,0.13268264
2016-02-19,0.13343857
2016-02-20,0.12750122
2016-02-21,0.12742323
2016-02-22,0.12370073
2016-02-23,0.12213281
2016-02-24,0.11849304
2016-02-25,0.11339392
2016-02-26,0.11249143
2016-02-27,0.11378517
2016-02-28,0.11183713
2016-02-29,0.10884186
2016-03-01,0.107362404
2016-03-02,0.10900428
2016-03-03,0.10486326
2016-03-04,0.09761927
2016-03-05,0.09654239
2016-03-06,0.097925745
2016-03-07,0.09599609
2016-03-08,0.09519238
2016-03-09,0.094700366
2016-03-10,0.08889125
2016-03-11,0.08863615
2016-03-12,0.08856115
2016-03-13,0.08636434
2016-03-14,0.085258886
2016-03-15,0.081407584
2016-03-16,0.07910436
2016-03-17,0.07868932
2016-03-18,0.08117031
2016-03-19,0.08396297
2016-03-20,0.078624874
2016-03-21,0.07574836
2016-03-22,0.07831792
2016-03-23,0.070035
2016-03-24,0.06716325
2016-03-25,0.06724798
2016-03-26,0.06650341
2016-03-27,0.063609
2016-03-28,0.062814854
2016-03-29,0.07009593
2016-03-30,0.060629673
2016-03-31,0.052088894
2016-04-01,0.06448831
2016-04-02,0.09616634
2016-04-03,0.09157468
2016-04-04,0.065178916
2016-04-05,0.050165523
2016-04-06,0.06893063
2016-04-07,0.051645186
2016-04-08,0.04674471
2016-04-09,0.043854643
2016-04-10,0.043769658
2016-04-11,0.048580248
2016-04-12,0.044968575
2016-04-13,0.044805665
2016-04-14,0.052465193
2016-04-15,0.06136944
2016-04-16,0.046300583
2016-04-17,0.063593626
2016-04-18,0.102020256
2016-04-19,0.07432357
2016-04-20,0.06586184
2016-04-21,0.08429316
2016-04-22,0.17817841
2016-04-23,0.15895188
2016-04-24,0.22140944
2016-04-25,0.79971004
2016-04-26,4.591366
2016-04-27,1.6364497
2016-04-28,3.5002103
2016-04-29,6.5279655
2016-04-30,2.5329287
2016-05-01,1.0300127
2016-05-02,1.4069173
2016-05-03,3.1812594
2016-05-04,1.6623214
2016-05-05,0.55917466
2016-05-06,0.2519374
2016-05-07,0.3656906
2016-05-08,10.092337
2016-05-09,5.0190783
2016-05-10,1.6805506
2016-05-11,1.7677928
2016-05-12,1.7959889
2016-05-13,0.5115025
2016-05-14,0.053897157
2016-05-15,0.04410505
2016-05-16,1.0871933
2016-05-17,0.41674456
2016-05-18,0.08099457
2016-05-19,0.57906765
2016-05-20,0.30790323
2016-05-21,0.09336117
2016-05-22,0.055301894
2016-05-23,0.16942598
2016-05-24,0.0898632
2016-05-25,1.3509545
2016-05-26,4.0096445
2016-05-27,3.5084395
2016-05-28,1.1731404
2016-05-29,2.0908737
2016-05-30,2.8799222
2016-05-31,1.0983638
2016-06-01,0.78638774
2016-06-02,1.7330235
2016-06-03,1.4153165
2016-06-04,7.529462
2016-06-05,2.7246163
2016-06-06,0.14226525
2016-06-07,0.27213275
2016-06-08,4.764704
2016-06-09,2.8208423
2016-06-10,1.3838081
2016-06-11,8.445445
2016-06-12,3.3249176
2016-06-13,0.2903103
2016-06-14,1.3511977
2016-06-15,1.2116166
2016-06-16,1.4044613
2016-06-17,0.47777134
2016-06-18,0.112266935
2016-06-19,0.16022637
2016-06-20,0.17885713
2016-06-21,3.1391819
2016-06-22,10.428696
2016-06-23,4.0220494
2016-06-24,0.42690217
2016-06-25,0.6643811
2016-06-26,1.0545341
2016-06-27,0.8675877
2016-06-28,0.30755734
2016-06-29,0.1413021
2016-06-30,0.16546854
2016-07-01,0.22514655
2016-07-02,0.28263962
2016-07-03,1.0186993
2016-07-04,0.6530338
2016-07-05,0.25371423
2016-07-06,0.66089994
2016-07-07,0.6789001
2016-07-08,0.28145194
2016-07-09,0.15607333
2016-07-10,0.17129818
2016-07-11,0.19010413
2016-07-12,0.2817075
2016-07-13,0.3252264
2016-07-14,0.4214391
2016-07-15,0.5180196
2016-07-16,1.2036502
2016-07-17,1.2532014
2016-07-18,0.57858884
2016-07-19,1.2779752
2016-07-20,0.6210825
2016-07-21,0.24697587
2016-07-22,0.6961739
2016-07-23,0.7109679
2016-07-24,3.3895257
2016-07-25,3.0747135
2016-07-26,0.9079467
2016-07-27,0.218042
2016-07-28,0.1994332
2016-07-29,0.22663127
2016-07-30,0.32733467
2016-07-31,1.7263347
2016-08-01,0.8858299
2016-08-02,0.43371502
2016-08-03,0.418665
2016-08-04,2.7827253
2016-08-05,2.1620548
2016-08-06,0.63392663
2016-08-07,0.23231423
2016-08-08,0.25646144
2016-08-09,0.30109742
2016-08-10,0.2804444
2016-08-11,0.5963952
2016-08-12,0.59447134
2016-08-13,0.40870628
2016-08-14,0.4032817
2016-08-15,0.3221071
2016-08-16,0.31368104
2016-08-17,0.2843534
2016-08-18,0.29376248
2016-08-19,0.2772076
2016-08-20,0.33223245
2016-08-21,0.33964884
2016-08-22,0.2647793
2016-08-23,0.23070952
2016-08-24,0.26704666
2016-08-25,0.24789459
2016-08-26,0.86157954
2016-08-27,6.0982795
2016-08-28,3.5841973
2016-08-29,0.75662947
2016-08-30,0.27229872
2016-08-31,0.4021663
2016-09-01,0.66327673
2016-09-02,3.0246072
2016-09-03,3.7231226
2016-09-04,1.9295886
2016-09-05,1.13522
2016-09-06,2.4412525
2016-09-07,1.5948845
2016-09-08,2.3309674
2016-09-09,8.097409
2016-09-10,3.3706334
2016-09-11,2.0411897
2016-09-12,3.73667
2016-09-13,4.4978895
2016-09-14,7.6939726
2016-09-15,9.471985
2016-09-16,4.2358727
2016-09-17,3.7960231
2016-09-18,2.868582
2016-09-19,2.480573
2016-09-20,2.5173001
2016-09-21,4.365507
2016-09-22,3.0357718
2016-09-23,2.3267841
2016-09-24,2.221789
2016-09-25,2.2734587
2016-09-26,2.4714606
2016-09-27,2.437881
2016-09-28,2.0748045
2016-09-29,2.0178418
2016-09-30,1.920432
2016-10-01,2.4699826
2016-10-02,11.549516
2016-10-03,16.983597
2016-10-04,6.5266004
2016-10-05,3.1837904
2016-10-06,2.393362
2016-10-07,2.8185527
2016-10-08,13.263765
2016-10-09,7.964631
2016-10-10,5.639116
2016-10-11,11.897217
2016-10-12,9.532201
2016-10-13,8.828103
2016-10-14,12.356786
2016-10-15,9.394009
2016-10-16,7.899058
2016-10-17,7.7300887
2016-10-18,7.0255513
2016-10-19,8.004595
2016-10-20,10.325167
2016-10-21,6.215054
2016-10-22,4.3159285
2016-10-23,4.4443836
2016-10-24,4.137665
2016-10-25,4.078468
2016-10-26,22.191313
2016-10-27,14.044308
2016-10-28,10.605017
2016-10-29,6.628243
2016-10-30,17.015703
2016-10-31,9.501192
2016-11-01,11.799321
2016-11-02,13.465101
2016-11-03,14.3280525
2016-11-04,9.635613
2016-11-05,7.989353
2016-11-06,9.288433
2016-11-07,9.510939
2016-11-08,9.787373
2016-11-09,7.664128
2016-11-10,5.893642
2016-11-11,5.252403
2016-11-12,7.71727
2016-11-13,19.805075
2016-11-14,10.912262
2016-11-15,7.0767074
2016-11-16,27.88422
2016-11-17,16.431662
2016-11-18,9.449937
2016-11-19,7.3125024
2016-11-20,9.016241
2016-11-21,18.93359
2016-11-22,11.744081
2016-11-23,6.3067613
2016-11-24,5.721408
2016-11-25,6.319574
2016-11-26,5.793207
2016-11-27,11.003797
2016-11-28,7.1929255
2016-11-29,5.5222044
2016-11-30,5.313001
2016-12-01,4.5957856
2016-12-02,4.318458
2016-12-03,4.181021
2016-12-04,4.4269786
2016-12-05,5.626854
2016-12-06,4.4037905
2016-12-07,3.68555
2016-12-08,3.633166
2016-12-09,3.619943
2016-12-10,4.5528836
2016-12-11,3.9165242
2016-12-12,3.27053
2016-12-13,3.065358
2016-12-14,2.9811666
2016-12-15,2.9025018
2016-12-16,2.8241653
2016-12-17,2.7460113
2016-12-18,2.6677132
2016-12-19,2.5885053
2016-12-20,2.513577
2016-12-21,2.4408505
2016-12-22,2.377987
2016-12-23,2.3477023
2016-12-24,2.2634158
2016-12-25,2.1816628
2016-12-26,2.164788
2016-12-27,2.111911
2016-12-28,2.0070162
2016-12-29,1.942725
2016-12-30,1.880756
2016-12-31,1.8229846
2017-01-01,1.7693797
2017-01-02,1.7197347
2017-01-03,1.6715132
2017-01-04,1.6167324
2017-01-05,1.569367
2017-01-06,1.5228069
2017-01-07,1.4744395
2017-01-08,1.429952
2017-01-09,1.3955873
2017-01-10,1.353286
2017-01-11,1.3112154
2017-01-12,1.2752266
2017-01-13,1.2357249
2017-01-14,1.1979702
2017-01-15,1.1642598
2017-01-16,1.1316736
2017-01-17,1.0964494
2017-01-18,1.063874
2017-01-19,1.0363086
2017-01-20,1.0084038
2017-01-21,0.97978854
2017-01-22,0.95209926
2017-01-23,0.9266381
2017-01-24,0.89878356
2017-01-25,0.8702905
2017-01-26,0.8427227
2017-01-27,0.8222863
2017-01-28,0.80064774
2017-01-29,0.77661973
2017-01-30,0.7563469
2017-01-31,0.7366085
2017-02-01,0.7196509
2017-02-02,0.7008655
2017-02-03,0.6825466
2017-02-04,0.66290987
2017-02-05,0.64794475
2017-02-06,0.6309197
2017-02-07,0.61290824
2017-02-08,0.59736055
2017-02-09,0.5851373
2017-02-10,0.5698152
2017-02-11,0.5599382
2017-02-12,0.5435547
2017-02-13,0.5291565
2017-02-14,0.5185998
2017-02-15,0.5087648
2017-02-16,0.49775666
2017-02-17,0.48644868
2017-02-18,0.47368369
2017-02-19,0.45984572
2017-02-20,0.44787034
2017-02-21,0.4383817
2017-02-22,0.43163905
2017-02-23,0.42631963
2017-02-24,0.4165846
2017-02-25,0.40828064
2017-02-26,0.39932615
2017-02-27,0.38757068
2017-02-28,0.38112223
2017-03-01,0.37318984
2017-03-02,0.3687988
2017-03-03,0.3607944
2017-03-04,0.35409412
2017-03-05,0.33916572
2017-03-06,0.34235346
2017-03-07,0.32990333
2017-03-08,0.32698506
2017-03-09,0.34473324
2017-03-10,0.33148515
2017-03-11,0.31741494
2017-03-12,0.36186755
2017-03-13,0.56838655
2017-03-14,0.47666076
2017-03-15,0.33274212
2017-03-16,0.30335423
2017-03-17,0.27868748
2017-03-18,0.26193205
2017-03-19,0.25463971
2017-03-20,0.24849288
2017-03-21,0.24750496
2017-03-22,0.24075812
2017-03-23,0.24142337
2017-03-24,0.5803009
2017-03-25,0.40548185
2017-03-26,0.26546425
2017-03-27,0.26353127
2017-03-28,0.23756701
2017-03-29,0.21640892
2017-03-30,0.2335411
2017-03-31,0.9632416
2017-04-01,0.57300925
2017-04-02,0.32112756
2017-04-03,0.25574395
2017-04-04,0.21566589
2017-04-05,0.19165139
2017-04-06,0.1807841
2017-04-07,0.17720069
2017-04-08,0.16562591
2017-04-09,0.16327217
2017-04-10,0.17232183
2017-04-11,0.19420272
2017-04-12,0.1759674
2017-04-13,0.16103296
2017-04-14,0.15379573
2017-04-15,0.15967862
2017-04-16,0.14633796
2017-04-17,0.18475929
2017-04-18,0.25311333
2017-04-19,0.25206813
2017-04-20,0.2261647
2017-04-21,5.2842774
2017-04-22,2.4805744
2017-04-23,0.35299987
2017-04-24,0.13272293
2017-04-25,0.12909697
2017-04-26,0.18877988
2017-04-27,0.22213587
2017-04-28,0.20627348
2017-04-29,0.14499503
2017-04-30,0.123232365
2017-05-01,0.23178828
2017-05-02,0.29197246
2017-05-03,0.30388257
2017-05-04,0.25025126
2017-05-05,0.16395164
2017-05-06,0.9177176
2017-05-07,2.1425846
2017-05-08,22.041315
2017-05-09,12.442313
2017-05-10,5.417776
2017-05-11,7.8560038
2017-05-12,6.7152367
2017-05-13,12.506655
2017-05-14,4.252209
2017-05-15,0.28354543
2017-05-16,0.78686494
2017-05-17,12.694906
2017-05-18,10.773057
2017-05-19,2.619954
2017-05-20,0.23648803
2017-05-21,0.25533694
2017-05-22,0.33723867
2017-05-23,0.8033474
2017-05-24,0.58481103
2017-05-25,0.19764575
2017-05-26,0.3659443
2017-05-27,8.639323
2017-05-28,5.600847
2017-05-29,1.0794063
2017-05-30,1.6483392
2017-05-31,1.5058746
2017-06-01,1.1883304
2017-06-02,0.55959904
2017-06-03,0.16903725
2017-06-04,0.100478545
2017-06-05,0.108526304
2017-06-06,0.23410766
2017-06-07,0.62824184
2017-06-08,3.2777178
2017-06-09,4.119391
2017-06-10,2.0283964
2017-06-11,0.44689655
2017-06-12,2.1898792
2017-06-13,15.747498
2017-06-14,7.7004604
2017-06-15,10.383048
2017-06-16,8.846102
2017-06-17,10.195828
2017-06-18,4.504738
2017-06-19,5.5432873
2017-06-20,3.4875216
2017-06-21,1.1371132
2017-06-22,3.9191573
2017-06-23,6.0447774
2017-06-24,4.215664
2017-06-25,1.4609423
2017-06-26,0.921389
2017-06-27,6.608337
2017-06-28,5.366625
2017-06-29,3.0065942
2017-06-30,1.6779416
2017-07-01,1.249313
2017-07-02,1.1487621
2017-07-03,1.1521468
2017-07-04,1.4250801
2017-07-05,1.3216306
2017-07-06,1.2687465
2017-07-07,1.3754625
2017-07-08,1.4693246
2017-07-09,1.3739401
2017-07-10,1.1927171
2017-07-11,1.470802
2017-07-12,2.4467094
2017-07-13,1.813505
2017-07-14,1.2607147
2017-07-15,4.0981417
2017-07-16,9.646941
2017-07-17,4.458488
2017-07-18,1.8126434
2017-07-19,1.2779204
2017-07-20,1.7588658
2017-07-21,15.268693
2017-07-22,6.231269
2017-07-23,1.3852338
2017-07-24,1.3568987
2017-07-25,1.5147827
2017-07-26,1.3554527
2017-07-27,1.408612
2017-07-28,1.4241155
2017-07-29,1.6915412
2017-07-30,3.063512
2017-07-31,4.0876994
2017-08-01,22.008944
2017-08-02,11.062649
2017-08-03,3.5091577
2017-08-04,2.8717852
2017-08-05,4.42449
2017-08-06,6.750946
2017-08-07,5.7153697
2017-08-08,6.727504
2017-08-09,4.1045465
2017-08-10,5.223899
2017-08-11,6.455869
2017-08-12,11.570383
2017-08-13,5.7754602
2017-08-14,11.390286
2017-08-15,6.1463213
2017-08-16,3.3866951
2017-08-17,4.748876
2017-08-18,3.7951484
2017-08-19,3.3416152
2017-08-20,7.956368
2017-08-21,15.922798
2017-08-22,7.4982553
2017-08-23,6.5311184
2017-08-24,6.673599
2017-08-25,4.389994
2017-08-26,6.46526
2017-08-27,4.738292
2017-08-28,3.846933
2017-08-29,5.5216675
2017-08-30,9.361948
2017-08-31,10.220698
2017-09-01,5.3548584
2017-09-02,3.7196145
2017-09-03,3.5955327
2017-09-04,3.7485049
2017-09-05,4.7350736
2017-09-06,3.9135184
2017-09-07,5.039857
2017-09-08,9.326082
2017-09-09,12.394728
2017-09-10,13.545285
2017-09-11,7.1701083
2017-09-12,3.8921049
2017-09-13,4.264793
2017-09-14,10.653539
2017-09-15,19.90681
2017-09-16,14.825116
2017-09-17,6.1975684
2017-09-18,6.7633243
2017-09-19,6.269741
2017-09-20,4.812753
2017-09-21,4.6286716
2017-09-22,5.326126
2017-09-23,5.1475873
2017-09-24,4.9769654
2017-09-25,9.183718
2017-09-26,8.713594
2017-09-27,5.795121
2017-09-28,4.357661
2017-09-29,5.364562
2017-09-30,7.4846516
2017-10-01,31.458227
2017-10-02,19.011578
2017-10-03,8.0227375
2017-10-04,7.249695
2017-10-05,7.860235
2017-10-06,8.01108
2017-10-07,6.771251
2017-10-08,6.111808
2017-10-09,5.9499984
2017-10-10,5.9234986
2017-10-11,5.8362727
2017-10-12,5.507809
2017-10-13,5.248473
2017-10-14,5.029917
2017-10-15,4.869582
2017-10-16,4.670087
2017-10-17,4.488717
2017-10-18,4.3164926
2017-10-19,4.3071
2017-10-20,8.506309
2017-10-21,5.5853515
2017-10-22,7.8979826
2017-10-23,15.842584
2017-10-24,9.963013
2017-10-25,6.7940607
2017-10-26,5.261923
2017-10-27,6.7875733
2017-10-28,10.420915
2017-10-29,6.7982755
2017-10-30,4.1571717
2017-10-31,4.3382998
2017-11-01,3.5816402
2017-11-02,3.2242992
2017-11-03,3.1859796
2017-11-04,3.2434776
2017-11-05,3.2388046
2017-11-06,4.259905
2017-11-07,3.7858999
2017-11-08,5.1591377
2017-11-09,4.1569715
2017-11-10,5.9618354
2017-11-11,4.360258
2017-11-12,3.400001
2017-11-13,3.1594856
2017-11-14,3.3363116
2017-11-15,6.1865163
2017-11-16,5.4851832
2017-11-17,4.7432194
2017-11-18,11.32472
2017-11-19,6.275097
2017-11-20,3.692242
2017-11-21,3.5043344
2017-11-22,4.164207
2017-11-23,4.032695
2017-11-24,4.5835185
2017-11-25,8.03816
2017-11-26,5.2527246
2017-11-27,3.8241718
2017-11-28,3.8191533
2017-11-29,4.0757422
2017-11-30,3.8820825
2017-12-01,3.8369508
2017-12-02,3.8125043
2017-12-03,3.7893686
2017-12-04,3.998951
2017-12-05,3.7450376
2017-12-06,3.5758479
2017-12-07,3.5268657
2017-12-08,3.561581
2017-12-09,3.768262
2017-12-10,4.674076
2017-12-11,4.452933
2017-12-12,4.479819
2017-12-13,3.5631728
2017-12-14,3.154721
2017-12-15,3.0837111
2017-12-16,3.025568
2017-12-17,2.964168
2017-12-18,2.9014413
2017-12-19,2.839421
2017-12-20,2.7741706
2017-12-21,2.711422
2017-12-22,2.6457663
2017-12-23,2.5757475
2017-12-24,2.5061507
2017-12-25,2.4375799
2017-12-26,2.371611
2017-12-27,2.3097568
2017-12-28,2.2515695
2017-12-29,2.1863594
2017-12-30,2.258573
2017-12-31,2.3308673
2018-01-01,2.1119761
2018-01-02,2.0870712
2018-01-03,2.0258005
2018-01-04,2.064337
2018-01-05,2.365915
2018-01-06,2.6493073
2018-01-07,1.9916415
2018-01-08,1.6907228
2018-01-09,1.6331654
2018-01-10,1.6341482
2018-01-11,1.6507626
2018-01-12,1.5439386
2018-01-13,1.4685992
2018-01-14,1.4748361
2018-01-15,2.4859467
2018-01-16,1.7409341
2018-01-17,1.3171506
2018-01-18,1.291605
2018-01-19,1.3094147
2018-01-20,1.2693318
2018-01-21,1.1810029
2018-01-22,1.1301429
2018-01-23,1.093377
2018-01-24,1.0615704
2018-01-25,1.0278281
2018-01-26,0.99700123
2018-01-27,0.9637347
2018-01-28,0.9363551
2018-01-29,0.9077519
2018-01-30,0.876555
2018-01-31,0.8495846
2018-02-01,0.81593734
2018-02-02,0.7892985
2018-02-03,0.7650014
2018-02-04,0.7441727
2018-02-05,0.723129
2018-02-06,0.699165
2018-02-07,0.6798276
2018-02-08,0.6574193
2018-02-09,0.6427803
2018-02-10,0.62463355
2018-02-11,0.6079029
2018-02-12,0.59227103
2018-02-13,0.56958985
2018-02-14,0.5482282
2018-02-15,0.53518254
2018-02-16,0.51928085
2018-02-17,0.50523376
2018-02-18,0.49237654
2018-02-19,0.47910836
2018-02-20,0.4697344
2018-02-21,0.4543305
2018-02-22,0.43999904
2018-02-23,0.43606296
2018-02-24,0.42190304
2018-02-25,0.40831646
2018-02-26,0.40330774
2018-02-27,0.39668715
2018-02-28,0.38399404
2018-03-01,0.37260377
2018-03-02,0.35926035
2018-03-03,0.35023907
2018-03-04,0.34085208
2018-03-05,0.3338715
2018-03-06,0.33061627
2018-03-07,0.3253322
2018-03-08,0.3176418
2018-03-09,0.31036544
2018-03-10,0.30214846
2018-03-11,0.29440057
2018-03-12,0.29138553
2018-03-13,0.28480917
2018-03-14,0.29707256
2018-03-15,0.2774085
2018-03-16,0.27124313
2018-03-17,0.2646424
2018-03-18,0.2809993
2018-03-19,0.30747598
2018-03-20,0.27623707
2018-03-21,0.24717598
2018-03-22,0.241219
2018-03-23,0.235641
2018-03-24,0.2640648
2018-03-25,0.2727975
2018-03-26,0.23855525
2018-03-27,0.22105518
2018-03-28,0.21437195
2018-03-29,0.21092038
2018-03-30,0.20619477
2018-03-31,0.20319255
2018-04-01,0.22060353
2018-04-02,0.22839819
2018-04-03,0.23100568
2018-04-04,0.21282507
2018-04-05,0.20300813
2018-04-06,0.20918846
2018-04-07,0.23215643
2018-04-08,0.20087528
2018-04-09,0.20365547
2018-04-10,0.20019934
2018-04-11,3.3528068
2018-04-12,2.8283727
2018-04-13,1.0669588
2018-04-14,0.30696723
2018-04-15,0.18912855
2018-04-16,0.17798609
2018-04-17,0.2082345
2018-04-18,0.18494375
2018-04-19,0.17259762
2018-04-20,0.15029602
2018-04-21,0.18188319
2018-04-22,0.18507096
2018-04-23,0.18519218
2018-04-24,0.17775099
2018-04-25,0.2285732
2018-04-26,0.5474704
2018-04-27,0.326963
2018-04-28,0.30568525
2018-04-29,0.53956926
2018-04-30,0.43996367
2018-05-01,0.6211514
2018-05-02,0.29064372
2018-05-03,0.17049202
2018-05-04,0.18047276
2018-05-05,0.4004956
2018-05-06,2.1696439
2018-05-07,1.2612488
2018-05-08,1.3958765
2018-05-09,1.5751047
2018-05-10,10.911331
2018-05-11,5.7904105
2018-05-12,1.0504447
2018-05-13,0.9430263
2018-05-14,1.8618684
2018-05-15,3.7904296
2018-05-16,1.7338282
2018-05-17,0.48707235
2018-05-18,1.5861937
2018-05-19,0.72309303
2018-05-20,3.0272374
2018-05-21,2.4309187
2018-05-22,2.6727886
2018-05-23,1.4558259
2018-05-24,0.9618952
2018-05-25,2.337145
2018-05-26,2.6168258
2018-05-27,5.2943873
2018-05-28,5.1402726
2018-05-29,2.5441837
2018-05-30,0.8015009
2018-05-31,8.470798
2018-06-01,3.1507623
2018-06-02,0.29693666
2018-06-03,0.29595393
2018-06-04,0.3264665
2018-06-05,1.3122214
2018-06-06,0.89383906
2018-06-07,0.8395859
2018-06-08,0.46507916
2018-06-09,0.27025643
2018-06-10,0.23438211
2018-06-11,0.28621525
2018-06-12,5.8418694
2018-06-13,2.6926413
2018-06-14,0.46099198
2018-06-15,1.6640347
2018-06-16,1.6468039
2018-06-17,1.1842961
2018-06-18,0.4969641
2018-06-19,1.9335936
2018-06-20,1.1773953
2018-06-21,0.52020425
2018-06-22,1.2214557
2018-06-23,0.66996324
2018-06-24,0.34790313
2018-06-25,0.74864334
2018-06-26,0.5107626
2018-06-27,0.38120806
2018-06-28,1.0419906
2018-06-29,0.6152633
2018-06-30,1.7018267
2018-07-01,0.86574376
2018-07-02,0.5145797
2018-07-03,1.3034178
2018-07-04,0.6711598
2018-07-05,0.3395011
2018-07-06,0.34540167
2018-07-07,0.36713445
2018-07-08,0.40077233
2018-07-09,0.35366663
2018-07-10,0.32961208
2018-07-11,0.34619993
2018-07-12,0.35427997
2018-07-13,0.332228
2018-07-14,0.32942095
2018-07-15,0.38376948
2018-07-16,0.33611658
2018-07-17,0.4053233
2018-07-18,0.35945618
2018-07-19,0.31653553
2018-07-20,0.3073016
2018-07-21,0.30268115
2018-07-22,0.30282643
2018-07-23,0.28219482
2018-07-24,0.78625405
2018-07-25,1.0199993
2018-07-26,1.0264493
2018-07-27,0.6785031
2018-07-28,0.89839655
2018-07-29,1.4124168
2018-07-30,1.2686564
2018-07-31,2.6825745
2018-08-01,2.157366
2018-08-02,1.5301386
2018-08-03,2.3857627
2018-08-04,1.0869718
2018-08-05,0.468835
2018-08-06,0.44029415
2018-08-07,0.41023806
2018-08-08,0.40911594
2018-08-09,0.41878018
2018-08-10,0.42005572
2018-08-11,0.41892055
2018-08-12,0.4175303
2018-08-13,0.40808102
2018-08-14,0.46662796
2018-08-15,0.5802722
2018-08-16,1.1717497
2018-08-17,0.66975385
2018-08-18,0.39283168
2018-08-19,0.42394382
2018-08-20,0.6679205
2018-08-21,0.47431964
2018-08-22,0.38950464
2018-08-23,0.43041274
2018-08-24,0.48068917
2018-08-25,0.45353833
2018-08-26,0.38017198
2018-08-27,0.57866824
2018-08-28,1.0345726
2018-08-29,0.597864
2018-08-30,0.84277606
2018-08-31,1.5458109
2018-09-01,0.76272434
2018-09-02,0.5488536
2018-09-03,3.0624971
2018-09-04,1.6001912
2018-09-05,0.5860159
2018-09-06,0.49358413
2018-09-07,6.921968
2018-09-08,11.953483
2018-09-09,4.1171155
2018-09-10,2.0714889
2018-09-11,1.916084
2018-09-12,1.1523954
2018-09-13,2.1336708
2018-09-14,2.0664482
2018-09-15,1.4828633
2018-09-16,1.9638064
2018-09-17,5.780413
2018-09-18,2.6105123
2018-09-19,1.921748
2018-09-20,1.7670714
2018-09-21,1.3519498
2018-09-22,1.781413
2018-09-23,6.96783
2018-09-24,9.032023
2018-09-25,4.262785
2018-09-26,6.0280814
2018-09-27,7.485639
2018-09-28,7.9948287
2018-09-29,13.308947
2018-09-30,6.6152616
2018-10-01,3.4641793
2018-10-02,5.346905
2018-10-03,9.343353
2018-10-04,10.730707
2018-10-05,6.125244
2018-10-06,5.221503
2018-10-07,13.901009
2018-10-08,8.182564
2018-10-09,4.7117586
2018-10-10,5.331087
2018-10-11,8.174289
2018-10-12,8.200573
2018-10-13,7.0025926
2018-10-14,5.722408
2018-10-15,5.1963596
2018-10-16,4.887177
2018-10-17,4.8117085
2018-10-18,4.44249
2018-10-19,4.7118063
2018-10-20,5.788229
2018-10-21,10.75141
2018-10-22,5.837107
2018-10-23,7.0658007
2018-10-24,5.586338
2018-10-25,3.865303
2018-10-26,3.1782546
2018-10-27,3.013408
2018-10-28,3.1156056
2018-10-29,2.922325
2018-10-30,2.6557775
2018-10-31,2.604241
2018-11-01,2.4464555
2018-11-02,2.3800147
2018-11-03,5.3701763
2018-11-04,12.364761
2018-11-05,9.838422
2018-11-06,4.0542746
2018-11-07,2.60445
2018-11-08,2.1539848
2018-11-09,1.9669328
2018-11-10,2.0681689
2018-11-11,2.069557
2018-11-12,1.9244397
2018-11-13,1.8139259
2018-11-14,1.8696243
2018-11-15,1.9531634
2018-11-16,4.9942036
2018-11-17,4.0472293
2018-11-18,2.734886
2018-11-19,2.2152028
2018-11-20,2.6810517
2018-11-21,1.9889717
2018-11-22,1.5669675
2018-11-23,2.4484513
2018-11-24,1.9399313
2018-11-25,1.4740802
2018-11-26,1.3666456
2018-11-27,1.3332374
2018-11-28,1.6749282
2018-11-29,3.0643458
2018-11-30,1.8628489
2018-12-01,1.252834
2018-12-02,1.2164348
2018-12-03,1.1842257
2018-12-04,1.1571507
2018-12-05,1.130563
2018-12-06,1.108595
2018-12-07,1.0786822
2018-12-08,1.0500441
2018-12-09,1.0208187
2018-12-10,0.99369305
2018-12-11,0.96557266
2018-12-12,0.93805075
2018-12-13,0.9105557
2018-12-14,0.87579507
2018-12-15,0.8522128
2018-12-16,0.832479
2018-12-17,0.79929984
2018-12-18,0.7704623
2018-12-19,0.74077857
2018-12-20,0.71335346
2018-12-21,0.692642
2018-12-22,0.673211
2018-12-23,0.64432096
2018-12-24,0.61826473
2018-12-25,0.59437925
2018-12-26,0.57427824
2018-12-27,0.55331624
2018-12-28,0.53136975
2018-12-29,0.5123332
2018-12-30,0.49546522
2018-12-31,0.47575733
2019-01-01,0.45632824
2019-01-02,0.42484587
2019-01-03,0.41062057
2019-01-04,0.3965666
2019-01-05,0.38411263
2019-01-06,0.3706346
2019-01-07,0.3609199
2019-01-08,0.3511093
2019-01-09,0.34243283
2019-01-10,0.33280417
2019-01-11,0.32296613
2019-01-12,0.30950624
2019-01-13,0.3009924
2019-01-14,0.29059356
2019-01-15,0.28463376
2019-01-16,0.27793437
2019-01-17,0.26726186
2019-01-18,0.25749528
2019-01-19,0.24891128
2019-01-20,0.23976831
2019-01-21,0.22514804
2019-01-22,0.21910617
2019-01-23,0.2120391
2019-01-24,0.20596227
2019-01-25,0.2019846
2019-01-26,0.19245614
2019-01-27,0.1885546
2019-01-28,0.18558732
2019-01-29,0.1756861
2019-01-30,0.17091829
2019-01-31,0.16667321
2019-02-01,0.1634983
2019-02-02,0.15883324
2019-02-03,0.15327717
2019-02-04,0.15207148
2019-02-05,0.14914171
2019-02-06,0.14138153
2019-02-07,0.13560224
2019-02-08,0.13281526
2019-02-09,0.12844667
2019-02-10,0.12569869
2019-02-11,0.12634413
2019-02-12,0.122964114
2019-02-13,0.11843755
2019-02-14,0.11650863
2019-02-15,0.111445576
2019-02-16,0.115147494
2019-02-17,0.10863999
2019-02-18,0.10839777
2019-02-19,0.10494482
2019-02-20,0.16136831
2019-02-21,0.11879662
2019-02-22,0.093816586
2019-02-23,0.0905744
2019-02-24,0.09004515
2019-02-25,0.08837318
2019-02-26,0.08365681
2019-02-27,0.081917524
2019-02-28,0.082533166
2019-03-01,0.08417062
2019-03-02,0.15440476
2019-03-03,0.10753957
2019-03-04,0.080680296
2019-03-05,0.07347815
2019-03-06,0.07022473
2019-03-07,0.066525154
2019-03-08,0.06612332
2019-03-09,0.068993345
2019-03-10,0.06410422
2019-03-11,0.06282637
2019-03-12,0.061034467
2019-03-13,0.060292583
2019-03-14,0.057417575
2019-03-15,0.057204913
2019-03-16,0.056605976
2019-03-17,0.05693471
2019-03-18,0.054939274
2019-03-19,0.07384648
2019-03-20,0.11890712
2019-03-21,0.080059856
2019-03-22,0.05570739
2019-03-23,0.05073246
2019-03-24,0.058373973
2019-03-25,0.053196236
2019-03-26,0.04988609
2019-03-27,0.04929248
2019-03-28,0.04739086
2019-03-29,0.04542399
2019-03-30,0.046839524
2019-03-31,0.041717056
2019-04-01,0.12753724
2019-04-02,0.07790835
2019-04-03,0.042003773
2019-04-04,0.037741743
2019-04-05,0.03766316
2019-04-06,0.05695766
2019-04-07,0.0452599
2019-04-08,0.045591753
2019-04-09,0.041167803
2019-04-10,0.07656493
2019-04-11,0.13118884
2019-04-12,0.06239964
2019-04-13,0.035096414
2019-04-14,0.070345156
2019-04-15,0.070972286
2019-04-16,0.04240998
2019-04-17,0.045117274
2019-04-18,0.040959064
2019-04-19,0.06090608
2019-04-20,0.16682558
2019-04-21,0.17865588
2019-04-22,3.4038303
2019-04-23,4.3514247
2019-04-24,1.1938727
2019-04-25,0.06847645
2019-04-26,0.07717519
2019-04-27,0.060780603
2019-04-28,0.032267876
2019-04-29,0.02635345
2019-04-30,0.03819495
2019-05-01,0.029067751
2019-05-02,0.020294359
2019-05-03,0.020527197
2019-05-04,0.04625567
2019-05-05,0.03174795
2019-05-06,0.029278891
2019-05-07,0.05758283
2019-05-08,0.12902763
2019-05-09,0.99988544
2019-05-10,3.340889
2019-05-11,2.2511535
2019-05-12,0.46616474
2019-05-13,0.048880655
2019-05-14,1.80951
2019-05-15,1.7561923
2019-05-16,0.5275978
2019-05-17,0.26689982
2019-05-18,0.78506565
2019-05-19,3.0460098
2019-05-20,1.1080611
2019-05-21,0.10935938
2019-05-22,0.08741837
2019-05-23,0.1822048
2019-05-24,2.0105104
2019-05-25,1.2824211
2019-05-26,1.5151472
2019-05-27,0.79003555
2019-05-28,2.9583943
2019-05-29,2.4416575
2019-05-30,3.7795658
2019-05-31,2.5981426
2019-06-01,1.1006056
2019-06-02,2.7122445
2019-06-03,0.953314
2019-06-04,0.07384755
2019-06-05,0.066658914
2019-06-06,1.4321636
2019-06-07,4.003825
2019-06-08,2.6709669
2019-06-09,0.85942364
2019-06-10,1.3528543
2019-06-11,2.6769335
2019-06-12,0.89737624
2019-06-13,0.110949144
2019-06-14,0.07612652
2019-06-15,0.14602855
2019-06-16,0.12369297
2019-06-17,0.06546812
2019-06-18,0.05710717
2019-06-19,0.06863046
2019-06-20,0.06533079
2019-06-21,0.12399682
2019-06-22,0.094152935
2019-06-23,0.059052125
2019-06-24,0.098146126
2019-06-25,0.76055884
2019-06-26,0.30747274
2019-06-27,0.06966648
2019-06-28,0.056701984
2019-06-29,0.077003874
2019-06-30,0.12878378
2019-07-01,0.11659766
2019-07-02,0.5438805
2019-07-03,0.27004147
2019-07-04,0.07226903
2019-07-05,0.06324454
2019-07-06,0.057326455
2019-07-07,0.053975493
2019-07-08,0.14472193
2019-07-09,0.2446518
2019-07-10,0.14418672
2019-07-11,0.08151247
2019-07-12,0.054905962
2019-07-13,0.051561564
2019-07-14,0.5814007
2019-07-15,2.966302
2019-07-16,1.1748263
2019-07-17,0.3806881
2019-07-18,0.13962619
2019-07-19,0.048837032
2019-07-20,0.04468044
2019-07-21,0.04678003
2019-07-22,0.07870086
2019-07-23,0.5644675
2019-07-24,0.83887595
2019-07-25,0.3578696
2019-07-26,0.13340273
2019-07-27,0.07321473
2019-07-28,0.051681843
2019-07-29,0.08537278
2019-07-30,0.1099755
2019-07-31,0.07440929
2019-08-01,0.1138068
2019-08-02,0.327838
2019-08-03,0.16396205
2019-08-04,0.08586235
2019-08-05,0.16189022
2019-08-06,0.14385611
2019-08-07,1.0389102
2019-08-08,0.6440626
2019-08-09,0.26030752
2019-08-10,0.08619056
2019-08-11,0.044514295
2019-08-12,0.057397056
2019-08-13,0.1549175
2019-08-14,1.7408524
2019-08-15,2.4307752
2019-08-16,7.7718344
2019-08-17,12.365121
2019-08-18,3.843795
2019-08-19,1.5667766
2019-08-20,3.2976
2019-08-21,3.7601867
2019-08-22,1.0632503
2019-08-23,0.14243132
2019-08-24,0.1419379
2019-08-25,0.10204605
2019-08-26,0.07135488
2019-08-27,0.04802557
2019-08-28,0.085218355
2019-08-29,0.11011844
2019-08-30,0.067450464
2019-08-31,0.05716009
2019-09-01,0.117321424
2019-09-02,1.2759725
2019-09-03,0.4882415
2019-09-04,0.1206455
2019-09-05,0.47658035
2019-09-06,0.8628533
2019-09-07,0.38722238
2019-09-08,0.11811953
2019-09-09,0.07211261
2019-09-10,0.058165178
2019-09-11,0.064237446
2019-09-12,0.11491895
2019-09-13,0.50669575
2019-09-14,0.31242245
2019-09-15,0.12624949
2019-09-16,0.6831659
2019-09-17,1.5926676
2019-09-18,3.0180328
2019-09-19,3.2377558
2019-09-20,1.0474565
2019-09-21,1.4731456
2019-09-22,2.2561784
2019-09-23,1.6406949
2019-09-24,0.63321763
2019-09-25,1.1491768
2019-09-26,1.5817155
2019-09-27,0.5840495
2019-09-28,0.26130515
2019-09-29,3.780993
2019-09-30,2.1489763
2019-10-01,0.5492033
2019-10-02,0.4748897
2019-10-03,5.554047
2019-10-04,2.787856
2019-10-05,0.66427886
2019-10-06,0.8183632
2019-10-07,0.88461876
2019-10-08,2.2011168
2019-10-09,8.861918
2019-10-10,6.836628
2019-10-11,2.3982728
2019-10-12,2.0946476
2019-10-13,1.4297887
2019-10-14,3.8049617
2019-10-15,2.3576963
2019-10-16,1.7906193
2019-10-17,4.645532
2019-10-18,5.180602
2019-10-19,29.983366
2019-10-20,16.651703
2019-10-21,7.5803585
2019-10-22,8.4105425
2019-10-23,12.787905
2019-10-24,10.557646
2019-10-25,7.822371
2019-10-26,6.8336864
2019-10-27,6.152681
2019-10-28,5.3965607
2019-10-29,5.0400047
2019-10-30,4.629545
2019-10-31,4.9206038
2019-11-01,4.1645527
2019-11-02,3.8491223
2019-11-03,3.4383383
2019-11-04,3.573545
2019-11-05,3.1425033
2019-11-06,2.8038173
2019-11-07,2.6402454
2019-11-08,2.4931433
2019-11-09,2.4507544
2019-11-10,4.2016935
2019-11-11,3.1917105
2019-11-12,2.3157775
2019-11-13,2.7883432
2019-11-14,3.1115444
2019-11-15,2.3096614
2019-11-16,1.9695483
2019-11-17,1.8263447
2019-11-18,1.7474214
2019-11-19,1.7021888
2019-11-20,1.6542914
2019-11-21,1.6008781
2019-11-22,1.6206253
2019-11-23,2.041451
2019-11-24,1.6688709
2019-11-25,1.4261127
2019-11-26,1.3660237
2019-11-27,1.3210077
2019-11-28,1.2769202
2019-11-29,1.2884008
2019-11-30,1.2230114
2019-12-01,1.1581324
2019-12-02,1.1155334
2019-12-03,1.0745252
2019-12-04,1.1681441
2019-12-05,1.0625496
2019-12-06,0.97644866
2019-12-07,1.0130112
2019-12-08,1.1564415
2019-12-09,0.9596229
2019-12-10,0.8506888
2019-12-11,0.8201611
2019-12-12,0.7929138
2019-12-13,0.7666498
2019-12-14,0.7417632
2019-12-15,0.7166404
2019-12-16,0.6915008
2019-12-17,0.66661376
2019-12-18,0.70276093
2019-12-19,0.65082145
2019-12-20,0.60600597
2019-12-21,0.586899
2019-12-22,0.56665576
2019-12-23,0.54341906
2019-12-24,0.52129024
2019-12-25,0.5732663
2019-12-26,0.5119254
2019-12-27,0.47285846
2019-12-28,0.49315032
2019-12-29,0.45863435
2019-12-30,0.46560693
2019-12-31,0.47418502
2020-01-01,0.42258674
2020-01-02,0.39533645
2020-01-03,0.38306153
2020-01-04,0.37063855
2020-01-05,0.358202
2020-01-06,0.3478799
2020-01-07,0.33649686
2020-01-08,0.32591707
2020-01-09,0.31528607
2020-01-10,0.30497324
2020-01-11,0.29412732
2020-01-12,0.28525713
2020-01-13,0.27425134
2020-01-14,0.26399705
2020-01-15,0.25558656
2020-01-16,0.24801804
2020-01-17,0.2393647
2020-01-18,0.23154038
2020-01-19,0.22480637
2020-01-20,0.21756092
2020-01-21,0.2204099
2020-01-22,0.21246266
2020-01-23,0.21860616
2020-01-24,0.19862911
2020-01-25,0.18875225
2020-01-26,0.18394406
2020-01-27,0.18227255
2020-01-28,0.17495699
2020-01-29,0.16755183
2020-01-30,0.16201405
2020-01-31,0.1563471
2020-02-01,0.15353596
2020-02-02,0.15155342
2020-02-03,0.14622372
2020-02-04,0.14298579
2020-02-05,0.13873443
2020-02-06,0.13335714
2020-02-07,0.12839004
2020-02-08,0.12459712
2020-02-09,0.12261004
2020-02-10,0.1196428
2020-02-11,0.11657305
2020-02-12,0.11173819
2020-02-13,0.108789526
2020-02-14,0.106342964
2020-02-15,0.103238
2020-02-16,0.09987956
2020-02-17,0.097899295
2020-02-18,0.0957836
2020-02-19,0.09351191
2020-02-20,0.0922449
2020-02-21,0.09212426
2020-02-22,0.089807026
2020-02-23,0.086713225
2020-02-24,0.08373261
2020-02-25,0.08131568
2020-02-26,0.07846021
2020-02-27,0.07768597
2020-02-28,0.076170936
2020-02-29,0.07514059
2020-03-01,0.0713584
2020-03-02,0.07063702
2020-03-03,0.06987822
2020-03-04,0.06841971
2020-03-05,0.06603235
2020-03-06,0.0649156
2020-03-07,0.06438474
2020-03-08,0.064333804
2020-03-09,0.06296598
2020-03-10,0.059381127
2020-03-11,0.056970183
2020-03-12,0.05733029
2020-03-13,0.056810096
2020-03-14,0.05687904
2020-03-15,0.056726567
2020-03-16,0.05229269
2020-03-17,0.050796464
2020-03-18,0.04995017
2020-03-19,0.048965055
2020-03-20,0.05156348
2020-03-21,0.055487175
2020-03-22,0.048863146
2020-03-23,0.04754847
2020-03-24,0.043823943
2020-03-25,0.04515215
2020-03-26,0.044118766
2020-03-27,0.043922167
2020-03-28,0.04178738
2020-03-29,0.04070073
2020-03-30,0.040058352
2020-03-31,0.042491876
2020-04-01,0.08563562
2020-04-02,0.07094079
2020-04-03,0.046464127
2020-04-04,0.040569384
2020-04-05,0.037998635
2020-04-06,0.046311904
2020-04-07,0.050109874
2020-04-08,0.038863976
2020-04-09,0.03626129
2020-04-10,0.03446244
2020-04-11,0.046946187
2020-04-12,0.055375803
2020-04-13,0.060353216
2020-04-14,0.071199894
2020-04-15,0.047230825
2020-04-16,0.03321995
2020-04-17,0.03054761
2020-04-18,0.034118146
2020-04-19,0.066010505
2020-04-20,0.08642004
2020-04-21,0.068479225
2020-04-22,0.05910608
2020-04-23,0.058114078
2020-04-24,0.08158372
2020-04-25,0.043041
2020-04-26,0.024316354
2020-04-27,0.02822647
2020-04-28,0.034420293
2020-04-29,0.045645677
2020-04-30,0.06028665
2020-05-01,0.04309172
2020-05-02,0.029211737
2020-05-03,0.033447266
2020-05-04,0.034803256
2020-05-05,0.05157975
2020-05-06,0.056686938
2020-05-07,0.04562577
2020-05-08,0.034504022
2020-05-09,0.030090364
2020-05-10,0.03889332
2020-05-11,0.09844135
2020-05-12,0.17089446
2020-05-13,0.20023905
2020-05-14,0.18088587
2020-05-15,0.07588073
2020-05-16,0.056106996
2020-05-17,0.10762346
2020-05-18,0.16008183
2020-05-19,1.7968688
2020-05-20,0.77109903
2020-05-21,0.082853265
2020-05-22,0.04326436
2020-05-23,0.14515233
2020-05-24,0.06675308
2020-05-25,0.111584336
2020-05-26,0.116417475
2020-05-27,0.4822494
2020-05-28,6.676348
2020-05-29,5.0961194
2020-05-30,3.9541545
2020-05-31,5.8714857
2020-06-01,2.4717643
2020-06-02,3.4826343
2020-06-03,1.5228684
2020-06-04,1.0594038
2020-06-05,0.38512897
2020-06-06,1.5428553
2020-06-07,1.16683
2020-06-08,0.2771622
2020-06-09,0.6156176
2020-06-10,3.5020685
2020-06-11,1.837777
2020-06-12,0.38095242
2020-06-13,0.084464185
2020-06-14,0.11137515
2020-06-15,1.8523816
2020-06-16,1.9479028
2020-06-17,1.363663
2020-06-18,0.49100122
2020-06-19,0.8004047
2020-06-20,0.9149668
2020-06-21,0.87819105
2020-06-22,0.2824645
2020-06-23,0.04141859
2020-06-24,0.024456775
2020-06-25,0.020409605
2020-06-26,0.09821559
2020-06-27,0.16449745
2020-06-28,9.214545
2020-06-29,4.1296177
2020-06-30,0.41993022
2020-07-01,0.21359809
2020-07-02,1.6791558
2020-07-03,0.7738691
2020-07-04,12.228365
2020-07-05,8.625858
2020-07-06,1.6849058
2020-07-07,0.20528929
2020-07-08,3.7897966
2020-07-09,1.4379816
2020-07-10,0.17823148
2020-07-11,3.143137
2020-07-12,1.4486822
2020-07-13,0.26760226
2020-07-14,0.21047416
2020-07-15,0.1555995
2020-07-16,0.44377926
2020-07-17,0.2518789
2020-07-18,0.27044457
2020-07-19,0.3767333
2020-07-20,0.30518895
2020-07-21,2.8843317
2020-07-22,4.1589313
2020-07-23,4.1457276
2020-07-24,3.188505
2020-07-25,2.1388004
2020-07-26,4.617118
2020-07-27,1.7863975
2020-07-28,4.7328143
2020-07-29,1.9765682
2020-07-30,0.9192302
2020-07-31,2.0530808
2020-08-01,0.8783719
2020-08-02,1.0536618
2020-08-03,1.546266
2020-08-04,2.8024778
2020-08-05,2.7336054
2020-08-06,1.767704
2020-08-07,1.0239773
2020-08-08,0.5897817
2020-08-09,0.5199361
2020-08-10,1.308526
2020-08-11,2.2607813
2020-08-12,1.0783339
2020-08-13,0.64530814
2020-08-14,1.214543
2020-08-15,5.2521863
2020-08-16,2.324241
2020-08-17,3.842058
2020-08-18,3.8201902
2020-08-19,9.377094
2020-08-20,9.247405
2020-08-21,8.531746
2020-08-22,15.811317
2020-08-23,16.209454
2020-08-24,11.913755
2020-08-25,15.332224
2020-08-26,10.407799
2020-08-27,6.860965
2020-08-28,6.3834844
2020-08-29,9.599869
2020-08-30,10.226754
2020-08-31,6.9888144
2020-09-01,5.635416
2020-09-02,7.1530166
2020-09-03,11.110615
2020-09-04,10.246895
2020-09-05,5.956993
2020-09-06,5.295467
2020-09-07,21.006042
2020-09-08,13.703351
2020-09-09,12.3259535
2020-09-10,11.473701
2020-09-11,9.327797
2020-09-12,14.409296
2020-09-13,13.679867
2020-09-14,7.850271
2020-09-15,8.2395
2020-09-16,6.2123137
2020-09-17,6.0575156
2020-09-18,10.128371
2020-09-19,11.14904
2020-09-20,9.824618
2020-09-21,10.278521
2020-09-22,5.6524425
2020-09-23,3.904481
2020-09-24,4.1674957
2020-09-25,5.960236
2020-09-26,4.951864
2020-09-27,4.126942
2020-09-28,5.7769175
2020-09-29,3.9832816
2020-09-30,3.768647
2020-10-01,3.52482
2020-10-02,3.9506476
2020-10-03,9.431174
2020-10-04,21.250826
2020-10-05,8.915542
2020-10-06,3.4582503
2020-10-07,4.297565
2020-10-08,4.636216
2020-10-09,3.5062544
2020-10-10,3.0391233
2020-10-11,2.9655738
2020-10-12,3.179187
2020-10-13,3.767405
2020-10-14,4.2335873
2020-10-15,3.5085406
2020-10-16,2.7539997
2020-10-17,3.1303816
2020-10-18,7.9505663
2020-10-19,10.363654
2020-10-20,8.699786
2020-10-21,4.2261014
2020-10-22,3.227608
2020-10-23,4.151097
2020-10-24,10.35644
2020-10-25,5.977318
2020-10-26,3.3832152
2020-10-27,3.1188529
2020-10-28,4.439657
2020-10-29,7.990821
2020-10-30,7.2958217
2020-10-31,16.464802
2020-11-01,26.862883
2020-11-02,13.834216
2020-11-03,6.9922857
2020-11-04,5.9550858
2020-11-05,7.5211654
2020-11-06,11.103429
2020-11-07,6.636525
2020-11-08,4.512312
2020-11-09,11.155091
2020-11-10,7.678712
2020-11-11,8.435456
2020-11-12,6.5351863
2020-11-13,20.334967
2020-11-14,20.291323
2020-11-15,8.522844
2020-11-16,4.600169
2020-11-17,21.511175
2020-11-18,23.886894
2020-11-19,12.724924
2020-11-20,8.640549
2020-11-21,8.836995
2020-11-22,7.245776
2020-11-23,5.546099
2020-11-24,4.93486
2020-11-25,4.574842
2020-11-26,4.27813
2020-11-27,3.9312372
2020-11-28,3.7187722
2020-11-29,3.4275672
2020-11-30,3.604894
2020-12-01,6.3450418
2020-12-02,4.234815
2020-12-03,2.9661403
2020-12-04,2.6664155
2020-12-05,2.4890337
2020-12-06,2.3838964
2020-12-07,2.2903879
2020-12-08,2.2031856
2020-12-09,2.1595843
2020-12-10,2.0731606
2020-12-11,1.9833713
2020-12-12,1.8963953
2020-12-13,1.8238394
2020-12-14,1.7560039
2020-12-15,1.6909426
2020-12-16,1.6710192
2020-12-17,1.5877126
2020-12-18,1.5144902
2020-12-19,1.450054
2020-12-20,1.3981425
2020-12-21,1.350013
2020-12-22,1.3053315
2020-12-23,1.2631277
2020-12-24,1.2179134
2020-12-25,1.1779547
2020-12-26,1.1404979
2020-12-27,1.1033164
2020-12-28,1.0679376
2020-12-29,1.0305102
2020-12-30,0.99061406
2020-12-31,0.9528398
2021-01-01,0.92404693
2021-01-02,0.89242196
2021-01-03,0.86594343
2021-01-04,0.84269005
2021-01-05,0.8159
2021-01-06,0.78627324
2021-01-07,0.76111937
2021-01-08,0.73636436
2021-01-09,0.73738086
2021-01-10,0.7122805
2021-01-11,0.6771042
2021-01-12,0.6539973
2021-01-13,0.63413584
2021-01-14,0.60978
2021-01-15,0.59145707
2021-01-16,0.57808065
2021-01-17,0.56331635
2021-01-18,0.54974586
2021-01-19,0.53459644
2021-01-20,0.5148984
2021-01-21,0.5004133
2021-01-22,0.48943558
2021-01-23,0.4723162
2021-01-24,0.45935676
2021-01-25,0.44557932
2021-01-26,0.43220067
2021-01-27,0.4195056
2021-01-28,0.41043553
2021-01-29,0.4019586
2021-01-30,0.3928021
2021-01-31,0.38226876
2021-02-01,0.36575532
2021-02-02,0.36147058
2021-02-03,0.3515795
2021-02-04,0.34173694
2021-02-05,0.33650798
2021-02-06,0.32804635
2021-02-07,0.3135001
2021-02-08,0.30524644
2021-02-09,0.29936352
2021-02-10,0.29658622
2021-02-11,0.28886187
2021-02-12,0.28502277
2021-02-13,0.27919215
2021-02-14,0.273719
2021-02-15,0.26619473
2021-02-16,0.25713262
2021-02-17,0.25102937
2021-02-18,0.24417433
2021-02-19,0.23879787
2021-02-20,0.23234522
2021-02-21,0.2263386
2021-02-22,0.21272609
2021-02-23,0.20825647
2021-02-24,0.20402986
2021-02-25,0.200155
2021-02-26,0.19944215
2021-02-27,0.19566227
2021-02-28,0.19157785
2021-03-01,0.18881968
2021-03-02,0.18351516
2021-03-03,0.17578098
2021-03-04,0.17208749
2021-03-05,0.16501191
2021-03-06,0.16383208
2021-03-07,0.16044252
2021-03-08,0.15842484
2021-03-09,0.1449412
2021-03-10,0.14635283
2021-03-11,0.14859389
2021-03-12,0.15047069
2021-03-13,0.1451916
2021-03-14,0.13493845
2021-03-15,0.13227545
2021-03-16,0.13585906
2021-03-17,0.18181206
2021-03-18,0.15113397
2021-03-19,0.14967014
2021-03-20,0.13587241
2021-03-21,0.12434863
2021-03-22,0.12338097
2021-03-23,0.13193104
2021-03-24,0.12312603
2021-03-25,0.11897553
2021-03-26,0.11552682
2021-03-27,0.10884921
2021-03-28,0.1017729
2021-03-29,0.10136045
2021-03-30,0.10215175
2021-03-31,0.103719935
2021-04-01,0.10299188
2021-04-02,0.40725052
2021-04-03,0.25885582
2021-04-04,0.117696024
2021-04-05,0.14706361
2021-04-06,0.18842502
2021-04-07,0.19624123
2021-04-08,0.15483631
2021-04-09,0.14848138
2021-04-10,0.71482676
2021-04-11,0.35816056
2021-04-12,0.16874604
2021-04-13,0.16291277
2021-04-14,0.15305144
2021-04-15,0.111407526
2021-04-16,0.5110046
2021-04-17,0.64465886
2021-04-18,0.7223233
2021-04-19,0.28436688
2021-04-20,0.09994228
2021-04-21,0.16622445
2021-04-22,0.11257673
2021-04-23,0.08205703
2021-04-24,0.09299558
2021-04-25,0.09226925
2021-04-26,0.078453265
2021-04-27,0.09716258
2021-04-28,1.0562155
2021-04-29,0.47797912
2021-04-30,0.1264339
2021-05-01,0.11194692
2021-05-02,0.25327918
2021-05-03,0.4888744
2021-05-04,0.8548526
2021-05-05,0.4005705
2021-05-06,0.32172135
2021-05-07,4.138078
2021-05-08,1.57034
2021-05-09,0.7708813
2021-05-10,0.30899215
2021-05-11,0.077781506
2021-05-12,0.090133026
2021-05-13,0.0796896
2021-05-14,0.0637142
2021-05-15,0.06412411
2021-05-16,0.07286193
2021-05-17,0.09721157
2021-05-18,1.3388199
2021-05-19,0.53172344
2021-05-20,0.1431168
2021-05-21,0.10578334
2021-05-22,0.1523354
2021-05-23,0.50248456
2021-05-24,0.27509663
2021-05-25,1.0930058
2021-05-26,0.41633853
2021-05-27,0.07081821
2021-05-28,0.17851466
2021-05-29,2.3502314
2021-05-30,1.7071021
2021-05-31,0.39125565
2021-06-01,0.31389067
2021-06-02,0.79305476
2021-06-03,0.33176655
2021-06-04,0.58239055
2021-06-05,0.6223842
2021-06-06,3.2755358
2021-06-07,1.8766732
2021-06-08,4.314752
2021-06-09,4.416281
2021-06-10,1.4256744
2021-06-11,1.0661569
2021-06-12,8.336382
2021-06-13,6.0211535
2021-06-14,9.190956
2021-06-15,3.4972787
2021-06-16,0.3758844
2021-06-17,0.17936477
2021-06-18,0.21819703
2021-06-19,0.18217863
2021-06-20,0.23338266
2021-06-21,1.1390067
2021-06-22,1.3714527
2021-06-23,0.8586868
2021-06-24,7.472203
2021-06-25,7.3083496
2021-06-26,2.7051103
2021-06-27,6.1120214
2021-06-28,2.4790595
2021-06-29,0.23640513
2021-06-30,0.13350035
2021-07-01,1.473824
2021-07-02,2.197491
2021-07-03,3.2421694
2021-07-04,3.354755
2021-07-05,2.9075677
2021-07-06,0.8934268
2021-07-07,0.1496084
2021-07-08,0.121036716
2021-07-09,0.14189024
2021-07-10,2.1436865
2021-07-11,2.1605432
2021-07-12,0.637842
2021-07-13,0.45487323
2021-07-14,0.26583758
2021-07-15,0.16450994
2021-07-16,0.21890788
2021-07-17,0.91368586
2021-07-18,0.44083503
2021-07-19,0.1921833
2021-07-20,0.17946798
2021-07-21,0.1791469
2021-07-22,0.17865975
2021-07-23,0.21623446
2021-07-24,1.5509021
2021-07-25,1.622266
2021-07-26,1.7219678
2021-07-27,1.2408463
2021-07-28,0.44648483
2021-07-29,0.22383341
2021-07-30,1.1294209
2021-07-31,0.54406196
2021-08-01,0.32651526
2021-08-02,0.5160498
2021-08-03,0.94281644
2021-08-04,1.1863225
2021-08-05,0.5048733
2021-08-06,1.1830037
2021-08-07,2.7477417
2021-08-08,5.08072
2021-08-09,1.7486539
2021-08-10,0.397206
2021-08-11,1.6555358
2021-08-12,1.15274
2021-08-13,8.406899
2021-08-14,5.978732
2021-08-15,5.9505796
2021-08-16,4.065078
2021-08-17,6.0611067
2021-08-18,6.881804
2021-08-19,28.914328
2021-08-20,19.405678
2021-08-21,6.701988
2021-08-22,3.4253583
2021-08-23,6.480409
2021-08-24,32.21187
2021-08-25,15.259807
2021-08-26,5.8748875
2021-08-27,6.390034
2021-08-28,4.932998
2021-08-29,3.982937
2021-08-30,19.179354
2021-08-31,30.73597
2021-09-01,14.682121
2021-09-02,7.942622
2021-09-03,7.1970744
2021-09-04,6.7698264
2021-09-05,11.928184
2021-09-06,16.471497
2021-09-07,14.111486
2021-09-08,9.271877
2021-09-09,7.886508
2021-09-10,6.962693
2021-09-11,15.956602
2021-09-12,9.520353
2021-09-13,15.018382
2021-09-14,9.993033
2021-09-15,5.693806
2021-09-16,4.5629315
2021-09-17,4.190325
2021-09-18,4.076293
2021-09-19,4.004919
2021-09-20,3.9572315
2021-09-21,3.6236963
2021-09-22,4.278219
2021-09-23,5.440954
2021-09-24,5.560272
2021-09-25,3.5674293
2021-09-26,2.8364148
2021-09-27,2.8078153
2021-09-28,3.4134145
2021-09-29,6.359773
2021-09-30,14.249148
2021-10-01,10.101697
2021-10-02,5.0527725
2021-10-03,4.2043943
2021-10-04,3.059162
2021-10-05,8.326915
2021-10-06,6.7866354
2021-10-07,3.3670492
2021-10-08,2.999979
2021-10-09,10.887489
2021-10-10,6.6249595
2021-10-11,3.9883802
2021-10-12,10.672314
2021-10-13,8.219032
2021-10-14,4.4377766
2021-10-15,3.7190824
2021-10-16,4.65549
2021-10-17,12.409582
2021-10-18,8.504398
2021-10-19,5.60804
2021-10-20,12.081363
2021-10-21,8.294579
2021-10-22,7.0108013
2021-10-23,9.91261
2021-10-24,24.557253
2021-10-25,13.953175
2021-10-26,7.4609914
2021-10-27,11.02941
2021-10-28,9.281364
2021-10-29,8.576239
2021-10-30,8.961177
2021-10-31,43.276737
2021-11-01,20.74231
2021-11-02,10.388507
2021-11-03,10.512769
2021-11-04,11.420936
2021-11-05,8.975698
2021-11-06,7.6298428
2021-11-07,7.459803
2021-11-08,7.5187407
2021-11-09,7.8443727
2021-11-10,7.156583
2021-11-11,6.579999
2021-11-12,6.204151
2021-11-13,5.902351
2021-11-14,5.69267
2021-11-15,5.4370685
2021-11-16,5.1939373
2021-11-17,4.9682317
2021-11-18,4.880362
2021-11-19,4.6253233
2021-11-20,4.4229617
2021-11-21,4.318814
2021-11-22,4.9239063
2021-11-23,5.377253
2021-11-24,4.5478616
2021-11-25,6.601761
2021-11-26,10.471181
2021-11-27,6.4768815
2021-11-28,3.9022026
2021-11-29,3.496647
2021-11-30,4.4598203
2021-12-01,7.3088713
2021-12-02,4.5685897
2021-12-03,3.2034853
2021-12-04,3.1266694
2021-12-05,3.0788486
2021-12-06,3.025946
2021-12-07,2.9732728
2021-12-08,2.919949
2021-12-09,2.868382
2021-12-10,2.8122187
2021-12-11,2.759026
2021-12-12,2.7070234
2021-12-13,2.664399
2021-12-14,2.59724
2021-12-15,2.5581958
2021-12-16,2.523721
2021-12-17,2.43567
2021-12-18,2.386035
2021-12-19,2.361723
2021-12-20,2.3263626
2021-12-21,2.276599
2021-12-22,2.309061
2021-12-23,2.189556
2021-12-24,2.0739038
2021-12-25,2.0235455
2021-12-26,1.9719747
2021-12-27,1.9247402
2021-12-28,1.8682938
2021-12-29,1.8124578
2021-12-30,1.7630395
2021-12-31,1.708237
2022-01-01,1.6604755
2022-01-02,1.6089852
2022-01-03,1.559318
2022-01-04,1.5102196
2022-01-05,1.4613856
2022-01-06,1.4149863
2022-01-07,1.3764983
2022-01-08,1.3340082
2022-01-09,1.2891252
2022-01-10,1.2446185
2022-01-11,1.2028848
2022-01-12,1.1682773
2022-01-13,1.1338142
2022-01-14,1.096229
2022-01-15,1.0571415
2022-01-16,1.0279231
2022-01-17,1.0008352
2022-01-18,0.97453296
2022-01-19,0.9459318
2022-01-20,0.9169434
2022-01-21,0.8892453
2022-01-22,0.86724746
2022-01-23,0.842585
2022-01-24,0.81873363
2022-01-25,0.7965283
2022-01-26,0.7765541
2022-01-27,0.75663626
2022-01-28,0.7363663
2022-01-29,0.7164617
2022-01-30,0.69784635
2022-01-31,0.6817263
2022-02-01,0.66297805
2022-02-02,0.64862835
2022-02-03,0.63449055
2022-02-04,0.61329824
2022-02-05,0.60576844
2022-02-06,0.58563066
2022-02-07,0.56636083
2022-02-08,0.5861187
2022-02-09,0.56114674
2022-02-10,0.5386676
2022-02-11,0.5191001
2022-02-12,0.50349206
2022-02-13,0.49326742
2022-02-14,0.49446627
2022-02-15,0.47686732
2022-02-16,0.46193436
2022-02-17,0.45157254
2022-02-18,0.43879625
2022-02-19,0.43414775
2022-02-20,0.42630422
2022-02-21,0.4100272
2022-02-22,0.4024834
2022-02-23,0.3943537
2022-02-24,0.38498563
2022-02-25,0.37750322
2022-02-26,0.3718246
2022-02-27,0.35936108
2022-02-28,0.42530477
2022-03-01,0.43306547
2022-03-02,0.4071687
2022-03-03,0.4097899
2022-03-04,0.34958243
2022-03-05,0.33628973
2022-03-06,0.36876157
2022-03-07,0.35202193
2022-03-08,0.31807545
2022-03-09,0.3190251
2022-03-10,0.36129206
2022-03-11,0.32855463
2022-03-12,0.31465194
2022-03-13,0.31469378
2022-03-14,0.27279314
2022-03-15,0.2548607
2022-03-16,0.26085478
2022-03-17,0.25270918
2022-03-18,0.24986358
2022-03-19,0.23500808
2022-03-20,0.22596021
2022-03-21,0.22055307
2022-03-22,0.2192027
2022-03-23,0.20761342
2022-03-24,0.20253462
2022-03-25,0.19906422
2022-03-26,0.19976152
2022-03-27,0.19749291
2022-03-28,0.2120717
2022-03-29,0.19058987
2022-03-30,0.23720269
2022-03-31,0.19947575
2022-04-01,0.64654535
2022-04-02,0.4023705
2022-04-03,0.2664055
2022-04-04,2.296918
2022-04-05,0.9376514
2022-04-06,0.2991652
2022-04-07,1.9946308
2022-04-08,1.7312071
2022-04-09,2.2988079
2022-04-10,0.8111194
2022-04-11,0.18516311
2022-04-12,0.1573066
2022-04-13,0.16112335
2022-04-14,0.19415452
2022-04-15,0.1871422
2022-04-16,0.22024855
2022-04-17,0.23481871
2022-04-18,2.2041395
2022-04-19,4.0044174
2022-04-20,2.1985106
2022-04-21,3.7841413
2022-04-22,4.909857
2022-04-23,3.4848065
2022-04-24,1.2529008
2022-04-25,4.124483
2022-04-26,1.7178348
2022-04-27,1.7809854
2022-04-28,4.648378
2022-04-29,2.7137847
2022-04-30,0.7060137
2022-05-01,0.60752845
2022-05-02,0.2776562
2022-05-03,0.14317793
2022-05-04,0.12578015
2022-05-05,0.45450714
2022-05-06,8.639229
2022-05-07,3.53341
2022-05-08,0.43482685
2022-05-09,0.81581897
2022-05-10,1.2733487
2022-05-11,7.008064
2022-05-12,2.6233232
2022-05-13,0.505153
2022-05-14,0.41230884
2022-05-15,0.76765066
2022-05-16,0.50693786
2022-05-17,4.3465414
2022-05-18,3.0683022
2022-05-19,1.1256101
2022-05-20,1.4406322
2022-05-21,0.5998147
2022-05-22,0.13855353
2022-05-23,0.160383
2022-05-24,0.3169601
2022-05-25,1.4929228
2022-05-26,1.2590384
2022-05-27,1.1642388
2022-05-28,2.3496232
2022-05-29,1.2336023
2022-05-30,0.7968521
2022-05-31,5.1985364
2022-06-01,0.4349363
2022-06-02,0.77232444
2022-06-03,1.666222
2022-06-04,4.2741385
2022-06-05,2.941461
2022-06-06,10.841511
2022-06-07,39.35227
2022-06-08,21.781637
2022-06-09,7.421103
2022-06-10,3.6374848
2022-06-11,5.487614
2022-06-12,8.068504
2022-06-13,5.6728377
2022-06-14,5.3605523
2022-06-15,4.091375
2022-06-16,7.7122865
2022-06-17,16.844666
2022-06-18,12.689264
2022-06-19,10.8721695
2022-06-20,13.59744
2022-06-21,10.373771
2022-06-22,10.538749
2022-06-23,7.1599193
2022-06-24,16.111437
2022-06-25,17.609241
2022-06-26,31.37843
2022-06-27,21.282648
2022-06-28,14.888483
2022-06-29,11.17112
2022-06-30,10.622999
2022-07-01,6.1753855
2022-07-02,9.113671
2022-07-03,7.6006613
2022-07-04,8.429542
2022-07-05,10.172
2022-07-06,11.107311
2022-07-07,10.730748
2022-07-08,6.1304226
2022-07-09,4.3573236
2022-07-10,13.154271
2022-07-11,21.146404
2022-07-12,10.992715
2022-07-13,5.0515733
2022-07-14,4.398765
2022-07-15,4.3449783
2022-07-16,4.3559027
2022-07-17,4.9548225
2022-07-18,5.395811
2022-07-19,4.5713577
2022-07-20,5.998624
2022-07-21,5.1341186
2022-07-22,7.7068167
2022-07-23,5.5808406
2022-07-24,4.2267566
2022-07-25,5.2672863
2022-07-26,6.6617565
2022-07-27,13.421251
2022-07-28,37.84909
2022-07-29,17.012577
2022-07-30,6.4205036
2022-07-31,6.10953
2022-08-01,5.7684584
2022-08-02,10.457731
2022-08-03,15.403147
2022-08-04,10.259283
2022-08-05,30.238201
2022-08-06,23.274677
2022-08-07,19.742065
2022-08-08,19.083103
2022-08-09,17.89087
2022-08-10,17.71316
2022-08-11,18.797333
2022-08-12,16.384777
2022-08-13,30.055412
2022-08-14,23.151594
2022-08-15,18.11103
2022-08-16,18.468716
2022-08-17,16.488033
2022-08-18,14.882852
2022-08-19,13.7621355
2022-08-20,17.04846
2022-08-21,28.573948
2022-08-22,23.87259
2022-08-23,15.525135
2022-08-24,11.323892
2022-08-25,10.239786
2022-08-26,10.815098
2022-08-27,12.239728
2022-08-28,14.640465
2022-08-29,15.692164
2022-08-30,11.784164
2022-08-31,12.661761
2022-09-01,13.818357
2022-09-02,11.807222
2022-09-03,9.13575
2022-09-04,8.910361
2022-09-05,9.163182
2022-09-06,9.277243
2022-09-07,10.09102
2022-09-08,12.833302
2022-09-09,12.839012
2022-09-10,9.153977
2022-09-11,8.3785095
2022-09-12,15.043529
2022-09-13,10.791919
2022-09-14,8.138232
2022-09-15,9.623831
2022-09-16,18.589428
2022-09-17,18.264687
2022-09-18,16.991447
2022-09-19,16.549818
2022-09-20,12.253693
2022-09-21,10.655563
2022-09-22,14.300689
2022-09-23,12.885951
2022-09-24,10.899949
2022-09-25,10.828415
2022-09-26,10.249645
2022-09-27,10.614029
2022-09-28,11.187661
2022-09-29,10.681612
2022-09-30,10.221058
2022-10-01,7.02269
2022-10-02,8.430095
2022-10-03,7.903356
2022-10-04,7.6849
2022-10-05,23.270123
2022-10-06,31.453306
2022-10-07,15.501587
2022-10-08,11.444514
2022-10-09,10.264375
2022-10-10,14.371724
2022-10-11,10.312921
2022-10-12,9.918352
2022-10-13,15.179521
2022-10-14,14.201982
2022-10-15,12.233102
2022-10-16,14.678869
2022-10-17,16.473003
2022-10-18,14.176079
2022-10-19,17.770464
2022-10-20,23.12863
2022-10-21,22.920357
2022-10-22,28.34057
2022-10-23,21.636782
2022-10-24,21.815125
2022-10-25,34.209248
2022-10-26,24.729517
2022-10-27,19.46753
2022-10-28,18.621464
2022-10-29,17.855738
2022-10-30,16.989883
2022-10-31,16.1306
2022-11-01,10.896449
2022-11-02,14.228561
2022-11-03,16.278427
2022-11-04,25.689953
2022-11-05,29.001806
2022-11-06,32.584583
2022-11-07,34.871235
2022-11-08,34.66397
2022-11-09,36.382187
2022-11-10,34.1489
2022-11-11,31.596376
2022-11-12,31.683266
2022-11-13,248.87747
2022-11-14,119.93578
2022-11-15,42.520763
2022-11-16,31.543467
2022-11-17,28.142849
2022-11-18,29.436
2022-11-19,23.45343
2022-11-20,20.151308
2022-11-21,19.056454
2022-11-22,17.67705
2022-11-23,16.986368
2022-11-24,20.519827
2022-11-25,16.435467
2022-11-26,17.645897
2022-11-27,18.13167
2022-11-28,17.565786
2022-11-29,13.761139
2022-11-30,11.813626
2022-12-01,8.115451
2022-12-02,10.750816
2022-12-03,10.450363
2022-12-04,10.08427
2022-12-05,9.740349
2022-12-06,9.373536
2022-12-07,9.011837
2022-12-08,8.662363
2022-12-09,8.320974
2022-12-10,7.9920554
2022-12-11,7.676497
2022-12-12,7.403979
2022-12-13,7.099752
2022-12-14,6.787054
2022-12-15,6.5016613
2022-12-16,6.2366896
2022-12-17,5.9812636
2022-12-18,5.7247186
2022-12-19,5.4760733
2022-12-20,5.238556
2022-12-21,5.00975
2022-12-22,4.792672
2022-12-23,4.5821724
2022-12-24,4.382541
2022-12-25,4.184933
2022-12-26,4.0013056
2022-12-27,3.8259823
2022-12-28,3.66249
2022-12-29,3.5076907
2022-12-30,3.3598218
2022-12-31,3.2181818
2023-01-01,2.2263305
2023-01-02,2.9418309
2023-01-03,2.845375
2023-01-04,2.7297554
2023-01-05,2.6206539
2023-01-06,2.5178738
2023-01-07,2.4255996
2023-01-08,2.3466678
2023-01-09,2.2824798
2023-01-10,2.2384496
2023-01-11,2.1690702
2023-01-12,2.0616632
2023-01-13,2.0357342
2023-01-14,1.9204491
2023-01-15,1.8244483
2023-01-16,1.7605077
2023-01-17,1.6919098
2023-01-18,1.6340933
2023-01-19,1.5746658
2023-01-20,1.5152673
2023-01-21,1.4576654
2023-01-22,1.4035941
2023-01-23,1.3500708
2023-01-24,1.2977518
2023-01-25,1.2517139
2023-01-26,1.2025062
2023-01-27,1.1613405
2023-01-28,1.1214585
2023-01-29,1.0801502
2023-01-30,1.044358
2023-01-31,1.0134875
2023-02-01,0.707451
2023-02-02,0.94078654
2023-02-03,0.9165711
2023-02-04,0.8899827
2023-02-05,0.8657167
2023-02-06,0.84033895
2023-02-07,0.81700915
2023-02-08,0.79329735
2023-02-09,0.77432376
2023-02-10,0.75246584
2023-02-11,0.7366539
2023-02-12,0.71399665
2023-02-13,0.69510984
2023-02-14,0.6828557
2023-02-15,0.6680226
2023-02-16,0.6541873
2023-02-17,0.6339709
2023-02-18,0.6177204
2023-02-19,0.6043851
2023-02-20,0.5895373
2023-02-21,0.5781739
2023-02-22,0.56037825
2023-02-23,0.5435343
2023-02-24,0.5348112
2023-02-25,0.52474743
2023-02-26,0.5073243
2023-02-27,0.4976985
2023-02-28,0.48883379
2023-03-01,0.34787977
2023-03-02,0.46479082
2023-03-03,0.45631155
2023-03-04,0.4489486
2023-03-05,0.44180828
2023-03-06,0.43834263
2023-03-07,0.41911343
2023-03-08,0.4258321
2023-03-09,0.41919965
2023-03-10,0.4169172
2023-03-11,0.4045343
2023-03-12,0.38686764
2023-03-13,0.3766718
2023-03-14,0.46393523
2023-03-15,0.4630787
2023-03-16,1.4586185
2023-03-17,0.8314043
2023-03-18,0.44905713
2023-03-19,0.37565455
2023-03-20,0.3586213
2023-03-21,0.37449083
2023-03-22,0.33566365
2023-03-23,0.31689563
2023-03-24,0.314122
2023-03-25,0.3135345
2023-03-26,0.30324242
2023-03-27,0.29610458
2023-03-28,0.28632465
2023-03-29,0.277271
2023-03-30,0.2734186
2023-03-31,0.26977557
2023-04-01,0.18766175
2023-04-02,0.25121596
2023-04-03,0.24604145
2023-04-04,0.24196315
2023-04-05,0.24139836
2023-04-06,0.2610453
2023-04-07,0.2535422
2023-04-08,0.24962167
2023-04-09,0.23353402
2023-04-10,0.21901685
2023-04-11,0.26586956
2023-04-12,0.26605642
2023-04-13,0.220134
2023-04-14,0.19970444
2023-04-15,0.20048031
2023-04-16,8.704586
2023-04-17,5.384557
2023-04-18,1.0766393
2023-04-19,0.22708142
2023-04-20,0.19177344
2023-04-21,0.5794558
2023-04-22,0.3393475
2023-04-23,0.18870398
2023-04-24,0.1817295
2023-04-25,0.17122228
2023-04-26,0.18529731
2023-04-27,0.18017042
2023-04-28,0.24987064
2023-04-29,0.24719581
2023-04-30,9.480685
2023-05-01,0.13068548
2023-05-02,0.15967926
2023-05-03,0.15256645
2023-05-04,0.15169743
2023-05-05,0.15032211
2023-05-06,0.1518315
2023-05-07,0.13819416
2023-05-08,0.1328308
2023-05-09,0.14473996
2023-05-10,0.6354462
2023-05-11,0.33589587
2023-05-12,0.14857996
2023-05-13,0.13228315
2023-05-14,0.13279986
2023-05-15,0.13537955
2023-05-16,0.86400867
2023-05-17,0.4591827
2023-05-18,0.15919147
2023-05-19,0.1526411
2023-05-20,0.27952695
2023-05-21,0.74241245
2023-05-22,0.37066847
2023-05-23,0.17959756
2023-05-24,0.25167057
2023-05-25,0.74403346
2023-05-26,4.5475307
2023-05-27,2.140912
2023-05-28,0.3618325
2023-05-29,8.809913
2023-05-30,3.8881383
2023-05-31,1.9438868
2023-06-01,0.24303454
2023-06-02,0.6397628
2023-06-03,0.29647344
2023-06-04,0.1263995
2023-06-05,0.51599693
2023-06-06,0.88000906
2023-06-07,0.38707864
2023-06-08,5.2946005
2023-06-09,2.8269827
2023-06-10,1.4997362
2023-06-11,0.7719041
2023-06-12,0.3553049
2023-06-13,0.19616757
2023-06-14,0.23302096
2023-06-15,0.271459
2023-06-16,1.0600419
2023-06-17,1.2930305
2023-06-18,0.46005762
2023-06-19,0.11824878
2023-06-20,0.09785631
2023-06-21,0.13804834
2023-06-22,0.63914603
2023-06-23,1.1795244
2023-06-24,0.84985566
2023-06-25,2.1352992
2023-06-26,7.068024
2023-06-27,3.1999652
2023-06-28,0.5095954
2023-06-29,0.13898586
2023-06-30,0.10894917
