datetime,streamflow_m^3/s
1979-01-01,0.0
1979-01-02,2.1350493
1979-01-03,2.535341
1979-01-04,2.434371
1979-01-05,2.3239763
1979-01-06,2.249438
1979-01-07,2.1793315
1979-01-08,2.1087756
1979-01-09,2.050668
1979-01-10,1.987655
1979-01-11,1.9262311
1979-01-12,1.8555452
1979-01-13,1.8159503
1979-01-14,1.7438776
1979-01-15,1.7233843
1979-01-16,1.6771656
1979-01-17,1.6314689
1979-01-18,1.531758
1979-01-19,1.4504575
1979-01-20,1.4184428
1979-01-21,1.346783
1979-01-22,1.3020697
1979-01-23,1.614118
1979-01-24,1.3742398
1979-01-25,1.2501069
1979-01-26,1.1812478
1979-01-27,1.4211595
1979-01-28,1.2727691
1979-01-29,2.1878614
1979-01-30,1.2875268
1979-01-31,1.0542544
1979-02-01,1.0150797
1979-02-02,1.0718268
1979-02-03,1.0257572
1979-02-04,0.88288677
1979-02-05,0.8321448
1979-02-06,0.8044983
1979-02-07,0.80491495
1979-02-08,0.7641102
1979-02-09,0.7301631
1979-02-10,0.7011334
1979-02-11,0.7257599
1979-02-12,0.960358
1979-02-13,0.8099159
1979-02-14,1.4521222
1979-02-15,1.2592472
1979-02-16,1.395358
1979-02-17,0.8481151
1979-02-18,1.1123854
1979-02-19,0.6655443
1979-02-20,0.6538869
1979-02-21,0.5854988
1979-02-22,0.52280307
1979-02-23,0.96265775
1979-02-24,1.209785
1979-02-25,1.4986418
1979-02-26,1.2700629
1979-02-27,2.8673377
1979-02-28,0.9042112
1979-03-01,0.5296705
1979-03-02,0.43928188
1979-03-03,0.50297827
1979-03-04,0.66564107
1979-03-05,0.9668214
1979-03-06,0.77317554
1979-03-07,1.0648147
1979-03-08,1.867312
1979-03-09,6.2880073
1979-03-10,2.2524652
1979-03-11,0.7317607
1979-03-12,0.6965258
1979-03-13,0.41644037
1979-03-14,0.3984967
1979-03-15,0.37189147
1979-03-16,0.5684174
1979-03-17,0.7467249
1979-03-18,0.42609802
1979-03-19,0.43843246
1979-03-20,0.3596663
1979-03-21,0.34455407
1979-03-22,0.38533613
1979-03-23,0.32456386
1979-03-24,0.26658073
1979-03-25,0.35364613
1979-03-26,0.52390176
1979-03-27,2.7284987
1979-03-28,0.87396866
1979-03-29,0.41642386
1979-03-30,0.7219963
1979-03-31,0.39931193
1979-04-01,0.4474614
1979-04-02,0.75754315
1979-04-03,0.8249771
1979-04-04,1.472773
1979-04-05,3.7610142
1979-04-06,2.6318378
1979-04-07,2.4290953
1979-04-08,4.07505
1979-04-09,7.3085866
1979-04-10,2.7579093
1979-04-11,0.9710836
1979-04-12,0.9158218
1979-04-13,0.48106033
1979-04-14,0.7846041
1979-04-15,2.0626638
1979-04-16,1.8111703
1979-04-17,6.1762037
1979-04-18,1.921874
1979-04-19,5.469984
1979-04-20,3.6997602
1979-04-21,1.7048892
1979-04-22,2.4688365
1979-04-23,5.459467
1979-04-24,5.8409305
1979-04-25,2.758334
1979-04-26,8.219634
1979-04-27,8.66693
1979-04-28,7.6809993
1979-04-29,5.3701053
1979-04-30,1.8031553
1979-05-01,2.3775477
1979-05-02,1.9969031
1979-05-03,3.564647
1979-05-04,6.1833134
1979-05-05,4.8251834
1979-05-06,13.347245
1979-05-07,4.1817207
1979-05-08,2.6547344
1979-05-09,7.3560095
1979-05-10,6.6504173
1979-05-11,2.1792219
1979-05-12,6.716354
1979-05-13,6.9934173
1979-05-14,4.5363626
1979-05-15,5.5766435
1979-05-16,5.036681
1979-05-17,4.397586
1979-05-18,2.319029
1979-05-19,6.477897
1979-05-20,3.8147516
1979-05-21,2.6340477
1979-05-22,4.5580626
1979-05-23,3.4238398
1979-05-24,2.8471704
1979-05-25,4.352305
1979-05-26,3.9220588
1979-05-27,5.373202
1979-05-28,5.464133
1979-05-29,5.9507093
1979-05-30,4.325282
1979-05-31,6.3120313
1979-06-01,7.7262354
1979-06-02,8.810266
1979-06-03,10.256803
1979-06-04,7.0050144
1979-06-05,10.280879
1979-06-06,10.573906
1979-06-07,8.102128
1979-06-08,6.0199146
1979-06-09,5.737636
1979-06-10,6.061583
1979-06-11,9.746537
1979-06-12,9.6587305
1979-06-13,11.707424
1979-06-14,11.021741
1979-06-15,12.014287
1979-06-16,11.100653
1979-06-17,13.617295
1979-06-18,10.090294
1979-06-19,11.460467
1979-06-20,11.338096
1979-06-21,13.536242
1979-06-22,14.624986
1979-06-23,14.843529
1979-06-24,15.179607
1979-06-25,10.413168
1979-06-26,10.010534
1979-06-27,12.051505
1979-06-28,11.212663
1979-06-29,13.802455
1979-06-30,10.089099
1979-07-01,10.153543
1979-07-02,10.034756
1979-07-03,8.627235
1979-07-04,7.7848215
1979-07-05,15.403293
1979-07-06,17.529299
1979-07-07,11.864737
1979-07-08,9.189666
1979-07-09,8.8844795
1979-07-10,12.233368
1979-07-11,10.216252
1979-07-12,21.388153
1979-07-13,17.120682
1979-07-14,20.701057
1979-07-15,18.762634
1979-07-16,17.231428
1979-07-17,14.53146
1979-07-18,15.503056
1979-07-19,12.376882
1979-07-20,12.6842165
1979-07-21,18.248663
1979-07-22,11.3977
1979-07-23,16.990402
1979-07-24,10.953942
1979-07-25,9.7961445
1979-07-26,10.099713
1979-07-27,10.910448
1979-07-28,7.788158
1979-07-29,8.963398
1979-07-30,7.2478204
1979-07-31,7.7124124
1979-08-01,6.94106
1979-08-02,10.321311
1979-08-03,9.105378
1979-08-04,6.5122523
1979-08-05,5.67108
1979-08-06,5.4645867
1979-08-07,5.036536
1979-08-08,5.826925
1979-08-09,7.82213
1979-08-10,6.4378686
1979-08-11,4.5610576
1979-08-12,5.109979
1979-08-13,5.1958094
1979-08-14,9.236476
1979-08-15,10.768728
1979-08-16,6.01283
1979-08-17,6.7798085
1979-08-18,7.0800495
1979-08-19,11.902791
1979-08-20,6.8600273
1979-08-21,5.791535
1979-08-22,4.6909018
1979-08-23,8.418458
1979-08-24,7.829048
1979-08-25,9.343516
1979-08-26,12.483822
1979-08-27,11.728423
1979-08-28,10.016666
1979-08-29,19.341131
1979-08-30,9.903103
1979-08-31,9.899013
1979-09-01,11.250547
1979-09-02,10.934611
1979-09-03,19.486124
1979-09-04,14.998569
1979-09-05,20.784779
1979-09-06,20.21371
1979-09-07,21.55805
1979-09-08,16.825294
1979-09-09,17.160187
1979-09-10,14.680056
1979-09-11,13.751496
1979-09-12,13.292827
1979-09-13,14.240345
1979-09-14,17.98583
1979-09-15,17.336483
1979-09-16,12.218415
1979-09-17,9.326961
1979-09-18,12.218224
1979-09-19,13.840863
1979-09-20,19.724913
1979-09-21,10.750908
1979-09-22,14.781672
1979-09-23,11.293183
1979-09-24,11.873353
1979-09-25,10.927032
1979-09-26,9.833104
1979-09-27,9.313717
1979-09-28,8.972931
1979-09-29,11.598774
1979-09-30,15.195089
1979-10-01,14.915793
1979-10-02,9.511155
1979-10-03,10.472686
1979-10-04,9.872212
1979-10-05,7.7763805
1979-10-06,13.138397
1979-10-07,14.462119
1979-10-08,13.2296095
1979-10-09,13.73171
1979-10-10,11.535395
1979-10-11,13.258501
1979-10-12,11.424868
1979-10-13,11.434798
1979-10-14,9.630454
1979-10-15,12.246957
1979-10-16,9.456965
1979-10-17,25.101818
1979-10-18,19.05335
1979-10-19,31.587265
1979-10-20,28.809193
1979-10-21,22.383516
1979-10-22,18.657804
1979-10-23,15.4196415
1979-10-24,13.723756
1979-10-25,11.411039
1979-10-26,13.470235
1979-10-27,11.257822
1979-10-28,10.0398855
1979-10-29,14.683613
1979-10-30,10.714342
1979-10-31,7.2940454
1979-11-01,7.1612964
1979-11-02,6.520483
1979-11-03,5.930929
1979-11-04,6.11874
1979-11-05,5.884713
1979-11-06,6.7588162
1979-11-07,5.244533
1979-11-08,5.735001
1979-11-09,5.239079
1979-11-10,5.2553797
1979-11-11,5.9852905
1979-11-12,6.1909723
1979-11-13,9.710288
1979-11-14,5.666545
1979-11-15,4.6182837
1979-11-16,5.039517
1979-11-17,4.6639047
1979-11-18,3.5149148
1979-11-19,4.3112288
1979-11-20,5.8305287
1979-11-21,5.658531
1979-11-22,4.521445
1979-11-23,4.351289
1979-11-24,4.1303406
1979-11-25,3.5890312
1979-11-26,3.1299536
1979-11-27,3.6208835
1979-11-28,7.1999655
1979-11-29,5.4072847
1979-11-30,6.2954617
1979-12-01,5.600618
1979-12-02,3.334135
1979-12-03,4.572721
1979-12-04,5.080379
1979-12-05,4.148068
1979-12-06,3.1972628
1979-12-07,2.9198062
1979-12-08,3.4484522
1979-12-09,5.7923274
1979-12-10,7.130689
1979-12-11,4.2266645
1979-12-12,3.1621687
1979-12-13,3.0461693
1979-12-14,3.2884324
1979-12-15,5.603359
1979-12-16,4.6589813
1979-12-17,3.3520398
1979-12-18,3.2285614
1979-12-19,5.2334423
1979-12-20,5.1059422
1979-12-21,2.9997866
1979-12-22,2.6281576
1979-12-23,3.381326
1979-12-24,2.8252516
1979-12-25,2.6437109
1979-12-26,2.6256533
1979-12-27,2.504582
1979-12-28,2.6235912
1979-12-29,2.6217425
1979-12-30,3.0807083
1979-12-31,3.2161973
1980-01-01,2.5706136
1980-01-02,2.919316
1980-01-03,3.0355587
1980-01-04,2.6239257
1980-01-05,2.526498
1980-01-06,2.2796452
1980-01-07,2.0860837
1980-01-08,2.4782736
1980-01-09,2.1916902
1980-01-10,2.026481
1980-01-11,1.9752676
1980-01-12,1.8895262
1980-01-13,1.9571658
1980-01-14,1.7634114
1980-01-15,1.8344809
1980-01-16,1.6990936
1980-01-17,1.6443278
1980-01-18,1.929717
1980-01-19,1.7781321
1980-01-20,1.5787926
1980-01-21,1.742492
1980-01-22,1.697846
1980-01-23,1.4730469
1980-01-24,1.4668379
1980-01-25,1.3715402
1980-01-26,1.2439787
1980-01-27,1.185052
1980-01-28,1.3079089
1980-01-29,1.1950521
1980-01-30,1.1469978
1980-01-31,1.5723778
1980-02-01,1.1716905
1980-02-02,1.4072479
1980-02-03,1.0880561
1980-02-04,1.0312171
1980-02-05,1.4662151
1980-02-06,1.1923207
1980-02-07,1.0544544
1980-02-08,0.8880987
1980-02-09,0.85584325
1980-02-10,0.8159691
1980-02-11,0.83156097
1980-02-12,0.77706295
1980-02-13,0.72463274
1980-02-14,0.7004313
1980-02-15,0.67810255
1980-02-16,0.64864033
1980-02-17,0.7471895
1980-02-18,0.6538282
1980-02-19,0.98748374
1980-02-20,0.9297649
1980-02-21,0.5930292
1980-02-22,1.0819302
1980-02-23,1.182398
1980-02-24,0.6968796
1980-02-25,0.55060786
1980-02-26,0.48562312
1980-02-27,0.48065212
1980-02-28,0.450655
1980-02-29,0.48250893
1980-03-01,0.5086258
1980-03-02,0.41349155
1980-03-03,0.4122042
1980-03-04,0.40330952
1980-03-05,0.4143035
1980-03-06,0.41292742
1980-03-07,0.46119484
1980-03-08,0.35033646
1980-03-09,0.3235802
1980-03-10,0.32499042
1980-03-11,0.38469636
1980-03-12,0.32062292
1980-03-13,0.34476668
1980-03-14,0.3649612
1980-03-15,0.59308666
1980-03-16,0.59710044
1980-03-17,0.6891807
1980-03-18,0.6680274
1980-03-19,0.633829
1980-03-20,0.41824317
1980-03-21,0.2622423
1980-03-22,0.24382585
1980-03-23,0.25558394
1980-03-24,0.22335589
1980-03-25,0.3274419
1980-03-26,0.6026807
1980-03-27,0.70547956
1980-03-28,1.11034
1980-03-29,0.33468586
1980-03-30,0.28806302
1980-03-31,1.1084405
1980-04-01,0.4869738
1980-04-02,0.47234035
1980-04-03,1.0665126
1980-04-04,0.8300221
1980-04-05,0.6480987
1980-04-06,0.3863949
1980-04-07,0.34087795
1980-04-08,0.5770385
1980-04-09,0.6692786
1980-04-10,0.3085698
1980-04-11,0.28829202
1980-04-12,0.21746053
1980-04-13,0.17485341
1980-04-14,0.15067135
1980-04-15,0.18854332
1980-04-16,0.40039346
1980-04-17,0.36790425
1980-04-18,1.7864381
1980-04-19,0.48457307
1980-04-20,0.53910923
1980-04-21,2.7074695
1980-04-22,1.5136689
1980-04-23,1.7875644
1980-04-24,2.4580119
1980-04-25,3.2334945
1980-04-26,2.7478096
1980-04-27,1.8324258
1980-04-28,0.4172946
1980-04-29,1.2583381
1980-04-30,1.2188814
1980-05-01,0.51242316
1980-05-02,0.6780222
1980-05-03,0.48348328
1980-05-04,0.6476535
1980-05-05,0.46130124
1980-05-06,1.9563725
1980-05-07,2.6648397
1980-05-08,2.916897
1980-05-09,2.4757268
1980-05-10,7.4461317
1980-05-11,2.4369879
1980-05-12,0.6381445
1980-05-13,1.9412205
1980-05-14,3.8326406
1980-05-15,4.2833676
1980-05-16,6.1757216
1980-05-17,2.1061332
1980-05-18,1.8884695
1980-05-19,4.195908
1980-05-20,1.5197599
1980-05-21,0.9193616
1980-05-22,0.9492547
1980-05-23,2.3966885
1980-05-24,3.651974
1980-05-25,2.5164826
1980-05-26,1.1583296
1980-05-27,4.6036325
1980-05-28,1.1533339
1980-05-29,3.4366474
1980-05-30,1.9436215
1980-05-31,1.2367195
1980-06-01,2.0820017
1980-06-02,2.4527278
1980-06-03,1.8365957
1980-06-04,0.4162177
1980-06-05,1.3110617
1980-06-06,2.639911
1980-06-07,4.267652
1980-06-08,5.0419717
1980-06-09,3.9368794
1980-06-10,2.3630502
1980-06-11,2.06648
1980-06-12,7.018674
1980-06-13,3.3470557
1980-06-14,1.3710335
1980-06-15,1.2951812
1980-06-16,0.4188104
1980-06-17,5.293037
1980-06-18,7.519858
1980-06-19,4.029961
1980-06-20,12.014798
1980-06-21,10.473421
1980-06-22,4.7648745
1980-06-23,4.902347
1980-06-24,3.0471325
1980-06-25,1.0059202
1980-06-26,1.3102945
1980-06-27,1.1584687
1980-06-28,0.72384626
1980-06-29,1.0788977
1980-06-30,11.24131
1980-07-01,7.9995384
1980-07-02,4.8595686
1980-07-03,1.3492774
1980-07-04,2.5837417
1980-07-05,1.2638494
1980-07-06,0.84420073
1980-07-07,2.8913732
1980-07-08,8.930422
1980-07-09,3.021139
1980-07-10,7.8005037
1980-07-11,7.2250867
1980-07-12,1.8883816
1980-07-13,5.1537194
1980-07-14,11.474258
1980-07-15,8.276478
1980-07-16,3.4718723
1980-07-17,2.8337312
1980-07-18,2.138711
1980-07-19,8.413633
1980-07-20,4.76516
1980-07-21,2.7679772
1980-07-22,3.6302445
1980-07-23,8.103176
1980-07-24,11.040012
1980-07-25,5.4078445
1980-07-26,6.665779
1980-07-27,6.6135826
1980-07-28,6.0286846
1980-07-29,6.6834335
1980-07-30,5.2849116
1980-07-31,5.119421
1980-08-01,4.8479233
1980-08-02,8.681997
1980-08-03,5.521449
1980-08-04,5.436892
1980-08-05,7.513941
1980-08-06,5.4468513
1980-08-07,6.0585527
1980-08-08,5.6514764
1980-08-09,7.2969832
1980-08-10,10.362286
1980-08-11,6.958194
1980-08-12,4.9500217
1980-08-13,5.5559654
1980-08-14,11.322904
1980-08-15,5.8634586
1980-08-16,4.645045
1980-08-17,6.163186
1980-08-18,4.411384
1980-08-19,6.16719
1980-08-20,11.174565
1980-08-21,9.216216
1980-08-22,6.1489515
1980-08-23,6.5307107
1980-08-24,5.1061006
1980-08-25,4.729521
1980-08-26,4.972038
1980-08-27,6.1480045
1980-08-28,7.198166
1980-08-29,6.8591075
1980-08-30,12.056527
1980-08-31,10.757463
1980-09-01,9.868981
1980-09-02,16.242575
1980-09-03,16.285257
1980-09-04,15.030032
1980-09-05,13.588859
1980-09-06,13.930331
1980-09-07,14.035765
1980-09-08,14.012487
1980-09-09,13.230792
1980-09-10,14.00092
1980-09-11,11.609471
1980-09-12,11.233542
1980-09-13,11.141745
1980-09-14,11.549682
1980-09-15,12.250984
1980-09-16,11.717422
1980-09-17,11.83165
1980-09-18,11.237764
1980-09-19,14.267319
1980-09-20,11.644083
1980-09-21,10.399953
1980-09-22,14.324583
1980-09-23,10.786182
1980-09-24,7.636189
1980-09-25,7.2606235
1980-09-26,7.4903374
1980-09-27,8.775687
1980-09-28,7.4639897
1980-09-29,7.38374
1980-09-30,8.878114
1980-10-01,14.014265
1980-10-02,15.853029
1980-10-03,19.360094
1980-10-04,15.12596
1980-10-05,13.081254
1980-10-06,12.582941
1980-10-07,18.138962
1980-10-08,15.569936
1980-10-09,12.412925
1980-10-10,14.788579
1980-10-11,23.423532
1980-10-12,16.187897
1980-10-13,16.40443
1980-10-14,13.437665
1980-10-15,16.2192
1980-10-16,12.638834
1980-10-17,14.956835
1980-10-18,14.130785
1980-10-19,12.767138
1980-10-20,10.513923
1980-10-21,16.055763
1980-10-22,12.054994
1980-10-23,12.143117
1980-10-24,10.782581
1980-10-25,8.9102545
1980-10-26,9.808494
1980-10-27,13.357836
1980-10-28,8.589117
1980-10-29,7.9680595
1980-10-30,10.382385
1980-10-31,9.118343
1980-11-01,8.892011
1980-11-02,11.12037
1980-11-03,7.7075763
1980-11-04,8.919989
1980-11-05,8.054472
1980-11-06,13.22866
1980-11-07,8.941939
1980-11-08,8.528683
1980-11-09,9.519047
1980-11-10,7.2785406
1980-11-11,6.370347
1980-11-12,6.014739
1980-11-13,7.262364
1980-11-14,7.922869
1980-11-15,12.31945
1980-11-16,9.240304
1980-11-17,6.522929
1980-11-18,5.487843
1980-11-19,5.20792
1980-11-20,4.9193406
1980-11-21,7.8669577
1980-11-22,5.7945905
1980-11-23,7.7675986
1980-11-24,5.077846
1980-11-25,7.5897484
1980-11-26,7.231978
1980-11-27,8.378272
1980-11-28,5.239916
1980-11-29,4.3037515
1980-11-30,5.0022535
1980-12-01,5.211612
1980-12-02,4.568875
1980-12-03,6.250103
1980-12-04,4.2548385
1980-12-05,3.9288683
1980-12-06,3.7591774
1980-12-07,3.6327577
1980-12-08,4.0498075
1980-12-09,8.473985
1980-12-10,7.5229917
1980-12-11,4.3059206
1980-12-12,5.117919
1980-12-13,6.004306
1980-12-14,4.1630993
1980-12-15,4.333941
1980-12-16,3.568725
1980-12-17,3.1430106
1980-12-18,4.1337314
1980-12-19,3.202596
1980-12-20,3.1610699
1980-12-21,2.973129
1980-12-22,3.224343
1980-12-23,2.8685632
1980-12-24,2.8502858
1980-12-25,2.7544565
1980-12-26,2.8684356
1980-12-27,2.5611875
1980-12-28,2.442805
1980-12-29,3.149642
1980-12-30,2.6180367
1980-12-31,3.0283816
1981-01-01,5.250189
1981-01-02,4.0648284
1981-01-03,2.4361308
1981-01-04,2.094883
1981-01-05,2.106592
1981-01-06,2.0868747
1981-01-07,2.0312731
1981-01-08,2.0123262
1981-01-09,2.0917883
1981-01-10,2.0678375
1981-01-11,1.962674
1981-01-12,1.96313
1981-01-13,2.6544137
1981-01-14,2.1285644
1981-01-15,2.01314
1981-01-16,1.8691529
1981-01-17,1.6209234
1981-01-18,1.76576
1981-01-19,1.975104
1981-01-20,1.8341517
1981-01-21,1.4581583
1981-01-22,1.4379232
1981-01-23,1.3773575
1981-01-24,1.3080441
1981-01-25,1.3797499
1981-01-26,1.3829056
1981-01-27,1.4063834
1981-01-28,1.2461209
1981-01-29,1.8449292
1981-01-30,1.7014688
1981-01-31,1.5326158
1981-02-01,1.2579406
1981-02-02,1.1577264
1981-02-03,2.3549304
1981-02-04,1.8729908
1981-02-05,1.3279247
1981-02-06,1.4902811
1981-02-07,1.1118757
1981-02-08,0.9583495
1981-02-09,1.0538357
1981-02-10,1.1280373
1981-02-11,0.9538933
1981-02-12,0.9979143
1981-02-13,0.8846778
1981-02-14,1.0037004
1981-02-15,0.87425894
1981-02-16,0.79202557
1981-02-17,0.8978788
1981-02-18,0.9272163
1981-02-19,1.4425653
1981-02-20,1.1487422
1981-02-21,1.1201353
1981-02-22,1.1403472
1981-02-23,1.2244049
1981-02-24,1.4554405
1981-02-25,1.8216567
1981-02-26,3.977392
1981-02-27,1.6833997
1981-02-28,0.9420413
1981-03-01,1.2546356
1981-03-02,2.3069065
1981-03-03,1.7251033
1981-03-04,1.1478875
1981-03-05,1.0054498
1981-03-06,1.0640188
1981-03-07,2.8841753
1981-03-08,4.8089705
1981-03-09,5.2069254
1981-03-10,5.519817
1981-03-11,6.804159
1981-03-12,1.6677779
1981-03-13,0.91267383
1981-03-14,2.209419
1981-03-15,2.4693694
1981-03-16,1.7690641
1981-03-17,0.8131282
1981-03-18,0.5619657
1981-03-19,0.5228446
1981-03-20,0.84304315
1981-03-21,0.81492996
1981-03-22,0.57448995
1981-03-23,1.2906692
1981-03-24,1.0108354
1981-03-25,0.6730339
1981-03-26,0.8746566
1981-03-27,0.6451191
1981-03-28,0.6768758
1981-03-29,1.2526032
1981-03-30,0.67927974
1981-03-31,0.46394756
1981-04-01,0.64604294
1981-04-02,0.7761262
1981-04-03,1.5878284
1981-04-04,0.90384996
1981-04-05,2.3701365
1981-04-06,2.8021264
1981-04-07,2.0972826
1981-04-08,4.0462313
1981-04-09,3.3229775
1981-04-10,0.62712324
1981-04-11,0.32606095
1981-04-12,1.2170581
1981-04-13,3.7290938
1981-04-14,4.3034577
1981-04-15,5.9544835
1981-04-16,3.2016788
1981-04-17,4.856265
1981-04-18,6.1104984
1981-04-19,11.629064
1981-04-20,3.8940098
1981-04-21,0.74055153
1981-04-22,3.4151416
1981-04-23,7.891083
1981-04-24,4.9203506
1981-04-25,4.821853
1981-04-26,2.492191
1981-04-27,7.245609
1981-04-28,3.4014351
1981-04-29,11.130453
1981-04-30,6.0754943
1981-05-01,10.182529
1981-05-02,6.32081
1981-05-03,4.1142926
1981-05-04,3.7958431
1981-05-05,4.440769
1981-05-06,7.7927885
1981-05-07,9.4151125
1981-05-08,11.013652
1981-05-09,4.297387
1981-05-10,5.84868
1981-05-11,5.843114
1981-05-12,7.055977
1981-05-13,13.821381
1981-05-14,6.2671204
1981-05-15,6.450626
1981-05-16,6.849697
1981-05-17,7.8623652
1981-05-18,6.227632
1981-05-19,11.469188
1981-05-20,8.022519
1981-05-21,7.090915
1981-05-22,7.520762
1981-05-23,13.12747
1981-05-24,14.328933
1981-05-25,9.2074795
1981-05-26,14.192021
1981-05-27,9.6913595
1981-05-28,13.207376
1981-05-29,13.163965
1981-05-30,10.128529
1981-05-31,16.983335
1981-06-01,15.961849
1981-06-02,17.675535
1981-06-03,15.1118765
1981-06-04,12.2765875
1981-06-05,12.121142
1981-06-06,14.344153
1981-06-07,14.617006
1981-06-08,13.078556
1981-06-09,10.771907
1981-06-10,16.106928
1981-06-11,11.323103
1981-06-12,10.880001
1981-06-13,16.677307
1981-06-14,15.226647
1981-06-15,9.546005
1981-06-16,10.037979
1981-06-17,10.5135355
1981-06-18,13.240597
1981-06-19,14.5609255
1981-06-20,13.230347
1981-06-21,13.054302
1981-06-22,10.872583
1981-06-23,11.6280575
1981-06-24,10.573641
1981-06-25,11.7118025
1981-06-26,11.9776945
1981-06-27,10.174585
1981-06-28,16.574959
1981-06-29,15.979709
1981-06-30,12.837634
1981-07-01,10.24943
1981-07-02,14.670299
1981-07-03,11.841185
1981-07-04,13.114645
1981-07-05,12.079642
1981-07-06,11.396723
1981-07-07,11.781006
1981-07-08,8.838637
1981-07-09,11.7193165
1981-07-10,16.24093
1981-07-11,16.595032
1981-07-12,15.411418
1981-07-13,14.764568
1981-07-14,12.100968
1981-07-15,10.756752
1981-07-16,12.760126
1981-07-17,12.077059
1981-07-18,14.327529
1981-07-19,17.370483
1981-07-20,11.463279
1981-07-21,14.930883
1981-07-22,13.461909
1981-07-23,16.918283
1981-07-24,11.280651
1981-07-25,8.625962
1981-07-26,8.845827
1981-07-27,8.871369
1981-07-28,7.6491966
1981-07-29,9.947135
1981-07-30,12.016253
1981-07-31,7.5089245
1981-08-01,9.533994
1981-08-02,11.153332
1981-08-03,8.531807
1981-08-04,9.842764
1981-08-05,8.972872
1981-08-06,6.933574
1981-08-07,5.619845
1981-08-08,6.674878
1981-08-09,5.8357687
1981-08-10,7.2385097
1981-08-11,6.374532
1981-08-12,6.707992
1981-08-13,10.563033
1981-08-14,10.575027
1981-08-15,7.9215727
1981-08-16,12.642944
1981-08-17,6.7856116
1981-08-18,6.871471
1981-08-19,9.685931
1981-08-20,10.433999
1981-08-21,6.5589232
1981-08-22,7.707265
1981-08-23,6.588331
1981-08-24,9.570304
1981-08-25,15.819894
1981-08-26,9.653932
1981-08-27,9.551724
1981-08-28,11.046901
1981-08-29,9.070698
1981-08-30,8.236102
1981-08-31,8.13264
1981-09-01,16.269552
1981-09-02,20.504164
1981-09-03,12.357819
1981-09-04,13.932248
1981-09-05,16.681492
1981-09-06,11.139853
1981-09-07,16.977945
1981-09-08,17.507286
1981-09-09,14.44628
1981-09-10,9.643841
1981-09-11,19.092054
1981-09-12,13.689926
1981-09-13,16.090889
1981-09-14,12.693187
1981-09-15,10.042952
1981-09-16,8.673183
1981-09-17,15.690887
1981-09-18,8.5878525
1981-09-19,7.885505
1981-09-20,14.516671
1981-09-21,12.7962475
1981-09-22,7.9962754
1981-09-23,10.076179
1981-09-24,7.1366324
1981-09-25,8.477278
1981-09-26,7.7534432
1981-09-27,8.387058
1981-09-28,11.232687
1981-09-29,11.981206
1981-09-30,9.172052
1981-10-01,6.9438133
1981-10-02,9.094876
1981-10-03,6.773239
1981-10-04,6.2577467
1981-10-05,7.6947618
1981-10-06,6.9803343
1981-10-07,5.7782803
1981-10-08,10.092282
1981-10-09,8.07657
1981-10-10,13.704134
1981-10-11,8.097453
1981-10-12,8.705679
1981-10-13,8.476999
1981-10-14,6.1048894
1981-10-15,6.1790113
1981-10-16,7.1935654
1981-10-17,17.984358
1981-10-18,9.961725
1981-10-19,8.57359
1981-10-20,11.560509
1981-10-21,7.3807125
1981-10-22,8.455916
1981-10-23,11.430143
1981-10-24,19.282438
1981-10-25,11.080417
1981-10-26,9.934988
1981-10-27,13.942814
1981-10-28,13.335327
1981-10-29,10.322276
1981-10-30,11.7978115
1981-10-31,9.623716
1981-11-01,11.244429
1981-11-02,10.660094
1981-11-03,8.848145
1981-11-04,8.114432
1981-11-05,10.160937
1981-11-06,9.608648
1981-11-07,9.646036
1981-11-08,8.929704
1981-11-09,15.571666
1981-11-10,14.152683
1981-11-11,9.712401
1981-11-12,7.12257
1981-11-13,7.375507
1981-11-14,7.6702237
1981-11-15,10.48686
1981-11-16,10.431499
1981-11-17,8.007287
1981-11-18,5.453459
1981-11-19,4.8004
1981-11-20,4.8412857
1981-11-21,5.226077
1981-11-22,7.163134
1981-11-23,7.483657
1981-11-24,8.406608
1981-11-25,6.9874396
1981-11-26,7.553562
1981-11-27,4.3213224
1981-11-28,4.442829
1981-11-29,4.566382
1981-11-30,6.8705196
1981-12-01,4.7539167
1981-12-02,4.828858
1981-12-03,4.710963
1981-12-04,5.24915
1981-12-05,4.377446
1981-12-06,4.7896814
1981-12-07,5.4587474
1981-12-08,4.5500727
1981-12-09,3.8763654
1981-12-10,4.234882
1981-12-11,10.094256
1981-12-12,6.1142116
1981-12-13,4.6212754
1981-12-14,4.5641317
1981-12-15,4.6271663
1981-12-16,5.088536
1981-12-17,4.2319856
1981-12-18,3.184446
1981-12-19,3.2211947
1981-12-20,3.2055483
1981-12-21,3.25508
1981-12-22,3.6218057
1981-12-23,3.237509
1981-12-24,3.3211339
1981-12-25,3.2519426
1981-12-26,3.6254478
1981-12-27,3.2584245
1981-12-28,3.0076144
1981-12-29,3.0668368
1981-12-30,3.187078
1981-12-31,3.1842432
1982-01-01,3.015415
1982-01-02,2.8603852
1982-01-03,3.1634214
1982-01-04,3.431095
1982-01-05,3.4447398
1982-01-06,3.8434427
1982-01-07,7.9461
1982-01-08,5.8192034
1982-01-09,2.747742
1982-01-10,2.3136122
1982-01-11,2.515822
1982-01-12,2.4532492
1982-01-13,2.1957817
1982-01-14,2.7610962
1982-01-15,2.2886865
1982-01-16,2.1324956
1982-01-17,1.9478562
1982-01-18,2.0139964
1982-01-19,1.8820641
1982-01-20,1.7686939
1982-01-21,1.7381123
1982-01-22,1.7008629
1982-01-23,1.6500434
1982-01-24,1.5993522
1982-01-25,1.6596099
1982-01-26,1.6080576
1982-01-27,1.6634984
1982-01-28,1.6725763
1982-01-29,1.6360321
1982-01-30,1.7151483
1982-01-31,1.7454683
1982-02-01,1.9206054
1982-02-02,2.3760393
1982-02-03,1.6568437
1982-02-04,1.4926138
1982-02-05,1.7725126
1982-02-06,1.6934392
1982-02-07,2.4128935
1982-02-08,2.0241277
1982-02-09,1.3566089
1982-02-10,1.4753506
1982-02-11,2.8321815
1982-02-12,2.4266744
1982-02-13,1.8027161
1982-02-14,3.1870012
1982-02-15,3.0135188
1982-02-16,1.3161459
1982-02-17,4.69801
1982-02-18,1.9660385
1982-02-19,1.147776
1982-02-20,2.1873202
1982-02-21,1.2630488
1982-02-22,0.8595233
1982-02-23,0.8383657
1982-02-24,0.9916596
1982-02-25,1.6483959
1982-02-26,1.9417229
1982-02-27,1.9727532
1982-02-28,1.2250967
1982-03-01,0.91787016
1982-03-02,0.811596
1982-03-03,3.8865466
1982-03-04,1.2741417
1982-03-05,0.7502153
1982-03-06,0.6846844
1982-03-07,0.78237987
1982-03-08,0.774238
1982-03-09,0.8287066
1982-03-10,0.6872742
1982-03-11,0.760487
1982-03-12,0.86660707
1982-03-13,0.83254576
1982-03-14,2.688989
1982-03-15,3.0809557
1982-03-16,1.6149241
1982-03-17,0.820012
1982-03-18,0.8314007
1982-03-19,0.5088808
1982-03-20,0.48647198
1982-03-21,0.45029628
1982-03-22,0.37131408
1982-03-23,0.6027901
1982-03-24,0.73026603
1982-03-25,1.7331561
1982-03-26,0.5659489
1982-03-27,1.0400754
1982-03-28,0.5296338
1982-03-29,0.32152167
1982-03-30,0.41658357
1982-03-31,1.6327626
1982-04-01,0.86330897
1982-04-02,0.9828108
1982-04-03,0.9911034
1982-04-04,1.2767427
1982-04-05,2.2811213
1982-04-06,3.5940866
1982-04-07,2.74454
1982-04-08,3.8462675
1982-04-09,4.89589
1982-04-10,4.4357576
1982-04-11,7.5934954
1982-04-12,4.7190022
1982-04-13,1.4395256
1982-04-14,3.5150282
1982-04-15,5.5728755
1982-04-16,1.7819768
1982-04-17,2.2231846
1982-04-18,2.4596338
1982-04-19,1.180041
1982-04-20,3.5139396
1982-04-21,5.432399
1982-04-22,5.079444
1982-04-23,3.4254286
1982-04-24,8.478343
1982-04-25,2.358362
1982-04-26,1.6043208
1982-04-27,1.904033
1982-04-28,3.0414708
1982-04-29,6.4547024
1982-04-30,1.680968
1982-05-01,6.2397346
1982-05-02,6.3987503
1982-05-03,2.6364994
1982-05-04,4.7951164
1982-05-05,4.556133
1982-05-06,2.8605864
1982-05-07,1.6358699
1982-05-08,5.372814
1982-05-09,7.5741687
1982-05-10,9.7766285
1982-05-11,5.6511126
1982-05-12,2.449009
1982-05-13,2.969525
1982-05-14,4.638132
1982-05-15,7.041425
1982-05-16,11.729984
1982-05-17,6.8643622
1982-05-18,10.83578
1982-05-19,9.905032
1982-05-20,12.618169
1982-05-21,12.65033
1982-05-22,10.563668
1982-05-23,10.171182
1982-05-24,17.193932
1982-05-25,14.042509
1982-05-26,10.3321705
1982-05-27,10.926815
1982-05-28,8.999204
1982-05-29,10.542487
1982-05-30,12.229727
1982-05-31,12.045134
1982-06-01,18.488152
1982-06-02,12.220325
1982-06-03,12.040019
1982-06-04,19.911715
1982-06-05,17.003275
1982-06-06,12.163992
1982-06-07,13.344247
1982-06-08,19.028667
1982-06-09,13.491511
1982-06-10,15.691743
1982-06-11,10.866619
1982-06-12,12.238031
1982-06-13,12.945711
1982-06-14,12.25861
1982-06-15,12.624794
1982-06-16,9.972763
1982-06-17,10.805246
1982-06-18,12.291365
1982-06-19,15.101225
1982-06-20,11.968648
1982-06-21,11.745256
1982-06-22,11.013167
1982-06-23,11.606499
1982-06-24,10.055871
1982-06-25,7.311522
1982-06-26,8.007546
1982-06-27,8.89372
1982-06-28,7.702477
1982-06-29,7.697918
1982-06-30,6.434611
1982-07-01,6.76892
1982-07-02,7.6220336
1982-07-03,9.136332
1982-07-04,6.380333
1982-07-05,17.891886
1982-07-06,9.744704
1982-07-07,8.041355
1982-07-08,9.768588
1982-07-09,8.57253
1982-07-10,6.464216
1982-07-11,8.538476
1982-07-12,11.039153
1982-07-13,13.415966
1982-07-14,13.441551
1982-07-15,11.834105
1982-07-16,10.717175
1982-07-17,10.518526
1982-07-18,9.346416
1982-07-19,8.6998415
1982-07-20,12.776937
1982-07-21,8.640464
1982-07-22,6.51647
1982-07-23,6.497427
1982-07-24,10.173844
1982-07-25,9.56312
1982-07-26,8.20811
1982-07-27,6.2596436
1982-07-28,6.4113603
1982-07-29,7.359542
1982-07-30,6.0622225
1982-07-31,5.2222104
1982-08-01,4.2875805
1982-08-02,5.460732
1982-08-03,10.937877
1982-08-04,7.3052173
1982-08-05,4.659749
1982-08-06,4.4589734
1982-08-07,10.700774
1982-08-08,8.298731
1982-08-09,9.39168
1982-08-10,4.6136985
1982-08-11,4.5643377
1982-08-12,4.3591113
1982-08-13,5.3798814
1982-08-14,5.9705133
1982-08-15,6.6898456
1982-08-16,9.607841
1982-08-17,5.6084566
1982-08-18,6.764403
1982-08-19,4.6903567
1982-08-20,6.098439
1982-08-21,6.6635404
1982-08-22,10.593254
1982-08-23,4.9676704
1982-08-24,4.75824
1982-08-25,9.755931
1982-08-26,5.756336
1982-08-27,4.9340696
1982-08-28,4.1489553
1982-08-29,4.997488
1982-08-30,5.2404113
1982-08-31,4.836415
1982-09-01,6.602724
1982-09-02,4.6702094
1982-09-03,4.781335
1982-09-04,5.107981
1982-09-05,7.893964
1982-09-06,5.6990104
1982-09-07,4.6181307
1982-09-08,4.235783
1982-09-09,5.8686996
1982-09-10,6.3313665
1982-09-11,7.031174
1982-09-12,8.252211
1982-09-13,4.5040503
1982-09-14,4.751791
1982-09-15,8.054265
1982-09-16,11.917621
1982-09-17,10.469593
1982-09-18,4.5838146
1982-09-19,6.677964
1982-09-20,7.906022
1982-09-21,7.279751
1982-09-22,4.2918983
1982-09-23,6.898554
1982-09-24,4.710954
1982-09-25,9.380412
1982-09-26,10.588679
1982-09-27,6.0319567
1982-09-28,8.08174
1982-09-29,16.039675
1982-09-30,8.505014
1982-10-01,11.072431
1982-10-02,24.183348
1982-10-03,11.094114
1982-10-04,9.901583
1982-10-05,9.596297
1982-10-06,7.997047
1982-10-07,7.628573
1982-10-08,8.68338
1982-10-09,13.20279
1982-10-10,13.076114
1982-10-11,11.518236
1982-10-12,9.461346
1982-10-13,23.276268
1982-10-14,13.402485
1982-10-15,12.292945
1982-10-16,10.90188
1982-10-17,10.548661
1982-10-18,13.298182
1982-10-19,15.129252
1982-10-20,12.338884
1982-10-21,11.262328
1982-10-22,16.859703
1982-10-23,23.845947
1982-10-24,23.786154
1982-10-25,18.016712
1982-10-26,18.724178
1982-10-27,21.612503
1982-10-28,16.675556
1982-10-29,17.420399
1982-10-30,14.733963
1982-10-31,15.37453
1982-11-01,13.401979
1982-11-02,18.35347
1982-11-03,19.169003
1982-11-04,11.920526
1982-11-05,10.6782
1982-11-06,11.685749
1982-11-07,10.687069
1982-11-08,9.258261
1982-11-09,7.959167
1982-11-10,8.327912
1982-11-11,7.535967
1982-11-12,10.817689
1982-11-13,8.138266
1982-11-14,7.4085097
1982-11-15,6.611027
1982-11-16,6.057124
1982-11-17,6.633271
1982-11-18,5.810565
1982-11-19,6.227144
1982-11-20,5.2508264
1982-11-21,4.933496
1982-11-22,4.6291394
1982-11-23,4.324243
1982-11-24,4.1062355
1982-11-25,4.1083465
1982-11-26,4.464833
1982-11-27,5.298082
1982-11-28,4.2514195
1982-11-29,3.8122985
1982-11-30,3.4977818
1982-12-01,3.4360175
1982-12-02,3.087485
1982-12-03,3.569351
1982-12-04,3.6226737
1982-12-05,4.119461
1982-12-06,3.2390275
1982-12-07,2.9479375
1982-12-08,3.9595528
1982-12-09,2.8874552
1982-12-10,3.170086
1982-12-11,2.814929
1982-12-12,2.3278735
1982-12-13,2.7503574
1982-12-14,2.633318
1982-12-15,2.3272338
1982-12-16,2.1965334
1982-12-17,2.4769347
1982-12-18,2.1970122
1982-12-19,2.1028712
1982-12-20,2.2279675
1982-12-21,2.5076978
1982-12-22,2.0696805
1982-12-23,2.1021886
1982-12-24,2.1236258
1982-12-25,1.9787067
1982-12-26,1.6865892
1982-12-27,1.9007919
1982-12-28,2.1087945
1982-12-29,1.7223451
1982-12-30,1.5628792
1982-12-31,1.3941224
1983-01-01,1.3655608
1983-01-02,1.3473687
1983-01-03,1.4805323
1983-01-04,1.38273
1983-01-05,1.2766734
1983-01-06,1.3196423
1983-01-07,1.5187334
1983-01-08,1.2519958
1983-01-09,1.1934553
1983-01-10,1.3494815
1983-01-11,1.1743863
1983-01-12,1.0701171
1983-01-13,1.3791558
1983-01-14,1.1749469
1983-01-15,1.0555909
1983-01-16,0.95620537
1983-01-17,0.91817516
1983-01-18,0.88454974
1983-01-19,0.86375535
1983-01-20,0.8845313
1983-01-21,0.8448344
1983-01-22,0.8364001
1983-01-23,0.83253545
1983-01-24,0.7887071
1983-01-25,0.76129866
1983-01-26,0.72965455
1983-01-27,0.77697825
1983-01-28,0.7359153
1983-01-29,0.7253504
1983-01-30,0.66210824
1983-01-31,0.6817852
1983-02-01,0.63998467
1983-02-02,0.6274085
1983-02-03,0.6311948
1983-02-04,0.6184093
1983-02-05,0.62201214
1983-02-06,0.8069995
1983-02-07,0.6872424
1983-02-08,0.6110878
1983-02-09,0.5920881
1983-02-10,0.5762675
1983-02-11,0.50562483
1983-02-12,0.4889599
1983-02-13,0.48913994
1983-02-14,0.5156006
1983-02-15,0.50943196
1983-02-16,0.45484933
1983-02-17,0.35607895
1983-02-18,1.7328577
1983-02-19,0.73494667
1983-02-20,0.4148906
1983-02-21,0.4278796
1983-02-22,0.5052209
1983-02-23,0.7690674
1983-02-24,1.0487219
1983-02-25,0.8440861
1983-02-26,1.0339701
1983-02-27,0.6196615
1983-02-28,1.9237633
1983-03-01,0.34220794
1983-03-02,2.174545
1983-03-03,1.6134422
1983-03-04,0.7349343
1983-03-05,0.41621935
1983-03-06,0.23545289
1983-03-07,0.29534778
1983-03-08,2.6507528
1983-03-09,0.99290735
1983-03-10,0.64236
1983-03-11,0.5329006
1983-03-12,0.42427218
1983-03-13,0.8249952
1983-03-14,0.4022262
1983-03-15,0.26597565
1983-03-16,3.5653741
1983-03-17,1.5537964
1983-03-18,1.3277283
1983-03-19,1.632831
1983-03-20,1.2354643
1983-03-21,0.26117134
1983-03-22,1.436793
1983-03-23,0.9982244
1983-03-24,1.2389232
1983-03-25,1.8098525
1983-03-26,8.071734
1983-03-27,1.7695279
1983-03-28,1.785064
1983-03-29,0.74570405
1983-03-30,0.39709294
1983-03-31,0.09075541
1983-04-01,0.16043375
1983-04-02,0.39337358
1983-04-03,0.5228907
1983-04-04,1.4059886
1983-04-05,3.4688652
1983-04-06,1.8976569
1983-04-07,0.91305226
1983-04-08,3.1345694
1983-04-09,0.92712873
1983-04-10,0.3718277
1983-04-11,0.7737966
1983-04-12,0.36774784
1983-04-13,0.26535505
1983-04-14,0.08586126
1983-04-15,0.09513131
1983-04-16,0.41453046
1983-04-17,0.8673336
1983-04-18,0.9338721
1983-04-19,1.595165
1983-04-20,0.6744524
1983-04-21,0.44230798
1983-04-22,4.6119704
1983-04-23,3.969246
1983-04-24,1.8011022
1983-04-25,0.9514347
1983-04-26,0.62100524
1983-04-27,5.911234
1983-04-28,3.628905
1983-04-29,7.078922
1983-04-30,2.3645294
1983-05-01,0.29004976
1983-05-02,1.4406508
1983-05-03,1.0103966
1983-05-04,9.18897
1983-05-05,3.730165
1983-05-06,2.0043833
1983-05-07,6.387616
1983-05-08,12.252726
1983-05-09,3.7114413
1983-05-10,0.6698334
1983-05-11,1.2613994
1983-05-12,0.99827695
1983-05-13,6.861361
1983-05-14,6.5794673
1983-05-15,1.951336
1983-05-16,5.7581606
1983-05-17,5.369528
1983-05-18,8.919509
1983-05-19,8.106885
1983-05-20,3.0549955
1983-05-21,2.8430882
1983-05-22,4.8950458
1983-05-23,5.223631
1983-05-24,5.3861647
1983-05-25,3.3077188
1983-05-26,1.6980876
1983-05-27,5.9239874
1983-05-28,2.555979
1983-05-29,8.719183
1983-05-30,7.7218733
1983-05-31,2.1457453
1983-06-01,2.5056257
1983-06-02,4.296262
1983-06-03,6.0737743
1983-06-04,5.7955904
1983-06-05,6.8722105
1983-06-06,6.1456337
1983-06-07,5.6571684
1983-06-08,6.1541014
1983-06-09,10.282988
1983-06-10,8.502175
1983-06-11,13.236148
1983-06-12,11.18214
1983-06-13,8.801724
1983-06-14,14.021367
1983-06-15,12.950331
1983-06-16,12.055293
1983-06-17,14.390733
1983-06-18,18.392292
1983-06-19,10.442299
1983-06-20,8.783709
1983-06-21,10.623389
1983-06-22,16.600742
1983-06-23,11.855853
1983-06-24,8.83691
1983-06-25,8.429316
1983-06-26,8.9796505
1983-06-27,10.773458
1983-06-28,7.605632
1983-06-29,6.99597
1983-06-30,8.36587
1983-07-01,8.920776
1983-07-02,11.787259
1983-07-03,8.399959
1983-07-04,7.1233373
1983-07-05,5.8560185
1983-07-06,6.6236253
1983-07-07,5.9506493
1983-07-08,8.791951
1983-07-09,10.817736
1983-07-10,8.734957
1983-07-11,10.016816
1983-07-12,9.909172
1983-07-13,6.4938903
1983-07-14,6.489484
1983-07-15,11.3969555
1983-07-16,7.6787963
1983-07-17,8.926808
1983-07-18,6.2050657
1983-07-19,5.4128814
1983-07-20,10.789135
1983-07-21,6.2089205
1983-07-22,9.964099
1983-07-23,10.785945
1983-07-24,13.011048
1983-07-25,7.199404
1983-07-26,4.93092
1983-07-27,5.121749
1983-07-28,4.9710503
1983-07-29,7.8957567
1983-07-30,10.691693
1983-07-31,5.435009
1983-08-01,8.815563
1983-08-02,5.8388367
1983-08-03,8.083937
1983-08-04,9.786703
1983-08-05,5.9087048
1983-08-06,5.563043
1983-08-07,10.141265
1983-08-08,7.7453694
1983-08-09,6.69935
1983-08-10,5.3155165
1983-08-11,6.558575
1983-08-12,10.203289
1983-08-13,7.4530187
1983-08-14,5.03373
1983-08-15,5.805992
1983-08-16,5.3282676
1983-08-17,14.981278
1983-08-18,9.921225
1983-08-19,20.547842
1983-08-20,10.325951
1983-08-21,8.624007
1983-08-22,10.685356
1983-08-23,11.221383
1983-08-24,10.953367
1983-08-25,16.194677
1983-08-26,11.236061
1983-08-27,11.171706
1983-08-28,10.076258
1983-08-29,9.004744
1983-08-30,9.700064
1983-08-31,12.287732
1983-09-01,18.185713
1983-09-02,9.7857065
1983-09-03,10.395777
1983-09-04,12.807991
1983-09-05,11.385301
1983-09-06,10.692328
1983-09-07,13.057181
1983-09-08,15.143558
1983-09-09,10.077224
1983-09-10,15.435385
1983-09-11,10.293351
1983-09-12,11.216558
1983-09-13,9.770627
1983-09-14,12.277873
1983-09-15,12.038737
1983-09-16,10.051293
1983-09-17,9.061542
1983-09-18,9.81561
1983-09-19,8.284671
1983-09-20,8.624237
1983-09-21,13.908185
1983-09-22,10.460332
1983-09-23,8.390711
1983-09-24,11.124523
1983-09-25,9.211371
1983-09-26,7.4792085
1983-09-27,11.187498
1983-09-28,7.7512016
1983-09-29,8.833686
1983-09-30,8.861707
1983-10-01,7.139547
1983-10-02,7.1512914
1983-10-03,8.852797
1983-10-04,9.157553
1983-10-05,7.657807
1983-10-06,6.13978
1983-10-07,6.781823
1983-10-08,7.277647
1983-10-09,8.677495
1983-10-10,7.2380514
1983-10-11,9.994631
1983-10-12,6.8578005
1983-10-13,6.6593094
1983-10-14,11.456322
1983-10-15,10.612856
1983-10-16,11.791884
1983-10-17,8.931069
1983-10-18,8.37653
1983-10-19,9.365028
1983-10-20,11.91488
1983-10-21,14.419975
1983-10-22,11.004565
1983-10-23,13.64351
1983-10-24,14.783572
1983-10-25,11.065966
1983-10-26,9.084889
1983-10-27,7.794151
1983-10-28,8.125288
1983-10-29,9.236321
1983-10-30,11.011966
1983-10-31,15.009826
1983-11-01,10.848293
1983-11-02,10.049878
1983-11-03,8.926784
1983-11-04,7.9952335
1983-11-05,10.260198
1983-11-06,10.605797
1983-11-07,10.477309
1983-11-08,8.406567
1983-11-09,9.8676405
1983-11-10,8.2402525
1983-11-11,7.5307026
1983-11-12,10.134095
1983-11-13,7.7126536
1983-11-14,7.912098
1983-11-15,7.191404
1983-11-16,8.976483
1983-11-17,9.508611
1983-11-18,7.646772
1983-11-19,6.037038
1983-11-20,5.9821877
1983-11-21,5.607591
1983-11-22,5.91007
1983-11-23,6.4503636
1983-11-24,5.482118
1983-11-25,5.5686154
1983-11-26,5.0396247
1983-11-27,5.252865
1983-11-28,5.314381
1983-11-29,7.1385775
1983-11-30,10.760082
1983-12-01,6.2508283
1983-12-02,4.9318604
1983-12-03,4.2889013
1983-12-04,5.3640304
1983-12-05,5.2501545
1983-12-06,5.571693
1983-12-07,5.1171665
1983-12-08,6.1645083
1983-12-09,4.357646
1983-12-10,5.3968434
1983-12-11,5.3633432
1983-12-12,4.0335884
1983-12-13,5.9310637
1983-12-14,4.0472064
1983-12-15,3.6092985
1983-12-16,3.3728228
1983-12-17,7.7906957
1983-12-18,4.5788546
1983-12-19,4.052342
1983-12-20,6.6672864
1983-12-21,3.9562228
1983-12-22,3.7695558
1983-12-23,3.5769637
1983-12-24,3.4420564
1983-12-25,3.241319
1983-12-26,3.2315896
1983-12-27,3.7397919
1983-12-28,3.3643823
1983-12-29,3.4059675
1983-12-30,3.777383
1983-12-31,3.675996
1984-01-01,3.7190247
1984-01-02,3.9715738
1984-01-03,5.4565005
1984-01-04,3.3144803
1984-01-05,2.866409
1984-01-06,4.0882087
1984-01-07,2.8033519
1984-01-08,2.5294962
1984-01-09,2.5195997
1984-01-10,2.4778707
1984-01-11,2.4435866
1984-01-12,2.8449893
1984-01-13,2.4231985
1984-01-14,2.5657783
1984-01-15,2.5098107
1984-01-16,2.2469006
1984-01-17,2.5253522
1984-01-18,3.0366352
1984-01-19,3.0793278
1984-01-20,3.0878496
1984-01-21,3.2901828
1984-01-22,4.4712486
1984-01-23,2.315804
1984-01-24,2.4042454
1984-01-25,1.8497136
1984-01-26,1.9276758
1984-01-27,1.7451434
1984-01-28,2.269731
1984-01-29,1.9219713
1984-01-30,1.7698331
1984-01-31,1.8938433
1984-02-01,1.696992
1984-02-02,1.5740315
1984-02-03,2.359356
1984-02-04,2.3650384
1984-02-05,3.1137624
1984-02-06,3.168561
1984-02-07,3.7391264
1984-02-08,4.133705
1984-02-09,4.0322328
1984-02-10,3.0648098
1984-02-11,1.5711917
1984-02-12,1.4126133
1984-02-13,1.3197606
1984-02-14,1.3071171
1984-02-15,3.7720149
1984-02-16,2.6258597
1984-02-17,2.4328063
1984-02-18,1.9197332
1984-02-19,1.3086189
1984-02-20,1.6166008
1984-02-21,2.7726321
1984-02-22,2.4039803
1984-02-23,2.6408312
1984-02-24,3.0952406
1984-02-25,1.6512961
1984-02-26,3.2536511
1984-02-27,1.8538991
1984-02-28,1.1409804
1984-02-29,1.7496781
1984-03-01,3.056508
1984-03-02,1.5890267
1984-03-03,2.7801344
1984-03-04,1.6628466
1984-03-05,1.2906866
1984-03-06,2.1642416
1984-03-07,2.5296946
1984-03-08,6.0317607
1984-03-09,3.2005684
1984-03-10,1.5321211
1984-03-11,0.97297037
1984-03-12,0.9979486
1984-03-13,0.8195865
1984-03-14,0.84122586
1984-03-15,0.7659682
1984-03-16,0.7350144
1984-03-17,0.8439081
1984-03-18,0.84614533
1984-03-19,0.6941194
1984-03-20,0.6388431
1984-03-21,0.6361592
1984-03-22,0.6712384
1984-03-23,0.9663293
1984-03-24,1.1068233
1984-03-25,0.98279184
1984-03-26,0.76196843
1984-03-27,0.9463413
1984-03-28,0.8874081
1984-03-29,0.73251307
1984-03-30,1.0575112
1984-03-31,2.2017236
1984-04-01,2.2220416
1984-04-02,1.9200481
1984-04-03,0.882562
1984-04-04,0.64954334
1984-04-05,0.62051105
1984-04-06,1.4497063
1984-04-07,0.9766125
1984-04-08,0.85478145
1984-04-09,2.4427855
1984-04-10,0.96649146
1984-04-11,0.5730957
1984-04-12,1.2803422
1984-04-13,1.9953175
1984-04-14,2.9599156
1984-04-15,10.93965
1984-04-16,16.331192
1984-04-17,5.0805974
1984-04-18,1.8101629
1984-04-19,0.7885018
1984-04-20,0.5983983
1984-04-21,1.7370222
1984-04-22,0.7204158
1984-04-23,0.9587979
1984-04-24,1.1497405
1984-04-25,2.9317272
1984-04-26,3.3992496
1984-04-27,8.818683
1984-04-28,7.418199
1984-04-29,5.324249
1984-04-30,15.296471
1984-05-01,2.6794934
1984-05-02,0.8728774
1984-05-03,1.2185363
1984-05-04,2.8054862
1984-05-05,1.1958282
1984-05-06,1.1553594
1984-05-07,1.1106609
1984-05-08,1.5590265
1984-05-09,4.0293913
1984-05-10,6.6714344
1984-05-11,2.6879613
1984-05-12,5.4034543
1984-05-13,5.7870684
1984-05-14,5.805273
1984-05-15,2.4395213
1984-05-16,2.4882152
1984-05-17,4.2852335
1984-05-18,3.1068332
1984-05-19,3.656918
1984-05-20,3.7864478
1984-05-21,1.961913
1984-05-22,4.523786
1984-05-23,3.8476698
1984-05-24,3.2475662
1984-05-25,3.6066082
1984-05-26,5.8290176
1984-05-27,5.7639728
1984-05-28,8.2761545
1984-05-29,7.236131
1984-05-30,4.8289623
1984-05-31,6.4883566
1984-06-01,6.075668
1984-06-02,7.6686993
1984-06-03,8.741326
1984-06-04,7.250218
1984-06-05,10.891224
1984-06-06,7.1047626
1984-06-07,7.354626
1984-06-08,7.035202
1984-06-09,7.825215
1984-06-10,6.762987
1984-06-11,8.129049
1984-06-12,7.362174
1984-06-13,8.331739
1984-06-14,9.125749
1984-06-15,10.378126
1984-06-16,6.393956
1984-06-17,7.197334
1984-06-18,9.382662
1984-06-19,6.8612766
1984-06-20,5.544944
1984-06-21,5.83846
1984-06-22,6.3252106
1984-06-23,10.165191
1984-06-24,11.671707
1984-06-25,9.104578
1984-06-26,6.6204143
1984-06-27,9.313855
1984-06-28,8.750232
1984-06-29,11.997429
1984-06-30,16.468117
1984-07-01,14.569109
1984-07-02,16.947323
1984-07-03,14.638591
1984-07-04,19.012447
1984-07-05,14.185561
1984-07-06,16.921757
1984-07-07,17.259068
1984-07-08,14.188139
1984-07-09,12.623751
1984-07-10,16.014835
1984-07-11,16.30405
1984-07-12,11.767814
1984-07-13,11.405673
1984-07-14,12.3762245
1984-07-15,12.029957
1984-07-16,13.106462
1984-07-17,11.422997
1984-07-18,8.843519
1984-07-19,9.016992
1984-07-20,10.73643
1984-07-21,12.092778
1984-07-22,9.954929
1984-07-23,9.0207
1984-07-24,8.064574
1984-07-25,8.373812
1984-07-26,8.5610075
1984-07-27,7.3922844
1984-07-28,9.518414
1984-07-29,16.866472
1984-07-30,9.567539
1984-07-31,12.423907
1984-08-01,16.317518
1984-08-02,18.295547
1984-08-03,13.72396
1984-08-04,16.904913
1984-08-05,18.990158
1984-08-06,12.6979685
1984-08-07,11.712327
1984-08-08,15.748773
1984-08-09,12.018369
1984-08-10,13.338693
1984-08-11,14.776342
1984-08-12,14.580863
1984-08-13,9.449087
1984-08-14,10.001792
1984-08-15,11.28184
1984-08-16,10.55496
1984-08-17,11.1568365
1984-08-18,12.123636
1984-08-19,13.726606
1984-08-20,10.596818
1984-08-21,9.6763115
1984-08-22,17.16476
1984-08-23,11.644259
1984-08-24,10.446014
1984-08-25,10.789325
1984-08-26,10.50135
1984-08-27,11.156456
1984-08-28,14.979151
1984-08-29,13.291488
1984-08-30,14.226162
1984-08-31,9.557556
1984-09-01,12.202868
1984-09-02,15.552266
1984-09-03,10.665048
1984-09-04,11.043897
1984-09-05,8.867038
1984-09-06,8.496914
1984-09-07,8.4235935
1984-09-08,9.557741
1984-09-09,11.263066
1984-09-10,12.147264
1984-09-11,12.314601
1984-09-12,12.909208
1984-09-13,9.955385
1984-09-14,25.220995
1984-09-15,22.977947
1984-09-16,17.383915
1984-09-17,13.664793
1984-09-18,14.290644
1984-09-19,22.321375
1984-09-20,15.325645
1984-09-21,13.772141
1984-09-22,27.30807
1984-09-23,18.99353
1984-09-24,19.919846
1984-09-25,24.428469
1984-09-26,22.37984
1984-09-27,18.360075
1984-09-28,15.340482
1984-09-29,13.6686
1984-09-30,14.1967325
1984-10-01,12.314976
1984-10-02,12.538448
1984-10-03,10.408408
1984-10-04,10.968743
1984-10-05,9.11609
1984-10-06,9.123274
1984-10-07,9.874937
1984-10-08,8.229413
1984-10-09,8.1825485
1984-10-10,10.915973
1984-10-11,9.299765
1984-10-12,10.399351
1984-10-13,11.547871
1984-10-14,11.482609
1984-10-15,9.516002
1984-10-16,8.648526
1984-10-17,7.6282988
1984-10-18,7.5567117
1984-10-19,8.2945
1984-10-20,7.200128
1984-10-21,8.6984215
1984-10-22,18.498106
1984-10-23,14.100966
1984-10-24,27.262547
1984-10-25,19.873102
1984-10-26,124.67953
1984-10-27,39.352478
1984-10-28,19.964521
1984-10-29,17.51052
1984-10-30,12.863894
1984-10-31,10.479446
1984-11-01,9.569871
1984-11-02,10.30606
1984-11-03,8.762442
1984-11-04,7.6602664
1984-11-05,6.9280396
1984-11-06,13.469458
1984-11-07,14.63222
1984-11-08,6.7365956
1984-11-09,5.305732
1984-11-10,5.763384
1984-11-11,5.4665437
1984-11-12,9.737481
1984-11-13,5.384075
1984-11-14,4.558728
1984-11-15,7.103463
1984-11-16,6.1980734
1984-11-17,6.079437
1984-11-18,7.2043686
1984-11-19,4.754244
1984-11-20,6.4745617
1984-11-21,5.0991592
1984-11-22,4.895547
1984-11-23,4.439048
1984-11-24,10.389631
1984-11-25,12.77728
1984-11-26,6.278755
1984-11-27,7.107412
1984-11-28,5.4851675
1984-11-29,5.4455376
1984-11-30,4.1782074
1984-12-01,4.5826726
1984-12-02,4.887581
1984-12-03,3.8810024
1984-12-04,4.620597
1984-12-05,6.6745315
1984-12-06,4.0962477
1984-12-07,3.8323858
1984-12-08,4.1154737
1984-12-09,3.6088579
1984-12-10,3.686668
1984-12-11,3.6699953
1984-12-12,3.5429513
1984-12-13,3.4409196
1984-12-14,3.2947004
1984-12-15,3.2730637
1984-12-16,3.3768702
1984-12-17,3.7166116
1984-12-18,4.354876
1984-12-19,3.2360992
1984-12-20,3.7382324
1984-12-21,3.002939
1984-12-22,2.9014447
1984-12-23,3.3255143
1984-12-24,6.4795876
1984-12-25,3.648726
1984-12-26,2.7775884
1984-12-27,2.5520601
1984-12-28,2.4203463
1984-12-29,2.4328375
1984-12-30,2.312536
1984-12-31,2.1887634
1985-01-01,2.0823188
1985-01-02,2.0469832
1985-01-03,1.9758097
1985-01-04,2.0275168
1985-01-05,2.231874
1985-01-06,2.6716316
1985-01-07,2.0096092
1985-01-08,1.8629593
1985-01-09,1.8059738
1985-01-10,1.7503272
1985-01-11,1.6470293
1985-01-12,1.653334
1985-01-13,1.5749741
1985-01-14,1.5454428
1985-01-15,1.4097408
1985-01-16,1.3469951
1985-01-17,1.3048066
1985-01-18,1.2560232
1985-01-19,1.2125196
1985-01-20,1.216738
1985-01-21,1.170024
1985-01-22,1.166006
1985-01-23,1.1308173
1985-01-24,1.0566566
1985-01-25,1.1171243
1985-01-26,0.98015505
1985-01-27,2.5567834
1985-01-28,1.2678761
1985-01-29,0.94105655
1985-01-30,0.9225908
1985-01-31,0.84855664
1985-02-01,0.821086
1985-02-02,0.7826744
1985-02-03,0.7365907
1985-02-04,0.7191283
1985-02-05,0.68968964
1985-02-06,0.6727249
1985-02-07,0.6432776
1985-02-08,0.6275302
1985-02-09,0.9918363
1985-02-10,0.74353445
1985-02-11,0.89713454
1985-02-12,1.3883688
1985-02-13,1.2900116
1985-02-14,1.2930629
1985-02-15,1.1263328
1985-02-16,0.5748412
1985-02-17,0.48678163
1985-02-18,0.5653921
1985-02-19,0.36380368
1985-02-20,0.69163954
1985-02-21,0.67764056
1985-02-22,0.3706491
1985-02-23,0.65146893
1985-02-24,0.7317101
1985-02-25,0.70219624
1985-02-26,0.66464764
1985-02-27,0.40174758
1985-02-28,0.26396778
1985-03-01,0.29966804
1985-03-02,0.39164615
1985-03-03,2.137434
1985-03-04,1.6531057
1985-03-05,1.6284429
1985-03-06,2.1330526
1985-03-07,2.699115
1985-03-08,2.0557296
1985-03-09,1.7006688
1985-03-10,2.0484614
1985-03-11,2.9906313
1985-03-12,1.5813446
1985-03-13,0.5681947
1985-03-14,0.3805995
1985-03-15,0.24644923
1985-03-16,0.22100502
1985-03-17,0.13611008
1985-03-18,0.01669865
1985-03-19,0.06637935
1985-03-20,0.18774056
1985-03-21,0.39419952
1985-03-22,0.057553083
1985-03-23,0.060867693
1985-03-24,0.024196697
1985-03-25,0.022801137
1985-03-26,0.08162989
1985-03-27,0.38500568
1985-03-28,1.54702
1985-03-29,0.8455128
1985-03-30,0.9980461
1985-03-31,1.3513949
1985-04-01,1.388062
1985-04-02,0.7200378
1985-04-03,2.578706
1985-04-04,0.57347685
1985-04-05,0.25823423
1985-04-06,1.324703
1985-04-07,1.7309636
1985-04-08,0.39439297
1985-04-09,1.0934366
1985-04-10,3.8271763
1985-04-11,7.24796
1985-04-12,2.7963624
1985-04-13,1.3232508
1985-04-14,0.88676494
1985-04-15,0.49155876
1985-04-16,0.112794265
1985-04-17,0.04403453
1985-04-18,0.17149042
1985-04-19,0.61384916
1985-04-20,0.59305656
1985-04-21,0.6894978
1985-04-22,0.36615205
1985-04-23,0.64659524
1985-04-24,0.32606673
1985-04-25,1.0526689
1985-04-26,4.8592477
1985-04-27,1.6812085
1985-04-28,3.2525945
1985-04-29,1.6737264
1985-04-30,0.45543677
1985-05-01,0.22094193
1985-05-02,2.1296759
1985-05-03,0.43681636
1985-05-04,0.40353397
1985-05-05,2.031336
1985-05-06,0.9490972
1985-05-07,2.8514812
1985-05-08,4.202277
1985-05-09,8.055745
1985-05-10,3.1883883
1985-05-11,3.1279922
1985-05-12,4.960186
1985-05-13,4.619667
1985-05-14,3.9196773
1985-05-15,2.9723048
1985-05-16,3.8575618
1985-05-17,2.595008
1985-05-18,2.0035641
1985-05-19,4.8043566
1985-05-20,3.3340979
1985-05-21,0.9945519
1985-05-22,3.2086725
1985-05-23,2.2214022
1985-05-24,4.4573984
1985-05-25,0.9523106
1985-05-26,3.0058112
1985-05-27,2.7828398
1985-05-28,1.5128471
1985-05-29,6.459167
1985-05-30,6.1208105
1985-05-31,1.1743361
1985-06-01,1.1651496
1985-06-02,9.738779
1985-06-03,3.8646822
1985-06-04,4.760945
1985-06-05,3.8173394
1985-06-06,5.9628954
1985-06-07,5.755429
1985-06-08,4.4495726
1985-06-09,5.1386995
1985-06-10,5.217791
1985-06-11,4.4113135
1985-06-12,2.441352
1985-06-13,4.247807
1985-06-14,2.0174594
1985-06-15,1.7510792
1985-06-16,1.8073013
1985-06-17,1.9874542
1985-06-18,4.9776235
1985-06-19,3.8280501
1985-06-20,1.7627984
1985-06-21,1.8640983
1985-06-22,4.6020355
1985-06-23,7.40443
1985-06-24,3.3011918
1985-06-25,5.209211
1985-06-26,2.6224265
1985-06-27,4.2186694
1985-06-28,3.1928751
1985-06-29,7.3616195
1985-06-30,7.0613575
1985-07-01,3.6848955
1985-07-02,2.556986
1985-07-03,2.9441118
1985-07-04,3.6530056
1985-07-05,6.974151
1985-07-06,5.3295765
1985-07-07,4.561266
1985-07-08,6.017698
1985-07-09,14.663424
1985-07-10,5.382111
1985-07-11,6.782935
1985-07-12,6.6522346
1985-07-13,6.8328986
1985-07-14,4.9964943
1985-07-15,7.270929
1985-07-16,13.7144165
1985-07-17,9.92894
1985-07-18,9.714366
1985-07-19,12.0791025
1985-07-20,9.642066
1985-07-21,8.131988
1985-07-22,9.691728
1985-07-23,10.235982
1985-07-24,10.545814
1985-07-25,10.479227
1985-07-26,13.529409
1985-07-27,14.104679
1985-07-28,12.353195
1985-07-29,11.343771
1985-07-30,11.775305
1985-07-31,15.389667
1985-08-01,19.359524
1985-08-02,12.067609
1985-08-03,12.701664
1985-08-04,11.179311
1985-08-05,11.806722
1985-08-06,19.175634
1985-08-07,16.19
1985-08-08,15.837748
1985-08-09,16.24939
1985-08-10,13.752289
1985-08-11,11.377092
1985-08-12,10.132346
1985-08-13,9.705941
1985-08-14,11.883919
1985-08-15,15.366684
1985-08-16,12.714345
1985-08-17,13.794189
1985-08-18,10.282399
1985-08-19,9.225432
1985-08-20,10.1676445
1985-08-21,11.719478
1985-08-22,15.910144
1985-08-23,10.136418
1985-08-24,22.993456
1985-08-25,17.272734
1985-08-26,15.815427
1985-08-27,15.115944
1985-08-28,17.317247
1985-08-29,16.195219
1985-08-30,14.674429
1985-08-31,15.016868
1985-09-01,11.331824
1985-09-02,12.101995
1985-09-03,14.078319
1985-09-04,14.524339
1985-09-05,12.725513
1985-09-06,11.833074
1985-09-07,13.216831
1985-09-08,14.163635
1985-09-09,12.321911
1985-09-10,14.024982
1985-09-11,11.752428
1985-09-12,9.515975
1985-09-13,9.424768
1985-09-14,10.973042
1985-09-15,13.329817
1985-09-16,13.081423
1985-09-17,12.158645
1985-09-18,10.71874
1985-09-19,10.049695
1985-09-20,10.01354
1985-09-21,9.645046
1985-09-22,10.438495
1985-09-23,9.544965
1985-09-24,8.556489
1985-09-25,8.58327
1985-09-26,7.2306275
1985-09-27,13.278356
1985-09-28,7.5932465
1985-09-29,9.107848
1985-09-30,6.984336
1985-10-01,7.2214365
1985-10-02,6.8557267
1985-10-03,7.8040195
1985-10-04,11.410934
1985-10-05,11.1357765
1985-10-06,14.138676
1985-10-07,6.3342853
1985-10-08,9.135606
1985-10-09,13.000703
1985-10-10,11.026102
1985-10-11,10.212763
1985-10-12,7.391973
1985-10-13,8.853235
1985-10-14,8.712175
1985-10-15,7.8498244
1985-10-16,9.737116
1985-10-17,9.552365
1985-10-18,10.0573435
1985-10-19,9.981337
1985-10-20,11.645049
1985-10-21,15.020633
1985-10-22,11.815925
1985-10-23,8.32979
1985-10-24,10.453949
1985-10-25,10.847782
1985-10-26,8.651091
1985-10-27,9.132984
1985-10-28,10.379187
1985-10-29,11.942674
1985-10-30,9.244036
1985-10-31,8.358604
1985-11-01,7.2180495
1985-11-02,7.382811
1985-11-03,6.8040466
1985-11-04,6.485743
1985-11-05,6.250938
1985-11-06,6.652006
1985-11-07,8.356716
1985-11-08,7.809181
1985-11-09,6.560251
1985-11-10,7.2142234
1985-11-11,6.5461955
1985-11-12,5.483628
1985-11-13,8.561201
1985-11-14,6.27671
1985-11-15,5.436891
1985-11-16,4.935628
1985-11-17,4.859099
1985-11-18,6.010636
1985-11-19,6.1726155
1985-11-20,13.752972
1985-11-21,8.799354
1985-11-22,7.2405148
1985-11-23,6.719616
1985-11-24,5.233806
1985-11-25,4.982508
1985-11-26,4.6314607
1985-11-27,4.622645
1985-11-28,4.579356
1985-11-29,4.55312
1985-11-30,4.0528245
1985-12-01,4.5667005
1985-12-02,5.250374
1985-12-03,5.388549
1985-12-04,5.3352532
1985-12-05,7.490331
1985-12-06,6.409521
1985-12-07,7.038669
1985-12-08,5.333978
1985-12-09,5.671379
1985-12-10,7.0168915
1985-12-11,5.409951
1985-12-12,3.9737325
1985-12-13,3.7452927
1985-12-14,3.6212728
1985-12-15,3.8803306
1985-12-16,3.577512
1985-12-17,3.3482862
1985-12-18,3.4527538
1985-12-19,3.3879807
1985-12-20,3.2602878
1985-12-21,3.2861235
1985-12-22,3.5351634
1985-12-23,3.3259726
1985-12-24,3.082454
1985-12-25,3.2189364
1985-12-26,3.274062
1985-12-27,3.2216954
1985-12-28,3.0787764
1985-12-29,2.852519
1985-12-30,2.6446092
1985-12-31,2.5402126
1986-01-01,2.508122
1986-01-02,2.4857845
1986-01-03,2.5029304
1986-01-04,2.6994622
1986-01-05,2.4901962
1986-01-06,2.306809
1986-01-07,2.3396218
1986-01-08,2.2531078
1986-01-09,2.0532923
1986-01-10,2.0816147
1986-01-11,2.325665
1986-01-12,2.247861
1986-01-13,1.9473081
1986-01-14,2.2638218
1986-01-15,1.9801308
1986-01-16,1.9895146
1986-01-17,2.1272714
1986-01-18,1.6836312
1986-01-19,1.601161
1986-01-20,1.692341
1986-01-21,1.5370945
1986-01-22,1.5136968
1986-01-23,1.5299686
1986-01-24,2.0920002
1986-01-25,1.8829843
1986-01-26,1.4515042
1986-01-27,1.443246
1986-01-28,1.7137644
1986-01-29,1.9190998
1986-01-30,1.6633066
1986-01-31,1.4806435
1986-02-01,1.4004068
1986-02-02,1.2257422
1986-02-03,1.0928195
1986-02-04,1.1709168
1986-02-05,1.4460561
1986-02-06,1.0392995
1986-02-07,0.97939456
1986-02-08,1.0085896
1986-02-09,0.98641855
1986-02-10,1.0506935
1986-02-11,1.1214727
1986-02-12,1.2162687
1986-02-13,1.416082
1986-02-14,1.6128831
1986-02-15,1.4767224
1986-02-16,1.4223255
1986-02-17,2.2232177
1986-02-18,2.5101552
1986-02-19,1.8051202
1986-02-20,1.0294092
1986-02-21,0.94913924
1986-02-22,1.4654098
1986-02-23,0.8354218
1986-02-24,1.1383396
1986-02-25,0.8837022
1986-02-26,0.73191166
1986-02-27,0.74146235
1986-02-28,0.7910458
1986-03-01,0.6638773
1986-03-02,0.6630924
1986-03-03,0.7157194
1986-03-04,0.614692
1986-03-05,0.61607623
1986-03-06,1.3065813
1986-03-07,0.75018096
1986-03-08,0.71440697
1986-03-09,1.2129188
1986-03-10,0.72092396
1986-03-11,0.36106086
1986-03-12,1.726986
1986-03-13,1.5155056
1986-03-14,1.137364
1986-03-15,0.4940239
1986-03-16,0.49401006
1986-03-17,0.5959016
1986-03-18,0.31264
1986-03-19,0.3399176
1986-03-20,2.3771672
1986-03-21,2.4067078
1986-03-22,1.1845598
1986-03-23,4.747472
1986-03-24,2.6029987
1986-03-25,0.96660346
1986-03-26,0.29963273
1986-03-27,0.21760815
1986-03-28,0.45414242
1986-03-29,0.41379198
1986-03-30,0.89669126
1986-03-31,0.8411828
1986-04-01,1.3910363
1986-04-02,1.9643632
1986-04-03,2.1481867
1986-04-04,1.1173856
1986-04-05,1.5406106
1986-04-06,4.4326243
1986-04-07,2.8029704
1986-04-08,6.586065
1986-04-09,2.5629883
1986-04-10,2.2405088
1986-04-11,3.6530669
1986-04-12,3.1982656
1986-04-13,1.3077239
1986-04-14,3.3746097
1986-04-15,2.4845536
1986-04-16,9.245988
1986-04-17,4.5707006
1986-04-18,4.4875793
1986-04-19,5.711269
1986-04-20,2.8224194
1986-04-21,8.746607
1986-04-22,9.604212
1986-04-23,12.291918
1986-04-24,10.04908
1986-04-25,11.782148
1986-04-26,7.372686
1986-04-27,3.4116216
1986-04-28,2.610875
1986-04-29,3.9123745
1986-04-30,3.810201
1986-05-01,3.031768
1986-05-02,2.7464921
1986-05-03,4.3476434
1986-05-04,5.25362
1986-05-05,14.387254
1986-05-06,4.7974586
1986-05-07,4.1503
1986-05-08,2.7682202
1986-05-09,3.3162858
1986-05-10,5.0562315
1986-05-11,3.2754483
1986-05-12,3.3763664
1986-05-13,4.272031
1986-05-14,3.3883727
1986-05-15,3.0489497
1986-05-16,3.5594075
1986-05-17,4.176441
1986-05-18,4.0671887
1986-05-19,3.578665
1986-05-20,4.3466973
1986-05-21,5.4394855
1986-05-22,4.54138
1986-05-23,6.5423613
1986-05-24,8.502581
1986-05-25,14.350181
1986-05-26,6.143295
1986-05-27,8.530046
1986-05-28,11.914751
1986-05-29,11.205895
1986-05-30,10.17565
1986-05-31,7.2310653
1986-06-01,8.88066
1986-06-02,8.5866375
1986-06-03,11.463592
1986-06-04,8.563143
1986-06-05,6.7600617
1986-06-06,9.8186865
1986-06-07,19.201914
1986-06-08,9.8139925
1986-06-09,7.4640026
1986-06-10,7.715751
1986-06-11,8.536713
1986-06-12,7.7908564
1986-06-13,8.372237
1986-06-14,6.571434
1986-06-15,6.482675
1986-06-16,8.273485
1986-06-17,6.8230805
1986-06-18,5.712679
1986-06-19,9.50152
1986-06-20,6.0160966
1986-06-21,5.129714
1986-06-22,9.252275
1986-06-23,7.571783
1986-06-24,12.557296
1986-06-25,9.424276
1986-06-26,6.632656
1986-06-27,8.387557
1986-06-28,7.5080194
1986-06-29,14.608072
1986-06-30,15.201733
1986-07-01,14.396466
1986-07-02,11.865403
1986-07-03,10.437149
1986-07-04,10.27173
1986-07-05,13.948597
1986-07-06,11.304995
1986-07-07,18.90518
1986-07-08,19.797623
1986-07-09,14.371011
1986-07-10,14.198892
1986-07-11,11.628382
1986-07-12,11.060233
1986-07-13,10.60013
1986-07-14,8.60039
1986-07-15,8.072234
1986-07-16,9.705108
1986-07-17,9.819103
1986-07-18,6.7560377
1986-07-19,7.1104145
1986-07-20,6.3417945
1986-07-21,6.207881
1986-07-22,6.951068
1986-07-23,7.027834
1986-07-24,5.552558
1986-07-25,4.3948364
1986-07-26,4.240666
1986-07-27,5.592773
1986-07-28,5.667068
1986-07-29,3.8800726
1986-07-30,5.8125467
1986-07-31,3.786565
1986-08-01,4.4996676
1986-08-02,3.5472867
1986-08-03,3.654931
1986-08-04,3.7424028
1986-08-05,5.377116
1986-08-06,5.898819
1986-08-07,7.8465085
1986-08-08,5.586499
1986-08-09,7.65284
1986-08-10,4.3082604
1986-08-11,3.2007732
1986-08-12,5.8991203
1986-08-13,10.357689
1986-08-14,9.004274
1986-08-15,4.0525117
1986-08-16,3.1229136
1986-08-17,3.1129
1986-08-18,3.8340163
1986-08-19,3.5856588
1986-08-20,3.12708
1986-08-21,7.187649
1986-08-22,7.5462747
1986-08-23,7.173171
1986-08-24,5.095841
1986-08-25,4.6873374
1986-08-26,5.725973
1986-08-27,4.371143
1986-08-28,4.8187227
1986-08-29,5.286767
1986-08-30,6.6353936
1986-08-31,7.435032
1986-09-01,10.845156
1986-09-02,12.509827
1986-09-03,10.855291
1986-09-04,6.8589354
1986-09-05,5.2427363
1986-09-06,5.2423096
1986-09-07,5.1916275
1986-09-08,6.0375957
1986-09-09,9.170657
1986-09-10,5.472144
1986-09-11,15.033148
1986-09-12,8.486284
1986-09-13,13.277625
1986-09-14,9.0741205
1986-09-15,13.316522
1986-09-16,12.975055
1986-09-17,14.211344
1986-09-18,13.938357
1986-09-19,15.677178
1986-09-20,12.311599
1986-09-21,22.116869
1986-09-22,16.74917
1986-09-23,18.425764
1986-09-24,17.282713
1986-09-25,24.553112
1986-09-26,20.070787
1986-09-27,15.239973
1986-09-28,12.674034
1986-09-29,20.093184
1986-09-30,14.784798
1986-10-01,11.324624
1986-10-02,12.020608
1986-10-03,11.504276
1986-10-04,17.97269
1986-10-05,11.391288
1986-10-06,9.170798
1986-10-07,10.849281
1986-10-08,12.264709
1986-10-09,9.895612
1986-10-10,12.300951
1986-10-11,10.118852
1986-10-12,13.424293
1986-10-13,9.930637
1986-10-14,10.820203
1986-10-15,8.45829
1986-10-16,11.616512
1986-10-17,9.209358
1986-10-18,7.349162
1986-10-19,7.0471907
1986-10-20,8.636841
1986-10-21,10.669928
1986-10-22,10.0270605
1986-10-23,8.432068
1986-10-24,8.613944
1986-10-25,7.8506093
1986-10-26,15.494516
1986-10-27,12.957793
1986-10-28,10.696059
1986-10-29,9.085832
1986-10-30,9.999534
1986-10-31,8.81931
1986-11-01,9.208631
1986-11-02,12.413194
1986-11-03,8.84476
1986-11-04,8.356117
1986-11-05,8.251305
1986-11-06,7.728691
1986-11-07,7.668758
1986-11-08,11.476183
1986-11-09,12.588196
1986-11-10,17.68541
1986-11-11,8.491039
1986-11-12,7.528324
1986-11-13,9.571417
1986-11-14,10.521945
1986-11-15,12.610291
1986-11-16,10.745642
1986-11-17,14.098277
1986-11-18,11.699072
1986-11-19,12.027291
1986-11-20,11.048345
1986-11-21,10.748589
1986-11-22,11.857431
1986-11-23,9.485944
1986-11-24,9.784907
1986-11-25,10.472856
1986-11-26,9.106514
1986-11-27,7.6442723
1986-11-28,8.973128
1986-11-29,7.0507164
1986-11-30,6.379957
1986-12-01,6.010642
1986-12-02,5.764915
1986-12-03,5.3440394
1986-12-04,5.1346426
1986-12-05,4.89568
1986-12-06,5.2383633
1986-12-07,5.8929296
1986-12-08,6.5177236
1986-12-09,6.9638796
1986-12-10,8.975574
1986-12-11,5.004276
1986-12-12,4.4539146
1986-12-13,3.8667088
1986-12-14,4.8507895
1986-12-15,3.74861
1986-12-16,3.4865432
1986-12-17,3.126504
1986-12-18,3.0189903
1986-12-19,2.8044405
1986-12-20,2.8024144
1986-12-21,2.7678204
1986-12-22,2.7230837
1986-12-23,2.8237848
1986-12-24,2.5232155
1986-12-25,2.2972803
1986-12-26,2.2958786
1986-12-27,2.2727947
1986-12-28,2.137079
1986-12-29,2.1317122
1986-12-30,2.0239518
1986-12-31,1.9024615
1987-01-01,2.014542
1987-01-02,2.0273716
1987-01-03,1.7645879
1987-01-04,1.6741607
1987-01-05,2.02563
1987-01-06,1.6296726
1987-01-07,1.7349416
1987-01-08,2.1187165
1987-01-09,1.4937463
1987-01-10,1.3508345
1987-01-11,1.3695457
1987-01-12,2.3597012
1987-01-13,1.5169635
1987-01-14,1.2992392
1987-01-15,1.1765654
1987-01-16,1.1178648
1987-01-17,1.0807542
1987-01-18,1.0680281
1987-01-19,1.1392428
1987-01-20,1.4304397
1987-01-21,1.208013
1987-01-22,1.4156836
1987-01-23,1.663807
1987-01-24,1.5603642
1987-01-25,1.0792694
1987-01-26,1.0856467
1987-01-27,1.0208145
1987-01-28,0.866481
1987-01-29,1.0013766
1987-01-30,0.8217071
1987-01-31,0.7405862
1987-02-01,0.7500582
1987-02-02,0.7215333
1987-02-03,0.683679
1987-02-04,0.6852448
1987-02-05,0.7915161
1987-02-06,0.8930322
1987-02-07,0.6899705
1987-02-08,0.79416406
1987-02-09,1.2681283
1987-02-10,0.9190131
1987-02-11,0.87570244
1987-02-12,1.8683172
1987-02-13,1.3197662
1987-02-14,0.92512554
1987-02-15,0.99976903
1987-02-16,0.6282454
1987-02-17,0.9103154
1987-02-18,1.0516768
1987-02-19,0.6471593
1987-02-20,0.51302177
1987-02-21,0.47810188
1987-02-22,0.43316862
1987-02-23,0.31090906
1987-02-24,0.26441294
1987-02-25,0.23832275
1987-02-26,0.24018902
1987-02-27,0.41946927
1987-02-28,0.33275166
1987-03-01,0.3511814
1987-03-02,0.30321342
1987-03-03,0.6214362
1987-03-04,0.43100247
1987-03-05,0.5114879
1987-03-06,0.2873579
1987-03-07,0.5280701
1987-03-08,0.11391524
1987-03-09,0.8582399
1987-03-10,2.3399394
1987-03-11,0.40251502
1987-03-12,0.008953102
1987-03-13,0.17065048
1987-03-14,0.22591697
1987-03-15,0.28977743
1987-03-16,0.077541925
1987-03-17,0.43165913
1987-03-18,0.5173348
1987-03-19,0.5296045
1987-03-20,0.4446247
1987-03-21,0.53306836
1987-03-22,1.1908258
1987-03-23,0.6213793
1987-03-24,0.18986553
1987-03-25,0.42747158
1987-03-26,1.1102716
1987-03-27,1.0493855
1987-03-28,0.72317016
1987-03-29,0.540788
1987-03-30,0.44406518
1987-03-31,0.97901666
1987-04-01,1.5375651
1987-04-02,1.5576426
1987-04-03,2.8658676
1987-04-04,4.305809
1987-04-05,2.4048743
1987-04-06,2.1665065
1987-04-07,1.3764256
1987-04-08,0.581061
1987-04-09,6.591003
1987-04-10,2.603014
1987-04-11,4.600866
1987-04-12,3.2325084
1987-04-13,0.5010145
1987-04-14,0.29559258
1987-04-15,0.2750904
1987-04-16,0.41274333
1987-04-17,0.3520911
1987-04-18,0.31575593
1987-04-19,0.87092686
1987-04-20,0.8353519
1987-04-21,4.633364
1987-04-22,2.8658278
1987-04-23,8.312958
1987-04-24,3.3046384
1987-04-25,14.182544
1987-04-26,4.499116
1987-04-27,1.7168456
1987-04-28,0.71353745
1987-04-29,14.776628
1987-04-30,4.576005
1987-05-01,0.6319586
1987-05-02,4.779617
1987-05-03,4.703128
1987-05-04,3.3000526
1987-05-05,2.0904324
1987-05-06,2.9036283
1987-05-07,2.8966603
1987-05-08,1.895152
1987-05-09,2.1855106
1987-05-10,5.3347826
1987-05-11,7.033319
1987-05-12,1.6684718
1987-05-13,2.147062
1987-05-14,1.9929739
1987-05-15,8.317821
1987-05-16,9.505643
1987-05-17,8.507086
1987-05-18,2.791121
1987-05-19,2.0393143
1987-05-20,2.8375282
1987-05-21,6.188422
1987-05-22,3.6776454
1987-05-23,4.9086413
1987-05-24,9.077018
1987-05-25,5.576477
1987-05-26,5.337057
1987-05-27,9.131752
1987-05-28,10.137569
1987-05-29,5.759388
1987-05-30,5.875342
1987-05-31,6.1884737
1987-06-01,11.770357
1987-06-02,8.709409
1987-06-03,8.8197155
1987-06-04,10.385805
1987-06-05,10.590439
1987-06-06,9.630373
1987-06-07,9.70476
1987-06-08,12.665168
1987-06-09,12.133696
1987-06-10,8.714933
1987-06-11,7.6263804
1987-06-12,7.841885
1987-06-13,9.674758
1987-06-14,11.426276
1987-06-15,16.352665
1987-06-16,12.675361
1987-06-17,10.372444
1987-06-18,15.511167
1987-06-19,10.631735
1987-06-20,9.013401
1987-06-21,9.122716
1987-06-22,9.562196
1987-06-23,16.06955
1987-06-24,17.848536
1987-06-25,19.536009
1987-06-26,12.025549
1987-06-27,9.188442
1987-06-28,13.724585
1987-06-29,9.469044
1987-06-30,9.221822
1987-07-01,8.0183525
1987-07-02,12.400881
1987-07-03,12.948367
1987-07-04,15.460589
1987-07-05,14.159837
1987-07-06,13.1912155
1987-07-07,12.820508
1987-07-08,12.517731
1987-07-09,10.559117
1987-07-10,9.625387
1987-07-11,9.227892
1987-07-12,8.406137
1987-07-13,9.56437
1987-07-14,9.124505
1987-07-15,7.6015563
1987-07-16,11.238138
1987-07-17,13.620071
1987-07-18,10.908834
1987-07-19,8.166807
1987-07-20,6.06056
1987-07-21,6.54425
1987-07-22,10.129429
1987-07-23,8.956314
1987-07-24,7.812124
1987-07-25,8.929157
1987-07-26,13.851383
1987-07-27,9.363446
1987-07-28,9.570078
1987-07-29,6.6928854
1987-07-30,13.130266
1987-07-31,17.065954
1987-08-01,9.86835
1987-08-02,13.165909
1987-08-03,12.762701
1987-08-04,12.634935
1987-08-05,9.923423
1987-08-06,9.556409
1987-08-07,13.368821
1987-08-08,14.503009
1987-08-09,13.760319
1987-08-10,10.193517
1987-08-11,11.06972
1987-08-12,10.467
1987-08-13,11.920872
1987-08-14,10.336054
1987-08-15,8.927189
1987-08-16,8.907566
1987-08-17,10.189957
1987-08-18,9.653377
1987-08-19,10.628646
1987-08-20,10.186226
1987-08-21,8.021564
1987-08-22,8.022895
1987-08-23,8.094946
1987-08-24,8.45944
1987-08-25,14.672682
1987-08-26,11.390089
1987-08-27,7.5246863
1987-08-28,7.4480433
1987-08-29,10.691885
1987-08-30,9.305394
1987-08-31,8.636905
1987-09-01,8.038388
1987-09-02,10.727694
1987-09-03,8.403477
1987-09-04,10.541515
1987-09-05,8.719332
1987-09-06,11.654849
1987-09-07,7.4260144
1987-09-08,7.0497146
1987-09-09,7.3304505
1987-09-10,8.568351
1987-09-11,9.772186
1987-09-12,6.382239
1987-09-13,8.794577
1987-09-14,9.956687
1987-09-15,10.906655
1987-09-16,15.25814
1987-09-17,8.6181345
1987-09-18,10.197668
1987-09-19,7.736634
1987-09-20,6.754881
1987-09-21,9.003366
1987-09-22,13.449935
1987-09-23,11.784808
1987-09-24,8.205111
1987-09-25,10.789452
1987-09-26,13.191992
1987-09-27,7.7808037
1987-09-28,8.103239
1987-09-29,7.6571813
1987-09-30,9.710467
1987-10-01,10.316856
1987-10-02,23.28564
1987-10-03,23.992544
1987-10-04,18.86905
1987-10-05,19.79641
1987-10-06,19.007105
1987-10-07,19.201454
1987-10-08,22.351547
1987-10-09,18.779963
1987-10-10,18.052889
1987-10-11,13.997387
1987-10-12,15.469594
1987-10-13,17.360931
1987-10-14,15.867388
1987-10-15,14.56488
1987-10-16,13.321432
1987-10-17,15.14946
1987-10-18,14.276864
1987-10-19,14.563142
1987-10-20,17.874151
1987-10-21,16.694147
1987-10-22,16.532051
1987-10-23,13.508146
1987-10-24,15.404876
1987-10-25,17.013544
1987-10-26,15.1769705
1987-10-27,14.510607
1987-10-28,25.396328
1987-10-29,17.104874
1987-10-30,45.802643
1987-10-31,19.067387
1987-11-01,11.613949
1987-11-02,9.725583
1987-11-03,8.809649
1987-11-04,8.645522
1987-11-05,9.784791
1987-11-06,7.0423145
1987-11-07,8.227555
1987-11-08,9.092778
1987-11-09,6.617625
1987-11-10,5.243035
1987-11-11,4.855361
1987-11-12,4.614969
1987-11-13,4.9449515
1987-11-14,5.671957
1987-11-15,7.6053925
1987-11-16,5.6039367
1987-11-17,4.011662
1987-11-18,3.7623682
1987-11-19,4.026337
1987-11-20,8.654947
1987-11-21,8.435575
1987-11-22,6.721666
1987-11-23,4.003655
1987-11-24,3.0965865
1987-11-25,3.5318594
1987-11-26,7.7055507
1987-11-27,4.2247324
1987-11-28,4.751488
1987-11-29,3.0722668
1987-11-30,4.9951124
1987-12-01,7.216923
1987-12-02,3.6820076
1987-12-03,3.3941338
1987-12-04,4.5757456
1987-12-05,4.098803
1987-12-06,4.419415
1987-12-07,3.488066
1987-12-08,7.423176
1987-12-09,5.734065
1987-12-10,5.766792
1987-12-11,4.7566185
1987-12-12,3.1162384
1987-12-13,2.7682292
1987-12-14,2.7037401
1987-12-15,4.113732
1987-12-16,2.5749373
1987-12-17,2.3878114
1987-12-18,2.4903672
1987-12-19,2.0458322
1987-12-20,1.9490793
1987-12-21,1.9959675
1987-12-22,1.9960985
1987-12-23,2.0095632
1987-12-24,1.9813066
1987-12-25,1.8872788
1987-12-26,1.7683002
1987-12-27,1.705851
1987-12-28,1.6929566
1987-12-29,1.8894497
1987-12-30,2.3414404
1987-12-31,3.0285296
1988-01-01,2.5660787
1988-01-02,1.860538
1988-01-03,1.705525
1988-01-04,1.6864002
1988-01-05,1.5602945
1988-01-06,1.6156751
1988-01-07,1.5721679
1988-01-08,1.5374248
1988-01-09,1.4240465
1988-01-10,1.4286852
1988-01-11,1.3929564
1988-01-12,1.3344562
1988-01-13,1.2509404
1988-01-14,1.2647005
1988-01-15,1.355436
1988-01-16,1.4339576
1988-01-17,1.285519
1988-01-18,1.5262771
1988-01-19,1.2557433
1988-01-20,1.1005367
1988-01-21,1.0421456
1988-01-22,1.0809242
1988-01-23,1.0272694
1988-01-24,0.9503344
1988-01-25,0.909267
1988-01-26,0.88883114
1988-01-27,0.8832998
1988-01-28,0.86928415
1988-01-29,0.8275094
1988-01-30,0.8392279
1988-01-31,0.85868037
1988-02-01,0.76722294
1988-02-02,1.0173483
1988-02-03,0.9240752
1988-02-04,1.0176963
1988-02-05,1.8276161
1988-02-06,1.3266733
1988-02-07,1.7451816
1988-02-08,1.539031
1988-02-09,1.6652422
1988-02-10,1.3263284
1988-02-11,1.2303603
1988-02-12,1.5254349
1988-02-13,0.94933724
1988-02-14,0.67631257
1988-02-15,0.5749602
1988-02-16,0.9678917
1988-02-17,0.8303839
1988-02-18,0.64033085
1988-02-19,0.53915644
1988-02-20,0.46035624
1988-02-21,0.41255414
1988-02-22,0.3148604
1988-02-23,0.27050215
1988-02-24,0.3995362
1988-02-25,0.6533641
1988-02-26,0.45613766
1988-02-27,0.5336778
1988-02-28,0.37737456
1988-02-29,0.3050583
1988-03-01,0.3113232
1988-03-02,0.33797893
1988-03-03,0.24911323
1988-03-04,0.08261261
1988-03-05,0.07468365
1988-03-06,0.07473621
1988-03-07,0.040680364
1988-03-08,0.00480828
1988-03-09,0.009112081
1988-03-10,0.1214851
1988-03-11,0.050578665
1988-03-12,0.05281777
1988-03-13,0.007514231
1988-03-14,0.08849883
1988-03-15,0.10288284
1988-03-16,0.1058942
1988-03-17,0.116347015
1988-03-18,0.22098313
1988-03-19,0.06327226
1988-03-20,0.014330532
1988-03-21,0.038248833
1988-03-22,0.013908892
1988-03-23,0.017222423
1988-03-24,0.00966227
1988-03-25,0.0011254089
1988-03-26,0.007483589
1988-03-27,0.009309085
1988-03-28,0.073180504
1988-03-29,0.16746213
1988-03-30,0.26398203
1988-03-31,0.13522562
1988-04-01,0.6756466
1988-04-02,0.69450676
1988-04-03,0.47903225
1988-04-04,1.5540007
1988-04-05,0.78471327
1988-04-06,0.49586815
1988-04-07,1.4458275
1988-04-08,0.4185691
1988-04-09,1.6559134
1988-04-10,4.9124045
1988-04-11,3.6056857
1988-04-12,2.6477635
1988-04-13,5.180787
1988-04-14,3.1445107
1988-04-15,1.3724304
1988-04-16,1.61401
1988-04-17,3.2159898
1988-04-18,0.91971636
1988-04-19,0.4070929
1988-04-20,0.26105258
1988-04-21,0.5293936
1988-04-22,0.93857557
1988-04-23,0.8212645
1988-04-24,0.23905598
1988-04-25,0.32356933
1988-04-26,0.5313816
1988-04-27,0.8751467
1988-04-28,3.3162365
1988-04-29,1.2756281
1988-04-30,3.5395105
1988-05-01,7.409669
1988-05-02,4.179103
1988-05-03,6.3314185
1988-05-04,7.233567
1988-05-05,6.267214
1988-05-06,3.4386325
1988-05-07,3.030281
1988-05-08,1.4849212
1988-05-09,3.1538568
1988-05-10,1.493528
1988-05-11,0.8260591
1988-05-12,8.048306
1988-05-13,5.655491
1988-05-14,7.152835
1988-05-15,7.0558534
1988-05-16,4.468559
1988-05-17,2.5558283
1988-05-18,4.951232
1988-05-19,10.327798
1988-05-20,8.236999
1988-05-21,9.935566
1988-05-22,2.952422
1988-05-23,1.0471345
1988-05-24,0.8439047
1988-05-25,2.359632
1988-05-26,3.7034435
1988-05-27,13.2665205
1988-05-28,6.501988
1988-05-29,10.543437
1988-05-30,4.5558043
1988-05-31,8.157107
1988-06-01,3.1172512
1988-06-02,6.9318943
1988-06-03,8.992567
1988-06-04,3.6964707
1988-06-05,3.1963828
1988-06-06,9.523611
1988-06-07,4.129885
1988-06-08,3.8994355
1988-06-09,4.720841
1988-06-10,6.2333813
1988-06-11,10.748692
1988-06-12,8.128953
1988-06-13,19.933699
1988-06-14,10.794888
1988-06-15,7.4007187
1988-06-16,7.673065
1988-06-17,10.553642
1988-06-18,13.266796
1988-06-19,13.326193
1988-06-20,17.539341
1988-06-21,11.010951
1988-06-22,15.340484
1988-06-23,15.476346
1988-06-24,16.575546
1988-06-25,17.345839
1988-06-26,16.331156
1988-06-27,15.536454
1988-06-28,12.169052
1988-06-29,17.826132
1988-06-30,12.748234
1988-07-01,16.623882
1988-07-02,12.924
1988-07-03,18.144228
1988-07-04,16.343643
1988-07-05,12.794725
1988-07-06,19.986345
1988-07-07,15.467907
1988-07-08,17.022457
1988-07-09,15.1654625
1988-07-10,13.457095
1988-07-11,13.337454
1988-07-12,19.708916
1988-07-13,13.494281
1988-07-14,11.361526
1988-07-15,11.11766
1988-07-16,11.452727
1988-07-17,10.015195
1988-07-18,9.876278
1988-07-19,9.046411
1988-07-20,8.819365
1988-07-21,10.889402
1988-07-22,9.339621
1988-07-23,9.733776
1988-07-24,13.505765
1988-07-25,9.961995
1988-07-26,6.820505
1988-07-27,11.75976
1988-07-28,7.9753447
1988-07-29,7.7190447
1988-07-30,7.855632
1988-07-31,7.560289
1988-08-01,7.48357
1988-08-02,7.903535
1988-08-03,14.475373
1988-08-04,13.466053
1988-08-05,11.98306
1988-08-06,11.804233
1988-08-07,18.866383
1988-08-08,15.956474
1988-08-09,12.755912
1988-08-10,14.626569
1988-08-11,18.954632
1988-08-12,19.526342
1988-08-13,17.832783
1988-08-14,15.166223
1988-08-15,15.131049
1988-08-16,14.955886
1988-08-17,14.590064
1988-08-18,12.98893
1988-08-19,16.505306
1988-08-20,15.18688
1988-08-21,17.917387
1988-08-22,14.506267
1988-08-23,11.669023
1988-08-24,16.799377
1988-08-25,15.686179
1988-08-26,11.848337
1988-08-27,20.886576
1988-08-28,18.278055
1988-08-29,19.374138
1988-08-30,21.9613
1988-08-31,59.158905
1988-09-01,23.134182
1988-09-02,15.677835
1988-09-03,13.997344
1988-09-04,13.90993
1988-09-05,14.462508
1988-09-06,13.177577
1988-09-07,15.862581
1988-09-08,19.424067
1988-09-09,15.367016
1988-09-10,16.943035
1988-09-11,16.591633
1988-09-12,10.530972
1988-09-13,8.039583
1988-09-14,11.8978615
1988-09-15,10.749835
1988-09-16,12.219584
1988-09-17,9.785925
1988-09-18,13.329169
1988-09-19,19.928532
1988-09-20,10.602347
1988-09-21,14.037382
1988-09-22,9.890435
1988-09-23,10.170215
1988-09-24,9.510712
1988-09-25,11.51538
1988-09-26,9.313122
1988-09-27,9.689865
1988-09-28,9.314884
1988-09-29,11.94184
1988-09-30,11.999199
1988-10-01,12.56158
1988-10-02,12.917132
1988-10-03,12.195796
1988-10-04,13.786938
1988-10-05,11.828776
1988-10-06,11.301592
1988-10-07,11.120595
1988-10-08,10.43372
1988-10-09,15.357143
1988-10-10,16.279629
1988-10-11,10.634699
1988-10-12,14.676754
1988-10-13,14.637133
1988-10-14,16.32112
1988-10-15,17.044397
1988-10-16,12.788693
1988-10-17,11.4666195
1988-10-18,10.5943575
1988-10-19,11.519866
1988-10-20,8.863706
1988-10-21,8.562535
1988-10-22,8.991179
1988-10-23,13.526969
1988-10-24,11.937633
1988-10-25,11.405122
1988-10-26,6.98594
1988-10-27,8.128293
1988-10-28,7.278185
1988-10-29,12.348012
1988-10-30,8.108442
1988-10-31,6.022273
1988-11-01,6.167537
1988-11-02,8.599004
1988-11-03,8.513281
1988-11-04,6.252373
1988-11-05,6.1394205
1988-11-06,8.909011
1988-11-07,7.603772
1988-11-08,7.532482
1988-11-09,5.566789
1988-11-10,7.5094733
1988-11-11,7.824329
1988-11-12,9.645422
1988-11-13,6.1966324
1988-11-14,7.711615
1988-11-15,6.3270144
1988-11-16,8.316884
1988-11-17,18.602201
1988-11-18,14.493416
1988-11-19,11.778645
1988-11-20,13.7720375
1988-11-21,18.57439
1988-11-22,16.89408
1988-11-23,10.65813
1988-11-24,10.551298
1988-11-25,11.558207
1988-11-26,9.900518
1988-11-27,8.691132
1988-11-28,8.209924
1988-11-29,8.514099
1988-11-30,8.026857
1988-12-01,7.149193
1988-12-02,6.8121815
1988-12-03,10.89318
1988-12-04,7.691114
1988-12-05,10.252027
1988-12-06,8.872864
1988-12-07,5.7322764
1988-12-08,5.2114835
1988-12-09,12.572006
1988-12-10,8.762507
1988-12-11,5.418268
1988-12-12,4.777911
1988-12-13,4.712048
1988-12-14,4.5151634
1988-12-15,5.2691913
1988-12-16,4.4462495
1988-12-17,4.1727433
1988-12-18,3.9785814
1988-12-19,4.016004
1988-12-20,3.8077655
1988-12-21,3.7195158
1988-12-22,3.5325189
1988-12-23,4.030068
1988-12-24,3.3629625
1988-12-25,3.6955516
1988-12-26,3.6147695
1988-12-27,3.504253
1988-12-28,3.8161294
1988-12-29,4.1108675
1988-12-30,4.992748
1988-12-31,6.335962
1989-01-01,6.2377224
1989-01-02,4.518952
1989-01-03,5.3736963
1989-01-04,3.951773
1989-01-05,4.764053
1989-01-06,5.8028555
1989-01-07,5.0028796
1989-01-08,3.1155894
1989-01-09,2.7444005
1989-01-10,2.5507834
1989-01-11,2.4944482
1989-01-12,2.5007317
1989-01-13,2.4928143
1989-01-14,2.518366
1989-01-15,3.7289958
1989-01-16,3.4577456
1989-01-17,2.731988
1989-01-18,2.542095
1989-01-19,3.3881216
1989-01-20,4.2637663
1989-01-21,2.7729461
1989-01-22,2.3150811
1989-01-23,2.52014
1989-01-24,2.629507
1989-01-25,2.9898627
1989-01-26,2.2174492
1989-01-27,2.1137514
1989-01-28,2.0612144
1989-01-29,1.9415315
1989-01-30,1.8630426
1989-01-31,1.7412047
1989-02-01,1.7263287
1989-02-02,1.6892651
1989-02-03,1.7465692
1989-02-04,1.9954431
1989-02-05,2.2930174
1989-02-06,1.8086224
1989-02-07,1.5585293
1989-02-08,1.4860845
1989-02-09,1.6617619
1989-02-10,1.4279022
1989-02-11,1.3271586
1989-02-12,1.2788298
1989-02-13,1.2543057
1989-02-14,1.2251674
1989-02-15,1.1863209
1989-02-16,1.1257528
1989-02-17,1.0874416
1989-02-18,1.1489096
1989-02-19,1.0376014
1989-02-20,0.979451
1989-02-21,0.9631815
1989-02-22,1.5925058
1989-02-23,1.6003948
1989-02-24,1.2992383
1989-02-25,1.2125655
1989-02-26,1.6297855
1989-02-27,1.3674332
1989-02-28,1.7859976
1989-03-01,1.2464203
1989-03-02,0.9525656
1989-03-03,0.9260078
1989-03-04,0.97174543
1989-03-05,0.94781977
1989-03-06,1.0513391
1989-03-07,1.3403257
1989-03-08,1.6679953
1989-03-09,1.1597335
1989-03-10,1.0604187
1989-03-11,0.9787267
1989-03-12,1.6965452
1989-03-13,1.044413
1989-03-14,0.5462094
1989-03-15,0.709064
1989-03-16,0.97825927
1989-03-17,0.8241366
1989-03-18,1.2188122
1989-03-19,0.5201442
1989-03-20,0.49521405
1989-03-21,0.46920273
1989-03-22,0.58005387
1989-03-23,0.75255615
1989-03-24,1.143259
1989-03-25,1.1382039
1989-03-26,0.84281975
1989-03-27,1.3403852
1989-03-28,1.2592176
1989-03-29,1.2119855
1989-03-30,2.8468072
1989-03-31,0.7824077
1989-04-01,0.3942841
1989-04-02,0.3653551
1989-04-03,0.39850843
1989-04-04,0.44060868
1989-04-05,0.45249084
1989-04-06,1.1635889
1989-04-07,2.2774475
1989-04-08,2.3586276
1989-04-09,2.0600638
1989-04-10,0.6265022
1989-04-11,1.8889421
1989-04-12,1.9288509
1989-04-13,0.8672394
1989-04-14,0.76537377
1989-04-15,1.2276273
1989-04-16,1.4786484
1989-04-17,1.9872177
1989-04-18,0.7080773
1989-04-19,0.37237182
1989-04-20,0.32790312
1989-04-21,1.0126241
1989-04-22,0.7636254
1989-04-23,1.5592239
1989-04-24,3.1572042
1989-04-25,3.2328918
1989-04-26,1.5839612
1989-04-27,1.5606176
1989-04-28,2.3920043
1989-04-29,1.0680757
1989-04-30,5.8748946
1989-05-01,1.5016015
1989-05-02,5.877997
1989-05-03,6.047447
1989-05-04,1.5888345
1989-05-05,1.381626
1989-05-06,4.2888894
1989-05-07,6.8505554
1989-05-08,11.005343
1989-05-09,5.0450687
1989-05-10,1.7502826
1989-05-11,3.8348522
1989-05-12,4.9562693
1989-05-13,14.329336
1989-05-14,10.733291
1989-05-15,12.515267
1989-05-16,4.9411697
1989-05-17,3.4397917
1989-05-18,2.3710394
1989-05-19,3.0669472
1989-05-20,4.521339
1989-05-21,2.5809593
1989-05-22,2.4223995
1989-05-23,7.238273
1989-05-24,13.778367
1989-05-25,6.9907007
1989-05-26,6.1357403
1989-05-27,10.476563
1989-05-28,10.431709
1989-05-29,25.870092
1989-05-30,12.020352
1989-05-31,9.8926525
1989-06-01,9.677613
1989-06-02,8.0655985
1989-06-03,11.73931
1989-06-04,12.591612
1989-06-05,9.103098
1989-06-06,16.54278
1989-06-07,13.966084
1989-06-08,9.200333
1989-06-09,10.108447
1989-06-10,9.420942
1989-06-11,11.710704
1989-06-12,13.014835
1989-06-13,15.278858
1989-06-14,16.48514
1989-06-15,11.632472
1989-06-16,15.216365
1989-06-17,13.034183
1989-06-18,10.93078
1989-06-19,13.368426
1989-06-20,14.060265
1989-06-21,13.23904
1989-06-22,9.905916
1989-06-23,10.679511
1989-06-24,16.576323
1989-06-25,15.503083
1989-06-26,15.307934
1989-06-27,22.125437
1989-06-28,13.099474
1989-06-29,9.362965
1989-06-30,8.212235
1989-07-01,7.7299156
1989-07-02,9.126897
1989-07-03,7.745558
1989-07-04,10.055462
1989-07-05,9.624989
1989-07-06,9.057354
1989-07-07,9.944531
1989-07-08,8.012579
1989-07-09,10.025912
1989-07-10,7.970563
1989-07-11,6.509905
1989-07-12,7.7106595
1989-07-13,6.482958
1989-07-14,5.925473
1989-07-15,7.5711164
1989-07-16,5.814164
1989-07-17,5.1362715
1989-07-18,8.6124325
1989-07-19,11.051631
1989-07-20,10.63733
1989-07-21,10.044336
1989-07-22,17.486311
1989-07-23,13.424777
1989-07-24,13.37437
1989-07-25,11.407006
1989-07-26,13.516314
1989-07-27,17.651924
1989-07-28,23.119505
1989-07-29,19.67439
1989-07-30,16.726719
1989-07-31,15.019562
1989-08-01,11.613584
1989-08-02,11.193882
1989-08-03,10.208693
1989-08-04,9.298819
1989-08-05,8.759689
1989-08-06,8.627349
1989-08-07,8.456103
1989-08-08,10.38345
1989-08-09,7.953269
1989-08-10,9.449085
1989-08-11,8.645301
1989-08-12,9.623969
1989-08-13,8.3324585
1989-08-14,10.261371
1989-08-15,10.781467
1989-08-16,7.882993
1989-08-17,7.3556986
1989-08-18,6.4849167
1989-08-19,5.518602
1989-08-20,6.1080384
1989-08-21,6.218164
1989-08-22,6.380083
1989-08-23,8.769359
1989-08-24,5.701678
1989-08-25,9.639026
1989-08-26,7.3636146
1989-08-27,7.04662
1989-08-28,7.9343777
1989-08-29,8.079301
1989-08-30,9.561354
1989-08-31,7.4742885
1989-09-01,8.337685
1989-09-02,7.4378767
1989-09-03,7.6562014
1989-09-04,7.806608
1989-09-05,10.462507
1989-09-06,10.031608
1989-09-07,8.60778
1989-09-08,13.726484
1989-09-09,11.106394
1989-09-10,13.681409
1989-09-11,13.325602
1989-09-12,10.763903
1989-09-13,11.391867
1989-09-14,9.077488
1989-09-15,16.06664
1989-09-16,8.900559
1989-09-17,8.925066
1989-09-18,10.285272
1989-09-19,21.026892
1989-09-20,16.384914
1989-09-21,11.057023
1989-09-22,23.54306
1989-09-23,22.667583
1989-09-24,19.181355
1989-09-25,16.866312
1989-09-26,18.158545
1989-09-27,20.620508
1989-09-28,21.78944
1989-09-29,16.327364
1989-09-30,13.471258
1989-10-01,12.768479
1989-10-02,12.665385
1989-10-03,14.414041
1989-10-04,12.464268
1989-10-05,12.425149
1989-10-06,21.912706
1989-10-07,11.683542
1989-10-08,13.852319
1989-10-09,10.851029
1989-10-10,9.230801
1989-10-11,11.25419
1989-10-12,13.251216
1989-10-13,12.959777
1989-10-14,10.904241
1989-10-15,9.768038
1989-10-16,9.177332
1989-10-17,8.900143
1989-10-18,12.22527
1989-10-19,10.36432
1989-10-20,8.008018
1989-10-21,7.7264066
1989-10-22,9.075764
1989-10-23,7.195467
1989-10-24,9.524867
1989-10-25,7.947299
1989-10-26,6.739323
1989-10-27,6.660675
1989-10-28,7.4159913
1989-10-29,7.387187
1989-10-30,8.409243
1989-10-31,14.282733
1989-11-01,15.491977
1989-11-02,24.152496
1989-11-03,15.097483
1989-11-04,14.748665
1989-11-05,15.005317
1989-11-06,11.389985
1989-11-07,9.843396
1989-11-08,9.178487
1989-11-09,9.159648
1989-11-10,7.357993
1989-11-11,6.813437
1989-11-12,7.874959
1989-11-13,7.707612
1989-11-14,10.090435
1989-11-15,6.215836
1989-11-16,5.124324
1989-11-17,4.959443
1989-11-18,6.456444
1989-11-19,7.901569
1989-11-20,5.1883225
1989-11-21,5.861546
1989-11-22,7.441993
1989-11-23,4.5425196
1989-11-24,4.825712
1989-11-25,8.326518
1989-11-26,7.849939
1989-11-27,4.512686
1989-11-28,3.6569393
1989-11-29,4.3262396
1989-11-30,4.386974
1989-12-01,4.2658935
1989-12-02,4.212319
1989-12-03,5.4173775
1989-12-04,5.30386
1989-12-05,5.542135
1989-12-06,4.743035
1989-12-07,4.349218
1989-12-08,3.5089276
1989-12-09,3.2284186
1989-12-10,3.3065546
1989-12-11,4.0258603
1989-12-12,4.6665325
1989-12-13,3.236988
1989-12-14,2.8848426
1989-12-15,2.9634893
1989-12-16,2.9181328
1989-12-17,2.7640631
1989-12-18,2.669304
1989-12-19,2.729565
1989-12-20,2.6267207
1989-12-21,2.564169
1989-12-22,2.5567703
1989-12-23,2.5554903
1989-12-24,2.623617
1989-12-25,3.333017
1989-12-26,3.1480896
1989-12-27,2.570442
1989-12-28,2.4522028
1989-12-29,2.1006196
1989-12-30,2.0178814
1989-12-31,2.0540993
1990-01-01,2.1161015
1990-01-02,2.2392933
1990-01-03,2.0572433
1990-01-04,2.0571032
1990-01-05,2.0484605
1990-01-06,2.5576513
1990-01-07,2.5395029
1990-01-08,2.584767
1990-01-09,3.8320682
1990-01-10,2.3108556
1990-01-11,1.6520777
1990-01-12,1.5433131
1990-01-13,1.9086188
1990-01-14,3.290767
1990-01-15,1.7950475
1990-01-16,1.7413591
1990-01-17,1.5342716
1990-01-18,1.662191
1990-01-19,1.549171
1990-01-20,1.7601447
1990-01-21,1.7037886
1990-01-22,1.821785
1990-01-23,2.6982532
1990-01-24,1.6177568
1990-01-25,1.4658669
1990-01-26,1.1970404
1990-01-27,2.3736215
1990-01-28,1.2841438
1990-01-29,1.6740948
1990-01-30,1.2846729
1990-01-31,1.4125614
1990-02-01,1.1373147
1990-02-02,1.0259641
1990-02-03,1.0021423
1990-02-04,1.2898564
1990-02-05,1.5466924
1990-02-06,2.8965096
1990-02-07,1.5588652
1990-02-08,1.3438526
1990-02-09,1.2224466
1990-02-10,1.0555186
1990-02-11,0.98717797
1990-02-12,0.91257805
1990-02-13,0.86158234
1990-02-14,1.0034376
1990-02-15,1.1096451
1990-02-16,0.9271958
1990-02-17,0.8809373
1990-02-18,0.87776077
1990-02-19,0.8321811
1990-02-20,0.8410223
1990-02-21,0.8852568
1990-02-22,0.82162005
1990-02-23,0.8664731
1990-02-24,0.79453415
1990-02-25,0.82586235
1990-02-26,0.6710136
1990-02-27,0.6862188
1990-02-28,0.62734634
1990-03-01,0.6452213
1990-03-02,0.66494197
1990-03-03,0.67196625
1990-03-04,0.6540678
1990-03-05,0.6082281
1990-03-06,0.57209146
1990-03-07,0.77895415
1990-03-08,0.81521803
1990-03-09,0.7008766
1990-03-10,0.8983881
1990-03-11,0.65104
1990-03-12,0.4799149
1990-03-13,0.46819532
1990-03-14,0.53865457
1990-03-15,0.7681021
1990-03-16,0.9474638
1990-03-17,0.6103996
1990-03-18,0.7228904
1990-03-19,1.0159783
1990-03-20,0.87226874
1990-03-21,0.70963657
1990-03-22,1.2999989
1990-03-23,1.2709783
1990-03-24,1.2867737
1990-03-25,4.796639
1990-03-26,2.528993
1990-03-27,2.0301523
1990-03-28,0.7781982
1990-03-29,0.45363894
1990-03-30,0.21224377
1990-03-31,0.14401889
1990-04-01,0.17817508
1990-04-02,0.2574565
1990-04-03,0.28763574
1990-04-04,0.23631984
1990-04-05,0.2816873
1990-04-06,1.281583
1990-04-07,0.9957871
1990-04-08,1.7464712
1990-04-09,0.95491606
1990-04-10,0.55222154
1990-04-11,0.29175127
1990-04-12,0.40837833
1990-04-13,1.1278242
1990-04-14,1.0826573
1990-04-15,2.4527788
1990-04-16,4.1727057
1990-04-17,2.347384
1990-04-18,3.5211341
1990-04-19,0.89970326
1990-04-20,0.7615429
1990-04-21,5.1573915
1990-04-22,3.7801056
1990-04-23,2.67174
1990-04-24,1.3126186
1990-04-25,3.1971433
1990-04-26,2.2527823
1990-04-27,2.3067863
1990-04-28,3.9891796
1990-04-29,7.6861186
1990-04-30,5.747581
1990-05-01,8.453931
1990-05-02,4.7372456
1990-05-03,4.583429
1990-05-04,3.0193832
1990-05-05,2.1608863
1990-05-06,4.525201
1990-05-07,1.2920372
1990-05-08,5.0682306
1990-05-09,14.174121
1990-05-10,5.5688996
1990-05-11,5.0517898
1990-05-12,2.6633673
1990-05-13,3.8824196
1990-05-14,1.4796524
1990-05-15,5.035162
1990-05-16,1.6221962
1990-05-17,1.2480575
1990-05-18,2.529053
1990-05-19,4.624653
1990-05-20,1.9613429
1990-05-21,5.700009
1990-05-22,10.164515
1990-05-23,5.170037
1990-05-24,4.4039493
1990-05-25,7.722137
1990-05-26,5.9082437
1990-05-27,6.201699
1990-05-28,10.269508
1990-05-29,10.399897
1990-05-30,5.650836
1990-05-31,7.7770357
1990-06-01,6.222401
1990-06-02,12.650567
1990-06-03,8.007034
1990-06-04,5.9710264
1990-06-05,5.745251
1990-06-06,6.7540884
1990-06-07,5.578095
1990-06-08,5.635145
1990-06-09,9.012284
1990-06-10,14.887925
1990-06-11,15.2782345
1990-06-12,11.195805
1990-06-13,8.6904125
1990-06-14,8.732076
1990-06-15,16.745247
1990-06-16,17.274994
1990-06-17,19.102694
1990-06-18,17.25168
1990-06-19,13.646598
1990-06-20,14.5517845
1990-06-21,13.272015
1990-06-22,14.114869
1990-06-23,11.123018
1990-06-24,13.335986
1990-06-25,15.794116
1990-06-26,15.468454
1990-06-27,11.964174
1990-06-28,13.022534
1990-06-29,10.672857
1990-06-30,8.84783
1990-07-01,13.89785
1990-07-02,10.441267
1990-07-03,9.778439
1990-07-04,8.372768
1990-07-05,8.475322
1990-07-06,8.411455
1990-07-07,9.124438
1990-07-08,7.4755526
1990-07-09,7.3997846
1990-07-10,8.107206
1990-07-11,8.820424
1990-07-12,7.5506635
1990-07-13,6.7303615
1990-07-14,11.500821
1990-07-15,12.079101
1990-07-16,13.274273
1990-07-17,13.097538
1990-07-18,10.15431
1990-07-19,10.440412
1990-07-20,10.071097
1990-07-21,9.414991
1990-07-22,8.008491
1990-07-23,8.827425
1990-07-24,11.920524
1990-07-25,7.8539643
1990-07-26,8.107904
1990-07-27,8.334645
1990-07-28,11.012311
1990-07-29,8.470972
1990-07-30,11.434414
1990-07-31,7.400159
1990-08-01,7.320927
1990-08-02,6.825374
1990-08-03,7.7588754
1990-08-04,11.119653
1990-08-05,6.54866
1990-08-06,8.574656
1990-08-07,7.6245394
1990-08-08,10.482333
1990-08-09,9.19539
1990-08-10,6.419674
1990-08-11,9.291335
1990-08-12,6.3337593
1990-08-13,8.545623
1990-08-14,9.002271
1990-08-15,10.678419
1990-08-16,11.391656
1990-08-17,14.436881
1990-08-18,8.708577
1990-08-19,9.11937
1990-08-20,7.837758
1990-08-21,10.679771
1990-08-22,12.419549
1990-08-23,8.660936
1990-08-24,9.108998
1990-08-25,10.721561
1990-08-26,11.039559
1990-08-27,10.928181
1990-08-28,10.163164
1990-08-29,12.984574
1990-08-30,7.7791414
1990-08-31,8.271545
1990-09-01,6.2275133
1990-09-02,6.7181096
1990-09-03,7.005135
1990-09-04,8.821694
1990-09-05,6.0405254
1990-09-06,5.323743
1990-09-07,6.361656
1990-09-08,5.785998
1990-09-09,6.211255
1990-09-10,6.7000675
1990-09-11,6.4277806
1990-09-12,6.81302
1990-09-13,6.46865
1990-09-14,5.4586596
1990-09-15,6.7934766
1990-09-16,7.5087185
1990-09-17,7.2168345
1990-09-18,5.5723443
1990-09-19,5.301965
1990-09-20,5.411265
1990-09-21,5.107413
1990-09-22,7.8113403
1990-09-23,6.921656
1990-09-24,7.9147315
1990-09-25,6.4994197
1990-09-26,8.110598
1990-09-27,5.3938756
1990-09-28,11.357653
1990-09-29,6.8170066
1990-09-30,8.953791
1990-10-01,10.676163
1990-10-02,8.463042
1990-10-03,12.488838
1990-10-04,10.647776
1990-10-05,9.292024
1990-10-06,8.452509
1990-10-07,15.133385
1990-10-08,11.375946
1990-10-09,13.767882
1990-10-10,10.239002
1990-10-11,10.448629
1990-10-12,16.507425
1990-10-13,11.284452
1990-10-14,15.528376
1990-10-15,12.825503
1990-10-16,13.0540695
1990-10-17,11.00225
1990-10-18,12.1269455
1990-10-19,12.4491205
1990-10-20,12.668647
1990-10-21,12.117041
1990-10-22,12.682851
1990-10-23,12.884199
1990-10-24,14.688233
1990-10-25,11.368223
1990-10-26,11.335178
1990-10-27,13.29036
1990-10-28,14.341702
1990-10-29,16.77778
1990-10-30,15.905127
1990-10-31,10.815574
1990-11-01,14.481287
1990-11-02,16.042673
1990-11-03,12.543076
1990-11-04,13.550854
1990-11-05,17.900402
1990-11-06,14.905724
1990-11-07,13.951331
1990-11-08,13.701648
1990-11-09,13.77075
1990-11-10,12.975954
1990-11-11,12.331953
1990-11-12,12.153253
1990-11-13,9.85223
1990-11-14,10.08665
1990-11-15,13.919922
1990-11-16,9.569187
1990-11-17,8.573824
1990-11-18,10.057548
1990-11-19,9.978657
1990-11-20,7.6884565
1990-11-21,8.21055
1990-11-22,8.025232
1990-11-23,8.890893
1990-11-24,7.3586874
1990-11-25,6.8775682
1990-11-26,6.4515066
1990-11-27,7.583005
1990-11-28,8.892682
1990-11-29,6.021503
1990-11-30,9.773064
1990-12-01,6.4441113
1990-12-02,5.6201096
1990-12-03,7.8867936
1990-12-04,6.338403
1990-12-05,6.751172
1990-12-06,7.532287
1990-12-07,6.4111423
1990-12-08,5.5904975
1990-12-09,8.9824505
1990-12-10,6.7698784
1990-12-11,5.208884
1990-12-12,4.6368303
1990-12-13,4.559651
1990-12-14,4.4205685
1990-12-15,4.723456
1990-12-16,4.2423973
1990-12-17,4.613683
1990-12-18,5.6323705
1990-12-19,4.524499
1990-12-20,4.0023255
1990-12-21,3.870144
1990-12-22,3.7493448
1990-12-23,3.4724767
1990-12-24,3.434792
1990-12-25,4.1917667
1990-12-26,3.3690739
1990-12-27,3.253759
1990-12-28,3.0721915
1990-12-29,3.1266718
1990-12-30,3.353959
1990-12-31,3.0913262
1991-01-01,3.0265803
1991-01-02,4.5852294
1991-01-03,2.9741411
1991-01-04,2.7361562
1991-01-05,2.674198
1991-01-06,2.51864
1991-01-07,2.9446955
1991-01-08,2.6160743
1991-01-09,2.5272045
1991-01-10,2.0871048
1991-01-11,2.1989067
1991-01-12,2.0486908
1991-01-13,1.8452904
1991-01-14,1.8579206
1991-01-15,1.7050854
1991-01-16,1.6967957
1991-01-17,1.7497089
1991-01-18,1.7465163
1991-01-19,1.4607637
1991-01-20,1.4576099
1991-01-21,1.4283464
1991-01-22,1.3688496
1991-01-23,1.2638942
1991-01-24,1.2108729
1991-01-25,1.1690577
1991-01-26,1.1272974
1991-01-27,1.0874985
1991-01-28,1.0484039
1991-01-29,1.0137646
1991-01-30,0.98531824
1991-01-31,0.9456836
1991-02-01,0.92682624
1991-02-02,0.8967343
1991-02-03,0.8634795
1991-02-04,0.88482577
1991-02-05,0.8226048
1991-02-06,0.90002596
1991-02-07,0.79140836
1991-02-08,0.74167424
1991-02-09,0.9054252
1991-02-10,0.8247562
1991-02-11,0.7450198
1991-02-12,0.8828222
1991-02-13,2.442339
1991-02-14,1.068568
1991-02-15,0.6827236
1991-02-16,0.6560534
1991-02-17,0.82097256
1991-02-18,0.7037309
1991-02-19,0.68916947
1991-02-20,0.6211303
1991-02-21,0.53103715
1991-02-22,0.49937057
1991-02-23,0.57520366
1991-02-24,0.6831761
1991-02-25,0.5032996
1991-02-26,1.0342848
1991-02-27,1.5238342
1991-02-28,0.8631348
1991-03-01,1.3773351
1991-03-02,1.1246338
1991-03-03,0.6177699
1991-03-04,0.8176665
1991-03-05,2.4355013
1991-03-06,1.8389738
1991-03-07,0.37039998
1991-03-08,0.49408388
1991-03-09,1.0785627
1991-03-10,1.9712411
1991-03-11,1.0285419
1991-03-12,0.48031545
1991-03-13,1.2188288
1991-03-14,0.8664308
1991-03-15,1.4111668
1991-03-16,0.61040056
1991-03-17,1.6364572
1991-03-18,0.55734336
1991-03-19,0.20063052
1991-03-20,0.1061754
1991-03-21,0.039943945
1991-03-22,0.00424751
1991-03-23,2.006365e-06
1991-03-24,0.1703209
1991-03-25,0.34575745
1991-03-26,0.09891989
1991-03-27,1.1048186
1991-03-28,0.51825696
1991-03-29,0.27337608
1991-03-30,0.32491583
1991-03-31,0.8708946
1991-04-01,0.60400045
1991-04-02,0.28327897
1991-04-03,0.085848734
1991-04-04,0.06105174
1991-04-05,0.09580157
1991-04-06,0.24190877
1991-04-07,1.2101042
1991-04-08,1.3386762
1991-04-09,3.4286315
1991-04-10,0.9775273
1991-04-11,4.5584044
1991-04-12,2.772956
1991-04-13,2.1663465
1991-04-14,1.1829383
1991-04-15,0.90238386
1991-04-16,2.0580559
1991-04-17,0.71433425
1991-04-18,0.49186224
1991-04-19,0.6517691
1991-04-20,0.9727715
1991-04-21,2.678583
1991-04-22,1.1465987
1991-04-23,4.138118
1991-04-24,4.183468
1991-04-25,1.7260232
1991-04-26,0.4925091
1991-04-27,2.7641628
1991-04-28,0.8115093
1991-04-29,1.1626343
1991-04-30,1.2737901
1991-05-01,1.4585847
1991-05-02,2.2375226
1991-05-03,1.8742001
1991-05-04,6.334999
1991-05-05,8.450276
1991-05-06,4.274858
1991-05-07,5.291499
1991-05-08,5.656495
1991-05-09,3.710204
1991-05-10,1.0746416
1991-05-11,5.742727
1991-05-12,9.455602
1991-05-13,10.67865
1991-05-14,4.5052257
1991-05-15,11.879764
1991-05-16,5.384477
1991-05-17,3.302972
1991-05-18,4.596955
1991-05-19,7.9867053
1991-05-20,2.5117586
1991-05-21,3.3657258
1991-05-22,4.758919
1991-05-23,4.912952
1991-05-24,5.307208
1991-05-25,5.2963734
1991-05-26,2.2282472
1991-05-27,3.4039106
1991-05-28,10.2839
1991-05-29,3.6921551
1991-05-30,3.0055807
1991-05-31,8.451368
1991-06-01,6.6085224
1991-06-02,6.9660845
1991-06-03,5.1899753
1991-06-04,4.1649795
1991-06-05,3.894338
1991-06-06,4.9371586
1991-06-07,7.431701
1991-06-08,4.387572
1991-06-09,5.2043476
1991-06-10,4.9446697
1991-06-11,4.658281
1991-06-12,3.9836392
1991-06-13,5.3062196
1991-06-14,6.534191
1991-06-15,13.87008
1991-06-16,8.43433
1991-06-17,17.059412
1991-06-18,15.614305
1991-06-19,14.932501
1991-06-20,13.537676
1991-06-21,17.589262
1991-06-22,19.431135
1991-06-23,32.418682
1991-06-24,17.008041
1991-06-25,12.4489975
1991-06-26,11.415781
1991-06-27,12.889684
1991-06-28,13.822103
1991-06-29,12.665533
1991-06-30,12.609607
1991-07-01,14.112094
1991-07-02,14.157705
1991-07-03,8.868447
1991-07-04,7.7534647
1991-07-05,12.316474
1991-07-06,9.735518
1991-07-07,13.99902
1991-07-08,11.933348
1991-07-09,11.838675
1991-07-10,11.081314
1991-07-11,10.046945
1991-07-12,13.153583
1991-07-13,10.33232
1991-07-14,10.522952
1991-07-15,9.007
1991-07-16,9.718949
1991-07-17,9.774569
1991-07-18,10.5866375
1991-07-19,11.090987
1991-07-20,7.628761
1991-07-21,9.692605
1991-07-22,9.2610445
1991-07-23,8.957517
1991-07-24,7.0874166
1991-07-25,10.7653475
1991-07-26,9.12762
1991-07-27,7.14635
1991-07-28,8.22391
1991-07-29,9.029698
1991-07-30,7.202128
1991-07-31,13.71617
1991-08-01,12.648826
1991-08-02,12.720202
1991-08-03,11.38728
1991-08-04,12.314027
1991-08-05,12.1179
1991-08-06,11.476422
1991-08-07,14.0430155
1991-08-08,10.9615555
1991-08-09,16.3231
1991-08-10,14.237028
1991-08-11,9.990291
1991-08-12,9.186667
1991-08-13,15.63005
1991-08-14,12.175088
1991-08-15,8.452019
1991-08-16,9.93929
1991-08-17,8.381675
1991-08-18,8.156975
1991-08-19,9.625913
1991-08-20,15.9503355
1991-08-21,11.494853
1991-08-22,8.2216015
1991-08-23,8.527516
1991-08-24,7.9544764
1991-08-25,9.371906
1991-08-26,8.232393
1991-08-27,6.353091
1991-08-28,6.225897
1991-08-29,6.5549397
1991-08-30,6.712824
1991-08-31,5.6082835
1991-09-01,8.527453
1991-09-02,6.8014827
1991-09-03,5.213804
1991-09-04,7.5281863
1991-09-05,7.6883206
1991-09-06,6.2382665
1991-09-07,7.4764524
1991-09-08,4.892055
1991-09-09,6.1747518
1991-09-10,7.4872713
1991-09-11,7.853688
1991-09-12,4.150487
1991-09-13,4.2027674
1991-09-14,4.532082
1991-09-15,4.189089
1991-09-16,6.812651
1991-09-17,8.943211
1991-09-18,6.058175
1991-09-19,10.84137
1991-09-20,8.786007
1991-09-21,7.266496
1991-09-22,4.6431203
1991-09-23,6.8184295
1991-09-24,8.443429
1991-09-25,12.391098
1991-09-26,10.270145
1991-09-27,11.426001
1991-09-28,11.59232
1991-09-29,14.705613
1991-09-30,9.077201
1991-10-01,8.594058
1991-10-02,9.33267
1991-10-03,7.5575542
1991-10-04,11.485296
1991-10-05,9.297883
1991-10-06,8.001931
1991-10-07,14.5872555
1991-10-08,8.372267
1991-10-09,6.7201486
1991-10-10,12.39796
1991-10-11,10.037599
1991-10-12,8.200402
1991-10-13,10.424465
1991-10-14,7.811198
1991-10-15,10.969677
1991-10-16,12.112306
1991-10-17,11.488358
1991-10-18,9.151612
1991-10-19,16.465425
1991-10-20,50.611572
1991-10-21,18.888226
1991-10-22,10.8799095
1991-10-23,12.323711
1991-10-24,8.856344
1991-10-25,8.788012
1991-10-26,7.676914
1991-10-27,8.209066
1991-10-28,8.134954
1991-10-29,8.735238
1991-10-30,8.673017
1991-10-31,9.272451
1991-11-01,8.86826
1991-11-02,8.137759
1991-11-03,9.421797
1991-11-04,8.764432
1991-11-05,6.6989455
1991-11-06,5.7773476
1991-11-07,5.389058
1991-11-08,6.9270234
1991-11-09,9.330612
1991-11-10,8.38957
1991-11-11,7.02182
1991-11-12,7.4504695
1991-11-13,5.209361
1991-11-14,5.3471427
1991-11-15,10.429075
1991-11-16,5.3827763
1991-11-17,4.020453
1991-11-18,4.0533094
1991-11-19,4.073562
1991-11-20,5.418611
1991-11-21,4.047913
1991-11-22,6.623693
1991-11-23,5.651275
1991-11-24,5.255239
1991-11-25,5.922693
1991-11-26,5.0240903
1991-11-27,9.792724
1991-11-28,4.8562994
1991-11-29,8.73977
1991-11-30,8.15932
1991-12-01,6.915238
1991-12-02,5.455769
1991-12-03,6.8316154
1991-12-04,8.343372
1991-12-05,7.328591
1991-12-06,5.6201224
1991-12-07,5.6062207
1991-12-08,5.2717857
1991-12-09,5.3143396
1991-12-10,6.7734847
1991-12-11,5.667083
1991-12-12,4.823177
1991-12-13,5.0935593
1991-12-14,4.5627046
1991-12-15,4.4229994
1991-12-16,4.3149304
1991-12-17,4.1453986
1991-12-18,6.7515936
1991-12-19,4.99266
1991-12-20,3.8562832
1991-12-21,3.70582
1991-12-22,3.6083815
1991-12-23,3.3230207
1991-12-24,3.180067
1991-12-25,3.120607
1991-12-26,3.087573
1991-12-27,3.0888631
1991-12-28,3.042041
1991-12-29,2.8922389
1991-12-30,3.4146621
1991-12-31,4.1588573
1992-01-01,2.9709187
1992-01-02,2.6193445
1992-01-03,2.477516
1992-01-04,2.4015987
1992-01-05,2.4982464
1992-01-06,2.285218
1992-01-07,2.8812206
1992-01-08,3.4638033
1992-01-09,2.4596696
1992-01-10,2.189826
1992-01-11,2.0288568
1992-01-12,2.0545871
1992-01-13,1.8779575
1992-01-14,1.8268783
1992-01-15,1.8186178
1992-01-16,1.794664
1992-01-17,1.6963129
1992-01-18,1.6215726
1992-01-19,1.5387425
1992-01-20,1.4963359
1992-01-21,1.5026854
1992-01-22,1.4986084
1992-01-23,1.5555394
1992-01-24,1.8086219
1992-01-25,2.0821116
1992-01-26,2.022069
1992-01-27,1.4038401
1992-01-28,1.3365036
1992-01-29,1.2333674
1992-01-30,1.380648
1992-01-31,1.1682507
1992-02-01,1.1667113
1992-02-02,1.3106551
1992-02-03,1.1666777
1992-02-04,1.061172
1992-02-05,1.049814
1992-02-06,0.971554
1992-02-07,1.0870705
1992-02-08,0.94578254
1992-02-09,0.94770086
1992-02-10,1.604593
1992-02-11,1.1663353
1992-02-12,1.1434693
1992-02-13,1.0167037
1992-02-14,0.93564737
1992-02-15,0.81545675
1992-02-16,0.76826316
1992-02-17,0.92118496
1992-02-18,0.8245822
1992-02-19,0.78872305
1992-02-20,0.81826216
1992-02-21,0.8932088
1992-02-22,0.9141987
1992-02-23,0.7881226
1992-02-24,0.68269706
1992-02-25,0.67242444
1992-02-26,0.64881223
1992-02-27,0.6737534
1992-02-28,0.77931523
1992-02-29,0.8554961
1992-03-01,0.8647186
1992-03-02,1.119128
1992-03-03,0.9850029
1992-03-04,0.8613322
1992-03-05,0.8468499
1992-03-06,0.5310507
1992-03-07,0.5150593
1992-03-08,0.92980397
1992-03-09,1.0391903
1992-03-10,0.7696411
1992-03-11,0.48976228
1992-03-12,0.40716663
1992-03-13,0.32747635
1992-03-14,0.4376576
1992-03-15,1.0220022
1992-03-16,0.90197617
1992-03-17,0.48932493
1992-03-18,0.28595212
1992-03-19,0.09417322
1992-03-20,0.024318349
1992-03-21,0.034264877
1992-03-22,0.57697487
1992-03-23,0.14221963
1992-03-24,0.054632146
1992-03-25,0.037055377
1992-03-26,0.0551085
1992-03-27,0.0687634
1992-03-28,0.26577303
1992-03-29,0.16355446
1992-03-30,0.18417628
1992-03-31,1.0767007
1992-04-01,0.8510325
1992-04-02,0.490758
1992-04-03,0.28005633
1992-04-04,0.08791811
1992-04-05,0.15382852
1992-04-06,0.15754122
1992-04-07,0.18546858
1992-04-08,0.49220577
1992-04-09,0.1959228
1992-04-10,0.17693198
1992-04-11,0.06771388
1992-04-12,0.8312803
1992-04-13,1.7600794
1992-04-14,3.2744565
1992-04-15,1.362802
1992-04-16,2.5244477
1992-04-17,5.9830384
1992-04-18,2.1881685
1992-04-19,2.0660303
1992-04-20,2.4127486
1992-04-21,0.5466183
1992-04-22,0.36854464
1992-04-23,2.0504289
1992-04-24,1.1368188
1992-04-25,2.5284197
1992-04-26,1.7170235
1992-04-27,6.3676977
1992-04-28,5.208224
1992-04-29,17.558794
1992-04-30,6.200034
1992-05-01,4.449568
1992-05-02,2.871389
1992-05-03,3.8812244
1992-05-04,2.2581692
1992-05-05,0.68029875
1992-05-06,2.6411066
1992-05-07,5.7879605
1992-05-08,6.724448
1992-05-09,3.9196162
1992-05-10,3.2346587
1992-05-11,1.581433
1992-05-12,1.6318549
1992-05-13,2.472831
1992-05-14,5.4320765
1992-05-15,12.380084
1992-05-16,3.2400122
1992-05-17,13.67853
1992-05-18,10.825101
1992-05-19,8.73416
1992-05-20,6.2419896
1992-05-21,18.59263
1992-05-22,9.684448
1992-05-23,12.623554
1992-05-24,17.791332
1992-05-25,8.861803
1992-05-26,8.633283
1992-05-27,11.09785
1992-05-28,11.404379
1992-05-29,9.939774
1992-05-30,7.479705
1992-05-31,10.47373
1992-06-01,8.418537
1992-06-02,7.3354874
1992-06-03,8.186092
1992-06-04,11.517726
1992-06-05,8.501547
1992-06-06,8.279388
1992-06-07,8.660126
1992-06-08,9.395614
1992-06-09,7.931555
1992-06-10,7.5034266
1992-06-11,9.603439
1992-06-12,8.759916
1992-06-13,7.5372815
1992-06-14,6.601973
1992-06-15,5.439679
1992-06-16,6.0085816
1992-06-17,5.802144
1992-06-18,9.057346
1992-06-19,13.708851
1992-06-20,8.069205
1992-06-21,11.269363
1992-06-22,7.5751038
1992-06-23,6.395961
1992-06-24,6.881883
1992-06-25,7.5681734
1992-06-26,6.7041817
1992-06-27,14.3765955
1992-06-28,12.735213
1992-06-29,9.450651
1992-06-30,8.478344
1992-07-01,7.388878
1992-07-02,6.7692013
1992-07-03,7.04567
1992-07-04,10.153097
1992-07-05,25.128922
1992-07-06,12.437143
1992-07-07,10.373134
1992-07-08,11.087087
1992-07-09,8.973111
1992-07-10,10.789783
1992-07-11,10.106678
1992-07-12,9.2130785
1992-07-13,11.146787
1992-07-14,13.46041
1992-07-15,7.950983
1992-07-16,6.4386053
1992-07-17,7.0350375
1992-07-18,6.288259
1992-07-19,5.8201275
1992-07-20,5.4864
1992-07-21,6.947987
1992-07-22,11.983026
1992-07-23,8.415159
1992-07-24,5.073337
1992-07-25,4.943581
1992-07-26,6.1521516
1992-07-27,13.093045
1992-07-28,7.9769597
1992-07-29,7.366015
1992-07-30,11.667755
1992-07-31,7.351344
1992-08-01,18.368822
1992-08-02,10.797005
1992-08-03,10.013049
1992-08-04,9.814035
1992-08-05,10.418828
1992-08-06,11.01068
1992-08-07,9.667093
1992-08-08,10.263785
1992-08-09,10.852518
1992-08-10,9.31985
1992-08-11,12.375559
1992-08-12,15.971172
1992-08-13,10.290326
1992-08-14,11.019305
1992-08-15,15.170216
1992-08-16,14.512764
1992-08-17,17.158648
1992-08-18,12.728453
1992-08-19,11.0302105
1992-08-20,11.971198
1992-08-21,10.591848
1992-08-22,9.120477
1992-08-23,9.093178
1992-08-24,9.606758
1992-08-25,9.408995
1992-08-26,8.317945
1992-08-27,11.98343
1992-08-28,15.411582
1992-08-29,12.675542
1992-08-30,12.58583
1992-08-31,10.690768
1992-09-01,7.737367
1992-09-02,9.751556
1992-09-03,7.4896345
1992-09-04,6.4906244
1992-09-05,7.7617064
1992-09-06,6.180123
1992-09-07,10.441828
1992-09-08,8.835954
1992-09-09,12.291357
1992-09-10,12.334116
1992-09-11,8.075876
1992-09-12,8.083919
1992-09-13,8.308912
1992-09-14,7.9607205
1992-09-15,12.453622
1992-09-16,17.04614
1992-09-17,18.260532
1992-09-18,12.020615
1992-09-19,13.660821
1992-09-20,9.850313
1992-09-21,13.599954
1992-09-22,15.211903
1992-09-23,12.555811
1992-09-24,12.366993
1992-09-25,18.897583
1992-09-26,13.313333
1992-09-27,11.960738
1992-09-28,19.270243
1992-09-29,14.925621
1992-09-30,12.174534
1992-10-01,17.762362
1992-10-02,11.256636
1992-10-03,10.689346
1992-10-04,13.435679
1992-10-05,12.18717
1992-10-06,11.242722
1992-10-07,14.234176
1992-10-08,12.087474
1992-10-09,13.162592
1992-10-10,12.416113
1992-10-11,10.179887
1992-10-12,13.028876
1992-10-13,13.043954
1992-10-14,8.563667
1992-10-15,8.048122
1992-10-16,7.747305
1992-10-17,9.565572
1992-10-18,10.921202
1992-10-19,12.679826
1992-10-20,11.528869
1992-10-21,9.239335
1992-10-22,12.264813
1992-10-23,13.606288
1992-10-24,15.041144
1992-10-25,10.899572
1992-10-26,10.398891
1992-10-27,19.111269
1992-10-28,10.714899
1992-10-29,15.44504
1992-10-30,10.823311
1992-10-31,10.742747
1992-11-01,9.122631
1992-11-02,10.369349
1992-11-03,9.345107
1992-11-04,7.9516845
1992-11-05,8.171973
1992-11-06,8.949384
1992-11-07,7.398184
1992-11-08,8.609276
1992-11-09,6.769958
1992-11-10,6.4181957
1992-11-11,9.700951
1992-11-12,14.302593
1992-11-13,7.738569
1992-11-14,6.0406
1992-11-15,6.0458627
1992-11-16,5.814901
1992-11-17,4.9964476
1992-11-18,5.34645
1992-11-19,4.8128624
1992-11-20,4.44358
1992-11-21,4.3821325
1992-11-22,5.9259243
1992-11-23,8.682577
1992-11-24,7.144409
1992-11-25,6.7327037
1992-11-26,6.421266
1992-11-27,5.275546
1992-11-28,6.0902395
1992-11-29,10.198843
1992-11-30,5.040672
1992-12-01,6.7917047
1992-12-02,7.7310224
1992-12-03,5.3037434
1992-12-04,5.263965
1992-12-05,6.803359
1992-12-06,5.639065
1992-12-07,6.728194
1992-12-08,4.7535396
1992-12-09,4.8249063
1992-12-10,4.0849986
1992-12-11,5.5674024
1992-12-12,6.2475553
1992-12-13,4.1756053
1992-12-14,4.166888
1992-12-15,3.7618182
1992-12-16,4.023067
1992-12-17,4.46289
1992-12-18,4.0861907
1992-12-19,4.0872245
1992-12-20,3.6029923
1992-12-21,3.5703993
1992-12-22,3.353483
1992-12-23,3.184344
1992-12-24,3.220786
1992-12-25,3.5120132
1992-12-26,3.1932497
1992-12-27,3.2497518
1992-12-28,3.1554596
1992-12-29,2.9560456
1992-12-30,3.4366558
1992-12-31,2.9842012
1993-01-01,2.601461
1993-01-02,2.765653
1993-01-03,2.4963105
1993-01-04,2.871371
1993-01-05,3.5762703
1993-01-06,3.0657535
1993-01-07,4.106632
1993-01-08,4.088672
1993-01-09,2.6308622
1993-01-10,2.1356828
1993-01-11,2.1218204
1993-01-12,2.3087528
1993-01-13,2.0362923
1993-01-14,1.8868309
1993-01-15,1.8821952
1993-01-16,1.8852489
1993-01-17,1.9138153
1993-01-18,4.6322465
1993-01-19,2.7788527
1993-01-20,2.5371974
1993-01-21,1.9148905
1993-01-22,1.7144597
1993-01-23,1.7960025
1993-01-24,1.9152113
1993-01-25,2.0617027
1993-01-26,2.0393696
1993-01-27,1.7068807
1993-01-28,1.873477
1993-01-29,2.4650793
1993-01-30,1.751138
1993-01-31,1.5588244
1993-02-01,2.034638
1993-02-02,1.3528658
1993-02-03,1.3730241
1993-02-04,1.3151613
1993-02-05,1.2471894
1993-02-06,1.3353612
1993-02-07,2.0944383
1993-02-08,1.7400223
1993-02-09,1.764877
1993-02-10,1.8876734
1993-02-11,1.2688785
1993-02-12,1.0685021
1993-02-13,1.0638995
1993-02-14,1.0699179
1993-02-15,1.0959533
1993-02-16,0.9927846
1993-02-17,0.9172404
1993-02-18,0.94580024
1993-02-19,0.97457665
1993-02-20,1.0632007
1993-02-21,1.0205897
1993-02-22,0.8069455
1993-02-23,0.74054855
1993-02-24,0.83836585
1993-02-25,0.8170329
1993-02-26,0.77914655
1993-02-27,0.7970126
1993-02-28,0.832586
1993-03-01,0.8902471
1993-03-02,1.8510283
1993-03-03,1.2521251
1993-03-04,0.7002055
1993-03-05,0.61226434
1993-03-06,0.6721534
1993-03-07,1.7883958
1993-03-08,0.80527973
1993-03-09,0.48738745
1993-03-10,0.6848962
1993-03-11,0.8076698
1993-03-12,0.94888407
1993-03-13,0.4247072
1993-03-14,1.4427513
1993-03-15,1.6385534
1993-03-16,1.12797
1993-03-17,0.5877572
1993-03-18,2.193614
1993-03-19,2.6378863
1993-03-20,0.7760931
1993-03-21,0.9313466
1993-03-22,1.1654465
1993-03-23,1.9540017
1993-03-24,6.428448
1993-03-25,2.2327576
1993-03-26,3.9643867
1993-03-27,5.6744804
1993-03-28,3.3981538
1993-03-29,3.993046
1993-03-30,1.2911937
1993-03-31,0.97120327
1993-04-01,0.8449422
1993-04-02,1.9975977
1993-04-03,0.817632
1993-04-04,0.46306005
1993-04-05,0.7578952
1993-04-06,1.403283
1993-04-07,0.89228934
1993-04-08,4.9203773
1993-04-09,1.3426174
1993-04-10,1.3460119
1993-04-11,0.9415231
1993-04-12,7.1449485
1993-04-13,2.8584826
1993-04-14,7.168731
1993-04-15,1.897864
1993-04-16,0.6915983
1993-04-17,0.7218332
1993-04-18,1.1004506
1993-04-19,0.52571803
1993-04-20,0.3945213
1993-04-21,1.458677
1993-04-22,1.4078267
1993-04-23,1.4131182
1993-04-24,4.0925775
1993-04-25,1.9462166
1993-04-26,4.515602
1993-04-27,10.1827545
1993-04-28,2.1627407
1993-04-29,1.2116643
1993-04-30,4.060233
1993-05-01,1.8708235
1993-05-02,5.346059
1993-05-03,3.9703581
1993-05-04,3.8785882
1993-05-05,3.8611004
1993-05-06,2.6909735
1993-05-07,1.4117708
1993-05-08,2.9157434
1993-05-09,5.748513
1993-05-10,12.958587
1993-05-11,17.483135
1993-05-12,5.225081
1993-05-13,3.7473695
1993-05-14,8.564677
1993-05-15,11.157111
1993-05-16,7.419438
1993-05-17,5.025502
1993-05-18,6.448189
1993-05-19,8.154687
1993-05-20,11.3597975
1993-05-21,17.550528
1993-05-22,21.32482
1993-05-23,24.541868
1993-05-24,22.58845
1993-05-25,30.131752
1993-05-26,33.53237
1993-05-27,24.717436
1993-05-28,20.31487
1993-05-29,17.88293
1993-05-30,18.447521
1993-05-31,14.740837
1993-06-01,12.345245
1993-06-02,9.682397
1993-06-03,8.661077
1993-06-04,8.392887
1993-06-05,10.230544
1993-06-06,10.195552
1993-06-07,6.852743
1993-06-08,6.316593
1993-06-09,7.0570135
1993-06-10,7.078751
1993-06-11,11.19745
1993-06-12,9.305614
1993-06-13,14.119415
1993-06-14,6.635439
1993-06-15,6.310343
1993-06-16,11.225624
1993-06-17,8.918165
1993-06-18,6.4503064
1993-06-19,7.4709325
1993-06-20,5.335224
1993-06-21,16.48225
1993-06-22,6.7858567
1993-06-23,8.5536375
1993-06-24,9.49136
1993-06-25,13.2477455
1993-06-26,7.4382253
1993-06-27,11.264645
1993-06-28,13.5746765
1993-06-29,9.5299835
1993-06-30,8.505686
1993-07-01,15.507593
1993-07-02,13.989671
1993-07-03,19.070837
1993-07-04,11.306904
1993-07-05,15.008295
1993-07-06,13.19775
1993-07-07,14.038211
1993-07-08,10.273615
1993-07-09,10.45411
1993-07-10,13.260326
1993-07-11,14.547551
1993-07-12,9.638045
1993-07-13,14.649677
1993-07-14,11.671863
1993-07-15,11.289711
1993-07-16,12.484483
1993-07-17,13.777915
1993-07-18,10.126534
1993-07-19,7.916171
1993-07-20,8.647933
1993-07-21,10.46882
1993-07-22,9.764673
1993-07-23,7.570611
1993-07-24,12.074702
1993-07-25,18.331991
1993-07-26,10.013331
1993-07-27,7.8352237
1993-07-28,6.397649
1993-07-29,7.5171905
1993-07-30,6.3670564
1993-07-31,8.850949
1993-08-01,7.8611326
1993-08-02,5.7587676
1993-08-03,7.7730722
1993-08-04,5.868322
1993-08-05,6.9281335
1993-08-06,5.3971505
1993-08-07,4.8857074
1993-08-08,5.4959908
1993-08-09,6.326165
1993-08-10,9.108905
1993-08-11,30.85592
1993-08-12,15.454021
1993-08-13,8.373252
1993-08-14,5.4591975
1993-08-15,10.680435
1993-08-16,8.02191
1993-08-17,9.517252
1993-08-18,8.318109
1993-08-19,7.9933753
1993-08-20,6.7166944
1993-08-21,7.7870464
1993-08-22,6.972668
1993-08-23,10.624629
1993-08-24,9.353268
1993-08-25,7.4123316
1993-08-26,8.339839
1993-08-27,16.123951
1993-08-28,14.134347
1993-08-29,8.553083
1993-08-30,6.049424
1993-08-31,7.127037
1993-09-01,6.7633214
1993-09-02,13.675777
1993-09-03,13.159843
1993-09-04,15.283458
1993-09-05,12.759422
1993-09-06,8.501004
1993-09-07,10.545038
1993-09-08,20.27713
1993-09-09,9.552302
1993-09-10,8.316845
1993-09-11,8.652546
1993-09-12,17.100594
1993-09-13,13.206236
1993-09-14,23.464403
1993-09-15,25.317003
1993-09-16,35.66704
1993-09-17,23.201809
1993-09-18,20.30586
1993-09-19,25.07411
1993-09-20,19.112677
1993-09-21,14.795022
1993-09-22,12.617998
1993-09-23,12.839657
1993-09-24,17.027473
1993-09-25,10.295188
1993-09-26,9.7247305
1993-09-27,9.188742
1993-09-28,12.856518
1993-09-29,11.195232
1993-09-30,11.45529
1993-10-01,11.309076
1993-10-02,11.5321865
1993-10-03,10.751455
1993-10-04,8.887261
1993-10-05,12.385929
1993-10-06,8.022955
1993-10-07,9.58104
1993-10-08,9.00752
1993-10-09,11.428926
1993-10-10,10.378254
1993-10-11,15.817146
1993-10-12,11.887376
1993-10-13,10.5053
1993-10-14,11.940143
1993-10-15,11.76936
1993-10-16,12.657059
1993-10-17,13.480891
1993-10-18,11.012702
1993-10-19,10.372965
1993-10-20,8.751776
1993-10-21,11.306559
1993-10-22,9.88848
1993-10-23,13.054629
1993-10-24,36.303402
1993-10-25,19.912077
1993-10-26,14.53179
1993-10-27,12.362653
1993-10-28,10.553558
1993-10-29,9.960796
1993-10-30,9.045284
1993-10-31,8.85969
1993-11-01,9.521027
1993-11-02,10.007015
1993-11-03,8.312018
1993-11-04,7.1984286
1993-11-05,10.294591
1993-11-06,8.249183
1993-11-07,6.3015165
1993-11-08,7.3220363
1993-11-09,7.173946
1993-11-10,5.96634
1993-11-11,9.2178135
1993-11-12,5.963199
1993-11-13,5.460395
1993-11-14,5.639391
1993-11-15,7.987232
1993-11-16,7.714191
1993-11-17,5.402964
1993-11-18,4.6790447
1993-11-19,4.4964104
1993-11-20,5.1081667
1993-11-21,6.877686
1993-11-22,6.521051
1993-11-23,9.336699
1993-11-24,7.438022
1993-11-25,4.9311376
1993-11-26,7.1758804
1993-11-27,7.3407083
1993-11-28,4.7229533
1993-11-29,7.695353
1993-11-30,6.2712297
1993-12-01,5.9046335
1993-12-02,4.2795568
1993-12-03,4.9879193
1993-12-04,7.028979
1993-12-05,8.3325615
1993-12-06,5.5409756
1993-12-07,5.7393966
1993-12-08,4.9721246
1993-12-09,4.4716406
1993-12-10,4.835181
1993-12-11,5.7928286
1993-12-12,6.4139876
1993-12-13,5.724843
1993-12-14,6.2385793
1993-12-15,7.179393
1993-12-16,7.5431504
1993-12-17,6.0069494
1993-12-18,6.9394255
1993-12-19,6.133736
1993-12-20,5.6642637
1993-12-21,4.913217
1993-12-22,4.949418
1993-12-23,4.8737183
1993-12-24,4.7994657
1993-12-25,4.705579
1993-12-26,4.5761843
1993-12-27,4.4886813
1993-12-28,4.2071257
1993-12-29,4.095374
1993-12-30,3.999976
1993-12-31,3.851234
1994-01-01,3.756058
1994-01-02,3.659861
1994-01-03,3.5404832
1994-01-04,3.5219858
1994-01-05,3.6236508
1994-01-06,3.3376946
1994-01-07,3.0833635
1994-01-08,3.0190425
1994-01-09,2.8187764
1994-01-10,3.1632657
1994-01-11,2.7654786
1994-01-12,2.7208343
1994-01-13,2.5260954
1994-01-14,2.5427814
1994-01-15,6.62247
1994-01-16,3.1477735
1994-01-17,2.2623863
1994-01-18,2.208321
1994-01-19,2.1135824
1994-01-20,1.9330097
1994-01-21,1.8926082
1994-01-22,1.7885373
1994-01-23,1.7066052
1994-01-24,1.6422405
1994-01-25,1.5835963
1994-01-26,1.5305105
1994-01-27,1.4925554
1994-01-28,1.5108778
1994-01-29,1.5278587
1994-01-30,1.4946878
1994-01-31,1.3591396
1994-02-01,1.322693
1994-02-02,1.6552571
1994-02-03,1.4391497
1994-02-04,2.249383
1994-02-05,1.4580293
1994-02-06,1.2025694
1994-02-07,1.1363561
1994-02-08,1.1117787
1994-02-09,1.0067377
1994-02-10,0.98103416
1994-02-11,0.9334638
1994-02-12,0.8863417
1994-02-13,0.8531558
1994-02-14,0.89671236
1994-02-15,1.8512697
1994-02-16,1.5942519
1994-02-17,1.0854796
1994-02-18,0.87395334
1994-02-19,0.79814714
1994-02-20,0.8495132
1994-02-21,1.9403889
1994-02-22,1.3790575
1994-02-23,1.7580289
1994-02-24,1.1610215
1994-02-25,0.9290257
1994-02-26,0.79047966
1994-02-27,0.76221913
1994-02-28,0.7360882
1994-03-01,0.9291133
1994-03-02,1.3966938
1994-03-03,0.88290626
1994-03-04,1.0502518
1994-03-05,0.9469362
1994-03-06,0.5761844
1994-03-07,0.545958
1994-03-08,0.52253217
1994-03-09,0.612441
1994-03-10,0.58524084
1994-03-11,1.0911068
1994-03-12,0.83214223
1994-03-13,1.4234124
1994-03-14,0.70437855
1994-03-15,0.33085275
1994-03-16,0.24859191
1994-03-17,0.2948954
1994-03-18,0.3430154
1994-03-19,0.3240393
1994-03-20,0.60435
1994-03-21,1.0352014
1994-03-22,0.92799366
1994-03-23,1.8661689
1994-03-24,2.969595
1994-03-25,0.9229818
1994-03-26,0.63221884
1994-03-27,0.6024829
1994-03-28,1.0587045
1994-03-29,3.4715698
1994-03-30,11.190353
1994-03-31,8.974541
1994-04-01,5.421051
1994-04-02,6.7941937
1994-04-03,4.922578
1994-04-04,8.174606
1994-04-05,8.60087
1994-04-06,2.7984598
1994-04-07,2.5292933
1994-04-08,3.4452627
1994-04-09,8.614446
1994-04-10,4.3756022
1994-04-11,2.369481
1994-04-12,2.1090035
1994-04-13,4.585312
1994-04-14,6.035581
1994-04-15,2.6376286
1994-04-16,1.516596
1994-04-17,2.476712
1994-04-18,4.369848
1994-04-19,2.9649472
1994-04-20,2.7367237
1994-04-21,2.3656962
1994-04-22,2.7346582
1994-04-23,1.4294235
1994-04-24,1.8511654
1994-04-25,2.3017085
1994-04-26,2.7865877
1994-04-27,6.5172014
1994-04-28,1.6856412
1994-04-29,7.1359296
1994-04-30,7.924824
1994-05-01,7.5780544
1994-05-02,3.1249819
1994-05-03,3.7991626
1994-05-04,2.8822684
1994-05-05,3.40701
1994-05-06,9.225207
1994-05-07,14.038336
1994-05-08,13.074947
1994-05-09,11.041186
1994-05-10,6.7442417
1994-05-11,9.153557
1994-05-12,7.4360533
1994-05-13,12.818256
1994-05-14,15.0294485
1994-05-15,9.8495655
1994-05-16,8.627822
1994-05-17,11.33247
1994-05-18,16.707312
1994-05-19,15.794679
1994-05-20,12.920284
1994-05-21,11.137984
1994-05-22,13.094109
1994-05-23,11.461575
1994-05-24,16.107998
1994-05-25,13.359452
1994-05-26,14.665138
1994-05-27,11.975099
1994-05-28,10.311141
1994-05-29,10.549756
1994-05-30,9.501092
1994-05-31,14.952396
1994-06-01,16.239813
1994-06-02,11.22749
1994-06-03,13.563457
1994-06-04,13.835416
1994-06-05,14.033639
1994-06-06,9.223567
1994-06-07,10.1348095
1994-06-08,11.0008955
1994-06-09,12.243894
1994-06-10,8.576627
1994-06-11,8.685221
1994-06-12,8.813129
1994-06-13,10.652861
1994-06-14,9.068643
1994-06-15,13.079193
1994-06-16,9.600757
1994-06-17,7.067664
1994-06-18,12.433987
1994-06-19,11.364705
1994-06-20,9.871281
1994-06-21,13.565127
1994-06-22,10.8399105
1994-06-23,10.314126
1994-06-24,9.642332
1994-06-25,8.7091875
1994-06-26,8.7849045
1994-06-27,12.612739
1994-06-28,10.0918255
1994-06-29,15.042702
1994-06-30,11.110033
1994-07-01,9.2797785
1994-07-02,10.131607
1994-07-03,10.18685
1994-07-04,10.762738
1994-07-05,10.405312
1994-07-06,8.887226
1994-07-07,13.35357
1994-07-08,11.519782
1994-07-09,7.72158
1994-07-10,8.708576
1994-07-11,7.1556787
1994-07-12,6.6411924
1994-07-13,6.277966
1994-07-14,6.028482
1994-07-15,6.025218
1994-07-16,12.011599
1994-07-17,14.204507
1994-07-18,12.726933
1994-07-19,6.7246366
1994-07-20,7.833147
1994-07-21,5.6196594
1994-07-22,9.149919
1994-07-23,6.7852716
1994-07-24,4.675519
1994-07-25,6.6772313
1994-07-26,5.0208116
1994-07-27,7.6402273
1994-07-28,6.500923
1994-07-29,7.298369
1994-07-30,4.7408113
1994-07-31,9.152284
1994-08-01,10.310933
1994-08-02,9.698921
1994-08-03,7.8661795
1994-08-04,8.751736
1994-08-05,10.52949
1994-08-06,13.408991
1994-08-07,15.203936
1994-08-08,10.347688
1994-08-09,19.146772
1994-08-10,9.31549
1994-08-11,9.804551
1994-08-12,8.275228
1994-08-13,7.0334644
1994-08-14,7.7958236
1994-08-15,13.486668
1994-08-16,11.883506
1994-08-17,8.563109
1994-08-18,10.316096
1994-08-19,12.211111
1994-08-20,13.87233
1994-08-21,12.575266
1994-08-22,14.186495
1994-08-23,11.476311
1994-08-24,11.871132
1994-08-25,8.997211
1994-08-26,9.816801
1994-08-27,8.570519
1994-08-28,8.376926
1994-08-29,9.726865
1994-08-30,12.284098
1994-08-31,10.914438
1994-09-01,11.957081
1994-09-02,9.398567
1994-09-03,10.240383
1994-09-04,9.782599
1994-09-05,6.7072372
1994-09-06,7.443629
1994-09-07,9.499537
1994-09-08,8.272108
1994-09-09,8.765081
1994-09-10,13.1786585
1994-09-11,15.367232
1994-09-12,11.80544
1994-09-13,17.264523
1994-09-14,12.650684
1994-09-15,22.32544
1994-09-16,13.931082
1994-09-17,13.285692
1994-09-18,14.057158
1994-09-19,13.090314
1994-09-20,13.589032
1994-09-21,12.587422
1994-09-22,13.953656
1994-09-23,11.719017
1994-09-24,11.891946
1994-09-25,12.821021
1994-09-26,7.6367702
1994-09-27,13.248389
1994-09-28,11.36328
1994-09-29,13.948649
1994-09-30,11.845719
1994-10-01,9.8646145
1994-10-02,8.778483
1994-10-03,7.101528
1994-10-04,7.3396955
1994-10-05,8.697594
1994-10-06,14.38483
1994-10-07,15.523412
1994-10-08,13.034533
1994-10-09,14.094809
1994-10-10,11.867581
1994-10-11,14.093024
1994-10-12,12.0804205
1994-10-13,12.041261
1994-10-14,12.204769
1994-10-15,14.347822
1994-10-16,20.692923
1994-10-17,43.118572
1994-10-18,19.19631
1994-10-19,12.561557
1994-10-20,16.078003
1994-10-21,17.652807
1994-10-22,12.634809
1994-10-23,11.168747
1994-10-24,11.284265
1994-10-25,11.569109
1994-10-26,13.694543
1994-10-27,13.443054
1994-10-28,9.00737
1994-10-29,11.591857
1994-10-30,8.780565
1994-10-31,7.3000536
1994-11-01,7.823767
1994-11-02,9.919088
1994-11-03,15.180889
1994-11-04,12.575023
1994-11-05,13.753816
1994-11-06,10.204024
1994-11-07,12.814105
1994-11-08,9.1956835
1994-11-09,9.900814
1994-11-10,9.413266
1994-11-11,11.01689
1994-11-12,11.337239
1994-11-13,9.021441
1994-11-14,12.357196
1994-11-15,12.771575
1994-11-16,12.476162
1994-11-17,10.391623
1994-11-18,10.49294
1994-11-19,9.848755
1994-11-20,12.713145
1994-11-21,9.501874
1994-11-22,10.344096
1994-11-23,9.66339
1994-11-24,11.985282
1994-11-25,15.256438
1994-11-26,13.790486
1994-11-27,10.9521265
1994-11-28,8.380634
1994-11-29,7.8174925
1994-11-30,6.8218718
1994-12-01,6.368318
1994-12-02,6.074348
1994-12-03,6.24279
1994-12-04,5.9845653
1994-12-05,6.498295
1994-12-06,5.498939
1994-12-07,5.875552
1994-12-08,5.0244865
1994-12-09,5.184154
1994-12-10,5.413062
1994-12-11,6.427637
1994-12-12,5.0341096
1994-12-13,4.1943235
1994-12-14,4.5715375
1994-12-15,3.8931005
1994-12-16,4.44818
1994-12-17,3.7371888
1994-12-18,3.5430055
1994-12-19,3.318001
1994-12-20,3.2149584
1994-12-21,3.5976915
1994-12-22,3.4501476
1994-12-23,2.9218793
1994-12-24,3.1391149
1994-12-25,2.82231
1994-12-26,2.692742
1994-12-27,2.5327199
1994-12-28,2.6132462
1994-12-29,2.3834186
1994-12-30,2.178985
1994-12-31,2.092498
1995-01-01,2.0772502
1995-01-02,2.0161862
1995-01-03,1.9403183
1995-01-04,1.8638959
1995-01-05,1.8079242
1995-01-06,1.7248871
1995-01-07,1.6414715
1995-01-08,1.609833
1995-01-09,1.5297067
1995-01-10,1.4839457
1995-01-11,1.5566927
1995-01-12,1.3915262
1995-01-13,1.3096799
1995-01-14,1.2561216
1995-01-15,1.2512598
1995-01-16,1.9117293
1995-01-17,1.3774291
1995-01-18,1.4286726
1995-01-19,1.2945678
1995-01-20,1.3918693
1995-01-21,1.1181105
1995-01-22,1.6376137
1995-01-23,1.2962849
1995-01-24,0.9913785
1995-01-25,1.0118265
1995-01-26,0.8535022
1995-01-27,0.799738
1995-01-28,0.76108277
1995-01-29,0.72635925
1995-01-30,0.8600553
1995-01-31,0.7123582
1995-02-01,0.7036628
1995-02-02,0.6302636
1995-02-03,0.6284015
1995-02-04,0.62931097
1995-02-05,0.63303095
1995-02-06,0.6244948
1995-02-07,0.55373955
1995-02-08,0.5325996
1995-02-09,0.5005186
1995-02-10,0.5281298
1995-02-11,0.48502785
1995-02-12,0.44748384
1995-02-13,0.42747456
1995-02-14,0.37056392
1995-02-15,0.22208697
1995-02-16,0.19538961
1995-02-17,0.087923355
1995-02-18,0.019268442
1995-02-19,0.0015120527
1995-02-20,7.142373e-07
1995-02-21,0.023425223
1995-02-22,0.068261325
1995-02-23,0.09229627
1995-02-24,0.049021725
1995-02-25,0.04677025
1995-02-26,0.025652457
1995-02-27,0.03164885
1995-02-28,0.019789794
1995-03-01,0.08097598
1995-03-02,0.086521946
1995-03-03,0.112515494
1995-03-04,0.15818763
1995-03-05,0.2886635
1995-03-06,0.118944906
1995-03-07,0.0693924
1995-03-08,0.18696617
1995-03-09,0.04031991
1995-03-10,0.009438108
1995-03-11,0.03371128
1995-03-12,0.2728459
1995-03-13,0.119812995
1995-03-14,0.02752451
1995-03-15,0.014120146
1995-03-16,0.09445424
1995-03-17,0.07961727
1995-03-18,0.039183285
1995-03-19,0.02927946
1995-03-20,0.42989665
1995-03-21,0.2584908
1995-03-22,0.13748735
1995-03-23,0.016877616
1995-03-24,7.972356e-06
1995-03-25,3.765843e-09
1995-03-26,1.7788437e-12
1995-03-27,0.06955037
1995-03-28,0.96301126
1995-03-29,1.0705278
1995-03-30,0.56621623
1995-03-31,0.20421848
1995-04-01,0.20145425
1995-04-02,0.95094776
1995-04-03,0.55708116
1995-04-04,0.10677197
1995-04-05,0.15433171
1995-04-06,0.080790065
1995-04-07,0.28397688
1995-04-08,0.5929063
1995-04-09,0.9613174
1995-04-10,0.43548253
1995-04-11,0.18930762
1995-04-12,0.3425384
1995-04-13,1.3790249
1995-04-14,0.62874824
1995-04-15,0.20288002
1995-04-16,0.021519255
1995-04-17,0.02668889
1995-04-18,1.1297648
1995-04-19,0.91600704
1995-04-20,1.8909261
1995-04-21,2.3226032
1995-04-22,0.99683946
1995-04-23,0.7369471
1995-04-24,0.4052606
1995-04-25,1.3889741
1995-04-26,5.050555
1995-04-27,7.21398
1995-04-28,4.6609573
1995-04-29,1.9494778
1995-04-30,2.9534516
1995-05-01,3.0123413
1995-05-02,2.300942
1995-05-03,4.1667714
1995-05-04,2.9905777
1995-05-05,2.6577723
1995-05-06,11.254216
1995-05-07,4.009301
1995-05-08,4.4094715
1995-05-09,0.7241014
1995-05-10,0.5571623
1995-05-11,0.35685995
1995-05-12,1.6114073
1995-05-13,1.336763
1995-05-14,6.8162613
1995-05-15,4.071304
1995-05-16,3.0107088
1995-05-17,10.470802
1995-05-18,5.2755966
1995-05-19,6.5661855
1995-05-20,6.3653483
1995-05-21,5.276723
1995-05-22,1.3388335
1995-05-23,0.79144394
1995-05-24,1.9566715
1995-05-25,3.4590044
1995-05-26,4.654805
1995-05-27,9.030181
1995-05-28,2.6983595
1995-05-29,2.7057986
1995-05-30,4.719594
1995-05-31,1.7236147
1995-06-01,3.4578164
1995-06-02,10.649506
1995-06-03,5.3663287
1995-06-04,12.311293
1995-06-05,3.1227863
1995-06-06,4.0249405
1995-06-07,5.150692
1995-06-08,4.7629514
1995-06-09,7.062244
1995-06-10,4.817561
1995-06-11,4.8315754
1995-06-12,6.2985106
1995-06-13,5.5168977
1995-06-14,7.637007
1995-06-15,17.403744
1995-06-16,9.356481
1995-06-17,5.2530084
1995-06-18,6.2234645
1995-06-19,10.74609
1995-06-20,10.901907
1995-06-21,9.662139
1995-06-22,5.186782
1995-06-23,12.685503
1995-06-24,9.880521
1995-06-25,10.697082
1995-06-26,8.09378
1995-06-27,6.6987743
1995-06-28,10.314491
1995-06-29,12.864226
1995-06-30,11.578051
1995-07-01,11.750271
1995-07-02,7.9527493
1995-07-03,13.181147
1995-07-04,13.703976
1995-07-05,17.44866
1995-07-06,15.494914
1995-07-07,10.564143
1995-07-08,10.482328
1995-07-09,9.074546
1995-07-10,8.892503
1995-07-11,8.739915
1995-07-12,8.921342
1995-07-13,9.732385
1995-07-14,10.143098
1995-07-15,7.083312
1995-07-16,8.031606
1995-07-17,11.665786
1995-07-18,13.330127
1995-07-19,12.760009
1995-07-20,18.613436
1995-07-21,9.153855
1995-07-22,7.3077574
1995-07-23,11.12886
1995-07-24,8.591172
1995-07-25,14.138568
1995-07-26,12.197595
1995-07-27,10.826997
1995-07-28,11.181598
1995-07-29,11.725153
1995-07-30,9.826785
1995-07-31,11.015509
1995-08-01,18.842579
1995-08-02,12.886828
1995-08-03,11.403689
1995-08-04,11.735584
1995-08-05,20.035585
1995-08-06,10.068818
1995-08-07,13.0142565
1995-08-08,9.170908
1995-08-09,8.271223
1995-08-10,9.648181
1995-08-11,13.983462
1995-08-12,12.724682
1995-08-13,16.72424
1995-08-14,12.020535
1995-08-15,12.669713
1995-08-16,10.424202
1995-08-17,7.776153
1995-08-18,7.8038917
1995-08-19,11.009616
1995-08-20,11.609278
1995-08-21,11.928263
1995-08-22,8.04868
1995-08-23,10.3767185
1995-08-24,7.38426
1995-08-25,11.116017
1995-08-26,10.04843
1995-08-27,16.90587
1995-08-28,18.941605
1995-08-29,17.385212
1995-08-30,22.23646
1995-08-31,17.266014
1995-09-01,15.404896
1995-09-02,12.223047
1995-09-03,9.658577
1995-09-04,10.74523
1995-09-05,11.815113
1995-09-06,10.982378
1995-09-07,10.22497
1995-09-08,11.188024
1995-09-09,9.237856
1995-09-10,9.89467
1995-09-11,11.885836
1995-09-12,10.731423
1995-09-13,10.045147
1995-09-14,11.257573
1995-09-15,12.870058
1995-09-16,13.671263
1995-09-17,14.099692
1995-09-18,12.449625
1995-09-19,15.425662
1995-09-20,11.85946
1995-09-21,10.75111
1995-09-22,11.135637
1995-09-23,11.460428
1995-09-24,16.153795
1995-09-25,12.754619
1995-09-26,12.563874
1995-09-27,13.425898
1995-09-28,9.15064
1995-09-29,8.828363
1995-09-30,11.071618
1995-10-01,14.68017
1995-10-02,14.508089
1995-10-03,10.939061
1995-10-04,10.283216
1995-10-05,9.191107
1995-10-06,8.382784
1995-10-07,6.487051
1995-10-08,14.323701
1995-10-09,9.436159
1995-10-10,9.174949
1995-10-11,18.499825
1995-10-12,12.593746
1995-10-13,9.64326
1995-10-14,11.117198
1995-10-15,12.874966
1995-10-16,9.322434
1995-10-17,12.798745
1995-10-18,10.677625
1995-10-19,11.241667
1995-10-20,12.451049
1995-10-21,11.314108
1995-10-22,12.824878
1995-10-23,15.512122
1995-10-24,13.219436
1995-10-25,12.818922
1995-10-26,14.08953
1995-10-27,13.558844
1995-10-28,16.90761
1995-10-29,15.376909
1995-10-30,20.86707
1995-10-31,18.525738
1995-11-01,15.990792
1995-11-02,13.276141
1995-11-03,12.537422
1995-11-04,13.508858
1995-11-05,15.528875
1995-11-06,11.527665
1995-11-07,12.2503
1995-11-08,13.735017
1995-11-09,10.696395
1995-11-10,8.75288
1995-11-11,9.2378435
1995-11-12,7.6189632
1995-11-13,11.799717
1995-11-14,7.1766973
1995-11-15,7.036561
1995-11-16,6.1882377
1995-11-17,7.5872436
1995-11-18,7.946774
1995-11-19,13.770254
1995-11-20,8.262198
1995-11-21,9.305851
1995-11-22,5.858786
1995-11-23,8.324454
1995-11-24,5.562789
1995-11-25,5.2969475
1995-11-26,4.8921847
1995-11-27,7.5691285
1995-11-28,5.250038
1995-11-29,4.490353
1995-11-30,4.530436
1995-12-01,4.273078
1995-12-02,4.487127
1995-12-03,4.5354495
1995-12-04,4.552029
1995-12-05,7.0725327
1995-12-06,6.0580077
1995-12-07,6.8901606
1995-12-08,5.790175
1995-12-09,4.424337
1995-12-10,3.6741006
1995-12-11,4.978549
1995-12-12,5.769769
1995-12-13,5.920416
1995-12-14,4.4328876
1995-12-15,4.424968
1995-12-16,5.440696
1995-12-17,3.455919
1995-12-18,2.991872
1995-12-19,2.9197757
1995-12-20,4.1486177
1995-12-21,5.618914
1995-12-22,3.3244395
1995-12-23,3.784214
1995-12-24,5.169765
1995-12-25,5.1179805
1995-12-26,6.5549455
1995-12-27,6.486763
1995-12-28,3.352104
1995-12-29,3.6083953
1995-12-30,4.5213313
1995-12-31,2.9683056
1996-01-01,2.6072958
1996-01-02,2.4500735
1996-01-03,2.583044
1996-01-04,2.4080923
1996-01-05,3.262055
1996-01-06,2.5337353
1996-01-07,2.9369102
1996-01-08,2.317599
1996-01-09,3.2482502
1996-01-10,2.494171
1996-01-11,2.3410397
1996-01-12,2.3142354
1996-01-13,2.176257
1996-01-14,2.7007875
1996-01-15,2.483261
1996-01-16,2.8374693
1996-01-17,4.9940934
1996-01-18,2.565707
1996-01-19,2.103832
1996-01-20,2.2643747
1996-01-21,2.1519268
1996-01-22,1.9868474
1996-01-23,2.3451529
1996-01-24,1.8571651
1996-01-25,1.8413872
1996-01-26,1.746155
1996-01-27,1.6387445
1996-01-28,1.5678602
1996-01-29,1.6129011
1996-01-30,1.5520734
1996-01-31,1.4506425
1996-02-01,1.4477998
1996-02-02,1.4217275
1996-02-03,1.5160824
1996-02-04,1.673772
1996-02-05,1.5808805
1996-02-06,1.6481227
1996-02-07,2.378546
1996-02-08,1.5994179
1996-02-09,2.5986967
1996-02-10,1.6487408
1996-02-11,2.801198
1996-02-12,1.6343334
1996-02-13,2.7960427
1996-02-14,4.184206
1996-02-15,2.981768
1996-02-16,1.4294378
1996-02-17,1.1256824
1996-02-18,4.960627
1996-02-19,1.9467437
1996-02-20,1.1347536
1996-02-21,1.0679474
1996-02-22,1.1670676
1996-02-23,1.3366936
1996-02-24,1.6543107
1996-02-25,1.292325
1996-02-26,1.0263814
1996-02-27,0.94561285
1996-02-28,1.101417
1996-02-29,1.1715114
1996-03-01,4.9048176
1996-03-02,4.397268
1996-03-03,2.5013566
1996-03-04,1.259566
1996-03-05,1.4417285
1996-03-06,1.4288465
1996-03-07,0.9971379
1996-03-08,1.6909858
1996-03-09,1.1399454
1996-03-10,0.8412467
1996-03-11,0.91841584
1996-03-12,0.9642828
1996-03-13,2.2539096
1996-03-14,2.306773
1996-03-15,2.3768227
1996-03-16,1.8108014
1996-03-17,1.0693206
1996-03-18,0.6706304
1996-03-19,0.6599958
1996-03-20,0.95984894
1996-03-21,1.2863144
1996-03-22,1.2367381
1996-03-23,2.4979556
1996-03-24,1.2463251
1996-03-25,1.1419768
1996-03-26,0.84316295
1996-03-27,1.1919636
1996-03-28,1.2869757
1996-03-29,1.7604785
1996-03-30,0.967947
1996-03-31,0.706162
1996-04-01,0.7355398
1996-04-02,0.6681992
1996-04-03,1.1484567
1996-04-04,2.806613
1996-04-05,1.9400867
1996-04-06,3.3450055
1996-04-07,1.3076371
1996-04-08,4.827442
1996-04-09,1.5684772
1996-04-10,0.9684311
1996-04-11,1.1270155
1996-04-12,4.425966
1996-04-13,1.8004936
1996-04-14,3.709337
1996-04-15,1.895827
1996-04-16,2.5401046
1996-04-17,0.9462561
1996-04-18,0.71302646
1996-04-19,2.182954
1996-04-20,1.5679948
1996-04-21,1.353648
1996-04-22,3.0084677
1996-04-23,2.8879387
1996-04-24,3.1579554
1996-04-25,4.7550235
1996-04-26,3.3604531
1996-04-27,2.2261534
1996-04-28,5.2197347
1996-04-29,7.21272
1996-04-30,3.347864
1996-05-01,2.3977954
1996-05-02,7.3951154
1996-05-03,1.8019629
1996-05-04,1.840938
1996-05-05,3.7322042
1996-05-06,10.365846
1996-05-07,12.280998
1996-05-08,16.075302
1996-05-09,14.840033
1996-05-10,12.508344
1996-05-11,8.582074
1996-05-12,8.9088955
1996-05-13,11.123133
1996-05-14,10.552328
1996-05-15,8.695409
1996-05-16,8.805039
1996-05-17,12.849637
1996-05-18,12.181241
1996-05-19,8.637244
1996-05-20,11.875566
1996-05-21,9.5630045
1996-05-22,8.497168
1996-05-23,11.1271
1996-05-24,11.235918
1996-05-25,8.847464
1996-05-26,12.9182625
1996-05-27,9.488637
1996-05-28,8.974839
1996-05-29,11.828952
1996-05-30,16.131962
1996-05-31,11.09014
1996-06-01,8.44639
1996-06-02,7.8787127
1996-06-03,7.87312
1996-06-04,10.499898
1996-06-05,13.227723
1996-06-06,11.363543
1996-06-07,8.070409
1996-06-08,11.901665
1996-06-09,10.537109
1996-06-10,8.227147
1996-06-11,8.284888
1996-06-12,11.000671
1996-06-13,8.429796
1996-06-14,9.109103
1996-06-15,7.694907
1996-06-16,7.5559425
1996-06-17,7.7870197
1996-06-18,12.993844
1996-06-19,18.154839
1996-06-20,10.222338
1996-06-21,8.176552
1996-06-22,11.514809
1996-06-23,8.225735
1996-06-24,10.823801
1996-06-25,13.566639
1996-06-26,8.941041
1996-06-27,7.412747
1996-06-28,9.66649
1996-06-29,9.352809
1996-06-30,10.2738
1996-07-01,8.986805
1996-07-02,14.232125
1996-07-03,13.337321
1996-07-04,12.448224
1996-07-05,18.430243
1996-07-06,15.590363
1996-07-07,15.0900545
1996-07-08,13.521328
1996-07-09,12.274524
1996-07-10,10.988039
1996-07-11,10.605193
1996-07-12,11.640418
1996-07-13,11.319678
1996-07-14,9.251157
1996-07-15,9.331651
1996-07-16,12.378227
1996-07-17,12.108511
1996-07-18,8.464852
1996-07-19,7.186999
1996-07-20,9.995515
1996-07-21,8.736431
1996-07-22,9.746429
1996-07-23,10.823706
1996-07-24,8.421087
1996-07-25,7.0899105
1996-07-26,8.021675
1996-07-27,14.491503
1996-07-28,14.320493
1996-07-29,9.397235
1996-07-30,8.474128
1996-07-31,7.2431927
1996-08-01,8.617055
1996-08-02,7.2073975
1996-08-03,7.8899264
1996-08-04,10.574724
1996-08-05,10.089165
1996-08-06,8.461957
1996-08-07,10.258026
1996-08-08,8.121954
1996-08-09,8.00247
1996-08-10,12.461194
1996-08-11,14.561627
1996-08-12,8.087552
1996-08-13,7.28265
1996-08-14,10.652104
1996-08-15,9.057513
1996-08-16,7.470861
1996-08-17,11.907498
1996-08-18,12.537624
1996-08-19,10.064876
1996-08-20,7.2371697
1996-08-21,9.811091
1996-08-22,11.749059
1996-08-23,7.9110804
1996-08-24,9.535446
1996-08-25,11.172864
1996-08-26,10.446199
1996-08-27,10.411498
1996-08-28,12.3073225
1996-08-29,11.755185
1996-08-30,11.671014
1996-08-31,9.330666
1996-09-01,12.936961
1996-09-02,10.018819
1996-09-03,12.329561
1996-09-04,13.047589
1996-09-05,17.671583
1996-09-06,13.252614
1996-09-07,11.828526
1996-09-08,12.41602
1996-09-09,11.426851
1996-09-10,12.43004
1996-09-11,12.607706
1996-09-12,13.933189
1996-09-13,12.268259
1996-09-14,13.078091
1996-09-15,11.414196
1996-09-16,14.639277
1996-09-17,17.513777
1996-09-18,11.140485
1996-09-19,9.938172
1996-09-20,9.093518
1996-09-21,8.786345
1996-09-22,9.995344
1996-09-23,7.869628
1996-09-24,9.937461
1996-09-25,10.487638
1996-09-26,15.225661
1996-09-27,11.6420765
1996-09-28,13.454653
1996-09-29,15.655606
1996-09-30,14.093806
1996-10-01,14.245543
1996-10-02,11.33558
1996-10-03,12.623752
1996-10-04,12.745885
1996-10-05,10.939145
1996-10-06,9.725477
1996-10-07,16.896875
1996-10-08,11.547222
1996-10-09,12.844032
1996-10-10,12.707976
1996-10-11,11.67017
1996-10-12,11.595021
1996-10-13,15.957102
1996-10-14,9.7308855
1996-10-15,8.510903
1996-10-16,11.592738
1996-10-17,12.278139
1996-10-18,10.028331
1996-10-19,10.4213295
1996-10-20,9.078541
1996-10-21,8.813899
1996-10-22,8.442603
1996-10-23,11.001741
1996-10-24,10.313163
1996-10-25,7.929985
1996-10-26,7.292698
1996-10-27,8.186755
1996-10-28,7.0176663
1996-10-29,6.421954
1996-10-30,7.5792212
1996-10-31,6.1272364
1996-11-01,6.7096367
1996-11-02,7.455617
1996-11-03,8.188734
1996-11-04,8.431241
1996-11-05,7.9664936
1996-11-06,6.0432405
1996-11-07,5.7988863
1996-11-08,6.350996
1996-11-09,9.977661
1996-11-10,8.160384
1996-11-11,4.8870873
1996-11-12,6.5646167
1996-11-13,8.862249
1996-11-14,15.010971
1996-11-15,8.695676
1996-11-16,6.3091016
1996-11-17,6.5440807
1996-11-18,10.036893
1996-11-19,9.051539
1996-11-20,6.5399528
1996-11-21,5.630868
1996-11-22,5.3424306
1996-11-23,5.317238
1996-11-24,5.183812
1996-11-25,5.158805
1996-11-26,5.088223
1996-11-27,4.9520683
1996-11-28,4.8863034
1996-11-29,6.22589
1996-11-30,8.693355
1996-12-01,5.5548906
1996-12-02,4.791494
1996-12-03,5.3715525
1996-12-04,5.6936574
1996-12-05,4.588722
1996-12-06,4.2654724
1996-12-07,4.6449046
1996-12-08,3.8298855
1996-12-09,4.0433354
1996-12-10,7.7894726
1996-12-11,4.227443
1996-12-12,4.965504
1996-12-13,6.117043
1996-12-14,4.421848
1996-12-15,4.143395
1996-12-16,5.07001
1996-12-17,6.3736706
1996-12-18,3.6367545
1996-12-19,3.3037806
1996-12-20,4.3469143
1996-12-21,3.2965972
1996-12-22,3.114102
1996-12-23,2.9590647
1996-12-24,3.4072134
1996-12-25,3.1907134
1996-12-26,2.585207
1996-12-27,2.496418
1996-12-28,2.5084538
1996-12-29,2.4225712
1996-12-30,2.3852317
1996-12-31,2.2376955
1997-01-01,2.206774
1997-01-02,2.2114234
1997-01-03,2.3949351
1997-01-04,2.0506358
1997-01-05,2.0424585
1997-01-06,1.9390588
1997-01-07,1.8423924
1997-01-08,1.8574518
1997-01-09,1.9867722
1997-01-10,2.0002947
1997-01-11,2.32099
1997-01-12,1.8950144
1997-01-13,2.534615
1997-01-14,1.7384286
1997-01-15,1.6564398
1997-01-16,1.6302027
1997-01-17,1.5786971
1997-01-18,1.5696129
1997-01-19,2.012297
1997-01-20,2.5494747
1997-01-21,1.9914509
1997-01-22,1.4693943
1997-01-23,1.3272965
1997-01-24,1.4351926
1997-01-25,1.2856675
1997-01-26,1.2352014
1997-01-27,1.2267214
1997-01-28,1.2456455
1997-01-29,1.1159364
1997-01-30,1.1606203
1997-01-31,1.0854304
1997-02-01,1.4598539
1997-02-02,1.1724385
1997-02-03,0.94758874
1997-02-04,1.2479595
1997-02-05,1.2935319
1997-02-06,2.7727969
1997-02-07,2.3683846
1997-02-08,1.9934243
1997-02-09,6.291884
1997-02-10,4.6193404
1997-02-11,6.537802
1997-02-12,4.9691505
1997-02-13,5.369412
1997-02-14,2.9438465
1997-02-15,2.3527153
1997-02-16,1.8806059
1997-02-17,1.2781626
1997-02-18,2.0049372
1997-02-19,1.3872367
1997-02-20,0.91414756
1997-02-21,0.87249696
1997-02-22,0.7665583
1997-02-23,0.7479224
1997-02-24,1.20244
1997-02-25,1.5004854
1997-02-26,1.523946
1997-02-27,1.2888832
1997-02-28,1.7661521
1997-03-01,1.1938007
1997-03-02,0.8945536
1997-03-03,0.6817961
1997-03-04,0.59775
1997-03-05,0.5811016
1997-03-06,0.57142806
1997-03-07,0.56201977
1997-03-08,0.55366236
1997-03-09,0.5444459
1997-03-10,0.47571307
1997-03-11,0.44805655
1997-03-12,0.52605885
1997-03-13,0.5363515
1997-03-14,0.7113819
1997-03-15,0.3812754
1997-03-16,0.36008844
1997-03-17,0.45799685
1997-03-18,0.5565797
1997-03-19,0.75735414
1997-03-20,0.8031937
1997-03-21,0.56174237
1997-03-22,0.37367097
1997-03-23,0.39812264
1997-03-24,0.3744153
1997-03-25,0.30379242
1997-03-26,0.27833885
1997-03-27,0.42171472
1997-03-28,0.502677
1997-03-29,1.024617
1997-03-30,0.43212712
1997-03-31,0.29131648
1997-04-01,0.29095325
1997-04-02,0.28835207
1997-04-03,0.24958722
1997-04-04,0.2912464
1997-04-05,0.32980084
1997-04-06,0.3865677
1997-04-07,0.53430456
1997-04-08,0.5841379
1997-04-09,1.1123691
1997-04-10,0.88366365
1997-04-11,0.3712336
1997-04-12,0.59706295
1997-04-13,0.41473013
1997-04-14,0.34312564
1997-04-15,0.50162417
1997-04-16,0.86756647
1997-04-17,0.38523516
1997-04-18,2.1189265
1997-04-19,1.7974582
1997-04-20,13.205081
1997-04-21,6.2441673
1997-04-22,10.195217
1997-04-23,1.9326999
1997-04-24,3.5091588
1997-04-25,1.5657669
1997-04-26,5.741689
1997-04-27,3.2086763
1997-04-28,3.2459166
1997-04-29,2.7144089
1997-04-30,0.93455553
1997-05-01,0.83884305
1997-05-02,1.1070869
1997-05-03,1.6203524
1997-05-04,1.6982921
1997-05-05,1.9899855
1997-05-06,0.93676287
1997-05-07,1.522109
1997-05-08,0.9072106
1997-05-09,1.8865634
1997-05-10,3.4956777
1997-05-11,9.814911
1997-05-12,5.686123
1997-05-13,0.95165575
1997-05-14,1.674097
1997-05-15,1.2525927
1997-05-16,0.876895
1997-05-17,1.1686108
1997-05-18,1.3458768
1997-05-19,0.8267685
1997-05-20,2.206368
1997-05-21,2.957048
1997-05-22,5.831298
1997-05-23,4.924644
1997-05-24,2.6459765
1997-05-25,1.0316694
1997-05-26,7.959645
1997-05-27,8.733411
1997-05-28,1.9630815
1997-05-29,2.5160456
1997-05-30,9.431907
1997-05-31,4.601233
1997-06-01,5.422061
1997-06-02,2.5524545
1997-06-03,1.8655639
1997-06-04,2.9125917
1997-06-05,3.6804857
1997-06-06,2.6555152
1997-06-07,6.98106
1997-06-08,11.659791
1997-06-09,6.67267
1997-06-10,3.1628451
1997-06-11,7.7550797
1997-06-12,6.6672115
1997-06-13,3.9101799
1997-06-14,5.427136
1997-06-15,3.5379286
1997-06-16,3.3783622
1997-06-17,7.0893598
1997-06-18,10.219044
1997-06-19,6.4811406
1997-06-20,10.894335
1997-06-21,6.0920506
1997-06-22,12.651603
1997-06-23,8.859417
1997-06-24,9.773622
1997-06-25,9.932337
1997-06-26,25.096067
1997-06-27,18.71522
1997-06-28,21.22139
1997-06-29,14.299141
1997-06-30,14.730004
1997-07-01,15.187961
1997-07-02,10.532417
1997-07-03,10.14213
1997-07-04,8.06999
1997-07-05,7.128443
1997-07-06,7.9110847
1997-07-07,7.804853
1997-07-08,10.78782
1997-07-09,6.9897547
1997-07-10,7.5783143
1997-07-11,9.154903
1997-07-12,5.484856
1997-07-13,4.9897118
1997-07-14,4.926721
1997-07-15,7.4021726
1997-07-16,6.6885533
1997-07-17,6.2375107
1997-07-18,5.5309014
1997-07-19,4.484592
1997-07-20,5.652933
1997-07-21,4.37787
1997-07-22,7.047786
1997-07-23,5.5460253
1997-07-24,4.076579
1997-07-25,3.3633628
1997-07-26,3.222717
1997-07-27,3.1178634
1997-07-28,3.359001
1997-07-29,4.177878
1997-07-30,4.5987487
1997-07-31,4.646132
1997-08-01,4.0492463
1997-08-02,2.9387004
1997-08-03,7.742376
1997-08-04,5.800161
1997-08-05,3.3965693
1997-08-06,4.521695
1997-08-07,2.8482602
1997-08-08,5.162751
1997-08-09,3.2421265
1997-08-10,2.7529652
1997-08-11,2.9109564
1997-08-12,3.218544
1997-08-13,4.9507785
1997-08-14,6.306636
1997-08-15,8.616811
1997-08-16,3.164496
1997-08-17,6.0728817
1997-08-18,7.0443735
1997-08-19,9.300909
1997-08-20,10.985274
1997-08-21,3.8751855
1997-08-22,2.7030885
1997-08-23,6.2151036
1997-08-24,5.9186926
1997-08-25,3.1788847
1997-08-26,3.6014206
1997-08-27,3.7903519
1997-08-28,12.965603
1997-08-29,4.66011
1997-08-30,4.3189416
1997-08-31,3.2090392
1997-09-01,3.4415956
1997-09-02,3.7099123
1997-09-03,4.5078983
1997-09-04,6.964472
1997-09-05,3.41014
1997-09-06,4.7643466
1997-09-07,8.149332
1997-09-08,11.3631525
1997-09-09,7.0736012
1997-09-10,5.6087785
1997-09-11,3.479012
1997-09-12,8.657231
1997-09-13,8.089486
1997-09-14,9.033854
1997-09-15,7.6423445
1997-09-16,5.722598
1997-09-17,3.8721962
1997-09-18,4.6206894
1997-09-19,6.4698057
1997-09-20,10.156033
1997-09-21,9.983639
1997-09-22,9.339049
1997-09-23,9.32709
1997-09-24,7.324715
1997-09-25,7.39599
1997-09-26,10.193366
1997-09-27,9.729866
1997-09-28,10.075773
1997-09-29,11.789732
1997-09-30,17.498693
1997-10-01,13.62149
1997-10-02,12.34853
1997-10-03,13.162641
1997-10-04,14.526171
1997-10-05,9.911039
1997-10-06,13.61935
1997-10-07,11.122201
1997-10-08,8.348627
1997-10-09,8.226088
1997-10-10,11.246868
1997-10-11,7.8148017
1997-10-12,6.971037
1997-10-13,8.53093
1997-10-14,9.177754
1997-10-15,6.007319
1997-10-16,5.357769
1997-10-17,8.899811
1997-10-18,7.4421597
1997-10-19,7.2198014
1997-10-20,5.184735
1997-10-21,5.6513352
1997-10-22,5.6061864
1997-10-23,4.97126
1997-10-24,4.9685793
1997-10-25,5.102185
1997-10-26,4.323799
1997-10-27,4.367407
1997-10-28,5.6982646
1997-10-29,7.836267
1997-10-30,4.6989784
1997-10-31,4.754939
1997-11-01,6.013882
1997-11-02,3.9207087
1997-11-03,4.7569757
1997-11-04,6.2967143
1997-11-05,9.692697
1997-11-06,4.6220365
1997-11-07,3.69164
1997-11-08,10.851211
1997-11-09,15.707932
1997-11-10,13.542143
1997-11-11,22.236923
1997-11-12,16.675566
1997-11-13,12.284058
1997-11-14,10.550259
1997-11-15,11.9520235
1997-11-16,9.148264
1997-11-17,8.366013
1997-11-18,10.026158
1997-11-19,7.394124
1997-11-20,7.9055166
1997-11-21,7.643287
1997-11-22,6.3611736
1997-11-23,5.44934
1997-11-24,5.952785
1997-11-25,7.538849
1997-11-26,9.130684
1997-11-27,5.108958
1997-11-28,4.339095
1997-11-29,4.092307
1997-11-30,4.1051745
1997-12-01,5.1002955
1997-12-02,5.580281
1997-12-03,6.418962
1997-12-04,4.0994563
1997-12-05,3.4146743
1997-12-06,3.4227214
1997-12-07,3.6556559
1997-12-08,4.6236258
1997-12-09,4.0656004
1997-12-10,3.6034682
1997-12-11,3.460441
1997-12-12,3.0629313
1997-12-13,2.7737634
1997-12-14,2.5999818
1997-12-15,2.6053023
1997-12-16,2.8080814
1997-12-17,2.5718117
1997-12-18,2.4295726
1997-12-19,2.3150964
1997-12-20,2.2470605
1997-12-21,2.1484537
1997-12-22,2.3506978
1997-12-23,1.9965944
1997-12-24,1.9059209
1997-12-25,1.791835
1997-12-26,1.744712
1997-12-27,1.7126366
1997-12-28,1.6824845
1997-12-29,1.620959
1997-12-30,1.6535499
1997-12-31,1.556641
1998-01-01,1.5341395
1998-01-02,1.5468059
1998-01-03,1.3448068
1998-01-04,1.2668523
1998-01-05,1.2193112
1998-01-06,1.1745454
1998-01-07,1.2205204
1998-01-08,1.2116256
1998-01-09,1.2231706
1998-01-10,1.3113793
1998-01-11,1.0739971
1998-01-12,1.0487638
1998-01-13,1.1675748
1998-01-14,1.0666441
1998-01-15,1.0159572
1998-01-16,0.9362912
1998-01-17,0.8723634
1998-01-18,0.79407716
1998-01-19,0.76402426
1998-01-20,0.74599826
1998-01-21,0.7097881
1998-01-22,0.6876449
1998-01-23,0.6600068
1998-01-24,0.6316517
1998-01-25,0.6104992
1998-01-26,0.58931637
1998-01-27,0.56892973
1998-01-28,0.5556517
1998-01-29,0.53062063
1998-01-30,0.5381884
1998-01-31,0.55043113
1998-02-01,0.505056
1998-02-02,0.5081629
1998-02-03,0.3393124
1998-02-04,0.55299926
1998-02-05,0.5903165
1998-02-06,1.2362949
1998-02-07,1.4509071
1998-02-08,2.0948231
1998-02-09,5.3821726
1998-02-10,1.2432274
1998-02-11,0.2670309
1998-02-12,0.22079127
1998-02-13,0.23740566
1998-02-14,0.3262453
1998-02-15,0.31664652
1998-02-16,0.3001873
1998-02-17,0.21065043
1998-02-18,0.026745044
1998-02-19,0.09501492
1998-02-20,0.073159255
1998-02-21,0.07552563
1998-02-22,0.2040124
1998-02-23,0.13582362
1998-02-24,0.105391786
1998-02-25,0.1374289
1998-02-26,0.11358841
1998-02-27,0.09158563
1998-02-28,0.047855407
1998-03-01,0.046132945
1998-03-02,0.04345469
1998-03-03,0.060162045
1998-03-04,0.092314355
1998-03-05,0.3752775
1998-03-06,0.099828064
1998-03-07,0.17383961
1998-03-08,1.1736602
1998-03-09,0.65212405
1998-03-10,0.79318935
1998-03-11,1.4427778
1998-03-12,0.731694
1998-03-13,0.22829038
1998-03-14,0.02298326
1998-03-15,0.0087953145
1998-03-16,0.028058464
1998-03-17,0.098867886
1998-03-18,0.03211599
1998-03-19,0.05444609
1998-03-20,0.015934778
1998-03-21,0.0012302669
1998-03-22,0.081175484
1998-03-23,0.15004759
1998-03-24,1.2225366
1998-03-25,0.99826443
1998-03-26,0.75357676
1998-03-27,1.606715
1998-03-28,0.74787843
1998-03-29,0.512915
1998-03-30,0.20429875
1998-03-31,0.021443503
1998-04-01,1.012911e-05
1998-04-02,4.784613e-09
1998-04-03,2.2600726e-12
1998-04-04,0.06897427
1998-04-05,0.53333825
1998-04-06,0.21799952
1998-04-07,0.2819376
1998-04-08,0.19905357
1998-04-09,3.4704134
1998-04-10,1.9227346
1998-04-11,1.9032781
1998-04-12,4.881703
1998-04-13,8.661086
1998-04-14,1.8512088
1998-04-15,1.2980782
1998-04-16,0.3462023
1998-04-17,1.6501676
1998-04-18,0.46694186
1998-04-19,0.48896173
1998-04-20,0.9845076
1998-04-21,1.0785009
1998-04-22,0.8257621
1998-04-23,1.2144247
1998-04-24,3.3955612
1998-04-25,2.0574572
1998-04-26,3.6416352
1998-04-27,3.7727363
1998-04-28,4.166502
1998-04-29,3.7005515
1998-04-30,1.4128195
1998-05-01,3.2089632
1998-05-02,4.7742467
1998-05-03,3.1523366
1998-05-04,3.09419
1998-05-05,4.570233
1998-05-06,7.523463
1998-05-07,5.2427793
1998-05-08,10.146216
1998-05-09,2.6234004
1998-05-10,0.32006967
1998-05-11,0.6237534
1998-05-12,1.0274273
1998-05-13,1.4087552
1998-05-14,0.5292765
1998-05-15,3.8216655
1998-05-16,2.2155592
1998-05-17,2.6210918
1998-05-18,7.7614365
1998-05-19,9.22834
1998-05-20,2.9696784
1998-05-21,1.6631979
1998-05-22,2.5959764
1998-05-23,0.91622984
1998-05-24,4.7331986
1998-05-25,5.8758097
1998-05-26,14.995229
1998-05-27,10.580833
1998-05-28,20.875935
1998-05-29,15.985768
1998-05-30,4.52573
1998-05-31,1.9825375
1998-06-01,2.8029377
1998-06-02,4.9584165
1998-06-03,4.094272
1998-06-04,2.994303
1998-06-05,6.9080973
1998-06-06,6.725891
1998-06-07,9.954439
1998-06-08,5.83871
1998-06-09,5.496964
1998-06-10,5.3466067
1998-06-11,4.421907
1998-06-12,4.3326406
1998-06-13,5.4870443
1998-06-14,5.610126
1998-06-15,12.964528
1998-06-16,10.246648
1998-06-17,6.5760303
1998-06-18,16.09146
1998-06-19,7.9733133
1998-06-20,7.7134576
1998-06-21,8.140223
1998-06-22,10.289457
1998-06-23,11.5852585
1998-06-24,9.665616
1998-06-25,8.494117
1998-06-26,6.6578903
1998-06-27,9.985368
1998-06-28,13.846978
1998-06-29,14.904714
1998-06-30,16.896734
1998-07-01,9.707475
1998-07-02,8.380973
1998-07-03,14.019426
1998-07-04,12.108332
1998-07-05,15.839336
1998-07-06,15.039996
1998-07-07,17.717825
1998-07-08,18.578463
1998-07-09,14.706905
1998-07-10,18.612122
1998-07-11,21.128407
1998-07-12,15.798984
1998-07-13,15.58545
1998-07-14,12.242755
1998-07-15,11.316403
1998-07-16,13.262693
1998-07-17,12.098705
1998-07-18,13.272769
1998-07-19,12.30802
1998-07-20,8.564245
1998-07-21,9.304876
1998-07-22,8.188942
1998-07-23,12.6137085
1998-07-24,13.304706
1998-07-25,14.893498
1998-07-26,7.531359
1998-07-27,14.445531
1998-07-28,8.407233
1998-07-29,12.840725
1998-07-30,9.025108
1998-07-31,7.18238
1998-08-01,10.922649
1998-08-02,7.9823294
1998-08-03,8.673346
1998-08-04,8.504724
1998-08-05,8.658868
1998-08-06,10.494492
1998-08-07,14.089779
1998-08-08,10.99553
1998-08-09,12.258379
1998-08-10,9.875625
1998-08-11,7.559283
1998-08-12,9.877069
1998-08-13,10.213992
1998-08-14,8.424271
1998-08-15,11.558593
1998-08-16,10.122582
1998-08-17,9.820933
1998-08-18,11.923349
1998-08-19,10.048093
1998-08-20,10.44128
1998-08-21,12.469717
1998-08-22,9.184337
1998-08-23,12.481339
1998-08-24,16.702133
1998-08-25,11.520359
1998-08-26,15.343765
1998-08-27,13.973562
1998-08-28,11.744039
1998-08-29,11.006241
1998-08-30,9.555415
1998-08-31,9.2262535
1998-09-01,14.0951605
1998-09-02,17.100243
1998-09-03,15.727967
1998-09-04,11.833136
1998-09-05,14.347137
1998-09-06,11.005478
1998-09-07,9.789517
1998-09-08,10.275788
1998-09-09,10.229428
1998-09-10,10.981283
1998-09-11,12.215814
1998-09-12,11.808786
1998-09-13,10.815971
1998-09-14,15.73155
1998-09-15,10.567874
1998-09-16,9.10307
1998-09-17,7.726306
1998-09-18,9.477562
1998-09-19,8.579583
1998-09-20,7.037208
1998-09-21,11.170207
1998-09-22,8.5057
1998-09-23,11.286613
1998-09-24,16.871649
1998-09-25,15.022039
1998-09-26,9.772369
1998-09-27,16.994524
1998-09-28,16.731352
1998-09-29,15.310101
1998-09-30,10.7121315
1998-10-01,9.655504
1998-10-02,10.021876
1998-10-03,13.684537
1998-10-04,11.902718
1998-10-05,10.13651
1998-10-06,12.839173
1998-10-07,20.99459
1998-10-08,11.454942
1998-10-09,11.052591
1998-10-10,12.072141
1998-10-11,14.514596
1998-10-12,9.970912
1998-10-13,10.994612
1998-10-14,20.097261
1998-10-15,19.019823
1998-10-16,10.819112
1998-10-17,11.146372
1998-10-18,9.112578
1998-10-19,9.592707
1998-10-20,10.1136265
1998-10-21,10.680306
1998-10-22,10.796996
1998-10-23,12.428321
1998-10-24,9.182359
1998-10-25,7.2978783
1998-10-26,7.553968
1998-10-27,6.969789
1998-10-28,8.703148
1998-10-29,6.5993276
1998-10-30,9.010638
1998-10-31,10.425986
1998-11-01,12.149313
1998-11-02,7.822121
1998-11-03,6.46131
1998-11-04,7.5477633
1998-11-05,6.970743
1998-11-06,5.5864205
1998-11-07,6.1222124
1998-11-08,6.6936264
1998-11-09,10.748337
1998-11-10,10.033582
1998-11-11,6.8112864
1998-11-12,6.1299763
1998-11-13,4.8461967
1998-11-14,4.9133267
1998-11-15,6.052376
1998-11-16,4.917474
1998-11-17,4.939195
1998-11-18,6.2125134
1998-11-19,10.911302
1998-11-20,14.965609
1998-11-21,13.119598
1998-11-22,13.677532
1998-11-23,10.030484
1998-11-24,11.323495
1998-11-25,8.961351
1998-11-26,8.337749
1998-11-27,8.068654
1998-11-28,7.9722567
1998-11-29,7.6306086
1998-11-30,7.144013
1998-12-01,6.799145
1998-12-02,7.2390766
1998-12-03,7.052657
1998-12-04,6.9968762
1998-12-05,7.183987
1998-12-06,8.840176
1998-12-07,11.839629
1998-12-08,9.435965
1998-12-09,5.870489
1998-12-10,12.933988
1998-12-11,5.6007943
1998-12-12,5.845487
1998-12-13,7.451567
1998-12-14,6.7184854
1998-12-15,5.9398556
1998-12-16,4.7543855
1998-12-17,7.5245924
1998-12-18,7.970831
1998-12-19,4.6367664
1998-12-20,4.107001
1998-12-21,4.760383
1998-12-22,6.4966125
1998-12-23,3.8540473
1998-12-24,4.115054
1998-12-25,3.7263758
1998-12-26,4.787879
1998-12-27,9.035162
1998-12-28,6.835847
1998-12-29,9.390014
1998-12-30,4.217604
1998-12-31,6.3357153
1999-01-01,3.6290298
1999-01-02,3.2240193
1999-01-03,3.1755238
1999-01-04,3.0924783
1999-01-05,2.8403914
1999-01-06,5.2872906
1999-01-07,3.0500393
1999-01-08,2.811385
1999-01-09,2.6227274
1999-01-10,2.4960995
1999-01-11,3.6274948
1999-01-12,3.1621504
1999-01-13,2.5826464
1999-01-14,2.332181
1999-01-15,2.2163625
1999-01-16,2.1901171
1999-01-17,2.2968447
1999-01-18,2.1344807
1999-01-19,2.095543
1999-01-20,2.4544961
1999-01-21,2.0811167
1999-01-22,2.291178
1999-01-23,1.9556845
1999-01-24,2.244372
1999-01-25,2.6100724
1999-01-26,2.5107195
1999-01-27,2.4118063
1999-01-28,1.9571217
1999-01-29,1.8658264
1999-01-30,1.5767931
1999-01-31,1.5484223
1999-02-01,1.5077873
1999-02-02,1.9603611
1999-02-03,1.9844604
1999-02-04,1.6031767
1999-02-05,1.4189405
1999-02-06,1.405435
1999-02-07,1.333936
1999-02-08,1.2357969
1999-02-09,1.1587256
1999-02-10,1.1417668
1999-02-11,2.3638973
1999-02-12,2.5283
1999-02-13,1.8815862
1999-02-14,2.7772746
1999-02-15,2.246883
1999-02-16,3.8814385
1999-02-17,6.0871735
1999-02-18,1.9423127
1999-02-19,2.3090065
1999-02-20,2.78449
1999-02-21,3.0314233
1999-02-22,3.761474
1999-02-23,2.9696233
1999-02-24,3.8881571
1999-02-25,11.27773
1999-02-26,7.982456
1999-02-27,3.0294309
1999-02-28,3.932464
1999-03-01,3.6252463
1999-03-02,5.2533183
1999-03-03,1.7866045
1999-03-04,0.92464274
1999-03-05,2.248725
1999-03-06,1.220342
1999-03-07,1.6810092
1999-03-08,1.2259831
1999-03-09,1.0528568
1999-03-10,1.1484612
1999-03-11,3.4513667
1999-03-12,1.6686864
1999-03-13,2.1082425
1999-03-14,1.7490925
1999-03-15,2.7364662
1999-03-16,5.618016
1999-03-17,12.154371
1999-03-18,5.048738
1999-03-19,9.245097
1999-03-20,3.3127077
1999-03-21,1.524796
1999-03-22,3.0006518
1999-03-23,1.8567814
1999-03-24,1.8214531
1999-03-25,3.7062714
1999-03-26,2.772591
1999-03-27,1.9019113
1999-03-28,3.0909472
1999-03-29,5.1946435
1999-03-30,5.295477
1999-03-31,2.9583724
1999-04-01,2.1793714
1999-04-02,1.8683634
1999-04-03,2.2935612
1999-04-04,2.2636428
1999-04-05,3.4539828
1999-04-06,7.4615602
1999-04-07,4.213452
1999-04-08,5.7551956
1999-04-09,4.4307747
1999-04-10,4.3416653
1999-04-11,5.7032933
1999-04-12,9.674388
1999-04-13,13.029592
1999-04-14,6.628906
1999-04-15,9.63937
1999-04-16,9.870412
1999-04-17,4.2718463
1999-04-18,3.7498775
1999-04-19,3.9436634
1999-04-20,3.8803136
1999-04-21,3.8471124
1999-04-22,4.3299065
1999-04-23,4.9144206
1999-04-24,10.652698
1999-04-25,9.979892
1999-04-26,9.318572
1999-04-27,15.404676
1999-04-28,19.1693
1999-04-29,11.188004
1999-04-30,11.111178
1999-05-01,14.314736
1999-05-02,13.463836
1999-05-03,28.932636
1999-05-04,19.838589
1999-05-05,21.404547
1999-05-06,17.819963
1999-05-07,16.111258
1999-05-08,17.016224
1999-05-09,12.106214
1999-05-10,12.636908
1999-05-11,13.300021
1999-05-12,11.38362
1999-05-13,15.891938
1999-05-14,12.513082
1999-05-15,9.668786
1999-05-16,10.136646
1999-05-17,9.916898
1999-05-18,7.724039
1999-05-19,8.723029
1999-05-20,7.6491184
1999-05-21,10.036496
1999-05-22,8.343835
1999-05-23,11.250998
1999-05-24,7.113143
1999-05-25,7.9043655
1999-05-26,8.39872
1999-05-27,6.2382593
1999-05-28,5.6259336
1999-05-29,6.6708517
1999-05-30,8.365438
1999-05-31,8.859724
1999-06-01,7.215575
1999-06-02,9.177612
1999-06-03,6.4370327
1999-06-04,4.788005
1999-06-05,5.3659844
1999-06-06,4.922996
1999-06-07,4.467591
1999-06-08,6.7384696
1999-06-09,8.113162
1999-06-10,5.1947303
1999-06-11,4.0673103
1999-06-12,9.088368
1999-06-13,5.982904
1999-06-14,7.354377
1999-06-15,6.460899
1999-06-16,4.2573113
1999-06-17,7.478344
1999-06-18,6.7131515
1999-06-19,5.839484
1999-06-20,9.609343
1999-06-21,7.633473
1999-06-22,9.481447
1999-06-23,6.4948754
1999-06-24,8.357494
1999-06-25,9.129702
1999-06-26,11.698603
1999-06-27,17.859499
1999-06-28,55.565254
1999-06-29,28.889671
1999-06-30,22.148312
1999-07-01,18.908123
1999-07-02,13.980618
1999-07-03,11.8662
1999-07-04,12.958642
1999-07-05,12.0492525
1999-07-06,11.057023
1999-07-07,9.228201
1999-07-08,11.62269
1999-07-09,7.9638543
1999-07-10,13.714341
1999-07-11,8.495412
1999-07-12,8.576051
1999-07-13,8.644561
1999-07-14,7.3482428
1999-07-15,6.8203015
1999-07-16,6.758602
1999-07-17,5.7723355
1999-07-18,6.228384
1999-07-19,8.617342
1999-07-20,8.489711
1999-07-21,10.244481
1999-07-22,6.12693
1999-07-23,10.199779
1999-07-24,7.319067
1999-07-25,5.280826
1999-07-26,4.712844
1999-07-27,9.419694
1999-07-28,12.217158
1999-07-29,8.299449
1999-07-30,6.147125
1999-07-31,7.3835526
1999-08-01,6.37954
1999-08-02,8.515101
1999-08-03,11.274361
1999-08-04,17.70212
1999-08-05,10.592683
1999-08-06,10.051299
1999-08-07,10.2926
1999-08-08,10.381063
1999-08-09,11.709516
1999-08-10,9.044116
1999-08-11,14.148775
1999-08-12,14.234329
1999-08-13,16.018604
1999-08-14,14.872979
1999-08-15,17.522812
1999-08-16,12.272971
1999-08-17,9.935928
1999-08-18,10.56834
1999-08-19,13.092367
1999-08-20,10.072366
1999-08-21,11.807212
1999-08-22,11.626686
1999-08-23,17.935661
1999-08-24,10.534681
1999-08-25,11.310235
1999-08-26,13.497932
1999-08-27,14.972194
1999-08-28,11.355601
1999-08-29,12.350555
1999-08-30,10.96596
1999-08-31,9.736114
1999-09-01,9.919361
1999-09-02,10.782925
1999-09-03,13.38447
1999-09-04,12.6368
1999-09-05,10.472478
1999-09-06,12.160737
1999-09-07,9.651306
1999-09-08,12.212624
1999-09-09,10.78976
1999-09-10,8.44165
1999-09-11,9.760091
1999-09-12,8.758946
1999-09-13,10.224825
1999-09-14,8.100847
1999-09-15,8.102419
1999-09-16,10.798274
1999-09-17,16.842556
1999-09-18,11.700142
1999-09-19,13.962623
1999-09-20,8.654202
1999-09-21,10.538611
1999-09-22,9.3179035
1999-09-23,18.812607
1999-09-24,10.90129
1999-09-25,14.100629
1999-09-26,11.161134
1999-09-27,12.834035
1999-09-28,13.874942
1999-09-29,10.4321375
1999-09-30,20.512352
1999-10-01,12.09836
1999-10-02,11.102567
1999-10-03,11.512377
1999-10-04,8.822121
1999-10-05,17.378363
1999-10-06,19.018404
1999-10-07,11.427205
1999-10-08,10.124702
1999-10-09,10.298555
1999-10-10,10.990701
1999-10-11,10.496104
1999-10-12,28.196583
1999-10-13,17.190863
1999-10-14,12.424867
1999-10-15,12.576552
1999-10-16,13.455834
1999-10-17,17.778906
1999-10-18,11.087052
1999-10-19,12.074728
1999-10-20,14.076909
1999-10-21,13.239653
1999-10-22,11.151584
1999-10-23,9.549751
1999-10-24,8.322377
1999-10-25,8.924322
1999-10-26,14.290558
1999-10-27,22.92885
1999-10-28,12.336956
1999-10-29,10.130005
1999-10-30,13.913104
1999-10-31,10.186563
1999-11-01,8.688313
1999-11-02,7.7822556
1999-11-03,8.169001
1999-11-04,9.076693
1999-11-05,12.398742
1999-11-06,7.824583
1999-11-07,8.227064
1999-11-08,14.278568
1999-11-09,16.266151
1999-11-10,9.25096
1999-11-11,8.667168
1999-11-12,7.874796
1999-11-13,8.423682
1999-11-14,7.936573
1999-11-15,9.287649
1999-11-16,8.172286
1999-11-17,8.729155
1999-11-18,8.72001
1999-11-19,7.8370447
1999-11-20,6.4144917
1999-11-21,6.1249757
1999-11-22,6.3977704
1999-11-23,5.756289
1999-11-24,5.5412297
1999-11-25,11.210623
1999-11-26,14.674049
1999-11-27,6.2695365
1999-11-28,4.9407344
1999-11-29,4.6683016
1999-11-30,4.731795
1999-12-01,5.85798
1999-12-02,8.464639
1999-12-03,11.099754
1999-12-04,7.1176505
1999-12-05,9.5695
1999-12-06,23.666786
1999-12-07,13.557692
1999-12-08,10.985659
1999-12-09,7.556196
1999-12-10,7.12054
1999-12-11,7.423556
1999-12-12,8.9582205
1999-12-13,9.246407
1999-12-14,14.76873
1999-12-15,12.432523
1999-12-16,9.599532
1999-12-17,10.731492
1999-12-18,10.336416
1999-12-19,10.623264
1999-12-20,9.838711
1999-12-21,8.799396
1999-12-22,8.603839
1999-12-23,8.228416
1999-12-24,7.619894
1999-12-25,7.613217
1999-12-26,7.660202
1999-12-27,6.98855
1999-12-28,6.0174623
1999-12-29,5.583238
1999-12-30,5.439078
1999-12-31,5.2126093
2000-01-01,4.8912973
2000-01-02,4.2665014
2000-01-03,4.117874
2000-01-04,3.5582647
2000-01-05,3.3010514
2000-01-06,3.210854
2000-01-07,3.3331587
2000-01-08,3.2798076
2000-01-09,4.2808733
2000-01-10,3.6287766
2000-01-11,2.7143555
2000-01-12,2.5362527
2000-01-13,2.4110131
2000-01-14,2.3370175
2000-01-15,2.2857146
2000-01-16,2.111953
2000-01-17,2.014216
2000-01-18,1.9231061
2000-01-19,1.8346379
2000-01-20,1.7880013
2000-01-21,1.7321692
2000-01-22,2.0351217
2000-01-23,1.7729203
2000-01-24,1.9239721
2000-01-25,1.7165928
2000-01-26,1.5817283
2000-01-27,1.7997353
2000-01-28,1.4609281
2000-01-29,1.4195027
2000-01-30,1.507489
2000-01-31,1.3127816
2000-02-01,1.4494019
2000-02-02,2.530965
2000-02-03,3.300008
2000-02-04,2.462418
2000-02-05,1.7697326
2000-02-06,3.6122115
2000-02-07,1.8363255
2000-02-08,1.5763291
2000-02-09,1.0315993
2000-02-10,0.96076286
2000-02-11,0.91915894
2000-02-12,0.99279076
2000-02-13,0.8884537
2000-02-14,0.8402885
2000-02-15,0.806282
2000-02-16,0.7416483
2000-02-17,0.74022645
2000-02-18,1.0546933
2000-02-19,0.959094
2000-02-20,0.91526747
2000-02-21,0.736032
2000-02-22,1.0406425
2000-02-23,3.8058996
2000-02-24,4.9234195
2000-02-25,4.0960097
2000-02-26,2.1118858
2000-02-27,1.6230685
2000-02-28,4.9784107
2000-02-29,2.7146647
2000-03-01,1.1891485
2000-03-02,0.86281514
2000-03-03,1.4564011
2000-03-04,1.5135416
2000-03-05,2.801366
2000-03-06,2.0801866
2000-03-07,0.91196114
2000-03-08,4.513076
2000-03-09,2.229392
2000-03-10,0.7359359
2000-03-11,0.37332803
2000-03-12,0.32551104
2000-03-13,0.40564033
2000-03-14,0.87193006
2000-03-15,1.1039366
2000-03-16,0.8205535
2000-03-17,0.65991527
2000-03-18,0.3956315
2000-03-19,0.5506589
2000-03-20,0.41506383
2000-03-21,0.27309942
2000-03-22,0.3615975
2000-03-23,0.25959724
2000-03-24,0.27625373
2000-03-25,0.23412558
2000-03-26,0.2310341
2000-03-27,0.23269649
2000-03-28,0.21886006
2000-03-29,0.21894021
2000-03-30,0.54195434
2000-03-31,0.5949538
2000-04-01,0.6658271
2000-04-02,0.53561264
2000-04-03,0.46534863
2000-04-04,0.6170554
2000-04-05,2.0110087
2000-04-06,1.1429123
2000-04-07,1.7234882
2000-04-08,2.2984097
2000-04-09,0.77660185
2000-04-10,1.0748745
2000-04-11,0.4317244
2000-04-12,0.638681
2000-04-13,0.9492324
2000-04-14,1.0539403
2000-04-15,6.208966
2000-04-16,1.326902
2000-04-17,2.599686
2000-04-18,2.5050492
2000-04-19,2.7643795
2000-04-20,1.0478221
2000-04-21,1.212067
2000-04-22,1.2503489
2000-04-23,2.9718444
2000-04-24,2.7311096
2000-04-25,5.2433624
2000-04-26,5.868084
2000-04-27,2.4284718
2000-04-28,0.52145326
2000-04-29,0.7283471
2000-04-30,0.70734745
2000-05-01,0.51323134
2000-05-02,1.8698207
2000-05-03,0.7280413
2000-05-04,1.1676557
2000-05-05,2.1241586
2000-05-06,3.1431131
2000-05-07,5.249344
2000-05-08,5.542509
2000-05-09,5.653739
2000-05-10,3.2281783
2000-05-11,4.060989
2000-05-12,1.4712858
2000-05-13,2.3864946
2000-05-14,4.328144
2000-05-15,8.20299
2000-05-16,4.983226
2000-05-17,13.227405
2000-05-18,3.8041983
2000-05-19,5.660093
2000-05-20,5.683811
2000-05-21,4.0712495
2000-05-22,4.7098794
2000-05-23,3.024733
2000-05-24,3.5150332
2000-05-25,6.1085815
2000-05-26,10.306444
2000-05-27,5.0476646
2000-05-28,7.153648
2000-05-29,6.0049505
2000-05-30,4.375566
2000-05-31,8.67261
2000-06-01,10.346466
2000-06-02,11.192654
2000-06-03,7.8494782
2000-06-04,5.5713544
2000-06-05,8.727042
2000-06-06,14.053314
2000-06-07,10.4673395
2000-06-08,9.19676
2000-06-09,10.414503
2000-06-10,8.774006
2000-06-11,10.026033
2000-06-12,7.470379
2000-06-13,15.379926
2000-06-14,13.336672
2000-06-15,11.3541565
2000-06-16,19.908905
2000-06-17,15.942841
2000-06-18,16.765764
2000-06-19,18.231503
2000-06-20,15.531706
2000-06-21,19.257847
2000-06-22,16.02733
2000-06-23,15.878257
2000-06-24,19.794807
2000-06-25,16.49835
2000-06-26,15.063944
2000-06-27,12.3852005
2000-06-28,11.998453
2000-06-29,12.331861
2000-06-30,17.102186
2000-07-01,10.902509
2000-07-02,15.120225
2000-07-03,11.568884
2000-07-04,8.452249
2000-07-05,9.754599
2000-07-06,12.9416895
2000-07-07,9.687617
2000-07-08,7.5118732
2000-07-09,12.596929
2000-07-10,7.92095
2000-07-11,6.5432844
2000-07-12,7.1567063
2000-07-13,6.6756673
2000-07-14,5.658802
2000-07-15,7.270839
2000-07-16,7.6978245
2000-07-17,7.7970176
2000-07-18,10.112865
2000-07-19,7.060672
2000-07-20,7.867555
2000-07-21,8.93687
2000-07-22,10.598818
2000-07-23,6.8566327
2000-07-24,6.4303737
2000-07-25,6.5406933
2000-07-26,6.711701
2000-07-27,9.106038
2000-07-28,10.127699
2000-07-29,7.7541265
2000-07-30,14.943371
2000-07-31,13.765058
2000-08-01,9.339881
2000-08-02,9.607261
2000-08-03,13.260803
2000-08-04,12.360978
2000-08-05,12.253354
2000-08-06,12.374701
2000-08-07,10.130804
2000-08-08,9.271945
2000-08-09,10.961496
2000-08-10,10.500262
2000-08-11,8.868368
2000-08-12,7.0771713
2000-08-13,8.615502
2000-08-14,10.260824
2000-08-15,11.854595
2000-08-16,13.703776
2000-08-17,10.003289
2000-08-18,6.9303317
2000-08-19,8.062543
2000-08-20,9.864825
2000-08-21,7.6902432
2000-08-22,8.139536
2000-08-23,8.570553
2000-08-24,7.7505546
2000-08-25,7.7027082
2000-08-26,9.370023
2000-08-27,6.8550878
2000-08-28,10.012549
2000-08-29,15.76523
2000-08-30,12.149467
2000-08-31,9.009017
2000-09-01,15.041585
2000-09-02,12.553831
2000-09-03,18.557552
2000-09-04,13.845655
2000-09-05,25.150608
2000-09-06,12.32586
2000-09-07,11.016441
2000-09-08,11.169927
2000-09-09,12.481523
2000-09-10,12.951094
2000-09-11,12.693315
2000-09-12,15.321551
2000-09-13,11.431445
2000-09-14,8.70908
2000-09-15,9.038486
2000-09-16,13.399663
2000-09-17,9.735305
2000-09-18,6.9860463
2000-09-19,8.225498
2000-09-20,12.259179
2000-09-21,7.3999705
2000-09-22,7.7956266
2000-09-23,9.4444275
2000-09-24,9.488822
2000-09-25,14.682076
2000-09-26,14.926416
2000-09-27,13.25953
2000-09-28,8.586037
2000-09-29,10.346456
2000-09-30,11.904531
2000-10-01,13.075844
2000-10-02,11.601335
2000-10-03,9.419088
2000-10-04,10.693855
2000-10-05,12.600549
2000-10-06,9.427851
2000-10-07,8.174388
2000-10-08,8.269293
2000-10-09,8.00687
2000-10-10,10.069285
2000-10-11,14.406435
2000-10-12,11.928206
2000-10-13,10.925685
2000-10-14,8.234635
2000-10-15,8.73588
2000-10-16,8.860432
2000-10-17,13.729844
2000-10-18,11.298501
2000-10-19,11.792899
2000-10-20,11.240029
2000-10-21,12.170724
2000-10-22,10.403243
2000-10-23,10.1564665
2000-10-24,12.235751
2000-10-25,9.908033
2000-10-26,8.046714
2000-10-27,8.566449
2000-10-28,8.510897
2000-10-29,10.827682
2000-10-30,10.861313
2000-10-31,13.77425
2000-11-01,11.037993
2000-11-02,11.489293
2000-11-03,7.702751
2000-11-04,7.256571
2000-11-05,7.299688
2000-11-06,6.8433714
2000-11-07,6.630305
2000-11-08,6.980614
2000-11-09,6.6454606
2000-11-10,6.87548
2000-11-11,8.327306
2000-11-12,9.399868
2000-11-13,5.734059
2000-11-14,5.0622125
2000-11-15,4.9656315
2000-11-16,4.7998657
2000-11-17,5.780429
2000-11-18,7.0951304
2000-11-19,7.5117054
2000-11-20,6.230082
2000-11-21,4.421424
2000-11-22,3.9880095
2000-11-23,3.9141035
2000-11-24,3.9729533
2000-11-25,3.9191816
2000-11-26,4.0570188
2000-11-27,4.504873
2000-11-28,5.1699634
2000-11-29,4.393754
2000-11-30,5.1372294
2000-12-01,5.0505414
2000-12-02,4.0441804
2000-12-03,6.973157
2000-12-04,40.690098
2000-12-05,10.31887
2000-12-06,6.8326235
2000-12-07,9.079425
2000-12-08,6.4927874
2000-12-09,6.0584526
2000-12-10,5.816321
2000-12-11,5.4760027
2000-12-12,5.550362
2000-12-13,4.987071
2000-12-14,4.8223433
2000-12-15,4.7036657
2000-12-16,4.606395
2000-12-17,4.4004354
2000-12-18,4.271122
2000-12-19,4.2856045
2000-12-20,4.176243
2000-12-21,3.9588108
2000-12-22,3.8745391
2000-12-23,3.8485746
2000-12-24,4.2261076
2000-12-25,3.808977
2000-12-26,4.1646023
2000-12-27,5.033402
2000-12-28,4.8534703
2000-12-29,5.819321
2000-12-30,5.2297416
2000-12-31,5.9798493
2001-01-01,6.8132353
2001-01-02,6.3766375
2001-01-03,3.4095953
2001-01-04,2.7970085
2001-01-05,2.9847674
2001-01-06,2.7292514
2001-01-07,2.5186794
2001-01-08,2.52811
2001-01-09,2.4326007
2001-01-10,2.461851
2001-01-11,2.8213775
2001-01-12,2.4343858
2001-01-13,2.2947598
2001-01-14,2.1920347
2001-01-15,2.126985
2001-01-16,2.1513078
2001-01-17,2.1746783
2001-01-18,2.0166128
2001-01-19,2.2557771
2001-01-20,2.1124804
2001-01-21,2.8565767
2001-01-22,2.718573
2001-01-23,2.367513
2001-01-24,3.339908
2001-01-25,2.3749604
2001-01-26,2.160685
2001-01-27,2.072082
2001-01-28,1.7783293
2001-01-29,1.501688
2001-01-30,1.4169747
2001-01-31,1.3784568
2001-02-01,1.3392556
2001-02-02,1.3071758
2001-02-03,1.2642665
2001-02-04,1.2284364
2001-02-05,1.2027863
2001-02-06,1.1880172
2001-02-07,1.1459081
2001-02-08,1.0929755
2001-02-09,1.1190147
2001-02-10,1.3225929
2001-02-11,1.1845697
2001-02-12,0.9865015
2001-02-13,0.942154
2001-02-14,0.9095512
2001-02-15,0.90364856
2001-02-16,0.8627727
2001-02-17,0.8652568
2001-02-18,0.8114247
2001-02-19,0.7731333
2001-02-20,0.7662462
2001-02-21,0.83812195
2001-02-22,0.77241105
2001-02-23,0.7242831
2001-02-24,0.68488985
2001-02-25,0.65536064
2001-02-26,0.63713944
2001-02-27,0.6669611
2001-02-28,0.67286885
2001-03-01,0.63809115
2001-03-02,0.6905662
2001-03-03,0.6384984
2001-03-04,0.57333446
2001-03-05,1.3242618
2001-03-06,0.92961544
2001-03-07,0.90977824
2001-03-08,1.3946987
2001-03-09,0.92563623
2001-03-10,1.4919531
2001-03-11,0.77227575
2001-03-12,0.7610186
2001-03-13,0.53575236
2001-03-14,0.4946818
2001-03-15,0.70319986
2001-03-16,0.49248382
2001-03-17,0.59374934
2001-03-18,0.3360631
2001-03-19,2.0865307
2001-03-20,0.48576856
2001-03-21,0.5453945
2001-03-22,1.295982
2001-03-23,1.6372095
2001-03-24,0.84214085
2001-03-25,1.6342194
2001-03-26,3.5450478
2001-03-27,2.237431
2001-03-28,1.14556
2001-03-29,0.4568026
2001-03-30,0.45311317
2001-03-31,0.2341167
2001-04-01,0.448786
2001-04-02,0.5766645
2001-04-03,0.6433758
2001-04-04,0.26044166
2001-04-05,0.14612699
2001-04-06,0.34657302
2001-04-07,1.0209237
2001-04-08,1.6188811
2001-04-09,1.5272194
2001-04-10,0.80847317
2001-04-11,1.1587194
2001-04-12,1.7127851
2001-04-13,1.632667
2001-04-14,1.7248336
2001-04-15,1.983766
2001-04-16,3.866999
2001-04-17,1.8685035
2001-04-18,1.8069092
2001-04-19,4.9980407
2001-04-20,6.2799945
2001-04-21,3.7904527
2001-04-22,1.4927813
2001-04-23,0.69553
2001-04-24,0.523824
2001-04-25,0.28948867
2001-04-26,0.34839243
2001-04-27,0.4385503
2001-04-28,1.2675885
2001-04-29,1.0300132
2001-04-30,3.47324
2001-05-01,4.2205167
2001-05-02,1.5708966
2001-05-03,3.6744082
2001-05-04,1.9212531
2001-05-05,2.907693
2001-05-06,2.93786
2001-05-07,1.142454
2001-05-08,1.080221
2001-05-09,1.3149341
2001-05-10,0.55732274
2001-05-11,0.48326713
2001-05-12,0.6924288
2001-05-13,4.103319
2001-05-14,1.9917189
2001-05-15,4.909839
2001-05-16,5.1463923
2001-05-17,5.1882534
2001-05-18,1.3398607
2001-05-19,1.476498
2001-05-20,0.5901189
2001-05-21,1.298843
2001-05-22,7.4346986
2001-05-23,8.547463
2001-05-24,4.692169
2001-05-25,3.979778
2001-05-26,1.9795321
2001-05-27,1.7778908
2001-05-28,5.5996594
2001-05-29,2.9824584
2001-05-30,1.968258
2001-05-31,2.2993402
2001-06-01,2.7673795
2001-06-02,4.6374416
2001-06-03,7.754878
2001-06-04,7.8494377
2001-06-05,2.6032689
2001-06-06,2.0044787
2001-06-07,2.167654
2001-06-08,3.2368379
2001-06-09,4.489236
2001-06-10,6.151135
2001-06-11,6.936614
2001-06-12,4.1549225
2001-06-13,4.562297
2001-06-14,3.7929225
2001-06-15,7.413275
2001-06-16,7.993987
2001-06-17,5.6459227
2001-06-18,3.9051683
2001-06-19,5.2696986
2001-06-20,12.807979
2001-06-21,6.797635
2001-06-22,10.5509205
2001-06-23,5.965422
2001-06-24,11.064293
2001-06-25,7.497228
2001-06-26,6.910626
2001-06-27,5.7450585
2001-06-28,6.795604
2001-06-29,8.696806
2001-06-30,6.383531
2001-07-01,7.755134
2001-07-02,6.6202335
2001-07-03,5.021957
2001-07-04,4.724781
2001-07-05,5.3796067
2001-07-06,4.6351843
2001-07-07,6.5135083
2001-07-08,17.225826
2001-07-09,7.5422964
2001-07-10,9.549633
2001-07-11,8.979893
2001-07-12,10.366719
2001-07-13,9.801419
2001-07-14,4.8226504
2001-07-15,6.4656444
2001-07-16,7.3609743
2001-07-17,5.449634
2001-07-18,9.242231
2001-07-19,10.724752
2001-07-20,10.33073
2001-07-21,11.389347
2001-07-22,14.898212
2001-07-23,11.936339
2001-07-24,9.531733
2001-07-25,10.063996
2001-07-26,11.988162
2001-07-27,11.434917
2001-07-28,12.176091
2001-07-29,9.588664
2001-07-30,8.578624
2001-07-31,12.173883
2001-08-01,8.648739
2001-08-02,9.260616
2001-08-03,9.075918
2001-08-04,12.75157
2001-08-05,8.985306
2001-08-06,7.08293
2001-08-07,8.974083
2001-08-08,10.507342
2001-08-09,17.27717
2001-08-10,10.264649
2001-08-11,6.8559465
2001-08-12,6.5788445
2001-08-13,6.947245
2001-08-14,8.0325
2001-08-15,6.8430996
2001-08-16,6.434008
2001-08-17,6.1602435
2001-08-18,6.4305353
2001-08-19,7.7655263
2001-08-20,6.0250006
2001-08-21,8.8587675
2001-08-22,9.390736
2001-08-23,7.329037
2001-08-24,5.139824
2001-08-25,6.5566134
2001-08-26,6.803313
2001-08-27,4.6294465
2001-08-28,4.8950114
2001-08-29,5.103156
2001-08-30,9.047947
2001-08-31,7.334757
2001-09-01,5.804987
2001-09-02,5.167657
2001-09-03,5.2287316
2001-09-04,8.387028
2001-09-05,13.137417
2001-09-06,7.3246984
2001-09-07,8.315553
2001-09-08,5.701959
2001-09-09,5.2120166
2001-09-10,6.1193156
2001-09-11,5.5361204
2001-09-12,6.052265
2001-09-13,8.253796
2001-09-14,9.541108
2001-09-15,6.9017944
2001-09-16,7.4560385
2001-09-17,5.4651017
2001-09-18,6.473496
2001-09-19,7.2255235
2001-09-20,7.93125
2001-09-21,5.419936
2001-09-22,9.181729
2001-09-23,10.287218
2001-09-24,10.808696
2001-09-25,9.214668
2001-09-26,6.7994957
2001-09-27,7.0714684
2001-09-28,10.427655
2001-09-29,10.494775
2001-09-30,11.2399435
2001-10-01,8.873959
2001-10-02,7.741466
2001-10-03,8.647145
2001-10-04,13.631057
2001-10-05,7.6022787
2001-10-06,10.066305
2001-10-07,7.633856
2001-10-08,12.14731
2001-10-09,7.988084
2001-10-10,10.928997
2001-10-11,10.77995
2001-10-12,10.158986
2001-10-13,7.60578
2001-10-14,7.407062
2001-10-15,10.477346
2001-10-16,8.435894
2001-10-17,9.431619
2001-10-18,7.3809447
2001-10-19,7.287979
2001-10-20,7.5285535
2001-10-21,9.078091
2001-10-22,9.443743
2001-10-23,11.262133
2001-10-24,16.874306
2001-10-25,17.018244
2001-10-26,9.4251995
2001-10-27,9.792612
2001-10-28,8.808997
2001-10-29,8.816272
2001-10-30,11.820243
2001-10-31,10.744251
2001-11-01,10.687764
2001-11-02,7.781027
2001-11-03,7.0282173
2001-11-04,6.8515754
2001-11-05,6.757774
2001-11-06,6.6805654
2001-11-07,10.307571
2001-11-08,8.811923
2001-11-09,8.833055
2001-11-10,10.082118
2001-11-11,9.063231
2001-11-12,12.650493
2001-11-13,8.12778
2001-11-14,6.5313654
2001-11-15,6.741331
2001-11-16,6.171112
2001-11-17,7.720437
2001-11-18,8.257943
2001-11-19,7.1845446
2001-11-20,7.7177267
2001-11-21,7.495765
2001-11-22,8.659703
2001-11-23,7.5311084
2001-11-24,6.7150874
2001-11-25,5.8095794
2001-11-26,6.839656
2001-11-27,11.0758
2001-11-28,6.257223
2001-11-29,5.9076605
2001-11-30,5.3801174
2001-12-01,5.233781
2001-12-02,5.304158
2001-12-03,5.1026793
2001-12-04,4.798544
2001-12-05,4.600846
2001-12-06,4.833061
2001-12-07,4.947206
2001-12-08,4.9164095
2001-12-09,4.887937
2001-12-10,4.411134
2001-12-11,4.397107
2001-12-12,6.814196
2001-12-13,4.6178246
2001-12-14,7.826649
2001-12-15,4.3388724
2001-12-16,3.651037
2001-12-17,4.503931
2001-12-18,4.600044
2001-12-19,3.9498715
2001-12-20,3.4574342
2001-12-21,4.508966
2001-12-22,6.2151566
2001-12-23,3.9319267
2001-12-24,3.7138276
2001-12-25,2.956668
2001-12-26,3.3659632
2001-12-27,4.136849
2001-12-28,3.5218108
2001-12-29,4.1470423
2001-12-30,3.2240877
2001-12-31,3.4691534
2002-01-01,2.7436788
2002-01-02,2.5259492
2002-01-03,2.6355815
2002-01-04,2.5357985
2002-01-05,2.490341
2002-01-06,2.4979527
2002-01-07,2.815548
2002-01-08,2.5023372
2002-01-09,3.5921474
2002-01-10,2.4987097
2002-01-11,2.1528049
2002-01-12,2.133018
2002-01-13,2.0502844
2002-01-14,2.161962
2002-01-15,1.9758167
2002-01-16,1.997092
2002-01-17,2.0185049
2002-01-18,2.2102876
2002-01-19,1.8879118
2002-01-20,1.7781527
2002-01-21,1.7194064
2002-01-22,1.814073
2002-01-23,1.8800867
2002-01-24,1.6982605
2002-01-25,2.662845
2002-01-26,1.7009166
2002-01-27,1.4181845
2002-01-28,1.3611748
2002-01-29,1.3025079
2002-01-30,1.5357101
2002-01-31,2.023219
2002-02-01,1.9836286
2002-02-02,2.292592
2002-02-03,1.4232088
2002-02-04,1.7224098
2002-02-05,2.1745996
2002-02-06,1.6714456
2002-02-07,1.327967
2002-02-08,1.1229532
2002-02-09,1.1298681
2002-02-10,1.0530598
2002-02-11,1.2030954
2002-02-12,1.0455238
2002-02-13,0.9202881
2002-02-14,0.8767945
2002-02-15,0.8346137
2002-02-16,0.8112438
2002-02-17,0.7861941
2002-02-18,0.7807467
2002-02-19,0.8375608
2002-02-20,0.8471777
2002-02-21,0.8998094
2002-02-22,0.877422
2002-02-23,0.692711
2002-02-24,1.4433284
2002-02-25,0.77002156
2002-02-26,0.7119401
2002-02-27,0.7342805
2002-02-28,0.7360665
2002-03-01,0.58305657
2002-03-02,0.5417491
2002-03-03,0.52663374
2002-03-04,0.5163933
2002-03-05,0.5349919
2002-03-06,0.56421596
2002-03-07,0.5030631
2002-03-08,0.45272768
2002-03-09,0.4362364
2002-03-10,0.4233997
2002-03-11,0.4202659
2002-03-12,0.4618107
2002-03-13,1.2496681
2002-03-14,0.3149308
2002-03-15,0.28790826
2002-03-16,0.40595585
2002-03-17,0.6319429
2002-03-18,0.8076762
2002-03-19,0.72574127
2002-03-20,1.3329905
2002-03-21,1.9820753
2002-03-22,4.6514325
2002-03-23,6.4868293
2002-03-24,1.3261592
2002-03-25,1.5059144
2002-03-26,0.94731516
2002-03-27,0.30873287
2002-03-28,1.139371
2002-03-29,1.0736235
2002-03-30,0.58714545
2002-03-31,0.30726457
2002-04-01,0.27534062
2002-04-02,0.61620593
2002-04-03,1.6545854
2002-04-04,1.2409497
2002-04-05,0.407615
2002-04-06,0.4259598
2002-04-07,0.7051721
2002-04-08,1.6898584
2002-04-09,2.945737
2002-04-10,2.896443
2002-04-11,2.041839
2002-04-12,3.1729193
2002-04-13,0.6268173
2002-04-14,0.23100153
2002-04-15,0.11846857
2002-04-16,0.5997243
2002-04-17,0.73016214
2002-04-18,3.7124083
2002-04-19,4.9358706
2002-04-20,5.855493
2002-04-21,4.079368
2002-04-22,3.234437
2002-04-23,5.3288107
2002-04-24,8.7496805
2002-04-25,7.5299954
2002-04-26,15.289999
2002-04-27,5.547693
2002-04-28,2.7964525
2002-04-29,0.9039796
2002-04-30,0.7295211
2002-05-01,1.4853296
2002-05-02,1.6689115
2002-05-03,0.81975377
2002-05-04,3.8231075
2002-05-05,1.6987497
2002-05-06,2.3851933
2002-05-07,2.3981166
2002-05-08,3.6416125
2002-05-09,2.9519296
2002-05-10,3.5333421
2002-05-11,2.9137468
2002-05-12,3.7242196
2002-05-13,2.2046733
2002-05-14,0.725672
2002-05-15,0.74985397
2002-05-16,1.7391303
2002-05-17,10.998418
2002-05-18,4.0455184
2002-05-19,10.887479
2002-05-20,4.518484
2002-05-21,3.3161438
2002-05-22,2.1337993
2002-05-23,1.9384152
2002-05-24,0.917281
2002-05-25,4.617992
2002-05-26,22.476068
2002-05-27,4.226395
2002-05-28,1.0387422
2002-05-29,7.0521364
2002-05-30,2.2489302
2002-05-31,3.665397
2002-06-01,6.1405325
2002-06-02,6.4024744
2002-06-03,4.4252787
2002-06-04,2.5080764
2002-06-05,5.0883293
2002-06-06,3.540102
2002-06-07,4.338921
2002-06-08,4.383632
2002-06-09,3.4802265
2002-06-10,4.800017
2002-06-11,4.2590203
2002-06-12,10.318571
2002-06-13,5.209358
2002-06-14,9.138931
2002-06-15,4.1836066
2002-06-16,5.12778
2002-06-17,8.696546
2002-06-18,7.8786554
2002-06-19,9.968878
2002-06-20,5.375313
2002-06-21,6.9433904
2002-06-22,5.708367
2002-06-23,5.221644
2002-06-24,5.221581
2002-06-25,4.882556
2002-06-26,6.2916636
2002-06-27,4.884822
2002-06-28,4.788291
2002-06-29,4.5261717
2002-06-30,5.8775964
2002-07-01,9.403676
2002-07-02,4.4513955
2002-07-03,3.5216124
2002-07-04,4.9613447
2002-07-05,4.7757072
2002-07-06,9.201585
2002-07-07,8.718341
2002-07-08,4.356593
2002-07-09,3.2928698
2002-07-10,3.8222685
2002-07-11,4.124988
2002-07-12,10.347612
2002-07-13,5.0954175
2002-07-14,3.5951622
2002-07-15,6.9732685
2002-07-16,7.686707
2002-07-17,11.525595
2002-07-18,11.334524
2002-07-19,18.630527
2002-07-20,10.372043
2002-07-21,14.274643
2002-07-22,12.276495
2002-07-23,10.839517
2002-07-24,10.7065735
2002-07-25,8.525693
2002-07-26,8.5639925
2002-07-27,8.029023
2002-07-28,8.523569
2002-07-29,7.278216
2002-07-30,13.520862
2002-07-31,7.3475933
2002-08-01,17.574537
2002-08-02,7.4648576
2002-08-03,11.288266
2002-08-04,6.3698297
2002-08-05,5.8278975
2002-08-06,5.7970543
2002-08-07,6.91724
2002-08-08,6.6463675
2002-08-09,7.3370566
2002-08-10,8.531925
2002-08-11,6.4333797
2002-08-12,6.541615
2002-08-13,6.0306334
2002-08-14,5.1397667
2002-08-15,5.576268
2002-08-16,5.0683427
2002-08-17,4.583719
2002-08-18,5.3009
2002-08-19,7.044454
2002-08-20,5.65427
2002-08-21,5.358234
2002-08-22,4.3521247
2002-08-23,6.949568
2002-08-24,7.491624
2002-08-25,5.0173345
2002-08-26,5.3840575
2002-08-27,8.111525
2002-08-28,7.4746056
2002-08-29,6.256684
2002-08-30,11.784187
2002-08-31,6.4440193
2002-09-01,8.43795
2002-09-02,7.6087866
2002-09-03,7.745038
2002-09-04,9.13691
2002-09-05,7.734671
2002-09-06,7.520964
2002-09-07,7.2122726
2002-09-08,7.337582
2002-09-09,8.908008
2002-09-10,6.83031
2002-09-11,7.5152173
2002-09-12,8.0878315
2002-09-13,6.888563
2002-09-14,7.465979
2002-09-15,6.7670655
2002-09-16,10.123965
2002-09-17,7.5187206
2002-09-18,6.806848
2002-09-19,11.131425
2002-09-20,15.355147
2002-09-21,8.943561
2002-09-22,6.8312182
2002-09-23,7.493588
2002-09-24,6.575132
2002-09-25,6.2598624
2002-09-26,8.049923
2002-09-27,9.922359
2002-09-28,13.573286
2002-09-29,12.035804
2002-09-30,9.102796
2002-10-01,6.6493845
2002-10-02,9.048384
2002-10-03,7.40973
2002-10-04,5.932218
2002-10-05,8.411757
2002-10-06,5.919455
2002-10-07,10.246947
2002-10-08,9.710106
2002-10-09,10.085289
2002-10-10,6.113593
2002-10-11,7.891248
2002-10-12,6.396734
2002-10-13,13.053602
2002-10-14,11.394831
2002-10-15,6.599248
2002-10-16,6.0064282
2002-10-17,10.431889
2002-10-18,10.129773
2002-10-19,11.214721
2002-10-20,7.6397557
2002-10-21,7.1348934
2002-10-22,6.9086366
2002-10-23,8.054628
2002-10-24,14.256415
2002-10-25,10.182535
2002-10-26,9.996776
2002-10-27,8.138079
2002-10-28,7.7871437
2002-10-29,6.322405
2002-10-30,5.945763
2002-10-31,8.23721
2002-11-01,6.373764
2002-11-02,6.779049
2002-11-03,7.9431787
2002-11-04,10.370885
2002-11-05,6.5483327
2002-11-06,6.191543
2002-11-07,8.980527
2002-11-08,8.876831
2002-11-09,9.005391
2002-11-10,6.522291
2002-11-11,5.7458954
2002-11-12,4.900132
2002-11-13,5.7051544
2002-11-14,6.3606057
2002-11-15,5.023294
2002-11-16,5.808619
2002-11-17,5.405893
2002-11-18,7.099146
2002-11-19,5.1662807
2002-11-20,4.5184793
2002-11-21,5.4671254
2002-11-22,4.8022747
2002-11-23,6.148805
2002-11-24,8.82425
2002-11-25,5.391124
2002-11-26,5.018496
2002-11-27,4.383207
2002-11-28,4.1583
2002-11-29,5.59652
2002-11-30,5.1109715
2002-12-01,4.015964
2002-12-02,3.6493037
2002-12-03,4.2764626
2002-12-04,4.5048494
2002-12-05,4.2792673
2002-12-06,4.8069673
2002-12-07,6.594298
2002-12-08,4.043362
2002-12-09,3.8097818
2002-12-10,3.1693845
2002-12-11,2.9912467
2002-12-12,2.8839614
2002-12-13,2.7341924
2002-12-14,2.6515903
2002-12-15,3.8183064
2002-12-16,4.1930957
2002-12-17,4.2508283
2002-12-18,2.6825056
2002-12-19,2.6316578
2002-12-20,2.6152601
2002-12-21,3.0570247
2002-12-22,2.8285115
2002-12-23,2.570241
2002-12-24,2.2804518
2002-12-25,2.236566
2002-12-26,2.4258592
2002-12-27,2.1815424
2002-12-28,2.1179326
2002-12-29,2.2480433
2002-12-30,1.9490627
2002-12-31,1.9555188
2003-01-01,1.8469039
2003-01-02,1.9500494
2003-01-03,1.7686943
2003-01-04,2.1170008
2003-01-05,1.8137796
2003-01-06,1.5968242
2003-01-07,1.522824
2003-01-08,1.6351589
2003-01-09,2.165321
2003-01-10,1.6903791
2003-01-11,1.4332725
2003-01-12,1.327261
2003-01-13,1.3701833
2003-01-14,1.2701527
2003-01-15,1.264066
2003-01-16,1.2012697
2003-01-17,1.1173457
2003-01-18,1.1236305
2003-01-19,1.0820268
2003-01-20,1.1844947
2003-01-21,1.1845206
2003-01-22,0.9968485
2003-01-23,0.9227539
2003-01-24,0.9029107
2003-01-25,0.9276998
2003-01-26,0.8544384
2003-01-27,0.85573554
2003-01-28,0.8981055
2003-01-29,0.8081303
2003-01-30,0.72755504
2003-01-31,0.71884584
2003-02-01,0.6947404
2003-02-02,0.7473679
2003-02-03,0.7695323
2003-02-04,0.6240065
2003-02-05,0.58102816
2003-02-06,0.5601956
2003-02-07,0.53984374
2003-02-08,0.75165105
2003-02-09,0.68028265
2003-02-10,0.8912774
2003-02-11,0.9827971
2003-02-12,1.5755811
2003-02-13,0.97304285
2003-02-14,0.7089926
2003-02-15,0.32670048
2003-02-16,0.31997117
2003-02-17,0.58392787
2003-02-18,0.49550095
2003-02-19,0.2784358
2003-02-20,0.29745758
2003-02-21,0.2586263
2003-02-22,0.25422913
2003-02-23,0.17643881
2003-02-24,0.11697339
2003-02-25,0.039932948
2003-02-26,0.27674705
2003-02-27,0.5810752
2003-02-28,0.29863712
2003-03-01,0.1987798
2003-03-02,0.06922134
2003-03-03,0.101811
2003-03-04,0.11801431
2003-03-05,0.024007227
2003-03-06,0.00123408
2003-03-07,5.829333e-07
2003-03-08,2.7535593e-10
2003-03-09,1.3006786e-13
2003-03-10,6.14392e-17
2003-03-11,0.007808408
2003-03-12,0.0012264282
2003-03-13,0.021148352
2003-03-14,0.11475406
2003-03-15,0.22101036
2003-03-16,1.9364102
2003-03-17,0.39647657
2003-03-18,0.272391
2003-03-19,0.6895995
2003-03-20,1.2538104
2003-03-21,2.365246
2003-03-22,2.9484441
2003-03-23,0.5845623
2003-03-24,0.115067914
2003-03-25,0.09458331
2003-03-26,0.11291303
2003-03-27,0.13173255
2003-03-28,0.07385991
2003-03-29,0.040956594
2003-03-30,0.30031857
2003-03-31,0.3294218
2003-04-01,0.87532234
2003-04-02,0.77376026
2003-04-03,0.101092614
2003-04-04,0.085516095
2003-04-05,0.0705231
2003-04-06,0.17425257
2003-04-07,0.16684033
2003-04-08,0.53302425
2003-04-09,1.0150098
2003-04-10,2.236398
2003-04-11,0.6243293
2003-04-12,1.739647
2003-04-13,1.1598285
2003-04-14,82.43262
2003-04-15,22.262354
2003-04-16,2.5940762
2003-04-17,1.6151831
2003-04-18,0.6456997
2003-04-19,0.40744174
2003-04-20,0.73419094
2003-04-21,2.072338
2003-04-22,3.4047353
2003-04-23,2.9129865
2003-04-24,2.7751467
2003-04-25,4.0645704
2003-04-26,4.99465
2003-04-27,2.9926138
2003-04-28,2.8195517
2003-04-29,1.3517238
2003-04-30,6.366076
2003-05-01,4.3251457
2003-05-02,0.53396016
2003-05-03,1.195595
2003-05-04,2.2224705
2003-05-05,5.2690077
2003-05-06,3.6692715
2003-05-07,5.8045244
2003-05-08,5.186918
2003-05-09,1.7305164
2003-05-10,4.271636
2003-05-11,3.5577462
2003-05-12,9.996335
2003-05-13,10.112466
2003-05-14,2.2867224
2003-05-15,3.7340057
2003-05-16,1.9705268
2003-05-17,9.490449
2003-05-18,12.284687
2003-05-19,7.416809
2003-05-20,7.7410007
2003-05-21,4.6695385
2003-05-22,4.271133
2003-05-23,4.0882473
2003-05-24,5.4972486
2003-05-25,7.790104
2003-05-26,5.0295367
2003-05-27,4.148186
2003-05-28,4.4916434
2003-05-29,5.1336017
2003-05-30,4.0767527
2003-05-31,3.5003097
2003-06-01,9.6923485
2003-06-02,5.7944465
2003-06-03,9.129184
2003-06-04,9.993165
2003-06-05,4.9275093
2003-06-06,7.843364
2003-06-07,10.952759
2003-06-08,10.590077
2003-06-09,5.7607317
2003-06-10,8.970934
2003-06-11,8.595371
2003-06-12,6.8759146
2003-06-13,12.961265
2003-06-14,9.104916
2003-06-15,9.83994
2003-06-16,12.450249
2003-06-17,12.990328
2003-06-18,19.288471
2003-06-19,16.100718
2003-06-20,13.828137
2003-06-21,14.829642
2003-06-22,17.319906
2003-06-23,19.130926
2003-06-24,17.817368
2003-06-25,12.946573
2003-06-26,10.722383
2003-06-27,9.819513
2003-06-28,11.794973
2003-06-29,10.349557
2003-06-30,10.765497
2003-07-01,10.617446
2003-07-02,7.7779856
2003-07-03,7.7328496
2003-07-04,7.193558
2003-07-05,9.798936
2003-07-06,13.15771
2003-07-07,8.559059
2003-07-08,9.832516
2003-07-09,8.710558
2003-07-10,9.005999
2003-07-11,6.701768
2003-07-12,9.549395
2003-07-13,12.464829
2003-07-14,6.4228687
2003-07-15,5.1568704
2003-07-16,8.834314
2003-07-17,9.577319
2003-07-18,8.345167
2003-07-19,6.1491346
2003-07-20,7.159143
2003-07-21,7.1859546
2003-07-22,9.985427
2003-07-23,7.112085
2003-07-24,7.1479664
2003-07-25,8.682194
2003-07-26,9.630913
2003-07-27,12.87958
2003-07-28,8.6430855
2003-07-29,5.9143925
2003-07-30,7.109513
2003-07-31,8.303829
2003-08-01,15.235726
2003-08-02,9.824511
2003-08-03,9.989128
2003-08-04,13.414917
2003-08-05,9.759199
2003-08-06,12.336042
2003-08-07,9.865632
2003-08-08,9.457114
2003-08-09,9.807251
2003-08-10,8.375833
2003-08-11,12.067104
2003-08-12,7.998956
2003-08-13,9.003063
2003-08-14,12.703407
2003-08-15,7.662686
2003-08-16,11.184499
2003-08-17,9.9709635
2003-08-18,7.3049436
2003-08-19,8.040064
2003-08-20,11.965902
2003-08-21,10.83172
2003-08-22,10.638438
2003-08-23,15.946
2003-08-24,13.588243
2003-08-25,10.380779
2003-08-26,11.538788
2003-08-27,13.297281
2003-08-28,28.194122
2003-08-29,17.662434
2003-08-30,17.22356
2003-08-31,17.26675
2003-09-01,13.733429
2003-09-02,12.440014
2003-09-03,11.645253
2003-09-04,11.933912
2003-09-05,10.017984
2003-09-06,10.926353
2003-09-07,9.87808
2003-09-08,8.389049
2003-09-09,7.5140066
2003-09-10,9.427423
2003-09-11,13.073431
2003-09-12,10.3965025
2003-09-13,11.4597645
2003-09-14,7.058661
2003-09-15,7.8245153
2003-09-16,6.4552755
2003-09-17,6.1535215
2003-09-18,8.232716
2003-09-19,11.321946
2003-09-20,14.02871
2003-09-21,10.00806
2003-09-22,10.452248
2003-09-23,14.040895
2003-09-24,14.507928
2003-09-25,10.245597
2003-09-26,8.445996
2003-09-27,7.9562016
2003-09-28,12.03724
2003-09-29,10.749465
2003-09-30,9.932442
2003-10-01,13.570325
2003-10-02,10.908004
2003-10-03,11.62667
2003-10-04,8.534284
2003-10-05,9.935011
2003-10-06,10.178434
2003-10-07,8.490926
2003-10-08,7.9450474
2003-10-09,9.946013
2003-10-10,9.941286
2003-10-11,10.876966
2003-10-12,7.1396437
2003-10-13,8.590062
2003-10-14,11.185179
2003-10-15,9.750797
2003-10-16,8.855544
2003-10-17,9.188248
2003-10-18,8.410276
2003-10-19,5.6150265
2003-10-20,10.485198
2003-10-21,11.875458
2003-10-22,9.44709
2003-10-23,9.395605
2003-10-24,7.690309
2003-10-25,7.8006234
2003-10-26,9.874452
2003-10-27,7.8808646
2003-10-28,8.357296
2003-10-29,10.833097
2003-10-30,10.661055
2003-10-31,10.875267
2003-11-01,9.676058
2003-11-02,7.733515
2003-11-03,6.0427237
2003-11-04,5.2300973
2003-11-05,6.813613
2003-11-06,6.810567
2003-11-07,7.966891
2003-11-08,12.264995
2003-11-09,7.892283
2003-11-10,11.926264
2003-11-11,7.898936
2003-11-12,10.024737
2003-11-13,10.729749
2003-11-14,7.7345166
2003-11-15,11.644416
2003-11-16,15.119626
2003-11-17,8.509757
2003-11-18,8.781623
2003-11-19,11.164617
2003-11-20,7.783628
2003-11-21,9.393033
2003-11-22,9.124384
2003-11-23,8.000599
2003-11-24,10.072281
2003-11-25,9.432049
2003-11-26,7.4192977
2003-11-27,6.3952622
2003-11-28,6.2751665
2003-11-29,8.082594
2003-11-30,8.562508
2003-12-01,9.424931
2003-12-02,10.911581
2003-12-03,9.266749
2003-12-04,13.911686
2003-12-05,7.051009
2003-12-06,5.2395205
2003-12-07,7.287587
2003-12-08,6.086423
2003-12-09,5.6048493
2003-12-10,5.1554894
2003-12-11,5.4076247
2003-12-12,5.185036
2003-12-13,5.3180995
2003-12-14,5.0206923
2003-12-15,4.806518
2003-12-16,4.291247
2003-12-17,4.181422
2003-12-18,4.191537
2003-12-19,4.6552944
2003-12-20,4.552375
2003-12-21,6.824263
2003-12-22,6.3748016
2003-12-23,6.7108502
2003-12-24,3.9681692
2003-12-25,4.2743616
2003-12-26,5.7728047
2003-12-27,4.70712
2003-12-28,3.8222172
2003-12-29,3.4306693
2003-12-30,3.2040172
2003-12-31,3.0182114
2004-01-01,3.0219417
2004-01-02,2.7161858
2004-01-03,2.614048
2004-01-04,2.5608828
2004-01-05,2.6100328
2004-01-06,2.5024974
2004-01-07,3.2788587
2004-01-08,2.7217143
2004-01-09,3.988152
2004-01-10,3.6267934
2004-01-11,5.600495
2004-01-12,3.8714552
2004-01-13,2.9486215
2004-01-14,2.389927
2004-01-15,2.2134688
2004-01-16,2.1436508
2004-01-17,2.0354831
2004-01-18,2.0832655
2004-01-19,1.9188198
2004-01-20,1.803573
2004-01-21,1.8207096
2004-01-22,1.8631344
2004-01-23,1.8351804
2004-01-24,1.792331
2004-01-25,1.6947784
2004-01-26,1.5600386
2004-01-27,1.4968531
2004-01-28,1.4482185
2004-01-29,1.4062756
2004-01-30,1.355064
2004-01-31,1.3154374
2004-02-01,1.2734443
2004-02-02,1.2334038
2004-02-03,1.1947275
2004-02-04,1.1681584
2004-02-05,1.1225561
2004-02-06,1.0818039
2004-02-07,1.0457348
2004-02-08,1.0130036
2004-02-09,0.9775237
2004-02-10,0.93965244
2004-02-11,0.91734636
2004-02-12,0.8875285
2004-02-13,0.84847647
2004-02-14,1.0153083
2004-02-15,0.83303005
2004-02-16,0.795434
2004-02-17,0.76083684
2004-02-18,0.71772337
2004-02-19,0.73470336
2004-02-20,0.7699674
2004-02-21,0.7024793
2004-02-22,0.63588023
2004-02-23,0.60450757
2004-02-24,1.3857343
2004-02-25,0.9750135
2004-02-26,0.78031284
2004-02-27,0.57334965
2004-02-28,0.53162473
2004-02-29,2.1712701
2004-03-01,1.1426688
2004-03-02,1.4351202
2004-03-03,1.0916107
2004-03-04,0.65391725
2004-03-05,0.5131928
2004-03-06,0.47829485
2004-03-07,0.5776661
2004-03-08,0.8424516
2004-03-09,0.9929992
2004-03-10,0.2880223
2004-03-11,0.36560178
2004-03-12,0.9223071
2004-03-13,0.34538844
2004-03-14,0.09339615
2004-03-15,0.032294873
2004-03-16,0.08638324
2004-03-17,0.21277204
2004-03-18,0.10458609
2004-03-19,0.019320996
2004-03-20,0.08712435
2004-03-21,0.045700975
2004-03-22,0.052891888
2004-03-23,0.042326752
2004-03-24,0.060455583
2004-03-25,0.10396633
2004-03-26,0.3162811
2004-03-27,0.5021712
2004-03-28,0.20518078
2004-03-29,0.02103634
2004-03-30,0.05434344
2004-03-31,0.008533902
2004-04-01,0.09956123
2004-04-02,0.11292829
2004-04-03,0.29432476
2004-04-04,1.0737488
2004-04-05,0.95742464
2004-04-06,0.13854578
2004-04-07,0.44513452
2004-04-08,0.4844685
2004-04-09,0.19127159
2004-04-10,0.10594865
2004-04-11,0.91882247
2004-04-12,1.7017102
2004-04-13,0.8478028
2004-04-14,0.7756389
2004-04-15,4.0439706
2004-04-16,2.6478834
2004-04-17,0.4966922
2004-04-18,0.17852648
2004-04-19,0.4137426
2004-04-20,0.9620985
2004-04-21,2.0393727
2004-04-22,0.51875716
2004-04-23,2.8181949
2004-04-24,2.2071166
2004-04-25,8.640908
2004-04-26,4.806137
2004-04-27,1.7735986
2004-04-28,1.6751869
2004-04-29,3.1345046
2004-04-30,2.589552
2004-05-01,8.944155
2004-05-02,3.6236446
2004-05-03,1.0579551
2004-05-04,0.9991007
2004-05-05,1.9166685
2004-05-06,5.0165305
2004-05-07,0.98429954
2004-05-08,0.6515262
2004-05-09,0.692244
2004-05-10,2.1500983
2004-05-11,7.4208856
2004-05-12,3.7253191
2004-05-13,6.879845
2004-05-14,1.3871895
2004-05-15,0.4784562
2004-05-16,10.596596
2004-05-17,12.003045
2004-05-18,10.931848
2004-05-19,8.734978
2004-05-20,7.536704
2004-05-21,6.8595176
2004-05-22,7.4116898
2004-05-23,6.994801
2004-05-24,11.309547
2004-05-25,2.8851087
2004-05-26,2.4057908
2004-05-27,5.229274
2004-05-28,5.055238
2004-05-29,4.836944
2004-05-30,8.771263
2004-05-31,2.6274266
2004-06-01,4.044416
2004-06-02,5.37644
2004-06-03,5.711292
2004-06-04,4.050253
2004-06-05,5.6074553
2004-06-06,10.030947
2004-06-07,4.513421
2004-06-08,2.5834548
2004-06-09,4.945637
2004-06-10,11.038467
2004-06-11,4.782628
2004-06-12,3.6559408
2004-06-13,4.4984074
2004-06-14,5.0055184
2004-06-15,10.145687
2004-06-16,7.0725374
2004-06-17,7.485147
2004-06-18,5.703745
2004-06-19,5.8418517
2004-06-20,6.9426746
2004-06-21,9.840931
2004-06-22,5.840342
2004-06-23,4.5567665
2004-06-24,5.5801463
2004-06-25,7.7680297
2004-06-26,6.3532624
2004-06-27,5.3895783
2004-06-28,10.093234
2004-06-29,9.214486
2004-06-30,8.847525
2004-07-01,9.583269
2004-07-02,7.135805
2004-07-03,6.4825225
2004-07-04,12.515128
2004-07-05,9.500874
2004-07-06,7.437197
2004-07-07,11.168047
2004-07-08,9.502606
2004-07-09,11.663411
2004-07-10,8.207571
2004-07-11,13.049698
2004-07-12,10.524894
2004-07-13,8.553271
2004-07-14,9.813389
2004-07-15,9.045482
2004-07-16,9.870254
2004-07-17,7.551703
2004-07-18,8.072779
2004-07-19,8.022329
2004-07-20,13.632986
2004-07-21,10.901045
2004-07-22,15.000817
2004-07-23,8.24008
2004-07-24,7.002788
2004-07-25,6.2674584
2004-07-26,6.764758
2004-07-27,8.904561
2004-07-28,12.172596
2004-07-29,16.555578
2004-07-30,9.505826
2004-07-31,9.435026
2004-08-01,9.3933735
2004-08-02,6.9707236
2004-08-03,8.944665
2004-08-04,13.704971
2004-08-05,8.894894
2004-08-06,9.963931
2004-08-07,8.330037
2004-08-08,6.1792836
2004-08-09,6.1692715
2004-08-10,5.644561
2004-08-11,7.811959
2004-08-12,5.7058024
2004-08-13,6.8419533
2004-08-14,5.249449
2004-08-15,7.816693
2004-08-16,7.760626
2004-08-17,5.7847075
2004-08-18,5.0683684
2004-08-19,5.7769685
2004-08-20,5.135212
2004-08-21,5.8015037
2004-08-22,8.9270315
2004-08-23,5.8015437
2004-08-24,8.644051
2004-08-25,5.911878
2004-08-26,6.3103104
2004-08-27,7.439825
2004-08-28,6.02337
2004-08-29,5.090966
2004-08-30,5.816965
2004-08-31,7.2035584
2004-09-01,5.1614876
2004-09-02,4.292903
2004-09-03,5.4220943
2004-09-04,5.1108327
2004-09-05,12.246574
2004-09-06,10.498288
2004-09-07,14.231113
2004-09-08,11.154764
2004-09-09,17.895964
2004-09-10,16.286594
2004-09-11,27.096144
2004-09-12,17.594845
2004-09-13,12.622924
2004-09-14,12.832409
2004-09-15,13.16473
2004-09-16,11.57003
2004-09-17,15.13782
2004-09-18,14.888083
2004-09-19,10.4844475
2004-09-20,11.527466
2004-09-21,11.325355
2004-09-22,9.512199
2004-09-23,8.851741
2004-09-24,11.741327
2004-09-25,11.019858
2004-09-26,8.639214
2004-09-27,11.407951
2004-09-28,8.037255
2004-09-29,12.313583
2004-09-30,8.807904
2004-10-01,10.694778
2004-10-02,11.705577
2004-10-03,9.226607
2004-10-04,8.967949
2004-10-05,12.180584
2004-10-06,12.081386
2004-10-07,11.231901
2004-10-08,10.369635
2004-10-09,8.322345
2004-10-10,11.497061
2004-10-11,10.311965
2004-10-12,10.008591
2004-10-13,8.348369
2004-10-14,7.3185515
2004-10-15,7.53492
2004-10-16,7.005826
2004-10-17,6.6081643
2004-10-18,13.344267
2004-10-19,9.081944
2004-10-20,11.469862
2004-10-21,12.4348755
2004-10-22,11.062607
2004-10-23,11.223856
2004-10-24,7.1716037
2004-10-25,5.345106
2004-10-26,6.370057
2004-10-27,6.182933
2004-10-28,8.1865835
2004-10-29,9.455008
2004-10-30,14.143119
2004-10-31,7.4765882
2004-11-01,7.8383417
2004-11-02,7.480884
2004-11-03,10.192678
2004-11-04,7.5973015
2004-11-05,9.330119
2004-11-06,9.45407
2004-11-07,6.191362
2004-11-08,5.5711527
2004-11-09,11.0696335
2004-11-10,12.545454
2004-11-11,11.391225
2004-11-12,7.666604
2004-11-13,6.4201794
2004-11-14,6.332804
2004-11-15,6.3487988
2004-11-16,6.1093764
2004-11-17,7.1837506
2004-11-18,9.127335
2004-11-19,13.307015
2004-11-20,16.504494
2004-11-21,9.781362
2004-11-22,6.8095794
2004-11-23,6.937697
2004-11-24,8.50797
2004-11-25,6.276631
2004-11-26,9.601478
2004-11-27,9.969271
2004-11-28,6.617747
2004-11-29,6.0472507
2004-11-30,5.9701734
2004-12-01,5.4050555
2004-12-02,5.9612255
2004-12-03,5.362556
2004-12-04,6.146418
2004-12-05,5.6769295
2004-12-06,7.408587
2004-12-07,6.9160476
2004-12-08,5.645993
2004-12-09,6.2044063
2004-12-10,4.5414395
2004-12-11,4.6402106
2004-12-12,8.875449
2004-12-13,6.489973
2004-12-14,5.0054846
2004-12-15,4.715984
2004-12-16,4.509619
2004-12-17,3.8014352
2004-12-18,3.6021516
2004-12-19,3.5935044
2004-12-20,3.4829617
2004-12-21,3.5367913
2004-12-22,3.3517628
2004-12-23,3.2727041
2004-12-24,3.1868331
2004-12-25,3.0560396
2004-12-26,2.9609244
2004-12-27,2.8171177
2004-12-28,3.3718731
2004-12-29,2.895261
2004-12-30,2.6786933
2004-12-31,2.5181139
2005-01-01,2.463479
2005-01-02,2.5318742
2005-01-03,2.3422842
2005-01-04,2.3179674
2005-01-05,2.2745924
2005-01-06,2.224039
2005-01-07,2.303929
2005-01-08,2.0046372
2005-01-09,2.2077727
2005-01-10,2.4613695
2005-01-11,5.210951
2005-01-12,3.788759
2005-01-13,2.7367847
2005-01-14,2.0173829
2005-01-15,2.0139344
2005-01-16,3.5923057
2005-01-17,2.4347634
2005-01-18,2.3705037
2005-01-19,1.796475
2005-01-20,1.562905
2005-01-21,1.5981125
2005-01-22,1.6516407
2005-01-23,1.3989503
2005-01-24,1.2059397
2005-01-25,1.3619851
2005-01-26,1.6389339
2005-01-27,1.7751834
2005-01-28,1.323318
2005-01-29,1.5406556
2005-01-30,1.5391438
2005-01-31,1.2651716
2005-02-01,0.99979985
2005-02-02,0.9305279
2005-02-03,0.9154953
2005-02-04,0.8739993
2005-02-05,0.9180941
2005-02-06,0.8802553
2005-02-07,0.9032242
2005-02-08,0.87260115
2005-02-09,0.967145
2005-02-10,1.0687325
2005-02-11,0.8611763
2005-02-12,0.92034554
2005-02-13,0.9970942
2005-02-14,0.7741655
2005-02-15,0.7472415
2005-02-16,0.69870484
2005-02-17,0.807047
2005-02-18,0.6312295
2005-02-19,0.662206
2005-02-20,0.58132255
2005-02-21,0.56529593
2005-02-22,0.55165625
2005-02-23,0.51511896
2005-02-24,0.49531376
2005-02-25,0.47649473
2005-02-26,0.4598699
2005-02-27,0.4450883
2005-02-28,0.47795814
2005-03-01,0.431077
2005-03-02,0.45174563
2005-03-03,0.44741824
2005-03-04,0.7270596
2005-03-05,1.1620741
2005-03-06,0.55015504
2005-03-07,1.126122
2005-03-08,0.5955543
2005-03-09,0.5044769
2005-03-10,0.4445112
2005-03-11,0.36027828
2005-03-12,0.43694103
2005-03-13,0.4638626
2005-03-14,0.34044087
2005-03-15,0.3523939
2005-03-16,0.30560872
2005-03-17,0.38879913
2005-03-18,0.40805438
2005-03-19,0.42819563
2005-03-20,0.30187696
2005-03-21,0.8402987
2005-03-22,0.38153157
2005-03-23,0.25664642
2005-03-24,0.5873881
2005-03-25,2.070358
2005-03-26,1.2205609
2005-03-27,0.7782012
2005-03-28,0.36822337
2005-03-29,0.8146211
2005-03-30,0.5502874
2005-03-31,0.45830908
2005-04-01,0.2839875
2005-04-02,0.32619104
2005-04-03,0.718653
2005-04-04,0.9149721
2005-04-05,0.46476445
2005-04-06,2.1273322
2005-04-07,0.8624266
2005-04-08,3.5678382
2005-04-09,1.2683046
2005-04-10,0.95373124
2005-04-11,2.1014984
2005-04-12,2.6206508
2005-04-13,0.9714947
2005-04-14,0.8027277
2005-04-15,0.5335006
2005-04-16,2.8361585
2005-04-17,0.65511054
2005-04-18,1.3677202
2005-04-19,1.3736229
2005-04-20,1.9709858
2005-04-21,1.2984418
2005-04-22,0.55922043
2005-04-23,0.6198975
2005-04-24,0.42615348
2005-04-25,0.23692384
2005-04-26,0.43234468
2005-04-27,1.37868
2005-04-28,1.1484213
2005-04-29,1.5593152
2005-04-30,1.9289949
2005-05-01,0.79950905
2005-05-02,1.4483669
2005-05-03,5.418626
2005-05-04,2.6307454
2005-05-05,3.6034203
2005-05-06,2.7093508
2005-05-07,5.123136
2005-05-08,1.0969845
2005-05-09,3.951427
2005-05-10,2.4649441
2005-05-11,2.5626702
2005-05-12,1.1561536
2005-05-13,2.8046508
2005-05-14,4.262719
2005-05-15,3.426207
2005-05-16,4.9540296
2005-05-17,6.7863793
2005-05-18,12.734732
2005-05-19,6.5584164
2005-05-20,7.16898
2005-05-21,1.7008398
2005-05-22,0.9613612
2005-05-23,3.2498794
2005-05-24,10.200471
2005-05-25,4.2473574
2005-05-26,1.9027554
2005-05-27,1.1096689
2005-05-28,2.659469
2005-05-29,1.3758856
2005-05-30,0.49986985
2005-05-31,5.9748855
2005-06-01,1.9555869
2005-06-02,4.5131707
2005-06-03,2.8514159
2005-06-04,2.5130596
2005-06-05,5.222062
2005-06-06,7.0667377
2005-06-07,16.9919
2005-06-08,5.5510073
2005-06-09,5.847554
2005-06-10,9.737225
2005-06-11,9.71333
2005-06-12,9.405574
2005-06-13,8.614484
2005-06-14,12.521108
2005-06-15,9.265941
2005-06-16,8.366672
2005-06-17,10.539759
2005-06-18,9.5123
2005-06-19,7.112183
2005-06-20,6.9182687
2005-06-21,6.889582
2005-06-22,15.375858
2005-06-23,9.670414
2005-06-24,7.430906
2005-06-25,10.988801
2005-06-26,8.676234
2005-06-27,8.006529
2005-06-28,12.033971
2005-06-29,8.9137945
2005-06-30,11.261115
2005-07-01,8.172371
2005-07-02,8.489866
2005-07-03,10.523887
2005-07-04,9.2320385
2005-07-05,8.085815
2005-07-06,11.680962
2005-07-07,11.836689
2005-07-08,8.6634445
2005-07-09,7.5576954
2005-07-10,7.0873685
2005-07-11,10.240292
2005-07-12,9.613617
2005-07-13,17.179493
2005-07-14,10.361265
2005-07-15,11.609531
2005-07-16,10.493833
2005-07-17,8.14374
2005-07-18,8.776189
2005-07-19,11.537305
2005-07-20,11.538975
2005-07-21,11.024438
2005-07-22,11.686031
2005-07-23,18.043129
2005-07-24,8.896396
2005-07-25,9.372397
2005-07-26,9.843016
2005-07-27,8.627421
2005-07-28,7.9052024
2005-07-29,8.888595
2005-07-30,7.360188
2005-07-31,8.493253
2005-08-01,7.662692
2005-08-02,9.693596
2005-08-03,7.5414305
2005-08-04,11.808637
2005-08-05,7.785864
2005-08-06,8.088153
2005-08-07,12.606668
2005-08-08,7.4683623
2005-08-09,5.605024
2005-08-10,10.981647
2005-08-11,11.466064
2005-08-12,11.400727
2005-08-13,14.418567
2005-08-14,14.181433
2005-08-15,11.794235
2005-08-16,10.491636
2005-08-17,53.57291
2005-08-18,26.696352
2005-08-19,18.985607
2005-08-20,12.369867
2005-08-21,10.806642
2005-08-22,12.096008
2005-08-23,10.633165
2005-08-24,12.039309
2005-08-25,14.280039
2005-08-26,11.426573
2005-08-27,9.567785
2005-08-28,7.581026
2005-08-29,7.8273897
2005-08-30,7.7820554
2005-08-31,7.0936103
2005-09-01,8.947649
2005-09-02,10.52701
2005-09-03,11.855151
2005-09-04,7.7787313
2005-09-05,8.701052
2005-09-06,10.000366
2005-09-07,8.6336
2005-09-08,12.722431
2005-09-09,11.061551
2005-09-10,8.6456785
2005-09-11,7.5593967
2005-09-12,8.415222
2005-09-13,13.130418
2005-09-14,10.627313
2005-09-15,12.8524275
2005-09-16,11.288133
2005-09-17,8.6405945
2005-09-18,9.358677
2005-09-19,8.455523
2005-09-20,11.119295
2005-09-21,8.574745
2005-09-22,13.164677
2005-09-23,10.663594
2005-09-24,14.083776
2005-09-25,14.695974
2005-09-26,10.730831
2005-09-27,12.357887
2005-09-28,12.538909
2005-09-29,14.475748
2005-09-30,15.62201
2005-10-01,13.715239
2005-10-02,10.451616
2005-10-03,11.482961
2005-10-04,9.361172
2005-10-05,8.206745
2005-10-06,9.50763
2005-10-07,8.627891
2005-10-08,8.414521
2005-10-09,10.731633
2005-10-10,18.108458
2005-10-11,8.130569
2005-10-12,6.9638824
2005-10-13,8.508733
2005-10-14,10.670259
2005-10-15,9.762227
2005-10-16,9.619025
2005-10-17,6.44835
2005-10-18,6.916515
2005-10-19,6.4342775
2005-10-20,9.865714
2005-10-21,9.448107
2005-10-22,7.1827784
2005-10-23,7.8871517
2005-10-24,11.682594
2005-10-25,12.533474
2005-10-26,10.4592285
2005-10-27,12.137543
2005-10-28,9.996789
2005-10-29,10.923245
2005-10-30,13.133817
2005-10-31,19.40001
2005-11-01,17.975317
2005-11-02,13.285647
2005-11-03,14.904444
2005-11-04,15.139975
2005-11-05,11.96085
2005-11-06,13.72545
2005-11-07,11.878316
2005-11-08,11.420131
2005-11-09,11.824945
2005-11-10,11.204329
2005-11-11,12.130723
2005-11-12,11.123462
2005-11-13,18.047388
2005-11-14,22.933094
2005-11-15,14.825809
2005-11-16,17.451801
2005-11-17,14.960232
2005-11-18,12.194245
2005-11-19,19.027857
2005-11-20,14.448249
2005-11-21,10.4874325
2005-11-22,13.969583
2005-11-23,10.923
2005-11-24,10.435296
2005-11-25,8.064972
2005-11-26,10.555949
2005-11-27,8.126539
2005-11-28,6.809199
2005-11-29,6.39818
2005-11-30,6.1217628
2005-12-01,5.879652
2005-12-02,5.410344
2005-12-03,5.0791306
2005-12-04,4.9889884
2005-12-05,5.171312
2005-12-06,4.8656526
2005-12-07,4.8806367
2005-12-08,4.215323
2005-12-09,3.7513611
2005-12-10,3.6885402
2005-12-11,3.5745099
2005-12-12,3.3955288
2005-12-13,6.8072886
2005-12-14,4.432224
2005-12-15,3.7601888
2005-12-16,3.1596482
2005-12-17,2.7408195
2005-12-18,2.740377
2005-12-19,2.870346
2005-12-20,2.5293171
2005-12-21,2.2849221
2005-12-22,2.6423814
2005-12-23,3.9667997
2005-12-24,3.4681203
2005-12-25,2.7162087
2005-12-26,2.0515668
2005-12-27,3.029618
2005-12-28,2.3444903
2005-12-29,1.7831103
2005-12-30,1.6597857
2005-12-31,1.5789545
2006-01-01,1.5829241
2006-01-02,1.5199738
2006-01-03,1.483166
2006-01-04,2.2393887
2006-01-05,1.4909815
2006-01-06,1.8009979
2006-01-07,1.8387448
2006-01-08,2.0226407
2006-01-09,1.4367832
2006-01-10,1.519741
2006-01-11,1.2764838
2006-01-12,1.3507407
2006-01-13,1.125867
2006-01-14,1.1872737
2006-01-15,1.3980701
2006-01-16,1.3564698
2006-01-17,1.1143647
2006-01-18,1.3824643
2006-01-19,1.081371
2006-01-20,0.9883933
2006-01-21,0.8358989
2006-01-22,0.7837974
2006-01-23,0.7574223
2006-01-24,0.85420537
2006-01-25,1.0997754
2006-01-26,1.1551425
2006-01-27,1.5756742
2006-01-28,2.6051602
2006-01-29,1.6687268
2006-01-30,1.8488637
2006-01-31,1.3028517
2006-02-01,0.82300574
2006-02-02,1.0975348
2006-02-03,0.9609196
2006-02-04,1.9084903
2006-02-05,6.360273
2006-02-06,1.9049453
2006-02-07,0.7980085
2006-02-08,0.75167465
2006-02-09,0.6897476
2006-02-10,0.66830534
2006-02-11,0.5988729
2006-02-12,0.51267946
2006-02-13,0.58799165
2006-02-14,0.78261125
2006-02-15,0.61040014
2006-02-16,0.4559677
2006-02-17,0.4255795
2006-02-18,0.40919515
2006-02-19,0.50327885
2006-02-20,0.4874683
2006-02-21,0.3896569
2006-02-22,0.3823349
2006-02-23,0.35984394
2006-02-24,0.34554744
2006-02-25,0.35383716
2006-02-26,0.32685518
2006-02-27,0.31521487
2006-02-28,0.52557546
2006-03-01,0.3533
2006-03-02,0.32850182
2006-03-03,0.30742434
2006-03-04,0.34884313
2006-03-05,0.3487594
2006-03-06,0.5011729
2006-03-07,1.4346665
2006-03-08,4.4533668
2006-03-09,2.0817492
2006-03-10,1.2450422
2006-03-11,0.7754845
2006-03-12,0.61882615
2006-03-13,0.7057215
2006-03-14,0.3699153
2006-03-15,0.2667311
2006-03-16,0.27622768
2006-03-17,0.27771786
2006-03-18,1.0088092
2006-03-19,1.0530142
2006-03-20,0.56181633
2006-03-21,0.72849876
2006-03-22,0.8445601
2006-03-23,1.1455595
2006-03-24,1.7754853
2006-03-25,0.88253653
2006-03-26,1.3405977
2006-03-27,3.9351754
2006-03-28,2.8108704
2006-03-29,5.0976763
2006-03-30,0.9966464
2006-03-31,2.905362
2006-04-01,1.3113756
2006-04-02,1.3032373
2006-04-03,1.1822652
2006-04-04,0.52287775
2006-04-05,2.453369
2006-04-06,1.1038097
2006-04-07,0.53362894
2006-04-08,3.458545
2006-04-09,1.6502478
2006-04-10,6.232904
2006-04-11,4.0905824
2006-04-12,1.9346046
2006-04-13,4.604184
2006-04-14,2.1411717
2006-04-15,1.9138454
2006-04-16,0.41894457
2006-04-17,0.2742457
2006-04-18,1.5569549
2006-04-19,3.813888
2006-04-20,2.2040253
2006-04-21,2.1767888
2006-04-22,2.0712655
2006-04-23,1.3754399
2006-04-24,3.7605681
2006-04-25,4.726179
2006-04-26,2.079429
2006-04-27,6.737446
2006-04-28,5.702254
2006-04-29,4.5291553
2006-04-30,1.4843497
2006-05-01,1.2227156
2006-05-02,2.187406
2006-05-03,4.633479
2006-05-04,4.320755
2006-05-05,4.7239413
2006-05-06,13.233159
2006-05-07,5.4376383
2006-05-08,13.694169
2006-05-09,11.521263
2006-05-10,6.454859
2006-05-11,4.084745
2006-05-12,6.6139326
2006-05-13,7.842685
2006-05-14,5.476911
2006-05-15,4.0264645
2006-05-16,2.8525553
2006-05-17,3.4720652
2006-05-18,8.022783
2006-05-19,4.4600754
2006-05-20,14.817805
2006-05-21,5.977354
2006-05-22,5.4952703
2006-05-23,4.5585337
2006-05-24,6.087818
2006-05-25,5.7879567
2006-05-26,5.3082943
2006-05-27,4.895699
2006-05-28,8.081751
2006-05-29,10.35882
2006-05-30,9.415911
2006-05-31,7.3674316
2006-06-01,5.673113
2006-06-02,9.014243
2006-06-03,12.3931
2006-06-04,9.081407
2006-06-05,14.573476
2006-06-06,9.054886
2006-06-07,12.069842
2006-06-08,17.59581
2006-06-09,11.615985
2006-06-10,12.016848
2006-06-11,13.788877
2006-06-12,12.417188
2006-06-13,9.480406
2006-06-14,9.575977
2006-06-15,10.123239
2006-06-16,17.771175
2006-06-17,10.161225
2006-06-18,9.909066
2006-06-19,7.681456
2006-06-20,8.143451
2006-06-21,10.78068
2006-06-22,9.633778
2006-06-23,7.9509816
2006-06-24,11.024386
2006-06-25,7.273345
2006-06-26,8.255513
2006-06-27,9.367519
2006-06-28,8.491479
2006-06-29,6.1247787
2006-06-30,5.7321334
2006-07-01,5.757342
2006-07-02,5.4227724
2006-07-03,7.5241523
2006-07-04,6.5404673
2006-07-05,6.310366
2006-07-06,6.268915
2006-07-07,6.7934775
2006-07-08,7.423248
2006-07-09,7.3083057
2006-07-10,7.897999
2006-07-11,9.428119
2006-07-12,5.6333785
2006-07-13,5.288216
2006-07-14,8.952862
2006-07-15,14.142355
2006-07-16,7.3647237
2006-07-17,4.9156117
2006-07-18,12.006998
2006-07-19,7.6686482
2006-07-20,6.269032
2006-07-21,8.5077
2006-07-22,8.737215
2006-07-23,13.681557
2006-07-24,11.671539
2006-07-25,10.365959
2006-07-26,12.064669
2006-07-27,16.49049
2006-07-28,21.339605
2006-07-29,12.876511
2006-07-30,13.023424
2006-07-31,10.544957
2006-08-01,11.1228695
2006-08-02,10.134928
2006-08-03,12.981424
2006-08-04,9.876866
2006-08-05,8.616732
2006-08-06,7.881964
2006-08-07,7.950809
2006-08-08,10.9425125
2006-08-09,16.37638
2006-08-10,9.289497
2006-08-11,6.272471
2006-08-12,6.3671927
2006-08-13,6.6235833
2006-08-14,5.826066
2006-08-15,7.2317266
2006-08-16,12.152689
2006-08-17,8.847489
2006-08-18,10.538226
2006-08-19,14.114693
2006-08-20,6.9818187
2006-08-21,11.505665
2006-08-22,6.7243624
2006-08-23,6.7214575
2006-08-24,15.766157
2006-08-25,9.754511
2006-08-26,11.951454
2006-08-27,53.06528
2006-08-28,22.303751
2006-08-29,13.236864
2006-08-30,12.908486
2006-08-31,10.886015
2006-09-01,16.946127
2006-09-02,15.489668
2006-09-03,8.557087
2006-09-04,7.468307
2006-09-05,8.4649515
2006-09-06,6.9006457
2006-09-07,10.125252
2006-09-08,22.80918
2006-09-09,12.993062
2006-09-10,8.202035
2006-09-11,10.740167
2006-09-12,8.193679
2006-09-13,7.4615946
2006-09-14,15.60756
2006-09-15,8.589048
2006-09-16,10.101592
2006-09-17,6.9753904
2006-09-18,12.222427
2006-09-19,7.1188703
2006-09-20,10.797171
2006-09-21,6.803588
2006-09-22,6.849091
2006-09-23,6.683652
2006-09-24,7.3068504
2006-09-25,12.694484
2006-09-26,10.678875
2006-09-27,6.9945817
2006-09-28,7.0318227
2006-09-29,7.3058424
2006-09-30,10.295631
2006-10-01,11.298906
2006-10-02,8.909835
2006-10-03,12.537381
2006-10-04,10.752682
2006-10-05,8.049838
2006-10-06,6.706327
2006-10-07,5.242548
2006-10-08,5.3527303
2006-10-09,5.8842134
2006-10-10,6.751678
2006-10-11,7.712285
2006-10-12,8.239226
2006-10-13,7.4180794
2006-10-14,10.055858
2006-10-15,7.451681
2006-10-16,6.7047176
2006-10-17,12.258153
2006-10-18,12.467426
2006-10-19,8.299594
2006-10-20,6.8700805
2006-10-21,9.1797695
2006-10-22,10.421251
2006-10-23,7.5863276
2006-10-24,6.824874
2006-10-25,9.353633
2006-10-26,7.847259
2006-10-27,10.568192
2006-10-28,8.042502
2006-10-29,5.625316
2006-10-30,9.330843
2006-10-31,16.744864
2006-11-01,10.485315
2006-11-02,10.130973
2006-11-03,5.911976
2006-11-04,5.2041287
2006-11-05,5.646362
2006-11-06,5.971915
2006-11-07,5.252755
2006-11-08,8.18875
2006-11-09,5.5060196
2006-11-10,7.421022
2006-11-11,5.8084993
2006-11-12,6.4728794
2006-11-13,6.229048
2006-11-14,12.725473
2006-11-15,8.469538
2006-11-16,9.481272
2006-11-17,8.847576
2006-11-18,7.4158244
2006-11-19,11.561103
2006-11-20,8.591646
2006-11-21,9.333423
2006-11-22,13.116586
2006-11-23,11.414394
2006-11-24,12.090427
2006-11-25,11.551987
2006-11-26,12.018327
2006-11-27,9.056931
2006-11-28,10.1789875
2006-11-29,11.092394
2006-11-30,11.835387
2006-12-01,10.002001
2006-12-02,8.20256
2006-12-03,7.913005
2006-12-04,7.7624373
2006-12-05,7.0418653
2006-12-06,6.971043
2006-12-07,6.3717585
2006-12-08,8.759722
2006-12-09,9.248266
2006-12-10,11.057718
2006-12-11,6.6433177
2006-12-12,6.7578154
2006-12-13,6.670647
2006-12-14,14.8696785
2006-12-15,9.640921
2006-12-16,5.867773
2006-12-17,5.6948686
2006-12-18,5.593284
2006-12-19,5.4319973
2006-12-20,5.578316
2006-12-21,8.307723
2006-12-22,6.3834124
2006-12-23,5.5942173
2006-12-24,5.286937
2006-12-25,7.0439534
2006-12-26,5.646639
2006-12-27,6.5584817
2006-12-28,7.405623
2006-12-29,4.5859003
2006-12-30,4.135836
2006-12-31,4.0575714
2007-01-01,3.8553681
2007-01-02,4.210583
2007-01-03,4.0040984
2007-01-04,5.453496
2007-01-05,3.9799988
2007-01-06,3.440109
2007-01-07,3.239051
2007-01-08,3.1234887
2007-01-09,3.12282
2007-01-10,2.855906
2007-01-11,2.9234843
2007-01-12,2.8603997
2007-01-13,2.701295
2007-01-14,2.5120795
2007-01-15,2.4491801
2007-01-16,2.3952615
2007-01-17,2.436749
2007-01-18,2.2263777
2007-01-19,2.3288856
2007-01-20,2.1994371
2007-01-21,1.9266689
2007-01-22,1.8123668
2007-01-23,1.7471058
2007-01-24,1.7243963
2007-01-25,1.61932
2007-01-26,1.5567952
2007-01-27,1.5859534
2007-01-28,1.4558731
2007-01-29,1.4186757
2007-01-30,1.3454716
2007-01-31,1.3433508
2007-02-01,1.2468336
2007-02-02,1.1995614
2007-02-03,1.1347091
2007-02-04,1.088683
2007-02-05,1.0425376
2007-02-06,0.9980555
2007-02-07,0.96606624
2007-02-08,0.9199157
2007-02-09,0.88145405
2007-02-10,0.8483827
2007-02-11,0.81826717
2007-02-12,0.8096704
2007-02-13,0.7620631
2007-02-14,0.7195607
2007-02-15,0.7054142
2007-02-16,0.70838827
2007-02-17,0.8389539
2007-02-18,0.70079297
2007-02-19,0.67694193
2007-02-20,0.64142275
2007-02-21,0.5639613
2007-02-22,0.53123635
2007-02-23,0.50598633
2007-02-24,0.48177257
2007-02-25,0.46345305
2007-02-26,0.44342947
2007-02-27,0.47360393
2007-02-28,0.4435121
2007-03-01,0.4170215
2007-03-02,0.38018325
2007-03-03,0.3790201
2007-03-04,0.35946047
2007-03-05,0.49288255
2007-03-06,0.74321055
2007-03-07,0.70923424
2007-03-08,0.5789064
2007-03-09,0.51696116
2007-03-10,1.0832494
2007-03-11,1.47433
2007-03-12,1.8186026
2007-03-13,0.6653142
2007-03-14,0.46660006
2007-03-15,0.33928
2007-03-16,0.33175588
2007-03-17,0.86049116
2007-03-18,0.8499431
2007-03-19,0.6386654
2007-03-20,0.95152074
2007-03-21,0.7019103
2007-03-22,1.0296171
2007-03-23,2.069276
2007-03-24,0.6766829
2007-03-25,0.8075408
2007-03-26,0.93371546
2007-03-27,2.8793519
2007-03-28,0.6397671
2007-03-29,0.34179416
2007-03-30,0.5978586
2007-03-31,1.0345548
2007-04-01,2.9881704
2007-04-02,2.6163578
2007-04-03,2.2099354
2007-04-04,5.432134
2007-04-05,6.311054
2007-04-06,2.891939
2007-04-07,2.730317
2007-04-08,6.9305315
2007-04-09,8.435897
2007-04-10,4.0861444
2007-04-11,1.172356
2007-04-12,0.8918631
2007-04-13,1.5692408
2007-04-14,0.95538986
2007-04-15,0.84649754
2007-04-16,0.48031405
2007-04-17,0.96984625
2007-04-18,0.7739007
2007-04-19,5.159382
2007-04-20,3.0516856
2007-04-21,1.1890762
2007-04-22,7.961262
2007-04-23,2.7020054
2007-04-24,5.1579885
2007-04-25,11.823166
2007-04-26,6.3922443
2007-04-27,4.120102
2007-04-28,4.753677
2007-04-29,2.6298578
2007-04-30,0.7174182
2007-05-01,2.5942683
2007-05-02,3.2369945
2007-05-03,2.270647
2007-05-04,2.8185744
2007-05-05,4.9858265
2007-05-06,5.6535335
2007-05-07,5.436525
2007-05-08,6.240201
2007-05-09,4.98097
2007-05-10,4.9101105
2007-05-11,7.38401
2007-05-12,5.0493693
2007-05-13,5.971475
2007-05-14,24.660982
2007-05-15,6.2185016
2007-05-16,5.6267767
2007-05-17,4.9007716
2007-05-18,11.014447
2007-05-19,7.635003
2007-05-20,8.681693
2007-05-21,13.280805
2007-05-22,17.032864
2007-05-23,16.864372
2007-05-24,18.38569
2007-05-25,17.453632
2007-05-26,19.44887
2007-05-27,16.686687
2007-05-28,17.654722
2007-05-29,24.2763
2007-05-30,22.358538
2007-05-31,16.22452
2007-06-01,19.767977
2007-06-02,27.241453
2007-06-03,21.601273
2007-06-04,16.56772
2007-06-05,13.845166
2007-06-06,15.573333
2007-06-07,15.015175
2007-06-08,13.076648
2007-06-09,11.549106
2007-06-10,11.426886
2007-06-11,11.263426
2007-06-12,10.334209
2007-06-13,9.262389
2007-06-14,8.396482
2007-06-15,7.7731557
2007-06-16,8.008025
2007-06-17,10.900334
2007-06-18,9.0436125
2007-06-19,7.297153
2007-06-20,10.052977
2007-06-21,9.274567
2007-06-22,15.274902
2007-06-23,9.946365
2007-06-24,8.634646
2007-06-25,6.4326963
2007-06-26,7.150017
2007-06-27,8.760371
2007-06-28,10.135839
2007-06-29,10.417083
2007-06-30,14.599481
2007-07-01,11.661863
2007-07-02,13.812488
2007-07-03,9.163555
2007-07-04,14.496244
2007-07-05,8.837195
2007-07-06,11.488676
2007-07-07,12.1017475
2007-07-08,9.592306
2007-07-09,12.25516
2007-07-10,10.7206135
2007-07-11,12.342624
2007-07-12,9.198051
2007-07-13,13.980342
2007-07-14,8.836683
2007-07-15,14.738893
2007-07-16,10.024573
2007-07-17,12.737
2007-07-18,12.2491865
2007-07-19,11.314694
2007-07-20,9.552734
2007-07-21,9.781466
2007-07-22,14.797034
2007-07-23,15.866156
2007-07-24,11.927932
2007-07-25,10.958011
2007-07-26,11.014035
2007-07-27,10.097939
2007-07-28,17.550213
2007-07-29,12.507802
2007-07-30,9.498048
2007-07-31,9.480089
2007-08-01,7.2092814
2007-08-02,9.074
2007-08-03,12.138669
2007-08-04,9.62283
2007-08-05,12.370788
2007-08-06,12.193639
2007-08-07,13.507144
2007-08-08,9.362315
2007-08-09,12.525156
2007-08-10,10.445026
2007-08-11,10.481021
2007-08-12,10.826395
2007-08-13,13.0611315
2007-08-14,9.986147
2007-08-15,9.277973
2007-08-16,8.99242
2007-08-17,8.489188
2007-08-18,10.817269
2007-08-19,8.672562
2007-08-20,7.5930505
2007-08-21,8.270673
2007-08-22,11.310666
2007-08-23,13.652412
2007-08-24,12.108396
2007-08-25,11.605195
2007-08-26,9.855708
2007-08-27,13.004066
2007-08-28,8.916246
2007-08-29,9.758895
2007-08-30,8.845061
2007-08-31,11.903424
2007-09-01,12.111802
2007-09-02,9.388909
2007-09-03,9.184602
2007-09-04,11.418
2007-09-05,16.971153
2007-09-06,21.427807
2007-09-07,15.64915
2007-09-08,14.640548
2007-09-09,26.614458
2007-09-10,53.589676
2007-09-11,21.254139
2007-09-12,11.944154
2007-09-13,11.153976
2007-09-14,9.997227
2007-09-15,9.385849
2007-09-16,8.2772455
2007-09-17,15.033979
2007-09-18,9.764484
2007-09-19,7.892984
2007-09-20,7.335039
2007-09-21,14.328301
2007-09-22,10.658378
2007-09-23,6.5638475
2007-09-24,9.98134
2007-09-25,8.416222
2007-09-26,6.9132915
2007-09-27,12.671894
2007-09-28,11.526677
2007-09-29,6.4817357
2007-09-30,6.7816687
2007-10-01,10.744205
2007-10-02,21.242104
2007-10-03,9.343291
2007-10-04,12.998914
2007-10-05,13.145927
2007-10-06,13.491121
2007-10-07,12.047219
2007-10-08,18.342651
2007-10-09,12.828616
2007-10-10,10.721291
2007-10-11,12.399178
2007-10-12,14.079956
2007-10-13,10.571213
2007-10-14,10.760604
2007-10-15,12.562747
2007-10-16,10.060205
2007-10-17,10.357033
2007-10-18,13.687633
2007-10-19,11.755378
2007-10-20,10.745671
2007-10-21,11.193619
2007-10-22,13.374663
2007-10-23,10.978918
2007-10-24,8.146153
2007-10-25,9.092774
2007-10-26,7.6695714
2007-10-27,11.616497
2007-10-28,8.980505
2007-10-29,13.626222
2007-10-30,8.201406
2007-10-31,14.306805
2007-11-01,10.734235
2007-11-02,7.6790147
2007-11-03,8.085455
2007-11-04,10.452706
2007-11-05,9.478468
2007-11-06,7.4310613
2007-11-07,7.0559535
2007-11-08,8.129627
2007-11-09,8.583298
2007-11-10,19.318348
2007-11-11,10.403502
2007-11-12,8.361341
2007-11-13,9.857675
2007-11-14,12.360644
2007-11-15,12.211742
2007-11-16,8.129757
2007-11-17,7.7248683
2007-11-18,8.633582
2007-11-19,8.741351
2007-11-20,8.07923
2007-11-21,11.089811
2007-11-22,7.7826324
2007-11-23,8.099726
2007-11-24,8.656866
2007-11-25,7.9213457
2007-11-26,6.992548
2007-11-27,8.536295
2007-11-28,7.4148808
2007-11-29,6.5078135
2007-11-30,6.6739025
2007-12-01,6.3628354
2007-12-02,6.780747
2007-12-03,6.0119357
2007-12-04,5.9065413
2007-12-05,5.654766
2007-12-06,5.6581306
2007-12-07,5.115232
2007-12-08,4.8907237
2007-12-09,5.314849
2007-12-10,4.6926446
2007-12-11,4.5704684
2007-12-12,4.4809527
2007-12-13,3.9434946
2007-12-14,3.99081
2007-12-15,4.2636185
2007-12-16,6.289948
2007-12-17,5.99724
2007-12-18,6.3573294
2007-12-19,4.215746
2007-12-20,3.1203828
2007-12-21,3.0260038
2007-12-22,5.2934313
2007-12-23,3.219729
2007-12-24,5.161231
2007-12-25,3.40971
2007-12-26,2.964866
2007-12-27,2.7283356
2007-12-28,4.3459344
2007-12-29,2.7285237
2007-12-30,2.517861
2007-12-31,2.3927655
2008-01-01,2.1957207
2008-01-02,1.9500642
2008-01-03,1.7349464
2008-01-04,1.702576
2008-01-05,1.6013181
2008-01-06,1.556549
2008-01-07,1.6083605
2008-01-08,1.8349802
2008-01-09,1.6887515
2008-01-10,1.767408
2008-01-11,1.5653721
2008-01-12,1.5228337
2008-01-13,1.4112991
2008-01-14,1.3603424
2008-01-15,1.4020545
2008-01-16,1.6501418
2008-01-17,3.2143893
2008-01-18,1.6744462
2008-01-19,1.2082572
2008-01-20,1.1972896
2008-01-21,1.2138848
2008-01-22,1.1109744
2008-01-23,1.1888992
2008-01-24,1.0835369
2008-01-25,1.0856497
2008-01-26,1.0495265
2008-01-27,1.0163097
2008-01-28,0.9240278
2008-01-29,0.90779305
2008-01-30,0.82381886
2008-01-31,0.792486
2008-02-01,0.7722672
2008-02-02,0.8108355
2008-02-03,0.764875
2008-02-04,0.75716317
2008-02-05,0.682617
2008-02-06,0.6502277
2008-02-07,1.0145855
2008-02-08,1.0149012
2008-02-09,0.9255364
2008-02-10,1.0078613
2008-02-11,1.3647026
2008-02-12,1.7537732
2008-02-13,1.1130832
2008-02-14,0.7145909
2008-02-15,0.7386124
2008-02-16,3.1551664
2008-02-17,1.7091322
2008-02-18,0.95631665
2008-02-19,1.1933304
2008-02-20,1.5150195
2008-02-21,4.175006
2008-02-22,1.1038597
2008-02-23,1.0687073
2008-02-24,0.7072801
2008-02-25,0.5782879
2008-02-26,0.49363953
2008-02-27,0.4855559
2008-02-28,0.42053056
2008-02-29,0.46389064
2008-03-01,0.3949921
2008-03-02,0.38000026
2008-03-03,0.3614438
2008-03-04,0.4864847
2008-03-05,0.5279047
2008-03-06,1.592315
2008-03-07,0.9271255
2008-03-08,0.40639883
2008-03-09,0.41995633
2008-03-10,0.43045768
2008-03-11,0.8105299
2008-03-12,0.4297839
2008-03-13,0.37808797
2008-03-14,0.3506289
2008-03-15,1.3967797
2008-03-16,0.5126666
2008-03-17,0.75696707
2008-03-18,0.53045523
2008-03-19,1.0472388
2008-03-20,0.420982
2008-03-21,0.31506336
2008-03-22,0.35388696
2008-03-23,0.5682189
2008-03-24,0.62883323
2008-03-25,0.7291604
2008-03-26,0.90450245
2008-03-27,0.84840953
2008-03-28,0.65753275
2008-03-29,0.6739901
2008-03-30,0.52455056
2008-03-31,1.5102984
2008-04-01,1.1996632
2008-04-02,0.46152
2008-04-03,0.34033474
2008-04-04,0.28763503
2008-04-05,0.25927192
2008-04-06,0.7741029
2008-04-07,2.7574396
2008-04-08,1.7117199
2008-04-09,0.8949504
2008-04-10,1.728486
2008-04-11,0.9866637
2008-04-12,0.93246174
2008-04-13,1.8329488
2008-04-14,0.84443426
2008-04-15,1.1615657
2008-04-16,2.7097354
2008-04-17,1.1399062
2008-04-18,0.7461712
2008-04-19,0.5204031
2008-04-20,2.1625977
2008-04-21,0.9439563
2008-04-22,0.6816189
2008-04-23,0.39638034
2008-04-24,4.977993
2008-04-25,5.1302094
2008-04-26,2.2914288
2008-04-27,4.7389627
2008-04-28,1.8051466
2008-04-29,2.3986561
2008-04-30,7.3925447
2008-05-01,2.976467
2008-05-02,6.8051085
2008-05-03,7.0883875
2008-05-04,5.9744763
2008-05-05,1.5184908
2008-05-06,3.159159
2008-05-07,3.240662
2008-05-08,2.2516527
2008-05-09,6.26164
2008-05-10,3.0615113
2008-05-11,3.1067874
2008-05-12,4.1729674
2008-05-13,1.831153
2008-05-14,2.4899793
2008-05-15,1.1796345
2008-05-16,0.94870514
2008-05-17,4.7458525
2008-05-18,5.622
2008-05-19,18.005896
2008-05-20,13.517165
2008-05-21,13.087635
2008-05-22,7.62828
2008-05-23,10.824084
2008-05-24,5.2064724
2008-05-25,5.667433
2008-05-26,13.02683
2008-05-27,8.584641
2008-05-28,8.64976
2008-05-29,6.5389824
2008-05-30,3.080592
2008-05-31,2.8241737
2008-06-01,4.388644
2008-06-02,8.221755
2008-06-03,6.6752405
2008-06-04,4.5440507
2008-06-05,3.6908703
2008-06-06,4.8752837
2008-06-07,5.8767605
2008-06-08,3.6973987
2008-06-09,7.002055
2008-06-10,6.695238
2008-06-11,6.2282815
2008-06-12,7.94717
2008-06-13,4.174876
2008-06-14,4.255764
2008-06-15,5.308398
2008-06-16,19.645723
2008-06-17,10.378761
2008-06-18,7.6777053
2008-06-19,9.258655
2008-06-20,7.676485
2008-06-21,7.961055
2008-06-22,9.753975
2008-06-23,12.752222
2008-06-24,17.78604
2008-06-25,11.352756
2008-06-26,13.808826
2008-06-27,8.819579
2008-06-28,12.5976515
2008-06-29,15.788386
2008-06-30,9.431834
2008-07-01,12.049962
2008-07-02,15.349972
2008-07-03,16.175657
2008-07-04,26.447075
2008-07-05,24.203773
2008-07-06,21.239107
2008-07-07,20.595667
2008-07-08,19.876482
2008-07-09,18.18379
2008-07-10,19.645723
2008-07-11,20.108044
2008-07-12,18.492397
2008-07-13,18.052275
2008-07-14,14.693963
2008-07-15,11.025857
2008-07-16,12.728959
2008-07-17,13.59318
2008-07-18,11.645638
2008-07-19,11.668956
2008-07-20,10.970939
2008-07-21,12.188474
2008-07-22,9.467887
2008-07-23,11.854407
2008-07-24,9.057705
2008-07-25,10.329592
2008-07-26,8.399171
2008-07-27,9.589545
2008-07-28,11.197002
2008-07-29,8.347085
2008-07-30,15.482598
2008-07-31,8.853324
2008-08-01,8.111427
2008-08-02,9.186467
2008-08-03,7.527139
2008-08-04,8.640823
2008-08-05,9.341746
2008-08-06,7.1976113
2008-08-07,8.807821
2008-08-08,8.121079
2008-08-09,8.005684
2008-08-10,8.228052
2008-08-11,11.336492
2008-08-12,10.926873
2008-08-13,9.451137
2008-08-14,8.741797
2008-08-15,8.735109
2008-08-16,12.905745
2008-08-17,14.799232
2008-08-18,13.351747
2008-08-19,9.801118
2008-08-20,9.717038
2008-08-21,8.013905
2008-08-22,9.706625
2008-08-23,15.170846
2008-08-24,11.333337
2008-08-25,12.962721
2008-08-26,16.077274
2008-08-27,10.965021
2008-08-28,11.494362
2008-08-29,12.503759
2008-08-30,11.742833
2008-08-31,10.101355
2008-09-01,11.956362
2008-09-02,11.760535
2008-09-03,14.780821
2008-09-04,12.174056
2008-09-05,10.009969
2008-09-06,9.045707
2008-09-07,8.737229
2008-09-08,9.862854
2008-09-09,8.649308
2008-09-10,9.962769
2008-09-11,8.344017
2008-09-12,7.967354
2008-09-13,7.0893593
2008-09-14,7.6803913
2008-09-15,8.141744
2008-09-16,9.534327
2008-09-17,7.943202
2008-09-18,6.8714213
2008-09-19,5.3790793
2008-09-20,7.805479
2008-09-21,8.699744
2008-09-22,5.545917
2008-09-23,7.299796
2008-09-24,13.172033
2008-09-25,13.704572
2008-09-26,6.833646
2008-09-27,6.2009206
2008-09-28,7.1898236
2008-09-29,9.635843
2008-09-30,8.441145
2008-10-01,12.414565
2008-10-02,9.710983
2008-10-03,9.021153
2008-10-04,8.43649
2008-10-05,8.394169
2008-10-06,9.364921
2008-10-07,7.2062154
2008-10-08,14.519505
2008-10-09,12.858209
2008-10-10,21.647528
2008-10-11,27.930927
2008-10-12,22.380768
2008-10-13,19.365938
2008-10-14,18.42333
2008-10-15,14.53769
2008-10-16,13.4935055
2008-10-17,11.806549
2008-10-18,12.636214
2008-10-19,12.490842
2008-10-20,11.066224
2008-10-21,8.249473
2008-10-22,8.051397
2008-10-23,10.567181
2008-10-24,7.6797967
2008-10-25,7.3214498
2008-10-26,6.0323668
2008-10-27,6.3729787
2008-10-28,8.164608
2008-10-29,9.302822
2008-10-30,8.836982
2008-10-31,6.3151817
2008-11-01,5.0001025
2008-11-02,6.201746
2008-11-03,8.316688
2008-11-04,5.6358633
2008-11-05,5.152831
2008-11-06,4.185093
2008-11-07,6.3595715
2008-11-08,6.4627748
2008-11-09,5.1853614
2008-11-10,3.8783848
2008-11-11,3.7915518
2008-11-12,3.700225
2008-11-13,4.5960064
2008-11-14,4.001661
2008-11-15,7.5466013
2008-11-16,4.1871285
2008-11-17,3.3103652
2008-11-18,3.0082767
2008-11-19,3.373302
2008-11-20,4.260375
2008-11-21,6.903251
2008-11-22,3.3415065
2008-11-23,5.159513
2008-11-24,6.7884946
2008-11-25,7.823925
2008-11-26,12.298885
2008-11-27,15.783525
2008-11-28,14.463472
2008-11-29,64.76559
2008-11-30,35.371605
2008-12-01,27.599113
2008-12-02,23.170486
2008-12-03,18.077204
2008-12-04,14.748302
2008-12-05,12.289404
2008-12-06,10.430955
2008-12-07,9.5662775
2008-12-08,9.185281
2008-12-09,10.838332
2008-12-10,7.209926
2008-12-11,6.397823
2008-12-12,5.836404
2008-12-13,5.913865
2008-12-14,5.0792236
2008-12-15,4.6570277
2008-12-16,4.4923925
2008-12-17,4.221792
2008-12-18,4.0518684
2008-12-19,3.7872016
2008-12-20,3.5309153
2008-12-21,3.3516707
2008-12-22,3.1348255
2008-12-23,3.0734735
2008-12-24,2.8659463
2008-12-25,3.2853112
2008-12-26,2.6808476
2008-12-27,2.4293897
2008-12-28,2.3247464
2008-12-29,2.1752045
2008-12-30,2.1664507
2008-12-31,2.067343
2009-01-01,1.9360415
2009-01-02,2.2818544
2009-01-03,1.9575006
2009-01-04,1.8095983
2009-01-05,1.9711298
2009-01-06,1.7093008
2009-01-07,2.4082267
2009-01-08,1.9917147
2009-01-09,1.8734583
2009-01-10,1.9806416
2009-01-11,1.4201205
2009-01-12,1.3026658
2009-01-13,1.2835864
2009-01-14,1.3718808
2009-01-15,1.182907
2009-01-16,1.1823448
2009-01-17,2.043673
2009-01-18,1.6744578
2009-01-19,1.194669
2009-01-20,1.0522474
2009-01-21,0.9584677
2009-01-22,1.0287037
2009-01-23,3.9612896
2009-01-24,2.1948256
2009-01-25,1.1571598
2009-01-26,1.2397189
2009-01-27,0.85811657
2009-01-28,0.7516843
2009-01-29,0.78824234
2009-01-30,0.71218866
2009-01-31,0.7022151
2009-02-01,1.8657438
2009-02-02,1.3324934
2009-02-03,1.484136
2009-02-04,2.1539342
2009-02-05,1.4830651
2009-02-06,6.2125998
2009-02-07,1.8019254
2009-02-08,0.6760083
2009-02-09,0.5610242
2009-02-10,0.51606363
2009-02-11,0.5168428
2009-02-12,1.7659953
2009-02-13,2.0531054
2009-02-14,3.5544765
2009-02-15,1.9271952
2009-02-16,0.7221706
2009-02-17,0.54551756
2009-02-18,0.6273839
2009-02-19,0.48966375
2009-02-20,0.7931434
2009-02-21,1.966057
2009-02-22,0.77857816
2009-02-23,0.8414903
2009-02-24,0.5565581
2009-02-25,0.4900635
2009-02-26,1.4607512
2009-02-27,1.5409497
2009-02-28,0.71242917
2009-03-01,0.44309816
2009-03-02,0.74305797
2009-03-03,2.0781493
2009-03-04,2.9571607
2009-03-05,1.501403
2009-03-06,1.2582817
2009-03-07,0.5929863
2009-03-08,1.0446266
2009-03-09,0.57053155
2009-03-10,0.6346143
2009-03-11,0.41178873
2009-03-12,0.2900953
2009-03-13,0.32667232
2009-03-14,0.3463237
2009-03-15,0.32685894
2009-03-16,0.3552373
2009-03-17,0.40685114
2009-03-18,0.9331764
2009-03-19,1.6046556
2009-03-20,2.1775644
2009-03-21,1.0021137
2009-03-22,2.0737379
2009-03-23,1.7008266
2009-03-24,1.4705458
2009-03-25,0.8294187
2009-03-26,1.9301894
2009-03-27,1.0404239
2009-03-28,0.5130781
2009-03-29,1.689783
2009-03-30,2.3843715
2009-03-31,1.0321474
2009-04-01,1.1187872
2009-04-02,0.8598284
2009-04-03,0.6445276
2009-04-04,0.53874683
2009-04-05,0.26619086
2009-04-06,0.20375632
2009-04-07,0.19949974
2009-04-08,0.88675565
2009-04-09,0.46392184
2009-04-10,0.7119102
2009-04-11,1.598666
2009-04-12,1.7816777
2009-04-13,0.86261463
2009-04-14,1.9643103
2009-04-15,2.6675274
2009-04-16,0.58540756
2009-04-17,0.61322755
2009-04-18,0.9132562
2009-04-19,0.3906699
2009-04-20,1.4817834
2009-04-21,3.2609956
2009-04-22,2.0397928
2009-04-23,5.2686157
2009-04-24,5.7875214
2009-04-25,2.5804243
2009-04-26,3.2192698
2009-04-27,2.216538
2009-04-28,1.1913551
2009-04-29,0.63740104
2009-04-30,3.5389998
2009-05-01,2.1533062
2009-05-02,3.997312
2009-05-03,3.51864
2009-05-04,0.88974804
2009-05-05,2.3170028
2009-05-06,1.5269171
2009-05-07,0.9945222
2009-05-08,1.5152552
2009-05-09,3.7603755
2009-05-10,1.7075188
2009-05-11,2.4547062
2009-05-12,2.2359893
2009-05-13,2.599075
2009-05-14,1.8218813
2009-05-15,3.1492383
2009-05-16,2.3026462
2009-05-17,2.6224902
2009-05-18,2.6086218
2009-05-19,2.7783036
2009-05-20,1.6100651
2009-05-21,2.0915248
2009-05-22,1.1096612
2009-05-23,9.653194
2009-05-24,2.983467
2009-05-25,4.7485824
2009-05-26,4.714052
2009-05-27,4.8240147
2009-05-28,1.5775677
2009-05-29,4.064277
2009-05-30,3.1038418
2009-05-31,1.8939245
2009-06-01,2.2582996
2009-06-02,1.1820054
2009-06-03,2.9579847
2009-06-04,1.7123612
2009-06-05,2.9323506
2009-06-06,2.5969687
2009-06-07,16.99324
2009-06-08,17.151733
2009-06-09,6.66315
2009-06-10,6.6980653
2009-06-11,2.8355832
2009-06-12,6.34311
2009-06-13,3.5506864
2009-06-14,7.6432753
2009-06-15,8.338463
2009-06-16,9.61261
2009-06-17,6.218581
2009-06-18,3.925662
2009-06-19,5.422538
2009-06-20,5.6185007
2009-06-21,4.5902715
2009-06-22,5.2445
2009-06-23,10.979494
2009-06-24,9.957326
2009-06-25,11.010273
2009-06-26,8.034822
2009-06-27,7.833046
2009-06-28,6.2400217
2009-06-29,12.155209
2009-06-30,9.289931
2009-07-01,13.494186
2009-07-02,10.397743
2009-07-03,11.54126
2009-07-04,14.676047
2009-07-05,10.432777
2009-07-06,13.563461
2009-07-07,11.839561
2009-07-08,16.063421
2009-07-09,18.573572
2009-07-10,15.367541
2009-07-11,13.452721
2009-07-12,11.314309
2009-07-13,9.204916
2009-07-14,8.948696
2009-07-15,8.743203
2009-07-16,9.067681
2009-07-17,9.079416
2009-07-18,7.8869333
2009-07-19,7.8547792
2009-07-20,9.383295
2009-07-21,11.100655
2009-07-22,7.4197626
2009-07-23,11.379386
2009-07-24,11.488
2009-07-25,8.022004
2009-07-26,5.884066
2009-07-27,6.1737924
2009-07-28,8.1153345
2009-07-29,6.529299
2009-07-30,7.9930234
2009-07-31,9.930308
2009-08-01,8.3262615
2009-08-02,5.3888865
2009-08-03,11.50223
2009-08-04,7.666651
2009-08-05,10.546966
2009-08-06,10.618401
2009-08-07,10.34259
2009-08-08,13.089108
2009-08-09,10.716336
2009-08-10,17.877686
2009-08-11,16.457369
2009-08-12,13.682579
2009-08-13,14.079991
2009-08-14,12.585902
2009-08-15,12.121568
2009-08-16,14.080389
2009-08-17,14.828253
2009-08-18,9.240963
2009-08-19,12.665115
2009-08-20,8.198872
2009-08-21,10.006392
2009-08-22,8.978132
2009-08-23,8.488579
2009-08-24,7.575779
2009-08-25,9.012628
2009-08-26,10.585789
2009-08-27,6.593109
2009-08-28,6.574217
2009-08-29,12.545105
2009-08-30,15.440362
2009-08-31,10.312132
2009-09-01,5.8651667
2009-09-02,7.2582603
2009-09-03,13.443711
2009-09-04,11.270999
2009-09-05,9.6781225
2009-09-06,6.806908
2009-09-07,5.7682886
2009-09-08,6.203202
2009-09-09,6.1153812
2009-09-10,11.426516
2009-09-11,6.46426
2009-09-12,5.7927876
2009-09-13,8.778544
2009-09-14,5.5812306
2009-09-15,9.088734
2009-09-16,7.1744394
2009-09-17,7.4962997
2009-09-18,7.092549
2009-09-19,5.956694
2009-09-20,6.7666097
2009-09-21,5.880243
2009-09-22,9.716383
2009-09-23,8.111378
2009-09-24,5.763694
2009-09-25,5.1355386
2009-09-26,4.964377
2009-09-27,6.210728
2009-09-28,5.3742714
2009-09-29,12.293844
2009-09-30,9.352766
2009-10-01,4.9618053
2009-10-02,4.9046397
2009-10-03,7.355863
2009-10-04,10.700034
2009-10-05,9.491929
2009-10-06,6.699423
2009-10-07,5.27247
2009-10-08,7.0071054
2009-10-09,8.021248
2009-10-10,7.8235807
2009-10-11,7.0870485
2009-10-12,10.759275
2009-10-13,14.602807
2009-10-14,9.975139
2009-10-15,11.730536
2009-10-16,8.785647
2009-10-17,10.096122
2009-10-18,9.26444
2009-10-19,8.189186
2009-10-20,12.250951
2009-10-21,14.212255
2009-10-22,10.183986
2009-10-23,8.493565
2009-10-24,7.3210754
2009-10-25,11.3259
2009-10-26,9.953688
2009-10-27,8.100131
2009-10-28,10.025698
2009-10-29,11.042417
2009-10-30,12.719767
2009-10-31,9.592715
2009-11-01,17.068415
2009-11-02,13.227161
2009-11-03,10.0179
2009-11-04,9.747702
2009-11-05,9.289207
2009-11-06,8.611863
2009-11-07,11.887341
2009-11-08,9.814769
2009-11-09,9.369539
2009-11-10,7.757907
2009-11-11,7.3579826
2009-11-12,9.21499
2009-11-13,8.464057
2009-11-14,10.506131
2009-11-15,7.4272103
2009-11-16,9.585275
2009-11-17,7.3408494
2009-11-18,9.091556
2009-11-19,7.0798326
2009-11-20,5.6859555
2009-11-21,6.068154
2009-11-22,7.4951906
2009-11-23,6.920302
2009-11-24,7.2594557
2009-11-25,5.459683
2009-11-26,5.910981
2009-11-27,5.706888
2009-11-28,5.6890864
2009-11-29,5.914819
2009-11-30,7.69492
2009-12-01,4.7886004
2009-12-02,4.1371355
2009-12-03,4.0624924
2009-12-04,4.014542
2009-12-05,4.0921655
2009-12-06,3.8328717
2009-12-07,3.6069963
2009-12-08,3.587541
2009-12-09,3.851884
2009-12-10,3.8472662
2009-12-11,3.84086
2009-12-12,3.377936
2009-12-13,4.9099216
2009-12-14,3.3433921
2009-12-15,2.8827481
2009-12-16,2.7496672
2009-12-17,2.7820637
2009-12-18,2.8247342
2009-12-19,2.5851789
2009-12-20,4.615953
2009-12-21,2.8415244
2009-12-22,3.0742934
2009-12-23,3.1790984
2009-12-24,6.9553757
2009-12-25,3.4305303
2009-12-26,3.8758302
2009-12-27,6.2519236
2009-12-28,5.56368
2009-12-29,2.445824
2009-12-30,1.9447068
2009-12-31,1.9453194
2010-01-01,1.8841264
2010-01-02,2.113115
2010-01-03,2.1514225
2010-01-04,2.1217403
2010-01-05,2.1277623
2010-01-06,2.0590348
2010-01-07,2.2207544
2010-01-08,1.9880152
2010-01-09,2.2794492
2010-01-10,1.9595884
2010-01-11,1.9399073
2010-01-12,1.8436282
2010-01-13,1.8058494
2010-01-14,1.7295209
2010-01-15,1.7011927
2010-01-16,1.6247232
2010-01-17,1.563415
2010-01-18,1.5485947
2010-01-19,1.4847112
2010-01-20,1.4311037
2010-01-21,1.3900454
2010-01-22,1.3521696
2010-01-23,1.2928704
2010-01-24,1.4046687
2010-01-25,1.381402
2010-01-26,1.6789684
2010-01-27,1.3482176
2010-01-28,1.2097645
2010-01-29,1.143882
2010-01-30,1.1133008
2010-01-31,1.1893402
2010-02-01,0.9957913
2010-02-02,0.9373439
2010-02-03,0.90008837
2010-02-04,0.86400706
2010-02-05,0.8432293
2010-02-06,0.818289
2010-02-07,0.85465646
2010-02-08,0.90366787
2010-02-09,0.86199385
2010-02-10,1.0124253
2010-02-11,0.7688842
2010-02-12,0.74531585
2010-02-13,0.6898006
2010-02-14,0.71971214
2010-02-15,0.6659367
2010-02-16,0.6318221
2010-02-17,0.92230827
2010-02-18,0.74079907
2010-02-19,0.59592795
2010-02-20,0.53170055
2010-02-21,0.5270957
2010-02-22,0.51214504
2010-02-23,0.67049426
2010-02-24,1.1309705
2010-02-25,0.78669596
2010-02-26,3.2735767
2010-02-27,1.0274892
2010-02-28,1.015085
2010-03-01,0.88802195
2010-03-02,0.6294544
2010-03-03,0.44375932
2010-03-04,0.647069
2010-03-05,0.8465544
2010-03-06,1.3084948
2010-03-07,3.1238427
2010-03-08,1.8385034
2010-03-09,4.405389
2010-03-10,1.4162537
2010-03-11,0.89596516
2010-03-12,0.7751398
2010-03-13,2.2576408
2010-03-14,0.8388792
2010-03-15,0.48957682
2010-03-16,0.67651963
2010-03-17,0.57329804
2010-03-18,4.1637754
2010-03-19,14.282428
2010-03-20,4.639852
2010-03-21,3.2091324
2010-03-22,1.5313232
2010-03-23,0.55546415
2010-03-24,0.40089545
2010-03-25,0.34441122
2010-03-26,0.46691734
2010-03-27,0.33212215
2010-03-28,0.41443965
2010-03-29,0.3589363
2010-03-30,2.3092394
2010-03-31,2.3128068
2010-04-01,2.2342477
2010-04-02,4.0147734
2010-04-03,0.936423
2010-04-04,1.1118298
2010-04-05,1.2759932
2010-04-06,3.2729673
2010-04-07,1.5761912
2010-04-08,3.7221985
2010-04-09,2.0477052
2010-04-10,1.7904544
2010-04-11,1.5896665
2010-04-12,2.490802
2010-04-13,3.2844205
2010-04-14,5.26116
2010-04-15,2.0787663
2010-04-16,2.1070461
2010-04-17,2.919739
2010-04-18,1.6304026
2010-04-19,3.315861
2010-04-20,3.1172261
2010-04-21,1.7483542
2010-04-22,2.156864
2010-04-23,1.1267601
2010-04-24,1.1294726
2010-04-25,1.5831648
2010-04-26,1.7672858
2010-04-27,3.036742
2010-04-28,2.5545554
2010-04-29,7.8203015
2010-04-30,7.1962924
2010-05-01,2.069014
2010-05-02,1.2064537
2010-05-03,4.420808
2010-05-04,7.324716
2010-05-05,3.038777
2010-05-06,5.7202244
2010-05-07,3.2319806
2010-05-08,1.4248221
2010-05-09,2.6576524
2010-05-10,1.1579343
2010-05-11,0.7591723
2010-05-12,4.9209943
2010-05-13,2.4320822
2010-05-14,5.1545444
2010-05-15,7.1578374
2010-05-16,6.303157
2010-05-17,6.5349927
2010-05-18,2.3339608
2010-05-19,2.932108
2010-05-20,7.9962387
2010-05-21,6.636735
2010-05-22,6.2451453
2010-05-23,5.7273507
2010-05-24,9.460548
2010-05-25,3.568044
2010-05-26,6.1512184
2010-05-27,10.219132
2010-05-28,5.6273303
2010-05-29,3.5299165
2010-05-30,4.9153767
2010-05-31,5.6633625
2010-06-01,11.8775625
2010-06-02,5.857651
2010-06-03,9.846752
2010-06-04,5.6373053
2010-06-05,6.42211
2010-06-06,4.6309834
2010-06-07,7.6913915
2010-06-08,10.275416
2010-06-09,9.715942
2010-06-10,15.60708
2010-06-11,11.617945
2010-06-12,8.542618
2010-06-13,9.420733
2010-06-14,30.36276
2010-06-15,18.672638
2010-06-16,23.876888
2010-06-17,25.695337
2010-06-18,21.200167
2010-06-19,17.510645
2010-06-20,20.277443
2010-06-21,14.816168
2010-06-22,16.350052
2010-06-23,12.632596
2010-06-24,11.367185
2010-06-25,10.728724
2010-06-26,11.726712
2010-06-27,10.441343
2010-06-28,12.126476
2010-06-29,9.239845
2010-06-30,9.712473
2010-07-01,9.075965
2010-07-02,9.560644
2010-07-03,14.277885
2010-07-04,8.658599
2010-07-05,14.789902
2010-07-06,11.733455
2010-07-07,7.86006
2010-07-08,12.363112
2010-07-09,11.7497015
2010-07-10,11.331765
2010-07-11,13.713917
2010-07-12,13.355913
2010-07-13,11.863705
2010-07-14,9.597126
2010-07-15,17.975391
2010-07-16,18.06553
2010-07-17,19.266788
2010-07-18,18.935064
2010-07-19,50.250526
2010-07-20,21.329962
2010-07-21,16.88075
2010-07-22,13.080044
2010-07-23,10.765778
2010-07-24,9.901982
2010-07-25,13.324049
2010-07-26,12.6416025
2010-07-27,9.974954
2010-07-28,12.958076
2010-07-29,12.088433
2010-07-30,9.270783
2010-07-31,12.4075575
2010-08-01,22.981638
2010-08-02,9.852481
2010-08-03,8.749016
2010-08-04,11.815036
2010-08-05,12.654769
2010-08-06,13.645789
2010-08-07,17.172068
2010-08-08,11.41746
2010-08-09,11.2750225
2010-08-10,12.925992
2010-08-11,11.725885
2010-08-12,15.042642
2010-08-13,16.78733
2010-08-14,18.570084
2010-08-15,10.535561
2010-08-16,15.730978
2010-08-17,12.558471
2010-08-18,12.259113
2010-08-19,16.545374
2010-08-20,19.06505
2010-08-21,15.5637245
2010-08-22,14.439058
2010-08-23,15.339679
2010-08-24,15.961573
2010-08-25,16.250687
2010-08-26,20.438503
2010-08-27,19.237982
2010-08-28,17.072525
2010-08-29,15.89584
2010-08-30,16.224081
2010-08-31,11.28357
2010-09-01,19.636791
2010-09-02,13.036695
2010-09-03,13.890109
2010-09-04,14.472731
2010-09-05,12.387651
2010-09-06,16.188467
2010-09-07,13.127585
2010-09-08,11.151578
2010-09-09,17.659672
2010-09-10,9.89012
2010-09-11,17.84798
2010-09-12,13.017687
2010-09-13,17.776224
2010-09-14,11.171877
2010-09-15,8.987744
2010-09-16,10.455835
2010-09-17,8.983192
2010-09-18,12.627362
2010-09-19,16.125809
2010-09-20,21.339556
2010-09-21,16.752205
2010-09-22,15.532459
2010-09-23,22.135014
2010-09-24,29.310177
2010-09-25,29.619465
2010-09-26,24.964666
2010-09-27,28.680525
2010-09-28,23.05029
2010-09-29,17.774836
2010-09-30,14.645065
2010-10-01,13.702328
2010-10-02,12.676617
2010-10-03,13.283672
2010-10-04,10.59487
2010-10-05,9.821151
2010-10-06,9.938292
2010-10-07,15.647951
2010-10-08,10.265072
2010-10-09,7.9940553
2010-10-10,7.555969
2010-10-11,8.768272
2010-10-12,9.542256
2010-10-13,9.234626
2010-10-14,11.59116
2010-10-15,8.957431
2010-10-16,9.005411
2010-10-17,7.6228924
2010-10-18,8.944252
2010-10-19,16.072046
2010-10-20,9.206863
2010-10-21,7.4725585
2010-10-22,6.6013618
2010-10-23,11.801103
2010-10-24,9.729019
2010-10-25,7.2600884
2010-10-26,8.007837
2010-10-27,9.162177
2010-10-28,7.889624
2010-10-29,8.972783
2010-10-30,6.590854
2010-10-31,5.6172647
2010-11-01,6.4422913
2010-11-02,6.389098
2010-11-03,5.4827733
2010-11-04,5.985951
2010-11-05,4.873068
2010-11-06,4.850729
2010-11-07,16.233065
2010-11-08,12.474649
2010-11-09,9.992276
2010-11-10,7.7966366
2010-11-11,5.4340425
2010-11-12,7.7573233
2010-11-13,15.859525
2010-11-14,48.32109
2010-11-15,30.819674
2010-11-16,21.68506
2010-11-17,25.321321
2010-11-18,18.247553
2010-11-19,13.477747
2010-11-20,13.622414
2010-11-21,15.423014
2010-11-22,10.875309
2010-11-23,15.642872
2010-11-24,11.717658
2010-11-25,13.183139
2010-11-26,8.281299
2010-11-27,8.723279
2010-11-28,10.1731825
2010-11-29,7.7927594
2010-11-30,8.404875
2010-12-01,10.971487
2010-12-02,10.519561
2010-12-03,6.6774344
2010-12-04,8.419562
2010-12-05,17.721216
2010-12-06,7.4258556
2010-12-07,6.4750743
2010-12-08,14.416762
2010-12-09,9.991607
2010-12-10,7.614136
2010-12-11,7.7633767
2010-12-12,7.2771606
2010-12-13,6.4922457
2010-12-14,8.64351
2010-12-15,13.647629
2010-12-16,18.203588
2010-12-17,11.82782
2010-12-18,9.60618
2010-12-19,9.846528
2010-12-20,9.191587
2010-12-21,8.686379
2010-12-22,8.357252
2010-12-23,8.63155
2010-12-24,7.808327
2010-12-25,8.320637
2010-12-26,7.463456
2010-12-27,9.27243
2010-12-28,9.47657
2010-12-29,6.646999
2010-12-30,6.374021
2010-12-31,5.50788
2011-01-01,5.1505003
2011-01-02,4.9122944
2011-01-03,4.715894
2011-01-04,8.202317
2011-01-05,5.6316986
2011-01-06,4.2161098
2011-01-07,4.0043902
2011-01-08,4.358604
2011-01-09,4.4117856
2011-01-10,4.2515693
2011-01-11,5.3437166
2011-01-12,4.390379
2011-01-13,4.0237675
2011-01-14,3.54903
2011-01-15,3.6980238
2011-01-16,5.354285
2011-01-17,3.9900014
2011-01-18,3.4270544
2011-01-19,2.7468486
2011-01-20,2.8617501
2011-01-21,2.5700727
2011-01-22,2.3829017
2011-01-23,2.2664435
2011-01-24,2.2940483
2011-01-25,2.1879702
2011-01-26,2.1029887
2011-01-27,2.4389508
2011-01-28,2.2192564
2011-01-29,1.9230485
2011-01-30,1.8052019
2011-01-31,1.8575549
2011-02-01,1.7285509
2011-02-02,1.6060488
2011-02-03,1.5351644
2011-02-04,1.4553927
2011-02-05,1.3796477
2011-02-06,1.3248307
2011-02-07,1.2694538
2011-02-08,1.2217526
2011-02-09,1.2963561
2011-02-10,1.2506922
2011-02-11,1.5534568
2011-02-12,1.2218846
2011-02-13,1.1056049
2011-02-14,2.0351253
2011-02-15,1.4653891
2011-02-16,1.3172408
2011-02-17,1.6435254
2011-02-18,1.6981155
2011-02-19,1.4851953
2011-02-20,0.9558311
2011-02-21,0.914361
2011-02-22,0.8638686
2011-02-23,0.7285762
2011-02-24,0.7206082
2011-02-25,1.2876402
2011-02-26,0.8328469
2011-02-27,0.8906406
2011-02-28,0.91511345
2011-03-01,1.5577033
2011-03-02,2.0858383
2011-03-03,3.022784
2011-03-04,5.203709
2011-03-05,1.9232377
2011-03-06,0.7423692
2011-03-07,1.8771387
2011-03-08,1.0244989
2011-03-09,2.6784377
2011-03-10,2.5269604
2011-03-11,0.80653906
2011-03-12,0.5195061
2011-03-13,0.6166044
2011-03-14,0.44217
2011-03-15,0.4012719
2011-03-16,0.45162868
2011-03-17,0.6145706
2011-03-18,1.4836907
2011-03-19,1.5544811
2011-03-20,6.1991167
2011-03-21,4.879232
2011-03-22,5.924481
2011-03-23,7.195486
2011-03-24,2.054611
2011-03-25,0.7784076
2011-03-26,0.5427869
2011-03-27,0.62758183
2011-03-28,1.0566324
2011-03-29,2.3427796
2011-03-30,3.9441931
2011-03-31,2.2598038
2011-04-01,1.4659848
2011-04-02,1.1876892
2011-04-03,0.9431848
2011-04-04,1.7423034
2011-04-05,0.88850987
2011-04-06,2.532021
2011-04-07,10.304363
2011-04-08,4.5736456
2011-04-09,7.7911553
2011-04-10,5.502469
2011-04-11,3.917716
2011-04-12,8.495271
2011-04-13,2.3577464
2011-04-14,0.870519
2011-04-15,2.737389
2011-04-16,3.3181787
2011-04-17,6.1182475
2011-04-18,4.954394
2011-04-19,4.2785897
2011-04-20,6.447937
2011-04-21,5.6249814
2011-04-22,1.0001507
2011-04-23,0.25346452
2011-04-24,0.28919783
2011-04-25,0.41798913
2011-04-26,2.050449
2011-04-27,3.9246423
2011-04-28,7.3814063
2011-04-29,4.0043797
2011-04-30,2.647114
2011-05-01,2.5401914
2011-05-02,2.6043918
2011-05-03,2.1518655
2011-05-04,9.125196
2011-05-05,5.55628
2011-05-06,4.5268497
2011-05-07,8.962806
2011-05-08,3.0114243
2011-05-09,15.613001
2011-05-10,5.265922
2011-05-11,7.038009
2011-05-12,13.041803
2011-05-13,3.99587
2011-05-14,10.446301
2011-05-15,7.138082
2011-05-16,2.6098697
2011-05-17,20.771938
2011-05-18,8.599179
2011-05-19,4.2167354
2011-05-20,3.9170892
2011-05-21,3.1646757
2011-05-22,3.7806246
2011-05-23,4.2569947
2011-05-24,3.5827918
2011-05-25,2.9294777
2011-05-26,5.360193
2011-05-27,8.6173315
2011-05-28,7.0184994
2011-05-29,5.5510674
2011-05-30,10.673444
2011-05-31,4.082246
2011-06-01,17.405405
2011-06-02,17.605003
2011-06-03,7.8868155
2011-06-04,6.7316213
2011-06-05,10.110951
2011-06-06,10.911135
2011-06-07,10.387516
2011-06-08,7.138359
2011-06-09,9.226978
2011-06-10,9.780771
2011-06-11,7.2494445
2011-06-12,6.2965407
2011-06-13,6.757408
2011-06-14,9.354477
2011-06-15,7.9180284
2011-06-16,7.3435254
2011-06-17,13.970767
2011-06-18,12.101474
2011-06-19,13.462927
2011-06-20,11.6527195
2011-06-21,8.821198
2011-06-22,7.215317
2011-06-23,8.247833
2011-06-24,9.036573
2011-06-25,21.544062
2011-06-26,18.159758
2011-06-27,12.810395
2011-06-28,13.296985
2011-06-29,11.614458
2011-06-30,11.142437
2011-07-01,11.992373
2011-07-02,9.670946
2011-07-03,13.078973
2011-07-04,9.659674
2011-07-05,9.058778
2011-07-06,11.530948
2011-07-07,8.698687
2011-07-08,9.973698
2011-07-09,6.906711
2011-07-10,7.8170156
2011-07-11,8.723504
2011-07-12,10.129296
2011-07-13,6.7699246
2011-07-14,7.1437593
2011-07-15,8.63761
2011-07-16,7.6129375
2011-07-17,5.298432
2011-07-18,6.5846224
2011-07-19,9.227155
2011-07-20,5.9511466
2011-07-21,5.2660913
2011-07-22,12.573315
2011-07-23,6.6162696
2011-07-24,6.199383
2011-07-25,16.982254
2011-07-26,14.750473
2011-07-27,8.019518
2011-07-28,12.43692
2011-07-29,8.494182
2011-07-30,7.4440794
2011-07-31,6.949399
2011-08-01,6.5042434
2011-08-02,6.327983
2011-08-03,7.7189555
2011-08-04,11.051526
2011-08-05,7.146569
2011-08-06,5.940113
2011-08-07,6.5444827
2011-08-08,8.81994
2011-08-09,14.389448
2011-08-10,12.625989
2011-08-11,7.8522673
2011-08-12,8.850963
2011-08-13,6.724794
2011-08-14,11.979365
2011-08-15,17.557932
2011-08-16,20.182085
2011-08-17,20.40845
2011-08-18,19.619362
2011-08-19,14.723542
2011-08-20,12.315243
2011-08-21,18.737568
2011-08-22,12.35085
2011-08-23,11.6512785
2011-08-24,9.825104
2011-08-25,10.35777
2011-08-26,9.8928585
2011-08-27,7.6970406
2011-08-28,8.71983
2011-08-29,10.631078
2011-08-30,15.403127
2011-08-31,7.134475
2011-09-01,8.465623
2011-09-02,7.2803907
2011-09-03,9.4517
2011-09-04,6.307932
2011-09-05,6.721337
2011-09-06,5.157458
2011-09-07,4.984125
2011-09-08,10.189532
2011-09-09,6.3644304
2011-09-10,5.0974345
2011-09-11,14.936442
2011-09-12,12.356865
2011-09-13,10.617752
2011-09-14,8.831273
2011-09-15,9.982268
2011-09-16,10.379896
2011-09-17,10.730574
2011-09-18,16.546803
2011-09-19,19.195152
2011-09-20,14.571152
2011-09-21,20.12707
2011-09-22,20.869686
2011-09-23,16.973886
2011-09-24,14.7190275
2011-09-25,16.923668
2011-09-26,13.241307
2011-09-27,12.2451
2011-09-28,9.291098
2011-09-29,9.2596445
2011-09-30,10.506786
2011-10-01,9.817138
2011-10-02,10.848255
2011-10-03,10.755261
2011-10-04,9.4639635
2011-10-05,10.727294
2011-10-06,8.170639
2011-10-07,6.591295
2011-10-08,5.913761
2011-10-09,7.7497387
2011-10-10,7.6839623
2011-10-11,6.791218
2011-10-12,13.906014
2011-10-13,8.737433
2011-10-14,5.3798
2011-10-15,5.885582
2011-10-16,4.784179
2011-10-17,4.4928093
2011-10-18,4.364699
2011-10-19,5.0979843
2011-10-20,4.3544006
2011-10-21,4.3095074
2011-10-22,4.2665524
2011-10-23,3.758709
2011-10-24,3.594955
2011-10-25,4.775861
2011-10-26,6.219125
2011-10-27,8.898031
2011-10-28,4.9630547
2011-10-29,9.506017
2011-10-30,7.8005857
2011-10-31,9.511825
2011-11-01,4.07851
2011-11-02,3.3204172
2011-11-03,3.5365982
2011-11-04,3.6691666
2011-11-05,4.1679854
2011-11-06,3.715212
2011-11-07,4.837845
2011-11-08,4.0499706
2011-11-09,5.070025
2011-11-10,3.6358516
2011-11-11,2.8606572
2011-11-12,6.2703543
2011-11-13,7.5304794
2011-11-14,6.1937747
2011-11-15,5.0540237
2011-11-16,4.7275233
2011-11-17,5.427292
2011-11-18,7.3427687
2011-11-19,11.048328
2011-11-20,9.219318
2011-11-21,6.5971026
2011-11-22,6.6706014
2011-11-23,6.274802
2011-11-24,7.154369
2011-11-25,8.386689
2011-11-26,7.173557
2011-11-27,11.926162
2011-11-28,13.658577
2011-11-29,11.103251
2011-11-30,8.872781
2011-12-01,58.39719
2011-12-02,34.30743
2011-12-03,23.665052
2011-12-04,19.865812
2011-12-05,20.135754
2011-12-06,16.218115
2011-12-07,12.996794
2011-12-08,13.361348
2011-12-09,14.855307
2011-12-10,10.29449
2011-12-11,9.608225
2011-12-12,12.704342
2011-12-13,10.168006
2011-12-14,11.172197
2011-12-15,12.769493
2011-12-16,7.5656433
2011-12-17,6.449472
2011-12-18,9.595829
2011-12-19,8.782962
2011-12-20,10.896648
2011-12-21,6.469897
2011-12-22,5.3552856
2011-12-23,5.909613
2011-12-24,5.9703617
2011-12-25,5.441823
2011-12-26,4.900247
2011-12-27,4.7511287
2011-12-28,5.025081
2011-12-29,4.566226
2011-12-30,5.320088
2011-12-31,4.4777217
2012-01-01,3.915226
2012-01-02,3.7690995
2012-01-03,4.1646953
2012-01-04,4.979292
2012-01-05,4.061748
2012-01-06,4.860039
2012-01-07,3.904027
2012-01-08,3.283878
2012-01-09,3.0690432
2012-01-10,2.9292324
2012-01-11,3.0124414
2012-01-12,2.6204638
2012-01-13,2.5907662
2012-01-14,2.6124356
2012-01-15,2.5184119
2012-01-16,2.3534732
2012-01-17,2.4448042
2012-01-18,2.3420248
2012-01-19,2.490473
2012-01-20,2.488293
2012-01-21,2.0157378
2012-01-22,1.8436129
2012-01-23,1.7521851
2012-01-24,1.699263
2012-01-25,1.6582718
2012-01-26,1.5949869
2012-01-27,1.6720978
2012-01-28,1.636647
2012-01-29,1.4698526
2012-01-30,1.5046409
2012-01-31,1.4625448
2012-02-01,1.3709608
2012-02-02,1.2705262
2012-02-03,1.2451282
2012-02-04,1.1306868
2012-02-05,1.0804386
2012-02-06,1.0941597
2012-02-07,1.1110649
2012-02-08,1.0462573
2012-02-09,1.4975376
2012-02-10,2.6562
2012-02-11,1.3712006
2012-02-12,1.0852581
2012-02-13,2.829822
2012-02-14,1.1457591
2012-02-15,0.8116015
2012-02-16,0.7637164
2012-02-17,0.7326782
2012-02-18,0.7090294
2012-02-19,0.71654636
2012-02-20,0.6646498
2012-02-21,0.6908491
2012-02-22,0.6171528
2012-02-23,0.5836045
2012-02-24,0.5605179
2012-02-25,0.53856087
2012-02-26,0.6082165
2012-02-27,0.6144894
2012-02-28,0.5112131
2012-02-29,0.46550182
2012-03-01,0.44457853
2012-03-02,0.42624283
2012-03-03,0.41860706
2012-03-04,0.41797128
2012-03-05,0.5050326
2012-03-06,0.65335506
2012-03-07,1.4343896
2012-03-08,0.5658873
2012-03-09,0.5183195
2012-03-10,0.38067803
2012-03-11,0.44375736
2012-03-12,0.37484303
2012-03-13,0.63310415
2012-03-14,0.966077
2012-03-15,1.3226177
2012-03-16,0.545741
2012-03-17,1.3811886
2012-03-18,1.682139
2012-03-19,0.9058288
2012-03-20,0.7011206
2012-03-21,1.4431499
2012-03-22,2.3920908
2012-03-23,2.2954586
2012-03-24,1.1127789
2012-03-25,1.0462189
2012-03-26,0.83503824
2012-03-27,0.5331731
2012-03-28,0.37161726
2012-03-29,1.0421678
2012-03-30,0.7666028
2012-03-31,0.99695957
2012-04-01,1.5301284
2012-04-02,0.89267194
2012-04-03,1.36162
2012-04-04,2.588913
2012-04-05,0.9066314
2012-04-06,1.0506692
2012-04-07,2.9697552
2012-04-08,1.9219042
2012-04-09,7.0877004
2012-04-10,1.4653857
2012-04-11,0.40254763
2012-04-12,0.9261305
2012-04-13,0.67395574
2012-04-14,0.95626295
2012-04-15,1.2880455
2012-04-16,3.061899
2012-04-17,3.2536936
2012-04-18,5.2042875
2012-04-19,3.7375312
2012-04-20,4.253949
2012-04-21,1.1650193
2012-04-22,2.5258908
2012-04-23,1.9135814
2012-04-24,3.463222
2012-04-25,6.6776457
2012-04-26,3.3775437
2012-04-27,1.4109981
2012-04-28,3.1060097
2012-04-29,6.830947
2012-04-30,3.6131742
2012-05-01,5.1872306
2012-05-02,7.3269544
2012-05-03,3.2494006
2012-05-04,0.77075255
2012-05-05,9.561513
2012-05-06,6.7549295
2012-05-07,8.53975
2012-05-08,10.677397
2012-05-09,2.1130855
2012-05-10,0.57665396
2012-05-11,3.609651
2012-05-12,5.8049784
2012-05-13,8.989348
2012-05-14,10.468999
2012-05-15,5.056976
2012-05-16,1.9239198
2012-05-17,3.8091435
2012-05-18,4.2566175
2012-05-19,4.89324
2012-05-20,4.7024903
2012-05-21,4.169311
2012-05-22,5.203518
2012-05-23,7.4665427
2012-05-24,3.1828368
2012-05-25,4.7249184
2012-05-26,3.2234092
2012-05-27,4.6524587
2012-05-28,3.0371401
2012-05-29,4.140429
2012-05-30,2.9631522
2012-05-31,3.4475698
2012-06-01,4.038585
2012-06-02,5.7359414
2012-06-03,10.551663
2012-06-04,5.119856
2012-06-05,5.684473
2012-06-06,5.3958387
2012-06-07,4.6715283
2012-06-08,4.380193
2012-06-09,5.176695
2012-06-10,12.930313
2012-06-11,9.271768
2012-06-12,11.304941
2012-06-13,10.408001
2012-06-14,9.796677
2012-06-15,17.966545
2012-06-16,14.808785
2012-06-17,22.232521
2012-06-18,18.150826
2012-06-19,16.936535
2012-06-20,12.924605
2012-06-21,11.386667
2012-06-22,9.033142
2012-06-23,8.105831
2012-06-24,7.3977537
2012-06-25,9.894487
2012-06-26,7.105674
2012-06-27,9.679786
2012-06-28,7.268371
2012-06-29,7.3220854
2012-06-30,8.621845
2012-07-01,5.960728
2012-07-02,4.977644
2012-07-03,4.7957745
2012-07-04,8.206905
2012-07-05,9.714131
2012-07-06,11.239622
2012-07-07,5.9213753
2012-07-08,6.141662
2012-07-09,6.525456
2012-07-10,6.4982514
2012-07-11,5.5915685
2012-07-12,11.724277
2012-07-13,6.218577
2012-07-14,14.62493
2012-07-15,6.9679656
2012-07-16,5.7906613
2012-07-17,4.531459
2012-07-18,7.132992
2012-07-19,6.7858605
2012-07-20,8.279756
2012-07-21,17.503176
2012-07-22,7.251595
2012-07-23,7.0270567
2012-07-24,16.307829
2012-07-25,18.573572
2012-07-26,10.566758
2012-07-27,9.869582
2012-07-28,9.941228
2012-07-29,11.959758
2012-07-30,17.817226
2012-07-31,17.090282
2012-08-01,9.165101
2012-08-02,8.48977
2012-08-03,13.711871
2012-08-04,10.036731
2012-08-05,12.9990635
2012-08-06,11.509114
2012-08-07,12.407016
2012-08-08,11.084648
2012-08-09,9.152886
2012-08-10,12.37446
2012-08-11,15.294341
2012-08-12,15.553168
2012-08-13,12.298544
2012-08-14,18.090923
2012-08-15,25.297852
2012-08-16,27.125784
2012-08-17,24.988295
2012-08-18,19.083406
2012-08-19,18.01733
2012-08-20,20.760868
2012-08-21,13.9821005
2012-08-22,14.626727
2012-08-23,18.781845
2012-08-24,11.731418
2012-08-25,15.81723
2012-08-26,12.051651
2012-08-27,8.893552
2012-08-28,11.578068
2012-08-29,9.207914
2012-08-30,7.273892
2012-08-31,10.723071
2012-09-01,9.577077
2012-09-02,8.75338
2012-09-03,7.7392
2012-09-04,17.435877
2012-09-05,9.895463
2012-09-06,7.3966823
2012-09-07,7.861435
2012-09-08,7.021081
2012-09-09,6.86435
2012-09-10,7.4458566
2012-09-11,8.422117
2012-09-12,7.9037867
2012-09-13,7.454809
2012-09-14,7.236419
2012-09-15,7.0802393
2012-09-16,6.140623
2012-09-17,6.5587244
2012-09-18,6.6712694
2012-09-19,6.066494
2012-09-20,5.4015718
2012-09-21,8.012002
2012-09-22,11.069358
2012-09-23,9.069771
2012-09-24,7.9034457
2012-09-25,7.7064695
2012-09-26,7.5059047
2012-09-27,7.90912
2012-09-28,6.6696787
2012-09-29,9.314932
2012-09-30,14.898875
2012-10-01,8.851746
2012-10-02,8.194304
2012-10-03,11.236003
2012-10-04,7.8321323
2012-10-05,8.938776
2012-10-06,8.104893
2012-10-07,8.449415
2012-10-08,9.803037
2012-10-09,16.016447
2012-10-10,20.43998
2012-10-11,15.276702
2012-10-12,14.031331
2012-10-13,12.478536
2012-10-14,15.951425
2012-10-15,17.90551
2012-10-16,15.637544
2012-10-17,18.205854
2012-10-18,20.854502
2012-10-19,65.777405
2012-10-20,35.186855
2012-10-21,22.938284
2012-10-22,21.56475
2012-10-23,16.013079
2012-10-24,12.800077
2012-10-25,11.210969
2012-10-26,9.692239
2012-10-27,8.782423
2012-10-28,7.8867884
2012-10-29,7.672618
2012-10-30,10.164889
2012-10-31,11.75522
2012-11-01,15.274109
2012-11-02,7.2308455
2012-11-03,7.0600696
2012-11-04,13.963035
2012-11-05,6.738573
2012-11-06,5.5735526
2012-11-07,6.824115
2012-11-08,5.493608
2012-11-09,5.0774217
2012-11-10,5.024802
2012-11-11,4.7543526
2012-11-12,6.715364
2012-11-13,12.532573
2012-11-14,7.342944
2012-11-15,5.203748
2012-11-16,5.298162
2012-11-17,5.840402
2012-11-18,4.615227
2012-11-19,9.888541
2012-11-20,4.9304194
2012-11-21,3.9325655
2012-11-22,4.612707
2012-11-23,4.3153725
2012-11-24,3.6957383
2012-11-25,3.585886
2012-11-26,3.6368344
2012-11-27,6.4316406
2012-11-28,5.6044407
2012-11-29,5.05074
2012-11-30,4.193865
2012-12-01,3.2330503
2012-12-02,3.1525543
2012-12-03,3.366494
2012-12-04,3.0198092
2012-12-05,2.826986
2012-12-06,2.8063383
2012-12-07,2.9231675
2012-12-08,2.8004248
2012-12-09,3.0693104
2012-12-10,2.7628605
2012-12-11,3.1144056
2012-12-12,3.0779023
2012-12-13,2.9065297
2012-12-14,5.5138574
2012-12-15,4.204021
2012-12-16,3.1736221
2012-12-17,2.508164
2012-12-18,2.270267
2012-12-19,2.149217
2012-12-20,2.9286802
2012-12-21,3.027256
2012-12-22,2.38305
2012-12-23,3.967676
2012-12-24,3.6812057
2012-12-25,3.3705847
2012-12-26,5.2388635
2012-12-27,3.0770414
2012-12-28,2.7983272
2012-12-29,2.0802488
2012-12-30,1.9462394
2012-12-31,1.9892484
2013-01-01,1.9039608
2013-01-02,1.8726978
2013-01-03,1.7195002
2013-01-04,1.6215277
2013-01-05,1.764698
2013-01-06,1.6100364
2013-01-07,1.4659871
2013-01-08,1.4167227
2013-01-09,1.3822974
2013-01-10,1.3506825
2013-01-11,1.3174365
2013-01-12,1.2811607
2013-01-13,1.2475406
2013-01-14,1.2150826
2013-01-15,1.186292
2013-01-16,1.164325
2013-01-17,1.1183425
2013-01-18,1.128817
2013-01-19,1.0829977
2013-01-20,1.0679717
2013-01-21,1.0093138
2013-01-22,0.97323096
2013-01-23,0.95870835
2013-01-24,0.9845216
2013-01-25,1.1130086
2013-01-26,0.9295399
2013-01-27,0.84134114
2013-01-28,0.8403431
2013-01-29,0.7984657
2013-01-30,0.75363624
2013-01-31,0.7425853
2013-02-01,0.7028705
2013-02-02,0.7532526
2013-02-03,0.8426938
2013-02-04,1.4127514
2013-02-05,0.96467805
2013-02-06,0.78158337
2013-02-07,0.7997931
2013-02-08,0.9663981
2013-02-09,0.8251535
2013-02-10,0.69765174
2013-02-11,3.1935477
2013-02-12,1.0036017
2013-02-13,0.54694587
2013-02-14,0.53122544
2013-02-15,0.5842002
2013-02-16,0.5081131
2013-02-17,0.92995596
2013-02-18,0.9962791
2013-02-19,0.6760044
2013-02-20,0.5327688
2013-02-21,0.45326537
2013-02-22,0.49295184
2013-02-23,0.41778713
2013-02-24,0.39719567
2013-02-25,0.6328204
2013-02-26,0.41507667
2013-02-27,0.39271942
2013-02-28,0.42665967
2013-03-01,0.7541766
2013-03-02,0.90274215
2013-03-03,0.91296196
2013-03-04,8.020761
2013-03-05,1.968779
2013-03-06,1.4289322
2013-03-07,1.5132699
2013-03-08,0.7640662
2013-03-09,1.2357475
2013-03-10,0.65178674
2013-03-11,0.8372706
2013-03-12,0.6224102
2013-03-13,1.0927597
2013-03-14,1.7643481
2013-03-15,6.8263893
2013-03-16,3.4668036
2013-03-17,1.5240675
2013-03-18,4.37563
2013-03-19,1.6294155
2013-03-20,0.7930165
2013-03-21,0.88739526
2013-03-22,0.6732651
2013-03-23,0.41552192
2013-03-24,0.64216834
2013-03-25,0.74516535
2013-03-26,0.7170601
2013-03-27,4.751994
2013-03-28,3.1486244
2013-03-29,1.4090416
2013-03-30,1.4170485
2013-03-31,1.9448111
2013-04-01,1.7891521
2013-04-02,3.8755755
2013-04-03,1.6853484
2013-04-04,0.48125905
2013-04-05,0.8582392
2013-04-06,0.79427195
2013-04-07,1.2031175
2013-04-08,0.86083627
2013-04-09,0.8192422
2013-04-10,0.5174472
2013-04-11,0.5127034
2013-04-12,0.7630605
2013-04-13,0.6885524
2013-04-14,0.68631905
2013-04-15,0.40693337
2013-04-16,1.4708395
2013-04-17,0.64372844
2013-04-18,1.252561
2013-04-19,1.70406
2013-04-20,1.5866172
2013-04-21,2.38638
2013-04-22,1.1110489
2013-04-23,1.4834169
2013-04-24,0.5726191
2013-04-25,0.67795587
2013-04-26,1.5084177
2013-04-27,2.3769236
2013-04-28,5.0115747
2013-04-29,1.674564
2013-04-30,0.71956825
2013-05-01,0.47007373
2013-05-02,2.7737381
2013-05-03,1.0254418
2013-05-04,8.930356
2013-05-05,5.008684
2013-05-06,3.017698
2013-05-07,0.8890859
2013-05-08,0.77034247
2013-05-09,2.0547116
2013-05-10,6.090793
2013-05-11,1.3966144
2013-05-12,0.7291028
2013-05-13,0.59657854
2013-05-14,1.1719398
2013-05-15,2.6250982
2013-05-16,3.2927036
2013-05-17,3.7158782
2013-05-18,1.2877771
2013-05-19,3.7868521
2013-05-20,2.6651251
2013-05-21,1.574864
2013-05-22,10.360909
2013-05-23,4.688673
2013-05-24,6.022231
2013-05-25,10.034446
2013-05-26,7.856514
2013-05-27,12.380583
2013-05-28,14.454358
2013-05-29,8.244341
2013-05-30,3.3177254
2013-05-31,3.3736098
2013-06-01,7.313947
2013-06-02,2.450661
2013-06-03,1.5782031
2013-06-04,14.561625
2013-06-05,4.8743033
2013-06-06,5.064161
2013-06-07,8.23092
2013-06-08,3.8310385
2013-06-09,3.4954002
2013-06-10,3.3466861
2013-06-11,7.249113
2013-06-12,6.8145146
2013-06-13,7.1031957
2013-06-14,6.151841
2013-06-15,16.863592
2013-06-16,13.001426
2013-06-17,16.484722
2013-06-18,13.375144
2013-06-19,12.523185
2013-06-20,15.1501665
2013-06-21,11.393065
2013-06-22,10.435555
2013-06-23,9.7736
2013-06-24,14.6953535
2013-06-25,11.255946
2013-06-26,9.052003
2013-06-27,7.9090815
2013-06-28,10.341101
2013-06-29,14.943322
2013-06-30,10.112463
2013-07-01,10.493284
2013-07-02,9.4686
2013-07-03,8.07066
2013-07-04,6.2577186
2013-07-05,6.3272843
2013-07-06,7.6459565
2013-07-07,8.385668
2013-07-08,7.339551
2013-07-09,6.2204947
2013-07-10,11.809538
2013-07-11,8.124721
2013-07-12,7.088403
2013-07-13,6.000668
2013-07-14,4.84669
2013-07-15,4.7685595
2013-07-16,4.754719
2013-07-17,5.438325
2013-07-18,5.5989347
2013-07-19,5.7012615
2013-07-20,6.6477265
2013-07-21,12.153598
2013-07-22,7.389605
2013-07-23,4.487322
2013-07-24,4.2975855
2013-07-25,5.949358
2013-07-26,4.5617466
2013-07-27,8.934504
2013-07-28,8.515591
2013-07-29,8.607476
2013-07-30,6.422158
2013-07-31,7.100299
2013-08-01,7.3177238
2013-08-02,8.828015
2013-08-03,7.1723146
2013-08-04,10.007161
2013-08-05,9.133451
2013-08-06,6.473238
2013-08-07,7.9792376
2013-08-08,9.646225
2013-08-09,10.719092
2013-08-10,8.417206
2013-08-11,8.977961
2013-08-12,10.772319
2013-08-13,7.354205
2013-08-14,7.697719
2013-08-15,6.773651
2013-08-16,6.848645
2013-08-17,12.677796
2013-08-18,14.125172
2013-08-19,8.623016
2013-08-20,10.366137
2013-08-21,10.96155
2013-08-22,9.706288
2013-08-23,6.750664
2013-08-24,6.5383816
2013-08-25,9.201124
2013-08-26,6.682062
2013-08-27,9.138019
2013-08-28,9.464689
2013-08-29,6.4563026
2013-08-30,9.481072
2013-08-31,13.514892
2013-09-01,10.404963
2013-09-02,18.097614
2013-09-03,12.566184
2013-09-04,10.232953
2013-09-05,8.799445
2013-09-06,17.401539
2013-09-07,14.107292
2013-09-08,9.178499
2013-09-09,10.085521
2013-09-10,14.517349
2013-09-11,10.846338
2013-09-12,13.185124
2013-09-13,16.329058
2013-09-14,9.464229
2013-09-15,9.516541
2013-09-16,9.490335
2013-09-17,10.214877
2013-09-18,11.539719
2013-09-19,11.402309
2013-09-20,10.5122595
2013-09-21,8.002072
2013-09-22,7.1333604
2013-09-23,11.416621
2013-09-24,8.221822
2013-09-25,7.0996757
2013-09-26,6.5049577
2013-09-27,14.063436
2013-09-28,12.112719
2013-09-29,15.28197
2013-09-30,18.399466
2013-10-01,18.54392
2013-10-02,13.040523
2013-10-03,12.875055
2013-10-04,13.016209
2013-10-05,10.68762
2013-10-06,9.506079
2013-10-07,10.1363325
2013-10-08,9.2166605
2013-10-09,11.655346
2013-10-10,10.909485
2013-10-11,9.316651
2013-10-12,9.45954
2013-10-13,8.468611
2013-10-14,8.854623
2013-10-15,7.2015514
2013-10-16,8.085928
2013-10-17,9.635719
2013-10-18,11.710851
2013-10-19,8.441221
2013-10-20,5.5308657
2013-10-21,8.147137
2013-10-22,5.7717266
2013-10-23,6.038787
2013-10-24,5.254075
2013-10-25,5.655783
2013-10-26,6.0567236
2013-10-27,7.051675
2013-10-28,6.397238
2013-10-29,5.473215
2013-10-30,6.813011
2013-10-31,6.106644
2013-11-01,8.120883
2013-11-02,4.5299077
2013-11-03,3.7418506
2013-11-04,3.7268126
2013-11-05,4.413084
2013-11-06,5.3190866
2013-11-07,5.683041
2013-11-08,7.173088
2013-11-09,10.954977
2013-11-10,6.9754577
2013-11-11,7.253009
2013-11-12,4.669865
2013-11-13,5.126004
2013-11-14,5.0591035
2013-11-15,4.03042
2013-11-16,4.396339
2013-11-17,4.569787
2013-11-18,3.7358203
2013-11-19,3.3214757
2013-11-20,3.8666334
2013-11-21,3.1288314
2013-11-22,3.051593
2013-11-23,2.912167
2013-11-24,3.2538168
2013-11-25,4.3660617
2013-11-26,3.4761717
2013-11-27,3.4823296
2013-11-28,4.4399586
2013-11-29,3.7395382
2013-11-30,3.6553433
2013-12-01,3.3673842
2013-12-02,2.8248773
2013-12-03,2.5328858
2013-12-04,4.0771723
2013-12-05,3.3289537
2013-12-06,3.6198006
2013-12-07,4.558905
2013-12-08,2.8817832
2013-12-09,2.8029482
2013-12-10,4.369591
2013-12-11,3.4299643
2013-12-12,2.320048
2013-12-13,3.2499208
2013-12-14,3.2834215
2013-12-15,3.2235038
2013-12-16,2.616589
2013-12-17,3.1657677
2013-12-18,3.0932815
2013-12-19,2.5107732
2013-12-20,2.44828
2013-12-21,2.0407946
2013-12-22,1.8129976
2013-12-23,1.7332916
2013-12-24,1.7410166
2013-12-25,1.8313205
2013-12-26,1.7682625
2013-12-27,1.6871005
2013-12-28,1.5577722
2013-12-29,1.5151703
2013-12-30,1.5394484
2013-12-31,1.617251
2014-01-01,1.5396727
2014-01-02,1.497878
2014-01-03,1.4416302
2014-01-04,1.4550128
2014-01-05,1.3950958
2014-01-06,1.4923652
2014-01-07,2.2139058
2014-01-08,1.8982297
2014-01-09,1.3132144
2014-01-10,1.3233411
2014-01-11,1.311303
2014-01-12,1.1056899
2014-01-13,1.0705323
2014-01-14,1.0547825
2014-01-15,1.0533619
2014-01-16,0.98546857
2014-01-17,0.96555537
2014-01-18,0.95109403
2014-01-19,0.93165094
2014-01-20,1.3418424
2014-01-21,0.9669868
2014-01-22,0.87868214
2014-01-23,2.3545692
2014-01-24,1.1136969
2014-01-25,0.9178069
2014-01-26,0.8271789
2014-01-27,0.8688591
2014-01-28,0.7478252
2014-01-29,0.71793586
2014-01-30,0.6920421
2014-01-31,0.7158802
2014-02-01,0.65781
2014-02-02,0.7511667
2014-02-03,0.66597384
2014-02-04,0.5798657
2014-02-05,0.5534812
2014-02-06,0.5663963
2014-02-07,0.5650007
2014-02-08,0.52027076
2014-02-09,0.53928095
2014-02-10,0.6384471
2014-02-11,0.77532023
2014-02-12,0.7562514
2014-02-13,0.5684992
2014-02-14,1.0634209
2014-02-15,0.63984627
2014-02-16,0.4176779
2014-02-17,0.42334744
2014-02-18,0.37875655
2014-02-19,0.35552573
2014-02-20,0.3621427
2014-02-21,0.35908678
2014-02-22,0.36781642
2014-02-23,0.34490258
2014-02-24,0.34293178
2014-02-25,0.33654955
2014-02-26,0.29432356
2014-02-27,0.31979206
2014-02-28,0.6016932
2014-03-01,1.2085804
2014-03-02,1.1825243
2014-03-03,0.78311497
2014-03-04,0.5180756
2014-03-05,0.33178055
2014-03-06,0.32705367
2014-03-07,0.32548612
2014-03-08,0.92322683
2014-03-09,0.3938925
2014-03-10,0.51435775
2014-03-11,0.38153005
2014-03-12,0.30217165
2014-03-13,0.37714034
2014-03-14,0.52712876
2014-03-15,0.30559254
2014-03-16,0.3521549
2014-03-17,0.26114833
2014-03-18,0.241698
2014-03-19,0.30474544
2014-03-20,0.2304165
2014-03-21,0.27255958
2014-03-22,0.37746623
2014-03-23,0.26816654
2014-03-24,0.32332754
2014-03-25,0.529039
2014-03-26,0.34183276
2014-03-27,0.9239272
2014-03-28,0.33255196
2014-03-29,0.16784373
2014-03-30,0.21163552
2014-03-31,0.14586146
2014-04-01,0.13525613
2014-04-02,0.1253224
2014-04-03,0.23135713
2014-04-04,1.1846008
2014-04-05,0.5671627
2014-04-06,0.53427035
2014-04-07,0.6942306
2014-04-08,0.80674803
2014-04-09,0.7703534
2014-04-10,0.3696296
2014-04-11,0.29242706
2014-04-12,0.5045339
2014-04-13,0.623967
2014-04-14,0.60359186
2014-04-15,0.56569797
2014-04-16,0.95889956
2014-04-17,2.8714614
2014-04-18,1.1087306
2014-04-19,0.5352797
2014-04-20,1.223844
2014-04-21,1.1890225
2014-04-22,2.0930824
2014-04-23,4.4398456
2014-04-24,2.8003838
2014-04-25,0.9129206
2014-04-26,4.372675
2014-04-27,3.2371836
2014-04-28,3.459739
2014-04-29,1.3358003
2014-04-30,0.74040323
2014-05-01,8.609763
2014-05-02,2.991712
2014-05-03,4.674361
2014-05-04,2.891483
2014-05-05,2.570627
2014-05-06,3.3670795
2014-05-07,4.2679343
2014-05-08,4.4936466
2014-05-09,1.7534895
2014-05-10,0.41241884
2014-05-11,0.7503733
2014-05-12,3.1220994
2014-05-13,1.6641837
2014-05-14,0.3513143
2014-05-15,1.2097813
2014-05-16,1.4832015
2014-05-17,1.393852
2014-05-18,1.1422126
2014-05-19,1.7668003
2014-05-20,3.0762074
2014-05-21,2.3482277
2014-05-22,7.449424
2014-05-23,1.8811793
2014-05-24,3.5523138
2014-05-25,1.6848001
2014-05-26,0.80137223
2014-05-27,0.88648295
2014-05-28,3.8355324
2014-05-29,3.3243961
2014-05-30,2.6030648
2014-05-31,1.2948613
2014-06-01,1.6322612
2014-06-02,1.6295772
2014-06-03,2.383293
2014-06-04,7.641653
2014-06-05,1.5861291
2014-06-06,0.7619053
2014-06-07,0.631168
2014-06-08,9.129992
2014-06-09,3.5315747
2014-06-10,1.7943455
2014-06-11,0.7516941
2014-06-12,0.462749
2014-06-13,0.6244965
2014-06-14,5.7383313
2014-06-15,6.8741403
2014-06-16,1.3228842
2014-06-17,1.3410455
2014-06-18,2.4957972
2014-06-19,2.3509936
2014-06-20,1.9396148
2014-06-21,2.7576654
2014-06-22,0.8830696
2014-06-23,1.1157067
2014-06-24,4.841578
2014-06-25,14.155731
2014-06-26,12.177381
2014-06-27,5.523347
2014-06-28,5.65479
2014-06-29,3.896708
2014-06-30,1.6124916
2014-07-01,7.334708
2014-07-02,5.0994473
2014-07-03,2.9159737
2014-07-04,4.25137
2014-07-05,2.6302729
2014-07-06,2.1561534
2014-07-07,2.501848
2014-07-08,9.61915
2014-07-09,7.848169
2014-07-10,2.6619873
2014-07-11,3.6811986
2014-07-12,3.6088965
2014-07-13,3.3137133
2014-07-14,2.614369
2014-07-15,10.379242
2014-07-16,6.235492
2014-07-17,5.2459464
2014-07-18,3.925555
2014-07-19,5.0330653
2014-07-20,3.3144505
2014-07-21,5.8968654
2014-07-22,8.319926
2014-07-23,4.504082
2014-07-24,2.815826
2014-07-25,3.387674
2014-07-26,3.3199718
2014-07-27,3.1457102
2014-07-28,5.799489
2014-07-29,2.8850977
2014-07-30,4.0223556
2014-07-31,3.2848642
2014-08-01,5.429301
2014-08-02,5.424076
2014-08-03,9.869327
2014-08-04,7.3549185
2014-08-05,4.630296
2014-08-06,3.3736508
2014-08-07,5.3331356
2014-08-08,6.3893514
2014-08-09,3.4060934
2014-08-10,11.369468
2014-08-11,7.6573734
2014-08-12,8.319617
2014-08-13,17.754723
2014-08-14,6.520261
2014-08-15,5.7566614
2014-08-16,6.1471825
2014-08-17,8.664588
2014-08-18,9.65079
2014-08-19,7.2527814
2014-08-20,11.331331
2014-08-21,10.564014
2014-08-22,7.0653205
2014-08-23,8.137566
2014-08-24,7.261249
2014-08-25,7.3652368
2014-08-26,13.822733
2014-08-27,8.428816
2014-08-28,10.090042
2014-08-29,8.529449
2014-08-30,7.2260113
2014-08-31,6.2692523
2014-09-01,6.022318
2014-09-02,6.004397
2014-09-03,6.7214475
2014-09-04,6.7621765
2014-09-05,7.8196564
2014-09-06,6.609109
2014-09-07,9.496791
2014-09-08,8.944248
2014-09-09,7.105834
2014-09-10,4.960072
2014-09-11,5.9523654
2014-09-12,8.669552
2014-09-13,7.7177186
2014-09-14,10.930728
2014-09-15,7.459615
2014-09-16,11.573785
2014-09-17,7.0777326
2014-09-18,6.7282724
2014-09-19,8.131462
2014-09-20,9.597936
2014-09-21,10.1986
2014-09-22,12.536702
2014-09-23,11.741914
2014-09-24,17.385584
2014-09-25,13.990341
2014-09-26,14.356395
2014-09-27,13.922257
2014-09-28,10.859081
2014-09-29,12.795161
2014-09-30,10.144531
2014-10-01,9.054527
2014-10-02,8.36285
2014-10-03,9.085784
2014-10-04,10.677904
2014-10-05,9.758532
2014-10-06,8.044938
2014-10-07,14.413116
2014-10-08,18.580456
2014-10-09,21.313416
2014-10-10,15.437756
2014-10-11,16.839628
2014-10-12,45.733013
2014-10-13,64.8184
2014-10-14,38.543446
2014-10-15,26.662857
2014-10-16,20.989014
2014-10-17,18.171118
2014-10-18,20.091955
2014-10-19,13.89995
2014-10-20,11.92053
2014-10-21,12.665467
2014-10-22,11.616279
2014-10-23,12.1794
2014-10-24,11.108852
2014-10-25,10.42269
2014-10-26,12.7875395
2014-10-27,7.724939
2014-10-28,6.3849463
2014-10-29,6.9527
2014-10-30,6.9200683
2014-10-31,6.29282
2014-11-01,7.052892
2014-11-02,10.994877
2014-11-03,7.34866
2014-11-04,5.918476
2014-11-05,5.427429
2014-11-06,7.2512574
2014-11-07,8.865465
2014-11-08,7.3177247
2014-11-09,6.585129
2014-11-10,6.0691543
2014-11-11,13.141
2014-11-12,14.260076
2014-11-13,10.716803
2014-11-14,5.9740076
2014-11-15,6.209413
2014-11-16,6.304575
2014-11-17,5.68423
2014-11-18,6.044917
2014-11-19,8.490226
2014-11-20,11.847408
2014-11-21,6.4660263
2014-11-22,6.273402
2014-11-23,5.803125
2014-11-24,4.754912
2014-11-25,4.5663424
2014-11-26,4.5859766
2014-11-27,5.6981664
2014-11-28,4.7709327
2014-11-29,4.742441
2014-11-30,5.0459733
2014-12-01,5.179259
2014-12-02,5.149432
2014-12-03,4.160236
2014-12-04,3.743734
2014-12-05,4.778059
2014-12-06,4.8219285
2014-12-07,4.2886305
2014-12-08,5.444385
2014-12-09,5.7911825
2014-12-10,4.0955224
2014-12-11,3.4867265
2014-12-12,4.26313
2014-12-13,4.6033244
2014-12-14,9.6667385
2014-12-15,5.744531
2014-12-16,4.421876
2014-12-17,3.6978347
2014-12-18,3.8035681
2014-12-19,3.6376789
2014-12-20,3.5508337
2014-12-21,3.5549338
2014-12-22,3.3485298
2014-12-23,3.1816607
2014-12-24,3.1528606
2014-12-25,3.137132
2014-12-26,3.091412
2014-12-27,2.8753176
2014-12-28,2.7703712
2014-12-29,2.6870346
2014-12-30,2.7420888
2014-12-31,2.6559396
2015-01-01,2.5956697
2015-01-02,2.8179898
2015-01-03,2.8221834
2015-01-04,2.6738694
2015-01-05,2.5365105
2015-01-06,2.4101305
2015-01-07,2.2908711
2015-01-08,2.1770568
2015-01-09,2.0727193
2015-01-10,1.9756377
2015-01-11,1.8918736
2015-01-12,1.8003633
2015-01-13,1.7349461
2015-01-14,1.7050009
2015-01-15,1.7769017
2015-01-16,1.7129354
2015-01-17,1.9818252
2015-01-18,2.4599118
2015-01-19,2.035957
2015-01-20,1.5306301
2015-01-21,1.646699
2015-01-22,1.7084357
2015-01-23,1.3210329
2015-01-24,1.2334596
2015-01-25,1.4450798
2015-01-26,1.1862512
2015-01-27,1.1960571
2015-01-28,1.0721198
2015-01-29,1.104343
2015-01-30,1.0370787
2015-01-31,1.0033853
2015-02-01,1.5045455
2015-02-02,1.8125836
2015-02-03,1.1175416
2015-02-04,2.2224028
2015-02-05,1.5704706
2015-02-06,4.1086187
2015-02-07,1.5844716
2015-02-08,1.193679
2015-02-09,1.8349674
2015-02-10,0.848738
2015-02-11,0.6709512
2015-02-12,0.65884656
2015-02-13,0.6589938
2015-02-14,1.519538
2015-02-15,1.6593775
2015-02-16,1.3663652
2015-02-17,0.7544184
2015-02-18,0.56449306
2015-02-19,0.5426369
2015-02-20,0.6154093
2015-02-21,0.59144074
2015-02-22,0.5144343
2015-02-23,0.4715128
2015-02-24,0.45621905
2015-02-25,0.50297683
2015-02-26,0.45146272
2015-02-27,0.41289455
2015-02-28,0.42813993
2015-03-01,1.8823676
2015-03-02,1.7471498
2015-03-03,0.6053236
2015-03-04,0.386451
2015-03-05,0.3448116
2015-03-06,0.3332296
2015-03-07,0.381678
2015-03-08,0.4433296
2015-03-09,0.4080294
2015-03-10,0.31054607
2015-03-11,0.31637833
2015-03-12,0.32009146
2015-03-13,0.46194288
2015-03-14,0.63205904
2015-03-15,0.3497756
2015-03-16,0.42215902
2015-03-17,0.36508957
2015-03-18,0.28504804
2015-03-19,0.4336358
2015-03-20,1.0180987
2015-03-21,0.78328514
2015-03-22,0.3343871
2015-03-23,0.2961219
2015-03-24,0.31192592
2015-03-25,0.25587204
2015-03-26,0.331354
2015-03-27,0.45472884
2015-03-28,0.26558024
2015-03-29,0.36627644
2015-03-30,0.7990783
2015-03-31,0.921852
2015-04-01,0.639658
2015-04-02,0.34902528
2015-04-03,0.2539863
2015-04-04,0.7236939
2015-04-05,2.6492164
2015-04-06,1.6629728
2015-04-07,1.4015065
2015-04-08,1.7041861
2015-04-09,0.7316902
2015-04-10,0.77885306
2015-04-11,0.8425342
2015-04-12,3.1730294
2015-04-13,1.3396266
2015-04-14,1.1844959
2015-04-15,2.9068089
2015-04-16,1.8239641
2015-04-17,1.4517009
2015-04-18,0.97735965
2015-04-19,4.6919093
2015-04-20,3.5882413
2015-04-21,6.3374276
2015-04-22,3.6727738
2015-04-23,1.8505099
2015-04-24,0.7231268
2015-04-25,0.7335395
2015-04-26,0.7782965
2015-04-27,0.41811365
2015-04-28,0.2735715
2015-04-29,0.6726843
2015-04-30,0.38812247
2015-05-01,2.3163378
2015-05-02,0.86391175
2015-05-03,1.873063
2015-05-04,0.7465985
2015-05-05,0.3149227
2015-05-06,0.47546458
2015-05-07,1.2035048
2015-05-08,1.4849476
2015-05-09,1.7234874
2015-05-10,2.136419
2015-05-11,0.5121612
2015-05-12,7.115805
2015-05-13,1.2529365
2015-05-14,1.0224171
2015-05-15,1.6171459
2015-05-16,3.8982744
2015-05-17,2.464276
2015-05-18,1.0214242
2015-05-19,3.7948656
2015-05-20,1.5067563
2015-05-21,1.3731861
2015-05-22,1.7798313
2015-05-23,0.74916255
2015-05-24,0.42979932
2015-05-25,1.9286256
2015-05-26,4.050611
2015-05-27,3.551389
2015-05-28,4.889356
2015-05-29,6.2307057
2015-05-30,4.6577115
2015-05-31,5.3462706
2015-06-01,7.033208
2015-06-02,1.2962241
2015-06-03,0.98036915
2015-06-04,4.34255
2015-06-05,4.7408004
2015-06-06,2.4239562
2015-06-07,1.0919926
2015-06-08,6.0759864
2015-06-09,7.1199727
2015-06-10,4.608277
2015-06-11,1.4673413
2015-06-12,0.6302128
2015-06-13,0.9807484
2015-06-14,2.2464387
2015-06-15,2.707434
2015-06-16,0.8304423
2015-06-17,0.28437275
2015-06-18,3.8332667
2015-06-19,3.4448724
2015-06-20,0.6831943
2015-06-21,3.22981
2015-06-22,9.864357
2015-06-23,3.00859
2015-06-24,0.5174619
2015-06-25,0.32256547
2015-06-26,0.3546005
2015-06-27,0.3934709
2015-06-28,0.36231261
2015-06-29,0.4530368
2015-06-30,1.6774409
2015-07-01,1.8734659
2015-07-02,0.57282555
2015-07-03,0.45202848
2015-07-04,0.4074745
2015-07-05,1.1233884
2015-07-06,1.4770676
2015-07-07,2.6046538
2015-07-08,4.084769
2015-07-09,2.2952569
2015-07-10,2.1796525
2015-07-11,1.6386712
2015-07-12,2.6260796
2015-07-13,3.2147996
2015-07-14,6.41534
2015-07-15,4.6914234
2015-07-16,2.128238
2015-07-17,3.5613322
2015-07-18,3.0916529
2015-07-19,5.281229
2015-07-20,9.665519
2015-07-21,9.100827
2015-07-22,4.021244
2015-07-23,4.2323194
2015-07-24,3.1191182
2015-07-25,5.7308736
2015-07-26,2.2804916
2015-07-27,1.7390721
2015-07-28,3.4523518
2015-07-29,3.0945518
2015-07-30,3.9014027
2015-07-31,9.77569
2015-08-01,4.262309
2015-08-02,3.3291204
2015-08-03,4.2782555
2015-08-04,2.46758
2015-08-05,3.3480422
2015-08-06,8.31643
2015-08-07,4.2352886
2015-08-08,2.4367409
2015-08-09,4.7044454
2015-08-10,5.784344
2015-08-11,4.8059545
2015-08-12,2.9653952
2015-08-13,4.0112114
2015-08-14,3.6972342
2015-08-15,7.7991457
2015-08-16,14.954325
2015-08-17,7.4501247
2015-08-18,5.8614726
2015-08-19,5.820559
2015-08-20,6.295813
2015-08-21,7.4481544
2015-08-22,10.735759
2015-08-23,7.436551
2015-08-24,8.593135
2015-08-25,14.944929
2015-08-26,12.266074
2015-08-27,7.4776473
2015-08-28,10.771655
2015-08-29,13.001557
2015-08-30,10.981728
2015-08-31,12.3275
2015-09-01,10.275058
2015-09-02,9.140983
2015-09-03,9.056215
2015-09-04,18.27206
2015-09-05,8.866843
2015-09-06,11.860602
2015-09-07,7.1984906
2015-09-08,5.6993446
2015-09-09,8.228707
2015-09-10,6.799626
2015-09-11,5.177878
2015-09-12,5.815125
2015-09-13,4.6746273
2015-09-14,4.658263
2015-09-15,4.453293
2015-09-16,4.4533887
2015-09-17,8.621702
2015-09-18,5.0857244
2015-09-19,6.6413665
2015-09-20,9.849224
2015-09-21,6.5096374
2015-09-22,4.6135836
2015-09-23,4.2158284
2015-09-24,6.623923
2015-09-25,5.8372765
2015-09-26,6.9723268
2015-09-27,7.30814
2015-09-28,5.1091304
2015-09-29,3.6843245
2015-09-30,4.3226957
2015-10-01,4.5906577
2015-10-02,5.41843
2015-10-03,3.5468426
2015-10-04,3.1247902
2015-10-05,7.1016474
2015-10-06,4.5231256
2015-10-07,6.2039275
2015-10-08,5.2783265
2015-10-09,4.6710525
2015-10-10,4.895007
2015-10-11,5.776085
2015-10-12,5.6118197
2015-10-13,4.0264406
2015-10-14,5.5005336
2015-10-15,8.816571
2015-10-16,6.651801
2015-10-17,7.343964
2015-10-18,5.2891846
2015-10-19,8.095948
2015-10-20,6.655691
2015-10-21,8.772083
2015-10-22,9.034165
2015-10-23,5.8672643
2015-10-24,9.559851
2015-10-25,7.4891167
2015-10-26,7.0075235
2015-10-27,7.437198
2015-10-28,8.632979
2015-10-29,8.994138
2015-10-30,10.026161
2015-10-31,7.9924893
2015-11-01,8.501382
2015-11-02,8.1659
2015-11-03,6.7378216
2015-11-04,6.757413
2015-11-05,9.493706
2015-11-06,14.677318
2015-11-07,8.783589
2015-11-08,5.853046
2015-11-09,6.3253813
2015-11-10,6.7387547
2015-11-11,10.962004
2015-11-12,5.7813234
2015-11-13,5.9659886
2015-11-14,5.281365
2015-11-15,6.548295
2015-11-16,5.407772
2015-11-17,10.874575
2015-11-18,13.079855
2015-11-19,11.078369
2015-11-20,8.206265
2015-11-21,9.5529785
2015-11-22,8.192777
2015-11-23,7.7943535
2015-11-24,8.799116
2015-11-25,7.4671226
2015-11-26,6.8057003
2015-11-27,7.17587
2015-11-28,7.947885
2015-11-29,8.851306
2015-11-30,5.526279
2015-12-01,4.989938
2015-12-02,6.7065315
2015-12-03,5.5013003
2015-12-04,5.2742114
2015-12-05,7.6912875
2015-12-06,4.5862184
2015-12-07,4.4113693
2015-12-08,6.831973
2015-12-09,4.2482877
2015-12-10,4.2689657
2015-12-11,3.5643194
2015-12-12,3.5679793
2015-12-13,3.4547975
2015-12-14,3.4077482
2015-12-15,3.9841096
2015-12-16,6.353516
2015-12-17,3.7494004
2015-12-18,3.4660397
2015-12-19,5.627373
2015-12-20,5.3942375
2015-12-21,3.2981477
2015-12-22,3.6942883
2015-12-23,2.8587358
2015-12-24,2.6517377
2015-12-25,2.7839274
2015-12-26,2.5031555
2015-12-27,2.3766735
2015-12-28,2.296703
2015-12-29,2.2804193
2015-12-30,2.2698755
2015-12-31,2.137469
2016-01-01,2.3339202
2016-01-02,3.6191313
2016-01-03,2.6873665
2016-01-04,2.618019
2016-01-05,2.1845815
2016-01-06,2.1061146
2016-01-07,2.2764573
2016-01-08,2.007518
2016-01-09,1.9511682
2016-01-10,1.7769705
2016-01-11,1.7010062
2016-01-12,1.6005726
2016-01-13,1.5168599
2016-01-14,1.4611943
2016-01-15,1.4284573
2016-01-16,1.3712738
2016-01-17,1.3386412
2016-01-18,1.2831733
2016-01-19,1.3022326
2016-01-20,1.2865934
2016-01-21,1.1683273
2016-01-22,1.1171546
2016-01-23,1.0746334
2016-01-24,1.1143625
2016-01-25,1.1272061
2016-01-26,0.98992795
2016-01-27,0.93631506
2016-01-28,0.8989305
2016-01-29,0.8794877
2016-01-30,0.88702226
2016-01-31,0.83937365
2016-02-01,0.81969786
2016-02-02,0.75184554
2016-02-03,0.73592186
2016-02-04,0.7163398
2016-02-05,0.6931632
2016-02-06,0.66767865
2016-02-07,0.6195157
2016-02-08,0.6050696
2016-02-09,0.57518613
2016-02-10,0.61868966
2016-02-11,0.6744794
2016-02-12,0.6129618
2016-02-13,0.5299896
2016-02-14,0.49891818
2016-02-15,0.47326562
2016-02-16,0.45367366
2016-02-17,0.4286503
2016-02-18,0.47612768
2016-02-19,0.45857412
2016-02-20,0.43093848
2016-02-21,0.37771183
2016-02-22,0.3680672
2016-02-23,0.3629488
2016-02-24,0.36471474
2016-02-25,0.35657516
2016-02-26,0.6783583
2016-02-27,0.43585047
2016-02-28,0.39140996
2016-02-29,0.33922416
2016-03-01,0.3061518
2016-03-02,0.30362773
2016-03-03,0.28283358
2016-03-04,0.2889598
2016-03-05,0.2683459
2016-03-06,0.29147252
2016-03-07,0.2910904
2016-03-08,0.24329318
2016-03-09,0.2222025
2016-03-10,0.23141392
2016-03-11,0.25427228
2016-03-12,0.21254683
2016-03-13,0.19941609
2016-03-14,0.18833849
2016-03-15,0.18285021
2016-03-16,0.17815827
2016-03-17,0.20446791
2016-03-18,0.3322443
2016-03-19,0.8413983
2016-03-20,0.48685813
2016-03-21,0.32166216
2016-03-22,0.31131613
2016-03-23,0.26711795
2016-03-24,0.17687255
2016-03-25,0.14974062
2016-03-26,0.13857841
2016-03-27,0.13710769
2016-03-28,0.31239924
2016-03-29,0.19937599
2016-03-30,0.13425574
2016-03-31,0.20148143
2016-04-01,0.34880584
2016-04-02,0.31313434
2016-04-03,0.17499217
2016-04-04,0.1501372
2016-04-05,0.15736443
2016-04-06,0.2769729
2016-04-07,0.25187182
2016-04-08,0.24660131
2016-04-09,0.3132957
2016-04-10,0.6731027
2016-04-11,3.4189415
2016-04-12,0.9518248
2016-04-13,0.3123887
2016-04-14,0.123744056
2016-04-15,0.12595701
2016-04-16,0.1846831
2016-04-17,0.55658627
2016-04-18,0.8148025
2016-04-19,0.83438355
2016-04-20,0.7856737
2016-04-21,0.87829566
2016-04-22,0.6695812
2016-04-23,0.6400947
2016-04-24,2.8184826
2016-04-25,2.8640444
2016-04-26,5.3346663
2016-04-27,1.527112
2016-04-28,0.7668372
2016-04-29,7.865454
2016-04-30,2.3401346
2016-05-01,1.073913
2016-05-02,3.0191305
2016-05-03,1.9831693
2016-05-04,1.1078722
2016-05-05,1.8412523
2016-05-06,2.4875395
2016-05-07,2.589319
2016-05-08,2.857587
2016-05-09,4.3031683
2016-05-10,3.3365839
2016-05-11,2.465102
2016-05-12,0.3968677
2016-05-13,1.233507
2016-05-14,0.4457266
2016-05-15,7.344752
2016-05-16,1.6719184
2016-05-17,1.2349064
2016-05-18,1.5893995
2016-05-19,0.57247114
2016-05-20,0.23359722
2016-05-21,3.066086
2016-05-22,3.056987
2016-05-23,1.7434422
2016-05-24,0.78466296
2016-05-25,4.382014
2016-05-26,1.661142
2016-05-27,1.3720604
2016-05-28,0.3434722
2016-05-29,1.8666087
2016-05-30,2.6056428
2016-05-31,4.980633
2016-06-01,5.740202
2016-06-02,7.43881
2016-06-03,6.0139275
2016-06-04,11.965867
2016-06-05,1.8687267
2016-06-06,0.5589853
2016-06-07,1.4119971
2016-06-08,1.5076425
2016-06-09,0.49594358
2016-06-10,2.831145
2016-06-11,7.34092
2016-06-12,1.8524926
2016-06-13,3.1221817
2016-06-14,1.4828948
2016-06-15,8.114202
2016-06-16,2.4610748
2016-06-17,0.76931214
2016-06-18,1.0568465
2016-06-19,5.101843
2016-06-20,5.3781176
2016-06-21,6.9404116
2016-06-22,4.8393874
2016-06-23,5.802094
2016-06-24,7.377318
2016-06-25,5.0807242
2016-06-26,2.1090176
2016-06-27,4.1224093
2016-06-28,1.9909222
2016-06-29,1.4324852
2016-06-30,3.5885334
2016-07-01,7.167077
2016-07-02,7.522649
2016-07-03,7.006734
2016-07-04,5.392111
2016-07-05,7.122051
2016-07-06,4.244842
2016-07-07,3.0382695
2016-07-08,4.382326
2016-07-09,3.7831852
2016-07-10,2.1867654
2016-07-11,2.358342
2016-07-12,3.925535
2016-07-13,6.58805
2016-07-14,4.419164
2016-07-15,4.401911
2016-07-16,5.198031
2016-07-17,3.8253555
2016-07-18,6.7147527
2016-07-19,4.1463156
2016-07-20,5.4058475
2016-07-21,3.085773
2016-07-22,7.133682
2016-07-23,3.6425292
2016-07-24,13.11481
2016-07-25,10.136474
2016-07-26,6.8982663
2016-07-27,5.1150746
2016-07-28,7.74328
2016-07-29,6.6571913
2016-07-30,5.6947865
2016-07-31,7.2584276
2016-08-01,9.7115
2016-08-02,6.2401476
2016-08-03,10.977352
2016-08-04,9.529365
2016-08-05,9.286909
2016-08-06,5.507521
2016-08-07,7.033049
2016-08-08,6.7910123
2016-08-09,5.594208
2016-08-10,6.5383396
2016-08-11,6.254958
2016-08-12,6.008281
2016-08-13,5.057567
2016-08-14,6.7926397
2016-08-15,6.947278
2016-08-16,8.593344
2016-08-17,6.5899835
2016-08-18,7.802247
2016-08-19,5.9049096
2016-08-20,6.5596824
2016-08-21,7.2759852
2016-08-22,5.6129327
2016-08-23,8.345565
2016-08-24,5.7639556
2016-08-25,9.757537
2016-08-26,11.928721
2016-08-27,11.063543
2016-08-28,10.196856
2016-08-29,5.8583584
2016-08-30,6.3123927
2016-08-31,6.2841387
2016-09-01,6.9344783
2016-09-02,6.698454
2016-09-03,5.2308226
2016-09-04,5.5969253
2016-09-05,8.616676
2016-09-06,9.590626
2016-09-07,10.55604
2016-09-08,10.993778
2016-09-09,6.124737
2016-09-10,14.767227
2016-09-11,8.423938
2016-09-12,13.277996
2016-09-13,11.312081
2016-09-14,10.373147
2016-09-15,12.602207
2016-09-16,11.115328
2016-09-17,12.852192
2016-09-18,12.011967
2016-09-19,14.534941
2016-09-20,11.704441
2016-09-21,14.929106
2016-09-22,9.817204
2016-09-23,8.811511
2016-09-24,8.315612
2016-09-25,10.275193
2016-09-26,9.368507
2016-09-27,9.704235
2016-09-28,7.515568
2016-09-29,6.3507433
2016-09-30,6.573385
2016-10-01,6.6983957
2016-10-02,7.548168
2016-10-03,5.9153066
2016-10-04,5.6277647
2016-10-05,5.232063
2016-10-06,5.751368
2016-10-07,7.897611
2016-10-08,4.8870482
2016-10-09,7.375179
2016-10-10,5.46736
2016-10-11,8.217176
2016-10-12,6.448873
2016-10-13,33.288105
2016-10-14,15.763273
2016-10-15,7.3938065
2016-10-16,10.58783
2016-10-17,8.737613
2016-10-18,11.034579
2016-10-19,17.140957
2016-10-20,10.395734
2016-10-21,8.773106
2016-10-22,9.561093
2016-10-23,7.6582727
2016-10-24,10.142779
2016-10-25,8.086739
2016-10-26,8.269475
2016-10-27,9.905741
2016-10-28,10.035725
2016-10-29,8.826387
2016-10-30,13.945983
2016-10-31,8.5875025
2016-11-01,6.028095
2016-11-02,6.8038588
2016-11-03,7.6656485
2016-11-04,6.358831
2016-11-05,7.0550504
2016-11-06,12.056058
2016-11-07,12.080294
2016-11-08,7.0970078
2016-11-09,10.349163
2016-11-10,8.559577
2016-11-11,10.6646
2016-11-12,10.735354
2016-11-13,10.530705
2016-11-14,11.644848
2016-11-15,10.291468
2016-11-16,14.748265
2016-11-17,11.588494
2016-11-18,9.969067
2016-11-19,9.249959
2016-11-20,9.144348
2016-11-21,9.189067
2016-11-22,7.003008
2016-11-23,6.3147993
2016-11-24,6.1985855
2016-11-25,7.8231473
2016-11-26,6.342295
2016-11-27,5.770191
2016-11-28,5.580819
2016-11-29,5.1409006
2016-11-30,6.301747
2016-12-01,7.3774123
2016-12-02,8.136716
2016-12-03,6.2504406
2016-12-04,6.778383
2016-12-05,7.835207
2016-12-06,4.819018
2016-12-07,6.411511
2016-12-08,6.772401
2016-12-09,6.7301607
2016-12-10,7.262683
2016-12-11,8.642245
2016-12-12,5.911363
2016-12-13,5.435146
2016-12-14,4.766637
2016-12-15,4.04199
2016-12-16,3.9030647
2016-12-17,3.6784768
2016-12-18,4.214353
2016-12-19,3.568294
2016-12-20,3.3651161
2016-12-21,3.2367902
2016-12-22,3.1347296
2016-12-23,6.3491216
2016-12-24,3.7857246
2016-12-25,3.1641529
2016-12-26,3.08781
2016-12-27,4.206573
2016-12-28,2.9881315
2016-12-29,2.756336
2016-12-30,2.7497158
2016-12-31,3.1806443
2017-01-01,2.5924537
2017-01-02,3.8461618
2017-01-03,2.6456988
2017-01-04,2.5223856
2017-01-05,2.32356
2017-01-06,2.1990876
2017-01-07,2.2031333
2017-01-08,2.2269495
2017-01-09,2.5660603
2017-01-10,3.2280886
2017-01-11,2.1251283
2017-01-12,1.8304287
2017-01-13,1.7850735
2017-01-14,1.7097988
2017-01-15,1.7812306
2017-01-16,1.7386193
2017-01-17,1.6049181
2017-01-18,1.5720198
2017-01-19,1.4808288
2017-01-20,1.4312581
2017-01-21,1.3781947
2017-01-22,1.346778
2017-01-23,1.324164
2017-01-24,1.3438487
2017-01-25,1.236946
2017-01-26,1.163799
2017-01-27,1.1129655
2017-01-28,1.0706567
2017-01-29,1.4069016
2017-01-30,1.1119807
2017-01-31,1.2260844
2017-02-01,1.2536168
2017-02-02,1.0783722
2017-02-03,0.94454175
2017-02-04,0.859897
2017-02-05,0.8211162
2017-02-06,0.79072833
2017-02-07,0.7551476
2017-02-08,0.72578526
2017-02-09,0.69883704
2017-02-10,0.68449384
2017-02-11,0.7095258
2017-02-12,0.6335538
2017-02-13,0.59955317
2017-02-14,0.5949846
2017-02-15,0.5728523
2017-02-16,0.55819726
2017-02-17,0.59787476
2017-02-18,0.5366488
2017-02-19,0.48936585
2017-02-20,0.47823986
2017-02-21,0.45822987
2017-02-22,0.43713534
2017-02-23,0.42445657
2017-02-24,0.42636362
2017-02-25,0.39850494
2017-02-26,0.3727007
2017-02-27,0.37996948
2017-02-28,0.43105918
2017-03-01,0.36143568
2017-03-02,0.330789
2017-03-03,0.4899918
2017-03-04,0.3942632
2017-03-05,0.32268152
2017-03-06,0.31827265
2017-03-07,1.7319491
2017-03-08,1.2879863
2017-03-09,1.3352587
2017-03-10,2.5510776
2017-03-11,0.85939944
2017-03-12,0.4085863
2017-03-13,0.54897696
2017-03-14,0.36483052
2017-03-15,0.75465244
2017-03-16,2.3371396
2017-03-17,0.5888315
2017-03-18,0.36438242
2017-03-19,0.31348503
2017-03-20,0.3325717
2017-03-21,0.22981071
2017-03-22,0.20146447
2017-03-23,0.29075935
2017-03-24,3.2122571
2017-03-25,2.2058163
2017-03-26,0.8221188
2017-03-27,1.7425318
2017-03-28,0.50836974
2017-03-29,0.32758963
2017-03-30,0.685618
2017-03-31,1.1345602
2017-04-01,4.3378806
2017-04-02,1.8909587
2017-04-03,0.65197873
2017-04-04,0.31047735
2017-04-05,0.26081872
2017-04-06,0.20411938
2017-04-07,0.1771677
2017-04-08,0.1913879
2017-04-09,0.7763829
2017-04-10,0.5681823
2017-04-11,0.5319639
2017-04-12,0.49955532
2017-04-13,0.23835646
2017-04-14,0.36551613
2017-04-15,0.72951645
2017-04-16,0.259486
2017-04-17,1.234025
2017-04-18,0.4403773
2017-04-19,2.858213
2017-04-20,2.7948792
2017-04-21,6.999484
2017-04-22,1.4761741
2017-04-23,0.3881286
2017-04-24,0.32408634
2017-04-25,0.6597093
2017-04-26,2.6123261
2017-04-27,3.1179104
2017-04-28,0.77634245
2017-04-29,0.46389422
2017-04-30,0.3635351
2017-05-01,0.87861794
2017-05-02,2.0571613
2017-05-03,4.1717644
2017-05-04,2.3202617
2017-05-05,0.495468
2017-05-06,2.827654
2017-05-07,5.021433
2017-05-08,4.8685102
2017-05-09,1.391556
2017-05-10,2.877496
2017-05-11,8.767208
2017-05-12,2.2762384
2017-05-13,2.7766035
2017-05-14,1.3155196
2017-05-15,6.3903637
2017-05-16,5.0394015
2017-05-17,11.254111
2017-05-18,10.693465
2017-05-19,3.1604042
2017-05-20,1.1480812
2017-05-21,2.0687268
2017-05-22,4.0923586
2017-05-23,1.5817299
2017-05-24,1.0688696
2017-05-25,0.34585172
2017-05-26,0.52803993
2017-05-27,3.0541492
2017-05-28,1.2215132
2017-05-29,0.78719246
2017-05-30,4.5022626
2017-05-31,4.9969635
2017-06-01,3.577136
2017-06-02,2.33924
2017-06-03,0.93942237
2017-06-04,0.5847545
2017-06-05,1.3606533
2017-06-06,1.1589402
2017-06-07,1.2488861
2017-06-08,4.3347135
2017-06-09,1.8074797
2017-06-10,1.0343683
2017-06-11,0.43427998
2017-06-12,2.6398509
2017-06-13,5.655027
2017-06-14,7.358653
2017-06-15,2.3665311
2017-06-16,6.4459434
2017-06-17,4.0789623
2017-06-18,2.0440483
2017-06-19,3.571808
2017-06-20,10.77502
2017-06-21,2.2354836
2017-06-22,7.2084193
2017-06-23,1.8012787
2017-06-24,1.0641651
2017-06-25,1.6186806
2017-06-26,3.7451499
2017-06-27,5.366524
2017-06-28,3.4049654
2017-06-29,1.3758233
2017-06-30,1.3709786
2017-07-01,1.0082529
2017-07-02,1.228238
2017-07-03,3.5172946
2017-07-04,1.4341013
2017-07-05,1.9482083
2017-07-06,2.3253565
2017-07-07,1.6275218
2017-07-08,2.5498877
2017-07-09,1.59973
2017-07-10,1.7070845
2017-07-11,3.5984113
2017-07-12,6.941841
2017-07-13,3.2716117
2017-07-14,3.4174187
2017-07-15,1.9239575
2017-07-16,2.0864825
2017-07-17,2.172777
2017-07-18,1.9631296
2017-07-19,1.3008231
2017-07-20,3.1132643
2017-07-21,5.169151
2017-07-22,3.0903604
2017-07-23,2.2741475
2017-07-24,2.2937818
2017-07-25,1.4081142
2017-07-26,6.733369
2017-07-27,12.000184
2017-07-28,3.174943
2017-07-29,6.3304996
2017-07-30,4.582798
2017-07-31,4.71849
2017-08-01,8.355683
2017-08-02,2.517598
2017-08-03,2.0241895
2017-08-04,1.9999486
2017-08-05,9.669268
2017-08-06,17.804754
2017-08-07,9.482549
2017-08-08,7.0712385
2017-08-09,3.5922844
2017-08-10,3.0409842
2017-08-11,3.3665633
2017-08-12,5.880894
2017-08-13,3.2325926
2017-08-14,2.7133
2017-08-15,2.6806233
2017-08-16,3.0105474
2017-08-17,6.8797345
2017-08-18,5.1028514
2017-08-19,4.696439
2017-08-20,3.6246111
2017-08-21,9.433537
2017-08-22,3.9717646
2017-08-23,8.700289
2017-08-24,7.343582
2017-08-25,5.544626
2017-08-26,6.26199
2017-08-27,4.0047784
2017-08-28,4.494223
2017-08-29,8.300246
2017-08-30,9.042425
2017-08-31,6.010409
2017-09-01,4.3569083
2017-09-02,4.58469
2017-09-03,7.2068768
2017-09-04,5.2948494
2017-09-05,4.994562
2017-09-06,5.0158877
2017-09-07,8.830423
2017-09-08,5.1519947
2017-09-09,7.208597
2017-09-10,12.10924
2017-09-11,5.9693193
2017-09-12,3.8375788
2017-09-13,5.3350444
2017-09-14,9.664685
2017-09-15,9.062552
2017-09-16,8.506258
2017-09-17,6.8976736
2017-09-18,4.721587
2017-09-19,5.5165057
2017-09-20,5.072893
2017-09-21,8.105027
2017-09-22,5.9900627
2017-09-23,6.14007
2017-09-24,7.4034915
2017-09-25,5.55259
2017-09-26,9.387115
2017-09-27,6.046798
2017-09-28,4.635343
2017-09-29,6.7946396
2017-09-30,7.545271
2017-10-01,5.499784
2017-10-02,11.731669
2017-10-03,9.391856
2017-10-04,6.047867
2017-10-05,4.854008
2017-10-06,9.833959
2017-10-07,16.782642
2017-10-08,8.090981
2017-10-09,6.904293
2017-10-10,8.161281
2017-10-11,6.9359536
2017-10-12,7.1075907
2017-10-13,7.8215966
2017-10-14,5.983178
2017-10-15,5.753521
2017-10-16,5.607675
2017-10-17,5.0849605
2017-10-18,4.861654
2017-10-19,8.178397
2017-10-20,4.8936915
2017-10-21,5.0557976
2017-10-22,7.0366116
2017-10-23,8.533043
2017-10-24,8.225664
2017-10-25,10.340988
2017-10-26,6.0984497
2017-10-27,4.457735
2017-10-28,4.5518885
2017-10-29,5.2870383
2017-10-30,3.6590154
2017-10-31,5.2951016
2017-11-01,4.5722394
2017-11-02,3.8480504
2017-11-03,3.2450602
2017-11-04,3.6055324
2017-11-05,3.405038
2017-11-06,3.8201938
2017-11-07,3.053337
2017-11-08,4.615716
2017-11-09,3.0916917
2017-11-10,3.5457814
2017-11-11,2.964105
2017-11-12,3.5599108
2017-11-13,2.7219548
2017-11-14,2.5531974
2017-11-15,6.008986
2017-11-16,3.0380917
2017-11-17,2.953794
2017-11-18,2.3059802
2017-11-19,2.8716578
2017-11-20,2.6522849
2017-11-21,2.2606614
2017-11-22,3.6201308
2017-11-23,2.6819904
2017-11-24,2.253178
2017-11-25,2.3762422
2017-11-26,2.0582674
2017-11-27,2.3908591
2017-11-28,2.0202506
2017-11-29,1.8824477
2017-11-30,2.0743065
2017-12-01,2.4013462
2017-12-02,2.1584654
2017-12-03,2.342258
2017-12-04,1.900488
2017-12-05,1.6536608
2017-12-06,6.9058156
2017-12-07,3.3985214
2017-12-08,1.8340616
2017-12-09,2.058475
2017-12-10,1.9688011
2017-12-11,1.9481874
2017-12-12,1.7876621
2017-12-13,2.899513
2017-12-14,1.622654
2017-12-15,1.3203615
2017-12-16,1.2558739
2017-12-17,1.2451065
2017-12-18,1.2020453
2017-12-19,1.1684351
2017-12-20,1.1404158
2017-12-21,1.1150823
2017-12-22,1.099593
2017-12-23,1.114319
2017-12-24,1.1223323
2017-12-25,1.0793712
2017-12-26,1.0744863
2017-12-27,1.284304
2017-12-28,1.1891702
2017-12-29,1.0358727
2017-12-30,1.2382218
2017-12-31,2.238083
2018-01-01,2.0769968
2018-01-02,1.1551172
2018-01-03,1.7049286
2018-01-04,1.6546451
2018-01-05,1.9791645
2018-01-06,3.4229422
2018-01-07,1.2185221
2018-01-08,1.1179674
2018-01-09,0.9969337
2018-01-10,3.4247196
2018-01-11,1.2920767
2018-01-12,0.8133914
2018-01-13,1.4374197
2018-01-14,1.1995395
2018-01-15,1.3661828
2018-01-16,0.958913
2018-01-17,1.0327655
2018-01-18,1.8723114
2018-01-19,2.0496745
2018-01-20,1.1326286
2018-01-21,0.6594628
2018-01-22,0.7295746
2018-01-23,0.8869423
2018-01-24,1.4523567
2018-01-25,0.7051617
2018-01-26,0.7058747
2018-01-27,0.6702129
2018-01-28,0.5200823
2018-01-29,0.47150633
2018-01-30,0.64887416
2018-01-31,0.48714828
2018-02-01,0.46832317
2018-02-02,0.43346307
2018-02-03,0.56650215
2018-02-04,0.44580662
2018-02-05,0.4005333
2018-02-06,0.3931965
2018-02-07,0.37256956
2018-02-08,0.35773095
2018-02-09,0.3503962
2018-02-10,0.33686507
2018-02-11,0.33027133
2018-02-12,0.3314413
2018-02-13,0.3209806
2018-02-14,0.31163955
2018-02-15,0.2924507
2018-02-16,0.28431833
2018-02-17,0.27707186
2018-02-18,0.40900683
2018-02-19,0.37964213
2018-02-20,0.26910016
2018-02-21,0.247294
2018-02-22,0.24001972
2018-02-23,0.23175915
2018-02-24,0.22615273
2018-02-25,0.29036447
2018-02-26,0.49650928
2018-02-27,0.2837178
2018-02-28,0.2279405
2018-03-01,0.2232501
2018-03-02,0.19095278
2018-03-03,0.18576472
2018-03-04,0.18158713
2018-03-05,0.1883724
2018-03-06,0.17878234
2018-03-07,0.16915894
2018-03-08,0.17620547
2018-03-09,0.17412812
2018-03-10,0.18955562
2018-03-11,0.273685
2018-03-12,0.16618821
2018-03-13,0.40680936
2018-03-14,0.49925473
2018-03-15,0.2238689
2018-03-16,0.39681533
2018-03-17,0.42790815
2018-03-18,0.31910402
2018-03-19,0.9611422
2018-03-20,0.506486
2018-03-21,0.2339364
2018-03-22,0.42366827
2018-03-23,0.86773825
2018-03-24,0.6790942
2018-03-25,1.6056505
2018-03-26,2.0945961
2018-03-27,0.8547193
2018-03-28,0.59005904
2018-03-29,0.30542326
2018-03-30,0.6649483
2018-03-31,0.8216112
2018-04-01,0.6797496
2018-04-02,1.7663312
2018-04-03,2.3414562
2018-04-04,0.551686
2018-04-05,0.39425617
2018-04-06,0.4282346
2018-04-07,0.2322131
2018-04-08,0.62985045
2018-04-09,0.23644172
2018-04-10,0.12858044
2018-04-11,0.84529597
2018-04-12,4.401772
2018-04-13,2.5502696
2018-04-14,1.7667496
2018-04-15,1.4116225
2018-04-16,2.0627983
2018-04-17,5.442819
2018-04-18,1.628995
2018-04-19,1.6430035
2018-04-20,0.7602412
2018-04-21,2.758677
2018-04-22,0.5609044
2018-04-23,0.44650415
2018-04-24,0.9760774
2018-04-25,0.6660824
2018-04-26,3.0914733
2018-04-27,1.4297312
2018-04-28,2.5878036
2018-04-29,1.910377
2018-04-30,2.5735133
2018-05-01,0.83731824
2018-05-02,2.4008164
2018-05-03,0.65963846
2018-05-04,2.1069667
2018-05-05,1.6870943
2018-05-06,1.6765972
2018-05-07,2.5134356
2018-05-08,2.6536102
2018-05-09,8.238093
2018-05-10,10.6190405
2018-05-11,4.8181896
2018-05-12,1.2557118
2018-05-13,4.0385084
2018-05-14,7.705169
2018-05-15,23.881771
2018-05-16,6.747699
2018-05-17,2.840908
2018-05-18,8.60763
2018-05-19,2.7843907
2018-05-20,5.976547
2018-05-21,3.01593
2018-05-22,4.1100144
2018-05-23,3.7976308
2018-05-24,1.6645365
2018-05-25,5.643044
2018-05-26,2.4373584
2018-05-27,0.9854274
2018-05-28,3.1982193
2018-05-29,9.017482
2018-05-30,3.8191502
2018-05-31,1.8738986
2018-06-01,3.379426
2018-06-02,16.145546
2018-06-03,3.2286208
2018-06-04,1.9232153
2018-06-05,2.0792663
2018-06-06,3.2752872
2018-06-07,2.173383
2018-06-08,0.9366334
2018-06-09,0.8697047
2018-06-10,2.3015413
2018-06-11,7.2906294
2018-06-12,13.092638
2018-06-13,4.245495
2018-06-14,2.0000455
2018-06-15,7.7754984
2018-06-16,7.7366014
2018-06-17,2.73259
2018-06-18,4.297224
2018-06-19,7.1336036
2018-06-20,3.7441175
2018-06-21,3.654339
2018-06-22,4.8929777
2018-06-23,4.728547
2018-06-24,3.861461
2018-06-25,4.0182285
2018-06-26,17.656069
2018-06-27,11.650883
2018-06-28,11.964758
2018-06-29,9.319742
2018-06-30,11.363608
2018-07-01,8.5468235
2018-07-02,8.152451
2018-07-03,8.548939
2018-07-04,7.316002
2018-07-05,6.228466
2018-07-06,8.942589
2018-07-07,8.904498
2018-07-08,6.1848674
2018-07-09,5.610283
2018-07-10,9.504757
2018-07-11,13.363922
2018-07-12,13.637617
2018-07-13,6.739401
2018-07-14,8.695604
2018-07-15,8.24281
2018-07-16,14.581712
2018-07-17,10.618622
2018-07-18,8.793517
2018-07-19,7.651906
2018-07-20,9.12002
2018-07-21,8.271038
2018-07-22,6.6162515
2018-07-23,8.14007
2018-07-24,6.5791903
2018-07-25,11.457598
2018-07-26,6.742195
2018-07-27,6.991303
2018-07-28,7.7629943
2018-07-29,10.191829
2018-07-30,8.173394
2018-07-31,6.1784477
2018-08-01,6.767537
2018-08-02,6.901281
2018-08-03,7.667448
2018-08-04,10.942744
2018-08-05,7.233361
2018-08-06,5.832825
2018-08-07,4.759205
2018-08-08,4.507665
2018-08-09,4.3922057
2018-08-10,4.7876506
2018-08-11,4.3294554
2018-08-12,4.0440454
2018-08-13,3.9722528
2018-08-14,5.734679
2018-08-15,4.8560734
2018-08-16,4.8044047
2018-08-17,3.7092452
2018-08-18,4.109764
2018-08-19,9.155339
2018-08-20,8.42499
2018-08-21,3.7182972
2018-08-22,4.7039275
2018-08-23,3.5631535
2018-08-24,8.257302
2018-08-25,3.7988045
2018-08-26,2.9214468
2018-08-27,4.319051
2018-08-28,4.6540527
2018-08-29,5.9049826
2018-08-30,4.818548
2018-08-31,3.193406
2018-09-01,3.2766995
2018-09-02,4.0953946
2018-09-03,2.9801288
2018-09-04,2.8215797
2018-09-05,3.5092542
2018-09-06,6.24
2018-09-07,3.6047585
2018-09-08,3.172053
2018-09-09,3.1847804
2018-09-10,8.818947
2018-09-11,6.997324
2018-09-12,6.345506
2018-09-13,5.9167676
2018-09-14,11.773543
2018-09-15,4.19483
2018-09-16,4.3652625
2018-09-17,6.788935
2018-09-18,3.3524969
2018-09-19,3.01462
2018-09-20,3.3855937
2018-09-21,2.8492785
2018-09-22,2.7933185
2018-09-23,3.3867548
2018-09-24,4.252449
2018-09-25,3.3929849
2018-09-26,4.047089
2018-09-27,3.7050219
2018-09-28,4.37673
2018-09-29,4.6114097
2018-09-30,3.7957318
2018-10-01,12.894189
2018-10-02,4.2849617
2018-10-03,9.521838
2018-10-04,5.408172
2018-10-05,4.071876
2018-10-06,10.02126
2018-10-07,5.3582582
2018-10-08,5.393369
2018-10-09,7.3651013
2018-10-10,6.662602
2018-10-11,21.720436
2018-10-12,8.626182
2018-10-13,8.27003
2018-10-14,6.4071736
2018-10-15,6.758645
2018-10-16,6.333753
2018-10-17,7.733971
2018-10-18,7.5645714
2018-10-19,8.883306
2018-10-20,8.751217
2018-10-21,9.20507
2018-10-22,8.15753
2018-10-23,7.5678377
2018-10-24,8.521863
2018-10-25,10.877131
2018-10-26,9.901911
2018-10-27,9.107873
2018-10-28,7.8088384
2018-10-29,6.319741
2018-10-30,6.86687
2018-10-31,5.9401445
2018-11-01,6.0562305
2018-11-02,7.1623306
2018-11-03,7.5526342
2018-11-04,6.5763817
2018-11-05,9.898167
2018-11-06,19.468987
2018-11-07,7.308602
2018-11-08,5.097809
2018-11-09,8.704384
2018-11-10,5.3524933
2018-11-11,6.678129
2018-11-12,7.087235
2018-11-13,9.601771
2018-11-14,5.7143297
2018-11-15,5.475633
2018-11-16,5.36742
2018-11-17,5.029686
2018-11-18,5.2193995
2018-11-19,7.038433
2018-11-20,8.861521
2018-11-21,6.1985564
2018-11-22,5.166691
2018-11-23,4.8977356
2018-11-24,4.9381647
2018-11-25,4.3137665
2018-11-26,3.811815
2018-11-27,3.9399455
2018-11-28,5.569688
2018-11-29,7.2255144
2018-11-30,4.1136622
2018-12-01,4.1220417
2018-12-02,3.3858774
2018-12-03,3.202918
2018-12-04,3.2320426
2018-12-05,3.12691
2018-12-06,3.0984595
2018-12-07,2.9296227
2018-12-08,2.8094468
2018-12-09,2.7666447
2018-12-10,2.7075279
2018-12-11,2.5643847
2018-12-12,2.5431573
2018-12-13,2.4188387
2018-12-14,2.3753772
2018-12-15,2.3385403
2018-12-16,2.3057652
2018-12-17,2.1641471
2018-12-18,2.0659978
2018-12-19,1.9409658
2018-12-20,1.8933141
2018-12-21,1.8463693
2018-12-22,1.8939625
2018-12-23,1.7900424
2018-12-24,1.7026743
2018-12-25,1.5639778
2018-12-26,1.4923365
2018-12-27,1.4385592
2018-12-28,1.3842232
2018-12-29,1.3382505
2018-12-30,1.2821488
2018-12-31,1.240414
2019-01-01,1.1834403
2019-01-02,1.0932022
2019-01-03,1.0526478
2019-01-04,1.0142056
2019-01-05,0.9768053
2019-01-06,0.94749427
2019-01-07,0.91751754
2019-01-08,0.9199412
2019-01-09,0.93387896
2019-01-10,0.86902744
2019-01-11,0.80507493
2019-01-12,0.7834896
2019-01-13,0.83524853
2019-01-14,0.81135875
2019-01-15,0.702613
2019-01-16,0.66567767
2019-01-17,0.66470456
2019-01-18,0.6469182
2019-01-19,0.6076024
2019-01-20,0.70756054
2019-01-21,0.81490904
2019-01-22,0.5776726
2019-01-23,0.52246606
2019-01-24,0.5055113
2019-01-25,0.48844677
2019-01-26,0.47390693
2019-01-27,0.47951043
2019-01-28,0.5811169
2019-01-29,0.46537915
2019-01-30,0.44529283
2019-01-31,0.4084751
2019-02-01,0.39745313
2019-02-02,0.40553686
2019-02-03,0.37473214
2019-02-04,0.3576678
2019-02-05,0.348312
2019-02-06,0.33780763
2019-02-07,0.33108708
2019-02-08,0.3196935
2019-02-09,0.3109526
2019-02-10,0.30452368
2019-02-11,0.31631878
2019-02-12,0.28475145
2019-02-13,0.28458714
2019-02-14,0.2656538
2019-02-15,0.27292928
2019-02-16,0.30148777
2019-02-17,0.27336153
2019-02-18,0.5647002
2019-02-19,1.0377406
2019-02-20,0.58717686
2019-02-21,0.51694804
2019-02-22,0.74946
2019-02-23,0.33755964
2019-02-24,0.22662604
2019-02-25,0.22485681
2019-02-26,0.19665028
2019-02-27,0.18873341
2019-02-28,0.18795311
2019-03-01,0.25937372
2019-03-02,0.6609173
2019-03-03,0.50095314
2019-03-04,0.45720682
2019-03-05,0.35427058
2019-03-06,0.23223552
2019-03-07,0.30539525
2019-03-08,0.35717288
2019-03-09,0.24554402
2019-03-10,0.582148
2019-03-11,0.72418684
2019-03-12,0.44776136
2019-03-13,0.2062994
2019-03-14,0.19372547
2019-03-15,0.14191374
2019-03-16,0.18815161
2019-03-17,0.1562152
2019-03-18,0.3359334
2019-03-19,0.76953924
2019-03-20,0.45932886
2019-03-21,0.92038476
2019-03-22,0.6583132
2019-03-23,0.28723577
2019-03-24,0.30874
2019-03-25,0.26387224
2019-03-26,0.40750945
2019-03-27,0.28404307
2019-03-28,0.56081617
2019-03-29,0.379709
2019-03-30,0.19276102
2019-03-31,0.155496
2019-04-01,0.47540665
2019-04-02,0.76561964
2019-04-03,0.49492913
2019-04-04,0.16360657
2019-04-05,0.20657872
2019-04-06,0.28691897
2019-04-07,0.16301507
2019-04-08,0.14306223
2019-04-09,0.42264703
2019-04-10,1.0650947
2019-04-11,0.2812878
2019-04-12,0.14736749
2019-04-13,0.30827117
2019-04-14,0.41784665
2019-04-15,0.31993824
2019-04-16,0.5121667
2019-04-17,0.20195976
2019-04-18,1.374646
2019-04-19,0.3944437
2019-04-20,0.75887275
2019-04-21,2.4515433
2019-04-22,2.6986222
2019-04-23,0.9278556
2019-04-24,0.25715184
2019-04-25,0.15615733
2019-04-26,0.4918276
2019-04-27,0.64922625
2019-04-28,1.3310418
2019-04-29,0.5075002
2019-04-30,0.1488433
2019-05-01,0.12470933
2019-05-02,0.10997284
2019-05-03,0.19064511
2019-05-04,0.13717075
2019-05-05,0.34178287
2019-05-06,0.51373154
2019-05-07,1.8745158
2019-05-08,1.4579928
2019-05-09,1.431425
2019-05-10,3.4106998
2019-05-11,5.512506
2019-05-12,0.9824106
2019-05-13,0.65216905
2019-05-14,1.4444852
2019-05-15,2.3207903
2019-05-16,2.2469962
2019-05-17,3.8928683
2019-05-18,2.0944514
2019-05-19,2.1554828
2019-05-20,7.366137
2019-05-21,5.164335
2019-05-22,1.2215283
2019-05-23,2.588323
2019-05-24,1.3086747
2019-05-25,1.5559205
2019-05-26,3.5780945
2019-05-27,2.8919895
2019-05-28,2.2036805
2019-05-29,2.345588
2019-05-30,4.327811
2019-05-31,2.0248144
2019-06-01,5.864865
2019-06-02,4.6792235
2019-06-03,2.8776588
2019-06-04,0.89141005
2019-06-05,6.0402803
2019-06-06,10.015267
2019-06-07,3.7088423
2019-06-08,2.2890847
2019-06-09,2.296105
2019-06-10,3.1161594
2019-06-11,5.767103
2019-06-12,3.2990513
2019-06-13,9.061544
2019-06-14,9.156785
2019-06-15,2.0436254
2019-06-16,0.9534436
2019-06-17,0.29132196
2019-06-18,1.0088791
2019-06-19,0.9634603
2019-06-20,0.4485975
2019-06-21,0.9496135
2019-06-22,1.1625065
2019-06-23,0.4042554
2019-06-24,0.5355268
2019-06-25,1.9684875
2019-06-26,0.5654317
2019-06-27,0.5168099
2019-06-28,0.41509423
2019-06-29,0.558768
2019-06-30,3.0570936
2019-07-01,3.3016791
2019-07-02,2.0347414
2019-07-03,0.66733676
2019-07-04,0.45938745
2019-07-05,1.093053
2019-07-06,0.9128547
2019-07-07,0.73983634
2019-07-08,3.1993012
2019-07-09,1.9216971
2019-07-10,0.5397936
2019-07-11,0.31845865
2019-07-12,1.0772508
2019-07-13,2.5944562
2019-07-14,3.6985955
2019-07-15,3.1979978
2019-07-16,0.844039
2019-07-17,0.5730841
2019-07-18,0.27597257
2019-07-19,0.25726226
2019-07-20,0.21384726
2019-07-21,0.26183423
2019-07-22,1.7105708
2019-07-23,2.464421
2019-07-24,1.7242643
2019-07-25,0.6733484
2019-07-26,1.0951567
2019-07-27,0.83058965
2019-07-28,0.8719761
2019-07-29,5.379462
2019-07-30,3.4775193
2019-07-31,1.4027139
2019-08-01,5.877099
2019-08-02,2.041951
2019-08-03,1.8133643
2019-08-04,2.6258461
2019-08-05,1.7413981
2019-08-06,1.0036227
2019-08-07,2.399972
2019-08-08,1.5862972
2019-08-09,2.8700323
2019-08-10,0.7154455
2019-08-11,0.6240679
2019-08-12,0.30390686
2019-08-13,0.74553436
2019-08-14,2.1856914
2019-08-15,4.265602
2019-08-16,16.298948
2019-08-17,5.1075244
2019-08-18,0.6236863
2019-08-19,3.3756652
2019-08-20,1.5827343
2019-08-21,1.3952776
2019-08-22,0.91164815
2019-08-23,1.7467357
2019-08-24,1.9707768
2019-08-25,1.3823748
2019-08-26,0.4897545
2019-08-27,0.64113456
2019-08-28,10.1480055
2019-08-29,1.8422656
2019-08-30,0.68492436
2019-08-31,1.2400165
2019-09-01,0.86114675
2019-09-02,1.6261611
2019-09-03,0.60171956
2019-09-04,3.8123991
2019-09-05,1.7064428
2019-09-06,1.4987509
2019-09-07,0.63645756
2019-09-08,1.0901712
2019-09-09,1.6583308
2019-09-10,0.7256541
2019-09-11,4.000683
2019-09-12,3.346118
2019-09-13,6.1476607
2019-09-14,3.7549257
2019-09-15,1.5475636
2019-09-16,1.2801073
2019-09-17,4.1654434
2019-09-18,6.085507
2019-09-19,3.5364351
2019-09-20,7.628584
2019-09-21,3.577183
2019-09-22,1.496764
2019-09-23,5.5981097
2019-09-24,2.2033486
2019-09-25,3.8859274
2019-09-26,4.9739513
2019-09-27,1.290922
2019-09-28,1.3917564
2019-09-29,1.1730982
2019-09-30,1.566786
2019-10-01,5.1712523
2019-10-02,5.481171
2019-10-03,2.114945
2019-10-04,0.80419236
2019-10-05,1.0207188
2019-10-06,1.4194351
2019-10-07,1.4440807
2019-10-08,1.2955594
2019-10-09,2.7435966
2019-10-10,11.392094
2019-10-11,6.0177603
2019-10-12,6.29115
2019-10-13,3.7334511
2019-10-14,2.8608158
2019-10-15,1.8632787
2019-10-16,1.5024285
2019-10-17,1.3082433
2019-10-18,3.2262385
2019-10-19,2.888802
2019-10-20,3.6503716
2019-10-21,3.0707884
2019-10-22,2.8347557
2019-10-23,2.024972
2019-10-24,6.5805063
2019-10-25,3.5391612
2019-10-26,2.301523
2019-10-27,2.6436884
2019-10-28,4.1887836
2019-10-29,2.839852
2019-10-30,2.330799
2019-10-31,2.9419606
2019-11-01,5.2944407
2019-11-02,2.7537813
2019-11-03,5.3856354
2019-11-04,5.8161244
2019-11-05,8.288184
2019-11-06,3.537393
2019-11-07,2.47517
2019-11-08,3.7703514
2019-11-09,8.865838
2019-11-10,6.9551477
2019-11-11,3.3222551
2019-11-12,3.3805828
2019-11-13,3.4000423
2019-11-14,5.985653
2019-11-15,4.844545
2019-11-16,3.9930832
2019-11-17,3.5835543
2019-11-18,3.4842234
2019-11-19,3.6261456
2019-11-20,3.5209017
2019-11-21,3.9383264
2019-11-22,3.6258833
2019-11-23,3.5764518
2019-11-24,3.2096555
2019-11-25,3.115181
2019-11-26,3.0123446
2019-11-27,2.9933913
2019-11-28,4.523407
2019-11-29,3.3534682
2019-11-30,2.8575504
2019-12-01,2.6623793
2019-12-02,2.845008
2019-12-03,3.701965
2019-12-04,3.2913878
2019-12-05,2.8922217
2019-12-06,2.594541
2019-12-07,2.5062406
2019-12-08,2.3138285
2019-12-09,2.1781948
2019-12-10,2.3792381
2019-12-11,2.1621323
2019-12-12,2.0699775
2019-12-13,2.0024505
2019-12-14,1.9071754
2019-12-15,2.6072676
2019-12-16,1.9114802
2019-12-17,1.9379345
2019-12-18,1.8815086
2019-12-19,1.9507998
2019-12-20,1.9005163
2019-12-21,1.8294624
2019-12-22,2.73959
2019-12-23,1.6944556
2019-12-24,1.5708644
2019-12-25,2.7594483
2019-12-26,1.6874464
2019-12-27,1.7452935
2019-12-28,1.4588434
2019-12-29,1.5842853
2019-12-30,1.7446798
2019-12-31,2.0829854
2020-01-01,1.5815846
2020-01-02,1.2218102
2020-01-03,1.1121663
2020-01-04,1.0697029
2020-01-05,1.0998772
2020-01-06,1.0311248
2020-01-07,1.0313853
2020-01-08,0.9604455
2020-01-09,0.9201323
2020-01-10,0.8929613
2020-01-11,0.8619994
2020-01-12,0.832467
2020-01-13,0.8071377
2020-01-14,0.7798829
2020-01-15,0.9763171
2020-01-16,0.7679909
2020-01-17,0.7055746
2020-01-18,0.67833954
2020-01-19,0.6742416
2020-01-20,0.7642296
2020-01-21,0.70029384
2020-01-22,0.6749191
2020-01-23,0.6396615
2020-01-24,0.6774889
2020-01-25,0.72718096
2020-01-26,0.6698801
2020-01-27,0.57278085
2020-01-28,0.52416056
2020-01-29,0.5404766
2020-01-30,0.4988054
2020-01-31,0.5001408
2020-02-01,0.5228648
2020-02-02,0.46853426
2020-02-03,0.4300655
2020-02-04,0.40689352
2020-02-05,0.39526975
2020-02-06,0.38393787
2020-02-07,0.37010446
2020-02-08,0.38006184
2020-02-09,0.35038418
2020-02-10,0.33261034
2020-02-11,0.32155237
2020-02-12,0.31212047
2020-02-13,0.30105218
2020-02-14,0.2919605
2020-02-15,0.28645235
2020-02-16,0.3252145
2020-02-17,0.2801204
2020-02-18,0.26002392
2020-02-19,0.24921522
2020-02-20,0.2520594
2020-02-21,0.28439197
2020-02-22,0.32965422
2020-02-23,0.27126443
2020-02-24,0.23513274
2020-02-25,0.22952978
2020-02-26,0.23185524
2020-02-27,0.23995619
2020-02-28,0.21583754
2020-02-29,0.20893182
2020-03-01,0.19678314
2020-03-02,0.2256516
2020-03-03,0.1869032
2020-03-04,0.17508812
2020-03-05,0.170544
2020-03-06,0.16513431
2020-03-07,0.1660809
2020-03-08,0.17562065
2020-03-09,0.17023559
2020-03-10,0.17291243
2020-03-11,0.19704585
2020-03-12,0.22320887
2020-03-13,0.20758645
2020-03-14,0.19405831
2020-03-15,0.15321511
2020-03-16,0.13615693
2020-03-17,0.1303748
2020-03-18,0.12513144
2020-03-19,0.122680105
2020-03-20,0.27261272
2020-03-21,0.15554854
2020-03-22,0.22265372
2020-03-23,0.14681785
2020-03-24,0.11243266
2020-03-25,0.10756475
2020-03-26,0.112352185
2020-03-27,0.10478475
2020-03-28,0.10110249
2020-03-29,0.10336931
2020-03-30,0.1130717
2020-03-31,0.6523512
2020-04-01,0.51797205
2020-04-02,0.3307871
2020-04-03,0.19087793
2020-04-04,0.4310188
2020-04-05,0.33278313
2020-04-06,0.23803441
2020-04-07,1.6477545
2020-04-08,0.98538554
2020-04-09,0.2818748
2020-04-10,0.14977308
2020-04-11,0.56816566
2020-04-12,0.40241262
2020-04-13,0.2569006
2020-04-14,0.22679852
2020-04-15,0.121109225
2020-04-16,0.19845939
2020-04-17,0.12969567
2020-04-18,0.9294678
2020-04-19,0.55623287
2020-04-20,0.3603213
2020-04-21,1.8382806
2020-04-22,1.1955396
2020-04-23,2.6088314
2020-04-24,0.5751815
2020-04-25,0.2940116
2020-04-26,0.7084633
2020-04-27,0.37131503
2020-04-28,0.34171373
2020-04-29,0.2391797
2020-04-30,0.5930441
2020-05-01,1.4332758
2020-05-02,1.4156406
2020-05-03,3.885754
2020-05-04,3.259019
2020-05-05,0.8572544
2020-05-06,0.67411685
2020-05-07,0.6964455
2020-05-08,0.28829467
2020-05-09,0.14774387
2020-05-10,0.25342232
2020-05-11,0.40901744
2020-05-12,0.38908884
2020-05-13,0.15214615
2020-05-14,0.5537181
2020-05-15,0.4477752
2020-05-16,0.24767086
2020-05-17,1.5486065
2020-05-18,1.2865993
2020-05-19,13.366294
2020-05-20,2.1621418
2020-05-21,0.42264676
2020-05-22,1.438872
2020-05-23,0.44313365
2020-05-24,0.19520268
2020-05-25,0.39608535
2020-05-26,2.172743
2020-05-27,6.1573734
2020-05-28,1.0848074
2020-05-29,3.0414221
2020-05-30,34.820595
2020-05-31,10.623077
2020-06-01,6.935234
2020-06-02,2.0775995
2020-06-03,0.2600557
2020-06-04,0.19329403
2020-06-05,1.5228713
2020-06-06,0.6514006
2020-06-07,0.7667909
2020-06-08,1.1151286
2020-06-09,2.234815
2020-06-10,0.73452306
2020-06-11,2.2519388
2020-06-12,0.63245994
2020-06-13,0.82945603
2020-06-14,0.4907681
2020-06-15,0.7309818
2020-06-16,2.27122
2020-06-17,1.4100581
2020-06-18,2.6966412
2020-06-19,2.7887578
2020-06-20,1.8146163
2020-06-21,3.5688987
2020-06-22,3.0538433
2020-06-23,3.4186947
2020-06-24,0.64328206
2020-06-25,0.8701867
2020-06-26,3.6330273
2020-06-27,1.894668
2020-06-28,0.5024525
2020-06-29,5.3878794
2020-06-30,3.182342
2020-07-01,5.1197524
2020-07-02,7.073004
2020-07-03,2.2429738
2020-07-04,3.1706321
2020-07-05,0.7954753
2020-07-06,0.30527267
2020-07-07,8.387232
2020-07-08,5.957399
2020-07-09,0.9667086
2020-07-10,6.5099006
2020-07-11,8.351385
2020-07-12,6.6187096
2020-07-13,7.6574745
2020-07-14,6.843145
2020-07-15,1.4217874
2020-07-16,3.3613608
2020-07-17,0.87599975
2020-07-18,1.4882998
2020-07-19,0.87912774
2020-07-20,2.0589275
2020-07-21,1.3777486
2020-07-22,2.179703
2020-07-23,2.3596015
2020-07-24,3.8118556
2020-07-25,7.3206363
2020-07-26,5.197937
2020-07-27,2.2578347
2020-07-28,3.1686375
2020-07-29,2.6937873
2020-07-30,2.9973407
2020-07-31,6.2573147
2020-08-01,1.6870902
2020-08-02,3.5569448
2020-08-03,7.641039
2020-08-04,2.513104
2020-08-05,10.98973
2020-08-06,4.926516
2020-08-07,1.5508893
2020-08-08,1.4984015
2020-08-09,4.771454
2020-08-10,4.766611
2020-08-11,2.201918
2020-08-12,5.2926974
2020-08-13,4.1987386
2020-08-14,9.184496
2020-08-15,7.277712
2020-08-16,5.9303865
2020-08-17,3.3693419
2020-08-18,6.608018
2020-08-19,7.349241
2020-08-20,5.301739
2020-08-21,4.0767174
2020-08-22,8.637046
2020-08-23,11.399161
2020-08-24,14.452043
2020-08-25,6.6819425
2020-08-26,5.828799
2020-08-27,6.85488
2020-08-28,7.5234447
2020-08-29,6.070214
2020-08-30,5.570574
2020-08-31,5.5709443
2020-09-01,6.1185117
2020-09-02,6.6381483
2020-09-03,6.789432
2020-09-04,5.9512253
2020-09-05,4.8225436
2020-09-06,6.3207464
2020-09-07,6.8185234
2020-09-08,4.729611
2020-09-09,4.5160074
2020-09-10,4.4788074
2020-09-11,4.7660866
2020-09-12,9.442498
2020-09-13,8.709289
2020-09-14,4.480581
2020-09-15,6.335277
2020-09-16,4.8035436
2020-09-17,4.7704163
2020-09-18,7.3194923
2020-09-19,7.850188
2020-09-20,6.7450986
2020-09-21,7.602009
2020-09-22,3.6530364
2020-09-23,5.1682777
2020-09-24,5.5018363
2020-09-25,5.14961
2020-09-26,5.5814643
2020-09-27,10.694176
2020-09-28,5.98052
2020-09-29,7.2655406
2020-09-30,4.8496103
2020-10-01,4.2905297
2020-10-02,6.4887695
2020-10-03,19.950953
2020-10-04,12.101157
2020-10-05,14.167566
2020-10-06,9.053997
2020-10-07,11.127443
2020-10-08,10.723109
2020-10-09,8.379335
2020-10-10,7.316873
2020-10-11,8.425882
2020-10-12,11.241846
2020-10-13,11.687447
2020-10-14,8.402064
2020-10-15,8.611296
2020-10-16,6.854331
2020-10-17,8.2832155
2020-10-18,11.211283
2020-10-19,12.620039
2020-10-20,12.077383
2020-10-21,12.066866
2020-10-22,10.68798
2020-10-23,8.7115
2020-10-24,7.117217
2020-10-25,12.742896
2020-10-26,6.797055
2020-10-27,6.6367784
2020-10-28,5.860736
2020-10-29,5.8009257
2020-10-30,5.7124705
2020-10-31,7.8520164
2020-11-01,6.670692
2020-11-02,5.9510384
2020-11-03,7.139738
2020-11-04,5.8608794
2020-11-05,8.322047
2020-11-06,5.8194113
2020-11-07,4.531832
2020-11-08,4.4489245
2020-11-09,6.64902
2020-11-10,8.036214
2020-11-11,5.662981
2020-11-12,5.758499
2020-11-13,6.3446007
2020-11-14,4.2092896
2020-11-15,3.630403
2020-11-16,7.123603
2020-11-17,6.582158
2020-11-18,8.340596
2020-11-19,7.44997
2020-11-20,5.0130744
2020-11-21,3.8054607
2020-11-22,4.7315326
2020-11-23,4.1862235
2020-11-24,5.0603952
2020-11-25,4.4698844
2020-11-26,6.721023
2020-11-27,8.886129
2020-11-28,5.866224
2020-11-29,3.4781938
2020-11-30,5.081465
2020-12-01,4.5111113
2020-12-02,7.4278097
2020-12-03,4.514195
2020-12-04,3.0757673
2020-12-05,2.9647028
2020-12-06,3.038835
2020-12-07,3.1879396
2020-12-08,2.890713
2020-12-09,3.0562594
2020-12-10,3.4562588
2020-12-11,2.8550482
2020-12-12,2.78799
2020-12-13,2.5528774
2020-12-14,2.580124
2020-12-15,2.6837664
2020-12-16,2.4891746
2020-12-17,2.494845
2020-12-18,2.4052215
2020-12-19,2.5496335
2020-12-20,2.502543
2020-12-21,2.663086
2020-12-22,2.248514
2020-12-23,2.1184714
2020-12-24,2.5161784
2020-12-25,3.0530124
2020-12-26,2.182379
2020-12-27,1.919344
2020-12-28,1.7813355
2020-12-29,1.7172432
2020-12-30,1.7295054
2020-12-31,1.6668965
2021-01-01,1.677965
2021-01-02,1.5769858
2021-01-03,1.5382516
2021-01-04,1.5561682
2021-01-05,1.4983286
2021-01-06,1.367923
2021-01-07,1.6588185
2021-01-08,1.4003927
2021-01-09,2.6228507
2021-01-10,1.4903313
2021-01-11,2.5495925
2021-01-12,1.7343532
2021-01-13,1.2543937
2021-01-14,1.1144319
2021-01-15,1.0953193
2021-01-16,1.066632
2021-01-17,0.9861874
2021-01-18,0.973978
2021-01-19,0.92571276
2021-01-20,0.8913018
2021-01-21,0.86423534
2021-01-22,0.850621
2021-01-23,0.8569705
2021-01-24,0.7932708
2021-01-25,0.7711658
2021-01-26,0.73490274
2021-01-27,0.7202471
2021-01-28,0.7044733
2021-01-29,0.6614543
2021-01-30,0.63752735
2021-01-31,0.6162185
2021-02-01,0.5952177
2021-02-02,0.62381613
2021-02-03,0.60428864
2021-02-04,0.55026317
2021-02-05,0.5262333
2021-02-06,0.5105569
2021-02-07,0.5053837
2021-02-08,0.51777047
2021-02-09,0.62028325
2021-02-10,0.7554719
2021-02-11,0.5002581
2021-02-12,0.44023734
2021-02-13,0.48452076
2021-02-14,0.4190867
2021-02-15,0.41726458
2021-02-16,0.5304684
2021-02-17,0.7533524
2021-02-18,0.58918345
2021-02-19,0.44869193
2021-02-20,0.93453515
2021-02-21,0.43428817
2021-02-22,0.3213991
2021-02-23,0.31692737
2021-02-24,0.30753922
2021-02-25,0.3191094
2021-02-26,0.429615
2021-02-27,0.48181733
2021-02-28,0.4595284
2021-03-01,0.29059768
2021-03-02,0.26273265
2021-03-03,0.24616063
2021-03-04,0.24009979
2021-03-05,0.2370087
2021-03-06,0.23177212
2021-03-07,0.43407047
2021-03-08,1.1373273
2021-03-09,0.50407934
2021-03-10,0.6473525
2021-03-11,0.5403232
2021-03-12,0.2896485
2021-03-13,0.20992833
2021-03-14,0.24410576
2021-03-15,0.22035281
2021-03-16,0.521134
2021-03-17,1.801598
2021-03-18,2.5751436
2021-03-19,1.6067588
2021-03-20,1.044472
2021-03-21,0.31615442
2021-03-22,0.62905496
2021-03-23,0.5971326
2021-03-24,0.27022067
2021-03-25,0.6350925
2021-03-26,0.9708331
2021-03-27,1.0601559
2021-03-28,0.39246273
2021-03-29,0.16755939
2021-03-30,1.6591805
2021-03-31,1.8614521
2021-04-01,5.430577
2021-04-02,1.8388166
2021-04-03,5.069601
2021-04-04,6.308997
2021-04-05,7.166776
2021-04-06,2.0142665
2021-04-07,2.0052974
2021-04-08,5.049405
2021-04-09,7.285907
2021-04-10,4.3346505
2021-04-11,1.4457431
2021-04-12,1.6541893
2021-04-13,0.8821364
2021-04-14,2.6053839
2021-04-15,1.3177761
2021-04-16,7.564411
2021-04-17,4.1983256
2021-04-18,7.1386223
2021-04-19,1.9126972
2021-04-20,0.6390275
2021-04-21,0.49087247
2021-04-22,0.56341535
2021-04-23,0.56684244
2021-04-24,0.34756568
2021-04-25,0.47985932
2021-04-26,0.6426334
2021-04-27,4.2423296
2021-04-28,1.392059
2021-04-29,0.48969164
2021-04-30,0.6495377
2021-05-01,3.0826747
2021-05-02,2.2904737
2021-05-03,1.057842
2021-05-04,2.7452533
2021-05-05,1.2258713
2021-05-06,2.5390987
2021-05-07,4.330777
2021-05-08,1.6610287
2021-05-09,1.8387402
2021-05-10,0.72815835
2021-05-11,2.1416273
2021-05-12,8.680848
2021-05-13,2.0431383
2021-05-14,0.6552285
2021-05-15,0.5807928
2021-05-16,1.9727582
2021-05-17,2.790128
2021-05-18,2.690069
2021-05-19,0.68364084
2021-05-20,1.4419793
2021-05-21,4.7842894
2021-05-22,4.6997814
2021-05-23,3.201344
2021-05-24,1.2224185
2021-05-25,5.6373286
2021-05-26,4.3236995
2021-05-27,2.7502587
2021-05-28,3.6017036
2021-05-29,3.7439663
2021-05-30,3.5539904
2021-05-31,8.765482
2021-06-01,7.9900107
2021-06-02,7.934207
2021-06-03,3.9250116
2021-06-04,3.3661737
2021-06-05,3.2899516
2021-06-06,7.110104
2021-06-07,7.244633
2021-06-08,5.546543
2021-06-09,2.347469
2021-06-10,2.7878563
2021-06-11,9.007827
2021-06-12,7.3175645
2021-06-13,9.878178
2021-06-14,3.9315932
2021-06-15,2.962872
2021-06-16,3.382471
2021-06-17,4.7959657
2021-06-18,3.9948075
2021-06-19,5.9516373
2021-06-20,5.224763
2021-06-21,5.8652062
2021-06-22,3.3134425
2021-06-23,7.8622084
2021-06-24,9.2284775
2021-06-25,12.119744
2021-06-26,10.98731
2021-06-27,7.10727
2021-06-28,6.178371
2021-06-29,5.570646
2021-06-30,5.7798033
2021-07-01,7.6640553
2021-07-02,6.3707743
2021-07-03,5.3992043
2021-07-04,7.141258
2021-07-05,5.3569636
2021-07-06,4.553463
2021-07-07,4.3100214
2021-07-08,6.8469415
2021-07-09,5.9662123
2021-07-10,10.010173
2021-07-11,7.765288
2021-07-12,7.201083
2021-07-13,7.4956374
2021-07-14,6.349101
2021-07-15,6.3117676
2021-07-16,4.8608017
2021-07-17,4.67844
2021-07-18,6.2656736
2021-07-19,4.2169847
2021-07-20,4.6727753
2021-07-21,4.9832115
2021-07-22,6.644987
2021-07-23,4.5583386
2021-07-24,5.483473
2021-07-25,5.7983713
2021-07-26,4.5945606
2021-07-27,12.32916
2021-07-28,4.767359
2021-07-29,4.8117785
2021-07-30,7.158077
2021-07-31,4.2147193
2021-08-01,5.7088437
2021-08-02,8.593302
2021-08-03,11.38078
2021-08-04,4.9122157
2021-08-05,10.249585
2021-08-06,8.460345
2021-08-07,7.1350007
2021-08-08,9.588866
2021-08-09,6.8309298
2021-08-10,7.367166
2021-08-11,8.541656
2021-08-12,6.693194
2021-08-13,7.822905
2021-08-14,7.8456755
2021-08-15,11.956244
2021-08-16,8.54219
2021-08-17,5.67042
2021-08-18,5.5717874
2021-08-19,5.885204
2021-08-20,5.4168715
2021-08-21,5.0128107
2021-08-22,7.515622
2021-08-23,6.736372
2021-08-24,5.4528217
2021-08-25,6.0543857
2021-08-26,13.447937
2021-08-27,18.881332
2021-08-28,6.6896024
2021-08-29,9.308842
2021-08-30,22.332064
2021-08-31,8.260342
2021-09-01,5.625177
2021-09-02,5.170143
2021-09-03,5.5118303
2021-09-04,5.696579
2021-09-05,6.4813886
2021-09-06,6.8416796
2021-09-07,8.326724
2021-09-08,14.397422
2021-09-09,10.159403
2021-09-10,6.877948
2021-09-11,10.996736
2021-09-12,10.488838
2021-09-13,10.445475
2021-09-14,15.718076
2021-09-15,11.864516
2021-09-16,7.96149
2021-09-17,8.147432
2021-09-18,8.32283
2021-09-19,7.513758
2021-09-20,8.129537
2021-09-21,12.058507
2021-09-22,10.046591
2021-09-23,10.176956
2021-09-24,7.858267
2021-09-25,9.13523
2021-09-26,6.052992
2021-09-27,10.850895
2021-09-28,7.095099
2021-09-29,6.844506
2021-09-30,6.9974766
2021-10-01,9.315059
2021-10-02,7.0719743
2021-10-03,6.0492005
2021-10-04,9.44392
2021-10-05,6.9612575
2021-10-06,5.3457527
2021-10-07,6.904494
2021-10-08,7.6366515
2021-10-09,6.202289
2021-10-10,6.3211746
2021-10-11,8.27219
2021-10-12,6.907685
2021-10-13,7.021913
2021-10-14,6.463971
2021-10-15,5.524623
2021-10-16,6.9406834
2021-10-17,7.615922
2021-10-18,5.767345
2021-10-19,4.9758244
2021-10-20,5.9246097
2021-10-21,5.3461304
2021-10-22,8.817136
2021-10-23,5.5131755
2021-10-24,4.7954226
2021-10-25,6.03482
2021-10-26,5.063226
2021-10-27,5.452091
2021-10-28,11.383694
2021-10-29,13.896861
2021-10-30,9.536162
2021-10-31,14.117557
2021-11-01,13.710287
2021-11-02,13.736036
2021-11-03,9.836656
2021-11-04,10.3359165
2021-11-05,11.464316
2021-11-06,8.863235
2021-11-07,8.584498
2021-11-08,23.795422
2021-11-09,9.983452
2021-11-10,7.454407
2021-11-11,7.0813527
2021-11-12,6.7308702
2021-11-13,7.084466
2021-11-14,6.747914
2021-11-15,6.904569
2021-11-16,5.589743
2021-11-17,5.1104245
2021-11-18,4.8192654
2021-11-19,5.417691
2021-11-20,5.0761995
2021-11-21,4.8930774
2021-11-22,7.216368
2021-11-23,6.8044453
2021-11-24,5.5322404
2021-11-25,6.912704
2021-11-26,7.1737714
2021-11-27,6.9517636
2021-11-28,5.465308
2021-11-29,6.0549493
2021-11-30,4.1279154
2021-12-01,3.4308195
2021-12-02,3.2059333
2021-12-03,4.386713
2021-12-04,3.5021284
2021-12-05,3.04048
2021-12-06,2.9327722
2021-12-07,2.9217103
2021-12-08,3.0289652
2021-12-09,2.8895314
2021-12-10,2.7724795
2021-12-11,2.688388
2021-12-12,2.582705
2021-12-13,2.405644
2021-12-14,2.5277488
2021-12-15,2.42311
2021-12-16,2.7957332
2021-12-17,3.0113947
2021-12-18,2.9846923
2021-12-19,3.710507
2021-12-20,2.3557305
2021-12-21,3.093725
2021-12-22,2.1766827
2021-12-23,2.0415218
2021-12-24,2.0074182
2021-12-25,2.026052
2021-12-26,2.1603873
2021-12-27,2.4598799
2021-12-28,1.9438783
2021-12-29,1.9061381
2021-12-30,1.6925547
2021-12-31,1.6146389
2022-01-01,1.6146541
2022-01-02,1.4834797
2022-01-03,1.4758788
2022-01-04,1.4292322
2022-01-05,1.3377154
2022-01-06,1.3363101
2022-01-07,1.6405205
2022-01-08,1.267602
2022-01-09,1.1557778
2022-01-10,1.1234963
2022-01-11,1.1306018
2022-01-12,1.0335453
2022-01-13,1.3692795
2022-01-14,1.0183588
2022-01-15,0.9405064
2022-01-16,0.91879684
2022-01-17,0.9399805
2022-01-18,0.9763067
2022-01-19,0.9262853
2022-01-20,0.8390846
2022-01-21,0.7773895
2022-01-22,0.7528061
2022-01-23,0.7287147
2022-01-24,0.7521101
2022-01-25,0.7382496
2022-01-26,0.7019098
2022-01-27,0.6592559
2022-01-28,0.6601889
2022-01-29,0.67125857
2022-01-30,0.6029419
2022-01-31,0.56072617
2022-02-01,0.5352614
2022-02-02,0.50591546
2022-02-03,0.49605203
2022-02-04,0.53283674
2022-02-05,0.50347763
2022-02-06,0.44861785
2022-02-07,0.45782992
2022-02-08,0.94275963
2022-02-09,0.98241204
2022-02-10,0.57814103
2022-02-11,0.53847617
2022-02-12,0.4167424
2022-02-13,0.41235107
2022-02-14,0.6539118
2022-02-15,0.4244705
2022-02-16,0.36338893
2022-02-17,0.31287724
2022-02-18,0.36444777
2022-02-19,0.34157678
2022-02-20,0.2892195
2022-02-21,0.27129805
2022-02-22,0.26005575
2022-02-23,0.25475806
2022-02-24,0.24554653
2022-02-25,0.28225905
2022-02-26,0.25676736
2022-02-27,0.60276264
2022-02-28,0.91665024
2022-03-01,1.5839382
2022-03-02,3.7810378
2022-03-03,2.445533
2022-03-04,1.3491813
2022-03-05,1.0014505
2022-03-06,2.8749323
2022-03-07,0.674701
2022-03-08,0.639709
2022-03-09,0.58677423
2022-03-10,0.7379701
2022-03-11,0.39523026
2022-03-12,0.40165162
2022-03-13,0.65127265
2022-03-14,0.7190162
2022-03-15,0.58911854
2022-03-16,0.33210623
2022-03-17,0.5421535
2022-03-18,0.26840863
2022-03-19,0.26315287
2022-03-20,0.28912723
2022-03-21,0.2521734
2022-03-22,0.19291876
2022-03-23,0.18124904
2022-03-24,0.16799419
2022-03-25,0.16650163
2022-03-26,0.75792086
2022-03-27,0.82462275
2022-03-28,2.8338668
2022-03-29,3.354959
2022-03-30,3.3497899
2022-03-31,1.3830459
2022-04-01,4.125943
2022-04-02,2.4194384
2022-04-03,2.1451175
2022-04-04,5.674699
2022-04-05,5.629357
2022-04-06,3.2582448
2022-04-07,1.5192132
2022-04-08,2.8356557
2022-04-09,2.8402805
2022-04-10,1.4272873
2022-04-11,1.0996941
2022-04-12,0.7453166
2022-04-13,2.525437
2022-04-14,1.8853604
2022-04-15,2.2425191
2022-04-16,1.794135
2022-04-17,1.3908819
2022-04-18,3.0594988
2022-04-19,3.7396412
2022-04-20,1.3972441
2022-04-21,6.3107862
2022-04-22,2.9527705
2022-04-23,1.2189717
2022-04-24,2.5016074
2022-04-25,2.4852397
2022-04-26,2.3832624
2022-04-27,8.859739
2022-04-28,5.700118
2022-04-29,7.8267617
2022-04-30,1.5625284
2022-05-01,2.6308131
2022-05-02,1.7614396
2022-05-03,0.46747032
2022-05-04,0.9455356
2022-05-05,5.045508
2022-05-06,1.8241079
2022-05-07,0.35514522
2022-05-08,1.2609127
2022-05-09,3.0341363
2022-05-10,3.0311053
2022-05-11,7.8320756
2022-05-12,9.164813
2022-05-13,1.8347317
2022-05-14,1.8828057
2022-05-15,4.1276493
2022-05-16,1.7749594
2022-05-17,2.3525512
2022-05-18,1.3861402
2022-05-19,12.509523
2022-05-20,4.964857
2022-05-21,1.021465
2022-05-22,0.5964221
2022-05-23,0.45468917
2022-05-24,3.6512554
2022-05-25,5.9679294
2022-05-26,4.9237356
2022-05-27,2.7284098
2022-05-28,3.8453648
2022-05-29,2.9624472
2022-05-30,2.6528418
2022-05-31,1.8515792
2022-06-01,1.5261347
2022-06-02,1.9353046
2022-06-03,0.66805327
2022-06-04,1.0369262
2022-06-05,0.70107204
2022-06-06,2.6894433
2022-06-07,1.4544609
2022-06-08,4.398558
2022-06-09,13.313283
2022-06-10,9.961778
2022-06-11,2.0795026
2022-06-12,2.0155153
2022-06-13,14.893126
2022-06-14,10.879964
2022-06-15,4.6447544
2022-06-16,7.921699
2022-06-17,7.6414948
2022-06-18,8.438881
2022-06-19,4.6013613
2022-06-20,3.3887022
2022-06-21,3.762758
2022-06-22,3.5754368
2022-06-23,3.5284462
2022-06-24,6.694089
2022-06-25,7.70451
2022-06-26,14.943908
2022-06-27,13.767237
2022-06-28,8.210746
2022-06-29,10.04747
2022-06-30,9.169361
2022-07-01,14.566505
2022-07-02,9.340029
2022-07-03,9.528176
2022-07-04,19.681665
2022-07-05,13.313029
2022-07-06,10.243757
2022-07-07,12.075875
2022-07-08,12.402193
2022-07-09,11.665876
2022-07-10,12.585831
2022-07-11,11.396627
2022-07-12,10.882382
2022-07-13,10.289718
2022-07-14,8.579352
2022-07-15,7.4521346
2022-07-16,7.1469846
2022-07-17,7.009187
2022-07-18,6.8631287
2022-07-19,6.2763114
2022-07-20,7.01794
2022-07-21,7.787402
2022-07-22,9.252065
2022-07-23,7.754299
2022-07-24,6.769213
2022-07-25,5.293445
2022-07-26,7.927087
2022-07-27,9.3183565
2022-07-28,8.030401
2022-07-29,4.572853
2022-07-30,4.3394895
2022-07-31,4.7150006
2022-08-01,4.477517
2022-08-02,6.052879
2022-08-03,9.076996
2022-08-04,6.507636
2022-08-05,7.2179217
2022-08-06,5.832368
2022-08-07,5.1654162
2022-08-08,4.9411983
2022-08-09,5.5394216
2022-08-10,5.7252455
2022-08-11,5.367603
2022-08-12,10.886589
2022-08-13,6.7710886
2022-08-14,7.8536706
2022-08-15,7.569766
2022-08-16,4.926184
2022-08-17,4.705241
2022-08-18,5.0781403
2022-08-19,4.5825424
2022-08-20,4.6892533
2022-08-21,5.4536295
2022-08-22,7.6054444
2022-08-23,4.8509884
2022-08-24,4.9880166
2022-08-25,9.009432
2022-08-26,4.68649
2022-08-27,5.3673625
2022-08-28,4.9043984
2022-08-29,4.2435317
2022-08-30,4.092073
2022-08-31,7.8132157
2022-09-01,4.2007623
2022-09-02,4.4138756
2022-09-03,5.2304792
2022-09-04,11.27842
2022-09-05,4.5420313
2022-09-06,5.8867846
2022-09-07,12.228339
2022-09-08,8.831669
2022-09-09,5.3096333
2022-09-10,7.2264442
2022-09-11,5.2380586
2022-09-12,6.2967525
2022-09-13,6.979076
2022-09-14,8.11408
2022-09-15,7.107922
2022-09-16,8.757247
2022-09-17,17.626017
2022-09-18,11.107244
2022-09-19,33.14154
2022-09-20,17.10192
2022-09-21,13.414582
2022-09-22,13.412452
2022-09-23,11.352973
2022-09-24,9.499348
2022-09-25,9.101183
2022-09-26,9.256257
2022-09-27,7.68312
2022-09-28,8.51123
2022-09-29,8.499856
2022-09-30,9.73197
2022-10-01,5.767791
2022-10-02,6.381838
2022-10-03,6.5736775
2022-10-04,6.182324
2022-10-05,5.095881
2022-10-06,5.757725
2022-10-07,13.383868
2022-10-08,7.05054
2022-10-09,5.803405
2022-10-10,5.4094653
2022-10-11,4.563166
2022-10-12,9.645677
2022-10-13,5.8661327
2022-10-14,8.734345
2022-10-15,11.594223
2022-10-16,5.186479
2022-10-17,3.7617302
2022-10-18,5.506514
2022-10-19,6.6944346
2022-10-20,7.5196934
2022-10-21,10.564743
2022-10-22,12.150662
2022-10-23,10.402855
2022-10-24,11.191924
2022-10-25,6.8774743
2022-10-26,5.9822493
2022-10-27,5.6403475
2022-10-28,5.701978
2022-10-29,5.3240376
2022-10-30,5.1060357
2022-10-31,4.9170527
2022-11-01,4.1009665
2022-11-02,4.7536163
2022-11-03,4.9344883
2022-11-04,7.9524975
2022-11-05,5.126331
2022-11-06,4.8145022
2022-11-07,6.385279
2022-11-08,4.5805955
2022-11-09,4.4250283
2022-11-10,12.334668
2022-11-11,8.439617
2022-11-12,5.649627
2022-11-13,6.988431
2022-11-14,5.1243467
2022-11-15,8.200918
2022-11-16,6.672212
2022-11-17,6.879466
2022-11-18,6.0988455
2022-11-19,4.747678
2022-11-20,5.545938
2022-11-21,6.375305
2022-11-22,5.1848574
2022-11-23,5.6810985
2022-11-24,6.7651744
2022-11-25,6.697168
2022-11-26,6.1050777
2022-11-27,9.799253
2022-11-28,15.656176
2022-11-29,12.546129
2022-11-30,6.7290754
2022-12-01,4.3009696
2022-12-02,5.154296
2022-12-03,5.241736
2022-12-04,5.553812
2022-12-05,5.3700066
2022-12-06,4.7026544
2022-12-07,4.4590874
2022-12-08,4.2112937
2022-12-09,4.0278125
2022-12-10,3.9483752
2022-12-11,3.8370104
2022-12-12,3.9650867
2022-12-13,3.7160676
2022-12-14,3.596695
2022-12-15,3.4328372
2022-12-16,3.0428462
2022-12-17,3.0905726
2022-12-18,2.818943
2022-12-19,2.6856673
2022-12-20,2.5479298
2022-12-21,2.5607145
2022-12-22,2.48156
2022-12-23,2.3853137
2022-12-24,2.2163699
2022-12-25,2.0437634
2022-12-26,1.9290614
2022-12-27,1.9454755
2022-12-28,1.8369242
2022-12-29,1.717299
2022-12-30,1.676365
2022-12-31,1.6325787
2023-01-01,1.6014578
2023-01-02,1.738368
2023-01-03,1.509462
2023-01-04,1.401416
2023-01-05,1.3114413
2023-01-06,1.3388321
2023-01-07,1.6556039
2023-01-08,2.4953296
2023-01-09,2.5463073
2023-01-10,2.773949
2023-01-11,1.7294724
2023-01-12,1.3040699
2023-01-13,1.6864867
2023-01-14,1.3560058
2023-01-15,1.4693936
2023-01-16,1.1878897
2023-01-17,1.0837123
2023-01-18,1.0951985
2023-01-19,0.90766186
2023-01-20,0.90392494
2023-01-21,0.8234441
2023-01-22,0.8241117
2023-01-23,0.75890994
2023-01-24,0.7124589
2023-01-25,0.6748048
2023-01-26,0.65288985
2023-01-27,0.6122868
2023-01-28,0.5843432
2023-01-29,0.5626135
2023-01-30,0.54305094
2023-01-31,0.5223164
2023-02-01,0.43069702
2023-02-02,0.48320702
2023-02-03,0.46601537
2023-02-04,0.44982168
2023-02-05,0.43413568
2023-02-06,0.41996932
2023-02-07,0.5811449
2023-02-08,0.5072946
2023-02-09,0.42262185
2023-02-10,0.40710813
2023-02-11,0.3891064
2023-02-12,0.5278728
2023-02-13,0.51233095
2023-02-14,0.41663545
2023-02-15,1.0092055
2023-02-16,2.0154905
2023-02-17,1.201701
2023-02-18,0.4263284
2023-02-19,0.29386517
2023-02-20,0.28578848
2023-02-21,0.2757493
2023-02-22,0.26978797
2023-02-23,0.26209953
2023-02-24,0.252601
2023-02-25,0.247647
2023-02-26,0.24083875
2023-02-27,0.2399083
2023-02-28,0.22964574
2023-03-01,0.19239998
2023-03-02,0.22425234
2023-03-03,0.25354078
2023-03-04,0.27851576
2023-03-05,0.93527156
2023-03-06,0.58933514
2023-03-07,0.7570324
2023-03-08,0.30706608
2023-03-09,0.19464211
2023-03-10,0.18621121
2023-03-11,0.3279096
2023-03-12,0.3600814
2023-03-13,1.2530423
2023-03-14,1.2752757
2023-03-15,1.5339081
2023-03-16,1.6092137
2023-03-17,0.69843084
2023-03-18,0.3974303
2023-03-19,0.58427876
2023-03-20,0.2607813
2023-03-21,0.20487605
2023-03-22,0.28048283
2023-03-23,0.19589943
2023-03-24,0.15072112
2023-03-25,0.21097484
2023-03-26,0.40839282
2023-03-27,0.41254815
2023-03-28,0.28608268
2023-03-29,1.1174841
2023-03-30,0.31822982
2023-03-31,0.33831704
2023-04-01,0.37295303
2023-04-02,0.7184715
2023-04-03,0.25468913
2023-04-04,0.20577447
2023-04-05,0.21273172
2023-04-06,0.22443701
2023-04-07,0.196171
2023-04-08,0.236964
2023-04-09,0.29733592
2023-04-10,0.53361773
2023-04-11,0.8757675
2023-04-12,0.6879375
2023-04-13,0.6877095
2023-04-14,0.91541344
2023-04-15,0.5740443
2023-04-16,0.37393972
2023-04-17,1.9263686
2023-04-18,1.3297386
2023-04-19,0.3785034
2023-04-20,0.629224
2023-04-21,0.21146104
2023-04-22,0.18931927
2023-04-23,0.36003304
2023-04-24,0.79662794
2023-04-25,0.22956215
2023-04-26,0.15650356
2023-04-27,0.83144885
2023-04-28,1.7206048
2023-04-29,0.3940122
2023-04-30,1.0447993
2023-05-01,0.06769605
2023-05-02,0.10350949
2023-05-03,0.25483772
2023-05-04,0.11129335
2023-05-05,0.15214486
2023-05-06,0.25473347
2023-05-07,0.270302
2023-05-08,0.13357382
2023-05-09,0.26114815
2023-05-10,0.6224873
2023-05-11,0.23162685
2023-05-12,0.93503666
2023-05-13,0.7881568
2023-05-14,3.040333
2023-05-15,1.96646
2023-05-16,2.8800392
2023-05-17,0.990229
2023-05-18,0.3387853
2023-05-19,0.26805443
2023-05-20,1.0260768
2023-05-21,7.8730884
2023-05-22,4.4661417
2023-05-23,0.66224647
2023-05-24,3.0930946
2023-05-25,5.8553104
2023-05-26,2.6470726
2023-05-27,3.338831
2023-05-28,3.744447
2023-05-29,3.5022788
2023-05-30,2.4866393
2023-05-31,1.8739295
2023-06-01,91.51388
2023-06-02,14.858885
2023-06-03,0.67735
2023-06-04,2.9293306
2023-06-05,0.72126865
2023-06-06,0.8568654
2023-06-07,2.45897
2023-06-08,1.201618
2023-06-09,2.572677
2023-06-10,1.950002
2023-06-11,0.74767035
2023-06-12,1.9343219
2023-06-13,1.2980103
2023-06-14,2.8465295
2023-06-15,3.837129
2023-06-16,4.4609847
2023-06-17,15.885126
2023-06-18,2.557233
2023-06-19,0.7205742
2023-06-20,0.3243199
2023-06-21,0.45186034
2023-06-22,1.9360136
2023-06-23,1.184352
2023-06-24,2.0951085
2023-06-25,4.1828756
2023-06-26,8.1596155
2023-06-27,2.8274071
2023-06-28,2.691009
2023-06-29,0.8512333
2023-06-30,1.1165079
