datetime,streamflow_m^3/s
1979-01-01,0.0
1979-01-02,15.809468
1979-01-03,65.40714
1979-01-04,124.408165
1979-01-05,157.6919
1979-01-06,155.09616
1979-01-07,145.88992
1979-01-08,142.3226
1979-01-09,137.92165
1979-01-10,132.85846
1979-01-11,134.97409
1979-01-12,131.61577
1979-01-13,120.32997
1979-01-14,118.718636
1979-01-15,126.04383
1979-01-16,124.99983
1979-01-17,123.963066
1979-01-18,117.68765
1979-01-19,111.533485
1979-01-20,104.09361
1979-01-21,94.565155
1979-01-22,99.772804
1979-01-23,103.282684
1979-01-24,114.87021
1979-01-25,160.1491
1979-01-26,150.34648
1979-01-27,106.27128
1979-01-28,91.74809
1979-01-29,96.653725
1979-01-30,116.599976
1979-01-31,124.6007
1979-02-01,109.412704
1979-02-02,89.790215
1979-02-03,94.0
1979-02-04,101.9973
1979-02-05,88.9642
1979-02-06,70.26528
1979-02-07,69.599884
1979-02-08,75.64648
1979-02-09,79.20577
1979-02-10,76.31743
1979-02-11,71.54535
1979-02-12,75.86357
1979-02-13,99.91075
1979-02-14,98.13833
1979-02-15,90.709984
1979-02-16,157.60101
1979-02-17,237.3868
1979-02-18,194.26045
1979-02-19,128.42044
1979-02-20,110.39195
1979-02-21,93.288345
1979-02-22,101.83019
1979-02-23,101.269844
1979-02-24,86.34318
1979-02-25,122.19812
1979-02-26,162.87987
1979-02-27,176.5903
1979-02-28,231.49394
1979-03-01,259.97253
1979-03-02,195.80472
1979-03-03,126.102684
1979-03-04,125.28009
1979-03-05,122.18855
1979-03-06,111.330414
1979-03-07,136.07396
1979-03-08,153.01173
1979-03-09,200.11183
1979-03-10,265.3166
1979-03-11,251.49547
1979-03-12,260.55045
1979-03-13,212.2859
1979-03-14,142.62897
1979-03-15,125.939896
1979-03-16,126.57286
1979-03-17,129.22963
1979-03-18,116.54077
1979-03-19,109.90293
1979-03-20,106.35084
1979-03-21,118.44874
1979-03-22,154.70157
1979-03-23,155.53368
1979-03-24,243.3989
1979-03-25,230.01009
1979-03-26,125.4642
1979-03-27,108.09009
1979-03-28,142.80061
1979-03-29,162.62685
1979-03-30,153.23076
1979-03-31,135.23027
1979-04-01,127.88215
1979-04-02,131.03558
1979-04-03,147.83788
1979-04-04,322.98746
1979-04-05,343.02393
1979-04-06,205.6746
1979-04-07,195.28917
1979-04-08,242.02463
1979-04-09,266.44452
1979-04-10,330.42676
1979-04-11,416.50684
1979-04-12,372.16342
1979-04-13,297.8448
1979-04-14,265.7693
1979-04-15,224.45206
1979-04-16,221.41313
1979-04-17,321.42084
1979-04-18,375.77924
1979-04-19,504.54813
1979-04-20,948.8953
1979-04-21,828.8295
1979-04-22,460.62375
1979-04-23,377.3017
1979-04-24,406.3269
1979-04-25,392.40524
1979-04-26,546.6592
1979-04-27,633.1321
1979-04-28,533.6896
1979-04-29,500.66623
1979-04-30,470.29816
1979-05-01,521.6846
1979-05-02,515.9079
1979-05-03,432.1808
1979-05-04,408.69675
1979-05-05,476.6191
1979-05-06,626.2665
1979-05-07,693.53687
1979-05-08,586.5998
1979-05-09,582.863
1979-05-10,599.21063
1979-05-11,535.47156
1979-05-12,489.8462
1979-05-13,565.387
1979-05-14,708.88245
1979-05-15,702.071
1979-05-16,562.9217
1979-05-17,564.59534
1979-05-18,596.53534
1979-05-19,582.2009
1979-05-20,614.16797
1979-05-21,555.21246
1979-05-22,557.05676
1979-05-23,607.21985
1979-05-24,582.52313
1979-05-25,571.53064
1979-05-26,595.63983
1979-05-27,559.5291
1979-05-28,506.86212
1979-05-29,494.56372
1979-05-30,517.2957
1979-05-31,572.0351
1979-06-01,639.3518
1979-06-02,609.9774
1979-06-03,649.1361
1979-06-04,707.10333
1979-06-05,981.7179
1979-06-06,994.91534
1979-06-07,715.91364
1979-06-08,631.97986
1979-06-09,556.3955
1979-06-10,438.3502
1979-06-11,390.46564
1979-06-12,442.48773
1979-06-13,499.49393
1979-06-14,532.87445
1979-06-15,560.6166
1979-06-16,552.2282
1979-06-17,504.5107
1979-06-18,529.58057
1979-06-19,507.85873
1979-06-20,505.95523
1979-06-21,480.7641
1979-06-22,486.19803
1979-06-23,550.5058
1979-06-24,623.70496
1979-06-25,682.5006
1979-06-26,1168.778
1979-06-27,1157.2697
1979-06-28,823.1157
1979-06-29,656.8149
1979-06-30,690.4672
1979-07-01,735.51086
1979-07-02,641.4169
1979-07-03,581.57275
1979-07-04,666.17224
1979-07-05,686.7859
1979-07-06,703.6873
1979-07-07,728.50385
1979-07-08,681.67535
1979-07-09,696.5207
1979-07-10,724.2155
1979-07-11,655.4003
1979-07-12,657.56744
1979-07-13,799.3634
1979-07-14,863.55707
1979-07-15,968.1704
1979-07-16,964.13293
1979-07-17,860.99896
1979-07-18,743.8816
1979-07-19,740.43506
1979-07-20,891.1385
1979-07-21,876.40826
1979-07-22,801.5204
1979-07-23,871.94165
1979-07-24,821.0899
1979-07-25,740.5837
1979-07-26,734.08325
1979-07-27,643.2509
1979-07-28,570.09753
1979-07-29,567.0919
1979-07-30,535.7637
1979-07-31,481.5086
1979-08-01,469.99234
1979-08-02,519.90985
1979-08-03,563.01556
1979-08-04,524.0149
1979-08-05,780.5301
1979-08-06,694.1516
1979-08-07,474.80402
1979-08-08,426.0631
1979-08-09,408.32672
1979-08-10,446.5925
1979-08-11,530.28766
1979-08-12,522.6271
1979-08-13,411.17038
1979-08-14,415.53644
1979-08-15,479.92786
1979-08-16,576.5353
1979-08-17,735.2944
1979-08-18,981.4753
1979-08-19,1103.1185
1979-08-20,1084.7091
1979-08-21,856.00885
1979-08-22,658.13165
1979-08-23,686.09045
1979-08-24,775.15375
1979-08-25,770.57043
1979-08-26,743.18195
1979-08-27,848.50885
1979-08-28,850.6216
1979-08-29,783.05005
1979-08-30,808.3135
1979-08-31,688.97
1979-09-01,709.1078
1979-09-02,672.69666
1979-09-03,655.1164
1979-09-04,741.5721
1979-09-05,779.3047
1979-09-06,757.7973
1979-09-07,801.83887
1979-09-08,1024.9221
1979-09-09,1004.6377
1979-09-10,893.6335
1979-09-11,804.99176
1979-09-12,773.0797
1979-09-13,792.252
1979-09-14,801.2472
1979-09-15,773.9044
1979-09-16,836.06506
1979-09-17,889.26715
1979-09-18,855.9991
1979-09-19,704.80347
1979-09-20,679.938
1979-09-21,749.5572
1979-09-22,657.00336
1979-09-23,681.8329
1979-09-24,751.39795
1979-09-25,720.85474
1979-09-26,687.68744
1979-09-27,695.8578
1979-09-28,650.6433
1979-09-29,868.27783
1979-09-30,896.4499
1979-10-01,754.26373
1979-10-02,795.07837
1979-10-03,698.35754
1979-10-04,657.9704
1979-10-05,711.7754
1979-10-06,836.893
1979-10-07,811.85266
1979-10-08,752.86505
1979-10-09,831.17236
1979-10-10,764.8976
1979-10-11,636.7981
1979-10-12,686.2342
1979-10-13,872.8344
1979-10-14,869.5702
1979-10-15,760.60144
1979-10-16,724.5756
1979-10-17,748.36145
1979-10-18,1204.0726
1979-10-19,1896.1757
1979-10-20,1910.6642
1979-10-21,1478.6315
1979-10-22,1221.9106
1979-10-23,1051.1864
1979-10-24,928.5266
1979-10-25,823.87305
1979-10-26,718.61774
1979-10-27,659.4452
1979-10-28,647.5892
1979-10-29,680.33044
1979-10-30,708.38245
1979-10-31,611.9535
1979-11-01,538.8715
1979-11-02,458.4167
1979-11-03,402.30594
1979-11-04,409.77145
1979-11-05,404.32684
1979-11-06,399.2018
1979-11-07,426.9676
1979-11-08,420.44116
1979-11-09,391.51877
1979-11-10,400.96164
1979-11-11,572.3272
1979-11-12,595.50195
1979-11-13,470.31305
1979-11-14,481.60864
1979-11-15,486.9234
1979-11-16,439.37033
1979-11-17,422.0416
1979-11-18,420.39215
1979-11-19,338.54236
1979-11-20,331.5342
1979-11-21,365.8354
1979-11-22,321.33646
1979-11-23,286.14624
1979-11-24,289.94043
1979-11-25,312.89117
1979-11-26,311.50705
1979-11-27,346.55203
1979-11-28,559.1089
1979-11-29,622.39856
1979-11-30,479.4786
1979-12-01,434.47147
1979-12-02,410.7759
1979-12-03,427.82098
1979-12-04,707.9016
1979-12-05,798.4219
1979-12-06,565.12616
1979-12-07,443.52298
1979-12-08,392.41507
1979-12-09,356.75107
1979-12-10,387.79395
1979-12-11,500.64114
1979-12-12,480.93475
1979-12-13,369.08633
1979-12-14,292.687
1979-12-15,296.28592
1979-12-16,357.78598
1979-12-17,391.19153
1979-12-18,397.77325
1979-12-19,382.05746
1979-12-20,356.18915
1979-12-21,349.16617
1979-12-22,350.08197
1979-12-23,294.51877
1979-12-24,271.29922
1979-12-25,263.32712
1979-12-26,266.97372
1979-12-27,248.43971
1979-12-28,224.83827
1979-12-29,215.15735
1979-12-30,217.20197
1979-12-31,219.19353
1980-01-01,214.91742
1980-01-02,217.0115
1980-01-03,227.35364
1980-01-04,255.25694
1980-01-05,243.84877
1980-01-06,219.58759
1980-01-07,194.82713
1980-01-08,182.90674
1980-01-09,171.7374
1980-01-10,163.74991
1980-01-11,166.42242
1980-01-12,168.46342
1980-01-13,180.2726
1980-01-14,184.86948
1980-01-15,165.28418
1980-01-16,147.58353
1980-01-17,152.69174
1980-01-18,156.64653
1980-01-19,155.04268
1980-01-20,195.096
1980-01-21,216.78181
1980-01-22,180.25468
1980-01-23,140.91325
1980-01-24,128.86427
1980-01-25,123.72402
1980-01-26,134.39433
1980-01-27,147.34097
1980-01-28,129.16118
1980-01-29,119.68873
1980-01-30,150.94928
1980-01-31,137.56203
1980-02-01,133.38629
1980-02-02,160.17972
1980-02-03,158.46756
1980-02-04,136.30794
1980-02-05,119.365906
1980-02-06,112.208206
1980-02-07,122.20154
1980-02-08,112.14328
1980-02-09,97.247696
1980-02-10,112.88001
1980-02-11,109.43666
1980-02-12,95.193565
1980-02-13,95.64914
1980-02-14,88.644
1980-02-15,86.7696
1980-02-16,81.17621
1980-02-17,71.64799
1980-02-18,73.66632
1980-02-19,108.97248
1980-02-20,226.95206
1980-02-21,266.44647
1980-02-22,175.93765
1980-02-23,113.53811
1980-02-24,117.391266
1980-02-25,121.99394
1980-02-26,93.49479
1980-02-27,92.226135
1980-02-28,98.352325
1980-02-29,75.92112
1980-03-01,63.47221
1980-03-02,61.39155
1980-03-03,66.14169
1980-03-04,64.55574
1980-03-05,65.86772
1980-03-06,69.0453
1980-03-07,67.46324
1980-03-08,84.29716
1980-03-09,102.32246
1980-03-10,87.7071
1980-03-11,67.637405
1980-03-12,69.01674
1980-03-13,81.28361
1980-03-14,103.98242
1980-03-15,97.81858
1980-03-16,83.35307
1980-03-17,96.09675
1980-03-18,112.77871
1980-03-19,124.5678
1980-03-20,139.14981
1980-03-21,158.99983
1980-03-22,188.73553
1980-03-23,164.47015
1980-03-24,92.74281
1980-03-25,85.17244
1980-03-26,82.33404
1980-03-27,78.33336
1980-03-28,117.99253
1980-03-29,128.9636
1980-03-30,101.00492
1980-03-31,108.113304
1980-04-01,205.2252
1980-04-02,257.02905
1980-04-03,200.16138
1980-04-04,168.4306
1980-04-05,202.33795
1980-04-06,243.289
1980-04-07,213.7038
1980-04-08,163.73904
1980-04-09,159.69003
1980-04-10,184.01675
1980-04-11,219.08327
1980-04-12,194.32318
1980-04-13,144.71625
1980-04-14,153.20314
1980-04-15,148.26807
1980-04-16,154.16151
1980-04-17,170.68431
1980-04-18,134.30423
1980-04-19,138.88017
1980-04-20,187.82407
1980-04-21,208.426
1980-04-22,288.99234
1980-04-23,498.84488
1980-04-24,503.7315
1980-04-25,501.001
1980-04-26,475.86957
1980-04-27,414.85974
1980-04-28,379.8673
1980-04-29,362.5507
1980-04-30,306.99658
1980-05-01,257.83813
1980-05-02,232.13576
1980-05-03,213.05022
1980-05-04,183.7004
1980-05-05,159.72403
1980-05-06,172.972
1980-05-07,215.5722
1980-05-08,269.74606
1980-05-09,369.22446
1980-05-10,428.81082
1980-05-11,402.74496
1980-05-12,288.2845
1980-05-13,202.67676
1980-05-14,175.56113
1980-05-15,229.35925
1980-05-16,343.42056
1980-05-17,684.04456
1980-05-18,666.2901
1980-05-19,416.21448
1980-05-20,353.30228
1980-05-21,360.21286
1980-05-22,365.17148
1980-05-23,363.12247
1980-05-24,385.12088
1980-05-25,442.548
1980-05-26,472.8554
1980-05-27,607.3742
1980-05-28,645.3971
1980-05-29,527.88525
1980-05-30,477.2728
1980-05-31,445.28217
1980-06-01,391.54626
1980-06-02,759.5991
1980-06-03,1740.0709
1980-06-04,1366.5343
1980-06-05,845.09845
1980-06-06,570.1568
1980-06-07,515.7168
1980-06-08,542.2252
1980-06-09,541.18524
1980-06-10,556.79724
1980-06-11,556.60864
1980-06-12,522.08325
1980-06-13,561.54266
1980-06-14,634.2596
1980-06-15,552.3797
1980-06-16,432.98376
1980-06-17,371.27612
1980-06-18,378.5378
1980-06-19,473.26157
1980-06-20,577.26056
1980-06-21,794.3844
1980-06-22,783.79034
1980-06-23,660.7437
1980-06-24,598.5326
1980-06-25,501.5993
1980-06-26,481.11475
1980-06-27,431.22928
1980-06-28,354.03897
1980-06-29,329.66064
1980-06-30,354.09225
1980-07-01,450.7065
1980-07-02,587.0115
1980-07-03,803.4125
1980-07-04,691.3775
1980-07-05,445.94424
1980-07-06,340.94174
1980-07-07,329.74097
1980-07-08,356.1959
1980-07-09,409.03134
1980-07-10,425.7662
1980-07-11,468.86615
1980-07-12,428.02924
1980-07-13,403.80414
1980-07-14,471.9092
1980-07-15,553.7999
1980-07-16,508.8105
1980-07-17,508.11826
1980-07-18,478.84616
1980-07-19,454.67477
1980-07-20,512.80804
1980-07-21,475.59167
1980-07-22,438.8669
1980-07-23,416.6722
1980-07-24,448.52048
1980-07-25,544.69293
1980-07-26,544.44696
1980-07-27,539.7093
1980-07-28,500.97278
1980-07-29,492.5059
1980-07-30,512.40015
1980-07-31,684.9067
1980-08-01,845.1007
1980-08-02,692.047
1980-08-03,517.36676
1980-08-04,489.3403
1980-08-05,505.9111
1980-08-06,477.10007
1980-08-07,461.384
1980-08-08,462.69366
1980-08-09,436.7194
1980-08-10,492.46512
1980-08-11,567.59625
1980-08-12,521.84827
1980-08-13,402.38895
1980-08-14,366.88617
1980-08-15,378.9403
1980-08-16,373.9378
1980-08-17,370.37167
1980-08-18,348.26807
1980-08-19,389.64542
1980-08-20,433.89032
1980-08-21,455.51068
1980-08-22,529.6912
1980-08-23,554.4929
1980-08-24,509.76758
1980-08-25,456.98694
1980-08-26,391.0909
1980-08-27,345.08545
1980-08-28,353.91287
1980-08-29,423.9218
1980-08-30,529.5116
1980-08-31,574.6514
1980-09-01,551.38477
1980-09-02,563.95905
1980-09-03,581.193
1980-09-04,565.3919
1980-09-05,601.0163
1980-09-06,630.82935
1980-09-07,566.421
1980-09-08,533.2297
1980-09-09,639.6999
1980-09-10,1084.0881
1980-09-11,1008.14264
1980-09-12,681.5784
1980-09-13,572.8659
1980-09-14,513.37695
1980-09-15,553.0102
1980-09-16,562.1803
1980-09-17,563.19934
1980-09-18,662.4522
1980-09-19,968.47723
1980-09-20,910.385
1980-09-21,687.56323
1980-09-22,604.69946
1980-09-23,603.1258
1980-09-24,589.4593
1980-09-25,552.3491
1980-09-26,462.08954
1980-09-27,437.61844
1980-09-28,464.82477
1980-09-29,483.99854
1980-09-30,523.60364
1980-10-01,576.9261
1980-10-02,576.39966
1980-10-03,619.14667
1980-10-04,815.7167
1980-10-05,840.4167
1980-10-06,784.26843
1980-10-07,834.2935
1980-10-08,940.86005
1980-10-09,954.5381
1980-10-10,887.10834
1980-10-11,794.3434
1980-10-12,801.8692
1980-10-13,809.85187
1980-10-14,856.33905
1980-10-15,760.3675
1980-10-16,674.35284
1980-10-17,629.8014
1980-10-18,644.4672
1980-10-19,685.1885
1980-10-20,650.1874
1980-10-21,548.0535
1980-10-22,561.7721
1980-10-23,662.90936
1980-10-24,840.11676
1980-10-25,748.20355
1980-10-26,565.21313
1980-10-27,528.3294
1980-10-28,532.2324
1980-10-29,510.734
1980-10-30,527.5039
1980-10-31,582.81775
1980-11-01,660.0267
1980-11-02,899.9594
1980-11-03,898.25366
1980-11-04,715.0249
1980-11-05,674.9936
1980-11-06,730.5679
1980-11-07,825.44763
1980-11-08,733.2597
1980-11-09,719.339
1980-11-10,713.74817
1980-11-11,596.5469
1980-11-12,524.97516
1980-11-13,463.2439
1980-11-14,479.655
1980-11-15,778.00635
1980-11-16,817.60864
1980-11-17,683.0451
1980-11-18,810.1143
1980-11-19,655.31683
1980-11-20,436.95673
1980-11-21,381.60062
1980-11-22,387.13666
1980-11-23,399.12393
1980-11-24,453.63132
1980-11-25,599.51526
1980-11-26,684.0713
1980-11-27,559.05927
1980-11-28,470.95398
1980-11-29,396.33594
1980-11-30,353.8276
1980-12-01,387.99387
1980-12-02,425.31256
1980-12-03,399.29517
1980-12-04,351.23828
1980-12-05,292.81082
1980-12-06,260.20218
1980-12-07,255.58936
1980-12-08,291.3052
1980-12-09,294.04434
1980-12-10,308.86734
1980-12-11,377.62732
1980-12-12,403.8083
1980-12-13,356.1245
1980-12-14,333.36047
1980-12-15,327.20105
1980-12-16,317.87335
1980-12-17,322.93124
1980-12-18,294.83405
1980-12-19,267.23773
1980-12-20,268.63763
1980-12-21,248.08034
1980-12-22,217.172
1980-12-23,209.59053
1980-12-24,205.12852
1980-12-25,202.43175
1980-12-26,194.22693
1980-12-27,193.87311
1980-12-28,209.26065
1980-12-29,202.14066
1980-12-30,221.29459
1980-12-31,229.91222
1981-01-01,216.69177
1981-01-02,206.67343
1981-01-03,188.36948
1981-01-04,184.51517
1981-01-05,160.59683
1981-01-06,143.00723
1981-01-07,141.73776
1981-01-08,152.4575
1981-01-09,155.81956
1981-01-10,154.25035
1981-01-11,156.61462
1981-01-12,148.3889
1981-01-13,141.43144
1981-01-14,142.12318
1981-01-15,139.76796
1981-01-16,126.52392
1981-01-17,114.40343
1981-01-18,111.246994
1981-01-19,111.80175
1981-01-20,116.12839
1981-01-21,124.15021
1981-01-22,122.75971
1981-01-23,112.77125
1981-01-24,101.18484
1981-01-25,98.334854
1981-01-26,96.32364
1981-01-27,97.61161
1981-01-28,119.02241
1981-01-29,113.19114
1981-01-30,105.976494
1981-01-31,122.50901
1981-02-01,128.1615
1981-02-02,138.84914
1981-02-03,129.8495
1981-02-04,118.21849
1981-02-05,117.03516
1981-02-06,109.77767
1981-02-07,116.12984
1981-02-08,139.39948
1981-02-09,129.45177
1981-02-10,109.25073
1981-02-11,104.04303
1981-02-12,104.7048
1981-02-13,121.256645
1981-02-14,125.66402
1981-02-15,131.35884
1981-02-16,121.212845
1981-02-17,121.00561
1981-02-18,132.73126
1981-02-19,121.39251
1981-02-20,116.86609
1981-02-21,133.7602
1981-02-22,122.55147
1981-02-23,108.668144
1981-02-24,108.724884
1981-02-25,131.72003
1981-02-26,204.35466
1981-02-27,230.72183
1981-02-28,211.74634
1981-03-01,212.44359
1981-03-02,224.07153
1981-03-03,207.10857
1981-03-04,189.76695
1981-03-05,185.55658
1981-03-06,171.03981
1981-03-07,170.44052
1981-03-08,247.89581
1981-03-09,420.78568
1981-03-10,447.95227
1981-03-11,407.53336
1981-03-12,395.73944
1981-03-13,290.93448
1981-03-14,209.78842
1981-03-15,199.4436
1981-03-16,327.46307
1981-03-17,420.29745
1981-03-18,366.07446
1981-03-19,266.75262
1981-03-20,180.33931
1981-03-21,154.91919
1981-03-22,147.95383
1981-03-23,151.31921
1981-03-24,157.93045
1981-03-25,186.0123
1981-03-26,213.40625
1981-03-27,202.3171
1981-03-28,157.33206
1981-03-29,124.25581
1981-03-30,114.834114
1981-03-31,125.90868
1981-04-01,139.47075
1981-04-02,127.89123
1981-04-03,120.02352
1981-04-04,152.5241
1981-04-05,210.90858
1981-04-06,230.5596
1981-04-07,236.17336
1981-04-08,265.30542
1981-04-09,236.36142
1981-04-10,213.95683
1981-04-11,191.43414
1981-04-12,136.34766
1981-04-13,146.46013
1981-04-14,216.9327
1981-04-15,349.03232
1981-04-16,391.27264
1981-04-17,560.09546
1981-04-18,610.44714
1981-04-19,564.5567
1981-04-20,665.19604
1981-04-21,752.2063
1981-04-22,789.1101
1981-04-23,586.567
1981-04-24,497.23206
1981-04-25,548.3738
1981-04-26,611.3785
1981-04-27,668.1456
1981-04-28,649.221
1981-04-29,582.22107
1981-04-30,621.9427
1981-05-01,646.7549
1981-05-02,658.8333
1981-05-03,588.65436
1981-05-04,510.29865
1981-05-05,465.86194
1981-05-06,446.79776
1981-05-07,565.0773
1981-05-08,574.0914
1981-05-09,501.9904
1981-05-10,483.4528
1981-05-11,491.9187
1981-05-12,458.16174
1981-05-13,525.3836
1981-05-14,700.695
1981-05-15,632.74646
1981-05-16,541.19507
1981-05-17,472.631
1981-05-18,476.38968
1981-05-19,513.49445
1981-05-20,549.8707
1981-05-21,488.66214
1981-05-22,462.20883
1981-05-23,446.47806
1981-05-24,554.488
1981-05-25,648.3928
1981-05-26,579.29065
1981-05-27,560.03485
1981-05-28,525.2356
1981-05-29,564.1021
1981-05-30,584.60895
1981-05-31,717.1308
1981-06-01,911.8772
1981-06-02,1160.0198
1981-06-03,1227.9725
1981-06-04,975.7283
1981-06-05,758.0232
1981-06-06,657.0944
1981-06-07,650.2464
1981-06-08,821.614
1981-06-09,1247.122
1981-06-10,938.8535
1981-06-11,720.38824
1981-06-12,838.61786
1981-06-13,874.8768
1981-06-14,848.60236
1981-06-15,888.69965
1981-06-16,1181.8362
1981-06-17,998.6891
1981-06-18,776.634
1981-06-19,827.98444
1981-06-20,880.24646
1981-06-21,879.3886
1981-06-22,865.37524
1981-06-23,895.27344
1981-06-24,1053.2775
1981-06-25,968.0398
1981-06-26,788.612
1981-06-27,762.8019
1981-06-28,771.9021
1981-06-29,867.6072
1981-06-30,1180.1626
1981-07-01,1960.9283
1981-07-02,1417.5339
1981-07-03,846.411
1981-07-04,695.43256
1981-07-05,656.9867
1981-07-06,711.91187
1981-07-07,1177.7656
1981-07-08,969.3274
1981-07-09,639.3605
1981-07-10,622.3759
1981-07-11,689.23615
1981-07-12,735.32947
1981-07-13,930.1397
1981-07-14,896.1098
1981-07-15,1662.4062
1981-07-16,1635.9606
1981-07-17,928.26105
1981-07-18,703.29504
1981-07-19,705.6624
1981-07-20,759.58185
1981-07-21,815.8358
1981-07-22,708.47314
1981-07-23,644.0535
1981-07-24,679.12024
1981-07-25,646.42566
1981-07-26,609.46405
1981-07-27,483.34195
1981-07-28,424.99887
1981-07-29,414.11694
1981-07-30,442.8044
1981-07-31,439.33838
1981-08-01,444.14932
1981-08-02,475.99686
1981-08-03,502.21793
1981-08-04,562.7913
1981-08-05,536.11884
1981-08-06,526.3258
1981-08-07,506.61575
1981-08-08,483.94913
1981-08-09,610.9886
1981-08-10,582.2439
1981-08-11,565.2458
1981-08-12,695.8181
1981-08-13,688.432
1981-08-14,611.887
1981-08-15,570.0406
1981-08-16,585.7181
1981-08-17,575.1822
1981-08-18,512.4705
1981-08-19,527.3493
1981-08-20,533.4771
1981-08-21,575.94183
1981-08-22,607.9262
1981-08-23,530.8828
1981-08-24,472.84796
1981-08-25,569.88306
1981-08-26,826.7452
1981-08-27,799.1681
1981-08-28,760.39856
1981-08-29,844.5018
1981-08-30,767.37225
1981-08-31,664.3477
1981-09-01,624.33673
1981-09-02,822.4877
1981-09-03,1054.7843
1981-09-04,1382.3546
1981-09-05,1333.9757
1981-09-06,933.1498
1981-09-07,784.2524
1981-09-08,770.2048
1981-09-09,855.78235
1981-09-10,875.0492
1981-09-11,776.55005
1981-09-12,809.6935
1981-09-13,768.6142
1981-09-14,800.1165
1981-09-15,710.84607
1981-09-16,667.67285
1981-09-17,662.18494
1981-09-18,679.0014
1981-09-19,611.1476
1981-09-20,615.4197
1981-09-21,727.91724
1981-09-22,693.832
1981-09-23,625.7821
1981-09-24,576.74023
1981-09-25,541.6803
1981-09-26,552.7894
1981-09-27,587.9728
1981-09-28,622.7656
1981-09-29,678.263
1981-09-30,668.33624
1981-10-01,588.4715
1981-10-02,536.87604
1981-10-03,550.695
1981-10-04,585.6036
1981-10-05,629.8298
1981-10-06,594.89795
1981-10-07,540.3007
1981-10-08,492.64468
1981-10-09,480.83646
1981-10-10,522.11676
1981-10-11,583.2394
1981-10-12,503.77518
1981-10-13,538.368
1981-10-14,607.1989
1981-10-15,799.015
1981-10-16,806.5035
1981-10-17,588.57904
1981-10-18,626.60406
1981-10-19,656.8267
1981-10-20,677.70337
1981-10-21,662.5492
1981-10-22,682.62964
1981-10-23,701.0304
1981-10-24,719.31647
1981-10-25,726.19183
1981-10-26,706.0344
1981-10-27,802.13885
1981-10-28,796.59393
1981-10-29,681.02826
1981-10-30,643.65564
1981-10-31,596.3933
1981-11-01,561.21967
1981-11-02,598.3645
1981-11-03,577.2214
1981-11-04,494.14578
1981-11-05,432.3925
1981-11-06,440.7602
1981-11-07,500.82346
1981-11-08,528.6848
1981-11-09,540.22144
1981-11-10,608.87665
1981-11-11,593.94666
1981-11-12,528.4042
1981-11-13,414.53436
1981-11-14,416.86035
1981-11-15,625.90875
1981-11-16,741.0847
1981-11-17,780.9551
1981-11-18,696.2833
1981-11-19,504.41235
1981-11-20,425.7919
1981-11-21,388.16888
1981-11-22,382.75378
1981-11-23,414.19608
1981-11-24,469.2286
1981-11-25,535.4895
1981-11-26,491.21133
1981-11-27,453.1425
1981-11-28,432.67398
1981-11-29,393.88638
1981-11-30,355.03836
1981-12-01,449.70065
1981-12-02,512.07166
1981-12-03,475.01038
1981-12-04,440.49414
1981-12-05,418.7158
1981-12-06,419.84256
1981-12-07,462.44464
1981-12-08,532.6117
1981-12-09,461.51852
1981-12-10,384.7645
1981-12-11,416.42953
1981-12-12,559.3361
1981-12-13,662.89484
1981-12-14,701.81213
1981-12-15,562.2842
1981-12-16,448.3104
1981-12-17,409.84256
1981-12-18,405.04926
1981-12-19,406.2684
1981-12-20,365.20737
1981-12-21,329.87173
1981-12-22,313.3046
1981-12-23,308.63812
1981-12-24,535.5047
1981-12-25,511.58246
1981-12-26,336.5308
1981-12-27,293.29257
1981-12-28,326.25665
1981-12-29,339.87115
1981-12-30,284.82446
1981-12-31,248.91821
1982-01-01,247.51547
1982-01-02,241.37639
1982-01-03,240.3019
1982-01-04,247.28731
1982-01-05,256.35907
1982-01-06,245.02847
1982-01-07,238.97934
1982-01-08,279.23984
1982-01-09,333.5583
1982-01-10,315.83517
1982-01-11,226.82178
1982-01-12,188.11713
1982-01-13,183.87656
1982-01-14,183.98177
1982-01-15,174.80286
1982-01-16,161.71445
1982-01-17,167.33939
1982-01-18,165.4441
1982-01-19,152.05217
1982-01-20,145.92287
1982-01-21,136.92462
1982-01-22,131.98137
1982-01-23,139.82216
1982-01-24,143.87746
1982-01-25,132.72478
1982-01-26,123.83614
1982-01-27,153.19423
1982-01-28,169.45132
1982-01-29,178.37164
1982-01-30,192.66025
1982-01-31,192.7531
1982-02-01,197.8851
1982-02-02,183.60358
1982-02-03,168.39981
1982-02-04,158.57744
1982-02-05,137.64384
1982-02-06,155.85646
1982-02-07,165.34604
1982-02-08,166.86589
1982-02-09,166.32063
1982-02-10,156.68106
1982-02-11,155.83713
1982-02-12,264.0258
1982-02-13,287.6249
1982-02-14,196.89276
1982-02-15,175.06268
1982-02-16,239.799
1982-02-17,253.58893
1982-02-18,180.56636
1982-02-19,149.00708
1982-02-20,146.3917
1982-02-21,162.07059
1982-02-22,184.76895
1982-02-23,189.23885
1982-02-24,152.46223
1982-02-25,119.112946
1982-02-26,115.234436
1982-02-27,112.613174
1982-02-28,120.72276
1982-03-01,137.67503
1982-03-02,132.12473
1982-03-03,127.84215
1982-03-04,139.85718
1982-03-05,233.36923
1982-03-06,218.38445
1982-03-07,122.032585
1982-03-08,119.6463
1982-03-09,123.05885
1982-03-10,101.79938
1982-03-11,90.95054
1982-03-12,85.64661
1982-03-13,104.65559
1982-03-14,130.96068
1982-03-15,146.10881
1982-03-16,154.83557
1982-03-17,156.34161
1982-03-18,159.20381
1982-03-19,132.11879
1982-03-20,99.585335
1982-03-21,91.299034
1982-03-22,90.69761
1982-03-23,90.03114
1982-03-24,84.6377
1982-03-25,107.27055
1982-03-26,176.16055
1982-03-27,233.35933
1982-03-28,155.69604
1982-03-29,124.65927
1982-03-30,130.3844
1982-03-31,166.80168
1982-04-01,180.2709
1982-04-02,158.14525
1982-04-03,136.35336
1982-04-04,130.59694
1982-04-05,158.47353
1982-04-06,201.77779
1982-04-07,214.11572
1982-04-08,270.68283
1982-04-09,337.92792
1982-04-10,381.0853
1982-04-11,433.31216
1982-04-12,444.48914
1982-04-13,351.33084
1982-04-14,369.99734
1982-04-15,370.69528
1982-04-16,385.035
1982-04-17,347.7881
1982-04-18,304.57455
1982-04-19,333.58405
1982-04-20,356.93658
1982-04-21,408.57642
1982-04-22,416.24442
1982-04-23,396.91647
1982-04-24,410.47757
1982-04-25,476.6662
1982-04-26,462.8163
1982-04-27,377.44003
1982-04-28,309.74768
1982-04-29,329.4479
1982-04-30,376.41888
1982-05-01,370.92523
1982-05-02,407.5602
1982-05-03,424.5403
1982-05-04,455.0838
1982-05-05,483.892
1982-05-06,511.09116
1982-05-07,490.3166
1982-05-08,513.64294
1982-05-09,687.7478
1982-05-10,769.639
1982-05-11,825.2081
1982-05-12,855.2176
1982-05-13,715.977
1982-05-14,629.5819
1982-05-15,619.85
1982-05-16,722.88165
1982-05-17,832.8987
1982-05-18,870.43207
1982-05-19,867.0475
1982-05-20,867.0767
1982-05-21,906.721
1982-05-22,826.5901
1982-05-23,1059.0154
1982-05-24,990.0617
1982-05-25,1066.5127
1982-05-26,1074.7678
1982-05-27,952.53546
1982-05-28,1076.8317
1982-05-29,973.37305
1982-05-30,825.1148
1982-05-31,744.184
1982-06-01,801.0884
1982-06-02,1171.5848
1982-06-03,1177.4991
1982-06-04,906.6931
1982-06-05,874.0186
1982-06-06,821.8541
1982-06-07,675.26373
1982-06-08,706.0955
1982-06-09,746.33826
1982-06-10,732.5443
1982-06-11,742.0597
1982-06-12,677.0906
1982-06-13,655.96344
1982-06-14,623.5167
1982-06-15,627.93427
1982-06-16,662.791
1982-06-17,667.6357
1982-06-18,628.5947
1982-06-19,615.1913
1982-06-20,625.6943
1982-06-21,633.4198
1982-06-22,653.7005
1982-06-23,641.46246
1982-06-24,635.94586
1982-06-25,628.5455
1982-06-26,585.25934
1982-06-27,637.3964
1982-06-28,655.74023
1982-06-29,603.7365
1982-06-30,509.6442
1982-07-01,452.21237
1982-07-02,467.99844
1982-07-03,530.962
1982-07-04,512.60126
1982-07-05,720.4529
1982-07-06,1130.7931
1982-07-07,1054.8868
1982-07-08,992.39874
1982-07-09,797.61346
1982-07-10,595.38745
1982-07-11,521.497
1982-07-12,505.2368
1982-07-13,554.0621
1982-07-14,666.08765
1982-07-15,860.12695
1982-07-16,803.9942
1982-07-17,608.049
1982-07-18,512.46295
1982-07-19,492.17905
1982-07-20,499.0412
1982-07-21,501.02225
1982-07-22,788.44385
1982-07-23,1540.3035
1982-07-24,1069.7985
1982-07-25,674.30865
1982-07-26,593.28564
1982-07-27,497.66064
1982-07-28,510.72253
1982-07-29,598.377
1982-07-30,612.3773
1982-07-31,508.64325
1982-08-01,505.8285
1982-08-02,512.7096
1982-08-03,473.53998
1982-08-04,443.9497
1982-08-05,469.1978
1982-08-06,475.0475
1982-08-07,452.77594
1982-08-08,456.37555
1982-08-09,515.1972
1982-08-10,608.9577
1982-08-11,535.0642
1982-08-12,413.6778
1982-08-13,405.53064
1982-08-14,432.76138
1982-08-15,413.6531
1982-08-16,447.91254
1982-08-17,511.5264
1982-08-18,503.03674
1982-08-19,454.97116
1982-08-20,365.22626
1982-08-21,403.8142
1982-08-22,485.3562
1982-08-23,534.9312
1982-08-24,503.98758
1982-08-25,476.4459
1982-08-26,473.2248
1982-08-27,457.68594
1982-08-28,421.31683
1982-08-29,359.00336
1982-08-30,354.40387
1982-08-31,346.40778
1982-09-01,329.53915
1982-09-02,345.48666
1982-09-03,386.16846
1982-09-04,427.12515
1982-09-05,430.60098
1982-09-06,430.44434
1982-09-07,493.9695
1982-09-08,566.34045
1982-09-09,485.4171
1982-09-10,443.79776
1982-09-11,466.5318
1982-09-12,562.47473
1982-09-13,561.8939
1982-09-14,433.4075
1982-09-15,522.4268
1982-09-16,653.6794
1982-09-17,741.5772
1982-09-18,765.78577
1982-09-19,740.67975
1982-09-20,661.3387
1982-09-21,591.0433
1982-09-22,633.8771
1982-09-23,649.84955
1982-09-24,581.5802
1982-09-25,491.4284
1982-09-26,515.43634
1982-09-27,527.60516
1982-09-28,512.33374
1982-09-29,512.4633
1982-09-30,566.85956
1982-10-01,708.8142
1982-10-02,864.6356
1982-10-03,871.5251
1982-10-04,791.61005
1982-10-05,760.49225
1982-10-06,679.23016
1982-10-07,621.3273
1982-10-08,569.0869
1982-10-09,557.19116
1982-10-10,622.2343
1982-10-11,706.2425
1982-10-12,827.2144
1982-10-13,899.3721
1982-10-14,946.726
1982-10-15,2131.86
1982-10-16,2167.5806
1982-10-17,1026.6957
1982-10-18,714.578
1982-10-19,716.60364
1982-10-20,762.84576
1982-10-21,735.14355
1982-10-22,703.86163
1982-10-23,760.2632
1982-10-24,866.1145
1982-10-25,871.3886
1982-10-26,797.6578
1982-10-27,967.71387
1982-10-28,1181.0138
1982-10-29,1116.552
1982-10-30,995.2246
1982-10-31,934.5586
1982-11-01,881.30756
1982-11-02,849.3221
1982-11-03,936.1691
1982-11-04,983.02136
1982-11-05,847.17676
1982-11-06,735.9425
1982-11-07,687.79407
1982-11-08,680.86316
1982-11-09,617.5435
1982-11-10,600.0727
1982-11-11,555.81415
1982-11-12,540.78357
1982-11-13,574.8177
1982-11-14,542.3468
1982-11-15,513.5837
1982-11-16,450.15927
1982-11-17,412.77994
1982-11-18,441.19012
1982-11-19,431.7921
1982-11-20,431.26712
1982-11-21,413.14374
1982-11-22,374.91028
1982-11-23,357.28973
1982-11-24,334.69208
1982-11-25,302.74158
1982-11-26,287.52194
1982-11-27,289.0125
1982-11-28,302.6017
1982-11-29,302.8692
1982-11-30,300.57895
1982-12-01,285.49567
1982-12-02,259.03427
1982-12-03,247.66284
1982-12-04,277.71774
1982-12-05,279.5716
1982-12-06,257.30905
1982-12-07,284.73682
1982-12-08,583.7027
1982-12-09,489.42
1982-12-10,266.10324
1982-12-11,248.18225
1982-12-12,252.20157
1982-12-13,229.07527
1982-12-14,202.85109
1982-12-15,194.2073
1982-12-16,184.58897
1982-12-17,174.22098
1982-12-18,185.53668
1982-12-19,187.97041
1982-12-20,199.65863
1982-12-21,218.38116
1982-12-22,206.59657
1982-12-23,196.47787
1982-12-24,194.31787
1982-12-25,190.6915
1982-12-26,190.60603
1982-12-27,190.9888
1982-12-28,167.04762
1982-12-29,153.10365
1982-12-30,161.89056
1982-12-31,157.20029
1983-01-01,141.42938
1983-01-02,139.14192
1983-01-03,136.23009
1983-01-04,130.27306
1983-01-05,126.113495
1983-01-06,119.7133
1983-01-07,114.64807
1983-01-08,111.49485
1983-01-09,111.60856
1983-01-10,117.99167
1983-01-11,127.67292
1983-01-12,129.06361
1983-01-13,123.11706
1983-01-14,118.92537
1983-01-15,200.72006
1983-01-16,210.63562
1983-01-17,146.77448
1983-01-18,118.86575
1983-01-19,104.025276
1983-01-20,104.813675
1983-01-21,103.68996
1983-01-22,107.021484
1983-01-23,121.63453
1983-01-24,122.71573
1983-01-25,103.89059
1983-01-26,99.76629
1983-01-27,151.0054
1983-01-28,156.54825
1983-01-29,107.48399
1983-01-30,89.72734
1983-01-31,94.88509
1983-02-01,90.215996
1983-02-02,86.08084
1983-02-03,84.6153
1983-02-04,77.75122
1983-02-05,79.281364
1983-02-06,80.5281
1983-02-07,84.79765
1983-02-08,106.91374
1983-02-09,131.68341
1983-02-10,147.09644
1983-02-11,117.037025
1983-02-12,88.8962
1983-02-13,74.544136
1983-02-14,64.250175
1983-02-15,70.26265
1983-02-16,95.27392
1983-02-17,93.80849
1983-02-18,68.395355
1983-02-19,69.67554
1983-02-20,97.20973
1983-02-21,96.903336
1983-02-22,81.52734
1983-02-23,79.96387
1983-02-24,79.77169
1983-02-25,93.16368
1983-02-26,123.846924
1983-02-27,190.56209
1983-02-28,189.55055
1983-03-01,183.91168
1983-03-02,214.56842
1983-03-03,187.22072
1983-03-04,173.38535
1983-03-05,187.02768
1983-03-06,144.6049
1983-03-07,119.72607
1983-03-08,106.298225
1983-03-09,157.54848
1983-03-10,222.18712
1983-03-11,246.94595
1983-03-12,208.73035
1983-03-13,144.2596
1983-03-14,154.74068
1983-03-15,259.08215
1983-03-16,248.22598
1983-03-17,336.62683
1983-03-18,743.70404
1983-03-19,526.5651
1983-03-20,333.931
1983-03-21,317.92932
1983-03-22,244.51242
1983-03-23,188.15036
1983-03-24,192.80504
1983-03-25,192.38194
1983-03-26,201.19202
1983-03-27,327.7772
1983-03-28,692.59717
1983-03-29,1031.9951
1983-03-30,698.0721
1983-03-31,406.89966
1983-04-01,318.58725
1983-04-02,273.72495
1983-04-03,357.77698
1983-04-04,336.6965
1983-04-05,372.8051
1983-04-06,407.1677
1983-04-07,327.46664
1983-04-08,268.40674
1983-04-09,253.04826
1983-04-10,299.6183
1983-04-11,348.90173
1983-04-12,388.7093
1983-04-13,365.45404
1983-04-14,323.04874
1983-04-15,310.83627
1983-04-16,263.8641
1983-04-17,245.62
1983-04-18,251.16806
1983-04-19,267.31122
1983-04-20,282.67062
1983-04-21,274.71906
1983-04-22,232.35754
1983-04-23,261.7752
1983-04-24,291.55106
1983-04-25,308.14178
1983-04-26,307.3681
1983-04-27,324.3149
1983-04-28,393.28397
1983-04-29,369.8433
1983-04-30,414.53732
1983-05-01,425.84494
1983-05-02,392.04654
1983-05-03,325.97824
1983-05-04,319.6363
1983-05-05,422.91068
1983-05-06,597.73804
1983-05-07,679.90375
1983-05-08,670.57635
1983-05-09,713.3008
1983-05-10,713.5692
1983-05-11,629.52325
1983-05-12,473.1724
1983-05-13,458.74518
1983-05-14,576.1707
1983-05-15,601.1844
1983-05-16,574.4386
1983-05-17,675.48035
1983-05-18,1175.8716
1983-05-19,1481.1885
1983-05-20,1198.1204
1983-05-21,860.0347
1983-05-22,749.12427
1983-05-23,750.2435
1983-05-24,759.2775
1983-05-25,716.8385
1983-05-26,665.9919
1983-05-27,647.58057
1983-05-28,601.4383
1983-05-29,511.00058
1983-05-30,520.92535
1983-05-31,858.3275
1983-06-01,865.2328
1983-06-02,578.54193
1983-06-03,547.7981
1983-06-04,828.8462
1983-06-05,892.49347
1983-06-06,720.22565
1983-06-07,748.31555
1983-06-08,725.68646
1983-06-09,658.6691
1983-06-10,847.5124
1983-06-11,837.0158
1983-06-12,764.5326
1983-06-13,661.67596
1983-06-14,619.95
1983-06-15,613.3304
1983-06-16,634.7088
1983-06-17,688.2234
1983-06-18,689.41675
1983-06-19,688.96857
1983-06-20,620.5076
1983-06-21,547.47864
1983-06-22,530.9819
1983-06-23,582.4757
1983-06-24,542.2957
1983-06-25,475.05515
1983-06-26,421.6545
1983-06-27,417.5507
1983-06-28,463.83536
1983-06-29,504.4555
1983-06-30,508.07407
1983-07-01,474.5946
1983-07-02,523.07837
1983-07-03,636.84125
1983-07-04,624.55145
1983-07-05,508.83386
1983-07-06,423.26566
1983-07-07,401.1779
1983-07-08,430.16034
1983-07-09,486.5497
1983-07-10,499.40552
1983-07-11,514.1964
1983-07-12,550.5634
1983-07-13,505.8207
1983-07-14,439.63684
1983-07-15,403.24628
1983-07-16,439.12302
1983-07-17,530.4018
1983-07-18,621.0317
1983-07-19,997.91174
1983-07-20,875.47473
1983-07-21,552.6632
1983-07-22,543.02045
1983-07-23,590.20984
1983-07-24,603.5172
1983-07-25,701.8302
1983-07-26,574.6132
1983-07-27,433.05368
1983-07-28,385.00824
1983-07-29,375.9438
1983-07-30,440.95224
1983-07-31,525.277
1983-08-01,579.7363
1983-08-02,530.37854
1983-08-03,440.11844
1983-08-04,496.6902
1983-08-05,606.49884
1983-08-06,849.6571
1983-08-07,864.98413
1983-08-08,666.718
1983-08-09,580.91486
1983-08-10,554.8737
1983-08-11,516.13226
1983-08-12,478.98004
1983-08-13,483.2804
1983-08-14,426.05978
1983-08-15,411.3323
1983-08-16,372.07248
1983-08-17,397.70374
1983-08-18,457.4846
1983-08-19,511.94208
1983-08-20,792.8832
1983-08-21,1247.9014
1983-08-22,1193.8142
1983-08-23,803.7042
1983-08-24,770.6428
1983-08-25,723.92816
1983-08-26,727.67145
1983-08-27,766.02997
1983-08-28,757.79376
1983-08-29,681.85394
1983-08-30,723.67584
1983-08-31,1226.9836
1983-09-01,1431.5033
1983-09-02,1032.6814
1983-09-03,761.97864
1983-09-04,728.6952
1983-09-05,755.1033
1983-09-06,684.5736
1983-09-07,676.67114
1983-09-08,860.43365
1983-09-09,939.0985
1983-09-10,802.0974
1983-09-11,654.263
1983-09-12,647.2499
1983-09-13,1092.882
1983-09-14,1021.45593
1983-09-15,738.01404
1983-09-16,754.4915
1983-09-17,807.1341
1983-09-18,1184.3005
1983-09-19,1078.8173
1983-09-20,800.42267
1983-09-21,687.2475
1983-09-22,664.67004
1983-09-23,605.623
1983-09-24,614.2644
1983-09-25,592.655
1983-09-26,559.9058
1983-09-27,573.48663
1983-09-28,541.9396
1983-09-29,548.6965
1983-09-30,553.06244
1983-10-01,458.23297
1983-10-02,503.92212
1983-10-03,1116.8049
1983-10-04,1181.0896
1983-10-05,724.0844
1983-10-06,560.50934
1983-10-07,550.5235
1983-10-08,587.5456
1983-10-09,531.0211
1983-10-10,494.22916
1983-10-11,516.16223
1983-10-12,542.7717
1983-10-13,493.82626
1983-10-14,538.36273
1983-10-15,579.68304
1983-10-16,560.9378
1983-10-17,592.5319
1983-10-18,605.2203
1983-10-19,580.03705
1983-10-20,546.01697
1983-10-21,609.5599
1983-10-22,666.7886
1983-10-23,634.5907
1983-10-24,685.71075
1983-10-25,683.77014
1983-10-26,649.3183
1983-10-27,632.55707
1983-10-28,584.60406
1983-10-29,554.5554
1983-10-30,571.02606
1983-10-31,609.7042
1983-11-01,661.45593
1983-11-02,857.7911
1983-11-03,880.89325
1983-11-04,726.27576
1983-11-05,621.95416
1983-11-06,585.96655
1983-11-07,585.3757
1983-11-08,635.99243
1983-11-09,608.75635
1983-11-10,658.51184
1983-11-11,609.5587
1983-11-12,544.55414
1983-11-13,535.74005
1983-11-14,506.58966
1983-11-15,500.6107
1983-11-16,476.3513
1983-11-17,454.70825
1983-11-18,469.84622
1983-11-19,472.8084
1983-11-20,453.8538
1983-11-21,431.6482
1983-11-22,411.06223
1983-11-23,390.07327
1983-11-24,369.8136
1983-11-25,368.9573
1983-11-26,347.87543
1983-11-27,322.69342
1983-11-28,323.4858
1983-11-29,381.0704
1983-11-30,513.83466
1983-12-01,710.2013
1983-12-02,698.8206
1983-12-03,571.30914
1983-12-04,472.79895
1983-12-05,448.13718
1983-12-06,448.99625
1983-12-07,417.0842
1983-12-08,573.84546
1983-12-09,584.1506
1983-12-10,435.22586
1983-12-11,394.6566
1983-12-12,391.76813
1983-12-13,491.404
1983-12-14,538.57104
1983-12-15,446.84048
1983-12-16,401.72614
1983-12-17,439.53183
1983-12-18,497.6962
1983-12-19,464.58063
1983-12-20,466.2826
1983-12-21,452.03326
1983-12-22,462.74377
1983-12-23,470.7676
1983-12-24,394.20514
1983-12-25,324.68454
1983-12-26,305.98187
1983-12-27,303.39285
1983-12-28,300.27203
1983-12-29,287.2773
1983-12-30,279.3101
1983-12-31,276.86746
1984-01-01,296.89688
1984-01-02,357.39206
1984-01-03,396.59763
1984-01-04,365.8926
1984-01-05,347.09995
1984-01-06,313.22098
1984-01-07,270.564
1984-01-08,275.94406
1984-01-09,267.35605
1984-01-10,231.49335
1984-01-11,212.15994
1984-01-12,203.35822
1984-01-13,206.2743
1984-01-14,198.94534
1984-01-15,187.88792
1984-01-16,181.95844
1984-01-17,187.80505
1984-01-18,236.04955
1984-01-19,238.0429
1984-01-20,226.80449
1984-01-21,255.402
1984-01-22,253.81364
1984-01-23,318.9722
1984-01-24,346.2061
1984-01-25,233.50082
1984-01-26,190.11209
1984-01-27,167.89552
1984-01-28,155.18307
1984-01-29,149.06804
1984-01-30,161.31363
1984-01-31,174.04887
1984-02-01,172.66997
1984-02-02,169.72363
1984-02-03,159.76367
1984-02-04,171.80151
1984-02-05,211.27313
1984-02-06,230.59396
1984-02-07,270.9139
1984-02-08,324.03845
1984-02-09,351.2615
1984-02-10,328.7482
1984-02-11,307.77573
1984-02-12,274.83807
1984-02-13,225.72255
1984-02-14,210.41888
1984-02-15,196.21735
1984-02-16,197.72758
1984-02-17,215.47888
1984-02-18,244.37294
1984-02-19,236.74147
1984-02-20,203.13075
1984-02-21,186.27827
1984-02-22,199.30591
1984-02-23,205.76352
1984-02-24,193.58359
1984-02-25,202.23296
1984-02-26,236.51752
1984-02-27,309.00723
1984-02-28,279.2989
1984-02-29,275.82837
1984-03-01,298.96948
1984-03-02,298.23978
1984-03-03,315.2812
1984-03-04,276.8465
1984-03-05,235.45726
1984-03-06,238.22151
1984-03-07,231.49358
1984-03-08,262.89346
1984-03-09,343.61896
1984-03-10,335.37534
1984-03-11,291.02167
1984-03-12,234.28183
1984-03-13,204.81201
1984-03-14,198.59131
1984-03-15,178.42494
1984-03-16,165.45016
1984-03-17,165.69008
1984-03-18,162.6252
1984-03-19,167.49876
1984-03-20,170.32057
1984-03-21,167.58923
1984-03-22,161.87766
1984-03-23,144.10634
1984-03-24,169.23079
1984-03-25,235.56326
1984-03-26,240.2049
1984-03-27,187.78871
1984-03-28,152.11269
1984-03-29,139.42813
1984-03-30,151.89893
1984-03-31,163.68636
1984-04-01,167.19713
1984-04-02,178.40852
1984-04-03,268.5828
1984-04-04,260.16403
1984-04-05,167.71979
1984-04-06,133.89275
1984-04-07,130.30972
1984-04-08,145.85475
1984-04-09,176.10786
1984-04-10,197.35127
1984-04-11,209.31892
1984-04-12,193.5467
1984-04-13,160.53615
1984-04-14,196.68694
1984-04-15,253.0362
1984-04-16,398.4029
1984-04-17,457.5576
1984-04-18,349.61893
1984-04-19,281.8688
1984-04-20,235.7506
1984-04-21,180.45232
1984-04-22,142.97363
1984-04-23,156.94019
1984-04-24,202.3618
1984-04-25,204.71786
1984-04-26,207.45529
1984-04-27,264.5409
1984-04-28,455.15848
1984-04-29,547.85266
1984-04-30,786.80304
1984-05-01,821.3832
1984-05-02,422.4207
1984-05-03,363.03973
1984-05-04,311.40262
1984-05-05,329.15134
1984-05-06,331.04648
1984-05-07,285.77106
1984-05-08,247.64375
1984-05-09,263.88907
1984-05-10,330.8116
1984-05-11,399.7202
1984-05-12,407.7792
1984-05-13,394.00174
1984-05-14,469.345
1984-05-15,476.67352
1984-05-16,454.61957
1984-05-17,476.81665
1984-05-18,442.93936
1984-05-19,437.26236
1984-05-20,444.92014
1984-05-21,387.97406
1984-05-22,371.70328
1984-05-23,426.54105
1984-05-24,362.38812
1984-05-25,383.5161
1984-05-26,390.0412
1984-05-27,425.36377
1984-05-28,492.70767
1984-05-29,512.10986
1984-05-30,433.889
1984-05-31,381.03864
1984-06-01,356.8601
1984-06-02,415.8275
1984-06-03,556.14514
1984-06-04,816.1064
1984-06-05,777.82074
1984-06-06,571.85803
1984-06-07,512.9513
1984-06-08,592.2307
1984-06-09,625.6688
1984-06-10,705.1743
1984-06-11,638.1793
1984-06-12,508.4481
1984-06-13,501.23126
1984-06-14,536.0433
1984-06-15,583.84216
1984-06-16,742.0448
1984-06-17,604.4631
1984-06-18,512.79584
1984-06-19,549.246
1984-06-20,516.0853
1984-06-21,477.71484
1984-06-22,434.86517
1984-06-23,422.57758
1984-06-24,503.00586
1984-06-25,569.9145
1984-06-26,579.6835
1984-06-27,565.11865
1984-06-28,555.58136
1984-06-29,597.40704
1984-06-30,772.9885
1984-07-01,786.8573
1984-07-02,732.11163
1984-07-03,724.23724
1984-07-04,686.1937
1984-07-05,750.18665
1984-07-06,731.15155
1984-07-07,778.75323
1984-07-08,981.27167
1984-07-09,936.99115
1984-07-10,829.19574
1984-07-11,847.98737
1984-07-12,929.952
1984-07-13,908.41394
1984-07-14,720.9798
1984-07-15,668.95483
1984-07-16,694.28815
1984-07-17,681.05804
1984-07-18,680.08905
1984-07-19,589.3392
1984-07-20,544.3123
1984-07-21,589.30145
1984-07-22,623.5284
1984-07-23,611.9149
1984-07-24,569.7401
1984-07-25,556.29865
1984-07-26,597.3635
1984-07-27,538.46796
1984-07-28,509.442
1984-07-29,558.9004
1984-07-30,717.5967
1984-07-31,1005.7699
1984-08-01,959.05206
1984-08-02,948.2142
1984-08-03,1166.4017
1984-08-04,1501.7668
1984-08-05,1295.4468
1984-08-06,925.89526
1984-08-07,779.2521
1984-08-08,696.779
1984-08-09,655.63477
1984-08-10,622.2214
1984-08-11,634.471
1984-08-12,651.49274
1984-08-13,811.1467
1984-08-14,1102.6396
1984-08-15,955.0334
1984-08-16,681.3631
1984-08-17,638.52606
1984-08-18,684.22797
1984-08-19,762.5374
1984-08-20,741.83734
1984-08-21,651.61884
1984-08-22,680.32336
1984-08-23,716.2676
1984-08-24,649.17175
1984-08-25,667.5402
1984-08-26,718.09875
1984-08-27,702.95233
1984-08-28,671.95184
1984-08-29,677.5237
1984-08-30,698.3413
1984-08-31,672.75543
1984-09-01,686.8916
1984-09-02,766.8462
1984-09-03,844.29767
1984-09-04,862.4226
1984-09-05,916.4689
1984-09-06,802.1421
1984-09-07,667.50336
1984-09-08,674.1426
1984-09-09,673.6972
1984-09-10,666.934
1984-09-11,664.7469
1984-09-12,673.2711
1984-09-13,693.49835
1984-09-14,746.14795
1984-09-15,883.1711
1984-09-16,1059.848
1984-09-17,1120.075
1984-09-18,918.7502
1984-09-19,823.92267
1984-09-20,871.1307
1984-09-21,898.7069
1984-09-22,1145.0117
1984-09-23,1314.4008
1984-09-24,1373.7626
1984-09-25,1267.0371
1984-09-26,1158.3008
1984-09-27,1002.3319
1984-09-28,822.397
1984-09-29,723.32404
1984-09-30,664.6737
1984-10-01,654.1374
1984-10-02,660.56177
1984-10-03,610.9362
1984-10-04,595.3949
1984-10-05,613.1719
1984-10-06,595.7688
1984-10-07,515.59674
1984-10-08,503.2381
1984-10-09,549.02484
1984-10-10,611.899
1984-10-11,624.93884
1984-10-12,619.8607
1984-10-13,656.8713
1984-10-14,794.01605
1984-10-15,1040.4207
1984-10-16,1378.7704
1984-10-17,1260.2367
1984-10-18,909.8112
1984-10-19,757.7957
1984-10-20,863.65204
1984-10-21,851.98584
1984-10-22,791.118
1984-10-23,972.42365
1984-10-24,1139.2776
1984-10-25,1271.3201
1984-10-26,1517.5078
1984-10-27,2877.5396
1984-10-28,3752.7134
1984-10-29,2903.6814
1984-10-30,1522.9174
1984-10-31,1114.9808
1984-11-01,936.0625
1984-11-02,1022.83484
1984-11-03,1083.1846
1984-11-04,811.7206
1984-11-05,640.58417
1984-11-06,587.3886
1984-11-07,707.80365
1984-11-08,746.7861
1984-11-09,594.38684
1984-11-10,468.26614
1984-11-11,385.48782
1984-11-12,391.15845
1984-11-13,429.0333
1984-11-14,396.20676
1984-11-15,366.81815
1984-11-16,378.04178
1984-11-17,426.1476
1984-11-18,516.5011
1984-11-19,511.21173
1984-11-20,411.24817
1984-11-21,364.75656
1984-11-22,375.79013
1984-11-23,383.8035
1984-11-24,410.4257
1984-11-25,508.23184
1984-11-26,533.6536
1984-11-27,488.71802
1984-11-28,481.64328
1984-11-29,527.40967
1984-11-30,488.5941
1984-12-01,429.51334
1984-12-02,399.5759
1984-12-03,400.4374
1984-12-04,377.63235
1984-12-05,344.95166
1984-12-06,352.3097
1984-12-07,425.75446
1984-12-08,394.42502
1984-12-09,295.42746
1984-12-10,263.143
1984-12-11,250.62411
1984-12-12,241.83879
1984-12-13,236.37837
1984-12-14,230.70349
1984-12-15,222.69998
1984-12-16,220.55536
1984-12-17,214.72417
1984-12-18,208.36078
1984-12-19,218.7159
1984-12-20,276.97046
1984-12-21,290.21008
1984-12-22,230.68962
1984-12-23,197.3713
1984-12-24,200.026
1984-12-25,226.87177
1984-12-26,242.70903
1984-12-27,220.55292
1984-12-28,176.8733
1984-12-29,162.61278
1984-12-30,165.9453
1984-12-31,166.07863
1985-01-01,157.23944
1985-01-02,149.26674
1985-01-03,146.12047
1985-01-04,157.16519
1985-01-05,147.02896
1985-01-06,138.8479
1985-01-07,160.5884
1985-01-08,187.07494
1985-01-09,172.04765
1985-01-10,136.46974
1985-01-11,122.35476
1985-01-12,121.78723
1985-01-13,118.875435
1985-01-14,124.40638
1985-01-15,128.04073
1985-01-16,113.82811
1985-01-17,98.57822
1985-01-18,93.02471
1985-01-19,90.13036
1985-01-20,89.509186
1985-01-21,94.55521
1985-01-22,96.51833
1985-01-23,96.63474
1985-01-24,96.02539
1985-01-25,89.97165
1985-01-26,84.037346
1985-01-27,85.61973
1985-01-28,96.21605
1985-01-29,164.15735
1985-01-30,185.387
1985-01-31,113.23448
1985-02-01,79.42258
1985-02-02,76.62455
1985-02-03,95.2677
1985-02-04,90.4611
1985-02-05,74.48906
1985-02-06,68.73097
1985-02-07,61.09861
1985-02-08,56.877403
1985-02-09,66.27179
1985-02-10,74.629135
1985-02-11,83.81079
1985-02-12,98.80522
1985-02-13,113.61117
1985-02-14,122.96358
1985-02-15,118.910385
1985-02-16,110.74621
1985-02-17,106.28021
1985-02-18,84.43954
1985-02-19,64.982445
1985-02-20,66.55417
1985-02-21,78.88944
1985-02-22,111.83225
1985-02-23,140.6209
1985-02-24,102.68166
1985-02-25,85.12956
1985-02-26,89.82203
1985-02-27,95.16211
1985-02-28,87.7337
1985-03-01,73.0335
1985-03-02,64.25326
1985-03-03,79.121735
1985-03-04,87.488976
1985-03-05,98.736496
1985-03-06,110.995094
1985-03-07,128.18742
1985-03-08,140.40045
1985-03-09,140.71838
1985-03-10,135.07857
1985-03-11,134.7051
1985-03-12,191.27234
1985-03-13,286.3679
1985-03-14,375.3381
1985-03-15,276.2201
1985-03-16,130.40213
1985-03-17,89.905815
1985-03-18,76.23045
1985-03-19,99.549225
1985-03-20,118.58281
1985-03-21,133.26764
1985-03-22,131.82425
1985-03-23,97.670944
1985-03-24,97.23817
1985-03-25,123.01844
1985-03-26,132.7168
1985-03-27,94.1108
1985-03-28,80.914215
1985-03-29,94.19775
1985-03-30,96.677864
1985-03-31,101.0449
1985-04-01,165.08562
1985-04-02,260.76276
1985-04-03,328.16974
1985-04-04,254.47165
1985-04-05,155.31857
1985-04-06,141.56827
1985-04-07,140.44676
1985-04-08,166.28067
1985-04-09,214.35709
1985-04-10,222.14445
1985-04-11,279.59894
1985-04-12,372.82175
1985-04-13,394.95764
1985-04-14,321.8121
1985-04-15,233.05
1985-04-16,200.68279
1985-04-17,184.78674
1985-04-18,158.53017
1985-04-19,142.04153
1985-04-20,149.08632
1985-04-21,190.46123
1985-04-22,201.91695
1985-04-23,198.81548
1985-04-24,213.9898
1985-04-25,458.097
1985-04-26,540.649
1985-04-27,413.058
1985-04-28,471.6135
1985-04-29,476.2678
1985-04-30,298.89017
1985-05-01,232.22606
1985-05-02,209.35548
1985-05-03,245.24927
1985-05-04,231.42155
1985-05-05,192.68533
1985-05-06,188.9348
1985-05-07,251.83571
1985-05-08,319.18906
1985-05-09,361.5575
1985-05-10,379.1407
1985-05-11,486.00903
1985-05-12,511.22382
1985-05-13,431.4195
1985-05-14,405.71945
1985-05-15,372.08768
1985-05-16,410.21683
1985-05-17,478.50122
1985-05-18,443.10217
1985-05-19,398.35953
1985-05-20,415.0594
1985-05-21,429.43094
1985-05-22,377.1317
1985-05-23,308.8761
1985-05-24,304.1691
1985-05-25,373.4786
1985-05-26,408.96085
1985-05-27,385.31042
1985-05-28,327.41113
1985-05-29,340.3508
1985-05-30,388.8013
1985-05-31,417.41183
1985-06-01,413.33102
1985-06-02,419.15533
1985-06-03,458.22388
1985-06-04,665.204
1985-06-05,706.5236
1985-06-06,614.6863
1985-06-07,585.43164
1985-06-08,604.7568
1985-06-09,594.9737
1985-06-10,564.0513
1985-06-11,550.9132
1985-06-12,536.8416
1985-06-13,638.28845
1985-06-14,655.7428
1985-06-15,556.3074
1985-06-16,684.7652
1985-06-17,634.4737
1985-06-18,481.90234
1985-06-19,420.332
1985-06-20,447.27515
1985-06-21,486.7843
1985-06-22,424.49042
1985-06-23,397.60428
1985-06-24,439.26752
1985-06-25,437.40314
1985-06-26,431.06696
1985-06-27,453.35867
1985-06-28,525.66504
1985-06-29,493.0849
1985-06-30,507.50388
1985-07-01,590.76935
1985-07-02,634.8996
1985-07-03,515.2803
1985-07-04,336.9536
1985-07-05,321.7277
1985-07-06,394.52542
1985-07-07,449.28165
1985-07-08,415.6737
1985-07-09,402.0578
1985-07-10,480.98
1985-07-11,443.0258
1985-07-12,440.8709
1985-07-13,452.22446
1985-07-14,479.5257
1985-07-15,495.2702
1985-07-16,514.93634
1985-07-17,554.20386
1985-07-18,608.32623
1985-07-19,612.1288
1985-07-20,662.01935
1985-07-21,916.16034
1985-07-22,929.1188
1985-07-23,748.7314
1985-07-24,682.1763
1985-07-25,650.8868
1985-07-26,635.1113
1985-07-27,640.36005
1985-07-28,647.1217
1985-07-29,622.0587
1985-07-30,581.3544
1985-07-31,597.82654
1985-08-01,681.49884
1985-08-02,771.3062
1985-08-03,715.77246
1985-08-04,626.4958
1985-08-05,537.98627
1985-08-06,602.1568
1985-08-07,661.9805
1985-08-08,594.29016
1985-08-09,661.2608
1985-08-10,669.79095
1985-08-11,619.36017
1985-08-12,726.18164
1985-08-13,678.85284
1985-08-14,561.63275
1985-08-15,561.334
1985-08-16,634.87103
1985-08-17,643.8051
1985-08-18,659.87726
1985-08-19,623.2678
1985-08-20,588.9594
1985-08-21,638.69934
1985-08-22,813.95044
1985-08-23,839.2806
1985-08-24,823.3539
1985-08-25,904.3286
1985-08-26,835.91614
1985-08-27,838.4195
1985-08-28,890.5382
1985-08-29,1141.9136
1985-08-30,1002.79596
1985-08-31,794.37036
1985-09-01,762.55206
1985-09-02,743.6773
1985-09-03,705.99164
1985-09-04,719.96545
1985-09-05,750.4298
1985-09-06,821.51965
1985-09-07,815.03375
1985-09-08,710.6367
1985-09-09,751.91284
1985-09-10,1128.6897
1985-09-11,1134.1907
1985-09-12,813.61017
1985-09-13,694.1508
1985-09-14,636.8414
1985-09-15,647.8975
1985-09-16,721.8581
1985-09-17,802.1667
1985-09-18,818.208
1985-09-19,743.30853
1985-09-20,634.195
1985-09-21,559.15326
1985-09-22,555.76825
1985-09-23,564.3365
1985-09-24,525.43304
1985-09-25,502.10156
1985-09-26,484.19196
1985-09-27,481.0829
1985-09-28,503.63144
1985-09-29,498.64246
1985-09-30,566.1531
1985-10-01,498.70108
1985-10-02,412.7451
1985-10-03,404.26593
1985-10-04,470.70068
1985-10-05,514.13635
1985-10-06,665.9678
1985-10-07,803.5068
1985-10-08,701.4871
1985-10-09,801.544
1985-10-10,902.937
1985-10-11,824.86664
1985-10-12,741.1953
1985-10-13,703.7618
1985-10-14,646.5919
1985-10-15,673.8838
1985-10-16,716.778
1985-10-17,686.2954
1985-10-18,696.24255
1985-10-19,733.0444
1985-10-20,776.32684
1985-10-21,803.8474
1985-10-22,751.5606
1985-10-23,737.356
1985-10-24,631.6946
1985-10-25,555.0057
1985-10-26,633.2852
1985-10-27,612.3724
1985-10-28,527.5953
1985-10-29,534.6245
1985-10-30,552.87354
1985-10-31,539.7724
1985-11-01,563.67456
1985-11-02,501.88226
1985-11-03,400.36728
1985-11-04,347.7063
1985-11-05,324.05334
1985-11-06,310.38565
1985-11-07,311.16672
1985-11-08,335.70877
1985-11-09,359.2828
1985-11-10,362.9098
1985-11-11,358.67487
1985-11-12,325.11945
1985-11-13,310.0749
1985-11-14,305.94208
1985-11-15,318.67157
1985-11-16,314.95874
1985-11-17,353.32507
1985-11-18,500.31177
1985-11-19,459.42566
1985-11-20,410.98334
1985-11-21,476.08258
1985-11-22,449.5865
1985-11-23,442.57587
1985-11-24,411.87225
1985-11-25,360.08783
1985-11-26,329.79437
1985-11-27,326.53128
1985-11-28,336.4095
1985-11-29,329.70544
1985-11-30,363.81815
1985-12-01,353.41934
1985-12-02,322.4234
1985-12-03,353.1411
1985-12-04,402.73132
1985-12-05,374.07816
1985-12-06,371.02087
1985-12-07,386.9883
1985-12-08,446.09164
1985-12-09,624.95483
1985-12-10,541.585
1985-12-11,495.8864
1985-12-12,482.21912
1985-12-13,412.20612
1985-12-14,360.61548
1985-12-15,342.96268
1985-12-16,332.3401
1985-12-17,311.9036
1985-12-18,292.17282
1985-12-19,287.84442
1985-12-20,291.3002
1985-12-21,288.0032
1985-12-22,279.23523
1985-12-23,266.32462
1985-12-24,246.4136
1985-12-25,233.91766
1985-12-26,228.95609
1985-12-27,230.37288
1985-12-28,217.97197
1985-12-29,208.48045
1985-12-30,297.699
1985-12-31,350.54388
1986-01-01,279.1342
1986-01-02,211.05827
1986-01-03,176.67863
1986-01-04,175.29909
1986-01-05,189.98485
1986-01-06,214.6853
1986-01-07,232.01125
1986-01-08,210.85527
1986-01-09,185.90518
1986-01-10,242.47253
1986-01-11,235.9301
1986-01-12,177.48866
1986-01-13,181.8885
1986-01-14,171.33102
1986-01-15,162.97641
1986-01-16,170.24289
1986-01-17,161.74095
1986-01-18,146.08977
1986-01-19,143.05779
1986-01-20,168.28133
1986-01-21,199.04343
1986-01-22,205.46317
1986-01-23,200.31384
1986-01-24,172.80717
1986-01-25,169.65797
1986-01-26,190.3264
1986-01-27,184.09404
1986-01-28,159.5371
1986-01-29,145.16171
1986-01-30,156.2197
1986-01-31,155.32031
1986-02-01,134.53667
1986-02-02,139.48174
1986-02-03,150.62212
1986-02-04,127.33051
1986-02-05,111.39114
1986-02-06,114.037735
1986-02-07,125.575935
1986-02-08,118.902916
1986-02-09,112.86096
1986-02-10,109.34541
1986-02-11,100.281204
1986-02-12,121.116234
1986-02-13,157.9447
1986-02-14,203.02919
1986-02-15,203.96494
1986-02-16,183.17654
1986-02-17,168.34062
1986-02-18,172.31015
1986-02-19,212.62567
1986-02-20,323.4704
1986-02-21,271.27585
1986-02-22,175.14656
1986-02-23,134.82397
1986-02-24,120.48227
1986-02-25,107.9069
1986-02-26,108.848
1986-02-27,123.99015
1986-02-28,130.78479
1986-03-01,122.72522
1986-03-02,110.77138
1986-03-03,113.875275
1986-03-04,132.3488
1986-03-05,118.69995
1986-03-06,93.13449
1986-03-07,105.66899
1986-03-08,125.803635
1986-03-09,117.06958
1986-03-10,129.6725
1986-03-11,161.71724
1986-03-12,130.90236
1986-03-13,153.8395
1986-03-14,200.94615
1986-03-15,218.39807
1986-03-16,191.76227
1986-03-17,128.7802
1986-03-18,106.78774
1986-03-19,145.18826
1986-03-20,180.80199
1986-03-21,160.78708
1986-03-22,172.3165
1986-03-23,186.14912
1986-03-24,234.03369
1986-03-25,267.18756
1986-03-26,195.28726
1986-03-27,126.87984
1986-03-28,103.296394
1986-03-29,115.796295
1986-03-30,152.68968
1986-03-31,180.10672
1986-04-01,193.79242
1986-04-02,179.38393
1986-04-03,379.55853
1986-04-04,660.06274
1986-04-05,501.79025
1986-04-06,283.39655
1986-04-07,274.16556
1986-04-08,347.15585
1986-04-09,377.45792
1986-04-10,405.8665
1986-04-11,351.8162
1986-04-12,307.50232
1986-04-13,358.90683
1986-04-14,385.5089
1986-04-15,358.58438
1986-04-16,384.63412
1986-04-17,529.762
1986-04-18,575.80664
1986-04-19,788.5955
1986-04-20,841.478
1986-04-21,638.53906
1986-04-22,642.6428
1986-04-23,692.3631
1986-04-24,673.13464
1986-04-25,693.51105
1986-04-26,688.82416
1986-04-27,558.66406
1986-04-28,648.55853
1986-04-29,748.9124
1986-04-30,669.29376
1986-05-01,566.691
1986-05-02,518.94354
1986-05-03,482.3857
1986-05-04,484.19516
1986-05-05,603.91327
1986-05-06,749.08734
1986-05-07,659.10803
1986-05-08,523.9701
1986-05-09,420.24393
1986-05-10,387.38116
1986-05-11,384.3751
1986-05-12,370.0167
1986-05-13,366.72327
1986-05-14,360.3516
1986-05-15,547.1705
1986-05-16,555.4703
1986-05-17,395.60028
1986-05-18,363.0094
1986-05-19,352.6269
1986-05-20,363.5687
1986-05-21,353.68423
1986-05-22,368.2997
1986-05-23,431.74792
1986-05-24,498.17987
1986-05-25,553.8107
1986-05-26,581.17004
1986-05-27,557.94354
1986-05-28,563.3194
1986-05-29,605.68823
1986-05-30,1131.2565
1986-05-31,1185.161
1986-06-01,695.3838
1986-06-02,470.9968
1986-06-03,423.1217
1986-06-04,468.72946
1986-06-05,505.85788
1986-06-06,482.53595
1986-06-07,507.76602
1986-06-08,538.43805
1986-06-09,460.26224
1986-06-10,539.77966
1986-06-11,591.18176
1986-06-12,521.09674
1986-06-13,449.09454
1986-06-14,468.25278
1986-06-15,497.48563
1986-06-16,453.44907
1986-06-17,387.88406
1986-06-18,354.81268
1986-06-19,376.1329
1986-06-20,476.3291
1986-06-21,481.52206
1986-06-22,456.83786
1986-06-23,473.7478
1986-06-24,513.23596
1986-06-25,644.151
1986-06-26,982.85815
1986-06-27,892.447
1986-06-28,611.7912
1986-06-29,603.9362
1986-06-30,671.7192
1986-07-01,713.19965
1986-07-02,736.5716
1986-07-03,706.30615
1986-07-04,637.61804
1986-07-05,576.08966
1986-07-06,659.4365
1986-07-07,714.41815
1986-07-08,800.0226
1986-07-09,1143.4998
1986-07-10,1150.1842
1986-07-11,804.68164
1986-07-12,609.3318
1986-07-13,607.53394
1986-07-14,600.1693
1986-07-15,578.4102
1986-07-16,528.18616
1986-07-17,489.01688
1986-07-18,483.36945
1986-07-19,466.64563
1986-07-20,461.1202
1986-07-21,431.83038
1986-07-22,438.91116
1986-07-23,423.2642
1986-07-24,387.1985
1986-07-25,420.8841
1986-07-26,560.38336
1986-07-27,551.58966
1986-07-28,432.793
1986-07-29,399.41968
1986-07-30,429.70975
1986-07-31,705.29706
1986-08-01,1004.2704
1986-08-02,786.163
1986-08-03,460.67975
1986-08-04,383.78836
1986-08-05,370.935
1986-08-06,391.87875
1986-08-07,465.13455
1986-08-08,624.43396
1986-08-09,946.9074
1986-08-10,1429.0282
1986-08-11,1078.7673
1986-08-12,559.0692
1986-08-13,486.7249
1986-08-14,520.7251
1986-08-15,515.49286
1986-08-16,471.56473
1986-08-17,441.78268
1986-08-18,365.3013
1986-08-19,359.4914
1986-08-20,371.0729
1986-08-21,415.1022
1986-08-22,463.07867
1986-08-23,438.43683
1986-08-24,437.07617
1986-08-25,422.177
1986-08-26,371.4611
1986-08-27,369.22342
1986-08-28,515.6874
1986-08-29,473.18015
1986-08-30,386.90485
1986-08-31,412.68375
1986-09-01,483.56613
1986-09-02,590.7872
1986-09-03,686.91956
1986-09-04,662.57806
1986-09-05,669.0115
1986-09-06,617.4592
1986-09-07,512.28015
1986-09-08,448.84528
1986-09-09,429.2818
1986-09-10,462.1788
1986-09-11,532.7334
1986-09-12,607.775
1986-09-13,618.6365
1986-09-14,761.76666
1986-09-15,796.9001
1986-09-16,778.56537
1986-09-17,745.188
1986-09-18,763.11945
1986-09-19,702.7837
1986-09-20,644.5015
1986-09-21,706.75415
1986-09-22,879.2575
1986-09-23,1224.861
1986-09-24,1275.2809
1986-09-25,1045.1832
1986-09-26,1042.8616
1986-09-27,1003.8028
1986-09-28,935.9463
1986-09-29,986.1488
1986-09-30,1088.3206
1986-10-01,1058.9447
1986-10-02,990.20996
1986-10-03,863.9412
1986-10-04,838.0361
1986-10-05,1109.486
1986-10-06,1084.029
1986-10-07,898.35406
1986-10-08,849.96466
1986-10-09,761.6955
1986-10-10,710.02856
1986-10-11,728.34
1986-10-12,722.7702
1986-10-13,706.11426
1986-10-14,681.4222
1986-10-15,669.65924
1986-10-16,639.692
1986-10-17,623.0836
1986-10-18,581.95905
1986-10-19,550.65674
1986-10-20,495.69086
1986-10-21,552.084
1986-10-22,621.81836
1986-10-23,723.86224
1986-10-24,951.5537
1986-10-25,849.0576
1986-10-26,736.8272
1986-10-27,732.06506
1986-10-28,697.7588
1986-10-29,704.7614
1986-10-30,702.4562
1986-10-31,697.09924
1986-11-01,655.2095
1986-11-02,655.1313
1986-11-03,658.76556
1986-11-04,613.8288
1986-11-05,573.31177
1986-11-06,523.4123
1986-11-07,492.1153
1986-11-08,476.82288
1986-11-09,521.6202
1986-11-10,693.4035
1986-11-11,842.52423
1986-11-12,726.1605
1986-11-13,662.9072
1986-11-14,656.45416
1986-11-15,809.9125
1986-11-16,819.3729
1986-11-17,779.8968
1986-11-18,793.42523
1986-11-19,724.5433
1986-11-20,690.001
1986-11-21,661.24854
1986-11-22,691.16766
1986-11-23,691.96246
1986-11-24,653.8526
1986-11-25,651.73944
1986-11-26,670.14954
1986-11-27,651.122
1986-11-28,575.8516
1986-11-29,505.42773
1986-11-30,476.46378
1986-12-01,449.67566
1986-12-02,398.44617
1986-12-03,366.08765
1986-12-04,352.45874
1986-12-05,335.44742
1986-12-06,312.64682
1986-12-07,308.99545
1986-12-08,326.38315
1986-12-09,431.28088
1986-12-10,612.9486
1986-12-11,562.1386
1986-12-12,393.30045
1986-12-13,348.29547
1986-12-14,321.3532
1986-12-15,286.4213
1986-12-16,292.00113
1986-12-17,321.99567
1986-12-18,287.8022
1986-12-19,244.16408
1986-12-20,221.07549
1986-12-21,210.87479
1986-12-22,215.29382
1986-12-23,219.49515
1986-12-24,214.02771
1986-12-25,213.44333
1986-12-26,210.95724
1986-12-27,199.06949
1986-12-28,184.45566
1986-12-29,183.20045
1986-12-30,187.15082
1986-12-31,192.68608
1987-01-01,197.17299
1987-01-02,188.85703
1987-01-03,180.21097
1987-01-04,178.82312
1987-01-05,170.34158
1987-01-06,155.14009
1987-01-07,172.15387
1987-01-08,201.4899
1987-01-09,186.44899
1987-01-10,191.61467
1987-01-11,164.83656
1987-01-12,127.16271
1987-01-13,138.91454
1987-01-14,163.63142
1987-01-15,164.63408
1987-01-16,145.21356
1987-01-17,134.9629
1987-01-18,129.3936
1987-01-19,129.07379
1987-01-20,127.018326
1987-01-21,134.86832
1987-01-22,181.7004
1987-01-23,221.73459
1987-01-24,244.7265
1987-01-25,241.36769
1987-01-26,234.45041
1987-01-27,163.40466
1987-01-28,114.95591
1987-01-29,128.47871
1987-01-30,142.17966
1987-01-31,130.22496
1987-02-01,110.9726
1987-02-02,100.411545
1987-02-03,101.920334
1987-02-04,100.83554
1987-02-05,97.4627
1987-02-06,116.36462
1987-02-07,121.58987
1987-02-08,127.17617
1987-02-09,131.53212
1987-02-10,189.8328
1987-02-11,194.80826
1987-02-12,144.16985
1987-02-13,158.84451
1987-02-14,164.42798
1987-02-15,142.333
1987-02-16,207.83984
1987-02-17,191.49011
1987-02-18,140.21948
1987-02-19,149.34962
1987-02-20,146.28024
1987-02-21,120.94316
1987-02-22,112.39735
1987-02-23,127.769196
1987-02-24,123.24625
1987-02-25,103.72093
1987-02-26,92.0548
1987-02-27,89.741325
1987-02-28,89.68378
1987-03-01,94.330475
1987-03-02,97.94783
1987-03-03,101.84216
1987-03-04,126.13046
1987-03-05,162.56714
1987-03-06,148.67572
1987-03-07,136.90752
1987-03-08,127.991486
1987-03-09,98.40159
1987-03-10,88.76968
1987-03-11,110.320854
1987-03-12,170.14388
1987-03-13,152.10854
1987-03-14,83.53766
1987-03-15,72.03561
1987-03-16,90.06842
1987-03-17,112.93792
1987-03-18,110.96564
1987-03-19,89.88958
1987-03-20,90.415886
1987-03-21,81.16377
1987-03-22,84.063446
1987-03-23,94.68961
1987-03-24,121.6975
1987-03-25,120.74094
1987-03-26,96.73997
1987-03-27,93.32996
1987-03-28,109.035774
1987-03-29,127.8871
1987-03-30,153.5999
1987-03-31,135.33835
1987-04-01,250.05191
1987-04-02,212.66905
1987-04-03,175.38039
1987-04-04,240.83517
1987-04-05,280.5734
1987-04-06,264.51718
1987-04-07,258.6987
1987-04-08,262.6528
1987-04-09,402.7732
1987-04-10,377.18484
1987-04-11,600.36334
1987-04-12,595.93866
1987-04-13,422.47992
1987-04-14,397.57562
1987-04-15,265.7194
1987-04-16,178.48709
1987-04-17,188.8304
1987-04-18,225.41002
1987-04-19,192.62866
1987-04-20,216.93561
1987-04-21,241.46121
1987-04-22,281.86243
1987-04-23,394.98773
1987-04-24,542.05347
1987-04-25,512.77924
1987-04-26,664.79297
1987-04-27,1291.4677
1987-04-28,980.40045
1987-04-29,726.0286
1987-04-30,1282.5884
1987-05-01,1236.2147
1987-05-02,790.1992
1987-05-03,596.1371
1987-05-04,542.5037
1987-05-05,584.03284
1987-05-06,600.0064
1987-05-07,520.9897
1987-05-08,467.53607
1987-05-09,450.29138
1987-05-10,444.45563
1987-05-11,473.76672
1987-05-12,531.55975
1987-05-13,456.7021
1987-05-14,407.71042
1987-05-15,404.23615
1987-05-16,511.26248
1987-05-17,689.8408
1987-05-18,707.69116
1987-05-19,614.3677
1987-05-20,519.22345
1987-05-21,474.69006
1987-05-22,552.73865
1987-05-23,578.8135
1987-05-24,557.4301
1987-05-25,554.22174
1987-05-26,483.26675
1987-05-27,488.62955
1987-05-28,545.65295
1987-05-29,606.29205
1987-05-30,592.9011
1987-05-31,502.91467
1987-06-01,461.54932
1987-06-02,492.59296
1987-06-03,537.3137
1987-06-04,534.3803
1987-06-05,508.67303
1987-06-06,527.293
1987-06-07,515.5618
1987-06-08,579.996
1987-06-09,606.25287
1987-06-10,574.267
1987-06-11,491.19617
1987-06-12,461.36078
1987-06-13,453.88196
1987-06-14,486.62354
1987-06-15,557.0432
1987-06-16,771.86255
1987-06-17,1806.056
1987-06-18,1710.9452
1987-06-19,963.9113
1987-06-20,702.86725
1987-06-21,773.72784
1987-06-22,855.2703
1987-06-23,807.8714
1987-06-24,817.98834
1987-06-25,849.06146
1987-06-26,952.983
1987-06-27,986.0386
1987-06-28,901.0735
1987-06-29,895.91644
1987-06-30,876.95294
1987-07-01,810.94434
1987-07-02,734.4922
1987-07-03,784.217
1987-07-04,1183.837
1987-07-05,1151.786
1987-07-06,877.0963
1987-07-07,843.473
1987-07-08,910.9897
1987-07-09,814.48315
1987-07-10,657.1235
1987-07-11,590.43964
1987-07-12,540.74976
1987-07-13,517.33264
1987-07-14,550.9166
1987-07-15,736.4292
1987-07-16,732.78375
1987-07-17,681.85126
1987-07-18,642.1842
1987-07-19,639.0014
1987-07-20,1179.818
1987-07-21,1115.4097
1987-07-22,659.55383
1987-07-23,558.4341
1987-07-24,630.3983
1987-07-25,599.92163
1987-07-26,552.575
1987-07-27,644.0462
1987-07-28,655.3096
1987-07-29,609.56116
1987-07-30,576.6805
1987-07-31,641.4276
1987-08-01,751.1626
1987-08-02,848.71735
1987-08-03,1204.9958
1987-08-04,1069.7479
1987-08-05,828.788
1987-08-06,703.2958
1987-08-07,655.4721
1987-08-08,655.29865
1987-08-09,675.9897
1987-08-10,721.7322
1987-08-11,711.0355
1987-08-12,651.9576
1987-08-13,594.8302
1987-08-14,560.67175
1987-08-15,524.6442
1987-08-16,494.23874
1987-08-17,452.46246
1987-08-18,477.40576
1987-08-19,523.90454
1987-08-20,525.5384
1987-08-21,511.11453
1987-08-22,507.4533
1987-08-23,474.07358
1987-08-24,441.5528
1987-08-25,466.04874
1987-08-26,516.2696
1987-08-27,542.2866
1987-08-28,601.02405
1987-08-29,641.11096
1987-08-30,629.847
1987-08-31,570.1197
1987-09-01,498.79138
1987-09-02,500.5628
1987-09-03,543.1913
1987-09-04,559.3811
1987-09-05,572.77264
1987-09-06,596.6695
1987-09-07,680.7322
1987-09-08,558.461
1987-09-09,428.51083
1987-09-10,401.38867
1987-09-11,455.78796
1987-09-12,499.88245
1987-09-13,520.7951
1987-09-14,506.99374
1987-09-15,470.7224
1987-09-16,537.80927
1987-09-17,656.3557
1987-09-18,703.81433
1987-09-19,669.67664
1987-09-20,539.1084
1987-09-21,462.82434
1987-09-22,483.66745
1987-09-23,521.8505
1987-09-24,572.639
1987-09-25,596.73114
1987-09-26,582.9855
1987-09-27,609.2188
1987-09-28,633.0088
1987-09-29,588.9537
1987-09-30,500.6208
1987-10-01,503.4756
1987-10-02,603.1335
1987-10-03,715.81903
1987-10-04,734.6149
1987-10-05,776.1602
1987-10-06,851.99115
1987-10-07,827.6108
1987-10-08,852.0274
1987-10-09,941.4751
1987-10-10,1134.5973
1987-10-11,1108.4393
1987-10-12,929.4868
1987-10-13,912.0455
1987-10-14,926.3634
1987-10-15,930.72125
1987-10-16,859.5842
1987-10-17,778.25323
1987-10-18,813.6496
1987-10-19,846.53723
1987-10-20,864.9574
1987-10-21,967.8595
1987-10-22,959.06335
1987-10-23,881.71
1987-10-24,910.8517
1987-10-25,894.7452
1987-10-26,844.4732
1987-10-27,892.67194
1987-10-28,1003.3482
1987-10-29,1385.561
1987-10-30,1479.3539
1987-10-31,1540.3893
1987-11-01,1230.2288
1987-11-02,1016.0519
1987-11-03,866.4338
1987-11-04,765.7272
1987-11-05,722.9305
1987-11-06,660.4616
1987-11-07,574.9442
1987-11-08,581.7715
1987-11-09,586.6776
1987-11-10,570.27893
1987-11-11,506.7151
1987-11-12,434.38382
1987-11-13,382.48846
1987-11-14,364.78506
1987-11-15,375.85187
1987-11-16,406.30435
1987-11-17,379.30756
1987-11-18,353.26758
1987-11-19,328.7837
1987-11-20,310.6977
1987-11-21,363.13638
1987-11-22,430.7181
1987-11-23,448.05765
1987-11-24,376.7018
1987-11-25,307.94482
1987-11-26,298.71356
1987-11-27,374.91547
1987-11-28,313.6223
1987-11-29,276.2064
1987-11-30,247.53368
1987-12-01,265.2893
1987-12-02,305.23694
1987-12-03,295.55243
1987-12-04,305.22733
1987-12-05,392.63098
1987-12-06,410.39883
1987-12-07,345.38943
1987-12-08,297.87888
1987-12-09,330.55524
1987-12-10,332.37082
1987-12-11,349.87625
1987-12-12,451.83945
1987-12-13,695.80176
1987-12-14,572.52496
1987-12-15,336.20428
1987-12-16,287.80914
1987-12-17,281.95828
1987-12-18,266.16626
1987-12-19,238.86116
1987-12-20,225.7138
1987-12-21,217.71114
1987-12-22,218.26839
1987-12-23,224.21327
1987-12-24,217.77068
1987-12-25,241.55391
1987-12-26,282.19897
1987-12-27,244.64064
1987-12-28,197.71716
1987-12-29,190.23665
1987-12-30,212.24956
1987-12-31,255.22485
1988-01-01,265.6859
1988-01-02,258.83148
1988-01-03,228.828
1988-01-04,197.52202
1988-01-05,179.20085
1988-01-06,161.75835
1988-01-07,155.36249
1988-01-08,153.81085
1988-01-09,151.78351
1988-01-10,148.97394
1988-01-11,152.33557
1988-01-12,174.99683
1988-01-13,164.19467
1988-01-14,142.76208
1988-01-15,133.71333
1988-01-16,129.89624
1988-01-17,132.87149
1988-01-18,146.92236
1988-01-19,178.85698
1988-01-20,209.25504
1988-01-21,243.13934
1988-01-22,248.62712
1988-01-23,175.74904
1988-01-24,133.3252
1988-01-25,124.18624
1988-01-26,112.8047
1988-01-27,110.18641
1988-01-28,114.103165
1988-01-29,116.71693
1988-01-30,104.02429
1988-01-31,99.627304
1988-02-01,111.28981
1988-02-02,128.92107
1988-02-03,129.13002
1988-02-04,124.530655
1988-02-05,122.892654
1988-02-06,133.7435
1988-02-07,163.37286
1988-02-08,197.92427
1988-02-09,196.94391
1988-02-10,157.37683
1988-02-11,158.94936
1988-02-12,159.4835
1988-02-13,129.34239
1988-02-14,121.632385
1988-02-15,122.064026
1988-02-16,111.53219
1988-02-17,98.43461
1988-02-18,94.21895
1988-02-19,102.011116
1988-02-20,89.90552
1988-02-21,83.57974
1988-02-22,82.6079
1988-02-23,79.47738
1988-02-24,132.21687
1988-02-25,139.53525
1988-02-26,94.2085
1988-02-27,99.36054
1988-02-28,161.99452
1988-02-29,227.08936
1988-03-01,189.65964
1988-03-02,108.35009
1988-03-03,78.60418
1988-03-04,80.01306
1988-03-05,83.67583
1988-03-06,72.147606
1988-03-07,64.24549
1988-03-08,75.934525
1988-03-09,73.34313
1988-03-10,64.01556
1988-03-11,69.625114
1988-03-12,112.422485
1988-03-13,131.69957
1988-03-14,105.45321
1988-03-15,103.49385
1988-03-16,117.14884
1988-03-17,122.89114
1988-03-18,130.34589
1988-03-19,128.34032
1988-03-20,84.303955
1988-03-21,65.21317
1988-03-22,64.959625
1988-03-23,74.23731
1988-03-24,64.912155
1988-03-25,65.03843
1988-03-26,87.18764
1988-03-27,104.36527
1988-03-28,73.30564
1988-03-29,77.377914
1988-03-30,103.32863
1988-03-31,104.811455
1988-04-01,103.22451
1988-04-02,108.869194
1988-04-03,105.22364
1988-04-04,105.80283
1988-04-05,121.379135
1988-04-06,186.80048
1988-04-07,220.64989
1988-04-08,176.061
1988-04-09,204.7916
1988-04-10,422.48993
1988-04-11,556.59515
1988-04-12,526.3211
1988-04-13,444.84665
1988-04-14,402.85788
1988-04-15,503.889
1988-04-16,580.2186
1988-04-17,598.7035
1988-04-18,573.9
1988-04-19,461.51093
1988-04-20,363.43607
1988-04-21,538.11053
1988-04-22,541.3449
1988-04-23,447.54538
1988-04-24,431.54184
1988-04-25,397.70938
1988-04-26,329.10974
1988-04-27,325.0147
1988-04-28,318.53116
1988-04-29,346.8831
1988-04-30,343.62662
1988-05-01,358.80588
1988-05-02,414.5925
1988-05-03,467.7372
1988-05-04,534.6355
1988-05-05,561.4889
1988-05-06,607.48303
1988-05-07,791.59937
1988-05-08,741.16895
1988-05-09,521.6966
1988-05-10,427.93628
1988-05-11,421.4532
1988-05-12,468.60257
1988-05-13,459.6262
1988-05-14,503.7968
1988-05-15,711.8299
1988-05-16,729.43066
1988-05-17,553.35736
1988-05-18,511.43036
1988-05-19,526.33093
1988-05-20,565.14716
1988-05-21,600.95264
1988-05-22,620.9428
1988-05-23,490.3594
1988-05-24,680.787
1988-05-25,671.82294
1988-05-26,469.74268
1988-05-27,489.75485
1988-05-28,595.96497
1988-05-29,628.3278
1988-05-30,677.1444
1988-05-31,597.85205
1988-06-01,503.10034
1988-06-02,443.39096
1988-06-03,460.3364
1988-06-04,515.40247
1988-06-05,532.2506
1988-06-06,456.45255
1988-06-07,454.27374
1988-06-08,489.95575
1988-06-09,451.88498
1988-06-10,375.25418
1988-06-11,412.24472
1988-06-12,480.76212
1988-06-13,564.0648
1988-06-14,871.637
1988-06-15,941.2668
1988-06-16,1091.9371
1988-06-17,972.08203
1988-06-18,811.7888
1988-06-19,691.1422
1988-06-20,665.1803
1988-06-21,726.70135
1988-06-22,694.18567
1988-06-23,655.60144
1988-06-24,597.62195
1988-06-25,609.6029
1988-06-26,634.2226
1988-06-27,753.5254
1988-06-28,916.85645
1988-06-29,866.9632
1988-06-30,705.47156
1988-07-01,634.30164
1988-07-02,647.2572
1988-07-03,620.84326
1988-07-04,647.6891
1988-07-05,703.9097
1988-07-06,797.6366
1988-07-07,927.4902
1988-07-08,1117.9779
1988-07-09,904.5871
1988-07-10,654.6509
1988-07-11,587.2722
1988-07-12,681.1371
1988-07-13,974.8566
1988-07-14,1259.4454
1988-07-15,1124.1995
1988-07-16,886.5193
1988-07-17,801.4324
1988-07-18,680.65643
1988-07-19,577.5856
1988-07-20,545.565
1988-07-21,521.3529
1988-07-22,551.67487
1988-07-23,585.6026
1988-07-24,657.2204
1988-07-25,738.0477
1988-07-26,695.66296
1988-07-27,619.3593
1988-07-28,612.2988
1988-07-29,552.2843
1988-07-30,562.9812
1988-07-31,550.58777
1988-08-01,512.02234
1988-08-02,517.5788
1988-08-03,589.66846
1988-08-04,638.1666
1988-08-05,605.39966
1988-08-06,629.29877
1988-08-07,643.37164
1988-08-08,802.49945
1988-08-09,1445.9462
1988-08-10,1472.7336
1988-08-11,946.4838
1988-08-12,887.55475
1988-08-13,1031.8906
1988-08-14,976.2446
1988-08-15,859.4765
1988-08-16,869.15405
1988-08-17,881.5759
1988-08-18,876.6374
1988-08-19,865.2171
1988-08-20,881.0665
1988-08-21,895.5703
1988-08-22,942.66766
1988-08-23,900.6069
1988-08-24,885.72327
1988-08-25,896.69543
1988-08-26,950.49805
1988-08-27,1047.6017
1988-08-28,1176.0969
1988-08-29,1162.5211
1988-08-30,1279.892
1988-08-31,1656.6274
1988-09-01,2011.54
1988-09-02,2479.371
1988-09-03,2094.795
1988-09-04,1236.2817
1988-09-05,911.9073
1988-09-06,801.4517
1988-09-07,819.556
1988-09-08,863.742
1988-09-09,868.9589
1988-09-10,779.55804
1988-09-11,810.95483
1988-09-12,737.49506
1988-09-13,582.4194
1988-09-14,503.09064
1988-09-15,613.13196
1988-09-16,687.26843
1988-09-17,666.00964
1988-09-18,648.2442
1988-09-19,645.951
1988-09-20,841.7187
1988-09-21,936.76373
1988-09-22,873.6638
1988-09-23,739.0112
1988-09-24,760.1712
1988-09-25,687.8878
1988-09-26,577.3091
1988-09-27,581.09705
1988-09-28,585.38983
1988-09-29,615.9077
1988-09-30,780.7773
1988-10-01,764.30066
1988-10-02,626.9498
1988-10-03,603.1961
1988-10-04,692.2424
1988-10-05,687.09705
1988-10-06,629.2176
1988-10-07,627.4826
1988-10-08,627.72797
1988-10-09,675.6514
1988-10-10,789.83417
1988-10-11,1073.222
1988-10-12,1318.7183
1988-10-13,1176.9377
1988-10-14,1035.6593
1988-10-15,1233.268
1988-10-16,1109.272
1988-10-17,783.82556
1988-10-18,682.05634
1988-10-19,688.02106
1988-10-20,662.5343
1988-10-21,580.50195
1988-10-22,582.3036
1988-10-23,578.1262
1988-10-24,629.651
1988-10-25,865.3432
1988-10-26,946.97437
1988-10-27,734.5249
1988-10-28,699.2126
1988-10-29,664.4416
1988-10-30,611.9216
1988-10-31,582.4458
1988-11-01,609.9034
1988-11-02,595.26776
1988-11-03,567.6243
1988-11-04,537.5785
1988-11-05,512.9342
1988-11-06,574.2905
1988-11-07,599.7393
1988-11-08,554.44965
1988-11-09,494.93036
1988-11-10,482.09027
1988-11-11,554.77075
1988-11-12,546.88727
1988-11-13,559.1422
1988-11-14,572.0356
1988-11-15,584.2501
1988-11-16,568.6741
1988-11-17,963.9843
1988-11-18,1112.418
1988-11-19,1057.6243
1988-11-20,1111.1102
1988-11-21,955.49524
1988-11-22,786.2709
1988-11-23,738.0398
1988-11-24,670.51605
1988-11-25,686.6977
1988-11-26,713.81305
1988-11-27,721.5382
1988-11-28,1134.7886
1988-11-29,1032.3467
1988-11-30,640.6232
1988-12-01,558.2148
1988-12-02,547.4308
1988-12-03,487.9385
1988-12-04,501.20245
1988-12-05,579.0985
1988-12-06,649.1644
1988-12-07,560.77783
1988-12-08,490.36127
1988-12-09,484.0518
1988-12-10,511.87033
1988-12-11,463.16464
1988-12-12,460.92883
1988-12-13,401.40967
1988-12-14,343.38742
1988-12-15,331.18768
1988-12-16,337.26318
1988-12-17,352.33316
1988-12-18,373.63437
1988-12-19,342.4393
1988-12-20,296.56357
1988-12-21,272.41806
1988-12-22,248.39001
1988-12-23,239.9494
1988-12-24,241.22534
1988-12-25,245.85619
1988-12-26,248.41826
1988-12-27,246.45052
1988-12-28,251.82649
1988-12-29,245.9369
1988-12-30,234.68446
1988-12-31,259.8698
1989-01-01,352.013
1989-01-02,514.0281
1989-01-03,483.45
1989-01-04,358.6843
1989-01-05,353.48862
1989-01-06,376.27286
1989-01-07,436.88867
1989-01-08,391.46625
1989-01-09,297.64435
1989-01-10,265.45
1989-01-11,225.52092
1989-01-12,197.38661
1989-01-13,187.1513
1989-01-14,193.94832
1989-01-15,222.14606
1989-01-16,229.89392
1989-01-17,232.20908
1989-01-18,230.47327
1989-01-19,213.79619
1989-01-20,214.49867
1989-01-21,245.34721
1989-01-22,249.80254
1989-01-23,223.76898
1989-01-24,224.42337
1989-01-25,215.87653
1989-01-26,209.8436
1989-01-27,214.97171
1989-01-28,196.35747
1989-01-29,178.40442
1989-01-30,172.26012
1989-01-31,168.07585
1989-02-01,153.91911
1989-02-02,141.56773
1989-02-03,147.27882
1989-02-04,149.14745
1989-02-05,153.12802
1989-02-06,155.19049
1989-02-07,162.49207
1989-02-08,149.55423
1989-02-09,134.37157
1989-02-10,132.08191
1989-02-11,125.874855
1989-02-12,119.14869
1989-02-13,113.54161
1989-02-14,105.91577
1989-02-15,106.08633
1989-02-16,113.605865
1989-02-17,111.3816
1989-02-18,96.72874
1989-02-19,88.88591
1989-02-20,88.4581
1989-02-21,89.691505
1989-02-22,92.191475
1989-02-23,98.24803
1989-02-24,102.82488
1989-02-25,123.63481
1989-02-26,124.93865
1989-02-27,123.2814
1989-02-28,114.0454
1989-03-01,112.570816
1989-03-02,121.00963
1989-03-03,117.83348
1989-03-04,95.0496
1989-03-05,90.167305
1989-03-06,103.30739
1989-03-07,108.14677
1989-03-08,115.492714
1989-03-09,119.29196
1989-03-10,180.05296
1989-03-11,217.35114
1989-03-12,130.70117
1989-03-13,102.77798
1989-03-14,140.00514
1989-03-15,126.41481
1989-03-16,80.99145
1989-03-17,82.32116
1989-03-18,128.78105
1989-03-19,125.93712
1989-03-20,105.98156
1989-03-21,100.534195
1989-03-22,94.003845
1989-03-23,108.29072
1989-03-24,106.46553
1989-03-25,166.54759
1989-03-26,200.50397
1989-03-27,134.42929
1989-03-28,88.83562
1989-03-29,100.761215
1989-03-30,154.98819
1989-03-31,188.8738
1989-04-01,165.15253
1989-04-02,129.68811
1989-04-03,116.46536
1989-04-04,104.13304
1989-04-05,89.06559
1989-04-06,85.226456
1989-04-07,98.30564
1989-04-08,159.23842
1989-04-09,235.66113
1989-04-10,261.7948
1989-04-11,229.46191
1989-04-12,190.75665
1989-04-13,170.88712
1989-04-14,165.16528
1989-04-15,165.9124
1989-04-16,161.58095
1989-04-17,166.18161
1989-04-18,168.7874
1989-04-19,145.18008
1989-04-20,116.85178
1989-04-21,102.740036
1989-04-22,114.93526
1989-04-23,155.96101
1989-04-24,193.52747
1989-04-25,239.31474
1989-04-26,214.53253
1989-04-27,204.59416
1989-04-28,204.44762
1989-04-29,188.67705
1989-04-30,255.77705
1989-05-01,309.45566
1989-05-02,295.83362
1989-05-03,369.50235
1989-05-04,480.65604
1989-05-05,416.32266
1989-05-06,339.04407
1989-05-07,361.20172
1989-05-08,428.46436
1989-05-09,451.71976
1989-05-10,470.86877
1989-05-11,427.71103
1989-05-12,385.86948
1989-05-13,416.59515
1989-05-14,585.6859
1989-05-15,728.85675
1989-05-16,780.4977
1989-05-17,667.59894
1989-05-18,509.96634
1989-05-19,416.63522
1989-05-20,370.66394
1989-05-21,389.77258
1989-05-22,421.51138
1989-05-23,389.92145
1989-05-24,431.1917
1989-05-25,529.0602
1989-05-26,533.4238
1989-05-27,511.23663
1989-05-28,530.59924
1989-05-29,685.5407
1989-05-30,829.096
1989-05-31,1121.3268
1989-06-01,1188.5419
1989-06-02,799.711
1989-06-03,627.29156
1989-06-04,649.5839
1989-06-05,653.5713
1989-06-06,678.7267
1989-06-07,718.03235
1989-06-08,716.4208
1989-06-09,862.2706
1989-06-10,746.7435
1989-06-11,594.5678
1989-06-12,596.93225
1989-06-13,623.0547
1989-06-14,696.30963
1989-06-15,751.68054
1989-06-16,739.5093
1989-06-17,761.69836
1989-06-18,728.8913
1989-06-19,660.2272
1989-06-20,640.7671
1989-06-21,637.0073
1989-06-22,650.51196
1989-06-23,683.18805
1989-06-24,703.6772
1989-06-25,714.1209
1989-06-26,682.44037
1989-06-27,744.568
1989-06-28,837.6688
1989-06-29,846.39764
1989-06-30,859.6331
1989-07-01,740.1836
1989-07-02,571.94073
1989-07-03,525.4431
1989-07-04,508.58603
1989-07-05,509.02484
1989-07-06,508.7331
1989-07-07,524.564
1989-07-08,577.60065
1989-07-09,609.5418
1989-07-10,594.3317
1989-07-11,593.41895
1989-07-12,549.5468
1989-07-13,476.69022
1989-07-14,476.6124
1989-07-15,454.82944
1989-07-16,397.82355
1989-07-17,346.57162
1989-07-18,337.87582
1989-07-19,436.2339
1989-07-20,522.197
1989-07-21,523.7622
1989-07-22,553.8509
1989-07-23,690.5544
1989-07-24,741.3723
1989-07-25,694.1337
1989-07-26,658.3899
1989-07-27,729.18866
1989-07-28,897.583
1989-07-29,886.4171
1989-07-30,765.3072
1989-07-31,650.56366
1989-08-01,540.7448
1989-08-02,505.1525
1989-08-03,489.8452
1989-08-04,470.49792
1989-08-05,475.50488
1989-08-06,571.825
1989-08-07,935.74457
1989-08-08,852.7332
1989-08-09,597.27625
1989-08-10,577.15594
1989-08-11,577.3717
1989-08-12,586.4714
1989-08-13,706.2759
1989-08-14,754.48096
1989-08-15,783.2693
1989-08-16,720.6011
1989-08-17,645.08734
1989-08-18,645.9378
1989-08-19,688.19257
1989-08-20,869.34485
1989-08-21,818.5227
1989-08-22,618.1888
1989-08-23,562.30444
1989-08-24,527.719
1989-08-25,491.64035
1989-08-26,534.1634
1989-08-27,556.0059
1989-08-28,527.4733
1989-08-29,505.18695
1989-08-30,573.47046
1989-08-31,633.7679
1989-09-01,654.80536
1989-09-02,667.37634
1989-09-03,584.0913
1989-09-04,535.7928
1989-09-05,588.7073
1989-09-06,623.2007
1989-09-07,570.8861
1989-09-08,582.1126
1989-09-09,599.4104
1989-09-10,676.4358
1989-09-11,697.04254
1989-09-12,610.5647
1989-09-13,563.43835
1989-09-14,596.0922
1989-09-15,660.322
1989-09-16,799.6106
1989-09-17,794.1292
1989-09-18,823.5394
1989-09-19,891.00116
1989-09-20,975.108
1989-09-21,935.5997
1989-09-22,1283.9075
1989-09-23,1405.0935
1989-09-24,1151.2104
1989-09-25,1365.9958
1989-09-26,1315.5658
1989-09-27,1109.927
1989-09-28,1015.4126
1989-09-29,1028.4056
1989-09-30,872.8793
1989-10-01,858.09735
1989-10-02,832.7444
1989-10-03,769.8968
1989-10-04,741.16235
1989-10-05,658.6698
1989-10-06,708.6943
1989-10-07,780.8339
1989-10-08,801.52216
1989-10-09,774.4423
1989-10-10,726.1496
1989-10-11,707.52124
1989-10-12,690.21423
1989-10-13,805.58875
1989-10-14,786.81177
1989-10-15,722.9803
1989-10-16,758.23145
1989-10-17,733.3807
1989-10-18,745.8349
1989-10-19,738.286
1989-10-20,762.7635
1989-10-21,910.2905
1989-10-22,835.128
1989-10-23,676.0888
1989-10-24,649.9672
1989-10-25,665.382
1989-10-26,659.21704
1989-10-27,659.3274
1989-10-28,604.7064
1989-10-29,570.79126
1989-10-30,611.6101
1989-10-31,779.5667
1989-11-01,798.2622
1989-11-02,790.647
1989-11-03,1303.171
1989-11-04,2530.7546
1989-11-05,2477.0718
1989-11-06,1377.4156
1989-11-07,976.0147
1989-11-08,784.99316
1989-11-09,637.9542
1989-11-10,578.8815
1989-11-11,541.3238
1989-11-12,506.5548
1989-11-13,473.2997
1989-11-14,443.58633
1989-11-15,446.19455
1989-11-16,434.2788
1989-11-17,395.60382
1989-11-18,357.45728
1989-11-19,363.84082
1989-11-20,376.11816
1989-11-21,339.4824
1989-11-22,328.1347
1989-11-23,408.53793
1989-11-24,608.43054
1989-11-25,636.3448
1989-11-26,479.32687
1989-11-27,422.46225
1989-11-28,755.06415
1989-11-29,796.56464
1989-11-30,544.6534
1989-12-01,459.50037
1989-12-02,424.9099
1989-12-03,454.24487
1989-12-04,484.95618
1989-12-05,426.89798
1989-12-06,385.9026
1989-12-07,356.32422
1989-12-08,358.00955
1989-12-09,331.656
1989-12-10,298.67923
1989-12-11,295.94345
1989-12-12,295.98956
1989-12-13,283.12546
1989-12-14,299.79953
1989-12-15,283.25015
1989-12-16,242.8224
1989-12-17,232.33116
1989-12-18,223.46007
1989-12-19,217.53227
1989-12-20,206.84451
1989-12-21,198.7828
1989-12-22,198.93161
1989-12-23,193.99629
1989-12-24,183.88179
1989-12-25,191.85194
1989-12-26,237.9078
1989-12-27,252.19252
1989-12-28,223.43945
1989-12-29,190.37265
1989-12-30,164.56674
1989-12-31,149.2875
1990-01-01,145.19691
1990-01-02,141.56741
1990-01-03,141.82915
1990-01-04,163.91243
1990-01-05,175.32773
1990-01-06,153.86594
1990-01-07,157.11026
1990-01-08,164.02835
1990-01-09,171.49905
1990-01-10,220.34384
1990-01-11,259.72522
1990-01-12,241.01436
1990-01-13,172.99326
1990-01-14,152.67961
1990-01-15,191.99605
1990-01-16,231.90794
1990-01-17,188.24005
1990-01-18,136.02194
1990-01-19,125.26647
1990-01-20,123.53691
1990-01-21,129.77031
1990-01-22,142.97063
1990-01-23,148.12038
1990-01-24,144.83594
1990-01-25,144.94745
1990-01-26,135.0039
1990-01-27,116.596855
1990-01-28,129.52393
1990-01-29,169.06375
1990-01-30,148.2556
1990-01-31,113.82609
1990-02-01,120.62978
1990-02-02,162.51979
1990-02-03,173.07309
1990-02-04,151.14565
1990-02-05,171.58284
1990-02-06,179.3998
1990-02-07,180.01248
1990-02-08,251.42526
1990-02-09,247.95671
1990-02-10,167.3796
1990-02-11,144.9494
1990-02-12,138.93513
1990-02-13,125.90494
1990-02-14,122.46065
1990-02-15,120.41635
1990-02-16,117.30749
1990-02-17,127.79561
1990-02-18,126.58027
1990-02-19,116.3943
1990-02-20,109.16485
1990-02-21,115.01293
1990-02-22,149.32042
1990-02-23,172.94197
1990-02-24,160.46376
1990-02-25,129.70609
1990-02-26,104.75938
1990-02-27,97.47125
1990-02-28,89.570694
1990-03-01,83.81947
1990-03-02,80.36664
1990-03-03,77.34899
1990-03-04,87.07523
1990-03-05,115.64455
1990-03-06,185.12634
1990-03-07,205.72038
1990-03-08,140.68126
1990-03-09,103.46551
1990-03-10,91.34959
1990-03-11,108.161606
1990-03-12,113.40513
1990-03-13,111.33297
1990-03-14,96.62026
1990-03-15,71.85506
1990-03-16,78.792175
1990-03-17,102.98737
1990-03-18,136.9792
1990-03-19,132.35632
1990-03-20,117.08417
1990-03-21,132.5369
1990-03-22,157.64038
1990-03-23,167.56282
1990-03-24,232.75293
1990-03-25,235.13095
1990-03-26,242.06335
1990-03-27,274.63968
1990-03-28,266.71555
1990-03-29,247.35709
1990-03-30,212.43504
1990-03-31,163.79938
1990-04-01,144.91406
1990-04-02,162.38155
1990-04-03,181.1717
1990-04-04,177.30466
1990-04-05,159.84595
1990-04-06,185.53914
1990-04-07,294.91272
1990-04-08,349.95068
1990-04-09,307.5822
1990-04-10,263.25626
1990-04-11,217.81229
1990-04-12,162.38281
1990-04-13,138.75539
1990-04-14,141.65178
1990-04-15,189.72426
1990-04-16,307.87247
1990-04-17,346.06116
1990-04-18,317.4017
1990-04-19,306.41998
1990-04-20,237.44342
1990-04-21,175.87062
1990-04-22,203.03981
1990-04-23,246.84077
1990-04-24,288.19232
1990-04-25,259.57193
1990-04-26,241.56548
1990-04-27,247.31645
1990-04-28,317.8042
1990-04-29,359.7062
1990-04-30,414.35773
1990-05-01,435.09332
1990-05-02,435.39285
1990-05-03,423.17426
1990-05-04,449.35007
1990-05-05,420.01376
1990-05-06,471.38785
1990-05-07,578.66583
1990-05-08,567.7816
1990-05-09,549.5883
1990-05-10,664.4506
1990-05-11,702.8774
1990-05-12,1077.7236
1990-05-13,925.5232
1990-05-14,536.1833
1990-05-15,480.65076
1990-05-16,514.69666
1990-05-17,504.44977
1990-05-18,461.53015
1990-05-19,407.13705
1990-05-20,377.84708
1990-05-21,414.11447
1990-05-22,481.83893
1990-05-23,511.73898
1990-05-24,573.4499
1990-05-25,983.88104
1990-05-26,980.80255
1990-05-27,794.819
1990-05-28,800.5881
1990-05-29,945.7459
1990-05-30,1484.7153
1990-05-31,1122.9742
1990-06-01,643.506
1990-06-02,606.002
1990-06-03,721.93134
1990-06-04,956.97003
1990-06-05,777.24207
1990-06-06,525.02545
1990-06-07,448.27887
1990-06-08,440.62805
1990-06-09,481.44556
1990-06-10,535.7444
1990-06-11,593.3649
1990-06-12,628.1546
1990-06-13,660.27124
1990-06-14,712.95795
1990-06-15,754.2228
1990-06-16,789.2235
1990-06-17,908.8849
1990-06-18,998.6053
1990-06-19,956.2927
1990-06-20,903.974
1990-06-21,779.1726
1990-06-22,704.3355
1990-06-23,697.6753
1990-06-24,615.29767
1990-06-25,651.0053
1990-06-26,673.7841
1990-06-27,699.36487
1990-06-28,756.2217
1990-06-29,711.30896
1990-06-30,668.83405
1990-07-01,704.57355
1990-07-02,752.87756
1990-07-03,684.55084
1990-07-04,605.8947
1990-07-05,539.4221
1990-07-06,522.73175
1990-07-07,524.95435
1990-07-08,557.96594
1990-07-09,555.79767
1990-07-10,503.57114
1990-07-11,465.54144
1990-07-12,467.64917
1990-07-13,478.8748
1990-07-14,517.6434
1990-07-15,561.7561
1990-07-16,673.12915
1990-07-17,726.66907
1990-07-18,924.6122
1990-07-19,1667.8506
1990-07-20,1265.4354
1990-07-21,761.589
1990-07-22,613.7606
1990-07-23,544.9704
1990-07-24,543.1388
1990-07-25,582.4796
1990-07-26,577.80505
1990-07-27,523.5928
1990-07-28,499.041
1990-07-29,541.96783
1990-07-30,592.2243
1990-07-31,595.50977
1990-08-01,513.959
1990-08-02,476.12985
1990-08-03,468.54623
1990-08-04,469.42337
1990-08-05,486.82205
1990-08-06,467.98145
1990-08-07,456.3062
1990-08-08,436.36307
1990-08-09,441.85477
1990-08-10,471.41907
1990-08-11,503.92392
1990-08-12,519.0115
1990-08-13,566.08325
1990-08-14,558.0466
1990-08-15,685.7039
1990-08-16,819.3089
1990-08-17,788.71454
1990-08-18,822.92194
1990-08-19,784.7189
1990-08-20,686.8536
1990-08-21,599.7967
1990-08-22,589.195
1990-08-23,612.84973
1990-08-24,662.734
1990-08-25,673.95734
1990-08-26,678.0265
1990-08-27,690.7849
1990-08-28,648.1349
1990-08-29,602.0877
1990-08-30,648.3697
1990-08-31,611.61523
1990-09-01,568.2885
1990-09-02,506.6393
1990-09-03,455.83835
1990-09-04,431.2783
1990-09-05,491.58093
1990-09-06,984.7931
1990-09-07,931.6654
1990-09-08,538.6172
1990-09-09,446.84442
1990-09-10,441.97858
1990-09-11,451.77228
1990-09-12,454.51523
1990-09-13,446.62656
1990-09-14,480.77197
1990-09-15,467.1594
1990-09-16,441.9871
1990-09-17,480.46002
1990-09-18,574.87335
1990-09-19,511.79443
1990-09-20,426.44965
1990-09-21,394.10544
1990-09-22,420.43347
1990-09-23,1247.8213
1990-09-24,1626.7255
1990-09-25,1059.896
1990-09-26,730.7299
1990-09-27,615.86914
1990-09-28,519.63153
1990-09-29,534.0426
1990-09-30,498.9837
1990-10-01,513.65375
1990-10-02,565.2982
1990-10-03,533.9867
1990-10-04,486.50058
1990-10-05,475.2418
1990-10-06,514.5198
1990-10-07,562.37103
1990-10-08,579.59155
1990-10-09,533.0367
1990-10-10,553.299
1990-10-11,523.40955
1990-10-12,580.0467
1990-10-13,602.03046
1990-10-14,512.3489
1990-10-15,509.888
1990-10-16,527.62195
1990-10-17,580.9804
1990-10-18,603.0475
1990-10-19,576.38544
1990-10-20,543.9272
1990-10-21,559.1189
1990-10-22,576.58154
1990-10-23,629.3421
1990-10-24,704.0089
1990-10-25,682.7878
1990-10-26,609.1779
1990-10-27,607.5112
1990-10-28,621.60144
1990-10-29,650.6669
1990-10-30,734.91254
1990-10-31,743.6637
1990-11-01,677.5159
1990-11-02,647.20087
1990-11-03,625.118
1990-11-04,721.1383
1990-11-05,839.2612
1990-11-06,873.69196
1990-11-07,858.0318
1990-11-08,805.1231
1990-11-09,778.8445
1990-11-10,1076.8134
1990-11-11,2609.7695
1990-11-12,2221.6565
1990-11-13,1214.305
1990-11-14,900.15234
1990-11-15,831.3534
1990-11-16,810.30743
1990-11-17,689.2459
1990-11-18,650.73083
1990-11-19,617.0893
1990-11-20,648.2897
1990-11-21,665.0661
1990-11-22,577.58386
1990-11-23,515.4031
1990-11-24,551.1117
1990-11-25,532.8346
1990-11-26,487.31754
1990-11-27,443.79608
1990-11-28,428.16443
1990-11-29,444.29526
1990-11-30,483.8311
1990-12-01,765.8865
1990-12-02,1080.8556
1990-12-03,890.65
1990-12-04,530.69135
1990-12-05,445.21777
1990-12-06,460.98865
1990-12-07,755.92957
1990-12-08,823.247
1990-12-09,593.9233
1990-12-10,520.09344
1990-12-11,486.6067
1990-12-12,448.69797
1990-12-13,397.45895
1990-12-14,376.327
1990-12-15,360.37408
1990-12-16,345.0551
1990-12-17,347.02087
1990-12-18,342.00912
1990-12-19,348.03882
1990-12-20,357.59952
1990-12-21,325.07007
1990-12-22,301.73578
1990-12-23,286.45157
1990-12-24,272.1367
1990-12-25,271.55252
1990-12-26,449.61508
1990-12-27,480.04456
1990-12-28,342.10822
1990-12-29,262.76538
1990-12-30,242.50072
1990-12-31,245.56673
1991-01-01,242.3943
1991-01-02,248.58559
1991-01-03,254.02014
1991-01-04,235.65436
1991-01-05,218.3315
1991-01-06,195.55672
1991-01-07,184.10455
1991-01-08,192.99847
1991-01-09,222.39594
1991-01-10,233.72348
1991-01-11,210.96245
1991-01-12,179.05782
1991-01-13,163.25401
1991-01-14,156.99113
1991-01-15,150.03108
1991-01-16,148.45216
1991-01-17,146.1
1991-01-18,142.18344
1991-01-19,141.58453
1991-01-20,134.33734
1991-01-21,127.11901
1991-01-22,135.91446
1991-01-23,142.99608
1991-01-24,171.38855
1991-01-25,151.74638
1991-01-26,111.19416
1991-01-27,99.271835
1991-01-28,97.57977
1991-01-29,97.39702
1991-01-30,99.9839
1991-01-31,99.01182
1991-02-01,94.12156
1991-02-02,94.78945
1991-02-03,98.0265
1991-02-04,93.66114
1991-02-05,84.96892
1991-02-06,88.09461
1991-02-07,111.16146
1991-02-08,109.89917
1991-02-09,88.54301
1991-02-10,80.28385
1991-02-11,86.73867
1991-02-12,88.558784
1991-02-13,118.40558
1991-02-14,177.72879
1991-02-15,189.39696
1991-02-16,156.50287
1991-02-17,149.83865
1991-02-18,126.24201
1991-02-19,102.241356
1991-02-20,85.88822
1991-02-21,71.29436
1991-02-22,69.478874
1991-02-23,69.848366
1991-02-24,66.169975
1991-02-25,73.81308
1991-02-26,106.518845
1991-02-27,118.53858
1991-02-28,112.07672
1991-03-01,116.21395
1991-03-02,113.19809
1991-03-03,111.59968
1991-03-04,152.46286
1991-03-05,161.46765
1991-03-06,199.22693
1991-03-07,225.81297
1991-03-08,230.603
1991-03-09,156.15067
1991-03-10,139.64499
1991-03-11,247.41153
1991-03-12,324.88882
1991-03-13,285.13724
1991-03-14,182.41853
1991-03-15,134.64717
1991-03-16,136.87686
1991-03-17,131.91104
1991-03-18,132.0184
1991-03-19,134.42058
1991-03-20,120.64557
1991-03-21,112.43756
1991-03-22,92.35482
1991-03-23,72.300896
1991-03-24,63.730484
1991-03-25,64.94265
1991-03-26,69.246155
1991-03-27,73.28389
1991-03-28,94.03513
1991-03-29,135.61935
1991-03-30,184.89716
1991-03-31,194.66254
1991-04-01,149.42159
1991-04-02,108.35546
1991-04-03,87.64978
1991-04-04,68.01082
1991-04-05,59.06982
1991-04-06,63.81551
1991-04-07,68.036545
1991-04-08,77.02701
1991-04-09,108.206894
1991-04-10,161.18604
1991-04-11,237.26355
1991-04-12,241.64601
1991-04-13,173.39952
1991-04-14,181.8058
1991-04-15,200.70912
1991-04-16,208.12651
1991-04-17,213.70538
1991-04-18,262.65454
1991-04-19,217.47586
1991-04-20,179.27184
1991-04-21,152.97472
1991-04-22,155.72604
1991-04-23,226.02873
1991-04-24,281.33932
1991-04-25,323.10785
1991-04-26,359.80743
1991-04-27,300.7267
1991-04-28,231.5023
1991-04-29,166.27275
1991-04-30,236.88547
1991-05-01,353.7173
1991-05-02,414.97745
1991-05-03,515.55945
1991-05-04,514.7233
1991-05-05,524.32117
1991-05-06,668.98175
1991-05-07,623.0801
1991-05-08,526.9046
1991-05-09,564.5038
1991-05-10,531.12683
1991-05-11,483.84644
1991-05-12,506.88898
1991-05-13,598.58795
1991-05-14,724.7941
1991-05-15,769.50323
1991-05-16,764.80896
1991-05-17,797.22455
1991-05-18,872.1112
1991-05-19,1668.7312
1991-05-20,2021.026
1991-05-21,1373.4497
1991-05-22,964.29517
1991-05-23,720.45386
1991-05-24,673.5402
1991-05-25,631.90125
1991-05-26,554.49866
1991-05-27,551.6389
1991-05-28,522.3832
1991-05-29,495.15265
1991-05-30,489.2091
1991-05-31,484.24203
1991-06-01,493.50217
1991-06-02,535.1308
1991-06-03,553.4483
1991-06-04,570.71954
1991-06-05,584.011
1991-06-06,538.5251
1991-06-07,469.1859
1991-06-08,453.4125
1991-06-09,458.3612
1991-06-10,444.55438
1991-06-11,447.46237
1991-06-12,420.3888
1991-06-13,402.21237
1991-06-14,510.42148
1991-06-15,538.644
1991-06-16,546.3581
1991-06-17,637.1999
1991-06-18,751.03314
1991-06-19,820.40674
1991-06-20,1128.8247
1991-06-21,1096.645
1991-06-22,864.6929
1991-06-23,1007.0952
1991-06-24,1077.418
1991-06-25,865.9236
1991-06-26,814.09595
1991-06-27,791.53864
1991-06-28,826.7169
1991-06-29,784.74506
1991-06-30,735.33105
1991-07-01,725.66254
1991-07-02,795.5296
1991-07-03,898.2986
1991-07-04,983.6378
1991-07-05,883.72205
1991-07-06,789.2142
1991-07-07,738.199
1991-07-08,821.14905
1991-07-09,770.0876
1991-07-10,700.1444
1991-07-11,783.0364
1991-07-12,819.4955
1991-07-13,794.18585
1991-07-14,722.8683
1991-07-15,648.8768
1991-07-16,612.105
1991-07-17,623.7598
1991-07-18,651.1611
1991-07-19,690.6425
1991-07-20,707.9403
1991-07-21,733.2747
1991-07-22,688.8656
1991-07-23,640.0748
1991-07-24,587.81085
1991-07-25,542.88135
1991-07-26,564.48596
1991-07-27,625.6802
1991-07-28,813.2662
1991-07-29,784.3439
1991-07-30,582.02826
1991-07-31,537.2446
1991-08-01,606.2878
1991-08-02,627.49304
1991-08-03,624.9312
1991-08-04,608.3387
1991-08-05,607.8126
1991-08-06,656.1711
1991-08-07,785.1676
1991-08-08,760.0651
1991-08-09,672.3393
1991-08-10,720.1198
1991-08-11,697.9322
1991-08-12,677.69775
1991-08-13,629.2766
1991-08-14,621.6467
1991-08-15,663.45953
1991-08-16,755.80457
1991-08-17,654.6219
1991-08-18,592.1858
1991-08-19,554.2887
1991-08-20,516.6036
1991-08-21,653.4228
1991-08-22,765.4789
1991-08-23,676.36835
1991-08-24,572.8127
1991-08-25,516.28925
1991-08-26,480.2223
1991-08-27,482.55002
1991-08-28,476.35583
1991-08-29,451.3212
1991-08-30,417.51276
1991-08-31,405.34747
1991-09-01,495.9584
1991-09-02,570.2875
1991-09-03,963.8676
1991-09-04,997.0044
1991-09-05,753.98505
1991-09-06,588.924
1991-09-07,592.8796
1991-09-08,599.9759
1991-09-09,515.0434
1991-09-10,481.24402
1991-09-11,484.30298
1991-09-12,613.357
1991-09-13,900.0899
1991-09-14,809.014
1991-09-15,548.033
1991-09-16,469.44946
1991-09-17,438.91953
1991-09-18,439.62546
1991-09-19,445.21732
1991-09-20,503.89777
1991-09-21,557.55524
1991-09-22,595.23145
1991-09-23,551.3021
1991-09-24,954.11774
1991-09-25,1058.6422
1991-09-26,834.7412
1991-09-27,709.7812
1991-09-28,759.32465
1991-09-29,848.4812
1991-09-30,924.34674
1991-10-01,841.2993
1991-10-02,763.9531
1991-10-03,695.3463
1991-10-04,669.51733
1991-10-05,689.58514
1991-10-06,731.5322
1991-10-07,689.5345
1991-10-08,667.57886
1991-10-09,663.3958
1991-10-10,713.49994
1991-10-11,711.5241
1991-10-12,693.7386
1991-10-13,830.9826
1991-10-14,821.62463
1991-10-15,726.55084
1991-10-16,692.18744
1991-10-17,683.0957
1991-10-18,689.94507
1991-10-19,715.9359
1991-10-20,1017.5506
1991-10-21,1313.1722
1991-10-22,921.12604
1991-10-23,740.565
1991-10-24,661.8348
1991-10-25,600.3323
1991-10-26,540.3958
1991-10-27,534.42523
1991-10-28,544.0346
1991-10-29,513.8393
1991-10-30,510.44962
1991-10-31,535.52185
1991-11-01,564.67426
1991-11-02,561.08484
1991-11-03,548.33484
1991-11-04,572.6585
1991-11-05,543.6186
1991-11-06,536.4421
1991-11-07,512.0408
1991-11-08,432.08878
1991-11-09,436.95966
1991-11-10,479.89807
1991-11-11,546.55896
1991-11-12,666.6482
1991-11-13,658.0771
1991-11-14,507.8177
1991-11-15,454.21655
1991-11-16,497.0845
1991-11-17,460.71616
1991-11-18,430.3385
1991-11-19,403.70642
1991-11-20,382.74792
1991-11-21,377.454
1991-11-22,374.03098
1991-11-23,383.5521
1991-11-24,402.24695
1991-11-25,470.9081
1991-11-26,523.73535
1991-11-27,604.9129
1991-11-28,616.257
1991-11-29,568.75323
1991-11-30,604.8042
1991-12-01,607.36237
1991-12-02,590.8385
1991-12-03,578.1817
1991-12-04,523.46405
1991-12-05,496.6241
1991-12-06,549.41
1991-12-07,581.4938
1991-12-08,560.0363
1991-12-09,483.32388
1991-12-10,435.14627
1991-12-11,417.05536
1991-12-12,405.79565
1991-12-13,429.9075
1991-12-14,404.29807
1991-12-15,358.19418
1991-12-16,338.3696
1991-12-17,320.02368
1991-12-18,318.76602
1991-12-19,366.19357
1991-12-20,444.6597
1991-12-21,418.52798
1991-12-22,314.40118
1991-12-23,262.92242
1991-12-24,248.25827
1991-12-25,244.4215
1991-12-26,237.36862
1991-12-27,225.01135
1991-12-28,217.54636
1991-12-29,216.90077
1991-12-30,215.21114
1991-12-31,220.91325
1992-01-01,222.39145
1992-01-02,206.0975
1992-01-03,195.45253
1992-01-04,192.92744
1992-01-05,196.57307
1992-01-06,188.25485
1992-01-07,181.35501
1992-01-08,193.66228
1992-01-09,225.0413
1992-01-10,208.12785
1992-01-11,169.83353
1992-01-12,155.96523
1992-01-13,179.18832
1992-01-14,185.88728
1992-01-15,163.11107
1992-01-16,152.56752
1992-01-17,152.14574
1992-01-18,144.67479
1992-01-19,134.70117
1992-01-20,125.437164
1992-01-21,126.53894
1992-01-22,126.10918
1992-01-23,125.65975
1992-01-24,136.58578
1992-01-25,145.86333
1992-01-26,139.94955
1992-01-27,130.88148
1992-01-28,123.71104
1992-01-29,116.510155
1992-01-30,105.40616
1992-01-31,101.64201
1992-02-01,155.19615
1992-02-02,157.69109
1992-02-03,137.76913
1992-02-04,155.34593
1992-02-05,141.13402
1992-02-06,116.3584
1992-02-07,108.48867
1992-02-08,108.49623
1992-02-09,124.56994
1992-02-10,130.0784
1992-02-11,129.99109
1992-02-12,377.35757
1992-02-13,425.85065
1992-02-14,242.58446
1992-02-15,190.93869
1992-02-16,156.55782
1992-02-17,124.39057
1992-02-18,112.994514
1992-02-19,113.04552
1992-02-20,110.90985
1992-02-21,108.04248
1992-02-22,113.08182
1992-02-23,141.55835
1992-02-24,169.15166
1992-02-25,155.93597
1992-02-26,122.04092
1992-02-27,122.52792
1992-02-28,116.830696
1992-02-29,107.26181
1992-03-01,115.81697
1992-03-02,115.95811
1992-03-03,117.477615
1992-03-04,112.128426
1992-03-05,101.53778
1992-03-06,97.98906
1992-03-07,118.709915
1992-03-08,109.72106
1992-03-09,85.35922
1992-03-10,83.74717
1992-03-11,98.50197
1992-03-12,91.075615
1992-03-13,73.33073
1992-03-14,75.92223
1992-03-15,90.60569
1992-03-16,99.4062
1992-03-17,153.67809
1992-03-18,218.94229
1992-03-19,198.50456
1992-03-20,126.200935
1992-03-21,80.14631
1992-03-22,71.72439
1992-03-23,72.71085
1992-03-24,87.90025
1992-03-25,82.377525
1992-03-26,57.748264
1992-03-27,66.007835
1992-03-28,79.772
1992-03-29,72.1579
1992-03-30,59.76004
1992-03-31,53.884415
1992-04-01,68.69631
1992-04-02,104.8969
1992-04-03,117.418236
1992-04-04,140.49742
1992-04-05,219.80171
1992-04-06,222.73126
1992-04-07,102.04224
1992-04-08,67.77705
1992-04-09,68.67995
1992-04-10,68.592476
1992-04-11,62.88049
1992-04-12,60.615723
1992-04-13,76.27349
1992-04-14,146.1936
1992-04-15,249.70457
1992-04-16,310.9877
1992-04-17,273.90213
1992-04-18,285.99084
1992-04-19,276.78412
1992-04-20,308.95377
1992-04-21,327.83966
1992-04-22,298.8743
1992-04-23,236.11201
1992-04-24,184.571
1992-04-25,184.79144
1992-04-26,228.89735
1992-04-27,409.27362
1992-04-28,524.6861
1992-04-29,573.49854
1992-04-30,835.7764
1992-05-01,827.4518
1992-05-02,699.1375
1992-05-03,541.39215
1992-05-04,460.34662
1992-05-05,480.27145
1992-05-06,415.77237
1992-05-07,335.9238
1992-05-08,452.57288
1992-05-09,573.22644
1992-05-10,570.79675
1992-05-11,483.17743
1992-05-12,355.02563
1992-05-13,297.21524
1992-05-14,295.12122
1992-05-15,456.34915
1992-05-16,967.54987
1992-05-17,1053.2224
1992-05-18,870.7146
1992-05-19,1049.5222
1992-05-20,1805.8933
1992-05-21,1536.0314
1992-05-22,1022.7194
1992-05-23,929.3196
1992-05-24,1103.3761
1992-05-25,994.60455
1992-05-26,791.40735
1992-05-27,734.45355
1992-05-28,699.1899
1992-05-29,912.79095
1992-05-30,1856.0275
1992-05-31,1962.0643
1992-06-01,1053.7902
1992-06-02,736.3923
1992-06-03,637.1207
1992-06-04,586.3868
1992-06-05,830.01355
1992-06-06,1264.856
1992-06-07,927.6803
1992-06-08,619.0279
1992-06-09,576.8817
1992-06-10,559.0585
1992-06-11,604.9891
1992-06-12,618.9737
1992-06-13,693.36456
1992-06-14,650.1561
1992-06-15,573.3988
1992-06-16,587.59717
1992-06-17,544.6352
1992-06-18,504.09564
1992-06-19,567.91327
1992-06-20,668.0101
1992-06-21,746.2311
1992-06-22,1562.7355
1992-06-23,1952.4901
1992-06-24,1234.6862
1992-06-25,702.7913
1992-06-26,582.38666
1992-06-27,616.0711
1992-06-28,674.10455
1992-06-29,758.0061
1992-06-30,827.6826
1992-07-01,730.1919
1992-07-02,574.84326
1992-07-03,539.80225
1992-07-04,568.29065
1992-07-05,681.36145
1992-07-06,881.2219
1992-07-07,1059.621
1992-07-08,1012.40393
1992-07-09,729.38617
1992-07-10,642.431
1992-07-11,675.1777
1992-07-12,701.3442
1992-07-13,667.6115
1992-07-14,690.456
1992-07-15,780.52386
1992-07-16,856.36926
1992-07-17,760.7624
1992-07-18,553.6267
1992-07-19,479.2137
1992-07-20,446.34964
1992-07-21,413.55197
1992-07-22,445.07773
1992-07-23,492.794
1992-07-24,515.21466
1992-07-25,687.8579
1992-07-26,599.66473
1992-07-27,500.65314
1992-07-28,502.20425
1992-07-29,456.22928
1992-07-30,517.40106
1992-07-31,547.3924
1992-08-01,609.12946
1992-08-02,733.34283
1992-08-03,620.673
1992-08-04,536.12067
1992-08-05,531.7341
1992-08-06,535.482
1992-08-07,499.46466
1992-08-08,500.3062
1992-08-09,562.5835
1992-08-10,580.6514
1992-08-11,633.9478
1992-08-12,675.5524
1992-08-13,739.53235
1992-08-14,782.10486
1992-08-15,753.10913
1992-08-16,750.76697
1992-08-17,712.1307
1992-08-18,721.07684
1992-08-19,730.194
1992-08-20,688.8626
1992-08-21,608.2913
1992-08-22,530.9595
1992-08-23,489.1176
1992-08-24,472.24878
1992-08-25,449.9152
1992-08-26,452.28223
1992-08-27,467.5474
1992-08-28,571.024
1992-08-29,678.988
1992-08-30,673.4228
1992-08-31,768.26575
1992-09-01,733.1781
1992-09-02,608.4625
1992-09-03,577.984
1992-09-04,528.213
1992-09-05,483.3558
1992-09-06,451.81943
1992-09-07,490.38837
1992-09-08,519.54865
1992-09-09,500.4386
1992-09-10,638.3701
1992-09-11,738.1863
1992-09-12,665.09436
1992-09-13,554.4135
1992-09-14,472.24753
1992-09-15,457.9973
1992-09-16,583.3702
1992-09-17,747.91846
1992-09-18,973.0033
1992-09-19,1107.007
1992-09-20,972.16046
1992-09-21,822.69476
1992-09-22,954.6927
1992-09-23,973.6109
1992-09-24,801.32825
1992-09-25,970.187
1992-09-26,1075.1742
1992-09-27,845.1437
1992-09-28,790.4457
1992-09-29,848.5023
1992-09-30,820.4071
1992-10-01,838.7413
1992-10-02,779.2167
1992-10-03,642.0031
1992-10-04,606.7414
1992-10-05,612.4802
1992-10-06,635.9166
1992-10-07,735.3797
1992-10-08,763.3733
1992-10-09,731.70087
1992-10-10,762.5708
1992-10-11,800.88544
1992-10-12,837.9607
1992-10-13,933.82355
1992-10-14,1149.1866
1992-10-15,1017.87177
1992-10-16,761.92145
1992-10-17,638.8768
1992-10-18,599.6533
1992-10-19,573.457
1992-10-20,614.78986
1992-10-21,704.44556
1992-10-22,891.96954
1992-10-23,922.8722
1992-10-24,829.95685
1992-10-25,749.1559
1992-10-26,849.856
1992-10-27,1055.7567
1992-10-28,1005.16595
1992-10-29,853.105
1992-10-30,809.962
1992-10-31,678.6523
1992-11-01,688.3621
1992-11-02,629.72296
1992-11-03,546.45544
1992-11-04,502.1685
1992-11-05,489.18307
1992-11-06,468.69635
1992-11-07,474.7073
1992-11-08,459.10718
1992-11-09,434.8147
1992-11-10,391.71118
1992-11-11,370.43127
1992-11-12,408.43427
1992-11-13,475.99255
1992-11-14,521.7627
1992-11-15,485.33374
1992-11-16,424.8535
1992-11-17,382.38388
1992-11-18,340.94525
1992-11-19,351.57104
1992-11-20,338.87427
1992-11-21,306.7578
1992-11-22,290.75586
1992-11-23,318.85938
1992-11-24,352.51755
1992-11-25,402.2319
1992-11-26,416.59573
1992-11-27,421.1267
1992-11-28,401.32733
1992-11-29,406.54776
1992-11-30,394.80917
1992-12-01,407.9013
1992-12-02,555.23193
1992-12-03,515.12
1992-12-04,410.4922
1992-12-05,395.5789
1992-12-06,414.29956
1992-12-07,416.70056
1992-12-08,475.25323
1992-12-09,471.59653
1992-12-10,379.25262
1992-12-11,317.08023
1992-12-12,315.61734
1992-12-13,326.30188
1992-12-14,346.38257
1992-12-15,350.5581
1992-12-16,296.76697
1992-12-17,269.37036
1992-12-18,288.00925
1992-12-19,287.61615
1992-12-20,264.08408
1992-12-21,239.99197
1992-12-22,227.28185
1992-12-23,218.24751
1992-12-24,220.63669
1992-12-25,225.10515
1992-12-26,209.57967
1992-12-27,205.76222
1992-12-28,210.38194
1992-12-29,207.79622
1992-12-30,197.03355
1992-12-31,185.91316
1993-01-01,182.73953
1993-01-02,238.5623
1993-01-03,262.07874
1993-01-04,259.8304
1993-01-05,231.1538
1993-01-06,191.73882
1993-01-07,191.25606
1993-01-08,201.87404
1993-01-09,240.15378
1993-01-10,241.72061
1993-01-11,207.55939
1993-01-12,171.09836
1993-01-13,152.00221
1993-01-14,155.2958
1993-01-15,149.1039
1993-01-16,138.03152
1993-01-17,142.55135
1993-01-18,179.48465
1993-01-19,347.12576
1993-01-20,846.17303
1993-01-21,557.8872
1993-01-22,224.5559
1993-01-23,162.60904
1993-01-24,149.47649
1993-01-25,142.06354
1993-01-26,147.83891
1993-01-27,164.61624
1993-01-28,173.95673
1993-01-29,173.30708
1993-01-30,167.62611
1993-01-31,155.5277
1993-02-01,141.51537
1993-02-02,184.3616
1993-02-03,187.2749
1993-02-04,156.70483
1993-02-05,141.4908
1993-02-06,132.1742
1993-02-07,127.040276
1993-02-08,125.48539
1993-02-09,162.84201
1993-02-10,173.47685
1993-02-11,187.33401
1993-02-12,204.98997
1993-02-13,171.61166
1993-02-14,128.76514
1993-02-15,137.6923
1993-02-16,132.78374
1993-02-17,114.64392
1993-02-18,104.05976
1993-02-19,101.903305
1993-02-20,110.87975
1993-02-21,117.37403
1993-02-22,111.71395
1993-02-23,99.33366
1993-02-24,91.45351
1993-02-25,88.545715
1993-02-26,111.687614
1993-02-27,118.07478
1993-02-28,95.280975
1993-03-01,97.06938
1993-03-02,110.60963
1993-03-03,115.69967
1993-03-04,144.0381
1993-03-05,159.78415
1993-03-06,226.12419
1993-03-07,230.16534
1993-03-08,164.81905
1993-03-09,184.82655
1993-03-10,166.44801
1993-03-11,137.89656
1993-03-12,175.11284
1993-03-13,209.76357
1993-03-14,190.13203
1993-03-15,168.7062
1993-03-16,163.2642
1993-03-17,156.38884
1993-03-18,130.32562
1993-03-19,144.98174
1993-03-20,170.86328
1993-03-21,214.39014
1993-03-22,200.47081
1993-03-23,190.842
1993-03-24,296.89658
1993-03-25,431.62735
1993-03-26,386.43878
1993-03-27,311.80853
1993-03-28,280.06866
1993-03-29,299.3984
1993-03-30,308.0122
1993-03-31,247.55034
1993-04-01,244.93143
1993-04-02,250.68755
1993-04-03,205.0275
1993-04-04,164.12566
1993-04-05,172.65297
1993-04-06,180.61952
1993-04-07,207.49226
1993-04-08,217.96696
1993-04-09,254.2547
1993-04-10,279.56262
1993-04-11,310.59122
1993-04-12,272.78333
1993-04-13,278.25037
1993-04-14,329.14124
1993-04-15,522.02856
1993-04-16,458.58813
1993-04-17,302.3423
1993-04-18,251.20226
1993-04-19,248.30908
1993-04-20,238.94289
1993-04-21,229.39801
1993-04-22,240.91515
1993-04-23,261.87225
1993-04-24,264.17374
1993-04-25,276.7509
1993-04-26,325.55417
1993-04-27,460.6611
1993-04-28,535.7573
1993-04-29,445.04874
1993-04-30,360.54105
1993-05-01,380.66684
1993-05-02,436.11996
1993-05-03,457.31717
1993-05-04,478.80554
1993-05-05,495.85956
1993-05-06,448.81503
1993-05-07,440.15005
1993-05-08,435.2806
1993-05-09,420.8318
1993-05-10,457.83896
1993-05-11,718.3542
1993-05-12,811.14105
1993-05-13,650.3602
1993-05-14,632.131
1993-05-15,644.9691
1993-05-16,668.95154
1993-05-17,621.92267
1993-05-18,568.03485
1993-05-19,581.4108
1993-05-20,611.88794
1993-05-21,677.7625
1993-05-22,792.2608
1993-05-23,940.5065
1993-05-24,1164.1061
1993-05-25,1172.8721
1993-05-26,1134.5377
1993-05-27,1111.0748
1993-05-28,1097.7544
1993-05-29,1032.6487
1993-05-30,891.8375
1993-05-31,1326.4238
1993-06-01,1166.8756
1993-06-02,784.82983
1993-06-03,673.2366
1993-06-04,602.3344
1993-06-05,561.489
1993-06-06,544.6734
1993-06-07,515.61505
1993-06-08,485.16986
1993-06-09,457.87177
1993-06-10,461.98563
1993-06-11,476.07193
1993-06-12,548.6108
1993-06-13,630.48315
1993-06-14,848.8232
1993-06-15,1114.6022
1993-06-16,1007.1013
1993-06-17,779.4679
1993-06-18,677.15967
1993-06-19,658.24475
1993-06-20,650.907
1993-06-21,702.46967
1993-06-22,927.77
1993-06-23,851.6752
1993-06-24,709.27545
1993-06-25,643.1565
1993-06-26,794.956
1993-06-27,1151.0265
1993-06-28,1055.535
1993-06-29,1120.961
1993-06-30,1061.9078
1993-07-01,810.31165
1993-07-02,707.06134
1993-07-03,674.4307
1993-07-04,720.8542
1993-07-05,677.45605
1993-07-06,627.4911
1993-07-07,618.28815
1993-07-08,742.01385
1993-07-09,670.5433
1993-07-10,582.88727
1993-07-11,601.7552
1993-07-12,622.61285
1993-07-13,593.33997
1993-07-14,648.2804
1993-07-15,665.35986
1993-07-16,708.734
1993-07-17,785.8245
1993-07-18,795.5051
1993-07-19,714.6459
1993-07-20,586.8195
1993-07-21,515.3724
1993-07-22,517.7356
1993-07-23,513.5254
1993-07-24,588.2984
1993-07-25,667.83765
1993-07-26,725.778
1993-07-27,997.7781
1993-07-28,976.9505
1993-07-29,671.32367
1993-07-30,512.04266
1993-07-31,471.05814
1993-08-01,481.39062
1993-08-02,482.10266
1993-08-03,518.34247
1993-08-04,482.3035
1993-08-05,462.85745
1993-08-06,442.95572
1993-08-07,387.16058
1993-08-08,358.18845
1993-08-09,352.39542
1993-08-10,415.4191
1993-08-11,518.80896
1993-08-12,769.5275
1993-08-13,1284.4684
1993-08-14,1231.216
1993-08-15,873.4802
1993-08-16,727.8378
1993-08-17,678.8211
1993-08-18,709.5002
1993-08-19,673.6154
1993-08-20,762.859
1993-08-21,708.9461
1993-08-22,559.45593
1993-08-23,585.3451
1993-08-24,610.41833
1993-08-25,563.97015
1993-08-26,559.7847
1993-08-27,590.223
1993-08-28,684.56616
1993-08-29,654.69916
1993-08-30,616.10297
1993-08-31,613.20233
1993-09-01,505.7228
1993-09-02,485.99448
1993-09-03,577.50604
1993-09-04,643.967
1993-09-05,651.2921
1993-09-06,671.5479
1993-09-07,614.3005
1993-09-08,631.2201
1993-09-09,745.12054
1993-09-10,661.1954
1993-09-11,601.57684
1993-09-12,600.3118
1993-09-13,700.843
1993-09-14,725.48
1993-09-15,840.05493
1993-09-16,841.04724
1993-09-17,930.73236
1993-09-18,1420.713
1993-09-19,1372.924
1993-09-20,1003.32776
1993-09-21,1023.73157
1993-09-22,1023.64496
1993-09-23,852.5696
1993-09-24,754.2713
1993-09-25,744.2359
1993-09-26,746.2339
1993-09-27,679.12
1993-09-28,592.4494
1993-09-29,669.6981
1993-09-30,736.2877
1993-10-01,845.046
1993-10-02,781.9881
1993-10-03,655.0202
1993-10-04,669.8625
1993-10-05,696.9779
1993-10-06,660.4956
1993-10-07,589.6184
1993-10-08,542.1585
1993-10-09,518.4869
1993-10-10,543.60095
1993-10-11,638.1392
1993-10-12,673.1818
1993-10-13,630.06366
1993-10-14,689.6475
1993-10-15,707.1846
1993-10-16,670.4562
1993-10-17,650.6161
1993-10-18,660.85126
1993-10-19,679.37213
1993-10-20,656.9859
1993-10-21,617.0485
1993-10-22,598.1508
1993-10-23,740.87976
1993-10-24,1013.9903
1993-10-25,1107.5895
1993-10-26,953.27014
1993-10-27,805.3036
1993-10-28,719.70795
1993-10-29,688.3602
1993-10-30,689.04364
1993-10-31,688.5306
1993-11-01,620.75073
1993-11-02,603.92175
1993-11-03,679.7691
1993-11-04,688.29834
1993-11-05,670.069
1993-11-06,661.1595
1993-11-07,713.3424
1993-11-08,696.61066
1993-11-09,560.3192
1993-11-10,524.0673
1993-11-11,524.8411
1993-11-12,571.7864
1993-11-13,564.33356
1993-11-14,524.15564
1993-11-15,495.95932
1993-11-16,521.0923
1993-11-17,576.96265
1993-11-18,539.2482
1993-11-19,437.5817
1993-11-20,390.76938
1993-11-21,382.63834
1993-11-22,419.04968
1993-11-23,424.48532
1993-11-24,451.94113
1993-11-25,488.2946
1993-11-26,436.10052
1993-11-27,375.29456
1993-11-28,344.78363
1993-11-29,358.20154
1993-11-30,386.02924
1993-12-01,692.4734
1993-12-02,841.26355
1993-12-03,519.3936
1993-12-04,418.2138
1993-12-05,448.79727
1993-12-06,493.1326
1993-12-07,509.71918
1993-12-08,435.27155
1993-12-09,337.80698
1993-12-10,324.62875
1993-12-11,318.86768
1993-12-12,355.87003
1993-12-13,412.3428
1993-12-14,716.5455
1993-12-15,897.2119
1993-12-16,713.87427
1993-12-17,613.8433
1993-12-18,574.946
1993-12-19,544.4227
1993-12-20,510.2635
1993-12-21,412.58066
1993-12-22,343.26395
1993-12-23,312.51678
1993-12-24,308.56577
1993-12-25,305.98117
1993-12-26,290.4315
1993-12-27,279.27234
1993-12-28,273.06723
1993-12-29,259.59854
1993-12-30,236.20534
1993-12-31,231.12859
1994-01-01,256.33917
1994-01-02,264.7497
1994-01-03,237.81873
1994-01-04,217.59732
1994-01-05,205.7497
1994-01-06,206.16345
1994-01-07,214.7825
1994-01-08,212.20348
1994-01-09,190.9131
1994-01-10,197.13226
1994-01-11,209.4232
1994-01-12,217.1324
1994-01-13,198.76595
1994-01-14,166.12463
1994-01-15,168.91348
1994-01-16,226.28119
1994-01-17,264.56165
1994-01-18,231.79607
1994-01-19,166.19969
1994-01-20,141.37822
1994-01-21,145.44423
1994-01-22,143.46245
1994-01-23,124.02408
1994-01-24,113.5788
1994-01-25,110.50445
1994-01-26,108.509834
1994-01-27,106.91273
1994-01-28,106.03255
1994-01-29,108.13058
1994-01-30,111.01226
1994-01-31,108.054886
1994-02-01,105.618225
1994-02-02,100.656425
1994-02-03,97.72727
1994-02-04,111.43429
1994-02-05,133.26375
1994-02-06,121.05713
1994-02-07,106.09732
1994-02-08,96.09835
1994-02-09,94.50711
1994-02-10,92.62781
1994-02-11,85.5958
1994-02-12,85.62789
1994-02-13,95.78916
1994-02-14,100.07892
1994-02-15,92.27033
1994-02-16,99.90081
1994-02-17,151.79716
1994-02-18,153.754
1994-02-19,112.2854
1994-02-20,93.73709
1994-02-21,104.4802
1994-02-22,116.77318
1994-02-23,113.86758
1994-02-24,106.35589
1994-02-25,120.1415
1994-02-26,152.33916
1994-02-27,179.5592
1994-02-28,166.68646
1994-03-01,113.16886
1994-03-02,99.47485
1994-03-03,100.403694
1994-03-04,92.59264
1994-03-05,135.42458
1994-03-06,329.65378
1994-03-07,436.50635
1994-03-08,256.50723
1994-03-09,99.292175
1994-03-10,71.90763
1994-03-11,74.934265
1994-03-12,82.85796
1994-03-13,98.34309
1994-03-14,97.926674
1994-03-15,91.615036
1994-03-16,111.11832
1994-03-17,101.46395
1994-03-18,71.40894
1994-03-19,74.67718
1994-03-20,85.707085
1994-03-21,110.78646
1994-03-22,132.80373
1994-03-23,125.185005
1994-03-24,145.13454
1994-03-25,202.3917
1994-03-26,231.93852
1994-03-27,173.65523
1994-03-28,112.59428
1994-03-29,129.1043
1994-03-30,241.35826
1994-03-31,421.40768
1994-04-01,1004.6604
1994-04-02,2302.6716
1994-04-03,1500.744
1994-04-04,861.9803
1994-04-05,671.7294
1994-04-06,589.25757
1994-04-07,481.49026
1994-04-08,391.5384
1994-04-09,486.56152
1994-04-10,564.5714
1994-04-11,590.6647
1994-04-12,515.1161
1994-04-13,384.2326
1994-04-14,374.76718
1994-04-15,439.89197
1994-04-16,511.88068
1994-04-17,557.1491
1994-04-18,498.11353
1994-04-19,437.59225
1994-04-20,437.06516
1994-04-21,420.587
1994-04-22,366.54147
1994-04-23,391.28973
1994-04-24,427.67584
1994-04-25,409.89337
1994-04-26,374.4123
1994-04-27,396.27304
1994-04-28,500.14633
1994-04-29,498.4876
1994-04-30,477.73987
1994-05-01,464.85626
1994-05-02,464.91583
1994-05-03,479.751
1994-05-04,577.6062
1994-05-05,610.3138
1994-05-06,564.3188
1994-05-07,595.71533
1994-05-08,691.0224
1994-05-09,856.5692
1994-05-10,889.9586
1994-05-11,1316.6506
1994-05-12,1363.108
1994-05-13,996.9704
1994-05-14,890.5223
1994-05-15,816.8669
1994-05-16,690.5503
1994-05-17,652.565
1994-05-18,699.2244
1994-05-19,1068.7246
1994-05-20,1424.9377
1994-05-21,1186.059
1994-05-22,918.445
1994-05-23,776.0417
1994-05-24,690.62427
1994-05-25,721.27094
1994-05-26,933.3241
1994-05-27,1339.4805
1994-05-28,1410.3494
1994-05-29,1312.5898
1994-05-30,1115.6512
1994-05-31,803.8411
1994-06-01,892.5185
1994-06-02,988.7421
1994-06-03,991.96423
1994-06-04,922.3604
1994-06-05,924.8067
1994-06-06,938.1154
1994-06-07,956.4358
1994-06-08,914.7666
1994-06-09,804.12537
1994-06-10,752.3044
1994-06-11,799.9444
1994-06-12,715.30225
1994-06-13,610.3118
1994-06-14,590.99023
1994-06-15,614.4964
1994-06-16,636.9297
1994-06-17,585.6346
1994-06-18,637.34784
1994-06-19,694.89246
1994-06-20,758.0393
1994-06-21,765.6676
1994-06-22,743.48004
1994-06-23,757.51086
1994-06-24,714.8352
1994-06-25,630.00653
1994-06-26,582.46533
1994-06-27,514.0403
1994-06-28,510.5568
1994-06-29,558.45087
1994-06-30,632.5776
1994-07-01,591.3824
1994-07-02,582.8019
1994-07-03,570.0717
1994-07-04,538.5447
1994-07-05,562.9776
1994-07-06,694.65
1994-07-07,1117.3258
1994-07-08,1158.5273
1994-07-09,838.7118
1994-07-10,586.36084
1994-07-11,540.46356
1994-07-12,519.83856
1994-07-13,483.7382
1994-07-14,500.4507
1994-07-15,532.9294
1994-07-16,557.09546
1994-07-17,624.6068
1994-07-18,638.45306
1994-07-19,622.93726
1994-07-20,767.6973
1994-07-21,779.7269
1994-07-22,616.1786
1994-07-23,538.3522
1994-07-24,488.88083
1994-07-25,503.35333
1994-07-26,454.93958
1994-07-27,380.7875
1994-07-28,399.38788
1994-07-29,409.7686
1994-07-30,425.1493
1994-07-31,430.37198
1994-08-01,448.63004
1994-08-02,463.59726
1994-08-03,512.5425
1994-08-04,512.2351
1994-08-05,508.05762
1994-08-06,505.47678
1994-08-07,532.6801
1994-08-08,572.21967
1994-08-09,708.8025
1994-08-10,1322.4791
1994-08-11,1294.3912
1994-08-12,880.29285
1994-08-13,639.0393
1994-08-14,599.4534
1994-08-15,663.60645
1994-08-16,716.5445
1994-08-17,652.7581
1994-08-18,680.3858
1994-08-19,681.27765
1994-08-20,667.1349
1994-08-21,715.7263
1994-08-22,1001.56134
1994-08-23,1000.71405
1994-08-24,814.5103
1994-08-25,739.20715
1994-08-26,636.33185
1994-08-27,641.2545
1994-08-28,633.905
1994-08-29,575.3545
1994-08-30,590.8124
1994-08-31,603.12604
1994-09-01,580.47327
1994-09-02,605.74084
1994-09-03,628.2286
1994-09-04,613.209
1994-09-05,569.84357
1994-09-06,564.83
1994-09-07,578.40674
1994-09-08,551.22406
1994-09-09,494.15063
1994-09-10,571.9292
1994-09-11,668.9656
1994-09-12,693.7106
1994-09-13,704.11945
1994-09-14,821.85583
1994-09-15,1203.2444
1994-09-16,1612.0077
1994-09-17,1167.4543
1994-09-18,757.90936
1994-09-19,673.8193
1994-09-20,747.89777
1994-09-21,791.98425
1994-09-22,763.8739
1994-09-23,739.26996
1994-09-24,689.77435
1994-09-25,852.2687
1994-09-26,912.1188
1994-09-27,746.9216
1994-09-28,692.43726
1994-09-29,714.9913
1994-09-30,812.7453
1994-10-01,933.9457
1994-10-02,1001.7232
1994-10-03,913.89813
1994-10-04,793.968
1994-10-05,694.5747
1994-10-06,655.5676
1994-10-07,743.63855
1994-10-08,874.9563
1994-10-09,859.23096
1994-10-10,796.4345
1994-10-11,950.413
1994-10-12,984.1609
1994-10-13,899.38556
1994-10-14,891.339
1994-10-15,869.1664
1994-10-16,859.38947
1994-10-17,1119.9679
1994-10-18,1268.8801
1994-10-19,1102.5151
1994-10-20,981.2838
1994-10-21,882.6194
1994-10-22,835.6837
1994-10-23,814.3012
1994-10-24,787.1769
1994-10-25,678.4027
1994-10-26,634.67676
1994-10-27,635.2459
1994-10-28,628.69086
1994-10-29,587.4662
1994-10-30,537.98755
1994-10-31,470.1084
1994-11-01,439.63864
1994-11-02,426.30124
1994-11-03,480.87634
1994-11-04,576.4293
1994-11-05,646.9154
1994-11-06,710.0279
1994-11-07,737.15814
1994-11-08,687.3043
1994-11-09,582.52655
1994-11-10,526.487
1994-11-11,516.1327
1994-11-12,569.30634
1994-11-13,589.63855
1994-11-14,597.88025
1994-11-15,670.26697
1994-11-16,763.74255
1994-11-17,870.21027
1994-11-18,904.199
1994-11-19,794.9539
1994-11-20,641.0934
1994-11-21,602.1992
1994-11-22,575.4267
1994-11-23,636.18994
1994-11-24,597.27026
1994-11-25,659.337
1994-11-26,740.9338
1994-11-27,839.2455
1994-11-28,949.81683
1994-11-29,844.48596
1994-11-30,710.00385
1994-12-01,611.82996
1994-12-02,534.73065
1994-12-03,521.20465
1994-12-04,510.97015
1994-12-05,474.72852
1994-12-06,462.11798
1994-12-07,425.1272
1994-12-08,389.60992
1994-12-09,363.25922
1994-12-10,360.41644
1994-12-11,356.6015
1994-12-12,344.8432
1994-12-13,338.31946
1994-12-14,333.92593
1994-12-15,307.62756
1994-12-16,283.9071
1994-12-17,272.18124
1994-12-18,260.43005
1994-12-19,243.7537
1994-12-20,231.69754
1994-12-21,248.42204
1994-12-22,283.73694
1994-12-23,265.9806
1994-12-24,222.09993
1994-12-25,200.65515
1994-12-26,190.16515
1994-12-27,182.98666
1994-12-28,176.81232
1994-12-29,170.85658
1994-12-30,159.24576
1994-12-31,150.60945
1995-01-01,143.99065
1995-01-02,137.8087
1995-01-03,133.93115
1995-01-04,132.59784
1995-01-05,130.38995
1995-01-06,129.96281
1995-01-07,128.9886
1995-01-08,121.19249
1995-01-09,112.94895
1995-01-10,111.01243
1995-01-11,107.205925
1995-01-12,101.312515
1995-01-13,96.764595
1995-01-14,92.82859
1995-01-15,90.35849
1995-01-16,100.14028
1995-01-17,105.12253
1995-01-18,101.812614
1995-01-19,96.17728
1995-01-20,87.810776
1995-01-21,89.48812
1995-01-22,106.87493
1995-01-23,118.726974
1995-01-24,120.95174
1995-01-25,126.14985
1995-01-26,103.24764
1995-01-27,86.26308
1995-01-28,74.9787
1995-01-29,67.886604
1995-01-30,63.561337
1995-01-31,68.72819
1995-02-01,84.423706
1995-02-02,87.13942
1995-02-03,93.884514
1995-02-04,82.40855
1995-02-05,74.23692
1995-02-06,73.964485
1995-02-07,81.78181
1995-02-08,85.66052
1995-02-09,70.36233
1995-02-10,59.696213
1995-02-11,54.40488
1995-02-12,51.899708
1995-02-13,45.383778
1995-02-14,37.13816
1995-02-15,30.856377
1995-02-16,28.645206
1995-02-17,26.060987
1995-02-18,20.955038
1995-02-19,23.999588
1995-02-20,38.791462
1995-02-21,43.187447
1995-02-22,27.555332
1995-02-23,29.602043
1995-02-24,61.735485
1995-02-25,64.834145
1995-02-26,32.10571
1995-02-27,30.60229
1995-02-28,47.39368
1995-03-01,47.820625
1995-03-02,36.82261
1995-03-03,27.590176
1995-03-04,30.369877
1995-03-05,32.694332
1995-03-06,30.110428
1995-03-07,33.074432
1995-03-08,32.746883
1995-03-09,33.798214
1995-03-10,36.499718
1995-03-11,87.6584
1995-03-12,101.09645
1995-03-13,51.343193
1995-03-14,38.988995
1995-03-15,44.809437
1995-03-16,40.010937
1995-03-17,23.862951
1995-03-18,18.784538
1995-03-19,17.040588
1995-03-20,17.454744
1995-03-21,29.745216
1995-03-22,68.51245
1995-03-23,85.04745
1995-03-24,62.844704
1995-03-25,55.769623
1995-03-26,59.014023
1995-03-27,49.013897
1995-03-28,34.29826
1995-03-29,34.046036
1995-03-30,54.01832
1995-03-31,89.977806
1995-04-01,81.25897
1995-04-02,58.71118
1995-04-03,65.106285
1995-04-04,157.8248
1995-04-05,196.4679
1995-04-06,111.48606
1995-04-07,77.255394
1995-04-08,74.94884
1995-04-09,63.323254
1995-04-10,129.74771
1995-04-11,193.86342
1995-04-12,176.41425
1995-04-13,106.96557
1995-04-14,83.91412
1995-04-15,130.79042
1995-04-16,128.51724
1995-04-17,80.34792
1995-04-18,55.520294
1995-04-19,52.42919
1995-04-20,125.55309
1995-04-21,175.11946
1995-04-22,155.58652
1995-04-23,157.04149
1995-04-24,144.2956
1995-04-25,163.14397
1995-04-26,162.73576
1995-04-27,198.85762
1995-04-28,362.58597
1995-04-29,539.70795
1995-04-30,658.49713
1995-05-01,529.35236
1995-05-02,287.96506
1995-05-03,301.57062
1995-05-04,303.22318
1995-05-05,258.90063
1995-05-06,323.10217
1995-05-07,429.75192
1995-05-08,481.22446
1995-05-09,493.4267
1995-05-10,448.91165
1995-05-11,425.63394
1995-05-12,277.81512
1995-05-13,218.229
1995-05-14,238.73657
1995-05-15,321.91315
1995-05-16,409.69107
1995-05-17,505.87616
1995-05-18,525.4711
1995-05-19,560.6566
1995-05-20,547.30145
1995-05-21,465.886
1995-05-22,439.93704
1995-05-23,385.12338
1995-05-24,310.05878
1995-05-25,275.54782
1995-05-26,347.43738
1995-05-27,447.01483
1995-05-28,507.71423
1995-05-29,454.85992
1995-05-30,401.21945
1995-05-31,370.26907
1995-06-01,402.40756
1995-06-02,536.3277
1995-06-03,554.5876
1995-06-04,480.15942
1995-06-05,548.62024
1995-06-06,473.62305
1995-06-07,461.77094
1995-06-08,458.57077
1995-06-09,447.3321
1995-06-10,480.25882
1995-06-11,487.02194
1995-06-12,451.03534
1995-06-13,523.16595
1995-06-14,543.0488
1995-06-15,748.50525
1995-06-16,1352.0906
1995-06-17,1201.8735
1995-06-18,860.60614
1995-06-19,815.26996
1995-06-20,688.36237
1995-06-21,525.79456
1995-06-22,538.32086
1995-06-23,538.4223
1995-06-24,537.3993
1995-06-25,635.3652
1995-06-26,1027.6473
1995-06-27,949.78406
1995-06-28,645.47394
1995-06-29,553.0104
1995-06-30,624.0259
1995-07-01,674.8531
1995-07-02,627.98645
1995-07-03,625.0587
1995-07-04,629.513
1995-07-05,670.55084
1995-07-06,768.0458
1995-07-07,936.8476
1995-07-08,980.12885
1995-07-09,780.62396
1995-07-10,602.056
1995-07-11,496.43774
1995-07-12,462.06284
1995-07-13,454.16946
1995-07-14,446.6953
1995-07-15,469.31183
1995-07-16,567.0147
1995-07-17,508.11093
1995-07-18,495.82788
1995-07-19,583.70557
1995-07-20,631.78455
1995-07-21,694.3946
1995-07-22,657.39417
1995-07-23,601.06836
1995-07-24,601.43823
1995-07-25,639.18353
1995-07-26,700.9083
1995-07-27,663.57654
1995-07-28,637.22217
1995-07-29,693.2291
1995-07-30,1221.3436
1995-07-31,1146.532
1995-08-01,747.99994
1995-08-02,692.1001
1995-08-03,759.2243
1995-08-04,701.9909
1995-08-05,695.4731
1995-08-06,744.94617
1995-08-07,588.7676
1995-08-08,671.68207
1995-08-09,672.2463
1995-08-10,512.701
1995-08-11,483.63882
1995-08-12,540.4812
1995-08-13,598.10004
1995-08-14,585.50073
1995-08-15,545.67267
1995-08-16,532.1795
1995-08-17,533.70056
1995-08-18,492.04282
1995-08-19,422.11325
1995-08-20,423.06506
1995-08-21,454.477
1995-08-22,497.19592
1995-08-23,466.2848
1995-08-24,428.80112
1995-08-25,424.11163
1995-08-26,469.4799
1995-08-27,528.0809
1995-08-28,639.78687
1995-08-29,728.38824
1995-08-30,990.50714
1995-08-31,1125.8336
1995-09-01,947.2461
1995-09-02,761.67224
1995-09-03,654.84564
1995-09-04,606.64087
1995-09-05,557.45197
1995-09-06,483.52954
1995-09-07,456.53024
1995-09-08,468.54385
1995-09-09,474.50476
1995-09-10,500.73065
1995-09-11,512.9861
1995-09-12,501.7901
1995-09-13,711.681
1995-09-14,1780.2167
1995-09-15,1578.804
1995-09-16,805.9011
1995-09-17,695.5784
1995-09-18,649.99567
1995-09-19,633.2844
1995-09-20,645.4185
1995-09-21,603.38934
1995-09-22,540.9024
1995-09-23,520.4933
1995-09-24,597.41174
1995-09-25,613.92993
1995-09-26,628.7323
1995-09-27,616.8309
1995-09-28,637.7369
1995-09-29,652.77405
1995-09-30,576.36945
1995-10-01,531.28546
1995-10-02,534.15814
1995-10-03,514.9706
1995-10-04,525.8496
1995-10-05,529.22833
1995-10-06,489.6803
1995-10-07,439.1439
1995-10-08,456.95172
1995-10-09,579.1473
1995-10-10,1022.5555
1995-10-11,1012.6384
1995-10-12,916.03394
1995-10-13,1436.3123
1995-10-14,1375.5582
1995-10-15,981.2351
1995-10-16,775.19727
1995-10-17,733.78467
1995-10-18,731.91205
1995-10-19,854.5567
1995-10-20,1009.60803
1995-10-21,899.3935
1995-10-22,850.2016
1995-10-23,976.9842
1995-10-24,934.12195
1995-10-25,795.0908
1995-10-26,750.39014
1995-10-27,778.941
1995-10-28,765.54297
1995-10-29,820.99207
1995-10-30,982.5131
1995-10-31,2017.5151
1995-11-01,1962.3503
1995-11-02,1175.0219
1995-11-03,896.929
1995-11-04,803.65247
1995-11-05,764.81995
1995-11-06,771.52295
1995-11-07,715.8622
1995-11-08,639.7222
1995-11-09,616.11597
1995-11-10,617.42065
1995-11-11,578.8616
1995-11-12,546.562
1995-11-13,593.14465
1995-11-14,572.0324
1995-11-15,642.18243
1995-11-16,641.1085
1995-11-17,475.69427
1995-11-18,478.9828
1995-11-19,509.65564
1995-11-20,576.58575
1995-11-21,587.65063
1995-11-22,544.90497
1995-11-23,452.59683
1995-11-24,437.90607
1995-11-25,419.68326
1995-11-26,387.32547
1995-11-27,344.72803
1995-11-28,358.43765
1995-11-29,389.35638
1995-11-30,365.2236
1995-12-01,298.74817
1995-12-02,276.1884
1995-12-03,267.8345
1995-12-04,269.5266
1995-12-05,286.0727
1995-12-06,347.19305
1995-12-07,401.2509
1995-12-08,439.33594
1995-12-09,388.4797
1995-12-10,320.14145
1995-12-11,280.47156
1995-12-12,272.80862
1995-12-13,321.78894
1995-12-14,344.8594
1995-12-15,367.53064
1995-12-16,333.67264
1995-12-17,321.86972
1995-12-18,312.88895
1995-12-19,268.90732
1995-12-20,246.43147
1995-12-21,247.78494
1995-12-22,242.77493
1995-12-23,230.66127
1995-12-24,237.3693
1995-12-25,273.29272
1995-12-26,327.39316
1995-12-27,419.62823
1995-12-28,499.47934
1995-12-29,449.1236
1995-12-30,350.48907
1995-12-31,388.66977
1996-01-01,827.0844
1996-01-02,870.1431
1996-01-03,672.22754
1996-01-04,1396.0298
1996-01-05,984.3342
1996-01-06,485.23288
1996-01-07,397.16864
1996-01-08,369.53027
1996-01-09,342.8524
1996-01-10,357.4265
1996-01-11,381.36642
1996-01-12,333.571
1996-01-13,264.61353
1996-01-14,248.27791
1996-01-15,259.2782
1996-01-16,272.3213
1996-01-17,272.23285
1996-01-18,263.99582
1996-01-19,249.92116
1996-01-20,245.61696
1996-01-21,227.84006
1996-01-22,209.50671
1996-01-23,194.60252
1996-01-24,194.89206
1996-01-25,199.50381
1996-01-26,195.87387
1996-01-27,189.83987
1996-01-28,178.32939
1996-01-29,157.00992
1996-01-30,144.3317
1996-01-31,139.51776
1996-02-01,139.1598
1996-02-02,142.82118
1996-02-03,142.86368
1996-02-04,162.5157
1996-02-05,173.24638
1996-02-06,172.15694
1996-02-07,158.78133
1996-02-08,159.80867
1996-02-09,165.29095
1996-02-10,211.72629
1996-02-11,259.65128
1996-02-12,243.46964
1996-02-13,181.28421
1996-02-14,158.39249
1996-02-15,172.45818
1996-02-16,180.16217
1996-02-17,170.1534
1996-02-18,171.30402
1996-02-19,193.64636
1996-02-20,297.9029
1996-02-21,250.4639
1996-02-22,139.1306
1996-02-23,117.05927
1996-02-24,131.73453
1996-02-25,139.3237
1996-02-26,131.54901
1996-02-27,114.803406
1996-02-28,101.81464
1996-02-29,112.221466
1996-03-01,201.72865
1996-03-02,234.26237
1996-03-03,257.76114
1996-03-04,325.7145
1996-03-05,367.34885
1996-03-06,303.75665
1996-03-07,208.0243
1996-03-08,212.10835
1996-03-09,232.87422
1996-03-10,237.93837
1996-03-11,199.77504
1996-03-12,177.95287
1996-03-13,184.27917
1996-03-14,179.6224
1996-03-15,200.86903
1996-03-16,219.16689
1996-03-17,223.27466
1996-03-18,213.92229
1996-03-19,181.90062
1996-03-20,144.45688
1996-03-21,122.007034
1996-03-22,133.49275
1996-03-23,173.24466
1996-03-24,168.75279
1996-03-25,160.13731
1996-03-26,153.10149
1996-03-27,147.3788
1996-03-28,146.92581
1996-03-29,143.08665
1996-03-30,143.62411
1996-03-31,190.40903
1996-04-01,195.35065
1996-04-02,147.7527
1996-04-03,152.46634
1996-04-04,217.92465
1996-04-05,245.82912
1996-04-06,326.53558
1996-04-07,327.3065
1996-04-08,267.83624
1996-04-09,245.90761
1996-04-10,256.2117
1996-04-11,236.62291
1996-04-12,246.79472
1996-04-13,837.839
1996-04-14,886.62616
1996-04-15,478.73187
1996-04-16,339.06818
1996-04-17,316.84842
1996-04-18,264.13977
1996-04-19,224.66675
1996-04-20,201.30124
1996-04-21,204.73633
1996-04-22,210.47763
1996-04-23,224.1983
1996-04-24,251.87386
1996-04-25,283.02185
1996-04-26,319.62662
1996-04-27,300.29672
1996-04-28,294.33417
1996-04-29,328.891
1996-04-30,360.52536
1996-05-01,392.98557
1996-05-02,458.56863
1996-05-03,1154.3901
1996-05-04,1198.6874
1996-05-05,669.0244
1996-05-06,514.6837
1996-05-07,569.63794
1996-05-08,623.8042
1996-05-09,679.22925
1996-05-10,660.43427
1996-05-11,671.7723
1996-05-12,622.43195
1996-05-13,615.0646
1996-05-14,614.1257
1996-05-15,677.1741
1996-05-16,684.0759
1996-05-17,710.70703
1996-05-18,1274.3899
1996-05-19,2126.8826
1996-05-20,1576.4812
1996-05-21,869.84155
1996-05-22,680.54535
1996-05-23,661.0061
1996-05-24,620.8647
1996-05-25,572.88464
1996-05-26,596.2422
1996-05-27,600.76666
1996-05-28,703.96173
1996-05-29,1120.3359
1996-05-30,965.40125
1996-05-31,760.28595
1996-06-01,1638.6893
1996-06-02,1733.2784
1996-06-03,940.6699
1996-06-04,670.1485
1996-06-05,693.90424
1996-06-06,694.5505
1996-06-07,639.4821
1996-06-08,628.5211
1996-06-09,652.9269
1996-06-10,631.76276
1996-06-11,574.0727
1996-06-12,518.17535
1996-06-13,515.8084
1996-06-14,519.89685
1996-06-15,573.416
1996-06-16,1032.8336
1996-06-17,1032.1205
1996-06-18,701.4609
1996-06-19,668.4934
1996-06-20,807.64233
1996-06-21,638.93933
1996-06-22,569.00775
1996-06-23,575.6672
1996-06-24,721.9377
1996-06-25,749.8852
1996-06-26,676.2592
1996-06-27,647.9
1996-06-28,603.7528
1996-06-29,559.0305
1996-06-30,564.4482
1996-07-01,604.8531
1996-07-02,596.3162
1996-07-03,620.8803
1996-07-04,817.0671
1996-07-05,866.0427
1996-07-06,754.87665
1996-07-07,776.8372
1996-07-08,759.9853
1996-07-09,640.64264
1996-07-10,684.48083
1996-07-11,674.62146
1996-07-12,596.8642
1996-07-13,571.4472
1996-07-14,584.6962
1996-07-15,600.1903
1996-07-16,622.5752
1996-07-17,818.5597
1996-07-18,811.32556
1996-07-19,692.8155
1996-07-20,656.7624
1996-07-21,637.22955
1996-07-22,602.5425
1996-07-23,680.70605
1996-07-24,671.89923
1996-07-25,583.1454
1996-07-26,559.43884
1996-07-27,589.26624
1996-07-28,647.0583
1996-07-29,643.17
1996-07-30,623.92365
1996-07-31,553.1022
1996-08-01,489.92474
1996-08-02,500.14026
1996-08-03,460.33463
1996-08-04,440.95294
1996-08-05,453.10007
1996-08-06,502.6285
1996-08-07,565.32263
1996-08-08,696.7322
1996-08-09,631.79553
1996-08-10,605.35284
1996-08-11,584.5985
1996-08-12,541.6183
1996-08-13,526.60205
1996-08-14,514.93787
1996-08-15,478.9019
1996-08-16,454.92554
1996-08-17,457.20013
1996-08-18,491.69836
1996-08-19,691.74744
1996-08-20,742.7193
1996-08-21,586.2926
1996-08-22,536.8554
1996-08-23,559.51196
1996-08-24,643.27704
1996-08-25,961.66876
1996-08-26,940.68146
1996-08-27,729.6438
1996-08-28,663.7715
1996-08-29,607.21246
1996-08-30,735.14905
1996-08-31,757.48047
1996-09-01,633.1235
1996-09-02,636.7855
1996-09-03,664.53864
1996-09-04,683.49054
1996-09-05,743.97253
1996-09-06,912.9926
1996-09-07,1061.1035
1996-09-08,959.88306
1996-09-09,764.5871
1996-09-10,797.459
1996-09-11,755.69836
1996-09-12,673.4681
1996-09-13,733.89465
1996-09-14,725.8314
1996-09-15,853.37866
1996-09-16,859.63
1996-09-17,801.2651
1996-09-18,807.17993
1996-09-19,815.1511
1996-09-20,729.3366
1996-09-21,609.82404
1996-09-22,578.12494
1996-09-23,842.22003
1996-09-24,878.3965
1996-09-25,775.60443
1996-09-26,874.6469
1996-09-27,930.4296
1996-09-28,829.5748
1996-09-29,767.7535
1996-09-30,822.8882
1996-10-01,1440.441
1996-10-02,1463.3748
1996-10-03,1001.5118
1996-10-04,856.189
1996-10-05,819.38403
1996-10-06,757.9753
1996-10-07,751.81384
1996-10-08,751.4357
1996-10-09,680.24854
1996-10-10,663.1613
1996-10-11,644.0649
1996-10-12,629.46136
1996-10-13,652.3135
1996-10-14,751.1947
1996-10-15,653.83563
1996-10-16,541.4636
1996-10-17,522.1751
1996-10-18,544.60443
1996-10-19,588.95874
1996-10-20,583.491
1996-10-21,528.293
1996-10-22,516.12115
1996-10-23,488.3315
1996-10-24,475.70477
1996-10-25,471.8935
1996-10-26,458.35034
1996-10-27,427.9136
1996-10-28,389.3072
1996-10-29,366.03525
1996-10-30,373.01416
1996-10-31,499.08142
1996-11-01,511.4947
1996-11-02,433.25748
1996-11-03,498.54913
1996-11-04,768.5057
1996-11-05,862.9237
1996-11-06,670.66455
1996-11-07,528.26166
1996-11-08,492.8499
1996-11-09,526.81885
1996-11-10,568.11816
1996-11-11,563.5353
1996-11-12,501.17032
1996-11-13,491.30734
1996-11-14,565.1904
1996-11-15,638.50256
1996-11-16,681.0202
1996-11-17,675.8011
1996-11-18,532.9315
1996-11-19,534.8293
1996-11-20,474.02008
1996-11-21,381.71234
1996-11-22,340.4536
1996-11-23,315.2889
1996-11-24,300.69305
1996-11-25,291.6298
1996-11-26,289.21872
1996-11-27,289.09268
1996-11-28,291.3626
1996-11-29,300.58768
1996-11-30,306.67273
1996-12-01,332.7717
1996-12-02,346.17035
1996-12-03,321.45004
1996-12-04,271.64337
1996-12-05,260.58472
1996-12-06,274.7783
1996-12-07,275.27
1996-12-08,267.21417
1996-12-09,239.74164
1996-12-10,231.93532
1996-12-11,263.75232
1996-12-12,269.90677
1996-12-13,270.06332
1996-12-14,271.96924
1996-12-15,315.5226
1996-12-16,295.75647
1996-12-17,262.10663
1996-12-18,279.80905
1996-12-19,257.14908
1996-12-20,221.0083
1996-12-21,209.47525
1996-12-22,264.40927
1996-12-23,252.13747
1996-12-24,191.7828
1996-12-25,184.2811
1996-12-26,193.81238
1996-12-27,187.62639
1996-12-28,172.63045
1996-12-29,162.26524
1996-12-30,157.18513
1996-12-31,153.2905
1997-01-01,149.34491
1997-01-02,143.48657
1997-01-03,139.2807
1997-01-04,150.06169
1997-01-05,178.2005
1997-01-06,167.88525
1997-01-07,135.69763
1997-01-08,130.65526
1997-01-09,143.6472
1997-01-10,149.37271
1997-01-11,144.73027
1997-01-12,137.8503
1997-01-13,146.32016
1997-01-14,155.18849
1997-01-15,173.93309
1997-01-16,144.56613
1997-01-17,113.99532
1997-01-18,119.86157
1997-01-19,131.46014
1997-01-20,131.62682
1997-01-21,128.74358
1997-01-22,121.645096
1997-01-23,106.45591
1997-01-24,100.86893
1997-01-25,101.73315
1997-01-26,125.513916
1997-01-27,126.13711
1997-01-28,98.808846
1997-01-29,89.01051
1997-01-30,85.690216
1997-01-31,83.12911
1997-02-01,83.282265
1997-02-02,83.732414
1997-02-03,96.538086
1997-02-04,142.01564
1997-02-05,123.368965
1997-02-06,100.271515
1997-02-07,130.40903
1997-02-08,249.92719
1997-02-09,344.6754
1997-02-10,260.30145
1997-02-11,252.31609
1997-02-12,282.1342
1997-02-13,273.95233
1997-02-14,296.6239
1997-02-15,254.17416
1997-02-16,173.90422
1997-02-17,135.02571
1997-02-18,126.30264
1997-02-19,130.80444
1997-02-20,158.96739
1997-02-21,156.44917
1997-02-22,126.63
1997-02-23,105.74759
1997-02-24,100.51114
1997-02-25,102.24524
1997-02-26,107.90871
1997-02-27,113.3548
1997-02-28,131.72101
1997-03-01,204.90384
1997-03-02,207.17438
1997-03-03,141.87589
1997-03-04,127.70145
1997-03-05,126.25225
1997-03-06,100.66266
1997-03-07,82.065025
1997-03-08,83.22234
1997-03-09,92.49688
1997-03-10,80.34457
1997-03-11,70.69377
1997-03-12,76.18336
1997-03-13,101.781876
1997-03-14,111.99065
1997-03-15,105.15435
1997-03-16,87.87152
1997-03-17,72.27665
1997-03-18,67.85466
1997-03-19,74.41401
1997-03-20,90.62736
1997-03-21,93.01183
1997-03-22,101.11321
1997-03-23,97.28182
1997-03-24,74.41249
1997-03-25,64.567444
1997-03-26,80.75241
1997-03-27,85.07657
1997-03-28,63.34044
1997-03-29,91.24098
1997-03-30,146.32056
1997-03-31,181.98663
1997-04-01,141.48296
1997-04-02,83.38754
1997-04-03,64.8067
1997-04-04,55.83984
1997-04-05,49.802814
1997-04-06,58.37728
1997-04-07,82.82385
1997-04-08,91.56387
1997-04-09,86.532265
1997-04-10,100.44452
1997-04-11,110.55224
1997-04-12,117.66821
1997-04-13,112.64238
1997-04-14,87.071144
1997-04-15,74.55245
1997-04-16,70.39374
1997-04-17,73.88983
1997-04-18,109.79762
1997-04-19,162.44148
1997-04-20,344.93472
1997-04-21,1111.8641
1997-04-22,2807.0435
1997-04-23,2213.1614
1997-04-24,850.3784
1997-04-25,542.686
1997-04-26,461.84366
1997-04-27,448.8348
1997-04-28,403.71478
1997-04-29,390.54245
1997-04-30,346.86533
1997-05-01,414.0983
1997-05-02,318.15857
1997-05-03,241.43192
1997-05-04,320.41656
1997-05-05,320.76282
1997-05-06,301.82236
1997-05-07,340.3411
1997-05-08,347.1977
1997-05-09,308.2375
1997-05-10,290.79422
1997-05-11,338.95673
1997-05-12,442.15277
1997-05-13,431.53394
1997-05-14,364.74142
1997-05-15,319.33405
1997-05-16,485.01227
1997-05-17,513.94525
1997-05-18,341.07117
1997-05-19,261.412
1997-05-20,258.25436
1997-05-21,267.17178
1997-05-22,284.49658
1997-05-23,342.9062
1997-05-24,381.6392
1997-05-25,424.41357
1997-05-26,457.90683
1997-05-27,493.60532
1997-05-28,489.33972
1997-05-29,364.75333
1997-05-30,351.14517
1997-05-31,482.39496
1997-06-01,557.9012
1997-06-02,567.31433
1997-06-03,470.66196
1997-06-04,384.86343
1997-06-05,398.94705
1997-06-06,422.44916
1997-06-07,403.26166
1997-06-08,477.68912
1997-06-09,606.3485
1997-06-10,569.721
1997-06-11,505.65836
1997-06-12,483.90213
1997-06-13,437.08234
1997-06-14,461.60672
1997-06-15,562.31793
1997-06-16,584.7131
1997-06-17,486.30914
1997-06-18,476.9566
1997-06-19,467.0794
1997-06-20,484.8474
1997-06-21,487.5996
1997-06-22,438.10345
1997-06-23,522.8641
1997-06-24,642.47296
1997-06-25,615.00494
1997-06-26,572.7883
1997-06-27,761.71704
1997-06-28,1001.44037
1997-06-29,1077.961
1997-06-30,804.8292
1997-07-01,698.6713
1997-07-02,685.0642
1997-07-03,636.09155
1997-07-04,669.1725
1997-07-05,629.29706
1997-07-06,521.64166
1997-07-07,478.46783
1997-07-08,477.27576
1997-07-09,479.16003
1997-07-10,465.81683
1997-07-11,520.3156
1997-07-12,522.35895
1997-07-13,545.64514
1997-07-14,485.1312
1997-07-15,377.71912
1997-07-16,421.16138
1997-07-17,523.54504
1997-07-18,553.78687
1997-07-19,569.8014
1997-07-20,848.47406
1997-07-21,777.9443
1997-07-22,475.20563
1997-07-23,380.25098
1997-07-24,374.3809
1997-07-25,371.01672
1997-07-26,311.9819
1997-07-27,262.60522
1997-07-28,254.01083
1997-07-29,257.161
1997-07-30,287.1715
1997-07-31,360.42535
1997-08-01,384.14572
1997-08-02,401.7215
1997-08-03,401.9586
1997-08-04,390.695
1997-08-05,370.7377
1997-08-06,350.62833
1997-08-07,317.63812
1997-08-08,275.3538
1997-08-09,295.0708
1997-08-10,346.2589
1997-08-11,336.09793
1997-08-12,276.18127
1997-08-13,291.40298
1997-08-14,358.97543
1997-08-15,393.8124
1997-08-16,378.40338
1997-08-17,332.58685
1997-08-18,352.5203
1997-08-19,391.0215
1997-08-20,440.45822
1997-08-21,410.31082
1997-08-22,397.68445
1997-08-23,406.42273
1997-08-24,355.75534
1997-08-25,368.7581
1997-08-26,441.269
1997-08-27,402.57355
1997-08-28,319.14948
1997-08-29,394.40488
1997-08-30,792.9017
1997-08-31,891.43115
1997-09-01,603.17755
1997-09-02,456.24002
1997-09-03,377.26108
1997-09-04,389.42868
1997-09-05,446.6691
1997-09-06,403.916
1997-09-07,352.8699
1997-09-08,404.15887
1997-09-09,499.893
1997-09-10,455.51758
1997-09-11,398.71545
1997-09-12,377.30325
1997-09-13,407.80588
1997-09-14,395.3279
1997-09-15,623.67523
1997-09-16,1657.0758
1997-09-17,1398.1133
1997-09-18,730.2536
1997-09-19,638.69415
1997-09-20,589.6143
1997-09-21,539.31305
1997-09-22,675.3872
1997-09-23,1683.5311
1997-09-24,1901.214
1997-09-25,1278.8887
1997-09-26,1036.8436
1997-09-27,719.79004
1997-09-28,622.8481
1997-09-29,650.429
1997-09-30,798.12714
1997-10-01,842.28
1997-10-02,745.9666
1997-10-03,613.0784
1997-10-04,559.6606
1997-10-05,646.76666
1997-10-06,656.7718
1997-10-07,627.75397
1997-10-08,622.9113
1997-10-09,748.9299
1997-10-10,708.98895
1997-10-11,639.4326
1997-10-12,666.17804
1997-10-13,598.66724
1997-10-14,520.8662
1997-10-15,480.2829
1997-10-16,427.03802
1997-10-17,414.29953
1997-10-18,411.74896
1997-10-19,390.4745
1997-10-20,392.43887
1997-10-21,376.22446
1997-10-22,357.31226
1997-10-23,377.93958
1997-10-24,410.8953
1997-10-25,362.57748
1997-10-26,302.28958
1997-10-27,254.54625
1997-10-28,252.4061
1997-10-29,273.44525
1997-10-30,286.36673
1997-10-31,278.34747
1997-11-01,281.72278
1997-11-02,280.02536
1997-11-03,272.93546
1997-11-04,455.3992
1997-11-05,607.8548
1997-11-06,625.271
1997-11-07,606.87805
1997-11-08,583.2087
1997-11-09,671.3122
1997-11-10,740.1488
1997-11-11,824.0851
1997-11-12,1032.5966
1997-11-13,997.82367
1997-11-14,789.41144
1997-11-15,668.21136
1997-11-16,703.891
1997-11-17,684.36945
1997-11-18,599.30115
1997-11-19,578.3036
1997-11-20,599.91296
1997-11-21,628.8007
1997-11-22,567.4404
1997-11-23,503.6381
1997-11-24,438.11893
1997-11-25,398.25504
1997-11-26,440.3665
1997-11-27,542.36755
1997-11-28,592.342
1997-11-29,497.75574
1997-11-30,371.6205
1997-12-01,324.87564
1997-12-02,338.96365
1997-12-03,419.3368
1997-12-04,456.0034
1997-12-05,417.32318
1997-12-06,343.4585
1997-12-07,268.184
1997-12-08,250.37582
1997-12-09,250.54558
1997-12-10,274.48044
1997-12-11,278.78955
1997-12-12,253.94968
1997-12-13,239.1102
1997-12-14,220.9102
1997-12-15,208.4049
1997-12-16,206.23032
1997-12-17,294.78647
1997-12-18,314.82452
1997-12-19,232.91673
1997-12-20,179.44218
1997-12-21,173.09299
1997-12-22,166.82468
1997-12-23,154.57906
1997-12-24,158.42253
1997-12-25,158.0788
1997-12-26,149.60783
1997-12-27,142.1234
1997-12-28,137.11415
1997-12-29,135.53165
1997-12-30,130.16655
1997-12-31,132.13129
1998-01-01,138.5746
1998-01-02,136.16808
1998-01-03,126.09841
1998-01-04,116.39949
1998-01-05,105.85513
1998-01-06,98.3245
1998-01-07,93.11117
1998-01-08,93.46249
1998-01-09,97.67902
1998-01-10,107.974884
1998-01-11,106.029785
1998-01-12,95.00027
1998-01-13,87.20165
1998-01-14,83.99163
1998-01-15,93.99058
1998-01-16,93.4838
1998-01-17,84.94339
1998-01-18,103.96907
1998-01-19,185.12393
1998-01-20,175.76642
1998-01-21,98.88772
1998-01-22,76.52855
1998-01-23,71.420006
1998-01-24,67.37515
1998-01-25,63.485485
1998-01-26,60.25971
1998-01-27,57.721195
1998-01-28,57.18889
1998-01-29,54.056026
1998-01-30,57.918594
1998-01-31,58.545254
1998-02-01,54.669685
1998-02-02,64.11954
1998-02-03,66.37442
1998-02-04,59.188625
1998-02-05,60.23661
1998-02-06,102.73809
1998-02-07,179.3485
1998-02-08,523.3574
1998-02-09,961.7353
1998-02-10,724.81445
1998-02-11,361.29425
1998-02-12,195.76018
1998-02-13,112.03043
1998-02-14,78.78359
1998-02-15,81.6344
1998-02-16,91.50178
1998-02-17,95.60506
1998-02-18,87.92879
1998-02-19,71.36354
1998-02-20,63.876778
1998-02-21,74.352745
1998-02-22,86.25368
1998-02-23,80.08021
1998-02-24,90.57107
1998-02-25,122.95068
1998-02-26,146.8937
1998-02-27,135.8442
1998-02-28,95.52735
1998-03-01,103.35683
1998-03-02,124.301414
1998-03-03,112.35694
1998-03-04,89.0286
1998-03-05,85.833664
1998-03-06,83.49155
1998-03-07,77.66692
1998-03-08,93.10308
1998-03-09,99.37429
1998-03-10,97.27723
1998-03-11,109.23349
1998-03-12,159.38208
1998-03-13,190.77303
1998-03-14,124.60371
1998-03-15,76.68326
1998-03-16,57.12848
1998-03-17,57.944893
1998-03-18,63.984802
1998-03-19,60.968315
1998-03-20,56.37294
1998-03-21,57.962616
1998-03-22,58.07907
1998-03-23,64.184715
1998-03-24,126.79905
1998-03-25,157.7736
1998-03-26,179.00183
1998-03-27,184.40475
1998-03-28,164.17906
1998-03-29,163.69698
1998-03-30,177.95174
1998-03-31,262.07874
1998-04-01,289.14853
1998-04-02,176.52533
1998-04-03,82.307755
1998-04-04,59.882095
1998-04-05,90.09243
1998-04-06,129.52318
1998-04-07,168.46196
1998-04-08,161.07202
1998-04-09,126.023575
1998-04-10,126.270454
1998-04-11,139.50566
1998-04-12,188.28575
1998-04-13,382.10846
1998-04-14,748.0149
1998-04-15,600.4544
1998-04-16,352.7026
1998-04-17,281.9105
1998-04-18,258.00507
1998-04-19,200.28932
1998-04-20,187.87973
1998-04-21,200.20833
1998-04-22,244.9984
1998-04-23,294.49484
1998-04-24,316.85287
1998-04-25,329.88782
1998-04-26,529.2408
1998-04-27,684.90765
1998-04-28,618.1029
1998-04-29,618.7108
1998-04-30,594.35657
1998-05-01,480.19794
1998-05-02,435.49512
1998-05-03,532.5478
1998-05-04,757.0404
1998-05-05,714.71936
1998-05-06,1253.9996
1998-05-07,1362.0289
1998-05-08,885.5152
1998-05-09,766.2354
1998-05-10,555.13904
1998-05-11,389.1275
1998-05-12,292.07843
1998-05-13,256.0944
1998-05-14,257.57773
1998-05-15,250.48666
1998-05-16,245.49623
1998-05-17,244.98344
1998-05-18,296.70593
1998-05-19,395.72394
1998-05-20,410.85852
1998-05-21,346.63632
1998-05-22,360.69867
1998-05-23,355.4097
1998-05-24,272.88818
1998-05-25,295.74002
1998-05-26,452.27747
1998-05-27,797.5699
1998-05-28,1478.5577
1998-05-29,1629.7493
1998-05-30,990.67236
1998-05-31,837.0516
1998-06-01,707.6483
1998-06-02,503.02182
1998-06-03,443.1898
1998-06-04,472.94186
1998-06-05,494.9275
1998-06-06,488.43045
1998-06-07,582.51965
1998-06-08,728.9635
1998-06-09,687.67957
1998-06-10,638.3595
1998-06-11,658.2979
1998-06-12,1147.8649
1998-06-13,1030.9183
1998-06-14,554.5551
1998-06-15,485.4389
1998-06-16,516.03754
1998-06-17,558.62256
1998-06-18,620.8283
1998-06-19,610.3402
1998-06-20,461.3938
1998-06-21,457.5208
1998-06-22,493.6369
1998-06-23,820.4142
1998-06-24,861.697
1998-06-25,928.6786
1998-06-26,778.7184
1998-06-27,556.0233
1998-06-28,547.9994
1998-06-29,588.515
1998-06-30,664.4844
1998-07-01,897.10565
1998-07-02,834.4608
1998-07-03,643.82697
1998-07-04,584.9057
1998-07-05,671.4378
1998-07-06,719.8722
1998-07-07,747.2806
1998-07-08,858.7725
1998-07-09,851.2338
1998-07-10,852.70984
1998-07-11,892.6101
1998-07-12,851.47253
1998-07-13,791.1279
1998-07-14,774.6144
1998-07-15,712.71014
1998-07-16,639.4326
1998-07-17,655.109
1998-07-18,736.28705
1998-07-19,731.50104
1998-07-20,687.16455
1998-07-21,665.26434
1998-07-22,623.3299
1998-07-23,598.8888
1998-07-24,644.1228
1998-07-25,881.43
1998-07-26,1831.8252
1998-07-27,1790.7064
1998-07-28,1241.2719
1998-07-29,829.3373
1998-07-30,802.9923
1998-07-31,717.995
1998-08-01,676.83527
1998-08-02,644.03094
1998-08-03,628.0328
1998-08-04,631.4739
1998-08-05,622.0138
1998-08-06,646.3599
1998-08-07,681.40485
1998-08-08,754.7495
1998-08-09,743.78
1998-08-10,658.93884
1998-08-11,599.69147
1998-08-12,529.20123
1998-08-13,486.98947
1998-08-14,545.8167
1998-08-15,608.3278
1998-08-16,612.04285
1998-08-17,565.2888
1998-08-18,675.0911
1998-08-19,659.48486
1998-08-20,625.2924
1998-08-21,685.6032
1998-08-22,671.9834
1998-08-23,627.9663
1998-08-24,607.24396
1998-08-25,843.3874
1998-08-26,1904.8324
1998-08-27,1776.3313
1998-08-28,1059.3381
1998-08-29,791.7023
1998-08-30,704.0506
1998-08-31,643.6384
1998-09-01,622.43225
1998-09-02,681.40735
1998-09-03,1006.90765
1998-09-04,944.4087
1998-09-05,760.4156
1998-09-06,908.1837
1998-09-07,1149.3507
1998-09-08,935.4629
1998-09-09,662.3692
1998-09-10,635.0147
1998-09-11,1105.3131
1998-09-12,1040.0094
1998-09-13,753.2112
1998-09-14,747.2155
1998-09-15,787.0579
1998-09-16,727.6276
1998-09-17,645.45715
1998-09-18,582.9111
1998-09-19,586.57697
1998-09-20,581.0038
1998-09-21,561.2479
1998-09-22,620.55664
1998-09-23,589.524
1998-09-24,639.901
1998-09-25,710.25665
1998-09-26,710.7109
1998-09-27,719.92993
1998-09-28,781.5022
1998-09-29,702.3552
1998-09-30,693.9426
1998-10-01,673.7227
1998-10-02,588.49713
1998-10-03,539.6191
1998-10-04,544.3545
1998-10-05,589.24664
1998-10-06,657.3941
1998-10-07,688.63336
1998-10-08,724.2669
1998-10-09,1114.6772
1998-10-10,1183.6165
1998-10-11,964.9575
1998-10-12,884.37103
1998-10-13,884.3389
1998-10-14,869.0191
1998-10-15,810.31476
1998-10-16,754.5699
1998-10-17,774.5684
1998-10-18,767.1704
1998-10-19,907.5924
1998-10-20,972.16864
1998-10-21,743.8501
1998-10-22,614.8948
1998-10-23,614.7078
1998-10-24,685.5142
1998-10-25,585.0438
1998-10-26,499.42755
1998-10-27,485.18475
1998-10-28,470.943
1998-10-29,455.88556
1998-10-30,471.3632
1998-10-31,504.74466
1998-11-01,607.555
1998-11-02,654.54456
1998-11-03,578.2023
1998-11-04,557.65546
1998-11-05,492.5106
1998-11-06,447.03357
1998-11-07,435.43723
1998-11-08,446.09702
1998-11-09,477.87128
1998-11-10,549.5537
1998-11-11,547.5688
1998-11-12,508.34033
1998-11-13,455.62708
1998-11-14,401.20483
1998-11-15,392.85434
1998-11-16,392.93765
1998-11-17,474.8388
1998-11-18,530.1049
1998-11-19,508.0753
1998-11-20,657.3986
1998-11-21,1508.8333
1998-11-22,1465.7839
1998-11-23,978.3903
1998-11-24,1152.2705
1998-11-25,1186.2631
1998-11-26,870.88727
1998-11-27,644.17163
1998-11-28,516.59534
1998-11-29,456.5773
1998-11-30,420.35153
1998-12-01,394.70825
1998-12-02,376.43558
1998-12-03,361.28278
1998-12-04,355.42044
1998-12-05,385.72934
1998-12-06,504.22464
1998-12-07,523.60406
1998-12-08,488.88
1998-12-09,503.37616
1998-12-10,462.51245
1998-12-11,425.59836
1998-12-12,458.0029
1998-12-13,466.64005
1998-12-14,398.82285
1998-12-15,387.35284
1998-12-16,360.9094
1998-12-17,384.37155
1998-12-18,414.48923
1998-12-19,346.34543
1998-12-20,344.63516
1998-12-21,346.62033
1998-12-22,330.69043
1998-12-23,315.4351
1998-12-24,270.26248
1998-12-25,251.95311
1998-12-26,231.25705
1998-12-27,271.15857
1998-12-28,426.22955
1998-12-29,525.25116
1998-12-30,493.3791
1998-12-31,369.8536
1999-01-01,337.32474
1999-01-02,291.44583
1999-01-03,239.92027
1999-01-04,237.89607
1999-01-05,254.60382
1999-01-06,233.28362
1999-01-07,240.97153
1999-01-08,261.61755
1999-01-09,254.25035
1999-01-10,201.19385
1999-01-11,184.32588
1999-01-12,201.93631
1999-01-13,282.16632
1999-01-14,279.64978
1999-01-15,208.83856
1999-01-16,166.48332
1999-01-17,154.79436
1999-01-18,153.32275
1999-01-19,157.096
1999-01-20,157.96027
1999-01-21,152.71901
1999-01-22,151.91121
1999-01-23,156.8788
1999-01-24,166.87906
1999-01-25,185.48853
1999-01-26,188.9192
1999-01-27,187.90086
1999-01-28,173.37727
1999-01-29,152.64311
1999-01-30,141.40845
1999-01-31,127.81551
1999-02-01,120.744545
1999-02-02,122.19994
1999-02-03,129.46368
1999-02-04,130.239
1999-02-05,125.81875
1999-02-06,120.48396
1999-02-07,113.036934
1999-02-08,106.46067
1999-02-09,110.26573
1999-02-10,110.78466
1999-02-11,105.14715
1999-02-12,135.31963
1999-02-13,254.09892
1999-02-14,322.15656
1999-02-15,266.83496
1999-02-16,235.90596
1999-02-17,294.86005
1999-02-18,346.62723
1999-02-19,369.29382
1999-02-20,388.9776
1999-02-21,408.99936
1999-02-22,364.54346
1999-02-23,327.1637
1999-02-24,269.6296
1999-02-25,290.01526
1999-02-26,443.84396
1999-02-27,443.0774
1999-02-28,389.9552
1999-03-01,346.91977
1999-03-02,306.06555
1999-03-03,351.81763
1999-03-04,370.3423
1999-03-05,329.71082
1999-03-06,252.25224
1999-03-07,235.14062
1999-03-08,231.55217
1999-03-09,216.40372
1999-03-10,207.18607
1999-03-11,204.10068
1999-03-12,236.37291
1999-03-13,253.96362
1999-03-14,237.43272
1999-03-15,201.71292
1999-03-16,194.71703
1999-03-17,256.5054
1999-03-18,442.42636
1999-03-19,766.073
1999-03-20,650.5427
1999-03-21,333.17163
1999-03-22,303.85217
1999-03-23,284.40915
1999-03-24,245.4739
1999-03-25,246.73206
1999-03-26,250.62227
1999-03-27,243.79315
1999-03-28,235.60295
1999-03-29,255.08984
1999-03-30,329.82175
1999-03-31,406.34265
1999-04-01,412.53073
1999-04-02,307.06528
1999-04-03,243.8552
1999-04-04,233.87196
1999-04-05,247.76718
1999-04-06,296.04507
1999-04-07,357.55707
1999-04-08,332.2535
1999-04-09,374.04538
1999-04-10,449.0211
1999-04-11,376.64316
1999-04-12,379.06647
1999-04-13,455.66043
1999-04-14,507.24487
1999-04-15,491.26425
1999-04-16,527.53564
1999-04-17,632.76074
1999-04-18,566.3449
1999-04-19,460.38818
1999-04-20,402.41864
1999-04-21,374.96832
1999-04-22,360.06226
1999-04-23,356.74628
1999-04-24,455.34976
1999-04-25,581.6495
1999-04-26,638.38214
1999-04-27,764.5902
1999-04-28,810.335
1999-04-29,817.4323
1999-04-30,752.8619
1999-05-01,837.0125
1999-05-02,1261.285
1999-05-03,1520.0883
1999-05-04,1610.6831
1999-05-05,2691.8796
1999-05-06,2683.079
1999-05-07,1398.1268
1999-05-08,970.4641
1999-05-09,874.9968
1999-05-10,900.47327
1999-05-11,911.30286
1999-05-12,844.04736
1999-05-13,758.2953
1999-05-14,738.62476
1999-05-15,710.68536
1999-05-16,691.4068
1999-05-17,702.65906
1999-05-18,632.18646
1999-05-19,692.7808
1999-05-20,659.2963
1999-05-21,566.99023
1999-05-22,561.1276
1999-05-23,640.705
1999-05-24,675.37634
1999-05-25,644.70544
1999-05-26,603.4167
1999-05-27,618.7898
1999-05-28,765.245
1999-05-29,740.4141
1999-05-30,564.66144
1999-05-31,477.58905
1999-06-01,493.83655
1999-06-02,492.37265
1999-06-03,486.3675
1999-06-04,481.00833
1999-06-05,494.14603
1999-06-06,427.44208
1999-06-07,380.50262
1999-06-08,422.1484
1999-06-09,604.13354
1999-06-10,634.85706
1999-06-11,495.63504
1999-06-12,480.33954
1999-06-13,461.57373
1999-06-14,391.70547
1999-06-15,433.25424
1999-06-16,426.7841
1999-06-17,435.48267
1999-06-18,426.12296
1999-06-19,427.85175
1999-06-20,588.76666
1999-06-21,1238.6539
1999-06-22,1110.6111
1999-06-23,654.1944
1999-06-24,549.3652
1999-06-25,600.2994
1999-06-26,596.2114
1999-06-27,609.297
1999-06-28,925.8108
1999-06-29,1175.7137
1999-06-30,1314.8853
1999-07-01,1399.827
1999-07-02,1057.352
1999-07-03,807.75916
1999-07-04,705.47095
1999-07-05,650.8027
1999-07-06,640.25214
1999-07-07,672.3747
1999-07-08,648.6778
1999-07-09,575.575
1999-07-10,588.26514
1999-07-11,621.54443
1999-07-12,607.47516
1999-07-13,648.49713
1999-07-14,677.2886
1999-07-15,602.79816
1999-07-16,522.7165
1999-07-17,545.79034
1999-07-18,503.4193
1999-07-19,504.9154
1999-07-20,562.88416
1999-07-21,629.1613
1999-07-22,696.05853
1999-07-23,710.9221
1999-07-24,723.2918
1999-07-25,685.7874
1999-07-26,676.8601
1999-07-27,748.1352
1999-07-28,694.5022
1999-07-29,549.9503
1999-07-30,556.8032
1999-07-31,630.5894
1999-08-01,551.73865
1999-08-02,463.7989
1999-08-03,509.12637
1999-08-04,692.93176
1999-08-05,783.2438
1999-08-06,634.34076
1999-08-07,590.31775
1999-08-08,566.91797
1999-08-09,554.507
1999-08-10,615.15485
1999-08-11,670.3964
1999-08-12,936.5283
1999-08-13,1706.9392
1999-08-14,1481.5834
1999-08-15,1072.9318
1999-08-16,1004.3333
1999-08-17,911.332
1999-08-18,849.9895
1999-08-19,763.08826
1999-08-20,757.0225
1999-08-21,793.1489
1999-08-22,1056.076
1999-08-23,1010.124
1999-08-24,1198.4009
1999-08-25,1185.2153
1999-08-26,902.6858
1999-08-27,790.35425
1999-08-28,761.18506
1999-08-29,764.57153
1999-08-30,734.0917
1999-08-31,628.8922
1999-09-01,598.0362
1999-09-02,589.51154
1999-09-03,586.95605
1999-09-04,685.6464
1999-09-05,687.63086
1999-09-06,610.6215
1999-09-07,586.48865
1999-09-08,591.94293
1999-09-09,582.9369
1999-09-10,534.004
1999-09-11,511.62704
1999-09-12,516.5743
1999-09-13,498.2677
1999-09-14,564.3136
1999-09-15,736.4914
1999-09-16,819.9191
1999-09-17,674.2738
1999-09-18,676.45935
1999-09-19,731.6214
1999-09-20,1065.3087
1999-09-21,923.05615
1999-09-22,661.0934
1999-09-23,604.4513
1999-09-24,606.652
1999-09-25,597.9371
1999-09-26,629.47
1999-09-27,644.2189
1999-09-28,684.12335
1999-09-29,628.7904
1999-09-30,602.3733
1999-10-01,659.609
1999-10-02,641.4987
1999-10-03,724.5954
1999-10-04,676.56934
1999-10-05,608.6536
1999-10-06,662.00555
1999-10-07,671.2923
1999-10-08,740.75104
1999-10-09,757.78546
1999-10-10,717.00476
1999-10-11,646.90924
1999-10-12,707.3267
1999-10-13,1203.5306
1999-10-14,2252.9963
1999-10-15,1673.6804
1999-10-16,984.7018
1999-10-17,849.19104
1999-10-18,1003.61005
1999-10-19,2207.4795
1999-10-20,2287.5215
1999-10-21,1261.6538
1999-10-22,1247.2985
1999-10-23,1335.0797
1999-10-24,901.22144
1999-10-25,660.546
1999-10-26,614.9068
1999-10-27,694.2005
1999-10-28,793.98413
1999-10-29,743.11383
1999-10-30,708.44214
1999-10-31,643.8288
1999-11-01,601.08405
1999-11-02,561.50146
1999-11-03,516.57446
1999-11-04,482.11295
1999-11-05,470.46814
1999-11-06,541.23834
1999-11-07,518.76953
1999-11-08,557.4901
1999-11-09,748.8927
1999-11-10,806.72034
1999-11-11,685.73645
1999-11-12,569.68
1999-11-13,508.6423
1999-11-14,928.7986
1999-11-15,974.6743
1999-11-16,729.6054
1999-11-17,598.7273
1999-11-18,582.80743
1999-11-19,567.2714
1999-11-20,522.16693
1999-11-21,483.62286
1999-11-22,429.45953
1999-11-23,411.84778
1999-11-24,391.72116
1999-11-25,402.3192
1999-11-26,533.4494
1999-11-27,985.15625
1999-11-28,1296.2006
1999-11-29,819.9871
1999-11-30,472.65292
1999-12-01,400.76746
1999-12-02,408.337
1999-12-03,491.01923
1999-12-04,1009.996
1999-12-05,1349.8689
1999-12-06,975.1264
1999-12-07,835.9894
1999-12-08,697.38043
1999-12-09,677.7287
1999-12-10,610.06647
1999-12-11,519.16376
1999-12-12,476.41653
1999-12-13,492.85605
1999-12-14,524.7307
1999-12-15,587.70294
1999-12-16,753.66547
1999-12-17,755.48474
1999-12-18,672.40375
1999-12-19,643.4569
1999-12-20,611.4673
1999-12-21,545.0207
1999-12-22,512.17896
1999-12-23,484.95016
1999-12-24,432.55783
1999-12-25,395.8867
1999-12-26,378.6454
1999-12-27,355.3847
1999-12-28,338.12793
1999-12-29,315.80862
1999-12-30,287.9549
1999-12-31,270.07147
2000-01-01,262.09827
2000-01-02,252.30733
2000-01-03,242.48659
2000-01-04,235.60176
2000-01-05,234.69453
2000-01-06,233.7039
2000-01-07,226.2146
2000-01-08,219.03522
2000-01-09,210.88055
2000-01-10,222.37404
2000-01-11,222.5742
2000-01-12,212.11876
2000-01-13,195.61946
2000-01-14,184.67836
2000-01-15,168.00424
2000-01-16,151.41069
2000-01-17,141.1307
2000-01-18,131.18637
2000-01-19,124.31941
2000-01-20,120.14605
2000-01-21,119.01648
2000-01-22,124.257126
2000-01-23,124.57829
2000-01-24,118.34783
2000-01-25,114.62715
2000-01-26,123.76648
2000-01-27,127.45189
2000-01-28,118.022995
2000-01-29,112.439926
2000-01-30,103.73076
2000-01-31,100.75813
2000-02-01,118.08258
2000-02-02,131.3522
2000-02-03,171.24693
2000-02-04,258.60388
2000-02-05,246.04953
2000-02-06,181.76495
2000-02-07,151.08002
2000-02-08,134.1524
2000-02-09,112.5766
2000-02-10,94.1204
2000-02-11,92.50861
2000-02-12,83.76167
2000-02-13,75.08441
2000-02-14,76.67559
2000-02-15,74.28221
2000-02-16,65.48656
2000-02-17,58.199013
2000-02-18,60.74249
2000-02-19,89.11059
2000-02-20,144.34763
2000-02-21,159.91948
2000-02-22,109.63102
2000-02-23,111.02826
2000-02-24,141.10362
2000-02-25,166.087
2000-02-26,216.86903
2000-02-27,320.87073
2000-02-28,296.40323
2000-02-29,240.48048
2000-03-01,209.69505
2000-03-02,176.49178
2000-03-03,131.6211
2000-03-04,97.59223
2000-03-05,89.643
2000-03-06,118.35412
2000-03-07,145.95023
2000-03-08,181.0619
2000-03-09,224.68689
2000-03-10,262.50003
2000-03-11,228.55939
2000-03-12,153.63522
2000-03-13,109.96986
2000-03-14,92.25405
2000-03-15,110.41361
2000-03-16,121.47794
2000-03-17,131.38159
2000-03-18,129.58865
2000-03-19,112.24302
2000-03-20,116.64722
2000-03-21,114.78692
2000-03-22,120.22863
2000-03-23,117.60572
2000-03-24,92.19481
2000-03-25,81.502754
2000-03-26,106.46937
2000-03-27,127.96283
2000-03-28,101.95064
2000-03-29,90.97209
2000-03-30,98.23365
2000-03-31,85.969124
2000-04-01,78.49296
2000-04-02,106.329315
2000-04-03,108.42703
2000-04-04,88.516205
2000-04-05,99.60893
2000-04-06,148.65747
2000-04-07,230.79399
2000-04-08,216.00201
2000-04-09,208.34756
2000-04-10,194.69568
2000-04-11,145.60858
2000-04-12,118.24806
2000-04-13,109.12314
2000-04-14,175.01134
2000-04-15,229.33371
2000-04-16,280.76642
2000-04-17,333.96347
2000-04-18,344.319
2000-04-19,335.0308
2000-04-20,282.9928
2000-04-21,194.7293
2000-04-22,192.69032
2000-04-23,246.53331
2000-04-24,325.0251
2000-04-25,414.2032
2000-04-26,446.91586
2000-04-27,404.2393
2000-04-28,472.71036
2000-04-29,498.55972
2000-04-30,365.18652
2000-05-01,319.17532
2000-05-02,341.5926
2000-05-03,303.55908
2000-05-04,270.69995
2000-05-05,258.8493
2000-05-06,275.89636
2000-05-07,420.21097
2000-05-08,564.7019
2000-05-09,495.79263
2000-05-10,462.14078
2000-05-11,476.4432
2000-05-12,553.6541
2000-05-13,565.43585
2000-05-14,501.62808
2000-05-15,494.2176
2000-05-16,540.1925
2000-05-17,623.22327
2000-05-18,666.9398
2000-05-19,548.99396
2000-05-20,530.93243
2000-05-21,517.1971
2000-05-22,519.76025
2000-05-23,481.0534
2000-05-24,409.36563
2000-05-25,464.7367
2000-05-26,567.7586
2000-05-27,716.86584
2000-05-28,791.87714
2000-05-29,702.0968
2000-05-30,528.76465
2000-05-31,448.16144
2000-06-01,514.7352
2000-06-02,613.4748
2000-06-03,698.20807
2000-06-04,738.42096
2000-06-05,742.9506
2000-06-06,690.0584
2000-06-07,610.3644
2000-06-08,563.0603
2000-06-09,578.28406
2000-06-10,622.143
2000-06-11,536.44434
2000-06-12,513.5762
2000-06-13,549.08496
2000-06-14,602.93256
2000-06-15,660.3156
2000-06-16,778.839
2000-06-17,778.7332
2000-06-18,774.46277
2000-06-19,805.5822
2000-06-20,774.66364
2000-06-21,734.12524
2000-06-22,738.94806
2000-06-23,715.13367
2000-06-24,710.9043
2000-06-25,681.5798
2000-06-26,773.89075
2000-06-27,759.5912
2000-06-28,614.72943
2000-06-29,536.7903
2000-06-30,519.94525
2000-07-01,529.28455
2000-07-02,532.8939
2000-07-03,587.58057
2000-07-04,531.3526
2000-07-05,527.83954
2000-07-06,545.13086
2000-07-07,512.3723
2000-07-08,487.4633
2000-07-09,577.1282
2000-07-10,618.8149
2000-07-11,490.07382
2000-07-12,413.46344
2000-07-13,395.12512
2000-07-14,399.538
2000-07-15,428.5067
2000-07-16,492.89523
2000-07-17,573.8801
2000-07-18,583.0525
2000-07-19,567.2139
2000-07-20,588.3773
2000-07-21,599.7995
2000-07-22,584.70605
2000-07-23,658.546
2000-07-24,1184.0339
2000-07-25,1195.8894
2000-07-26,700.0661
2000-07-27,556.78876
2000-07-28,622.2253
2000-07-29,777.3473
2000-07-30,862.38367
2000-07-31,961.1396
2000-08-01,934.7977
2000-08-02,861.71075
2000-08-03,784.72424
2000-08-04,735.95215
2000-08-05,745.6711
2000-08-06,731.14984
2000-08-07,768.0656
2000-08-08,1173.5385
2000-08-09,949.3211
2000-08-10,729.6846
2000-08-11,708.80524
2000-08-12,655.04425
2000-08-13,570.0053
2000-08-14,490.04224
2000-08-15,448.6352
2000-08-16,524.27356
2000-08-17,615.27484
2000-08-18,547.379
2000-08-19,477.15698
2000-08-20,459.56055
2000-08-21,432.7339
2000-08-22,434.0143
2000-08-23,429.90158
2000-08-24,395.28622
2000-08-25,365.33725
2000-08-26,464.84692
2000-08-27,567.0199
2000-08-28,585.7792
2000-08-29,618.8179
2000-08-30,591.36975
2000-08-31,597.05634
2000-09-01,709.31323
2000-09-02,708.449
2000-09-03,791.5099
2000-09-04,1306.5745
2000-09-05,1102.4598
2000-09-06,1007.66016
2000-09-07,1976.796
2000-09-08,1987.3069
2000-09-09,992.5071
2000-09-10,750.7178
2000-09-11,745.70807
2000-09-12,751.76953
2000-09-13,721.02875
2000-09-14,675.26404
2000-09-15,614.14716
2000-09-16,588.5465
2000-09-17,793.70166
2000-09-18,755.9284
2000-09-19,579.80286
2000-09-20,528.87354
2000-09-21,601.8966
2000-09-22,593.0012
2000-09-23,573.00055
2000-09-24,584.3562
2000-09-25,595.40186
2000-09-26,620.0508
2000-09-27,600.19055
2000-09-28,585.73706
2000-09-29,582.43835
2000-09-30,608.289
2000-10-01,606.91425
2000-10-02,708.46497
2000-10-03,749.7172
2000-10-04,701.9006
2000-10-05,716.00806
2000-10-06,693.3532
2000-10-07,572.8486
2000-10-08,525.0981
2000-10-09,474.83856
2000-10-10,436.9493
2000-10-11,489.9557
2000-10-12,609.08356
2000-10-13,723.44055
2000-10-14,701.90265
2000-10-15,622.73694
2000-10-16,614.43695
2000-10-17,640.0449
2000-10-18,669.3092
2000-10-19,661.2457
2000-10-20,653.73486
2000-10-21,622.52747
2000-10-22,723.1035
2000-10-23,751.91003
2000-10-24,1137.4321
2000-10-25,1137.0194
2000-10-26,795.61896
2000-10-27,662.90594
2000-10-28,566.1088
2000-10-29,517.47864
2000-10-30,543.86896
2000-10-31,620.86707
2000-11-01,643.8834
2000-11-02,582.2071
2000-11-03,652.81354
2000-11-04,646.3474
2000-11-05,640.2302
2000-11-06,514.61096
2000-11-07,418.00372
2000-11-08,389.5772
2000-11-09,376.4581
2000-11-10,383.5541
2000-11-11,405.9353
2000-11-12,447.05682
2000-11-13,477.05737
2000-11-14,560.5719
2000-11-15,583.18335
2000-11-16,394.79025
2000-11-17,318.3329
2000-11-18,323.41287
2000-11-19,380.45828
2000-11-20,458.7591
2000-11-21,408.72305
2000-11-22,352.54175
2000-11-23,314.87436
2000-11-24,258.18784
2000-11-25,233.25334
2000-11-26,265.59778
2000-11-27,507.74426
2000-11-28,554.01404
2000-11-29,384.99005
2000-11-30,350.52777
2000-12-01,354.6163
2000-12-02,340.2897
2000-12-03,323.30487
2000-12-04,540.91565
2000-12-05,865.6436
2000-12-06,801.6959
2000-12-07,661.93884
2000-12-08,476.42148
2000-12-09,417.03812
2000-12-10,411.89267
2000-12-11,373.48422
2000-12-12,337.7773
2000-12-13,345.50833
2000-12-14,347.71362
2000-12-15,338.87875
2000-12-16,324.1074
2000-12-17,316.8772
2000-12-18,312.22342
2000-12-19,285.75342
2000-12-20,256.57715
2000-12-21,240.53389
2000-12-22,239.42207
2000-12-23,235.11232
2000-12-24,223.4838
2000-12-25,220.2695
2000-12-26,222.67973
2000-12-27,231.72595
2000-12-28,249.89581
2000-12-29,281.37195
2000-12-30,339.85693
2000-12-31,335.06348
2001-01-01,358.73883
2001-01-02,397.07864
2001-01-03,362.3078
2001-01-04,279.3042
2001-01-05,223.64894
2001-01-06,186.66666
2001-01-07,193.23412
2001-01-08,190.06818
2001-01-09,172.97285
2001-01-10,163.74045
2001-01-11,161.02129
2001-01-12,157.82611
2001-01-13,158.38657
2001-01-14,157.06583
2001-01-15,152.87906
2001-01-16,145.3378
2001-01-17,137.1001
2001-01-18,133.96086
2001-01-19,133.27898
2001-01-20,132.76926
2001-01-21,151.26694
2001-01-22,190.39594
2001-01-23,208.98787
2001-01-24,221.51776
2001-01-25,293.6344
2001-01-26,334.3267
2001-01-27,250.6643
2001-01-28,153.19011
2001-01-29,119.98959
2001-01-30,112.22945
2001-01-31,108.47152
2001-02-01,102.53887
2001-02-02,100.48844
2001-02-03,96.59658
2001-02-04,92.07761
2001-02-05,91.336205
2001-02-06,92.77354
2001-02-07,90.10025
2001-02-08,91.193596
2001-02-09,101.65309
2001-02-10,122.39427
2001-02-11,126.74821
2001-02-12,109.279465
2001-02-13,90.36075
2001-02-14,75.66459
2001-02-15,72.6294
2001-02-16,77.010124
2001-02-17,77.97396
2001-02-18,76.85054
2001-02-19,92.71916
2001-02-20,110.40938
2001-02-21,103.916985
2001-02-22,93.74107
2001-02-23,83.45628
2001-02-24,83.59318
2001-02-25,69.10187
2001-02-26,59.822605
2001-02-27,58.326424
2001-02-28,65.86681
2001-03-01,90.98797
2001-03-02,102.8412
2001-03-03,82.16889
2001-03-04,68.453156
2001-03-05,63.15493
2001-03-06,69.38586
2001-03-07,108.75332
2001-03-08,138.92926
2001-03-09,133.82623
2001-03-10,171.95013
2001-03-11,246.99715
2001-03-12,227.50008
2001-03-13,138.4956
2001-03-14,91.63893
2001-03-15,65.3602
2001-03-16,56.971024
2001-03-17,100.988304
2001-03-18,135.32315
2001-03-19,101.35325
2001-03-20,163.44928
2001-03-21,205.11313
2001-03-22,248.48306
2001-03-23,325.7628
2001-03-24,309.76004
2001-03-25,233.92116
2001-03-26,179.62067
2001-03-27,231.99303
2001-03-28,284.47797
2001-03-29,323.90408
2001-03-30,274.51984
2001-03-31,198.2341
2001-04-01,292.5465
2001-04-02,512.7649
2001-04-03,441.7414
2001-04-04,248.46396
2001-04-05,195.47772
2001-04-06,165.0572
2001-04-07,159.60413
2001-04-08,163.59859
2001-04-09,218.28181
2001-04-10,265.1247
2001-04-11,248.86116
2001-04-12,216.48668
2001-04-13,201.78094
2001-04-14,225.3755
2001-04-15,276.07095
2001-04-16,307.94296
2001-04-17,323.3847
2001-04-18,339.56833
2001-04-19,342.13052
2001-04-20,434.37073
2001-04-21,609.7719
2001-04-22,560.35834
2001-04-23,437.97073
2001-04-24,312.88455
2001-04-25,229.61884
2001-04-26,201.13475
2001-04-27,177.74277
2001-04-28,173.77254
2001-04-29,195.56787
2001-04-30,193.53618
2001-05-01,243.87172
2001-05-02,278.0621
2001-05-03,225.44986
2001-05-04,219.09393
2001-05-05,223.50308
2001-05-06,302.53436
2001-05-07,361.3375
2001-05-08,319.50024
2001-05-09,252.74603
2001-05-10,245.97797
2001-05-11,414.175
2001-05-12,445.18347
2001-05-13,313.8591
2001-05-14,283.60773
2001-05-15,326.83093
2001-05-16,368.82913
2001-05-17,398.72446
2001-05-18,441.95044
2001-05-19,680.2841
2001-05-20,622.7956
2001-05-21,380.63705
2001-05-22,572.19904
2001-05-23,745.6564
2001-05-24,1216.8434
2001-05-25,1181.6475
2001-05-26,702.73645
2001-05-27,506.5051
2001-05-28,463.7691
2001-05-29,497.532
2001-05-30,562.9125
2001-05-31,533.33417
2001-06-01,446.3251
2001-06-02,460.4131
2001-06-03,590.40405
2001-06-04,676.22015
2001-06-05,634.8097
2001-06-06,597.3302
2001-06-07,590.6174
2001-06-08,518.63354
2001-06-09,470.3755
2001-06-10,531.8672
2001-06-11,640.3927
2001-06-12,680.8979
2001-06-13,587.6745
2001-06-14,493.22772
2001-06-15,570.6634
2001-06-16,618.90027
2001-06-17,552.0747
2001-06-18,531.04016
2001-06-19,446.47504
2001-06-20,427.5556
2001-06-21,499.43134
2001-06-22,583.4237
2001-06-23,642.77997
2001-06-24,594.893
2001-06-25,523.41187
2001-06-26,428.32806
2001-06-27,393.28433
2001-06-28,335.73523
2001-06-29,332.7464
2001-06-30,358.5449
2001-07-01,385.66016
2001-07-02,428.58716
2001-07-03,528.9627
2001-07-04,778.4101
2001-07-05,865.612
2001-07-06,619.25714
2001-07-07,385.78336
2001-07-08,391.7436
2001-07-09,494.71976
2001-07-10,621.1451
2001-07-11,835.2068
2001-07-12,756.7394
2001-07-13,630.2469
2001-07-14,577.5353
2001-07-15,521.4578
2001-07-16,452.91632
2001-07-17,423.2116
2001-07-18,472.46127
2001-07-19,497.70825
2001-07-20,490.26947
2001-07-21,519.0182
2001-07-22,575.02203
2001-07-23,618.4358
2001-07-24,660.0402
2001-07-25,911.9722
2001-07-26,710.3561
2001-07-27,544.31586
2001-07-28,508.7232
2001-07-29,509.6839
2001-07-30,504.07996
2001-07-31,481.84393
2001-08-01,468.48083
2001-08-02,517.4461
2001-08-03,525.78595
2001-08-04,423.65976
2001-08-05,437.4643
2001-08-06,490.13852
2001-08-07,480.41318
2001-08-08,453.5397
2001-08-09,496.75052
2001-08-10,504.69562
2001-08-11,553.7275
2001-08-12,702.53516
2001-08-13,602.1506
2001-08-14,479.1194
2001-08-15,418.85986
2001-08-16,400.56375
2001-08-17,389.491
2001-08-18,381.16913
2001-08-19,395.9977
2001-08-20,393.2091
2001-08-21,436.7547
2001-08-22,558.3881
2001-08-23,551.36835
2001-08-24,467.68652
2001-08-25,467.6951
2001-08-26,440.14215
2001-08-27,440.63168
2001-08-28,449.9879
2001-08-29,418.69727
2001-08-30,431.696
2001-08-31,443.59442
2001-09-01,497.25107
2001-09-02,514.93524
2001-09-03,458.76016
2001-09-04,468.92035
2001-09-05,739.0852
2001-09-06,993.8509
2001-09-07,927.57056
2001-09-08,914.71405
2001-09-09,1008.2417
2001-09-10,1191.175
2001-09-11,961.98096
2001-09-12,625.14984
2001-09-13,498.99908
2001-09-14,492.3661
2001-09-15,544.21533
2001-09-16,506.31732
2001-09-17,469.45898
2001-09-18,463.37592
2001-09-19,399.70383
2001-09-20,366.05136
2001-09-21,409.15405
2001-09-22,525.77716
2001-09-23,501.20972
2001-09-24,468.40082
2001-09-25,504.58868
2001-09-26,505.04547
2001-09-27,574.18774
2001-09-28,553.11816
2001-09-29,427.24387
2001-09-30,404.49786
2001-10-01,415.97202
2001-10-02,466.59778
2001-10-03,450.17395
2001-10-04,419.72717
2001-10-05,443.02954
2001-10-06,431.10666
2001-10-07,475.8031
2001-10-08,478.71414
2001-10-09,625.1577
2001-10-10,783.8712
2001-10-11,699.45715
2001-10-12,506.29437
2001-10-13,541.0188
2001-10-14,580.7406
2001-10-15,514.3295
2001-10-16,551.98035
2001-10-17,555.8846
2001-10-18,560.52734
2001-10-19,580.13794
2001-10-20,569.93823
2001-10-21,638.05524
2001-10-22,665.4835
2001-10-23,614.44055
2001-10-24,695.146
2001-10-25,882.1443
2001-10-26,768.6964
2001-10-27,688.9102
2001-10-28,595.6718
2001-10-29,523.42303
2001-10-30,622.70447
2001-10-31,693.9962
2001-11-01,619.3661
2001-11-02,597.0162
2001-11-03,586.62897
2001-11-04,498.85715
2001-11-05,401.1469
2001-11-06,352.82028
2001-11-07,342.142
2001-11-08,367.63605
2001-11-09,444.59628
2001-11-10,483.26804
2001-11-11,447.71408
2001-11-12,464.8536
2001-11-13,548.42554
2001-11-14,526.0635
2001-11-15,464.4945
2001-11-16,396.25757
2001-11-17,365.02377
2001-11-18,378.58047
2001-11-19,367.27835
2001-11-20,404.20242
2001-11-21,657.3648
2001-11-22,733.9328
2001-11-23,813.2746
2001-11-24,1674.0464
2001-11-25,1475.0487
2001-11-26,771.15717
2001-11-27,540.8445
2001-11-28,485.9554
2001-11-29,427.65292
2001-11-30,381.5678
2001-12-01,343.8235
2001-12-02,331.77008
2001-12-03,310.91464
2001-12-04,301.98346
2001-12-05,289.08862
2001-12-06,263.9624
2001-12-07,253.63379
2001-12-08,245.99344
2001-12-09,254.6742
2001-12-10,273.99292
2001-12-11,253.81485
2001-12-12,251.5303
2001-12-13,302.12155
2001-12-14,284.33167
2001-12-15,270.30292
2001-12-16,247.50954
2001-12-17,232.56525
2001-12-18,224.99582
2001-12-19,288.191
2001-12-20,399.5165
2001-12-21,348.11374
2001-12-22,303.71756
2001-12-23,359.91907
2001-12-24,349.81885
2001-12-25,296.89197
2001-12-26,220.15427
2001-12-27,198.70029
2001-12-28,208.95627
2001-12-29,190.09135
2001-12-30,196.94588
2001-12-31,198.19415
2002-01-01,202.56845
2002-01-02,262.9705
2002-01-03,280.68872
2002-01-04,208.88423
2002-01-05,173.89857
2002-01-06,177.02065
2002-01-07,171.2744
2002-01-08,158.05241
2002-01-09,162.18314
2002-01-10,180.1953
2002-01-11,186.28986
2002-01-12,179.308
2002-01-13,154.58344
2002-01-14,137.00478
2002-01-15,131.3411
2002-01-16,135.75877
2002-01-17,141.91853
2002-01-18,134.70685
2002-01-19,129.99178
2002-01-20,130.94994
2002-01-21,127.70123
2002-01-22,119.82158
2002-01-23,117.19066
2002-01-24,122.47371
2002-01-25,133.64523
2002-01-26,143.9415
2002-01-27,146.4937
2002-01-28,140.63557
2002-01-29,122.729065
2002-01-30,104.655106
2002-01-31,102.15861
2002-02-01,119.477455
2002-02-02,142.11197
2002-02-03,154.3231
2002-02-04,164.05664
2002-02-05,144.98206
2002-02-06,128.4934
2002-02-07,129.56804
2002-02-08,120.01234
2002-02-09,119.90866
2002-02-10,130.24237
2002-02-11,139.61378
2002-02-12,143.9724
2002-02-13,126.799286
2002-02-14,98.29383
2002-02-15,80.39764
2002-02-16,74.31532
2002-02-17,74.585815
2002-02-18,70.15501
2002-02-19,66.58499
2002-02-20,71.99876
2002-02-21,78.565285
2002-02-22,78.31318
2002-02-23,78.1305
2002-02-24,83.94815
2002-02-25,96.242714
2002-02-26,122.10616
2002-02-27,110.48516
2002-02-28,80.74679
2002-03-01,82.968956
2002-03-02,81.99998
2002-03-03,64.712296
2002-03-04,49.943417
2002-03-05,49.151997
2002-03-06,59.02272
2002-03-07,61.45847
2002-03-08,52.483887
2002-03-09,53.180607
2002-03-10,52.608406
2002-03-11,43.896233
2002-03-12,41.713608
2002-03-13,54.053295
2002-03-14,70.35146
2002-03-15,70.83608
2002-03-16,62.796223
2002-03-17,65.887344
2002-03-18,120.8319
2002-03-19,153.76547
2002-03-20,116.23332
2002-03-21,106.67542
2002-03-22,171.99902
2002-03-23,330.12396
2002-03-24,437.40155
2002-03-25,419.57886
2002-03-26,290.24765
2002-03-27,124.56664
2002-03-28,88.59932
2002-03-29,126.69691
2002-03-30,188.48811
2002-03-31,171.09937
2002-04-01,172.31116
2002-04-02,138.50945
2002-04-03,76.11969
2002-04-04,107.049034
2002-04-05,147.87553
2002-04-06,138.30382
2002-04-07,115.61894
2002-04-08,97.9882
2002-04-09,129.38985
2002-04-10,177.76518
2002-04-11,177.6794
2002-04-12,221.34668
2002-04-13,248.31918
2002-04-14,156.18567
2002-04-15,120.39618
2002-04-16,125.55183
2002-04-17,145.31116
2002-04-18,130.53629
2002-04-19,151.08661
2002-04-20,220.12952
2002-04-21,313.67145
2002-04-22,358.66693
2002-04-23,368.41373
2002-04-24,412.45108
2002-04-25,423.5826
2002-04-26,394.20572
2002-04-27,500.9067
2002-04-28,463.82382
2002-04-29,398.7365
2002-04-30,305.2196
2002-05-01,247.77083
2002-05-02,209.08682
2002-05-03,210.29576
2002-05-04,231.99821
2002-05-05,235.83609
2002-05-06,216.79724
2002-05-07,199.26805
2002-05-08,207.95386
2002-05-09,221.58087
2002-05-10,233.25198
2002-05-11,227.46631
2002-05-12,216.30412
2002-05-13,237.7247
2002-05-14,271.1001
2002-05-15,247.53072
2002-05-16,204.29333
2002-05-17,286.63193
2002-05-18,490.08008
2002-05-19,612.14746
2002-05-20,582.882
2002-05-21,490.54553
2002-05-22,413.5183
2002-05-23,360.78815
2002-05-24,409.09906
2002-05-25,397.0801
2002-05-26,445.85208
2002-05-27,683.11523
2002-05-28,2007.2211
2002-05-29,1997.6667
2002-05-30,797.7058
2002-05-31,449.3621
2002-06-01,391.35413
2002-06-02,384.89105
2002-06-03,411.2859
2002-06-04,512.09204
2002-06-05,504.4007
2002-06-06,466.2977
2002-06-07,579.1405
2002-06-08,543.9026
2002-06-09,466.9955
2002-06-10,457.04803
2002-06-11,444.014
2002-06-12,486.67316
2002-06-13,511.1962
2002-06-14,474.29944
2002-06-15,548.8913
2002-06-16,554.78845
2002-06-17,515.747
2002-06-18,496.4531
2002-06-19,534.784
2002-06-20,571.8832
2002-06-21,490.39188
2002-06-22,427.16586
2002-06-23,432.83994
2002-06-24,455.5997
2002-06-25,458.145
2002-06-26,473.6988
2002-06-27,469.5435
2002-06-28,431.05392
2002-06-29,433.31042
2002-06-30,491.0321
2002-07-01,536.786
2002-07-02,502.17682
2002-07-03,388.32507
2002-07-04,360.37082
2002-07-05,378.5201
2002-07-06,389.01297
2002-07-07,406.24927
2002-07-08,427.04916
2002-07-09,630.5156
2002-07-10,665.8043
2002-07-11,422.8708
2002-07-12,348.21426
2002-07-13,380.01202
2002-07-14,469.1603
2002-07-15,749.9936
2002-07-16,622.86206
2002-07-17,491.22824
2002-07-18,652.24536
2002-07-19,745.6645
2002-07-20,1119.3345
2002-07-21,1313.8708
2002-07-22,1162.0295
2002-07-23,1029.9835
2002-07-24,1269.596
2002-07-25,959.6452
2002-07-26,654.1383
2002-07-27,580.72375
2002-07-28,536.5131
2002-07-29,499.74158
2002-07-30,465.2348
2002-07-31,513.4226
2002-08-01,538.6406
2002-08-02,569.3927
2002-08-03,495.7336
2002-08-04,478.03873
2002-08-05,412.35553
2002-08-06,396.7404
2002-08-07,399.65988
2002-08-08,374.9825
2002-08-09,332.86755
2002-08-10,355.02496
2002-08-11,388.5718
2002-08-12,372.50037
2002-08-13,364.80777
2002-08-14,325.7599
2002-08-15,319.45657
2002-08-16,341.83884
2002-08-17,365.84607
2002-08-18,350.90253
2002-08-19,343.93253
2002-08-20,401.21982
2002-08-21,404.15155
2002-08-22,373.068
2002-08-23,333.85684
2002-08-24,402.52194
2002-08-25,428.37692
2002-08-26,466.73486
2002-08-27,508.92392
2002-08-28,505.39536
2002-08-29,490.17804
2002-08-30,479.50665
2002-08-31,484.31744
2002-09-01,419.84018
2002-09-02,489.59216
2002-09-03,460.82803
2002-09-04,429.62793
2002-09-05,405.71515
2002-09-06,451.02985
2002-09-07,518.97266
2002-09-08,533.1684
2002-09-09,476.23212
2002-09-10,407.5741
2002-09-11,409.9068
2002-09-12,438.46194
2002-09-13,509.6358
2002-09-14,530.2752
2002-09-15,521.351
2002-09-16,562.03546
2002-09-17,598.7227
2002-09-18,513.3565
2002-09-19,479.98953
2002-09-20,522.0834
2002-09-21,581.4478
2002-09-22,621.68085
2002-09-23,595.50446
2002-09-24,596.7391
2002-09-25,587.00476
2002-09-26,603.50146
2002-09-27,600.3771
2002-09-28,556.3293
2002-09-29,579.4823
2002-09-30,573.3658
2002-10-01,552.1946
2002-10-02,545.29175
2002-10-03,501.68967
2002-10-04,452.36252
2002-10-05,423.7279
2002-10-06,383.48663
2002-10-07,390.20297
2002-10-08,426.54016
2002-10-09,435.2514
2002-10-10,542.49347
2002-10-11,512.31464
2002-10-12,430.31125
2002-10-13,423.83026
2002-10-14,620.65967
2002-10-15,1034.5636
2002-10-16,1099.4423
2002-10-17,735.51294
2002-10-18,547.06244
2002-10-19,601.9504
2002-10-20,580.65985
2002-10-21,501.9358
2002-10-22,453.69763
2002-10-23,409.7088
2002-10-24,430.71353
2002-10-25,486.76703
2002-10-26,581.45667
2002-10-27,645.8761
2002-10-28,587.5941
2002-10-29,493.0401
2002-10-30,501.8034
2002-10-31,893.76324
2002-11-01,813.6102
2002-11-02,575.7805
2002-11-03,501.60294
2002-11-04,517.70593
2002-11-05,535.51605
2002-11-06,484.566
2002-11-07,450.54395
2002-11-08,455.62137
2002-11-09,569.38245
2002-11-10,611.5006
2002-11-11,505.53534
2002-11-12,428.89792
2002-11-13,371.97192
2002-11-14,365.60428
2002-11-15,377.98206
2002-11-16,424.1631
2002-11-17,412.07608
2002-11-18,357.3294
2002-11-19,382.00482
2002-11-20,369.40186
2002-11-21,324.02203
2002-11-22,308.829
2002-11-23,303.3787
2002-11-24,363.4529
2002-11-25,419.25256
2002-11-26,460.83084
2002-11-27,411.8575
2002-11-28,289.62003
2002-11-29,260.1431
2002-11-30,274.3755
2002-12-01,312.4497
2002-12-02,321.48746
2002-12-03,291.61102
2002-12-04,264.67563
2002-12-05,273.4277
2002-12-06,308.8261
2002-12-07,341.66193
2002-12-08,344.1192
2002-12-09,334.01263
2002-12-10,292.30124
2002-12-11,233.06973
2002-12-12,209.26193
2002-12-13,200.20724
2002-12-14,195.74208
2002-12-15,207.91902
2002-12-16,230.14774
2002-12-17,306.6075
2002-12-18,375.71982
2002-12-19,391.0684
2002-12-20,314.7539
2002-12-21,229.74365
2002-12-22,207.64888
2002-12-23,199.1003
2002-12-24,196.17175
2002-12-25,187.31134
2002-12-26,182.35194
2002-12-27,179.26477
2002-12-28,189.391
2002-12-29,183.59525
2002-12-30,181.80666
2002-12-31,188.21622
2003-01-01,176.12003
2003-01-02,155.54991
2003-01-03,160.12389
2003-01-04,167.73082
2003-01-05,162.29076
2003-01-06,162.8212
2003-01-07,162.90285
2003-01-08,147.34265
2003-01-09,137.13644
2003-01-10,140.55768
2003-01-11,171.43481
2003-01-12,172.1012
2003-01-13,144.1964
2003-01-14,141.26746
2003-01-15,137.12572
2003-01-16,131.53946
2003-01-17,156.43202
2003-01-18,155.00598
2003-01-19,121.68371
2003-01-20,114.073715
2003-01-21,114.01869
2003-01-22,109.92213
2003-01-23,104.89065
2003-01-24,95.756584
2003-01-25,89.26158
2003-01-26,88.19288
2003-01-27,90.3022
2003-01-28,85.63451
2003-01-29,84.30166
2003-01-30,83.83432
2003-01-31,81.127205
2003-02-01,74.4565
2003-02-02,72.14917
2003-02-03,78.830574
2003-02-04,79.65007
2003-02-05,74.695206
2003-02-06,67.71251
2003-02-07,61.087017
2003-02-08,57.544384
2003-02-09,56.404823
2003-02-10,63.528625
2003-02-11,74.947685
2003-02-12,82.70246
2003-02-13,111.26042
2003-02-14,128.14516
2003-02-15,114.298615
2003-02-16,83.157196
2003-02-17,72.637184
2003-02-18,66.27699
2003-02-19,60.030106
2003-02-20,80.62835
2003-02-21,117.07962
2003-02-22,98.33059
2003-02-23,62.5362
2003-02-24,58.53539
2003-02-25,58.07503
2003-02-26,54.119545
2003-02-27,55.384922
2003-02-28,72.07326
2003-03-01,98.98129
2003-03-02,107.08362
2003-03-03,91.122795
2003-03-04,58.014484
2003-03-05,62.129646
2003-03-06,73.201164
2003-03-07,60.156754
2003-03-08,39.87288
2003-03-09,31.892168
2003-03-10,28.087742
2003-03-11,29.644781
2003-03-12,34.509426
2003-03-13,37.851837
2003-03-14,44.452263
2003-03-15,46.44177
2003-03-16,61.569393
2003-03-17,101.24743
2003-03-18,125.9124
2003-03-19,89.532074
2003-03-20,65.29022
2003-03-21,86.12647
2003-03-22,150.75323
2003-03-23,284.50217
2003-03-24,372.66675
2003-03-25,250.30374
2003-03-26,124.959526
2003-03-27,69.55873
2003-03-28,175.74852
2003-03-29,352.1564
2003-03-30,256.84558
2003-03-31,117.05957
2003-04-01,109.43527
2003-04-02,147.60622
2003-04-03,155.92
2003-04-04,121.13946
2003-04-05,72.56305
2003-04-06,92.73546
2003-04-07,147.63902
2003-04-08,131.01086
2003-04-09,103.88029
2003-04-10,114.531456
2003-04-11,173.50325
2003-04-12,216.40166
2003-04-13,201.37569
2003-04-14,422.2763
2003-04-15,2025.6506
2003-04-16,3822.271
2003-04-17,2503.9048
2003-04-18,837.93665
2003-04-19,381.6921
2003-04-20,273.85962
2003-04-21,290.9465
2003-04-22,348.18747
2003-04-23,376.78275
2003-04-24,407.32703
2003-04-25,463.31787
2003-04-26,446.72104
2003-04-27,507.27136
2003-04-28,588.5254
2003-04-29,545.37695
2003-04-30,470.4937
2003-05-01,513.3157
2003-05-02,755.25525
2003-05-03,790.1849
2003-05-04,429.8033
2003-05-05,319.2693
2003-05-06,477.40164
2003-05-07,547.84344
2003-05-08,1188.7725
2003-05-09,1350.9135
2003-05-10,787.96857
2003-05-11,569.2605
2003-05-12,584.888
2003-05-13,762.0015
2003-05-14,910.4362
2003-05-15,1015.69525
2003-05-16,1039.1759
2003-05-17,833.91626
2003-05-18,695.7879
2003-05-19,661.28876
2003-05-20,811.5291
2003-05-21,1609.6895
2003-05-22,1222.4298
2003-05-23,684.4517
2003-05-24,557.0207
2003-05-25,530.494
2003-05-26,525.3823
2003-05-27,502.96225
2003-05-28,627.09735
2003-05-29,651.82904
2003-05-30,534.8962
2003-05-31,452.44858
2003-06-01,443.18588
2003-06-02,494.8497
2003-06-03,530.5989
2003-06-04,578.036
2003-06-05,542.25226
2003-06-06,600.0477
2003-06-07,580.622
2003-06-08,557.25824
2003-06-09,652.7647
2003-06-10,662.72797
2003-06-11,663.8027
2003-06-12,588.5499
2003-06-13,567.9529
2003-06-14,610.0488
2003-06-15,939.2464
2003-06-16,1043.7601
2003-06-17,948.02783
2003-06-18,818.35693
2003-06-19,786.8632
2003-06-20,785.7327
2003-06-21,960.11676
2003-06-22,958.4681
2003-06-23,801.9222
2003-06-24,844.99243
2003-06-25,817.6595
2003-06-26,793.60095
2003-06-27,684.6109
2003-06-28,607.01587
2003-06-29,563.2351
2003-06-30,522.6356
2003-07-01,526.28687
2003-07-02,527.845
2003-07-03,566.5163
2003-07-04,816.1669
2003-07-05,743.5103
2003-07-06,602.53687
2003-07-07,569.0371
2003-07-08,577.12714
2003-07-09,582.54315
2003-07-10,517.63275
2003-07-11,476.6349
2003-07-12,518.62213
2003-07-13,544.2571
2003-07-14,566.81757
2003-07-15,717.74347
2003-07-16,719.498
2003-07-17,654.2207
2003-07-18,660.9301
2003-07-19,1065.6205
2003-07-20,1020.98663
2003-07-21,587.74036
2003-07-22,480.01935
2003-07-23,472.96912
2003-07-24,440.47272
2003-07-25,437.84546
2003-07-26,470.90506
2003-07-27,665.8112
2003-07-28,899.269
2003-07-29,1323.552
2003-07-30,1164.2742
2003-07-31,830.6441
2003-08-01,683.9277
2003-08-02,697.2844
2003-08-03,662.48755
2003-08-04,637.40204
2003-08-05,640.7872
2003-08-06,618.02094
2003-08-07,563.65314
2003-08-08,484.8046
2003-08-09,458.27396
2003-08-10,443.90686
2003-08-11,455.45026
2003-08-12,523.3623
2003-08-13,549.96686
2003-08-14,521.6708
2003-08-15,485.19476
2003-08-16,466.38776
2003-08-17,516.5704
2003-08-18,579.91986
2003-08-19,570.9532
2003-08-20,513.2875
2003-08-21,503.8929
2003-08-22,530.34454
2003-08-23,594.06226
2003-08-24,712.01965
2003-08-25,700.1523
2003-08-26,701.07324
2003-08-27,645.9705
2003-08-28,659.35
2003-08-29,1313.3108
2003-08-30,1740.1271
2003-08-31,1105.0746
2003-09-01,773.1917
2003-09-02,744.5943
2003-09-03,695.728
2003-09-04,606.7507
2003-09-05,547.0796
2003-09-06,521.37634
2003-09-07,544.00464
2003-09-08,664.5667
2003-09-09,1048.0563
2003-09-10,931.74915
2003-09-11,620.3373
2003-09-12,592.54663
2003-09-13,652.3443
2003-09-14,692.58453
2003-09-15,649.488
2003-09-16,555.16705
2003-09-17,530.63025
2003-09-18,602.90857
2003-09-19,661.9622
2003-09-20,618.7447
2003-09-21,586.2374
2003-09-22,666.5988
2003-09-23,690.81866
2003-09-24,642.1953
2003-09-25,651.4223
2003-09-26,1172.373
2003-09-27,1250.9796
2003-09-28,809.9593
2003-09-29,674.5101
2003-09-30,654.08685
2003-10-01,684.21484
2003-10-02,725.41693
2003-10-03,885.5095
2003-10-04,1342.7445
2003-10-05,1115.6188
2003-10-06,837.91656
2003-10-07,719.8062
2003-10-08,667.84607
2003-10-09,1055.8828
2003-10-10,1142.3983
2003-10-11,840.0584
2003-10-12,713.6341
2003-10-13,641.0319
2003-10-14,616.86127
2003-10-15,583.56116
2003-10-16,613.8787
2003-10-17,640.2835
2003-10-18,590.47174
2003-10-19,516.03735
2003-10-20,449.30316
2003-10-21,519.9906
2003-10-22,664.9399
2003-10-23,827.8726
2003-10-24,746.42377
2003-10-25,596.22284
2003-10-26,522.50116
2003-10-27,528.7432
2003-10-28,542.4902
2003-10-29,512.9862
2003-10-30,577.8371
2003-10-31,642.6214
2003-11-01,593.3789
2003-11-02,538.79114
2003-11-03,499.32294
2003-11-04,496.1789
2003-11-05,451.6641
2003-11-06,380.5493
2003-11-07,368.18298
2003-11-08,429.286
2003-11-09,459.7709
2003-11-10,503.27585
2003-11-11,626.4172
2003-11-12,624.6715
2003-11-13,670.7101
2003-11-14,865.6084
2003-11-15,846.31946
2003-11-16,706.317
2003-11-17,636.71454
2003-11-18,560.13574
2003-11-19,530.5209
2003-11-20,472.84518
2003-11-21,433.49753
2003-11-22,441.80368
2003-11-23,475.24594
2003-11-24,535.7508
2003-11-25,557.2688
2003-11-26,583.3878
2003-11-27,578.5961
2003-11-28,491.39948
2003-11-29,407.64215
2003-11-30,379.6267
2003-12-01,413.78568
2003-12-02,588.8039
2003-12-03,740.27277
2003-12-04,736.8415
2003-12-05,676.78516
2003-12-06,565.5664
2003-12-07,479.37402
2003-12-08,418.32773
2003-12-09,425.85696
2003-12-10,485.12018
2003-12-11,461.2022
2003-12-12,378.53992
2003-12-13,343.45166
2003-12-14,347.23203
2003-12-15,371.18674
2003-12-16,365.07654
2003-12-17,344.52725
2003-12-18,326.49823
2003-12-19,299.36282
2003-12-20,279.33212
2003-12-21,286.91296
2003-12-22,317.3458
2003-12-23,357.56284
2003-12-24,416.19302
2003-12-25,404.62543
2003-12-26,350.68506
2003-12-27,313.57
2003-12-28,307.76804
2003-12-29,291.7263
2003-12-30,285.2055
2003-12-31,256.3129
2004-01-01,231.81375
2004-01-02,222.65012
2004-01-03,208.9133
2004-01-04,200.30666
2004-01-05,197.06357
2004-01-06,199.42465
2004-01-07,207.64151
2004-01-08,237.86032
2004-01-09,350.2041
2004-01-10,360.45535
2004-01-11,286.97748
2004-01-12,279.06146
2004-01-13,288.0898
2004-01-14,287.06158
2004-01-15,227.7938
2004-01-16,183.7748
2004-01-17,175.39685
2004-01-18,171.30925
2004-01-19,170.59436
2004-01-20,175.10788
2004-01-21,174.19702
2004-01-22,160.82835
2004-01-23,164.21281
2004-01-24,160.99298
2004-01-25,148.24501
2004-01-26,142.00804
2004-01-27,130.53589
2004-01-28,123.924644
2004-01-29,122.78136
2004-01-30,123.8033
2004-01-31,123.579185
2004-02-01,115.264084
2004-02-02,109.23062
2004-02-03,110.158936
2004-02-04,104.9261
2004-02-05,97.75931
2004-02-06,96.92835
2004-02-07,92.05003
2004-02-08,86.41011
2004-02-09,85.18386
2004-02-10,84.73394
2004-02-11,78.834946
2004-02-12,72.44197
2004-02-13,71.50756
2004-02-14,80.86634
2004-02-15,94.54254
2004-02-16,117.73653
2004-02-17,109.473305
2004-02-18,82.28837
2004-02-19,72.46184
2004-02-20,72.941124
2004-02-21,79.06503
2004-02-22,73.87992
2004-02-23,66.26261
2004-02-24,76.527794
2004-02-25,111.56725
2004-02-26,151.90015
2004-02-27,133.15752
2004-02-28,95.80705
2004-02-29,80.01703
2004-03-01,86.27571
2004-03-02,121.91468
2004-03-03,106.46342
2004-03-04,79.49161
2004-03-05,72.465385
2004-03-06,65.46622
2004-03-07,65.11412
2004-03-08,81.92583
2004-03-09,88.64725
2004-03-10,93.88127
2004-03-11,117.43245
2004-03-12,89.08808
2004-03-13,73.64665
2004-03-14,72.6435
2004-03-15,56.0564
2004-03-16,42.598415
2004-03-17,42.017662
2004-03-18,70.224724
2004-03-19,92.28206
2004-03-20,58.425343
2004-03-21,42.194164
2004-03-22,40.857452
2004-03-23,37.92863
2004-03-24,48.536896
2004-03-25,51.23284
2004-03-26,36.698788
2004-03-27,43.036808
2004-03-28,69.454056
2004-03-29,88.33852
2004-03-30,82.1383
2004-03-31,63.705467
2004-04-01,51.89955
2004-04-02,42.28914
2004-04-03,38.4382
2004-04-04,50.60668
2004-04-05,81.40299
2004-04-06,93.95148
2004-04-07,102.74959
2004-04-08,81.6642
2004-04-09,57.33269
2004-04-10,52.61227
2004-04-11,67.39405
2004-04-12,87.92257
2004-04-13,116.39217
2004-04-14,123.055275
2004-04-15,103.31418
2004-04-16,153.22716
2004-04-17,175.75238
2004-04-18,158.13869
2004-04-19,99.115654
2004-04-20,59.154903
2004-04-21,63.990696
2004-04-22,118.983246
2004-04-23,194.19183
2004-04-24,257.8168
2004-04-25,277.6977
2004-04-26,294.1635
2004-04-27,301.62686
2004-04-28,305.1316
2004-04-29,283.63086
2004-04-30,241.59122
2004-05-01,211.41994
2004-05-02,240.69537
2004-05-03,301.35684
2004-05-04,352.84827
2004-05-05,354.36902
2004-05-06,348.35822
2004-05-07,316.5224
2004-05-08,276.06287
2004-05-09,241.98987
2004-05-10,275.9035
2004-05-11,391.63843
2004-05-12,471.10663
2004-05-13,641.7271
2004-05-14,681.4239
2004-05-15,531.6535
2004-05-16,548.336
2004-05-17,565.30597
2004-05-18,651.5158
2004-05-19,755.6156
2004-05-20,655.8513
2004-05-21,499.78986
2004-05-22,657.0018
2004-05-23,757.8888
2004-05-24,690.4967
2004-05-25,646.6694
2004-05-26,507.20874
2004-05-27,414.8259
2004-05-28,415.8352
2004-05-29,444.6401
2004-05-30,467.41617
2004-05-31,486.47083
2004-06-01,440.78384
2004-06-02,392.55368
2004-06-03,392.81723
2004-06-04,479.5703
2004-06-05,514.37775
2004-06-06,523.23395
2004-06-07,699.473
2004-06-08,1223.3245
2004-06-09,1080.6576
2004-06-10,686.80743
2004-06-11,542.20874
2004-06-12,429.98825
2004-06-13,425.51767
2004-06-14,381.43582
2004-06-15,390.17056
2004-06-16,441.19366
2004-06-17,423.0504
2004-06-18,426.35532
2004-06-19,463.15402
2004-06-20,503.2789
2004-06-21,545.4869
2004-06-22,498.82135
2004-06-23,447.12454
2004-06-24,472.11942
2004-06-25,479.12686
2004-06-26,449.4099
2004-06-27,400.14847
2004-06-28,415.42737
2004-06-29,474.01562
2004-06-30,506.5385
2004-07-01,496.4675
2004-07-02,496.18362
2004-07-03,464.39178
2004-07-04,418.50922
2004-07-05,412.03296
2004-07-06,412.3288
2004-07-07,571.01306
2004-07-08,626.6749
2004-07-09,536.98914
2004-07-10,591.26373
2004-07-11,636.82294
2004-07-12,627.9623
2004-07-13,518.0636
2004-07-14,483.44522
2004-07-15,437.56427
2004-07-16,455.492
2004-07-17,460.208
2004-07-18,521.53107
2004-07-19,518.0307
2004-07-20,490.31494
2004-07-21,567.47034
2004-07-22,595.9118
2004-07-23,619.4503
2004-07-24,803.20715
2004-07-25,1834.1956
2004-07-26,1818.7122
2004-07-27,847.4327
2004-07-28,570.79034
2004-07-29,613.71893
2004-07-30,754.4103
2004-07-31,802.4637
2004-08-01,710.0206
2004-08-02,562.7266
2004-08-03,512.76
2004-08-04,513.8569
2004-08-05,474.56198
2004-08-06,481.4003
2004-08-07,542.9619
2004-08-08,546.8239
2004-08-09,491.7792
2004-08-10,419.873
2004-08-11,375.72144
2004-08-12,370.6093
2004-08-13,377.37247
2004-08-14,384.74673
2004-08-15,382.27023
2004-08-16,379.39688
2004-08-17,329.29556
2004-08-18,315.37195
2004-08-19,329.5776
2004-08-20,327.17728
2004-08-21,362.20657
2004-08-22,398.79626
2004-08-23,413.4987
2004-08-24,401.6242
2004-08-25,482.00226
2004-08-26,511.9025
2004-08-27,472.9054
2004-08-28,440.83395
2004-08-29,498.29593
2004-08-30,486.48367
2004-08-31,449.70773
2004-09-01,434.83047
2004-09-02,406.77756
2004-09-03,426.96664
2004-09-04,401.91183
2004-09-05,371.82864
2004-09-06,395.31934
2004-09-07,569.5761
2004-09-08,1017.04474
2004-09-09,1052.0718
2004-09-10,877.44885
2004-09-11,802.94867
2004-09-12,893.8791
2004-09-13,838.82855
2004-09-14,815.92883
2004-09-15,763.08856
2004-09-16,730.8895
2004-09-17,687.068
2004-09-18,662.18976
2004-09-19,618.87115
2004-09-20,588.75183
2004-09-21,591.27075
2004-09-22,540.8513
2004-09-23,503.51532
2004-09-24,537.12463
2004-09-25,589.25977
2004-09-26,538.1057
2004-09-27,466.19565
2004-09-28,475.9502
2004-09-29,506.77106
2004-09-30,590.0451
2004-10-01,574.6535
2004-10-02,567.56647
2004-10-03,697.4269
2004-10-04,709.45483
2004-10-05,606.9497
2004-10-06,560.4619
2004-10-07,642.3709
2004-10-08,712.67236
2004-10-09,631.94775
2004-10-10,577.00305
2004-10-11,766.4916
2004-10-12,692.0179
2004-10-13,641.9075
2004-10-14,966.22107
2004-10-15,768.0479
2004-10-16,494.27478
2004-10-17,430.6481
2004-10-18,421.18613
2004-10-19,474.88812
2004-10-20,492.5908
2004-10-21,555.281
2004-10-22,663.3344
2004-10-23,711.9875
2004-10-24,749.56085
2004-10-25,651.36554
2004-10-26,512.99207
2004-10-27,446.48062
2004-10-28,440.55038
2004-10-29,489.9277
2004-10-30,506.96255
2004-10-31,528.8024
2004-11-01,543.5596
2004-11-02,539.20184
2004-11-03,510.7977
2004-11-04,560.7112
2004-11-05,546.4553
2004-11-06,596.4745
2004-11-07,993.1105
2004-11-08,1039.0076
2004-11-09,1509.8951
2004-11-10,1495.5955
2004-11-11,1000.47125
2004-11-12,1182.5183
2004-11-13,1031.2781
2004-11-14,808.4621
2004-11-15,671.5911
2004-11-16,520.2216
2004-11-17,476.2023
2004-11-18,506.77332
2004-11-19,563.65155
2004-11-20,645.7416
2004-11-21,654.14545
2004-11-22,632.5407
2004-11-23,564.1233
2004-11-24,469.7498
2004-11-25,435.4063
2004-11-26,434.98743
2004-11-27,453.1954
2004-11-28,436.9306
2004-11-29,404.31604
2004-11-30,376.51443
2004-12-01,344.5819
2004-12-02,327.07468
2004-12-03,315.4715
2004-12-04,304.29462
2004-12-05,301.26276
2004-12-06,310.02728
2004-12-07,322.999
2004-12-08,317.7011
2004-12-09,325.90198
2004-12-10,313.88373
2004-12-11,293.27808
2004-12-12,295.06064
2004-12-13,409.8774
2004-12-14,1326.1547
2004-12-15,1356.5424
2004-12-16,722.4945
2004-12-17,445.27884
2004-12-18,357.32532
2004-12-19,311.24405
2004-12-20,284.94022
2004-12-21,272.7541
2004-12-22,260.75125
2004-12-23,241.72661
2004-12-24,227.14816
2004-12-25,268.1052
2004-12-26,257.67368
2004-12-27,223.721
2004-12-28,221.89062
2004-12-29,218.13658
2004-12-30,192.99477
2004-12-31,191.47455
2005-01-01,194.0281
2005-01-02,167.88777
2005-01-03,157.84637
2005-01-04,157.6086
2005-01-05,153.59175
2005-01-06,148.51819
2005-01-07,147.01593
2005-01-08,146.1591
2005-01-09,148.81491
2005-01-10,151.89488
2005-01-11,165.80899
2005-01-12,207.22202
2005-01-13,281.15085
2005-01-14,273.47128
2005-01-15,193.80417
2005-01-16,154.65344
2005-01-17,164.11935
2005-01-18,169.63136
2005-01-19,169.2029
2005-01-20,182.90808
2005-01-21,146.74017
2005-01-22,109.124664
2005-01-23,109.17885
2005-01-24,107.154816
2005-01-25,93.5153
2005-01-26,90.92239
2005-01-27,96.568954
2005-01-28,97.748985
2005-01-29,94.726494
2005-01-30,98.36976
2005-01-31,116.99477
2005-02-01,115.24757
2005-02-02,103.6083
2005-02-03,93.22863
2005-02-04,83.03935
2005-02-05,78.50491
2005-02-06,76.14617
2005-02-07,77.377014
2005-02-08,87.50962
2005-02-09,93.10648
2005-02-10,98.25916
2005-02-11,115.180046
2005-02-12,110.35823
2005-02-13,104.229
2005-02-14,113.472435
2005-02-15,129.4955
2005-02-16,119.0257
2005-02-17,86.233055
2005-02-18,74.86602
2005-02-19,73.72953
2005-02-20,70.29681
2005-02-21,66.22414
2005-02-22,66.03021
2005-02-23,65.67328
2005-02-24,63.232155
2005-02-25,59.635468
2005-02-26,59.933098
2005-02-27,61.97988
2005-02-28,62.011013
2005-03-01,59.481224
2005-03-02,64.38581
2005-03-03,76.224205
2005-03-04,89.48292
2005-03-05,85.19402
2005-03-06,160.71962
2005-03-07,185.89124
2005-03-08,167.63231
2005-03-09,320.5501
2005-03-10,296.3656
2005-03-11,189.71066
2005-03-12,176.48785
2005-03-13,148.84691
2005-03-14,107.75811
2005-03-15,95.92879
2005-03-16,99.00013
2005-03-17,98.73715
2005-03-18,97.33984
2005-03-19,104.58685
2005-03-20,100.70144
2005-03-21,98.68067
2005-03-22,99.922134
2005-03-23,124.401695
2005-03-24,174.18668
2005-03-25,163.25937
2005-03-26,140.4239
2005-03-27,155.66373
2005-03-28,144.99623
2005-03-29,143.43227
2005-03-30,120.38136
2005-03-31,102.28168
2005-04-01,115.20881
2005-04-02,119.33028
2005-04-03,128.41016
2005-04-04,121.95609
2005-04-05,146.73146
2005-04-06,171.22884
2005-04-07,171.33104
2005-04-08,201.7596
2005-04-09,291.84247
2005-04-10,339.37613
2005-04-11,306.8199
2005-04-12,314.42795
2005-04-13,298.4522
2005-04-14,231.98175
2005-04-15,203.49762
2005-04-16,179.27304
2005-04-17,200.40411
2005-04-18,339.27194
2005-04-19,335.6928
2005-04-20,268.7898
2005-04-21,290.70813
2005-04-22,275.3321
2005-04-23,258.819
2005-04-24,246.13364
2005-04-25,187.45474
2005-04-26,170.76299
2005-04-27,171.05289
2005-04-28,156.92015
2005-04-29,155.98196
2005-04-30,221.1173
2005-05-01,199.69691
2005-05-02,176.4396
2005-05-03,198.52458
2005-05-04,265.99365
2005-05-05,307.35126
2005-05-06,335.95084
2005-05-07,322.57
2005-05-08,381.02777
2005-05-09,537.74567
2005-05-10,611.9116
2005-05-11,419.979
2005-05-12,327.92307
2005-05-13,320.4331
2005-05-14,389.05127
2005-05-15,547.3098
2005-05-16,828.2192
2005-05-17,954.657
2005-05-18,809.38257
2005-05-19,671.49963
2005-05-20,811.9382
2005-05-21,810.4652
2005-05-22,584.6312
2005-05-23,453.55154
2005-05-24,380.64407
2005-05-25,467.36786
2005-05-26,475.26013
2005-05-27,442.82083
2005-05-28,389.0578
2005-05-29,357.56094
2005-05-30,311.74265
2005-05-31,313.3354
2005-06-01,353.5377
2005-06-02,353.33163
2005-06-03,417.91168
2005-06-04,604.3528
2005-06-05,629.071
2005-06-06,498.58096
2005-06-07,495.4913
2005-06-08,595.0202
2005-06-09,642.9335
2005-06-10,639.58307
2005-06-11,595.68463
2005-06-12,596.4282
2005-06-13,642.38654
2005-06-14,668.5982
2005-06-15,647.3486
2005-06-16,572.13794
2005-06-17,568.78564
2005-06-18,586.0753
2005-06-19,540.1429
2005-06-20,502.49872
2005-06-21,479.7098
2005-06-22,501.1097
2005-06-23,523.6346
2005-06-24,469.00525
2005-06-25,474.73032
2005-06-26,504.25375
2005-06-27,544.3364
2005-06-28,943.05096
2005-06-29,994.9194
2005-06-30,744.4517
2005-07-01,600.5752
2005-07-02,555.53784
2005-07-03,518.66504
2005-07-04,467.3861
2005-07-05,462.34503
2005-07-06,467.48404
2005-07-07,450.71152
2005-07-08,399.43143
2005-07-09,393.4097
2005-07-10,465.05753
2005-07-11,420.50204
2005-07-12,393.60947
2005-07-13,390.25305
2005-07-14,466.56818
2005-07-15,576.2833
2005-07-16,617.63715
2005-07-17,503.91486
2005-07-18,592.6143
2005-07-19,652.60657
2005-07-20,580.1154
2005-07-21,486.0019
2005-07-22,515.34216
2005-07-23,730.4954
2005-07-24,767.6273
2005-07-25,665.75745
2005-07-26,565.62146
2005-07-27,464.52014
2005-07-28,459.7636
2005-07-29,444.70114
2005-07-30,410.57166
2005-07-31,378.42557
2005-08-01,450.7698
2005-08-02,450.80118
2005-08-03,396.49472
2005-08-04,389.05637
2005-08-05,484.6439
2005-08-06,513.6927
2005-08-07,480.51172
2005-08-08,415.11536
2005-08-09,360.49136
2005-08-10,347.59592
2005-08-11,388.01886
2005-08-12,469.6232
2005-08-13,502.64127
2005-08-14,520.63367
2005-08-15,545.59863
2005-08-16,576.54266
2005-08-17,854.24725
2005-08-18,1071.6119
2005-08-19,943.9205
2005-08-20,1329.1616
2005-08-21,1369.2509
2005-08-22,948.7386
2005-08-23,648.818
2005-08-24,571.1338
2005-08-25,571.55206
2005-08-26,567.801
2005-08-27,582.653
2005-08-28,580.5756
2005-08-29,477.64215
2005-08-30,427.33374
2005-08-31,403.212
2005-09-01,391.7022
2005-09-02,392.57788
2005-09-03,451.41425
2005-09-04,464.9805
2005-09-05,396.23523
2005-09-06,402.55927
2005-09-07,410.75134
2005-09-08,410.89752
2005-09-09,423.76318
2005-09-10,412.2358
2005-09-11,583.3826
2005-09-12,963.71234
2005-09-13,938.3697
2005-09-14,606.9659
2005-09-15,513.14923
2005-09-16,595.6502
2005-09-17,764.00946
2005-09-18,875.19415
2005-09-19,713.98694
2005-09-20,520.9872
2005-09-21,471.0056
2005-09-22,518.6886
2005-09-23,644.36584
2005-09-24,662.4843
2005-09-25,663.51324
2005-09-26,676.133
2005-09-27,601.9659
2005-09-28,515.52686
2005-09-29,539.6214
2005-09-30,572.9248
2005-10-01,570.46356
2005-10-02,595.11224
2005-10-03,624.25397
2005-10-04,647.3526
2005-10-05,677.7351
2005-10-06,651.5467
2005-10-07,566.8826
2005-10-08,519.9429
2005-10-09,503.00806
2005-10-10,611.8293
2005-10-11,665.2233
2005-10-12,587.2603
2005-10-13,514.84863
2005-10-14,455.56577
2005-10-15,467.08472
2005-10-16,450.29993
2005-10-17,428.78018
2005-10-18,397.97208
2005-10-19,411.1611
2005-10-20,415.93112
2005-10-21,458.35336
2005-10-22,481.01257
2005-10-23,515.6496
2005-10-24,503.528
2005-10-25,499.39514
2005-10-26,645.4617
2005-10-27,706.68665
2005-10-28,641.61554
2005-10-29,551.8176
2005-10-30,576.0927
2005-10-31,662.509
2005-11-01,724.52234
2005-11-02,692.7072
2005-11-03,642.59045
2005-11-04,887.57227
2005-11-05,906.4268
2005-11-06,733.60284
2005-11-07,700.234
2005-11-08,650.70917
2005-11-09,586.7191
2005-11-10,579.1865
2005-11-11,640.11896
2005-11-12,667.2843
2005-11-13,829.1747
2005-11-14,1180.7115
2005-11-15,1262.3365
2005-11-16,1085.5969
2005-11-17,1181.6582
2005-11-18,1282.1158
2005-11-19,1239.9467
2005-11-20,980.2539
2005-11-21,749.04596
2005-11-22,683.0774
2005-11-23,667.2015
2005-11-24,649.2861
2005-11-25,733.8082
2005-11-26,663.3463
2005-11-27,537.56775
2005-11-28,475.81534
2005-11-29,452.92905
2005-11-30,410.84015
2005-12-01,360.66855
2005-12-02,332.53625
2005-12-03,317.3619
2005-12-04,300.0579
2005-12-05,283.66397
2005-12-06,268.86545
2005-12-07,262.37372
2005-12-08,261.53558
2005-12-09,247.77693
2005-12-10,231.91084
2005-12-11,214.90779
2005-12-12,217.0098
2005-12-13,223.6229
2005-12-14,235.03328
2005-12-15,223.2378
2005-12-16,226.41579
2005-12-17,218.6384
2005-12-18,191.88231
2005-12-19,167.94447
2005-12-20,157.0855
2005-12-21,153.79756
2005-12-22,172.23973
2005-12-23,190.3427
2005-12-24,247.50644
2005-12-25,284.1443
2005-12-26,250.92596
2005-12-27,221.42474
2005-12-28,264.291
2005-12-29,246.44057
2005-12-30,174.5843
2005-12-31,134.71825
2006-01-01,120.83389
2006-01-02,109.63192
2006-01-03,100.14334
2006-01-04,99.126114
2006-01-05,112.98692
2006-01-06,160.7716
2006-01-07,184.31259
2006-01-08,159.14366
2006-01-09,178.87646
2006-01-10,257.97244
2006-01-11,226.11592
2006-01-12,130.18625
2006-01-13,109.17053
2006-01-14,116.00489
2006-01-15,108.827805
2006-01-16,101.47181
2006-01-17,120.53632
2006-01-18,135.48303
2006-01-19,123.386
2006-01-20,127.139046
2006-01-21,122.96337
2006-01-22,89.5937
2006-01-23,70.337585
2006-01-24,63.74727
2006-01-25,66.81962
2006-01-26,75.97526
2006-01-27,81.493126
2006-01-28,88.81867
2006-01-29,127.266556
2006-01-30,176.26842
2006-01-31,151.02443
2006-02-01,98.98371
2006-02-02,92.64784
2006-02-03,95.045525
2006-02-04,104.003044
2006-02-05,151.32059
2006-02-06,346.5014
2006-02-07,405.3449
2006-02-08,290.33093
2006-02-09,170.86182
2006-02-10,193.55557
2006-02-11,175.7506
2006-02-12,120.71258
2006-02-13,105.094215
2006-02-14,105.82039
2006-02-15,126.38869
2006-02-16,128.58444
2006-02-17,100.034294
2006-02-18,82.32558
2006-02-19,77.52305
2006-02-20,79.207054
2006-02-21,82.84842
2006-02-22,77.293175
2006-02-23,69.1089
2006-02-24,66.258934
2006-02-25,64.79056
2006-02-26,63.367126
2006-02-27,72.96657
2006-02-28,78.234566
2006-03-01,82.00372
2006-03-02,282.617
2006-03-03,321.88535
2006-03-04,143.24954
2006-03-05,93.20886
2006-03-06,92.81771
2006-03-07,93.947556
2006-03-08,90.10014
2006-03-09,128.73244
2006-03-10,259.23724
2006-03-11,250.10214
2006-03-12,141.64552
2006-03-13,96.51577
2006-03-14,79.33625
2006-03-15,72.251686
2006-03-16,62.05782
2006-03-17,59.094936
2006-03-18,63.92651
2006-03-19,71.32261
2006-03-20,92.92965
2006-03-21,122.812225
2006-03-22,112.79644
2006-03-23,104.20887
2006-03-24,124.66075
2006-03-25,202.38147
2006-03-26,278.18384
2006-03-27,356.58505
2006-03-28,342.62857
2006-03-29,232.24086
2006-03-30,254.70593
2006-03-31,274.8213
2006-04-01,249.22299
2006-04-02,310.43195
2006-04-03,373.63315
2006-04-04,327.27173
2006-04-05,295.2568
2006-04-06,258.52545
2006-04-07,308.88416
2006-04-08,571.95764
2006-04-09,642.8151
2006-04-10,490.01157
2006-04-11,447.31433
2006-04-12,378.52957
2006-04-13,380.88864
2006-04-14,382.64276
2006-04-15,328.37515
2006-04-16,287.9875
2006-04-17,234.26395
2006-04-18,198.23283
2006-04-19,197.08937
2006-04-20,239.2721
2006-04-21,282.8476
2006-04-22,286.18262
2006-04-23,248.07732
2006-04-24,221.83084
2006-04-25,230.72554
2006-04-26,285.42157
2006-04-27,319.01566
2006-04-28,476.59143
2006-04-29,1154.2745
2006-04-30,1159.6694
2006-05-01,614.8195
2006-05-02,434.8194
2006-05-03,382.296
2006-05-04,362.34192
2006-05-05,426.08408
2006-05-06,492.32733
2006-05-07,564.1013
2006-05-08,509.89246
2006-05-09,556.41376
2006-05-10,652.146
2006-05-11,695.083
2006-05-12,725.1908
2006-05-13,737.04407
2006-05-14,641.8429
2006-05-15,569.9117
2006-05-16,555.32416
2006-05-17,849.68463
2006-05-18,904.5395
2006-05-19,675.30646
2006-05-20,789.39014
2006-05-21,807.79584
2006-05-22,537.8643
2006-05-23,453.86075
2006-05-24,366.11908
2006-05-25,336.21085
2006-05-26,372.98218
2006-05-27,444.6563
2006-05-28,466.45056
2006-05-29,478.3865
2006-05-30,455.06747
2006-05-31,487.75568
2006-06-01,558.87225
2006-06-02,474.2611
2006-06-03,419.58408
2006-06-04,523.2054
2006-06-05,636.33374
2006-06-06,699.47894
2006-06-07,628.4788
2006-06-08,1010.3863
2006-06-09,1169.9658
2006-06-10,931.15594
2006-06-11,790.4839
2006-06-12,686.1936
2006-06-13,799.90656
2006-06-14,788.6115
2006-06-15,602.30884
2006-06-16,696.2333
2006-06-17,783.3402
2006-06-18,674.5447
2006-06-19,721.0297
2006-06-20,632.582
2006-06-21,540.414
2006-06-22,572.39294
2006-06-23,791.18805
2006-06-24,1537.2115
2006-06-25,1421.0623
2006-06-26,798.1565
2006-06-27,581.2752
2006-06-28,496.25723
2006-06-29,466.24976
2006-06-30,461.29086
2006-07-01,616.0524
2006-07-02,554.80914
2006-07-03,389.06262
2006-07-04,356.40012
2006-07-05,417.38614
2006-07-06,415.9081
2006-07-07,400.08133
2006-07-08,440.2747
2006-07-09,424.24805
2006-07-10,462.41934
2006-07-11,557.05457
2006-07-12,571.91284
2006-07-13,489.16522
2006-07-14,477.56192
2006-07-15,549.4039
2006-07-16,692.7705
2006-07-17,786.2131
2006-07-18,971.4711
2006-07-19,950.0619
2006-07-20,757.496
2006-07-21,704.4325
2006-07-22,605.6295
2006-07-23,580.4709
2006-07-24,594.16864
2006-07-25,585.92737
2006-07-26,613.54236
2006-07-27,626.93915
2006-07-28,671.3819
2006-07-29,767.10236
2006-07-30,1146.3235
2006-07-31,1038.8918
2006-08-01,678.75446
2006-08-02,593.0361
2006-08-03,548.89746
2006-08-04,530.78406
2006-08-05,558.00165
2006-08-06,521.0535
2006-08-07,428.79166
2006-08-08,434.06845
2006-08-09,496.67825
2006-08-10,507.99222
2006-08-11,480.96338
2006-08-12,449.6514
2006-08-13,368.2616
2006-08-14,344.6873
2006-08-15,432.07623
2006-08-16,473.3322
2006-08-17,475.27914
2006-08-18,476.61722
2006-08-19,514.5985
2006-08-20,575.00116
2006-08-21,643.3917
2006-08-22,719.0095
2006-08-23,669.70746
2006-08-24,697.6638
2006-08-25,786.28534
2006-08-26,617.10614
2006-08-27,829.23846
2006-08-28,1094.7673
2006-08-29,837.2486
2006-08-30,694.5811
2006-08-31,550.19495
2006-09-01,542.1772
2006-09-02,743.8662
2006-09-03,726.08813
2006-09-04,568.9937
2006-09-05,489.37744
2006-09-06,456.17645
2006-09-07,489.75345
2006-09-08,602.4137
2006-09-09,736.56537
2006-09-10,765.0244
2006-09-11,914.0514
2006-09-12,1179.9507
2006-09-13,1239.4419
2006-09-14,983.7563
2006-09-15,779.04846
2006-09-16,616.1386
2006-09-17,640.39575
2006-09-18,626.60004
2006-09-19,610.44745
2006-09-20,550.63513
2006-09-21,584.5818
2006-09-22,560.9338
2006-09-23,532.73663
2006-09-24,476.88644
2006-09-25,449.97845
2006-09-26,485.14755
2006-09-27,511.822
2006-09-28,595.5991
2006-09-29,530.6341
2006-09-30,415.36078
2006-10-01,450.32825
2006-10-02,477.28296
2006-10-03,501.8977
2006-10-04,567.2788
2006-10-05,543.23865
2006-10-06,525.36127
2006-10-07,531.4787
2006-10-08,508.04382
2006-10-09,438.09872
2006-10-10,399.7877
2006-10-11,435.0674
2006-10-12,458.47812
2006-10-13,448.73846
2006-10-14,523.80396
2006-10-15,531.72595
2006-10-16,436.01303
2006-10-17,460.65015
2006-10-18,542.363
2006-10-19,489.4185
2006-10-20,435.75787
2006-10-21,409.86334
2006-10-22,407.00165
2006-10-23,411.03302
2006-10-24,391.66364
2006-10-25,390.898
2006-10-26,416.97043
2006-10-27,431.77997
2006-10-28,422.27087
2006-10-29,444.36676
2006-10-30,430.57538
2006-10-31,423.9766
2006-11-01,435.15808
2006-11-02,420.31522
2006-11-03,466.0177
2006-11-04,425.1915
2006-11-05,348.77682
2006-11-06,290.94995
2006-11-07,278.04926
2006-11-08,318.20032
2006-11-09,395.01718
2006-11-10,403.50516
2006-11-11,603.2584
2006-11-12,643.8914
2006-11-13,548.95984
2006-11-14,563.4432
2006-11-15,1075.7549
2006-11-16,975.4908
2006-11-17,713.86835
2006-11-18,844.0147
2006-11-19,790.1502
2006-11-20,658.5429
2006-11-21,625.5331
2006-11-22,646.712
2006-11-23,652.7245
2006-11-24,671.0132
2006-11-25,688.2077
2006-11-26,708.05664
2006-11-27,675.8829
2006-11-28,594.02515
2006-11-29,590.6162
2006-11-30,596.6593
2006-12-01,608.91724
2006-12-02,560.32117
2006-12-03,487.51236
2006-12-04,464.36877
2006-12-05,443.5528
2006-12-06,572.1018
2006-12-07,560.5521
2006-12-08,416.77753
2006-12-09,418.65448
2006-12-10,452.80423
2006-12-11,495.2885
2006-12-12,472.67285
2006-12-13,550.409
2006-12-14,546.1635
2006-12-15,799.5363
2006-12-16,1817.0571
2006-12-17,1623.827
2006-12-18,753.7977
2006-12-19,468.01477
2006-12-20,394.7959
2006-12-21,384.51312
2006-12-22,407.8953
2006-12-23,438.66382
2006-12-24,427.29312
2006-12-25,369.15686
2006-12-26,347.70218
2006-12-27,351.3278
2006-12-28,366.14355
2006-12-29,377.0502
2006-12-30,411.16055
2006-12-31,346.32706
2007-01-01,249.34964
2007-01-02,228.12154
2007-01-03,232.14624
2007-01-04,239.69115
2007-01-05,235.84225
2007-01-06,253.36256
2007-01-07,261.82938
2007-01-08,223.73285
2007-01-09,198.17747
2007-01-10,182.75604
2007-01-11,204.48874
2007-01-12,268.01352
2007-01-13,242.894
2007-01-14,180.73134
2007-01-15,161.4888
2007-01-16,162.6986
2007-01-17,163.5898
2007-01-18,162.50998
2007-01-19,174.56487
2007-01-20,163.33725
2007-01-21,146.15904
2007-01-22,152.2987
2007-01-23,196.34253
2007-01-24,214.85435
2007-01-25,173.26382
2007-01-26,178.12024
2007-01-27,195.57713
2007-01-28,222.48122
2007-01-29,1091.3347
2007-01-30,1128.8037
2007-01-31,439.79993
2007-02-01,249.28757
2007-02-02,211.2863
2007-02-03,188.58078
2007-02-04,175.00311
2007-02-05,158.52959
2007-02-06,141.72318
2007-02-07,129.63786
2007-02-08,119.033775
2007-02-09,109.89992
2007-02-10,104.58823
2007-02-11,102.58429
2007-02-12,105.04608
2007-02-13,104.87842
2007-02-14,102.49478
2007-02-15,95.453964
2007-02-16,89.55611
2007-02-17,89.652504
2007-02-18,93.54567
2007-02-19,104.26915
2007-02-20,106.13859
2007-02-21,106.30735
2007-02-22,95.654976
2007-02-23,71.942825
2007-02-24,61.40629
2007-02-25,56.11017
2007-02-26,53.53726
2007-02-27,54.429314
2007-02-28,54.702267
2007-03-01,58.1585
2007-03-02,59.656742
2007-03-03,56.654404
2007-03-04,55.638836
2007-03-05,56.35679
2007-03-06,61.052464
2007-03-07,89.93952
2007-03-08,109.83976
2007-03-09,108.261314
2007-03-10,122.41917
2007-03-11,158.50154
2007-03-12,240.4394
2007-03-13,217.22455
2007-03-14,133.56133
2007-03-15,101.27354
2007-03-16,84.66151
2007-03-17,85.25046
2007-03-18,107.43276
2007-03-19,124.14561
2007-03-20,124.968376
2007-03-21,113.71604
2007-03-22,92.98523
2007-03-23,90.251564
2007-03-24,145.59317
2007-03-25,252.28978
2007-03-26,255.7757
2007-03-27,236.6036
2007-03-28,312.1578
2007-03-29,307.50513
2007-03-30,228.55463
2007-03-31,154.83174
2007-04-01,136.76962
2007-04-02,190.08296
2007-04-03,278.44824
2007-04-04,304.2655
2007-04-05,338.14883
2007-04-06,398.16684
2007-04-07,362.93787
2007-04-08,410.76224
2007-04-09,497.8104
2007-04-10,505.95728
2007-04-11,437.90378
2007-04-12,350.9264
2007-04-13,279.2524
2007-04-14,240.34763
2007-04-15,256.0181
2007-04-16,275.4651
2007-04-17,304.80096
2007-04-18,255.76715
2007-04-19,204.26021
2007-04-20,398.30838
2007-04-21,1501.2903
2007-04-22,1917.1268
2007-04-23,1499.9891
2007-04-24,962.73865
2007-04-25,648.9342
2007-04-26,606.503
2007-04-27,860.7895
2007-04-28,896.8141
2007-04-29,733.1041
2007-04-30,613.7865
2007-05-01,502.6607
2007-05-02,472.324
2007-05-03,517.6984
2007-05-04,557.6354
2007-05-05,597.49744
2007-05-06,592.83856
2007-05-07,619.1616
2007-05-08,695.59485
2007-05-09,678.88837
2007-05-10,769.2718
2007-05-11,980.3685
2007-05-12,968.70734
2007-05-13,1215.94
2007-05-14,1241.0746
2007-05-15,1052.9772
2007-05-16,1002.86835
2007-05-17,866.7232
2007-05-18,662.8787
2007-05-19,644.96185
2007-05-20,964.85846
2007-05-21,1784.7236
2007-05-22,1436.9153
2007-05-23,1071.4781
2007-05-24,1118.7957
2007-05-25,1029.1194
2007-05-26,884.2112
2007-05-27,901.4688
2007-05-28,1490.719
2007-05-29,2042.6633
2007-05-30,1897.2275
2007-05-31,1258.3523
2007-06-01,1001.3949
2007-06-02,1036.54
2007-06-03,966.5141
2007-06-04,827.57135
2007-06-05,731.26666
2007-06-06,699.4675
2007-06-07,675.18677
2007-06-08,669.84674
2007-06-09,692.74023
2007-06-10,655.6703
2007-06-11,629.6942
2007-06-12,585.5427
2007-06-13,538.2644
2007-06-14,498.70987
2007-06-15,472.4644
2007-06-16,465.93893
2007-06-17,510.52466
2007-06-18,525.6697
2007-06-19,533.60333
2007-06-20,552.807
2007-06-21,513.08417
2007-06-22,530.40436
2007-06-23,655.58356
2007-06-24,609.841
2007-06-25,549.8044
2007-06-26,486.30783
2007-06-27,524.3166
2007-06-28,584.79126
2007-06-29,599.8428
2007-06-30,700.27997
2007-07-01,791.2846
2007-07-02,796.1122
2007-07-03,805.60645
2007-07-04,804.62714
2007-07-05,743.94867
2007-07-06,601.195
2007-07-07,590.7527
2007-07-08,570.05817
2007-07-09,591.2127
2007-07-10,630.5794
2007-07-11,602.6979
2007-07-12,619.5526
2007-07-13,607.0489
2007-07-14,627.3573
2007-07-15,679.4757
2007-07-16,731.69147
2007-07-17,642.09076
2007-07-18,638.8457
2007-07-19,662.6196
2007-07-20,625.9714
2007-07-21,531.8279
2007-07-22,696.43427
2007-07-23,2037.4226
2007-07-24,1866.2596
2007-07-25,909.23944
2007-07-26,700.25604
2007-07-27,611.6405
2007-07-28,579.723
2007-07-29,556.2116
2007-07-30,511.99338
2007-07-31,620.0756
2007-08-01,574.52515
2007-08-02,477.13562
2007-08-03,504.37546
2007-08-04,571.90857
2007-08-05,533.6629
2007-08-06,614.6609
2007-08-07,728.5675
2007-08-08,709.9612
2007-08-09,633.1346
2007-08-10,649.6865
2007-08-11,596.27997
2007-08-12,576.9757
2007-08-13,937.4136
2007-08-14,949.2485
2007-08-15,748.00397
2007-08-16,940.0287
2007-08-17,886.2598
2007-08-18,676.43463
2007-08-19,675.23413
2007-08-20,655.18414
2007-08-21,634.0225
2007-08-22,603.9257
2007-08-23,623.61475
2007-08-24,809.4894
2007-08-25,921.66656
2007-08-26,784.8998
2007-08-27,771.21356
2007-08-28,1281.2386
2007-08-29,1125.7338
2007-08-30,786.642
2007-08-31,663.15656
2007-09-01,658.5619
2007-09-02,696.5083
2007-09-03,727.23755
2007-09-04,692.8956
2007-09-05,690.2904
2007-09-06,887.49567
2007-09-07,962.5261
2007-09-08,810.1511
2007-09-09,797.06885
2007-09-10,1030.2458
2007-09-11,1114.77
2007-09-12,768.3634
2007-09-13,661.5804
2007-09-14,602.57184
2007-09-15,559.6924
2007-09-16,685.51733
2007-09-17,950.371
2007-09-18,1435.07
2007-09-19,1151.9961
2007-09-20,760.7605
2007-09-21,628.57623
2007-09-22,622.6945
2007-09-23,607.92145
2007-09-24,621.8731
2007-09-25,572.4095
2007-09-26,527.2268
2007-09-27,537.9889
2007-09-28,591.62146
2007-09-29,624.2969
2007-09-30,598.9717
2007-10-01,531.11774
2007-10-02,548.45734
2007-10-03,701.86334
2007-10-04,664.0854
2007-10-05,638.68665
2007-10-06,619.5453
2007-10-07,684.67865
2007-10-08,683.98615
2007-10-09,683.442
2007-10-10,592.6515
2007-10-11,616.09485
2007-10-12,659.69995
2007-10-13,599.6438
2007-10-14,530.43915
2007-10-15,549.6508
2007-10-16,545.70154
2007-10-17,487.97052
2007-10-18,491.55765
2007-10-19,551.22186
2007-10-20,588.27606
2007-10-21,801.20215
2007-10-22,835.3687
2007-10-23,655.8083
2007-10-24,635.7963
2007-10-25,636.0714
2007-10-26,556.3629
2007-10-27,492.8655
2007-10-28,543.26556
2007-10-29,645.27606
2007-10-30,713.3168
2007-10-31,827.4252
2007-11-01,919.7179
2007-11-02,672.4227
2007-11-03,709.4229
2007-11-04,966.06824
2007-11-05,951.8413
2007-11-06,648.0961
2007-11-07,579.2699
2007-11-08,507.51947
2007-11-09,478.97626
2007-11-10,529.6854
2007-11-11,669.9246
2007-11-12,1527.2653
2007-11-13,1621.8087
2007-11-14,1030.1825
2007-11-15,834.6267
2007-11-16,768.52563
2007-11-17,657.13666
2007-11-18,570.7508
2007-11-19,526.125
2007-11-20,549.98584
2007-11-21,546.7171
2007-11-22,544.24274
2007-11-23,511.09512
2007-11-24,500.18048
2007-11-25,564.8183
2007-11-26,573.1542
2007-11-27,458.8069
2007-11-28,410.10852
2007-11-29,413.23883
2007-11-30,406.59198
2007-12-01,382.24435
2007-12-02,395.24136
2007-12-03,376.69748
2007-12-04,332.97946
2007-12-05,326.77606
2007-12-06,317.24457
2007-12-07,301.60318
2007-12-08,292.18118
2007-12-09,290.4751
2007-12-10,272.90274
2007-12-11,253.09157
2007-12-12,245.71056
2007-12-13,233.05595
2007-12-14,232.2564
2007-12-15,235.19608
2007-12-16,254.88443
2007-12-17,288.62704
2007-12-18,256.683
2007-12-19,255.69984
2007-12-20,261.1993
2007-12-21,247.87694
2007-12-22,217.95181
2007-12-23,201.15482
2007-12-24,213.88496
2007-12-25,234.55553
2007-12-26,211.74663
2007-12-27,209.37242
2007-12-28,201.3063
2007-12-29,259.48572
2007-12-30,621.11676
2007-12-31,448.89255
2008-01-01,206.2299
2008-01-02,154.51292
2008-01-03,141.56877
2008-01-04,126.8818
2008-01-05,114.37407
2008-01-06,108.57432
2008-01-07,105.04031
2008-01-08,112.37644
2008-01-09,133.35141
2008-01-10,130.56145
2008-01-11,128.3776
2008-01-12,145.40788
2008-01-13,145.2954
2008-01-14,128.69774
2008-01-15,109.747574
2008-01-16,104.11576
2008-01-17,116.97899
2008-01-18,146.86661
2008-01-19,139.17549
2008-01-20,118.33707
2008-01-21,101.33152
2008-01-22,95.066315
2008-01-23,97.93647
2008-01-24,94.69682
2008-01-25,86.74928
2008-01-26,82.47635
2008-01-27,86.714134
2008-01-28,106.11577
2008-01-29,101.18621
2008-01-30,88.79234
2008-01-31,84.0573
2008-02-01,71.47296
2008-02-02,62.10453
2008-02-03,60.288322
2008-02-04,60.653084
2008-02-05,59.68771
2008-02-06,58.69014
2008-02-07,57.515045
2008-02-08,63.1316
2008-02-09,84.01588
2008-02-10,118.77645
2008-02-11,139.19734
2008-02-12,127.45852
2008-02-13,107.202065
2008-02-14,101.927895
2008-02-15,114.74617
2008-02-16,122.397
2008-02-17,131.98439
2008-02-18,117.26238
2008-02-19,155.71129
2008-02-20,177.7826
2008-02-21,224.36662
2008-02-22,259.22476
2008-02-23,185.99635
2008-02-24,165.538
2008-02-25,149.68675
2008-02-26,101.243996
2008-02-27,80.70063
2008-02-28,93.89754
2008-02-29,89.1337
2008-03-01,101.31295
2008-03-02,118.28523
2008-03-03,77.64635
2008-03-04,60.05756
2008-03-05,68.996445
2008-03-06,80.79701
2008-03-07,102.222206
2008-03-08,136.0233
2008-03-09,138.21507
2008-03-10,125.4598
2008-03-11,124.84325
2008-03-12,121.058945
2008-03-13,124.64177
2008-03-14,133.46764
2008-03-15,225.12819
2008-03-16,328.68436
2008-03-17,283.98196
2008-03-18,195.04912
2008-03-19,156.62766
2008-03-20,189.81111
2008-03-21,328.6172
2008-03-22,313.63794
2008-03-23,195.9758
2008-03-24,149.4519
2008-03-25,170.78944
2008-03-26,249.72636
2008-03-27,278.93286
2008-03-28,227.9993
2008-03-29,161.39569
2008-03-30,153.18526
2008-03-31,171.0868
2008-04-01,203.61781
2008-04-02,198.37381
2008-04-03,173.60315
2008-04-04,157.15845
2008-04-05,148.83165
2008-04-06,204.54749
2008-04-07,267.99313
2008-04-08,315.29828
2008-04-09,308.16278
2008-04-10,210.86758
2008-04-11,167.31818
2008-04-12,171.86737
2008-04-13,185.73091
2008-04-14,276.131
2008-04-15,291.3337
2008-04-16,260.82233
2008-04-17,358.1398
2008-04-18,363.62732
2008-04-19,233.4984
2008-04-20,162.82962
2008-04-21,164.36282
2008-04-22,181.24907
2008-04-23,176.4422
2008-04-24,204.03313
2008-04-25,246.9782
2008-04-26,351.04636
2008-04-27,448.28748
2008-04-28,564.79175
2008-04-29,532.3087
2008-04-30,469.90347
2008-05-01,477.10547
2008-05-02,485.97406
2008-05-03,491.6237
2008-05-04,653.0184
2008-05-05,646.7717
2008-05-06,425.0161
2008-05-07,370.5626
2008-05-08,430.51874
2008-05-09,762.91455
2008-05-10,763.88165
2008-05-11,492.30597
2008-05-12,455.5334
2008-05-13,470.34256
2008-05-14,465.8834
2008-05-15,414.70288
2008-05-16,354.24518
2008-05-17,332.2895
2008-05-18,381.53616
2008-05-19,487.94357
2008-05-20,641.87305
2008-05-21,618.9124
2008-05-22,694.2928
2008-05-23,895.6991
2008-05-24,818.9211
2008-05-25,670.9678
2008-05-26,1227.9904
2008-05-27,1432.7169
2008-05-28,931.2267
2008-05-29,914.70996
2008-05-30,880.8496
2008-05-31,744.2055
2008-06-01,625.57263
2008-06-02,505.876
2008-06-03,474.2698
2008-06-04,450.8113
2008-06-05,474.45413
2008-06-06,636.75934
2008-06-07,656.4657
2008-06-08,494.19348
2008-06-09,512.445
2008-06-10,536.9977
2008-06-11,566.5001
2008-06-12,554.56665
2008-06-13,472.24005
2008-06-14,428.18335
2008-06-15,390.48007
2008-06-16,494.2832
2008-06-17,821.0996
2008-06-18,751.364
2008-06-19,549.10815
2008-06-20,415.41797
2008-06-21,426.8503
2008-06-22,439.80643
2008-06-23,420.70377
2008-06-24,465.7161
2008-06-25,583.7381
2008-06-26,692.6501
2008-06-27,686.0963
2008-06-28,639.8237
2008-06-29,708.0763
2008-06-30,663.4157
2008-07-01,724.0825
2008-07-02,719.4351
2008-07-03,710.7919
2008-07-04,797.01013
2008-07-05,1262.8184
2008-07-06,1564.2437
2008-07-07,1425.1913
2008-07-08,1293.8353
2008-07-09,1025.85
2008-07-10,877.83167
2008-07-11,864.95074
2008-07-12,884.7302
2008-07-13,917.2074
2008-07-14,867.0251
2008-07-15,820.4071
2008-07-16,1102.6761
2008-07-17,948.68396
2008-07-18,756.9644
2008-07-19,853.8858
2008-07-20,867.0428
2008-07-21,739.3545
2008-07-22,672.2678
2008-07-23,690.74316
2008-07-24,641.30664
2008-07-25,528.6877
2008-07-26,607.4551
2008-07-27,586.8789
2008-07-28,501.4262
2008-07-29,547.08093
2008-07-30,620.68445
2008-07-31,649.61707
2008-08-01,615.77826
2008-08-02,564.56323
2008-08-03,540.86383
2008-08-04,581.63306
2008-08-05,517.61285
2008-08-06,501.49643
2008-08-07,564.61426
2008-08-08,553.01337
2008-08-09,478.13037
2008-08-10,494.55188
2008-08-11,515.0033
2008-08-12,519.03925
2008-08-13,507.64124
2008-08-14,495.29718
2008-08-15,496.37967
2008-08-16,499.82156
2008-08-17,563.823
2008-08-18,635.4013
2008-08-19,825.0762
2008-08-20,769.2803
2008-08-21,613.1651
2008-08-22,565.6177
2008-08-23,594.23944
2008-08-24,631.2033
2008-08-25,634.3317
2008-08-26,641.7786
2008-08-27,667.6268
2008-08-28,787.3033
2008-08-29,750.62933
2008-08-30,624.51556
2008-08-31,558.28705
2008-09-01,544.7209
2008-09-02,582.85254
2008-09-03,662.5968
2008-09-04,758.8554
2008-09-05,826.94574
2008-09-06,824.7185
2008-09-07,706.96576
2008-09-08,645.1044
2008-09-09,594.44135
2008-09-10,535.6869
2008-09-11,549.9376
2008-09-12,562.98926
2008-09-13,634.8936
2008-09-14,593.7587
2008-09-15,465.20917
2008-09-16,426.56274
2008-09-17,435.9061
2008-09-18,431.18103
2008-09-19,482.99777
2008-09-20,493.5483
2008-09-21,452.15402
2008-09-22,430.723
2008-09-23,413.28516
2008-09-24,445.03036
2008-09-25,526.0853
2008-09-26,526.85944
2008-09-27,434.4133
2008-09-28,382.37003
2008-09-29,431.13803
2008-09-30,478.2622
2008-10-01,490.3916
2008-10-02,530.2034
2008-10-03,558.183
2008-10-04,521.4822
2008-10-05,494.92123
2008-10-06,539.6551
2008-10-07,537.6416
2008-10-08,527.8367
2008-10-09,604.8247
2008-10-10,848.72986
2008-10-11,1168.1631
2008-10-12,1264.2479
2008-10-13,2537.034
2008-10-14,2319.3293
2008-10-15,1154.2601
2008-10-16,815.91284
2008-10-17,683.93976
2008-10-18,613.88086
2008-10-19,612.13354
2008-10-20,609.0516
2008-10-21,593.7333
2008-10-22,595.98816
2008-10-23,661.4834
2008-10-24,647.9294
2008-10-25,546.3774
2008-10-26,524.2054
2008-10-27,633.5868
2008-10-28,524.1906
2008-10-29,451.37842
2008-10-30,463.67996
2008-10-31,493.80057
2008-11-01,465.6502
2008-11-02,421.10193
2008-11-03,568.466
2008-11-04,1499.3533
2008-11-05,1477.1475
2008-11-06,896.3324
2008-11-07,737.76556
2008-11-08,678.776
2008-11-09,541.9947
2008-11-10,469.61658
2008-11-11,442.72604
2008-11-12,394.8353
2008-11-13,333.09665
2008-11-14,319.07193
2008-11-15,327.63376
2008-11-16,365.14658
2008-11-17,326.51718
2008-11-18,284.94965
2008-11-19,259.77502
2008-11-20,263.71515
2008-11-21,351.7344
2008-11-22,375.76337
2008-11-23,292.97003
2008-11-24,263.39868
2008-11-25,314.13898
2008-11-26,457.20892
2008-11-27,1043.7988
2008-11-28,1917.7227
2008-11-29,2133.309
2008-11-30,1972.2686
2008-12-01,1490.3391
2008-12-02,1196.1646
2008-12-03,909.8163
2008-12-04,800.8405
2008-12-05,715.72784
2008-12-06,635.5051
2008-12-07,551.5387
2008-12-08,497.932
2008-12-09,474.4497
2008-12-10,446.34058
2008-12-11,397.23688
2008-12-12,369.91403
2008-12-13,356.4655
2008-12-14,333.13513
2008-12-15,306.75903
2008-12-16,298.16052
2008-12-17,277.3637
2008-12-18,261.01605
2008-12-19,249.52888
2008-12-20,233.64233
2008-12-21,218.71747
2008-12-22,215.63356
2008-12-23,220.36024
2008-12-24,220.0319
2008-12-25,214.0617
2008-12-26,198.35956
2008-12-27,189.93228
2008-12-28,176.62415
2008-12-29,162.05934
2008-12-30,153.28795
2008-12-31,145.1088
2009-01-01,139.41982
2009-01-02,138.53767
2009-01-03,171.34935
2009-01-04,173.71756
2009-01-05,143.83798
2009-01-06,132.93945
2009-01-07,136.49924
2009-01-08,153.83856
2009-01-09,149.72354
2009-01-10,141.27126
2009-01-11,161.3239
2009-01-12,173.23677
2009-01-13,148.98021
2009-01-14,119.30755
2009-01-15,125.20981
2009-01-16,158.75745
2009-01-17,147.50993
2009-01-18,127.93998
2009-01-19,167.0423
2009-01-20,222.83711
2009-01-21,180.3426
2009-01-22,136.02618
2009-01-23,126.989845
2009-01-24,131.66402
2009-01-25,164.72594
2009-01-26,170.05621
2009-01-27,123.86643
2009-01-28,94.80974
2009-01-29,82.15528
2009-01-30,74.44388
2009-01-31,92.545204
2009-02-01,98.37448
2009-02-02,125.209526
2009-02-03,125.506615
2009-02-04,122.862724
2009-02-05,143.97768
2009-02-06,189.28282
2009-02-07,209.44417
2009-02-08,136.02989
2009-02-09,96.639404
2009-02-10,81.953026
2009-02-11,69.6177
2009-02-12,70.82642
2009-02-13,75.59524
2009-02-14,106.48346
2009-02-15,149.79663
2009-02-16,139.47871
2009-02-17,126.23835
2009-02-18,111.01518
2009-02-19,88.01898
2009-02-20,76.91718
2009-02-21,75.29225
2009-02-22,104.34256
2009-02-23,132.58276
2009-02-24,115.78909
2009-02-25,90.18254
2009-02-26,96.71158
2009-02-27,123.92628
2009-02-28,134.97778
2009-03-01,134.0932
2009-03-02,96.97588
2009-03-03,84.668106
2009-03-04,176.57608
2009-03-05,449.20596
2009-03-06,445.28754
2009-03-07,243.2165
2009-03-08,132.49002
2009-03-09,111.07812
2009-03-10,115.135124
2009-03-11,131.33194
2009-03-12,151.48291
2009-03-13,132.26102
2009-03-14,103.27156
2009-03-15,102.11904
2009-03-16,114.34339
2009-03-17,105.43501
2009-03-18,89.53236
2009-03-19,120.2595
2009-03-20,225.3725
2009-03-21,340.12436
2009-03-22,307.5716
2009-03-23,278.59842
2009-03-24,228.23709
2009-03-25,230.42696
2009-03-26,298.2847
2009-03-27,277.0651
2009-03-28,210.13004
2009-03-29,181.45477
2009-03-30,223.13943
2009-03-31,265.10583
2009-04-01,241.88043
2009-04-02,192.95735
2009-04-03,182.88702
2009-04-04,209.66885
2009-04-05,210.94284
2009-04-06,246.79346
2009-04-07,207.675
2009-04-08,139.53955
2009-04-09,139.83566
2009-04-10,180.80518
2009-04-11,184.78482
2009-04-12,161.56183
2009-04-13,200.47435
2009-04-14,240.65288
2009-04-15,217.61746
2009-04-16,198.86818
2009-04-17,230.47383
2009-04-18,208.41817
2009-04-19,257.865
2009-04-20,303.08206
2009-04-21,250.07838
2009-04-22,230.84615
2009-04-23,282.70935
2009-04-24,385.41766
2009-04-25,425.89926
2009-04-26,408.22983
2009-04-27,372.2064
2009-04-28,345.8004
2009-04-29,395.87012
2009-04-30,349.97705
2009-05-01,329.99796
2009-05-02,405.09576
2009-05-03,443.8597
2009-05-04,406.58716
2009-05-05,353.02304
2009-05-06,409.29324
2009-05-07,438.49213
2009-05-08,379.03558
2009-05-09,349.01056
2009-05-10,369.76385
2009-05-11,509.61945
2009-05-12,541.4055
2009-05-13,441.82068
2009-05-14,379.19553
2009-05-15,352.88052
2009-05-16,377.20395
2009-05-17,378.32324
2009-05-18,428.48544
2009-05-19,503.35123
2009-05-20,473.52646
2009-05-21,497.13843
2009-05-22,590.17847
2009-05-23,564.8759
2009-05-24,513.4259
2009-05-25,479.53262
2009-05-26,507.4398
2009-05-27,489.87634
2009-05-28,480.9248
2009-05-29,459.7685
2009-05-30,407.94778
2009-05-31,380.9606
2009-06-01,410.55014
2009-06-02,563.86676
2009-06-03,534.82367
2009-06-04,353.44495
2009-06-05,286.7475
2009-06-06,291.67703
2009-06-07,359.62656
2009-06-08,622.59985
2009-06-09,743.40314
2009-06-10,1168.5718
2009-06-11,1165.3771
2009-06-12,691.05194
2009-06-13,517.022
2009-06-14,492.72864
2009-06-15,590.77576
2009-06-16,653.22003
2009-06-17,604.1323
2009-06-18,494.70782
2009-06-19,438.56238
2009-06-20,460.93338
2009-06-21,472.12476
2009-06-22,496.2151
2009-06-23,482.8258
2009-06-24,455.4361
2009-06-25,566.3561
2009-06-26,652.98987
2009-06-27,628.9141
2009-06-28,572.5422
2009-06-29,590.02344
2009-06-30,588.7815
2009-07-01,563.3995
2009-07-02,612.47314
2009-07-03,590.42883
2009-07-04,588.3864
2009-07-05,552.1249
2009-07-06,539.48895
2009-07-07,609.20715
2009-07-08,925.7753
2009-07-09,902.4415
2009-07-10,745.5308
2009-07-11,708.6702
2009-07-12,782.6157
2009-07-13,765.73334
2009-07-14,569.2119
2009-07-15,500.23495
2009-07-16,475.93747
2009-07-17,508.09262
2009-07-18,518.7673
2009-07-19,451.66577
2009-07-20,460.80222
2009-07-21,503.36765
2009-07-22,584.0438
2009-07-23,888.25134
2009-07-24,959.61694
2009-07-25,709.1536
2009-07-26,585.4325
2009-07-27,548.3189
2009-07-28,593.659
2009-07-29,527.90125
2009-07-30,424.09045
2009-07-31,453.38217
2009-08-01,456.69785
2009-08-02,508.80472
2009-08-03,501.99197
2009-08-04,451.9152
2009-08-05,463.52103
2009-08-06,542.61884
2009-08-07,481.76913
2009-08-08,538.86035
2009-08-09,660.75604
2009-08-10,724.05994
2009-08-11,884.5614
2009-08-12,803.23047
2009-08-13,645.6441
2009-08-14,577.47626
2009-08-15,529.1745
2009-08-16,552.74896
2009-08-17,631.579
2009-08-18,685.8189
2009-08-19,683.3024
2009-08-20,622.21106
2009-08-21,543.87854
2009-08-22,533.1325
2009-08-23,622.9927
2009-08-24,710.3357
2009-08-25,610.1417
2009-08-26,518.6166
2009-08-27,483.21545
2009-08-28,456.40762
2009-08-29,459.83875
2009-08-30,543.04315
2009-08-31,698.2527
2009-09-01,725.31085
2009-09-02,627.2618
2009-09-03,539.74554
2009-09-04,519.325
2009-09-05,498.68823
2009-09-06,490.21216
2009-09-07,478.24326
2009-09-08,463.22382
2009-09-09,415.9742
2009-09-10,423.84857
2009-09-11,493.9845
2009-09-12,483.00708
2009-09-13,479.42194
2009-09-14,466.47586
2009-09-15,525.54144
2009-09-16,526.43225
2009-09-17,447.03964
2009-09-18,582.3364
2009-09-19,1242.4581
2009-09-20,998.19916
2009-09-21,659.672
2009-09-22,553.7868
2009-09-23,553.22186
2009-09-24,499.73947
2009-09-25,453.3361
2009-09-26,459.77325
2009-09-27,440.4537
2009-09-28,387.71414
2009-09-29,427.18997
2009-09-30,525.4276
2009-10-01,505.3384
2009-10-02,450.02103
2009-10-03,387.50433
2009-10-04,377.3442
2009-10-05,486.69888
2009-10-06,762.3514
2009-10-07,782.9815
2009-10-08,922.199
2009-10-09,838.9119
2009-10-10,544.8048
2009-10-11,509.30234
2009-10-12,490.77115
2009-10-13,604.6974
2009-10-14,687.5715
2009-10-15,600.60236
2009-10-16,634.5346
2009-10-17,547.6153
2009-10-18,526.0193
2009-10-19,548.01917
2009-10-20,574.73126
2009-10-21,789.8203
2009-10-22,831.20337
2009-10-23,793.7591
2009-10-24,790.942
2009-10-25,609.65283
2009-10-26,553.48474
2009-10-27,628.947
2009-10-28,932.18494
2009-10-29,860.77454
2009-10-30,662.89996
2009-10-31,706.79926
2009-11-01,780.6714
2009-11-02,855.28485
2009-11-03,812.0856
2009-11-04,712.59753
2009-11-05,617.09503
2009-11-06,567.98596
2009-11-07,544.15356
2009-11-08,571.96533
2009-11-09,568.54944
2009-11-10,545.3956
2009-11-11,512.6585
2009-11-12,478.51083
2009-11-13,449.63232
2009-11-14,461.87064
2009-11-15,447.33545
2009-11-16,468.24023
2009-11-17,490.8596
2009-11-18,462.86298
2009-11-19,445.73492
2009-11-20,412.7265
2009-11-21,379.00723
2009-11-22,336.76297
2009-11-23,332.0488
2009-11-24,354.12817
2009-11-25,362.7416
2009-11-26,382.95328
2009-11-27,399.22977
2009-11-28,521.87915
2009-11-29,471.11404
2009-11-30,351.04068
2009-12-01,347.34766
2009-12-02,314.30704
2009-12-03,278.5722
2009-12-04,250.39984
2009-12-05,235.16948
2009-12-06,225.86751
2009-12-07,220.86955
2009-12-08,223.90137
2009-12-09,217.92274
2009-12-10,205.96548
2009-12-11,222.4658
2009-12-12,243.6726
2009-12-13,240.94568
2009-12-14,226.11803
2009-12-15,225.76862
2009-12-16,201.54648
2009-12-17,184.95412
2009-12-18,187.45508
2009-12-19,186.93126
2009-12-20,184.52087
2009-12-21,220.46832
2009-12-22,244.66028
2009-12-23,267.6978
2009-12-24,305.0953
2009-12-25,451.982
2009-12-26,402.1801
2009-12-27,337.4308
2009-12-28,304.41675
2009-12-29,246.75084
2009-12-30,256.17
2009-12-31,228.13908
2010-01-01,170.2149
2010-01-02,148.10025
2010-01-03,174.56401
2010-01-04,195.61855
2010-01-05,193.30481
2010-01-06,193.97595
2010-01-07,196.17113
2010-01-08,213.11977
2010-01-09,219.09467
2010-01-10,186.42271
2010-01-11,187.7799
2010-01-12,190.92084
2010-01-13,187.10342
2010-01-14,168.87521
2010-01-15,150.69614
2010-01-16,141.34212
2010-01-17,132.68636
2010-01-18,130.64952
2010-01-19,125.00901
2010-01-20,123.92975
2010-01-21,120.71773
2010-01-22,114.940506
2010-01-23,111.09478
2010-01-24,109.97032
2010-01-25,115.24009
2010-01-26,143.05353
2010-01-27,144.12866
2010-01-28,127.47011
2010-01-29,134.92226
2010-01-30,120.52611
2010-01-31,98.99908
2010-02-01,95.81616
2010-02-02,97.74302
2010-02-03,95.513794
2010-02-04,86.63431
2010-02-05,77.95674
2010-02-06,73.80345
2010-02-07,75.64771
2010-02-08,97.3896
2010-02-09,122.41005
2010-02-10,149.0118
2010-02-11,226.82877
2010-02-12,185.45297
2010-02-13,116.08431
2010-02-14,93.62788
2010-02-15,95.23745
2010-02-16,107.241325
2010-02-17,103.71136
2010-02-18,102.833916
2010-02-19,95.00945
2010-02-20,93.2641
2010-02-21,84.64098
2010-02-22,76.982185
2010-02-23,90.69204
2010-02-24,107.0883
2010-02-25,100.074104
2010-02-26,95.60496
2010-02-27,116.78205
2010-02-28,104.56359
2010-03-01,115.76327
2010-03-02,159.49843
2010-03-03,142.95583
2010-03-04,108.38845
2010-03-05,153.98431
2010-03-06,178.19167
2010-03-07,145.69434
2010-03-08,123.340836
2010-03-09,146.85512
2010-03-10,189.75594
2010-03-11,283.5543
2010-03-12,680.42694
2010-03-13,657.0803
2010-03-14,335.5908
2010-03-15,221.58536
2010-03-16,189.5241
2010-03-17,159.60019
2010-03-18,148.52937
2010-03-19,234.60219
2010-03-20,461.13
2010-03-21,817.748
2010-03-22,669.05927
2010-03-23,318.84732
2010-03-24,236.93254
2010-03-25,184.70482
2010-03-26,146.72388
2010-03-27,129.32549
2010-03-28,144.27107
2010-03-29,143.09166
2010-03-30,132.692
2010-03-31,234.76906
2010-04-01,709.5894
2010-04-02,624.96454
2010-04-03,374.6526
2010-04-04,275.98398
2010-04-05,271.79428
2010-04-06,340.38095
2010-04-07,350.88266
2010-04-08,335.58514
2010-04-09,274.824
2010-04-10,259.59
2010-04-11,271.86972
2010-04-12,244.94484
2010-04-13,266.10468
2010-04-14,400.6468
2010-04-15,401.53876
2010-04-16,315.64505
2010-04-17,340.69357
2010-04-18,339.60553
2010-04-19,303.16788
2010-04-20,263.43073
2010-04-21,315.68494
2010-04-22,355.81857
2010-04-23,280.78546
2010-04-24,236.31245
2010-04-25,192.1994
2010-04-26,203.30527
2010-04-27,235.85681
2010-04-28,267.43347
2010-04-29,295.68903
2010-04-30,357.93433
2010-05-01,438.35843
2010-05-02,363.0029
2010-05-03,294.0365
2010-05-04,292.86694
2010-05-05,354.4219
2010-05-06,412.12332
2010-05-07,477.46185
2010-05-08,512.48553
2010-05-09,488.88446
2010-05-10,439.73508
2010-05-11,389.03687
2010-05-12,345.43237
2010-05-13,339.85986
2010-05-14,295.58905
2010-05-15,435.52994
2010-05-16,601.2628
2010-05-17,623.92725
2010-05-18,692.02167
2010-05-19,878.57666
2010-05-20,746.10333
2010-05-21,551.47766
2010-05-22,505.22394
2010-05-23,528.73615
2010-05-24,700.8281
2010-05-25,775.20795
2010-05-26,633.3564
2010-05-27,658.8616
2010-05-28,659.84235
2010-05-29,694.10913
2010-05-30,728.4188
2010-05-31,583.66125
2010-06-01,504.61786
2010-06-02,544.7363
2010-06-03,537.2087
2010-06-04,549.041
2010-06-05,487.50146
2010-06-06,439.97452
2010-06-07,414.54382
2010-06-08,424.40378
2010-06-09,446.2936
2010-06-10,544.5772
2010-06-11,647.52844
2010-06-12,634.37
2010-06-13,763.7153
2010-06-14,746.88727
2010-06-15,780.5762
2010-06-16,1733.3345
2010-06-17,1763.9893
2010-06-18,1091.3416
2010-06-19,879.50665
2010-06-20,834.1656
2010-06-21,831.2809
2010-06-22,963.34863
2010-06-23,951.54175
2010-06-24,689.69745
2010-06-25,575.5013
2010-06-26,574.8731
2010-06-27,568.55237
2010-06-28,696.3726
2010-06-29,724.7575
2010-06-30,605.07446
2010-07-01,545.6332
2010-07-02,498.0552
2010-07-03,488.32178
2010-07-04,526.7863
2010-07-05,529.3159
2010-07-06,562.6641
2010-07-07,487.01294
2010-07-08,540.63055
2010-07-09,548.22107
2010-07-10,522.17346
2010-07-11,521.0859
2010-07-12,561.1547
2010-07-13,566.2671
2010-07-14,553.54504
2010-07-15,664.278
2010-07-16,727.46063
2010-07-17,818.60693
2010-07-18,2164.338
2010-07-19,2321.8745
2010-07-20,1491.4246
2010-07-21,937.51013
2010-07-22,840.07324
2010-07-23,733.40784
2010-07-24,622.91486
2010-07-25,590.8885
2010-07-26,592.9003
2010-07-27,565.34503
2010-07-28,567.17346
2010-07-29,564.5067
2010-07-30,602.9884
2010-07-31,1013.42303
2010-08-01,941.43854
2010-08-02,1153.6821
2010-08-03,2088.6116
2010-08-04,1411.026
2010-08-05,818.3267
2010-08-06,706.89
2010-08-07,758.82654
2010-08-08,863.55334
2010-08-09,858.6385
2010-08-10,780.1517
2010-08-11,698.3489
2010-08-12,680.2041
2010-08-13,701.94885
2010-08-14,710.8003
2010-08-15,778.44165
2010-08-16,751.5467
2010-08-17,679.91064
2010-08-18,635.87006
2010-08-19,727.47156
2010-08-20,807.13367
2010-08-21,810.17017
2010-08-22,856.5549
2010-08-23,882.90137
2010-08-24,835.4843
2010-08-25,834.0665
2010-08-26,1036.0026
2010-08-27,1467.4193
2010-08-28,1321.2711
2010-08-29,1032.8287
2010-08-30,981.9271
2010-08-31,867.40576
2010-09-01,797.59186
2010-09-02,773.18134
2010-09-03,705.66534
2010-09-04,689.4558
2010-09-05,657.04767
2010-09-06,732.759
2010-09-07,934.3606
2010-09-08,1323.4043
2010-09-09,1256.3092
2010-09-10,898.1334
2010-09-11,710.96716
2010-09-12,715.06213
2010-09-13,665.4038
2010-09-14,696.8285
2010-09-15,637.17053
2010-09-16,573.52313
2010-09-17,533.88934
2010-09-18,528.9953
2010-09-19,560.6717
2010-09-20,590.61597
2010-09-21,663.75507
2010-09-22,642.1142
2010-09-23,686.8373
2010-09-24,848.9724
2010-09-25,957.29364
2010-09-26,882.8983
2010-09-27,898.04645
2010-09-28,969.0881
2010-09-29,918.57837
2010-09-30,884.2645
2010-10-01,779.1531
2010-10-02,666.274
2010-10-03,614.7506
2010-10-04,616.7705
2010-10-05,553.4443
2010-10-06,500.73676
2010-10-07,541.18396
2010-10-08,577.57324
2010-10-09,510.97748
2010-10-10,477.2115
2010-10-11,425.8798
2010-10-12,433.6628
2010-10-13,497.24933
2010-10-14,589.68
2010-10-15,626.2384
2010-10-16,622.4649
2010-10-17,580.1554
2010-10-18,620.3322
2010-10-19,703.9649
2010-10-20,782.268
2010-10-21,817.4458
2010-10-22,705.3892
2010-10-23,562.3792
2010-10-24,643.586
2010-10-25,672.12103
2010-10-26,564.25775
2010-10-27,597.5482
2010-10-28,588.16833
2010-10-29,585.8704
2010-10-30,546.4351
2010-10-31,443.11566
2010-11-01,391.53244
2010-11-02,376.64166
2010-11-03,396.48492
2010-11-04,464.2798
2010-11-05,579.2631
2010-11-06,514.97906
2010-11-07,470.78955
2010-11-08,571.1952
2010-11-09,540.3339
2010-11-10,528.5278
2010-11-11,560.10394
2010-11-12,539.2394
2010-11-13,503.24606
2010-11-14,851.5883
2010-11-15,1657.9341
2010-11-16,1605.1599
2010-11-17,1363.0242
2010-11-18,1199.4377
2010-11-19,1073.4994
2010-11-20,977.37384
2010-11-21,852.08636
2010-11-22,760.9946
2010-11-23,765.90594
2010-11-24,785.40717
2010-11-25,695.75507
2010-11-26,656.15137
2010-11-27,622.1452
2010-11-28,606.0515
2010-11-29,565.9079
2010-11-30,500.74786
2010-12-01,468.58423
2010-12-02,521.305
2010-12-03,558.9889
2010-12-04,605.29504
2010-12-05,836.7245
2010-12-06,969.11816
2010-12-07,764.33386
2010-12-08,656.46893
2010-12-09,780.7586
2010-12-10,1516.093
2010-12-11,1335.255
2010-12-12,901.1872
2010-12-13,743.28503
2010-12-14,635.7451
2010-12-15,609.9395
2010-12-16,755.654
2010-12-17,1160.8431
2010-12-18,1412.1271
2010-12-19,1119.8168
2010-12-20,858.7023
2010-12-21,689.6351
2010-12-22,617.9817
2010-12-23,556.68756
2010-12-24,497.53186
2010-12-25,460.49835
2010-12-26,445.31995
2010-12-27,464.7102
2010-12-28,509.76633
2010-12-29,498.4635
2010-12-30,582.2405
2010-12-31,515.53625
2011-01-01,369.48407
2011-01-02,330.43533
2011-01-03,299.84808
2011-01-04,293.84332
2011-01-05,318.53574
2011-01-06,339.318
2011-01-07,312.43823
2011-01-08,290.09995
2011-01-09,292.78137
2011-01-10,279.5315
2011-01-11,276.14703
2011-01-12,271.71164
2011-01-13,293.14902
2011-01-14,276.03497
2011-01-15,233.62364
2011-01-16,242.76598
2011-01-17,280.6809
2011-01-18,319.96
2011-01-19,296.7845
2011-01-20,237.1325
2011-01-21,215.98514
2011-01-22,365.30774
2011-01-23,339.92877
2011-01-24,211.34628
2011-01-25,180.9911
2011-01-26,171.14153
2011-01-27,165.44151
2011-01-28,165.58182
2011-01-29,180.2687
2011-01-30,204.323
2011-01-31,189.05057
2011-02-01,155.4126
2011-02-02,144.74545
2011-02-03,150.4671
2011-02-04,146.01244
2011-02-05,136.32048
2011-02-06,127.60915
2011-02-07,116.77427
2011-02-08,113.66446
2011-02-09,112.875336
2011-02-10,129.55067
2011-02-11,150.9981
2011-02-12,142.79938
2011-02-13,127.98848
2011-02-14,121.52549
2011-02-15,118.4806
2011-02-16,141.29439
2011-02-17,159.1589
2011-02-18,180.10419
2011-02-19,202.40846
2011-02-20,184.82796
2011-02-21,136.01524
2011-02-22,108.23681
2011-02-23,95.61081
2011-02-24,84.52104
2011-02-25,78.850105
2011-02-26,94.54853
2011-02-27,116.27035
2011-02-28,109.167984
2011-03-01,93.950096
2011-03-02,108.454025
2011-03-03,179.9163
2011-03-04,258.99118
2011-03-05,362.3857
2011-03-06,341.1773
2011-03-07,232.8047
2011-03-08,176.93729
2011-03-09,192.4878
2011-03-10,201.25508
2011-03-11,174.25758
2011-03-12,164.22293
2011-03-13,169.14352
2011-03-14,187.096
2011-03-15,142.04092
2011-03-16,89.16562
2011-03-17,78.07896
2011-03-18,116.1809
2011-03-19,170.43582
2011-03-20,181.99309
2011-03-21,205.07072
2011-03-22,400.82303
2011-03-23,1570.7412
2011-03-24,1831.8773
2011-03-25,1001.8691
2011-03-26,625.75934
2011-03-27,395.98328
2011-03-28,347.8283
2011-03-29,338.3578
2011-03-30,352.98926
2011-03-31,323.60736
2011-04-01,308.4915
2011-04-02,332.53906
2011-04-03,313.77814
2011-04-04,253.14438
2011-04-05,208.35179
2011-04-06,203.15244
2011-04-07,251.51619
2011-04-08,453.95316
2011-04-09,588.4714
2011-04-10,567.748
2011-04-11,469.05704
2011-04-12,466.11093
2011-04-13,720.4178
2011-04-14,828.88043
2011-04-15,630.67474
2011-04-16,465.5173
2011-04-17,437.40088
2011-04-18,591.71655
2011-04-19,842.3868
2011-04-20,873.99036
2011-04-21,649.21185
2011-04-22,563.98505
2011-04-23,751.3843
2011-04-24,839.9081
2011-04-25,551.74634
2011-04-26,390.2757
2011-04-27,385.37286
2011-04-28,394.41623
2011-04-29,383.4427
2011-04-30,346.69223
2011-05-01,324.33264
2011-05-02,337.02505
2011-05-03,388.2621
2011-05-04,384.04724
2011-05-05,425.93246
2011-05-06,436.34308
2011-05-07,440.7803
2011-05-08,409.93298
2011-05-09,374.26297
2011-05-10,451.65515
2011-05-11,414.25055
2011-05-12,473.91745
2011-05-13,497.16867
2011-05-14,594.87616
2011-05-15,692.5354
2011-05-16,783.58374
2011-05-17,1485.7561
2011-05-18,1526.1771
2011-05-19,1006.3357
2011-05-20,793.79376
2011-05-21,580.832
2011-05-22,482.77814
2011-05-23,463.526
2011-05-24,489.34277
2011-05-25,590.40735
2011-05-26,604.1033
2011-05-27,520.0032
2011-05-28,502.47296
2011-05-29,557.4255
2011-05-30,657.4725
2011-05-31,735.17926
2011-06-01,609.1503
2011-06-02,641.81256
2011-06-03,752.5807
2011-06-04,746.18134
2011-06-05,663.9623
2011-06-06,599.7632
2011-06-07,554.8049
2011-06-08,540.30164
2011-06-09,467.62872
2011-06-10,424.80673
2011-06-11,476.05096
2011-06-12,450.30353
2011-06-13,351.98148
2011-06-14,338.98175
2011-06-15,435.23486
2011-06-16,484.45886
2011-06-17,484.30237
2011-06-18,578.0681
2011-06-19,709.3576
2011-06-20,780.20374
2011-06-21,799.46204
2011-06-22,1469.8662
2011-06-23,1210.6421
2011-06-24,655.7309
2011-06-25,583.1518
2011-06-26,682.5802
2011-06-27,827.8805
2011-06-28,929.547
2011-06-29,932.5993
2011-06-30,721.98486
2011-07-01,595.84235
2011-07-02,556.31354
2011-07-03,521.9811
2011-07-04,529.9029
2011-07-05,559.5676
2011-07-06,533.1027
2011-07-07,479.13336
2011-07-08,437.89893
2011-07-09,419.7013
2011-07-10,445.75064
2011-07-11,416.7253
2011-07-12,410.5106
2011-07-13,440.82477
2011-07-14,529.25146
2011-07-15,535.91425
2011-07-16,467.373
2011-07-17,410.97607
2011-07-18,374.07578
2011-07-19,372.35748
2011-07-20,423.0455
2011-07-21,430.99332
2011-07-22,472.20303
2011-07-23,494.59705
2011-07-24,364.38956
2011-07-25,375.22305
2011-07-26,532.2601
2011-07-27,680.67584
2011-07-28,730.2589
2011-07-29,626.6608
2011-07-30,527.3971
2011-07-31,542.52734
2011-08-01,592.45435
2011-08-02,548.53644
2011-08-03,479.4565
2011-08-04,479.6168
2011-08-05,471.9199
2011-08-06,487.10526
2011-08-07,519.46094
2011-08-08,486.151
2011-08-09,521.43005
2011-08-10,629.47797
2011-08-11,557.18964
2011-08-12,490.00372
2011-08-13,548.84467
2011-08-14,1080.3119
2011-08-15,1225.6372
2011-08-16,968.9304
2011-08-17,955.3625
2011-08-18,1202.3307
2011-08-19,1086.0835
2011-08-20,760.0663
2011-08-21,713.82166
2011-08-22,697.6619
2011-08-23,656.1779
2011-08-24,625.0548
2011-08-25,575.0798
2011-08-26,586.1534
2011-08-27,564.5546
2011-08-28,554.0065
2011-08-29,535.81793
2011-08-30,584.10925
2011-08-31,566.1473
2011-09-01,527.06244
2011-09-02,498.7208
2011-09-03,410.91534
2011-09-04,451.1814
2011-09-05,462.1148
2011-09-06,483.50705
2011-09-07,442.95163
2011-09-08,445.0637
2011-09-09,448.11893
2011-09-10,381.21536
2011-09-11,445.72742
2011-09-12,547.4332
2011-09-13,503.18356
2011-09-14,525.5113
2011-09-15,575.97754
2011-09-16,559.73895
2011-09-17,548.39526
2011-09-18,601.82776
2011-09-19,705.52203
2011-09-20,697.5103
2011-09-21,899.0581
2011-09-22,1134.4617
2011-09-23,1036.5383
2011-09-24,887.2174
2011-09-25,787.40247
2011-09-26,711.3296
2011-09-27,697.30853
2011-09-28,791.7705
2011-09-29,735.9193
2011-09-30,585.5531
2011-10-01,529.0054
2011-10-02,569.8121
2011-10-03,618.1318
2011-10-04,567.7525
2011-10-05,585.32025
2011-10-06,623.1023
2011-10-07,605.89307
2011-10-08,589.3866
2011-10-09,578.9873
2011-10-10,579.9278
2011-10-11,540.1129
2011-10-12,545.5727
2011-10-13,621.87946
2011-10-14,602.6021
2011-10-15,644.58075
2011-10-16,620.67145
2011-10-17,480.94876
2011-10-18,437.65988
2011-10-19,413.40625
2011-10-20,379.12354
2011-10-21,354.04468
2011-10-22,319.1239
2011-10-23,291.738
2011-10-24,275.47794
2011-10-25,261.6073
2011-10-26,286.14957
2011-10-27,344.32755
2011-10-28,367.42078
2011-10-29,398.65714
2011-10-30,440.6779
2011-10-31,468.5796
2011-11-01,722.9041
2011-11-02,725.89215
2011-11-03,477.41797
2011-11-04,314.03854
2011-11-05,272.20856
2011-11-06,265.18936
2011-11-07,292.9306
2011-11-08,391.87985
2011-11-09,455.73267
2011-11-10,510.04028
2011-11-11,451.82547
2011-11-12,370.1081
2011-11-13,360.07904
2011-11-14,373.50952
2011-11-15,443.47516
2011-11-16,468.38083
2011-11-17,468.88998
2011-11-18,467.00024
2011-11-19,459.05606
2011-11-20,768.82416
2011-11-21,795.0091
2011-11-22,603.2238
2011-11-23,526.2417
2011-11-24,505.90256
2011-11-25,505.8345
2011-11-26,489.80637
2011-11-27,497.27295
2011-11-28,580.6343
2011-11-29,659.1447
2011-11-30,620.979
2011-12-01,1039.2662
2011-12-02,3264.6658
2011-12-03,4233.001
2011-12-04,2435.6863
2011-12-05,1261.8834
2011-12-06,962.3819
2011-12-07,782.3006
2011-12-08,730.71155
2011-12-09,680.25665
2011-12-10,661.728
2011-12-11,692.259
2011-12-12,640.65094
2011-12-13,571.61304
2011-12-14,552.69165
2011-12-15,582.4104
2011-12-16,535.9477
2011-12-17,467.00638
2011-12-18,466.40924
2011-12-19,486.60767
2011-12-20,537.4762
2011-12-21,572.7837
2011-12-22,474.11905
2011-12-23,390.21335
2011-12-24,354.36035
2011-12-25,351.13666
2011-12-26,344.75198
2011-12-27,309.45312
2011-12-28,286.9472
2011-12-29,288.3393
2011-12-30,356.61423
2011-12-31,389.72366
2012-01-01,353.60675
2012-01-02,305.9628
2012-01-03,274.65472
2012-01-04,271.2702
2012-01-05,289.54794
2012-01-06,341.87778
2012-01-07,334.73654
2012-01-08,305.08798
2012-01-09,289.23935
2012-01-10,260.51468
2012-01-11,231.92575
2012-01-12,212.95435
2012-01-13,223.87807
2012-01-14,216.79585
2012-01-15,192.34338
2012-01-16,183.36421
2012-01-17,186.80846
2012-01-18,191.29712
2012-01-19,184.91124
2012-01-20,194.09302
2012-01-21,222.61464
2012-01-22,215.47559
2012-01-23,171.91222
2012-01-24,147.19167
2012-01-25,150.40677
2012-01-26,147.52336
2012-01-27,150.62674
2012-01-28,167.45953
2012-01-29,165.13437
2012-01-30,145.53143
2012-01-31,133.8863
2012-02-01,128.14008
2012-02-02,134.91644
2012-02-03,142.80812
2012-02-04,131.50389
2012-02-05,144.63896
2012-02-06,142.1776
2012-02-07,129.84776
2012-02-08,150.06766
2012-02-09,141.91718
2012-02-10,121.56397
2012-02-11,129.68793
2012-02-12,147.8151
2012-02-13,140.69939
2012-02-14,173.75891
2012-02-15,153.07492
2012-02-16,113.94253
2012-02-17,94.18951
2012-02-18,79.58687
2012-02-19,73.158936
2012-02-20,72.59265
2012-02-21,116.73663
2012-02-22,151.96138
2012-02-23,101.17737
2012-02-24,74.10477
2012-02-25,66.26816
2012-02-26,64.98114
2012-02-27,64.46645
2012-02-28,65.624504
2012-02-29,68.69582
2012-03-01,64.32636
2012-03-02,63.667103
2012-03-03,69.37925
2012-03-04,68.9652
2012-03-05,69.93864
2012-03-06,82.23465
2012-03-07,88.524895
2012-03-08,84.86425
2012-03-09,107.73187
2012-03-10,108.56692
2012-03-11,82.0497
2012-03-12,82.901344
2012-03-13,106.84359
2012-03-14,114.180145
2012-03-15,86.53626
2012-03-16,94.27197
2012-03-17,124.77763
2012-03-18,131.13069
2012-03-19,138.04227
2012-03-20,166.935
2012-03-21,162.53586
2012-03-22,193.80562
2012-03-23,309.09995
2012-03-24,304.54175
2012-03-25,238.2808
2012-03-26,244.92499
2012-03-27,180.56163
2012-03-28,211.60379
2012-03-29,218.48853
2012-03-30,163.98042
2012-03-31,110.37145
2012-04-01,105.66682
2012-04-02,138.4919
2012-04-03,153.70209
2012-04-04,169.3398
2012-04-05,185.09132
2012-04-06,175.86491
2012-04-07,179.47086
2012-04-08,186.8572
2012-04-09,316.67493
2012-04-10,438.52866
2012-04-11,352.94885
2012-04-12,233.73796
2012-04-13,151.0715
2012-04-14,152.21683
2012-04-15,185.55171
2012-04-16,279.95187
2012-04-17,274.59402
2012-04-18,242.36078
2012-04-19,281.88657
2012-04-20,332.81042
2012-04-21,439.87994
2012-04-22,388.28116
2012-04-23,337.12613
2012-04-24,341.15283
2012-04-25,379.01004
2012-04-26,438.5042
2012-04-27,652.23804
2012-04-28,677.9325
2012-04-29,506.70126
2012-04-30,560.89276
2012-05-01,512.0849
2012-05-02,450.30472
2012-05-03,400.2605
2012-05-04,388.54346
2012-05-05,487.7942
2012-05-06,571.54834
2012-05-07,602.91925
2012-05-08,659.84344
2012-05-09,989.9836
2012-05-10,939.2066
2012-05-11,680.3055
2012-05-12,523.2985
2012-05-13,531.96906
2012-05-14,601.31104
2012-05-15,611.82056
2012-05-16,552.24994
2012-05-17,471.02405
2012-05-18,399.4377
2012-05-19,359.2179
2012-05-20,354.19272
2012-05-21,333.39706
2012-05-22,358.67746
2012-05-23,568.2043
2012-05-24,582.525
2012-05-25,481.33267
2012-05-26,411.79318
2012-05-27,328.41946
2012-05-28,305.1529
2012-05-29,296.42505
2012-05-30,296.29953
2012-05-31,275.5524
2012-06-01,272.75156
2012-06-02,270.55063
2012-06-03,336.39185
2012-06-04,390.0109
2012-06-05,343.58255
2012-06-06,330.70602
2012-06-07,285.1798
2012-06-08,256.646
2012-06-09,248.74002
2012-06-10,285.5638
2012-06-11,357.9309
2012-06-12,392.13623
2012-06-13,474.90277
2012-06-14,429.80783
2012-06-15,447.8946
2012-06-16,576.6169
2012-06-17,740.3001
2012-06-18,767.64465
2012-06-19,594.8959
2012-06-20,510.4159
2012-06-21,443.62762
2012-06-22,405.57727
2012-06-23,366.51163
2012-06-24,390.23624
2012-06-25,381.7341
2012-06-26,375.68652
2012-06-27,408.69635
2012-06-28,687.8677
2012-06-29,713.80804
2012-06-30,490.06482
2012-07-01,381.76242
2012-07-02,432.76364
2012-07-03,450.21613
2012-07-04,393.22784
2012-07-05,424.41174
2012-07-06,525.8375
2012-07-07,679.0899
2012-07-08,702.5955
2012-07-09,799.45
2012-07-10,733.68805
2012-07-11,556.4758
2012-07-12,560.1525
2012-07-13,570.26886
2012-07-14,514.5205
2012-07-15,540.2592
2012-07-16,474.7679
2012-07-17,445.84222
2012-07-18,384.19873
2012-07-19,363.7321
2012-07-20,401.01675
2012-07-21,490.77695
2012-07-22,531.53217
2012-07-23,428.53958
2012-07-24,463.22455
2012-07-25,592.6587
2012-07-26,626.3196
2012-07-27,515.708
2012-07-28,462.16162
2012-07-29,435.11304
2012-07-30,523.97266
2012-07-31,827.4518
2012-08-01,1045.4724
2012-08-02,1081.5931
2012-08-03,809.8775
2012-08-04,651.42535
2012-08-05,595.77545
2012-08-06,608.3818
2012-08-07,601.97174
2012-08-08,657.017
2012-08-09,700.00665
2012-08-10,663.347
2012-08-11,698.88605
2012-08-12,806.7675
2012-08-13,911.91345
2012-08-14,1532.3512
2012-08-15,1514.6593
2012-08-16,1048.6343
2012-08-17,978.0247
2012-08-18,868.93835
2012-08-19,720.6102
2012-08-20,661.114
2012-08-21,691.8227
2012-08-22,714.4999
2012-08-23,758.0454
2012-08-24,731.9588
2012-08-25,642.1781
2012-08-26,599.9315
2012-08-27,582.4566
2012-08-28,625.2811
2012-08-29,614.63794
2012-08-30,627.3
2012-08-31,603.59045
2012-09-01,610.7053
2012-09-02,584.0427
2012-09-03,563.17914
2012-09-04,574.1353
2012-09-05,603.7263
2012-09-06,563.18243
2012-09-07,633.144
2012-09-08,707.93365
2012-09-09,644.84784
2012-09-10,530.06696
2012-09-11,467.66736
2012-09-12,516.1409
2012-09-13,560.47327
2012-09-14,504.22885
2012-09-15,440.60245
2012-09-16,476.19315
2012-09-17,477.1945
2012-09-18,441.53003
2012-09-19,426.68817
2012-09-20,392.30627
2012-09-21,465.45834
2012-09-22,530.877
2012-09-23,514.059
2012-09-24,546.4342
2012-09-25,560.75226
2012-09-26,507.26913
2012-09-27,463.8458
2012-09-28,493.53806
2012-09-29,521.9538
2012-09-30,540.6723
2012-10-01,618.5328
2012-10-02,691.659
2012-10-03,717.32623
2012-10-04,666.5174
2012-10-05,565.55945
2012-10-06,566.29694
2012-10-07,543.21484
2012-10-08,547.7698
2012-10-09,595.19604
2012-10-10,680.2349
2012-10-11,815.8716
2012-10-12,811.1275
2012-10-13,707.04535
2012-10-14,658.5485
2012-10-15,704.8762
2012-10-16,698.50116
2012-10-17,645.9884
2012-10-18,658.20435
2012-10-19,1120.7898
2012-10-20,1861.7003
2012-10-21,1297.3224
2012-10-22,1052.5717
2012-10-23,856.6098
2012-10-24,769.44116
2012-10-25,696.1583
2012-10-26,597.04114
2012-10-27,555.1497
2012-10-28,515.0484
2012-10-29,549.75433
2012-10-30,539.6753
2012-10-31,494.41718
2012-11-01,525.3037
2012-11-02,628.00824
2012-11-03,655.99506
2012-11-04,617.70233
2012-11-05,577.9242
2012-11-06,479.9175
2012-11-07,437.4781
2012-11-08,404.95657
2012-11-09,401.6633
2012-11-10,374.45425
2012-11-11,327.6427
2012-11-12,325.67447
2012-11-13,380.0508
2012-11-14,593.6131
2012-11-15,1203.6605
2012-11-16,934.2813
2012-11-17,523.60974
2012-11-18,420.72705
2012-11-19,399.40936
2012-11-20,508.17224
2012-11-21,479.78293
2012-11-22,411.25195
2012-11-23,336.89157
2012-11-24,326.56598
2012-11-25,377.83218
2012-11-26,362.85837
2012-11-27,308.52274
2012-11-28,325.34552
2012-11-29,346.08365
2012-11-30,330.3399
2012-12-01,288.2552
2012-12-02,293.62918
2012-12-03,285.08966
2012-12-04,249.03131
2012-12-05,220.6784
2012-12-06,201.76192
2012-12-07,189.19487
2012-12-08,185.44666
2012-12-09,183.18346
2012-12-10,178.41266
2012-12-11,174.29094
2012-12-12,176.88097
2012-12-13,185.94579
2012-12-14,189.50786
2012-12-15,213.96637
2012-12-16,213.48042
2012-12-17,197.65457
2012-12-18,187.093
2012-12-19,181.00389
2012-12-20,164.0345
2012-12-21,142.68013
2012-12-22,170.78998
2012-12-23,177.98805
2012-12-24,172.93213
2012-12-25,169.73164
2012-12-26,168.34299
2012-12-27,161.17825
2012-12-28,189.61508
2012-12-29,175.70517
2012-12-30,132.2943
2012-12-31,123.74318
2013-01-01,113.376656
2013-01-02,106.27862
2013-01-03,103.6699
2013-01-04,106.4823
2013-01-05,106.23714
2013-01-06,94.27446
2013-01-07,90.87471
2013-01-08,91.5007
2013-01-09,85.39914
2013-01-10,79.54696
2013-01-11,74.585075
2013-01-12,72.12443
2013-01-13,70.99011
2013-01-14,69.557915
2013-01-15,68.51508
2013-01-16,71.15246
2013-01-17,70.16934
2013-01-18,65.736565
2013-01-19,67.84436
2013-01-20,70.52495
2013-01-21,65.67564
2013-01-22,61.968502
2013-01-23,61.166542
2013-01-24,59.565594
2013-01-25,64.72074
2013-01-26,68.603615
2013-01-27,65.40784
2013-01-28,63.514793
2013-01-29,58.869392
2013-01-30,56.229282
2013-01-31,54.515877
2013-02-01,54.19533
2013-02-02,53.07542
2013-02-03,60.10259
2013-02-04,73.282196
2013-02-05,83.00562
2013-02-06,116.03352
2013-02-07,111.47026
2013-02-08,78.48132
2013-02-09,68.06342
2013-02-10,95.70407
2013-02-11,107.748955
2013-02-12,95.67299
2013-02-13,87.66347
2013-02-14,101.79866
2013-02-15,108.439125
2013-02-16,77.9613
2013-02-17,68.175316
2013-02-18,76.14278
2013-02-19,71.19934
2013-02-20,74.432816
2013-02-21,64.54606
2013-02-22,51.618095
2013-02-23,54.211994
2013-02-24,83.11572
2013-02-25,86.34557
2013-02-26,68.84882
2013-02-27,62.303688
2013-02-28,55.39349
2013-03-01,66.25536
2013-03-02,81.22053
2013-03-03,127.3897
2013-03-04,239.65977
2013-03-05,434.69296
2013-03-06,1166.1157
2013-03-07,1031.0957
2013-03-08,350.99103
2013-03-09,182.32312
2013-03-10,159.45473
2013-03-11,146.02135
2013-03-12,173.87422
2013-03-13,183.17305
2013-03-14,184.41487
2013-03-15,220.0086
2013-03-16,298.29727
2013-03-17,462.19635
2013-03-18,500.2626
2013-03-19,407.95755
2013-03-20,293.55664
2013-03-21,256.36557
2013-03-22,209.48651
2013-03-23,201.01286
2013-03-24,383.14255
2013-03-25,419.0897
2013-03-26,208.67178
2013-03-27,165.86174
2013-03-28,182.60347
2013-03-29,218.9118
2013-03-30,244.82043
2013-03-31,213.86998
2013-04-01,214.82858
2013-04-02,236.97751
2013-04-03,266.27475
2013-04-04,237.92734
2013-04-05,215.64926
2013-04-06,175.3402
2013-04-07,134.70195
2013-04-08,154.02373
2013-04-09,369.94055
2013-04-10,307.42853
2013-04-11,174.49689
2013-04-12,224.92511
2013-04-13,216.26152
2013-04-14,167.69125
2013-04-15,168.22516
2013-04-16,166.54482
2013-04-17,158.14546
2013-04-18,182.00789
2013-04-19,201.48093
2013-04-20,217.3932
2013-04-21,225.46028
2013-04-22,262.69223
2013-04-23,289.81738
2013-04-24,257.79166
2013-04-25,215.65387
2013-04-26,180.34613
2013-04-27,192.75348
2013-04-28,231.30185
2013-04-29,280.42624
2013-04-30,300.07162
2013-05-01,258.07837
2013-05-02,224.46614
2013-05-03,233.40643
2013-05-04,231.93825
2013-05-05,301.9258
2013-05-06,337.7322
2013-05-07,370.62247
2013-05-08,308.07788
2013-05-09,248.821
2013-05-10,230.39076
2013-05-11,281.18088
2013-05-12,365.47195
2013-05-13,413.70578
2013-05-14,298.75156
2013-05-15,221.34468
2013-05-16,238.80093
2013-05-17,270.81302
2013-05-18,289.8038
2013-05-19,324.3757
2013-05-20,321.00058
2013-05-21,312.68628
2013-05-22,338.15277
2013-05-23,441.5718
2013-05-24,549.8348
2013-05-25,649.8372
2013-05-26,770.4282
2013-05-27,860.17896
2013-05-28,860.6202
2013-05-29,792.24615
2013-05-30,783.41724
2013-05-31,754.5654
2013-06-01,704.2635
2013-06-02,649.4006
2013-06-03,591.7132
2013-06-04,567.86316
2013-06-05,570.377
2013-06-06,570.31256
2013-06-07,556.2309
2013-06-08,569.4341
2013-06-09,686.5288
2013-06-10,610.3966
2013-06-11,494.94757
2013-06-12,516.00867
2013-06-13,462.35742
2013-06-14,500.37354
2013-06-15,782.8586
2013-06-16,780.49915
2013-06-17,731.87274
2013-06-18,1228.1434
2013-06-19,1017.2739
2013-06-20,647.7579
2013-06-21,552.95
2013-06-22,487.90817
2013-06-23,462.806
2013-06-24,480.67358
2013-06-25,489.08615
2013-06-26,558.38367
2013-06-27,571.871
2013-06-28,450.79068
2013-06-29,452.40604
2013-06-30,532.50555
2013-07-01,709.6188
2013-07-02,758.2882
2013-07-03,567.1189
2013-07-04,480.55795
2013-07-05,477.20093
2013-07-06,479.71503
2013-07-07,451.0813
2013-07-08,401.49088
2013-07-09,379.01376
2013-07-10,402.58243
2013-07-11,470.61588
2013-07-12,456.8405
2013-07-13,565.11005
2013-07-14,500.3451
2013-07-15,374.76642
2013-07-16,308.49713
2013-07-17,273.48978
2013-07-18,281.52963
2013-07-19,368.16574
2013-07-20,398.95078
2013-07-21,416.5087
2013-07-22,467.92523
2013-07-23,407.62924
2013-07-24,473.72253
2013-07-25,559.78906
2013-07-26,467.1705
2013-07-27,336.19095
2013-07-28,366.19678
2013-07-29,492.66925
2013-07-30,639.2624
2013-07-31,644.5143
2013-08-01,618.49445
2013-08-02,633.4579
2013-08-03,614.3468
2013-08-04,589.18604
2013-08-05,548.5756
2013-08-06,479.02942
2013-08-07,431.24905
2013-08-08,403.794
2013-08-09,412.97647
2013-08-10,495.52576
2013-08-11,616.9549
2013-08-12,597.1285
2013-08-13,527.1927
2013-08-14,588.6533
2013-08-15,653.5758
2013-08-16,620.41705
2013-08-17,600.37225
2013-08-18,649.3903
2013-08-19,714.6464
2013-08-20,728.6532
2013-08-21,739.52686
2013-08-22,672.87494
2013-08-23,654.8213
2013-08-24,590.98846
2013-08-25,723.19446
2013-08-26,748.39233
2013-08-27,655.5568
2013-08-28,598.8723
2013-08-29,549.8546
2013-08-30,807.5947
2013-08-31,900.63385
2013-09-01,788.45074
2013-09-02,765.5316
2013-09-03,884.5042
2013-09-04,846.25964
2013-09-05,692.5502
2013-09-06,618.3858
2013-09-07,705.5011
2013-09-08,740.38043
2013-09-09,757.05896
2013-09-10,717.36725
2013-09-11,693.48285
2013-09-12,657.48926
2013-09-13,713.9371
2013-09-14,701.7922
2013-09-15,607.5487
2013-09-16,545.06555
2013-09-17,515.249
2013-09-18,566.49744
2013-09-19,653.5195
2013-09-20,710.42523
2013-09-21,792.4937
2013-09-22,627.2512
2013-09-23,516.6025
2013-09-24,488.4297
2013-09-25,488.4787
2013-09-26,480.94022
2013-09-27,475.45004
2013-09-28,538.804
2013-09-29,666.1835
2013-09-30,819.1883
2013-10-01,945.21027
2013-10-02,1061.2703
2013-10-03,1372.2197
2013-10-04,1200.0383
2013-10-05,821.7008
2013-10-06,724.11194
2013-10-07,656.27576
2013-10-08,577.1872
2013-10-09,538.8882
2013-10-10,530.8672
2013-10-11,528.5694
2013-10-12,526.2314
2013-10-13,483.75812
2013-10-14,505.85925
2013-10-15,475.96332
2013-10-16,433.63617
2013-10-17,451.90448
2013-10-18,503.38632
2013-10-19,505.3931
2013-10-20,545.14124
2013-10-21,607.14966
2013-10-22,515.2211
2013-10-23,472.08832
2013-10-24,476.596
2013-10-25,461.99283
2013-10-26,487.80096
2013-10-27,498.56775
2013-10-28,474.47665
2013-10-29,634.03015
2013-10-30,610.9162
2013-10-31,459.96036
2013-11-01,428.2184
2013-11-02,499.3973
2013-11-03,499.3473
2013-11-04,481.2613
2013-11-05,451.24005
2013-11-06,394.68118
2013-11-07,371.59177
2013-11-08,433.59335
2013-11-09,608.31854
2013-11-10,621.3441
2013-11-11,470.2592
2013-11-12,454.95944
2013-11-13,409.1551
2013-11-14,351.46838
2013-11-15,325.34906
2013-11-16,333.44537
2013-11-17,356.94916
2013-11-18,322.15973
2013-11-19,290.56805
2013-11-20,260.69583
2013-11-21,243.12102
2013-11-22,262.64954
2013-11-23,294.27634
2013-11-24,263.59384
2013-11-25,235.50194
2013-11-26,252.90698
2013-11-27,275.6909
2013-11-28,263.05914
2013-11-29,243.194
2013-11-30,228.52007
2013-12-01,213.28427
2013-12-02,224.25653
2013-12-03,219.54845
2013-12-04,198.31471
2013-12-05,246.03209
2013-12-06,395.29538
2013-12-07,363.8132
2013-12-08,242.87625
2013-12-09,250.57391
2013-12-10,247.86711
2013-12-11,237.37778
2013-12-12,256.95218
2013-12-13,281.18127
2013-12-14,257.8396
2013-12-15,215.15489
2013-12-16,240.2292
2013-12-17,284.8697
2013-12-18,287.82202
2013-12-19,278.2826
2013-12-20,268.22095
2013-12-21,221.90224
2013-12-22,179.86896
2013-12-23,164.34187
2013-12-24,149.27089
2013-12-25,143.9395
2013-12-26,189.10484
2013-12-27,234.55133
2013-12-28,193.63896
2013-12-29,144.98328
2013-12-30,129.77142
2013-12-31,126.11708
2014-01-01,125.81094
2014-01-02,123.86932
2014-01-03,119.898125
2014-01-04,117.742645
2014-01-05,116.31305
2014-01-06,114.556915
2014-01-07,112.06456
2014-01-08,125.077484
2014-01-09,129.63023
2014-01-10,122.25773
2014-01-11,112.05648
2014-01-12,99.98731
2014-01-13,91.73188
2014-01-14,86.72558
2014-01-15,84.97084
2014-01-16,85.251625
2014-01-17,90.884995
2014-01-18,89.066185
2014-01-19,79.95317
2014-01-20,78.598366
2014-01-21,85.245735
2014-01-22,85.36877
2014-01-23,86.39629
2014-01-24,100.490074
2014-01-25,138.68037
2014-01-26,135.77858
2014-01-27,91.782166
2014-01-28,75.14443
2014-01-29,68.76224
2014-01-30,66.097855
2014-01-31,79.72185
2014-02-01,81.392494
2014-02-02,67.852875
2014-02-03,63.06092
2014-02-04,74.31996
2014-02-05,86.26473
2014-02-06,81.3915
2014-02-07,62.32274
2014-02-08,54.271557
2014-02-09,58.943645
2014-02-10,59.84413
2014-02-11,54.891933
2014-02-12,63.552757
2014-02-13,70.37801
2014-02-14,68.81713
2014-02-15,70.74945
2014-02-16,72.7064
2014-02-17,97.65532
2014-02-18,147.2278
2014-02-19,135.59113
2014-02-20,78.86702
2014-02-21,77.56276
2014-02-22,110.12308
2014-02-23,116.605835
2014-02-24,97.09759
2014-02-25,78.71174
2014-02-26,78.24302
2014-02-27,64.790695
2014-02-28,53.225452
2014-03-01,52.756123
2014-03-02,82.53726
2014-03-03,110.661064
2014-03-04,123.72403
2014-03-05,113.88609
2014-03-06,87.27519
2014-03-07,141.67204
2014-03-08,219.1097
2014-03-09,224.1612
2014-03-10,194.28653
2014-03-11,152.26299
2014-03-12,111.67275
2014-03-13,86.93769
2014-03-14,72.164986
2014-03-15,73.91426
2014-03-16,86.2381
2014-03-17,80.358215
2014-03-18,62.613613
2014-03-19,61.682453
2014-03-20,73.32329
2014-03-21,90.46619
2014-03-22,72.44171
2014-03-23,75.925
2014-03-24,96.10127
2014-03-25,78.89835
2014-03-26,65.163994
2014-03-27,83.37009
2014-03-28,125.087425
2014-03-29,145.0704
2014-03-30,119.50547
2014-03-31,63.351185
2014-04-01,49.940166
2014-04-02,49.63798
2014-04-03,46.683094
2014-04-04,45.813316
2014-04-05,56.762432
2014-04-06,86.27612
2014-04-07,84.946556
2014-04-08,78.82642
2014-04-09,98.45072
2014-04-10,102.13468
2014-04-11,89.8834
2014-04-12,75.850624
2014-04-13,74.859
2014-04-14,120.33028
2014-04-15,200.00836
2014-04-16,212.96997
2014-04-17,168.24017
2014-04-18,155.38527
2014-04-19,153.76053
2014-04-20,132.38617
2014-04-21,113.304886
2014-04-22,172.22704
2014-04-23,265.25302
2014-04-24,269.9832
2014-04-25,242.78181
2014-04-26,230.92249
2014-04-27,214.41525
2014-04-28,355.0662
2014-04-29,512.75024
2014-04-30,477.67447
2014-05-01,377.40515
2014-05-02,352.2621
2014-05-03,415.49472
2014-05-04,385.79944
2014-05-05,345.20813
2014-05-06,411.40527
2014-05-07,397.65576
2014-05-08,370.55792
2014-05-09,344.6484
2014-05-10,360.83536
2014-05-11,313.6365
2014-05-12,258.42453
2014-05-13,243.92365
2014-05-14,326.2567
2014-05-15,343.7998
2014-05-16,265.0178
2014-05-17,245.54567
2014-05-18,304.99887
2014-05-19,328.63168
2014-05-20,822.5416
2014-05-21,940.0163
2014-05-22,590.4679
2014-05-23,543.03906
2014-05-24,632.28973
2014-05-25,522.3074
2014-05-26,362.11078
2014-05-27,298.51404
2014-05-28,265.15744
2014-05-29,298.05865
2014-05-30,356.71634
2014-05-31,412.481
2014-06-01,405.5637
2014-06-02,388.25186
2014-06-03,334.76773
2014-06-04,332.15024
2014-06-05,432.3113
2014-06-06,375.76602
2014-06-07,288.8243
2014-06-08,266.4751
2014-06-09,341.81247
2014-06-10,378.55246
2014-06-11,412.5173
2014-06-12,380.02502
2014-06-13,304.07294
2014-06-14,286.1926
2014-06-15,324.44534
2014-06-16,383.14124
2014-06-17,411.00034
2014-06-18,395.25357
2014-06-19,397.3057
2014-06-20,465.84125
2014-06-21,502.50476
2014-06-22,400.0957
2014-06-23,368.44397
2014-06-24,391.53488
2014-06-25,431.81735
2014-06-26,554.77167
2014-06-27,604.7139
2014-06-28,561.73627
2014-06-29,550.4684
2014-06-30,488.72333
2014-07-01,444.2795
2014-07-02,482.42844
2014-07-03,511.00104
2014-07-04,508.1241
2014-07-05,454.10043
2014-07-06,365.5195
2014-07-07,340.34982
2014-07-08,394.73798
2014-07-09,491.40775
2014-07-10,489.26663
2014-07-11,384.5218
2014-07-12,386.44858
2014-07-13,392.76862
2014-07-14,340.84845
2014-07-15,402.09784
2014-07-16,563.19543
2014-07-17,618.91266
2014-07-18,568.4956
2014-07-19,444.8009
2014-07-20,369.6933
2014-07-21,359.11548
2014-07-22,385.68698
2014-07-23,396.27844
2014-07-24,443.57205
2014-07-25,414.3995
2014-07-26,348.02063
2014-07-27,317.23248
2014-07-28,349.39154
2014-07-29,376.58347
2014-07-30,419.01526
2014-07-31,389.56418
2014-08-01,327.20587
2014-08-02,373.36752
2014-08-03,394.75723
2014-08-04,397.631
2014-08-05,390.01056
2014-08-06,439.7173
2014-08-07,400.90952
2014-08-08,332.17047
2014-08-09,384.78784
2014-08-10,581.46014
2014-08-11,636.4791
2014-08-12,529.40106
2014-08-13,587.7144
2014-08-14,623.0069
2014-08-15,462.20276
2014-08-16,380.78864
2014-08-17,320.89212
2014-08-18,394.48972
2014-08-19,546.55756
2014-08-20,592.9546
2014-08-21,582.4918
2014-08-22,524.14984
2014-08-23,580.8604
2014-08-24,664.7314
2014-08-25,576.0008
2014-08-26,558.2538
2014-08-27,567.5526
2014-08-28,490.3375
2014-08-29,739.1197
2014-08-30,859.4354
2014-08-31,646.3227
2014-09-01,512.7481
2014-09-02,421.4565
2014-09-03,361.6037
2014-09-04,373.81494
2014-09-05,372.8666
2014-09-06,441.97623
2014-09-07,580.0331
2014-09-08,609.2865
2014-09-09,649.4652
2014-09-10,898.4218
2014-09-11,850.27856
2014-09-12,606.45233
2014-09-13,554.34595
2014-09-14,511.955
2014-09-15,525.19025
2014-09-16,545.55457
2014-09-17,561.6321
2014-09-18,569.23285
2014-09-19,612.0346
2014-09-20,606.49023
2014-09-21,580.92706
2014-09-22,559.90186
2014-09-23,555.73694
2014-09-24,623.14496
2014-09-25,742.24286
2014-09-26,737.9598
2014-09-27,758.9133
2014-09-28,651.2793
2014-09-29,567.1929
2014-09-30,527.6389
2014-10-01,518.3991
2014-10-02,492.26633
2014-10-03,455.31427
2014-10-04,452.26547
2014-10-05,484.8435
2014-10-06,545.01575
2014-10-07,651.0906
2014-10-08,720.1886
2014-10-09,836.06604
2014-10-10,1051.4543
2014-10-11,1021.5194
2014-10-12,1102.2148
2014-10-13,1421.4535
2014-10-14,1393.5593
2014-10-15,1168.5458
2014-10-16,1304.8441
2014-10-17,1705.2307
2014-10-18,1357.4749
2014-10-19,958.9173
2014-10-20,856.13495
2014-10-21,960.7251
2014-10-22,951.0907
2014-10-23,851.64996
2014-10-24,781.1757
2014-10-25,715.6083
2014-10-26,737.42114
2014-10-27,714.3324
2014-10-28,526.7464
2014-10-29,444.90686
2014-10-30,447.03333
2014-10-31,467.02487
2014-11-01,425.75446
2014-11-02,392.7112
2014-11-03,421.47122
2014-11-04,428.62943
2014-11-05,390.5795
2014-11-06,337.96188
2014-11-07,375.63922
2014-11-08,447.3231
2014-11-09,503.88022
2014-11-10,479.7019
2014-11-11,551.578
2014-11-12,1234.0388
2014-11-13,1516.2568
2014-11-14,1209.9473
2014-11-15,904.2438
2014-11-16,692.8061
2014-11-17,587.443
2014-11-18,546.91077
2014-11-19,528.7654
2014-11-20,523.68036
2014-11-21,574.4189
2014-11-22,503.53976
2014-11-23,429.54468
2014-11-24,383.811
2014-11-25,349.60257
2014-11-26,314.5023
2014-11-27,310.20767
2014-11-28,333.0604
2014-11-29,342.9935
2014-11-30,326.62717
2014-12-01,281.14755
2014-12-02,276.49722
2014-12-03,305.40195
2014-12-04,301.07272
2014-12-05,300.326
2014-12-06,326.96262
2014-12-07,336.90707
2014-12-08,304.16684
2014-12-09,294.11334
2014-12-10,313.3958
2014-12-11,301.9797
2014-12-12,299.90613
2014-12-13,301.41794
2014-12-14,351.73068
2014-12-15,429.43274
2014-12-16,392.71475
2014-12-17,429.5906
2014-12-18,396.01532
2014-12-19,283.83084
2014-12-20,224.50356
2014-12-21,218.95816
2014-12-22,214.9844
2014-12-23,205.4566
2014-12-24,203.12154
2014-12-25,194.82439
2014-12-26,189.83873
2014-12-27,193.04851
2014-12-28,185.10208
2014-12-29,175.45627
2014-12-30,213.71396
2014-12-31,207.30522
2015-01-01,176.07552
2015-01-02,167.4723
2015-01-03,169.94925
2015-01-04,173.05652
2015-01-05,170.52994
2015-01-06,161.24573
2015-01-07,153.16185
2015-01-08,146.21432
2015-01-09,138.96628
2015-01-10,134.1998
2015-01-11,132.52075
2015-01-12,134.70496
2015-01-13,130.88933
2015-01-14,124.69596
2015-01-15,122.3784
2015-01-16,123.13985
2015-01-17,125.59523
2015-01-18,125.175674
2015-01-19,128.49596
2015-01-20,133.79414
2015-01-21,129.81523
2015-01-22,116.87494
2015-01-23,123.466866
2015-01-24,176.71407
2015-01-25,188.82048
2015-01-26,151.03665
2015-01-27,115.07549
2015-01-28,97.292946
2015-01-29,102.84555
2015-01-30,100.096695
2015-01-31,87.5876
2015-02-01,85.42668
2015-02-02,103.60342
2015-02-03,127.1262
2015-02-04,111.25177
2015-02-05,107.05279
2015-02-06,157.00804
2015-02-07,242.6284
2015-02-08,267.9794
2015-02-09,220.74199
2015-02-10,157.37094
2015-02-11,187.02316
2015-02-12,219.49203
2015-02-13,169.74849
2015-02-14,128.98813
2015-02-15,109.01415
2015-02-16,103.392204
2015-02-17,109.212944
2015-02-18,99.58513
2015-02-19,84.93729
2015-02-20,76.979195
2015-02-21,80.70805
2015-02-22,77.97062
2015-02-23,67.38892
2015-02-24,60.46763
2015-02-25,56.2782
2015-02-26,57.14924
2015-02-27,87.44529
2015-02-28,96.724464
2015-03-01,77.086655
2015-03-02,101.69281
2015-03-03,119.41165
2015-03-04,106.93039
2015-03-05,83.25559
2015-03-06,60.91068
2015-03-07,49.835236
2015-03-08,50.47225
2015-03-09,68.35605
2015-03-10,86.95277
2015-03-11,73.2606
2015-03-12,68.27189
2015-03-13,74.596695
2015-03-14,74.211716
2015-03-15,95.65165
2015-03-16,118.30999
2015-03-17,96.16559
2015-03-18,87.90534
2015-03-19,81.08611
2015-03-20,105.55956
2015-03-21,143.74191
2015-03-22,282.24838
2015-03-23,306.0641
2015-03-24,193.35307
2015-03-25,103.033775
2015-03-26,79.85138
2015-03-27,71.277115
2015-03-28,64.94446
2015-03-29,83.92049
2015-03-30,102.156296
2015-03-31,118.42679
2015-04-01,137.26375
2015-04-02,156.20096
2015-04-03,174.71742
2015-04-04,152.21007
2015-04-05,127.148056
2015-04-06,194.3414
2015-04-07,199.96378
2015-04-08,140.95786
2015-04-09,127.44822
2015-04-10,121.6835
2015-04-11,131.60707
2015-04-12,132.47774
2015-04-13,156.02608
2015-04-14,187.14513
2015-04-15,181.45923
2015-04-16,192.76993
2015-04-17,192.92651
2015-04-18,243.1066
2015-04-19,291.21207
2015-04-20,353.23022
2015-04-21,404.81406
2015-04-22,439.6557
2015-04-23,388.8912
2015-04-24,378.53195
2015-04-25,312.29825
2015-04-26,241.79323
2015-04-27,217.09602
2015-04-28,247.8169
2015-04-29,356.84378
2015-04-30,279.1219
2015-05-01,196.46275
2015-05-02,207.31796
2015-05-03,280.17596
2015-05-04,251.59825
2015-05-05,180.89497
2015-05-06,179.87074
2015-05-07,222.45738
2015-05-08,212.17683
2015-05-09,201.88564
2015-05-10,251.12767
2015-05-11,303.61676
2015-05-12,331.21588
2015-05-13,323.21786
2015-05-14,239.22899
2015-05-15,177.86842
2015-05-16,242.46846
2015-05-17,346.7797
2015-05-18,386.36258
2015-05-19,517.49005
2015-05-20,586.4479
2015-05-21,559.4371
2015-05-22,511.76184
2015-05-23,568.5413
2015-05-24,529.53815
2015-05-25,381.95633
2015-05-26,343.0279
2015-05-27,373.503
2015-05-28,584.1032
2015-05-29,675.1456
2015-05-30,690.82916
2015-05-31,1296.9869
2015-06-01,1591.869
2015-06-02,1052.6053
2015-06-03,617.29846
2015-06-04,472.67853
2015-06-05,455.25092
2015-06-06,494.72388
2015-06-07,498.0933
2015-06-08,452.7686
2015-06-09,466.94974
2015-06-10,481.50095
2015-06-11,558.731
2015-06-12,778.0247
2015-06-13,703.17523
2015-06-14,520.8171
2015-06-15,446.4789
2015-06-16,407.2211
2015-06-17,399.7251
2015-06-18,365.09323
2015-06-19,378.55212
2015-06-20,411.40805
2015-06-21,389.86118
2015-06-22,433.73117
2015-06-23,444.77826
2015-06-24,379.6707
2015-06-25,316.08102
2015-06-26,257.09048
2015-06-27,214.6985
2015-06-28,212.7545
2015-06-29,228.14186
2015-06-30,230.09305
2015-07-01,259.31287
2015-07-02,264.49988
2015-07-03,226.98685
2015-07-04,191.53282
2015-07-05,181.95692
2015-07-06,180.44276
2015-07-07,187.09366
2015-07-08,226.45515
2015-07-09,295.96646
2015-07-10,524.3606
2015-07-11,536.8525
2015-07-12,420.73462
2015-07-13,346.6698
2015-07-14,298.16254
2015-07-15,419.64328
2015-07-16,502.26978
2015-07-17,494.14615
2015-07-18,512.1578
2015-07-19,579.1369
2015-07-20,575.2272
2015-07-21,647.94476
2015-07-22,701.56586
2015-07-23,774.8763
2015-07-24,819.8668
2015-07-25,584.2649
2015-07-26,489.55383
2015-07-27,385.53467
2015-07-28,315.57605
2015-07-29,294.91302
2015-07-30,331.53842
2015-07-31,440.80826
2015-08-01,546.8173
2015-08-02,497.0159
2015-08-03,479.16946
2015-08-04,413.08124
2015-08-05,359.84518
2015-08-06,340.0588
2015-08-07,322.64062
2015-08-08,327.5338
2015-08-09,317.92334
2015-08-10,292.98083
2015-08-11,300.24097
2015-08-12,330.97958
2015-08-13,352.95306
2015-08-14,322.8975
2015-08-15,417.24115
2015-08-16,511.54767
2015-08-17,728.4961
2015-08-18,1095.6288
2015-08-19,933.07965
2015-08-20,560.14355
2015-08-21,429.174
2015-08-22,383.5549
2015-08-23,389.77417
2015-08-24,457.6594
2015-08-25,561.5815
2015-08-26,627.0056
2015-08-27,600.9017
2015-08-28,662.52716
2015-08-29,647.46045
2015-08-30,552.05096
2015-08-31,511.6617
2015-09-01,526.2617
2015-09-02,513.7833
2015-09-03,519.7175
2015-09-04,626.20355
2015-09-05,688.9273
2015-09-06,605.9238
2015-09-07,583.37744
2015-09-08,479.92017
2015-09-09,492.50485
2015-09-10,486.00354
2015-09-11,443.29688
2015-09-12,433.03894
2015-09-13,416.21555
2015-09-14,422.0792
2015-09-15,385.18268
2015-09-16,313.97092
2015-09-17,317.16687
2015-09-18,359.7329
2015-09-19,395.08173
2015-09-20,393.39377
2015-09-21,456.32993
2015-09-22,464.90814
2015-09-23,382.46722
2015-09-24,362.30573
2015-09-25,449.05435
2015-09-26,490.61966
2015-09-27,426.9805
2015-09-28,401.72195
2015-09-29,391.82782
2015-09-30,360.46744
2015-10-01,309.0806
2015-10-02,297.12106
2015-10-03,354.41125
2015-10-04,331.01312
2015-10-05,301.40512
2015-10-06,326.0207
2015-10-07,373.45163
2015-10-08,361.19937
2015-10-09,350.5255
2015-10-10,396.73486
2015-10-11,396.65604
2015-10-12,358.6664
2015-10-13,363.0709
2015-10-14,366.75662
2015-10-15,418.59857
2015-10-16,518.3807
2015-10-17,680.1674
2015-10-18,699.06384
2015-10-19,678.5369
2015-10-20,610.16516
2015-10-21,534.139
2015-10-22,515.82513
2015-10-23,493.12604
2015-10-24,505.79614
2015-10-25,508.29773
2015-10-26,495.9623
2015-10-27,664.49194
2015-10-28,714.86237
2015-10-29,671.5979
2015-10-30,1188.122
2015-10-31,1128.3951
2015-11-01,646.79456
2015-11-02,502.83194
2015-11-03,455.72913
2015-11-04,440.1331
2015-11-05,402.62207
2015-11-06,448.07007
2015-11-07,486.34888
2015-11-08,455.0719
2015-11-09,443.59183
2015-11-10,451.79956
2015-11-11,471.51917
2015-11-12,502.483
2015-11-13,487.08875
2015-11-14,475.4401
2015-11-15,510.9755
2015-11-16,494.08643
2015-11-17,453.1943
2015-11-18,589.7542
2015-11-19,770.8326
2015-11-20,860.92267
2015-11-21,752.1218
2015-11-22,670.5439
2015-11-23,611.86145
2015-11-24,527.794
2015-11-25,465.41357
2015-11-26,485.98807
2015-11-27,487.11725
2015-11-28,441.17053
2015-11-29,446.27823
2015-11-30,616.7041
2015-12-01,658.0077
2015-12-02,449.92252
2015-12-03,405.89514
2015-12-04,698.5259
2015-12-05,679.0191
2015-12-06,467.8832
2015-12-07,386.47122
2015-12-08,354.45105
2015-12-09,351.68216
2015-12-10,456.54248
2015-12-11,461.92377
2015-12-12,369.05618
2015-12-13,321.93536
2015-12-14,297.23315
2015-12-15,281.77747
2015-12-16,283.14807
2015-12-17,320.65762
2015-12-18,341.3602
2015-12-19,301.17932
2015-12-20,299.84488
2015-12-21,365.40552
2015-12-22,344.91626
2015-12-23,295.7443
2015-12-24,260.54193
2015-12-25,229.86583
2015-12-26,216.88026
2015-12-27,217.68599
2015-12-28,209.84996
2015-12-29,204.43623
2015-12-30,198.42767
2015-12-31,188.29715
2016-01-01,173.63568
2016-01-02,161.26996
2016-01-03,177.63132
2016-01-04,250.25679
2016-01-05,444.42007
2016-01-06,414.27618
2016-01-07,248.33629
2016-01-08,255.96204
2016-01-09,252.48572
2016-01-10,191.5456
2016-01-11,167.39684
2016-01-12,160.001
2016-01-13,145.51448
2016-01-14,134.79915
2016-01-15,125.474144
2016-01-16,117.61715
2016-01-17,113.53882
2016-01-18,112.12683
2016-01-19,111.65581
2016-01-20,108.16649
2016-01-21,109.15472
2016-01-22,104.79973
2016-01-23,94.79096
2016-01-24,92.301926
2016-01-25,93.61292
2016-01-26,109.82137
2016-01-27,121.98498
2016-01-28,105.739944
2016-01-29,86.644485
2016-01-30,78.344505
2016-01-31,85.82414
2016-02-01,90.51518
2016-02-02,76.009926
2016-02-03,70.80447
2016-02-04,68.14552
2016-02-05,67.64783
2016-02-06,67.58359
2016-02-07,68.19928
2016-02-08,66.56805
2016-02-09,60.622086
2016-02-10,59.040215
2016-02-11,61.5564
2016-02-12,85.400604
2016-02-13,115.190094
2016-02-14,118.43785
2016-02-15,93.12902
2016-02-16,70.91541
2016-02-17,59.561394
2016-02-18,59.368576
2016-02-19,64.57925
2016-02-20,57.317204
2016-02-21,54.130955
2016-02-22,55.727245
2016-02-23,57.24924
2016-02-24,60.68204
2016-02-25,69.09316
2016-02-26,63.217216
2016-02-27,53.595318
2016-02-28,97.48571
2016-02-29,105.91062
2016-03-01,70.672844
2016-03-02,56.35732
2016-03-03,48.149673
2016-03-04,50.718113
2016-03-05,59.4736
2016-03-06,68.55384
2016-03-07,69.181496
2016-03-08,75.519295
2016-03-09,84.985886
2016-03-10,75.56493
2016-03-11,50.60746
2016-03-12,37.909653
2016-03-13,48.86895
2016-03-14,60.154694
2016-03-15,55.423637
2016-03-16,72.90462
2016-03-17,70.94687
2016-03-18,42.842255
2016-03-19,40.258854
2016-03-20,54.565186
2016-03-21,60.480713
2016-03-22,55.640087
2016-03-23,53.74135
2016-03-24,60.760025
2016-03-25,82.3452
2016-03-26,67.1606
2016-03-27,45.16156
2016-03-28,40.96449
2016-03-29,35.392178
2016-03-30,57.53579
2016-03-31,102.121826
2016-04-01,105.601204
2016-04-02,82.21248
2016-04-03,67.595436
2016-04-04,56.539394
2016-04-05,86.14338
2016-04-06,98.16345
2016-04-07,69.57769
2016-04-08,80.92445
2016-04-09,81.32295
2016-04-10,64.20429
2016-04-11,65.558395
2016-04-12,84.68649
2016-04-13,115.004135
2016-04-14,113.90673
2016-04-15,314.14493
2016-04-16,402.38803
2016-04-17,191.02654
2016-04-18,84.57349
2016-04-19,101.4135
2016-04-20,249.25124
2016-04-21,337.03403
2016-04-22,197.40828
2016-04-23,160.25575
2016-04-24,152.95859
2016-04-25,164.63635
2016-04-26,400.2369
2016-04-27,1544.8284
2016-04-28,1352.3531
2016-04-29,513.1083
2016-04-30,475.64127
2016-05-01,486.39713
2016-05-02,329.29755
2016-05-03,322.0891
2016-05-04,383.2546
2016-05-05,611.1202
2016-05-06,626.202
2016-05-07,362.5308
2016-05-08,278.8236
2016-05-09,278.98737
2016-05-10,315.66705
2016-05-11,360.25928
2016-05-12,289.93472
2016-05-13,310.64963
2016-05-14,304.0523
2016-05-15,240.93527
2016-05-16,226.14742
2016-05-17,187.24261
2016-05-18,173.56142
2016-05-19,180.4486
2016-05-20,191.50934
2016-05-21,207.57344
2016-05-22,225.39453
2016-05-23,240.02838
2016-05-24,249.96072
2016-05-25,251.51477
2016-05-26,280.40308
2016-05-27,332.05234
2016-05-28,307.4014
2016-05-29,229.06703
2016-05-30,240.26428
2016-05-31,340.7112
2016-06-01,474.38608
2016-06-02,511.1817
2016-06-03,601.4461
2016-06-04,754.5786
2016-06-05,1258.1296
2016-06-06,1450.1311
2016-06-07,876.9686
2016-06-08,456.09003
2016-06-09,386.21442
2016-06-10,331.1132
2016-06-11,371.22388
2016-06-12,424.5105
2016-06-13,467.8884
2016-06-14,503.01
2016-06-15,377.86368
2016-06-16,406.05325
2016-06-17,899.1293
2016-06-18,845.4081
2016-06-19,447.86542
2016-06-20,352.66443
2016-06-21,364.60132
2016-06-22,406.4077
2016-06-23,488.28552
2016-06-24,501.96997
2016-06-25,550.687
2016-06-26,609.991
2016-06-27,559.8126
2016-06-28,492.47873
2016-06-29,476.5844
2016-06-30,451.64075
2016-07-01,431.6448
2016-07-02,483.95044
2016-07-03,493.9101
2016-07-04,507.06464
2016-07-05,560.4889
2016-07-06,540.5372
2016-07-07,471.9251
2016-07-08,486.3219
2016-07-09,450.7046
2016-07-10,457.56305
2016-07-11,568.50793
2016-07-12,532.4075
2016-07-13,442.7251
2016-07-14,438.42462
2016-07-15,379.69266
2016-07-16,432.321
2016-07-17,452.85745
2016-07-18,412.764
2016-07-19,409.19727
2016-07-20,416.28018
2016-07-21,417.4638
2016-07-22,423.328
2016-07-23,395.5361
2016-07-24,410.879
2016-07-25,573.11115
2016-07-26,544.0654
2016-07-27,481.8077
2016-07-28,423.41458
2016-07-29,458.73932
2016-07-30,474.8389
2016-07-31,488.51328
2016-08-01,542.2274
2016-08-02,548.66864
2016-08-03,503.7802
2016-08-04,499.37024
2016-08-05,544.20374
2016-08-06,565.9975
2016-08-07,523.15607
2016-08-08,459.31134
2016-08-09,432.72144
2016-08-10,433.00842
2016-08-11,401.38617
2016-08-12,372.45062
2016-08-13,359.83707
2016-08-14,432.55307
2016-08-15,420.72702
2016-08-16,403.52045
2016-08-17,426.78088
2016-08-18,461.98575
2016-08-19,452.90652
2016-08-20,335.64526
2016-08-21,328.33423
2016-08-22,378.95706
2016-08-23,495.1765
2016-08-24,614.36884
2016-08-25,535.49805
2016-08-26,427.47412
2016-08-27,462.8392
2016-08-28,557.3981
2016-08-29,659.7449
2016-08-30,621.2216
2016-08-31,525.319
2016-09-01,456.10696
2016-09-02,477.07526
2016-09-03,470.9992
2016-09-04,410.21527
2016-09-05,432.24597
2016-09-06,477.45126
2016-09-07,483.60928
2016-09-08,610.5571
2016-09-09,723.16205
2016-09-10,640.7331
2016-09-11,598.3654
2016-09-12,624.46735
2016-09-13,698.26196
2016-09-14,634.3056
2016-09-15,722.0131
2016-09-16,744.8376
2016-09-17,671.9189
2016-09-18,626.5882
2016-09-19,574.103
2016-09-20,551.5871
2016-09-21,519.74854
2016-09-22,548.29425
2016-09-23,524.1507
2016-09-24,486.74155
2016-09-25,450.58978
2016-09-26,435.46234
2016-09-27,459.64166
2016-09-28,515.5266
2016-09-29,465.1461
2016-09-30,407.9888
2016-10-01,368.02658
2016-10-02,355.56686
2016-10-03,358.6772
2016-10-04,394.49786
2016-10-05,426.0699
2016-10-06,380.35095
2016-10-07,328.95358
2016-10-08,337.9157
2016-10-09,372.89572
2016-10-10,371.8835
2016-10-11,398.42062
2016-10-12,497.35962
2016-10-13,706.9756
2016-10-14,1440.2898
2016-10-15,1381.5637
2016-10-16,869.4597
2016-10-17,622.3418
2016-10-18,579.2394
2016-10-19,907.5574
2016-10-20,925.1796
2016-10-21,705.2978
2016-10-22,654.5376
2016-10-23,634.11566
2016-10-24,625.8994
2016-10-25,605.989
2016-10-26,547.4111
2016-10-27,510.6919
2016-10-28,550.1889
2016-10-29,534.13135
2016-10-30,521.17914
2016-10-31,530.9836
2016-11-01,808.8489
2016-11-02,931.2072
2016-11-03,679.1465
2016-11-04,855.4701
2016-11-05,898.87115
2016-11-06,641.17737
2016-11-07,577.16754
2016-11-08,628.5064
2016-11-09,656.2363
2016-11-10,665.3099
2016-11-11,590.73865
2016-11-12,541.46796
2016-11-13,504.31442
2016-11-14,493.52066
2016-11-15,577.5056
2016-11-16,743.1988
2016-11-17,831.05475
2016-11-18,694.79645
2016-11-19,610.9479
2016-11-20,588.8057
2016-11-21,617.0431
2016-11-22,677.77545
2016-11-23,622.7898
2016-11-24,498.1426
2016-11-25,396.84747
2016-11-26,378.24652
2016-11-27,479.14468
2016-11-28,522.76166
2016-11-29,397.74588
2016-11-30,382.60703
2016-12-01,387.92627
2016-12-02,519.23456
2016-12-03,580.12933
2016-12-04,460.15445
2016-12-05,641.2007
2016-12-06,692.3859
2016-12-07,544.3817
2016-12-08,469.76538
2016-12-09,413.19315
2016-12-10,406.47183
2016-12-11,412.37814
2016-12-12,472.60773
2016-12-13,716.32764
2016-12-14,1490.6324
2016-12-15,1402.3372
2016-12-16,757.35077
2016-12-17,511.94376
2016-12-18,394.23502
2016-12-19,352.53543
2016-12-20,331.3957
2016-12-21,307.3965
2016-12-22,276.0752
2016-12-23,262.75537
2016-12-24,337.8218
2016-12-25,362.35355
2016-12-26,300.06085
2016-12-27,254.32036
2016-12-28,236.4579
2016-12-29,222.47552
2016-12-30,202.21643
2016-12-31,184.7171
2017-01-01,183.79643
2017-01-02,211.67213
2017-01-03,222.71428
2017-01-04,189.84236
2017-01-05,168.19128
2017-01-06,158.48093
2017-01-07,154.5611
2017-01-08,154.23288
2017-01-09,151.71101
2017-01-10,154.92892
2017-01-11,156.07922
2017-01-12,145.14915
2017-01-13,129.32376
2017-01-14,116.1593
2017-01-15,113.09832
2017-01-16,118.97994
2017-01-17,123.23003
2017-01-18,113.18195
2017-01-19,101.89168
2017-01-20,93.32802
2017-01-21,94.83785
2017-01-22,100.24413
2017-01-23,96.67995
2017-01-24,94.570114
2017-01-25,89.84623
2017-01-26,77.60563
2017-01-27,72.99156
2017-01-28,68.81505
2017-01-29,66.19176
2017-01-30,76.863144
2017-01-31,96.08057
2017-02-01,104.07513
2017-02-02,115.3768
2017-02-03,94.57435
2017-02-04,72.849174
2017-02-05,67.79823
2017-02-06,73.26299
2017-02-07,68.34099
2017-02-08,58.12453
2017-02-09,53.524666
2017-02-10,51.51733
2017-02-11,51.46116
2017-02-12,55.370693
2017-02-13,55.915257
2017-02-14,46.424995
2017-02-15,61.90859
2017-02-16,72.60263
2017-02-17,59.31579
2017-02-18,44.553436
2017-02-19,41.287735
2017-02-20,73.45666
2017-02-21,115.11184
2017-02-22,100.84753
2017-02-23,73.6322
2017-02-24,72.65369
2017-02-25,96.10834
2017-02-26,67.767006
2017-02-27,46.41144
2017-02-28,47.637554
2017-03-01,43.190342
2017-03-02,49.483807
2017-03-03,76.87043
2017-03-04,77.11159
2017-03-05,73.600494
2017-03-06,78.10472
2017-03-07,68.9179
2017-03-08,75.86717
2017-03-09,106.573524
2017-03-10,158.96617
2017-03-11,194.84247
2017-03-12,217.75937
2017-03-13,592.32855
2017-03-14,600.77893
2017-03-15,256.26917
2017-03-16,176.21422
2017-03-17,240.08669
2017-03-18,216.42746
2017-03-19,143.59586
2017-03-20,106.20005
2017-03-21,150.63464
2017-03-22,194.24599
2017-03-23,176.24107
2017-03-24,134.16197
2017-03-25,182.14066
2017-03-26,576.42633
2017-03-27,496.24707
2017-03-28,287.71664
2017-03-29,254.02797
2017-03-30,161.61826
2017-03-31,94.15491
2017-04-01,118.1652
2017-04-02,171.10236
2017-04-03,175.1811
2017-04-04,169.24199
2017-04-05,145.77179
2017-04-06,109.88599
2017-04-07,108.41081
2017-04-08,97.334694
2017-04-09,82.074326
2017-04-10,102.51845
2017-04-11,126.11867
2017-04-12,115.62333
2017-04-13,147.02199
2017-04-14,178.4934
2017-04-15,158.08757
2017-04-16,137.75124
2017-04-17,124.666
2017-04-18,126.03233
2017-04-19,135.77492
2017-04-20,168.53241
2017-04-21,268.37994
2017-04-22,485.60287
2017-04-23,1256.5159
2017-04-24,1111.7411
2017-04-25,353.43097
2017-04-26,172.67215
2017-04-27,208.16293
2017-04-28,264.85986
2017-04-29,242.36768
2017-04-30,224.99144
2017-05-01,229.36949
2017-05-02,210.28816
2017-05-03,405.62094
2017-05-04,428.30185
2017-05-05,322.656
2017-05-06,258.6051
2017-05-07,234.07074
2017-05-08,398.64142
2017-05-09,1421.533
2017-05-10,1432.114
2017-05-11,811.29156
2017-05-12,692.5042
2017-05-13,503.69446
2017-05-14,373.63324
2017-05-15,339.80902
2017-05-16,413.25018
2017-05-17,519.8443
2017-05-18,596.0713
2017-05-19,498.71896
2017-05-20,469.91193
2017-05-21,407.7364
2017-05-22,319.79166
2017-05-23,452.99963
2017-05-24,1020.0765
2017-05-25,813.7066
2017-05-26,393.84955
2017-05-27,318.48544
2017-05-28,325.61832
2017-05-29,299.66513
2017-05-30,298.6515
2017-05-31,399.7482
2017-06-01,621.7254
2017-06-02,559.28186
2017-06-03,388.80984
2017-06-04,333.6456
2017-06-05,281.38812
2017-06-06,251.40794
2017-06-07,255.97441
2017-06-08,301.83752
2017-06-09,336.51816
2017-06-10,294.3935
2017-06-11,287.2001
2017-06-12,298.3961
2017-06-13,278.89853
2017-06-14,380.78342
2017-06-15,853.9115
2017-06-16,1044.4182
2017-06-17,627.8626
2017-06-18,606.2907
2017-06-19,641.02844
2017-06-20,553.3571
2017-06-21,512.79266
2017-06-22,452.11072
2017-06-23,440.4184
2017-06-24,576.9522
2017-06-25,691.5487
2017-06-26,519.68536
2017-06-27,401.1443
2017-06-28,705.61523
2017-06-29,630.5151
2017-06-30,425.3699
2017-07-01,360.56375
2017-07-02,362.12744
2017-07-03,348.8605
2017-07-04,359.36548
2017-07-05,345.66956
2017-07-06,307.63712
2017-07-07,294.28375
2017-07-08,313.30005
2017-07-09,337.89273
2017-07-10,299.50986
2017-07-11,261.37265
2017-07-12,306.94507
2017-07-13,404.75162
2017-07-14,534.0677
2017-07-15,601.5442
2017-07-16,581.48267
2017-07-17,580.38025
2017-07-18,484.0351
2017-07-19,397.41364
2017-07-20,377.0224
2017-07-21,378.24814
2017-07-22,490.63504
2017-07-23,438.6657
2017-07-24,338.73694
2017-07-25,348.72302
2017-07-26,371.05936
2017-07-27,366.49506
2017-07-28,392.536
2017-07-29,388.1497
2017-07-30,384.87723
2017-07-31,324.48145
2017-08-01,392.97916
2017-08-02,436.21353
2017-08-03,528.5594
2017-08-04,433.48178
2017-08-05,303.3647
2017-08-06,344.6748
2017-08-07,437.38904
2017-08-08,517.7978
2017-08-09,574.6055
2017-08-10,519.74023
2017-08-11,402.37585
2017-08-12,363.96625
2017-08-13,409.82303
2017-08-14,455.4713
2017-08-15,741.4487
2017-08-16,695.77606
2017-08-17,455.17767
2017-08-18,390.5902
2017-08-19,417.90817
2017-08-20,426.6514
2017-08-21,397.37488
2017-08-22,381.63672
2017-08-23,385.1338
2017-08-24,409.9746
2017-08-25,403.84622
2017-08-26,432.85718
2017-08-27,415.72818
2017-08-28,347.76453
2017-08-29,324.20258
2017-08-30,322.86725
2017-08-31,468.2425
2017-09-01,527.41486
2017-09-02,449.17883
2017-09-03,396.55157
2017-09-04,308.20203
2017-09-05,275.45032
2017-09-06,305.50906
2017-09-07,373.1346
2017-09-08,424.76974
2017-09-09,479.68402
2017-09-10,473.78564
2017-09-11,566.2497
2017-09-12,632.8728
2017-09-13,664.3927
2017-09-14,631.38763
2017-09-15,572.9318
2017-09-16,566.0779
2017-09-17,516.1623
2017-09-18,468.31888
2017-09-19,429.07562
2017-09-20,387.84348
2017-09-21,474.04355
2017-09-22,535.466
2017-09-23,455.35214
2017-09-24,439.65396
2017-09-25,615.865
2017-09-26,1691.0205
2017-09-27,1583.4471
2017-09-28,1070.1328
2017-09-29,813.9914
2017-09-30,498.4487
2017-10-01,545.3986
2017-10-02,591.23474
2017-10-03,571.4871
2017-10-04,755.2734
2017-10-05,733.23865
2017-10-06,540.3716
2017-10-07,522.8309
2017-10-08,612.663
2017-10-09,572.0989
2017-10-10,460.0683
2017-10-11,404.00433
2017-10-12,426.45425
2017-10-13,430.7138
2017-10-14,409.99338
2017-10-15,381.46646
2017-10-16,334.18884
2017-10-17,311.17426
2017-10-18,333.3753
2017-10-19,362.77267
2017-10-20,415.03726
2017-10-21,431.0652
2017-10-22,408.66757
2017-10-23,432.71
2017-10-24,476.43924
2017-10-25,504.18054
2017-10-26,790.74634
2017-10-27,1051.7732
2017-10-28,830.92975
2017-10-29,563.22906
2017-10-30,583.4201
2017-10-31,585.6641
2017-11-01,620.3588
2017-11-02,543.7149
2017-11-03,382.7221
2017-11-04,314.54364
2017-11-05,280.91376
2017-11-06,259.14316
2017-11-07,359.05096
2017-11-08,433.98285
2017-11-09,313.7887
2017-11-10,243.57672
2017-11-11,233.75926
2017-11-12,365.34256
2017-11-13,374.96796
2017-11-14,256.06467
2017-11-15,223.16954
2017-11-16,285.60507
2017-11-17,505.41116
2017-11-18,436.8064
2017-11-19,315.17438
2017-11-20,273.471
2017-11-21,252.75345
2017-11-22,251.60837
2017-11-23,258.98016
2017-11-24,266.10468
2017-11-25,249.59375
2017-11-26,230.5489
2017-11-27,384.4798
2017-11-28,402.66028
2017-11-29,249.19115
2017-11-30,281.44458
2017-12-01,287.1051
2017-12-02,236.63437
2017-12-03,408.38138
2017-12-04,445.98828
2017-12-05,311.93445
2017-12-06,264.08316
2017-12-07,261.55872
2017-12-08,296.9637
2017-12-09,304.2627
2017-12-10,252.96028
2017-12-11,234.30814
2017-12-12,238.0425
2017-12-13,218.954
2017-12-14,205.93015
2017-12-15,202.76105
2017-12-16,187.55055
2017-12-17,147.42172
2017-12-18,129.8288
2017-12-19,123.02081
2017-12-20,116.943985
2017-12-21,112.23525
2017-12-22,108.23158
2017-12-23,106.29673
2017-12-24,105.19783
2017-12-25,105.65014
2017-12-26,107.20375
2017-12-27,109.631874
2017-12-28,132.46286
2017-12-29,122.632195
2017-12-30,103.708405
2017-12-31,125.23611
2018-01-01,179.35855
2018-01-02,190.33374
2018-01-03,172.68073
2018-01-04,202.19241
2018-01-05,294.52838
2018-01-06,359.61502
2018-01-07,387.23163
2018-01-08,321.46902
2018-01-09,186.92133
2018-01-10,107.727715
2018-01-11,121.646515
2018-01-12,233.67903
2018-01-13,221.04382
2018-01-14,145.18167
2018-01-15,185.5118
2018-01-16,203.65294
2018-01-17,179.30098
2018-01-18,164.99753
2018-01-19,183.52963
2018-01-20,253.84546
2018-01-21,246.67995
2018-01-22,242.8915
2018-01-23,207.07916
2018-01-24,169.23268
2018-01-25,181.80698
2018-01-26,199.8648
2018-01-27,179.52594
2018-01-28,156.05022
2018-01-29,149.29266
2018-01-30,140.67287
2018-01-31,137.08583
2018-02-01,139.24503
2018-02-02,138.39426
2018-02-03,130.92354
2018-02-04,120.1649
2018-02-05,131.66328
2018-02-06,130.31247
2018-02-07,116.56811
2018-02-08,104.75394
2018-02-09,94.20052
2018-02-10,86.919205
2018-02-11,81.74503
2018-02-12,77.793564
2018-02-13,104.63418
2018-02-14,164.34555
2018-02-15,163.95392
2018-02-16,121.883446
2018-02-17,96.07581
2018-02-18,80.992874
2018-02-19,87.96421
2018-02-20,91.15149
2018-02-21,92.56143
2018-02-22,76.812546
2018-02-23,63.872322
2018-02-24,59.50662
2018-02-25,52.592518
2018-02-26,150.12622
2018-02-27,303.17886
2018-02-28,249.23544
2018-03-01,141.30627
2018-03-02,82.86682
2018-03-03,68.31648
2018-03-04,63.488373
2018-03-05,64.6369
2018-03-06,73.23305
2018-03-07,70.41986
2018-03-08,66.617165
2018-03-09,57.661274
2018-03-10,60.83293
2018-03-11,80.07295
2018-03-12,100.641556
2018-03-13,107.540146
2018-03-14,71.69134
2018-03-15,64.57356
2018-03-16,88.9046
2018-03-17,94.73783
2018-03-18,105.03679
2018-03-19,119.430565
2018-03-20,127.09316
2018-03-21,148.4263
2018-03-22,124.51426
2018-03-23,94.27242
2018-03-24,96.9683
2018-03-25,97.58053
2018-03-26,131.68463
2018-03-27,210.77774
2018-03-28,249.84566
2018-03-29,193.54869
2018-03-30,129.23346
2018-03-31,119.83453
2018-04-01,113.93335
2018-04-02,200.04489
2018-04-03,324.0576
2018-04-04,317.54224
2018-04-05,250.46216
2018-04-06,233.65115
2018-04-07,238.66591
2018-04-08,197.11342
2018-04-09,165.27766
2018-04-10,159.7655
2018-04-11,140.99617
2018-04-12,136.27547
2018-04-13,225.89398
2018-04-14,264.97717
2018-04-15,232.69307
2018-04-16,237.90822
2018-04-17,279.11218
2018-04-18,340.73956
2018-04-19,308.57224
2018-04-20,256.34863
2018-04-21,215.49417
2018-04-22,226.16867
2018-04-23,224.38739
2018-04-24,198.2806
2018-04-25,225.87955
2018-04-26,326.6511
2018-04-27,379.99353
2018-04-28,369.97885
2018-04-29,389.67096
2018-04-30,505.61356
2018-05-01,420.29523
2018-05-02,294.46277
2018-05-03,267.74384
2018-05-04,319.16367
2018-05-05,310.94827
2018-05-06,315.37527
2018-05-07,352.78793
2018-05-08,364.0744
2018-05-09,621.3386
2018-05-10,826.1266
2018-05-11,791.8176
2018-05-12,612.6188
2018-05-13,542.2676
2018-05-14,546.5983
2018-05-15,599.6436
2018-05-16,773.046
2018-05-17,857.5892
2018-05-18,785.1085
2018-05-19,608.93414
2018-05-20,581.3853
2018-05-21,591.8005
2018-05-22,760.13293
2018-05-23,758.7587
2018-05-24,702.2375
2018-05-25,672.816
2018-05-26,505.3177
2018-05-27,441.3692
2018-05-28,444.2486
2018-05-29,515.339
2018-05-30,517.9486
2018-05-31,357.07712
2018-06-01,364.40997
2018-06-02,479.35223
2018-06-03,593.00946
2018-06-04,468.88974
2018-06-05,490.4899
2018-06-06,472.08923
2018-06-07,423.73285
2018-06-08,376.92828
2018-06-09,342.88687
2018-06-10,297.09872
2018-06-11,330.4169
2018-06-12,489.34378
2018-06-13,1166.3059
2018-06-14,1173.1083
2018-06-15,698.0084
2018-06-16,563.0924
2018-06-17,687.3724
2018-06-18,689.2331
2018-06-19,542.66144
2018-06-20,485.17334
2018-06-21,467.64374
2018-06-22,568.86206
2018-06-23,622.9382
2018-06-24,575.94037
2018-06-25,477.28848
2018-06-26,535.9425
2018-06-27,625.4107
2018-06-28,545.0891
2018-06-29,908.6655
2018-06-30,821.89233
2018-07-01,544.71436
2018-07-02,509.93024
2018-07-03,522.5673
2018-07-04,518.61505
2018-07-05,442.49045
2018-07-06,390.3814
2018-07-07,370.60382
2018-07-08,393.75623
2018-07-09,474.60492
2018-07-10,478.2611
2018-07-11,467.0081
2018-07-12,516.47595
2018-07-13,574.6661
2018-07-14,519.2136
2018-07-15,470.3634
2018-07-16,553.46155
2018-07-17,589.1197
2018-07-18,643.0129
2018-07-19,822.17554
2018-07-20,687.8006
2018-07-21,465.26898
2018-07-22,406.85544
2018-07-23,354.36047
2018-07-24,348.78513
2018-07-25,374.4904
2018-07-26,472.32285
2018-07-27,436.421
2018-07-28,476.86163
2018-07-29,524.4749
2018-07-30,689.5132
2018-07-31,873.5404
2018-08-01,801.4332
2018-08-02,642.21246
2018-08-03,541.4208
2018-08-04,519.34625
2018-08-05,552.57025
2018-08-06,560.88196
2018-08-07,517.0571
2018-08-08,438.0786
2018-08-09,412.27213
2018-08-10,351.2998
2018-08-11,307.1127
2018-08-12,325.6555
2018-08-13,295.76636
2018-08-14,252.09492
2018-08-15,282.2354
2018-08-16,363.4426
2018-08-17,370.80298
2018-08-18,336.96207
2018-08-19,292.1753
2018-08-20,316.60126
2018-08-21,329.19775
2018-08-22,320.29486
2018-08-23,275.81903
2018-08-24,271.93564
2018-08-25,325.4038
2018-08-26,384.85236
2018-08-27,413.53397
2018-08-28,370.8762
2018-08-29,402.99518
2018-08-30,420.35373
2018-08-31,439.74637
2018-09-01,428.1302
2018-09-02,373.19513
2018-09-03,399.41077
2018-09-04,412.59875
2018-09-05,357.01636
2018-09-06,367.7121
2018-09-07,453.22818
2018-09-08,507.3419
2018-09-09,497.30615
2018-09-10,527.4186
2018-09-11,592.7983
2018-09-12,547.4438
2018-09-13,495.8239
2018-09-14,615.31854
2018-09-15,822.6831
2018-09-16,818.6899
2018-09-17,652.9965
2018-09-18,558.636
2018-09-19,550.9999
2018-09-20,488.13846
2018-09-21,435.20358
2018-09-22,473.04767
2018-09-23,441.07263
2018-09-24,368.04327
2018-09-25,399.15335
2018-09-26,446.50818
2018-09-27,437.40695
2018-09-28,391.33383
2018-09-29,413.56216
2018-09-30,1099.418
2018-10-01,1220.3416
2018-10-02,785.4571
2018-10-03,627.198
2018-10-04,578.1767
2018-10-05,435.20563
2018-10-06,409.94766
2018-10-07,417.86847
2018-10-08,478.79907
2018-10-09,481.17526
2018-10-10,382.31006
2018-10-11,472.58557
2018-10-12,567.642
2018-10-13,693.9009
2018-10-14,701.6418
2018-10-15,453.44424
2018-10-16,341.81085
2018-10-17,311.08627
2018-10-18,340.77676
2018-10-19,393.51044
2018-10-20,580.27106
2018-10-21,593.1342
2018-10-22,461.5727
2018-10-23,480.41336
2018-10-24,484.96768
2018-10-25,500.49368
2018-10-26,508.39426
2018-10-27,487.244
2018-10-28,485.4105
2018-10-29,429.04913
2018-10-30,400.80548
2018-10-31,393.5501
2018-11-01,360.75653
2018-11-02,373.42126
2018-11-03,369.66772
2018-11-04,376.3335
2018-11-05,559.1738
2018-11-06,805.46906
2018-11-07,1203.6481
2018-11-08,982.9453
2018-11-09,622.0587
2018-11-10,474.4201
2018-11-11,396.07312
2018-11-12,400.46875
2018-11-13,426.34543
2018-11-14,420.53345
2018-11-15,328.7013
2018-11-16,356.95978
2018-11-17,380.20477
2018-11-18,348.69254
2018-11-19,338.78595
2018-11-20,356.90555
2018-11-21,363.36743
2018-11-22,374.77228
2018-11-23,571.71594
2018-11-24,559.2233
2018-11-25,403.0788
2018-11-26,339.60736
2018-11-27,433.49673
2018-11-28,415.50604
2018-11-29,342.30142
2018-11-30,526.6157
2018-12-01,605.4387
2018-12-02,459.69086
2018-12-03,384.64572
2018-12-04,351.95517
2018-12-05,302.6526
2018-12-06,271.09933
2018-12-07,272.8063
2018-12-08,263.85962
2018-12-09,235.91685
2018-12-10,220.71951
2018-12-11,226.30247
2018-12-12,221.242
2018-12-13,195.35406
2018-12-14,184.8755
2018-12-15,195.38892
2018-12-16,205.50134
2018-12-17,185.84213
2018-12-18,164.42068
2018-12-19,150.13527
2018-12-20,156.92944
2018-12-21,175.03798
2018-12-22,191.07141
2018-12-23,300.60876
2018-12-24,294.86862
2018-12-25,158.23578
2018-12-26,120.456055
2018-12-27,113.859314
2018-12-28,108.95388
2018-12-29,103.0206
2018-12-30,98.011955
2018-12-31,92.41597
2019-01-01,86.53471
2019-01-02,85.108734
2019-01-03,79.789764
2019-01-04,74.631996
2019-01-05,73.26764
2019-01-06,71.634285
2019-01-07,69.402916
2019-01-08,75.06164
2019-01-09,125.03703
2019-01-10,171.39671
2019-01-11,149.98016
2019-01-12,106.15766
2019-01-13,74.55645
2019-01-14,66.98878
2019-01-15,74.2553
2019-01-16,69.32795
2019-01-17,60.191635
2019-01-18,59.002228
2019-01-19,58.949673
2019-01-20,59.805614
2019-01-21,57.673153
2019-01-22,65.46393
2019-01-23,76.94557
2019-01-24,64.260605
2019-01-25,46.70236
2019-01-26,43.652927
2019-01-27,45.71657
2019-01-28,47.00705
2019-01-29,52.273346
2019-01-30,90.44645
2019-01-31,94.0017
2019-02-01,57.40812
2019-02-02,49.10045
2019-02-03,49.24985
2019-02-04,47.95898
2019-02-05,44.57049
2019-02-06,46.031166
2019-02-07,45.94282
2019-02-08,38.501827
2019-02-09,39.03578
2019-02-10,41.277405
2019-02-11,40.310913
2019-02-12,44.42936
2019-02-13,51.469486
2019-02-14,49.747074
2019-02-15,46.630684
2019-02-16,52.500626
2019-02-17,50.55086
2019-02-18,56.76866
2019-02-19,79.36618
2019-02-20,76.353836
2019-02-21,94.41663
2019-02-22,126.67803
2019-02-23,123.09286
2019-02-24,75.15417
2019-02-25,57.460686
2019-02-26,54.510616
2019-02-27,43.800102
2019-02-28,42.792095
2019-03-01,68.01181
2019-03-02,94.80212
2019-03-03,114.48873
2019-03-04,247.956
2019-03-05,319.82065
2019-03-06,164.45398
2019-03-07,86.21179
2019-03-08,50.93779
2019-03-09,43.972733
2019-03-10,50.0895
2019-03-11,80.60316
2019-03-12,141.09799
2019-03-13,144.29826
2019-03-14,89.65636
2019-03-15,57.69926
2019-03-16,52.89684
2019-03-17,58.08395
2019-03-18,72.80104
2019-03-19,78.629974
2019-03-20,106.38968
2019-03-21,198.96992
2019-03-22,227.34975
2019-03-23,167.93988
2019-03-24,208.76703
2019-03-25,181.76552
2019-03-26,130.98
2019-03-27,114.59891
2019-03-28,81.69968
2019-03-29,70.25967
2019-03-30,108.86098
2019-03-31,310.99942
2019-04-01,309.19122
2019-04-02,159.21822
2019-04-03,174.85678
2019-04-04,158.92877
2019-04-05,97.69831
2019-04-06,103.41169
2019-04-07,127.587265
2019-04-08,143.45712
2019-04-09,125.37311
2019-04-10,119.70869
2019-04-11,176.40039
2019-04-12,238.11763
2019-04-13,193.26523
2019-04-14,117.03956
2019-04-15,99.675385
2019-04-16,119.94341
2019-04-17,131.20851
2019-04-18,146.83531
2019-04-19,224.1957
2019-04-20,237.69348
2019-04-21,222.47807
2019-04-22,305.64078
2019-04-23,304.13284
2019-04-24,269.78772
2019-04-25,212.46292
2019-04-26,215.94739
2019-04-27,225.83878
2019-04-28,184.77264
2019-04-29,170.75159
2019-04-30,199.06152
2019-05-01,210.98318
2019-05-02,173.04086
2019-05-03,140.18456
2019-05-04,156.23337
2019-05-05,190.83868
2019-05-06,187.24026
2019-05-07,161.28752
2019-05-08,177.14635
2019-05-09,260.8008
2019-05-10,320.8447
2019-05-11,439.06253
2019-05-12,478.49307
2019-05-13,499.04486
2019-05-14,429.8697
2019-05-15,307.00702
2019-05-16,412.74768
2019-05-17,733.8617
2019-05-18,717.7074
2019-05-19,804.68555
2019-05-20,911.16125
2019-05-21,717.75726
2019-05-22,616.088
2019-05-23,655.13684
2019-05-24,661.7561
2019-05-25,582.1837
2019-05-26,564.2646
2019-05-27,724.2646
2019-05-28,723.5387
2019-05-29,640.94293
2019-05-30,1294.1521
2019-05-31,1279.1128
2019-06-01,749.26196
2019-06-02,661.8169
2019-06-03,639.6396
2019-06-04,564.55927
2019-06-05,436.9313
2019-06-06,422.03418
2019-06-07,467.9174
2019-06-08,500.48755
2019-06-09,645.89886
2019-06-10,603.7023
2019-06-11,483.96927
2019-06-12,528.524
2019-06-13,597.3457
2019-06-14,946.56104
2019-06-15,995.166
2019-06-16,663.1556
2019-06-17,441.0478
2019-06-18,349.0991
2019-06-19,319.94727
2019-06-20,315.16577
2019-06-21,298.1121
2019-06-22,283.76385
2019-06-23,291.8143
2019-06-24,300.93216
2019-06-25,319.09003
2019-06-26,403.8316
2019-06-27,380.1408
2019-06-28,295.63834
2019-06-29,274.04132
2019-06-30,314.16995
2019-07-01,308.1008
2019-07-02,249.37962
2019-07-03,266.53427
2019-07-04,278.5403
2019-07-05,315.0459
2019-07-06,379.4303
2019-07-07,355.47626
2019-07-08,289.4296
2019-07-09,287.34344
2019-07-10,411.1175
2019-07-11,623.992
2019-07-12,564.4088
2019-07-13,361.31744
2019-07-14,331.63998
2019-07-15,418.6563
2019-07-16,409.36295
2019-07-17,331.23056
2019-07-18,285.51245
2019-07-19,244.02617
2019-07-20,229.98051
2019-07-21,200.26863
2019-07-22,211.49452
2019-07-23,229.13902
2019-07-24,319.57935
2019-07-25,401.2578
2019-07-26,390.38873
2019-07-27,302.60886
2019-07-28,228.42998
2019-07-29,209.8149
2019-07-30,251.6327
2019-07-31,352.7053
2019-08-01,403.13123
2019-08-02,401.06485
2019-08-03,425.1039
2019-08-04,473.20044
2019-08-05,501.58478
2019-08-06,502.85226
2019-08-07,474.01752
2019-08-08,463.0784
2019-08-09,482.57797
2019-08-10,415.92175
2019-08-11,308.01364
2019-08-12,262.6638
2019-08-13,236.40587
2019-08-14,249.01796
2019-08-15,276.72485
2019-08-16,547.045
2019-08-17,915.15857
2019-08-18,770.61725
2019-08-19,577.0151
2019-08-20,423.85464
2019-08-21,318.09793
2019-08-22,330.297
2019-08-23,319.03265
2019-08-24,277.31747
2019-08-25,263.52536
2019-08-26,331.82715
2019-08-27,348.42297
2019-08-28,309.87946
2019-08-29,369.4913
2019-08-30,379.77368
2019-08-31,342.65164
2019-09-01,268.53333
2019-09-02,230.9241
2019-09-03,255.43924
2019-09-04,284.41684
2019-09-05,278.0149
2019-09-06,296.06915
2019-09-07,292.35736
2019-09-08,262.55334
2019-09-09,303.10062
2019-09-10,305.19638
2019-09-11,319.17615
2019-09-12,304.45612
2019-09-13,314.53906
2019-09-14,513.58356
2019-09-15,513.73315
2019-09-16,376.22574
2019-09-17,371.2103
2019-09-18,409.17908
2019-09-19,391.64294
2019-09-20,398.74475
2019-09-21,494.50348
2019-09-22,468.48935
2019-09-23,469.9808
2019-09-24,503.01294
2019-09-25,782.63617
2019-09-26,946.1219
2019-09-27,556.3133
2019-09-28,428.3042
2019-09-29,382.9075
2019-09-30,309.6949
2019-10-01,271.96643
2019-10-02,342.04907
2019-10-03,489.63937
2019-10-04,642.3684
2019-10-05,539.9239
2019-10-06,412.72766
2019-10-07,355.3146
2019-10-08,297.66354
2019-10-09,274.57773
2019-10-10,298.9395
2019-10-11,666.5831
2019-10-12,1589.7941
2019-10-13,1613.8284
2019-10-14,878.08405
2019-10-15,607.00977
2019-10-16,519.5208
2019-10-17,448.6431
2019-10-18,403.8404
2019-10-19,408.3892
2019-10-20,427.56046
2019-10-21,438.21957
2019-10-22,535.4756
2019-10-23,546.52106
2019-10-24,418.96393
2019-10-25,483.99167
2019-10-26,846.2285
2019-10-27,809.13586
2019-10-28,490.8245
2019-10-29,370.9102
2019-10-30,385.18997
2019-10-31,395.39688
2019-11-01,438.4426
2019-11-02,454.65134
2019-11-03,404.4121
2019-11-04,379.46176
2019-11-05,405.10306
2019-11-06,466.69943
2019-11-07,482.29883
2019-11-08,481.41727
2019-11-09,438.5577
2019-11-10,438.3108
2019-11-11,485.41077
2019-11-12,542.13245
2019-11-13,484.70297
2019-11-14,399.1905
2019-11-15,351.98288
2019-11-16,347.75305
2019-11-17,344.42633
2019-11-18,280.66785
2019-11-19,251.16019
2019-11-20,240.60344
2019-11-21,250.31284
2019-11-22,258.4213
2019-11-23,228.7692
2019-11-24,209.36734
2019-11-25,210.79825
2019-11-26,199.42265
2019-11-27,177.24226
2019-11-28,176.47205
2019-11-29,192.69748
2019-11-30,205.79042
2019-12-01,185.11685
2019-12-02,155.02293
2019-12-03,141.1926
2019-12-04,150.62137
2019-12-05,192.93192
2019-12-06,242.79129
2019-12-07,450.86053
2019-12-08,461.86716
2019-12-09,207.26973
2019-12-10,129.99475
2019-12-11,114.94023
2019-12-12,118.083435
2019-12-13,133.26688
2019-12-14,134.18864
2019-12-15,117.78936
2019-12-16,152.29686
2019-12-17,157.48967
2019-12-18,126.88901
2019-12-19,133.84154
2019-12-20,140.64394
2019-12-21,141.01187
2019-12-22,128.85873
2019-12-23,119.438225
2019-12-24,161.72061
2019-12-25,167.9722
2019-12-26,153.16957
2019-12-27,186.1792
2019-12-28,168.66905
2019-12-29,143.66104
2019-12-30,195.80688
2019-12-31,174.64667
2020-01-01,154.95021
2020-01-02,151.54375
2020-01-03,128.93257
2020-01-04,91.142975
2020-01-05,75.28349
2020-01-06,70.94249
2020-01-07,68.194534
2020-01-08,64.42351
2020-01-09,62.185566
2020-01-10,60.78316
2020-01-11,59.219376
2020-01-12,58.31935
2020-01-13,58.699043
2020-01-14,58.18592
2020-01-15,59.51129
2020-01-16,65.80669
2020-01-17,70.6252
2020-01-18,66.864075
2020-01-19,56.424305
2020-01-20,51.59907
2020-01-21,56.802803
2020-01-22,85.64383
2020-01-23,137.66516
2020-01-24,508.25714
2020-01-25,487.89557
2020-01-26,163.70274
2020-01-27,81.556564
2020-01-28,85.53462
2020-01-29,90.059746
2020-01-30,207.23901
2020-01-31,206.08359
2020-02-01,141.32047
2020-02-02,70.390816
2020-02-03,66.93644
2020-02-04,84.18884
2020-02-05,76.39065
2020-02-06,55.21179
2020-02-07,48.630928
2020-02-08,47.046703
2020-02-09,45.95099
2020-02-10,51.328434
2020-02-11,51.23096
2020-02-12,42.783016
2020-02-13,40.653904
2020-02-14,45.687916
2020-02-15,48.399654
2020-02-16,62.38584
2020-02-17,77.12158
2020-02-18,79.61228
2020-02-19,73.74807
2020-02-20,52.231327
2020-02-21,39.518425
2020-02-22,44.97754
2020-02-23,92.82177
2020-02-24,142.72037
2020-02-25,112.47332
2020-02-26,60.649193
2020-02-27,66.94307
2020-02-28,77.19594
2020-02-29,57.499073
2020-03-01,48.69789
2020-03-02,37.258854
2020-03-03,37.943516
2020-03-04,40.464474
2020-03-05,39.330715
2020-03-06,37.930023
2020-03-07,34.361767
2020-03-08,31.191961
2020-03-09,39.33239
2020-03-10,46.43701
2020-03-11,39.27907
2020-03-12,39.286304
2020-03-13,54.335228
2020-03-14,71.451515
2020-03-15,150.14944
2020-03-16,153.45854
2020-03-17,68.700325
2020-03-18,36.135574
2020-03-19,28.093716
2020-03-20,25.885195
2020-03-21,28.697044
2020-03-22,113.214226
2020-03-23,182.62122
2020-03-24,131.95091
2020-03-25,71.42702
2020-03-26,50.707928
2020-03-27,64.61989
2020-03-28,68.09815
2020-03-29,41.806305
2020-03-30,34.860157
2020-03-31,56.22733
2020-04-01,83.914085
2020-04-02,166.2937
2020-04-03,177.62857
2020-04-04,124.76569
2020-04-05,75.16917
2020-04-06,127.951515
2020-04-07,135.20073
2020-04-08,91.02083
2020-04-09,100.63447
2020-04-10,112.339195
2020-04-11,107.265465
2020-04-12,110.660446
2020-04-13,130.40453
2020-04-14,153.6782
2020-04-15,112.37493
2020-04-16,63.13628
2020-04-17,60.28382
2020-04-18,73.32294
2020-04-19,78.398476
2020-04-20,120.48932
2020-04-21,162.00377
2020-04-22,199.92963
2020-04-23,234.47858
2020-04-24,198.64374
2020-04-25,123.29436
2020-04-26,96.2018
2020-04-27,115.787224
2020-04-28,152.13474
2020-04-29,195.3811
2020-04-30,201.26913
2020-05-01,191.43703
2020-05-02,172.21577
2020-05-03,183.2168
2020-05-04,206.2366
2020-05-05,208.65068
2020-05-06,245.13434
2020-05-07,252.82976
2020-05-08,521.6471
2020-05-09,543.24976
2020-05-10,289.38934
2020-05-11,193.71262
2020-05-12,164.4985
2020-05-13,147.9962
2020-05-14,165.85918
2020-05-15,167.05345
2020-05-16,167.50589
2020-05-17,167.70703
2020-05-18,160.89713
2020-05-19,251.8997
2020-05-20,972.4594
2020-05-21,1380.9895
2020-05-22,844.4924
2020-05-23,322.31717
2020-05-24,415.68216
2020-05-25,547.2418
2020-05-26,405.52234
2020-05-27,277.82788
2020-05-28,415.80264
2020-05-29,773.14124
2020-05-30,1048.1835
2020-05-31,955.26746
2020-06-01,833.18286
2020-06-02,1080.1292
2020-06-03,788.907
2020-06-04,491.48694
2020-06-05,358.19147
2020-06-06,289.73593
2020-06-07,345.32242
2020-06-08,477.98663
2020-06-09,423.22998
2020-06-10,269.39957
2020-06-11,242.2634
2020-06-12,268.05518
2020-06-13,244.36868
2020-06-14,211.72508
2020-06-15,199.44412
2020-06-16,203.8545
2020-06-17,218.80063
2020-06-18,272.50946
2020-06-19,306.96323
2020-06-20,320.78937
2020-06-21,318.1103
2020-06-22,343.11575
2020-06-23,343.06952
2020-06-24,289.8615
2020-06-25,229.10863
2020-06-26,235.01207
2020-06-27,244.51865
2020-06-28,246.8507
2020-06-29,302.37494
2020-06-30,370.27145
2020-07-01,393.3821
2020-07-02,431.90674
2020-07-03,416.60764
2020-07-04,394.18927
2020-07-05,388.24954
2020-07-06,330.57043
2020-07-07,316.06946
2020-07-08,353.76404
2020-07-09,466.3167
2020-07-10,844.8858
2020-07-11,688.3489
2020-07-12,509.1531
2020-07-13,556.6224
2020-07-14,512.12964
2020-07-15,428.1806
2020-07-16,353.4051
2020-07-17,299.19208
2020-07-18,282.06488
2020-07-19,270.27954
2020-07-20,238.67427
2020-07-21,234.7514
2020-07-22,260.94223
2020-07-23,330.2679
2020-07-24,346.83643
2020-07-25,360.51614
2020-07-26,391.31363
2020-07-27,444.57755
2020-07-28,426.55045
2020-07-29,382.26068
2020-07-30,403.60382
2020-07-31,383.7333
2020-08-01,358.281
2020-08-02,334.91162
2020-08-03,299.76486
2020-08-04,333.66888
2020-08-05,380.18607
2020-08-06,431.07504
2020-08-07,386.05063
2020-08-08,387.85925
2020-08-09,349.18625
2020-08-10,283.47995
2020-08-11,299.9905
2020-08-12,328.16254
2020-08-13,399.30817
2020-08-14,390.19498
2020-08-15,392.5296
2020-08-16,462.52243
2020-08-17,520.3085
2020-08-18,437.39514
2020-08-19,382.17957
2020-08-20,474.2642
2020-08-21,487.197
2020-08-22,465.3203
2020-08-23,477.032
2020-08-24,547.8703
2020-08-25,650.605
2020-08-26,665.9469
2020-08-27,599.1201
2020-08-28,484.3851
2020-08-29,424.2388
2020-08-30,389.6997
2020-08-31,393.11496
2020-09-01,385.52087
2020-09-02,369.50253
2020-09-03,399.4789
2020-09-04,615.38007
2020-09-05,635.9079
2020-09-06,457.8041
2020-09-07,371.1643
2020-09-08,324.7861
2020-09-09,381.52917
2020-09-10,929.8805
2020-09-11,996.40155
2020-09-12,559.0292
2020-09-13,426.3722
2020-09-14,426.41858
2020-09-15,501.10242
2020-09-16,480.8104
2020-09-17,377.93762
2020-09-18,353.51157
2020-09-19,358.18222
2020-09-20,469.6227
2020-09-21,543.25934
2020-09-22,485.9894
2020-09-23,443.13693
2020-09-24,413.93338
2020-09-25,406.14114
2020-09-26,502.3275
2020-09-27,525.2987
2020-09-28,534.89966
2020-09-29,512.4891
2020-09-30,469.06296
2020-10-01,438.8499
2020-10-02,543.37756
2020-10-03,891.3464
2020-10-04,1020.371
2020-10-05,881.002
2020-10-06,1281.7228
2020-10-07,1180.5426
2020-10-08,783.84015
2020-10-09,599.6859
2020-10-10,540.0531
2020-10-11,511.60864
2020-10-12,496.23697
2020-10-13,500.1996
2020-10-14,540.42017
2020-10-15,593.93744
2020-10-16,521.31696
2020-10-17,433.67953
2020-10-18,422.9649
2020-10-19,429.30862
2020-10-20,449.3785
2020-10-21,459.5347
2020-10-22,449.1295
2020-10-23,468.36087
2020-10-24,458.48785
2020-10-25,456.91177
2020-10-26,538.8553
2020-10-27,486.37717
2020-10-28,372.98
2020-10-29,313.56998
2020-10-30,307.49625
2020-10-31,343.0546
2020-11-01,370.0651
2020-11-02,365.4434
2020-11-03,326.56342
2020-11-04,301.5736
2020-11-05,281.2085
2020-11-06,291.59924
2020-11-07,334.4009
2020-11-08,354.27264
2020-11-09,278.1838
2020-11-10,254.07266
2020-11-11,284.44302
2020-11-12,290.7943
2020-11-13,334.49942
2020-11-14,330.80228
2020-11-15,355.5757
2020-11-16,367.0602
2020-11-17,303.58475
2020-11-18,332.6201
2020-11-19,467.94238
2020-11-20,562.40466
2020-11-21,522.21326
2020-11-22,455.08646
2020-11-23,528.4009
2020-11-24,420.87216
2020-11-25,301.33585
2020-11-26,263.8153
2020-11-27,341.85526
2020-11-28,364.0238
2020-11-29,326.31497
2020-11-30,327.79565
2020-12-01,344.33368
2020-12-02,460.46484
2020-12-03,577.8592
2020-12-04,502.1437
2020-12-05,793.19104
2020-12-06,798.2581
2020-12-07,478.75995
2020-12-08,382.8777
2020-12-09,361.20325
2020-12-10,321.64258
2020-12-11,280.2561
2020-12-12,266.28873
2020-12-13,249.00586
2020-12-14,245.39673
2020-12-15,234.88853
2020-12-16,203.75664
2020-12-17,199.06715
2020-12-18,191.22125
2020-12-19,180.24908
2020-12-20,180.14268
2020-12-21,176.9255
2020-12-22,181.80739
2020-12-23,186.32913
2020-12-24,167.79153
2020-12-25,155.76201
2020-12-26,153.30447
2020-12-27,165.78824
2020-12-28,164.3698
2020-12-29,140.65903
2020-12-30,126.28612
2020-12-31,116.03113
2021-01-01,113.53431
2021-01-02,110.78117
2021-01-03,104.250656
2021-01-04,110.66469
2021-01-05,113.58446
2021-01-06,104.866776
2021-01-07,99.80262
2021-01-08,99.29339
2021-01-09,130.35638
2021-01-10,162.12718
2021-01-11,197.3903
2021-01-12,207.01009
2021-01-13,168.08708
2021-01-14,142.13562
2021-01-15,132.2713
2021-01-16,107.36346
2021-01-17,92.00839
2021-01-18,84.82727
2021-01-19,70.80421
2021-01-20,64.72207
2021-01-21,60.46532
2021-01-22,57.408005
2021-01-23,60.20844
2021-01-24,82.1924
2021-01-25,105.92609
2021-01-26,99.82128
2021-01-27,82.63592
2021-01-28,64.67344
2021-01-29,64.35907
2021-01-30,69.52046
2021-01-31,56.805733
2021-02-01,51.111103
2021-02-02,45.48785
2021-02-03,51.92626
2021-02-04,66.073746
2021-02-05,76.389145
2021-02-06,79.41594
2021-02-07,77.11236
2021-02-08,65.04085
2021-02-09,55.39206
2021-02-10,86.744156
2021-02-11,131.98114
2021-02-12,157.37152
2021-02-13,144.1241
2021-02-14,79.22887
2021-02-15,71.59317
2021-02-16,130.1747
2021-02-17,139.26622
2021-02-18,83.615746
2021-02-19,104.38272
2021-02-20,135.91177
2021-02-21,135.74255
2021-02-22,183.19269
2021-02-23,233.17732
2021-02-24,187.33466
2021-02-25,105.34656
2021-02-26,69.32139
2021-02-27,74.83062
2021-02-28,119.88591
2021-03-01,147.21426
2021-03-02,198.55957
2021-03-03,152.92134
2021-03-04,118.44819
2021-03-05,93.62784
2021-03-06,85.085976
2021-03-07,85.34231
2021-03-08,120.42432
2021-03-09,145.2293
2021-03-10,132.61537
2021-03-11,125.23568
2021-03-12,137.73015
2021-03-13,140.76479
2021-03-14,158.48128
2021-03-15,158.88991
2021-03-16,145.5836
2021-03-17,130.1455
2021-03-18,142.96031
2021-03-19,176.9632
2021-03-20,194.11377
2021-03-21,183.65363
2021-03-22,209.65973
2021-03-23,209.70149
2021-03-24,387.68246
2021-03-25,418.26407
2021-03-26,216.2083
2021-03-27,160.20139
2021-03-28,192.60483
2021-03-29,199.70241
2021-03-30,157.26096
2021-03-31,124.416626
2021-04-01,139.75897
2021-04-02,198.40283
2021-04-03,239.23042
2021-04-04,548.99176
2021-04-05,1167.2064
2021-04-06,905.51654
2021-04-07,495.59222
2021-04-08,440.25684
2021-04-09,490.01636
2021-04-10,605.6068
2021-04-11,551.8031
2021-04-12,445.52274
2021-04-13,344.2982
2021-04-14,282.8076
2021-04-15,337.20117
2021-04-16,368.0717
2021-04-17,388.75546
2021-04-18,545.2917
2021-04-19,568.6375
2021-04-20,542.9019
2021-04-21,475.64215
2021-04-22,322.2383
2021-04-23,293.13174
2021-04-24,267.52127
2021-04-25,263.6619
2021-04-26,254.81793
2021-04-27,247.46683
2021-04-28,246.0631
2021-04-29,275.81064
2021-04-30,295.0948
2021-05-01,284.3358
2021-05-02,287.1787
2021-05-03,337.80304
2021-05-04,373.98886
2021-05-05,473.6215
2021-05-06,386.08813
2021-05-07,331.7087
2021-05-08,353.12268
2021-05-09,352.62393
2021-05-10,290.44278
2021-05-11,271.8748
2021-05-12,340.1041
2021-05-13,387.56647
2021-05-14,368.0133
2021-05-15,290.72818
2021-05-16,217.53445
2021-05-17,229.1603
2021-05-18,270.8008
2021-05-19,330.5635
2021-05-20,380.50232
2021-05-21,379.39935
2021-05-22,362.3551
2021-05-23,367.15222
2021-05-24,375.8731
2021-05-25,361.994
2021-05-26,376.81598
2021-05-27,424.58548
2021-05-28,499.20944
2021-05-29,599.4351
2021-05-30,1344.2808
2021-05-31,1257.1305
2021-06-01,933.362
2021-06-02,569.5431
2021-06-03,513.9693
2021-06-04,514.7656
2021-06-05,470.37607
2021-06-06,467.80884
2021-06-07,546.64624
2021-06-08,480.57266
2021-06-09,492.31873
2021-06-10,625.07587
2021-06-11,553.5492
2021-06-12,509.2115
2021-06-13,527.9219
2021-06-14,546.3048
2021-06-15,583.1651
2021-06-16,526.5746
2021-06-17,407.33072
2021-06-18,345.56363
2021-06-19,371.97394
2021-06-20,444.29367
2021-06-21,424.4911
2021-06-22,355.74316
2021-06-23,365.4714
2021-06-24,408.31787
2021-06-25,404.6022
2021-06-26,472.57776
2021-06-27,518.0801
2021-06-28,485.9962
2021-06-29,417.80295
2021-06-30,353.6712
2021-07-01,349.99402
2021-07-02,351.62656
2021-07-03,382.99432
2021-07-04,393.8669
2021-07-05,394.77527
2021-07-06,416.6134
2021-07-07,417.94943
2021-07-08,357.30313
2021-07-09,338.9724
2021-07-10,345.68912
2021-07-11,414.80743
2021-07-12,710.069
2021-07-13,660.9288
2021-07-14,489.97034
2021-07-15,457.4471
2021-07-16,444.3876
2021-07-17,454.72095
2021-07-18,454.6062
2021-07-19,404.93094
2021-07-20,365.35867
2021-07-21,339.86755
2021-07-22,347.24915
2021-07-23,371.65
2021-07-24,468.47455
2021-07-25,542.3651
2021-07-26,527.7486
2021-07-27,718.98755
2021-07-28,773.7991
2021-07-29,598.51013
2021-07-30,515.949
2021-07-31,464.40836
2021-08-01,464.29944
2021-08-02,475.28152
2021-08-03,463.15424
2021-08-04,489.45297
2021-08-05,486.53674
2021-08-06,569.2854
2021-08-07,862.7001
2021-08-08,941.9856
2021-08-09,1171.7887
2021-08-10,981.4864
2021-08-11,608.89264
2021-08-12,811.8221
2021-08-13,1650.6251
2021-08-14,1150.8912
2021-08-15,698.4171
2021-08-16,610.96796
2021-08-17,585.2548
2021-08-18,556.3836
2021-08-19,593.6743
2021-08-20,575.42456
2021-08-21,550.24066
2021-08-22,622.7629
2021-08-23,569.3819
2021-08-24,473.71765
2021-08-25,446.82178
2021-08-26,504.97324
2021-08-27,627.76807
2021-08-28,600.58093
2021-08-29,550.1808
2021-08-30,553.0778
2021-08-31,896.8069
2021-09-01,1140.3738
2021-09-02,1161.1794
2021-09-03,692.83276
2021-09-04,453.21213
2021-09-05,384.85294
2021-09-06,394.03375
2021-09-07,430.65164
2021-09-08,510.7333
2021-09-09,689.2819
2021-09-10,621.0036
2021-09-11,463.70935
2021-09-12,474.74182
2021-09-13,766.58875
2021-09-14,866.9857
2021-09-15,838.86786
2021-09-16,723.8981
2021-09-17,585.226
2021-09-18,487.73434
2021-09-19,413.25192
2021-09-20,398.72473
2021-09-21,439.78546
2021-09-22,480.47098
2021-09-23,450.51917
2021-09-24,443.42526
2021-09-25,471.98563
2021-09-26,474.57498
2021-09-27,445.39496
2021-09-28,434.40314
2021-09-29,481.4564
2021-09-30,549.374
2021-10-01,547.53467
2021-10-02,539.6897
2021-10-03,460.88828
2021-10-04,457.67444
2021-10-05,506.2637
2021-10-06,512.0125
2021-10-07,472.83823
2021-10-08,452.89746
2021-10-09,462.72263
2021-10-10,485.4195
2021-10-11,490.36282
2021-10-12,655.52466
2021-10-13,603.53534
2021-10-14,450.4505
2021-10-15,483.8365
2021-10-16,447.38748
2021-10-17,411.7734
2021-10-18,566.41846
2021-10-19,581.34753
2021-10-20,479.42868
2021-10-21,466.98758
2021-10-22,717.5367
2021-10-23,777.9186
2021-10-24,588.305
2021-10-25,506.86987
2021-10-26,420.33902
2021-10-27,388.5442
2021-10-28,464.02945
2021-10-29,754.59766
2021-10-30,806.8444
2021-10-31,892.8139
2021-11-01,922.4045
2021-11-02,810.9793
2021-11-03,731.3694
2021-11-04,811.89496
2021-11-05,782.04364
2021-11-06,707.3213
2021-11-07,640.5404
2021-11-08,590.42505
2021-11-09,869.5843
2021-11-10,1462.9244
2021-11-11,1138.6168
2021-11-12,640.5324
2021-11-13,492.75775
2021-11-14,428.63947
2021-11-15,399.71854
2021-11-16,418.3022
2021-11-17,405.7194
2021-11-18,343.7526
2021-11-19,298.29028
2021-11-20,274.08447
2021-11-21,266.1175
2021-11-22,283.3594
2021-11-23,336.6599
2021-11-24,366.7873
2021-11-25,431.7551
2021-11-26,482.93225
2021-11-27,463.31155
2021-11-28,477.69882
2021-11-29,532.9154
2021-11-30,482.70456
2021-12-01,408.79953
2021-12-02,316.14792
2021-12-03,322.68298
2021-12-04,308.26276
2021-12-05,257.50934
2021-12-06,249.23192
2021-12-07,235.57257
2021-12-08,213.55
2021-12-09,198.41487
2021-12-10,194.26358
2021-12-11,188.76439
2021-12-12,179.22807
2021-12-13,181.78745
2021-12-14,197.26222
2021-12-15,195.70576
2021-12-16,164.59666
2021-12-17,163.14313
2021-12-18,165.12822
2021-12-19,159.14238
2021-12-20,174.00616
2021-12-21,188.45721
2021-12-22,178.42519
2021-12-23,178.0571
2021-12-24,230.72656
2021-12-25,205.20296
2021-12-26,139.38577
2021-12-27,124.32587
2021-12-28,139.58649
2021-12-29,157.33289
2021-12-30,138.06664
2021-12-31,113.7776
2022-01-01,109.8248
2022-01-02,102.59791
2022-01-03,104.43033
2022-01-04,113.34285
2022-01-05,106.928665
2022-01-06,91.46115
2022-01-07,83.123665
2022-01-08,93.03136
2022-01-09,163.15036
2022-01-10,183.32631
2022-01-11,112.077126
2022-01-12,86.06002
2022-01-13,103.491776
2022-01-14,134.09138
2022-01-15,152.7907
2022-01-16,126.4409
2022-01-17,78.96387
2022-01-18,74.05303
2022-01-19,80.26887
2022-01-20,73.73537
2022-01-21,64.53529
2022-01-22,68.191284
2022-01-23,75.75787
2022-01-24,75.61879
2022-01-25,70.53134
2022-01-26,64.80621
2022-01-27,68.41767
2022-01-28,77.25884
2022-01-29,83.30231
2022-01-30,71.89183
2022-01-31,54.857307
2022-02-01,50.195766
2022-02-02,43.78653
2022-02-03,41.29966
2022-02-04,41.67113
2022-02-05,49.058926
2022-02-06,79.49235
2022-02-07,93.50549
2022-02-08,92.53453
2022-02-09,118.479324
2022-02-10,131.43846
2022-02-11,148.97095
2022-02-12,119.712
2022-02-13,71.36297
2022-02-14,57.24173
2022-02-15,57.226177
2022-02-16,60.442287
2022-02-17,74.90732
2022-02-18,73.279976
2022-02-19,48.736507
2022-02-20,62.14684
2022-02-21,96.454475
2022-02-22,102.74638
2022-02-23,78.124565
2022-02-24,53.936253
2022-02-25,57.200806
2022-02-26,65.326675
2022-02-27,68.91608
2022-02-28,112.76802
2022-03-01,146.03387
2022-03-02,196.78098
2022-03-03,290.15475
2022-03-04,299.91037
2022-03-05,233.87941
2022-03-06,212.36348
2022-03-07,238.91663
2022-03-08,192.15115
2022-03-09,123.407974
2022-03-10,105.38369
2022-03-11,172.37045
2022-03-12,226.2987
2022-03-13,243.95178
2022-03-14,229.84975
2022-03-15,189.70128
2022-03-16,158.49892
2022-03-17,149.19391
2022-03-18,226.51276
2022-03-19,255.75673
2022-03-20,195.07474
2022-03-21,136.54492
2022-03-22,108.573715
2022-03-23,94.0237
2022-03-24,87.00409
2022-03-25,97.05973
2022-03-26,103.620255
2022-03-27,121.94765
2022-03-28,156.73877
2022-03-29,221.1454
2022-03-30,304.9535
2022-03-31,329.00604
2022-04-01,340.933
2022-04-02,330.59174
2022-04-03,309.50266
2022-04-04,301.70746
2022-04-05,288.47137
2022-04-06,343.47787
2022-04-07,372.7364
2022-04-08,338.76324
2022-04-09,400.69836
2022-04-10,434.52097
2022-04-11,428.80936
2022-04-12,408.85318
2022-04-13,336.09555
2022-04-14,294.9361
2022-04-15,282.40854
2022-04-16,290.9253
2022-04-17,348.89493
2022-04-18,412.2329
2022-04-19,408.23538
2022-04-20,487.04208
2022-04-21,567.0775
2022-04-22,577.89276
2022-04-23,468.5471
2022-04-24,407.68298
2022-04-25,386.76843
2022-04-26,383.79358
2022-04-27,525.4548
2022-04-28,705.8364
2022-04-29,577.36395
2022-04-30,502.3174
2022-05-01,498.34525
2022-05-02,540.08624
2022-05-03,583.171
2022-05-04,551.1262
2022-05-05,451.6199
2022-05-06,682.3718
2022-05-07,718.5981
2022-05-08,581.2285
2022-05-09,459.23578
2022-05-10,386.5678
2022-05-11,435.5824
2022-05-12,547.56024
2022-05-13,635.4658
2022-05-14,577.23486
2022-05-15,613.8684
2022-05-16,583.03345
2022-05-17,449.9171
2022-05-18,775.2037
2022-05-19,1767.322
2022-05-20,1329.9976
2022-05-21,699.30426
2022-05-22,484.7707
2022-05-23,352.4433
2022-05-24,306.17215
2022-05-25,320.76605
2022-05-26,381.20142
2022-05-27,443.4312
2022-05-28,598.40204
2022-05-29,564.6932
2022-05-30,439.50137
2022-05-31,400.4998
2022-06-01,6.286617
2022-06-02,61.807194
2022-06-03,348.41336
2022-06-04,868.00934
2022-06-05,749.2995
2022-06-06,512.1326
2022-06-07,468.46747
2022-06-08,456.66428
2022-06-09,806.5443
2022-06-10,905.8114
2022-06-11,544.02795
2022-06-12,377.23315
2022-06-13,382.996
2022-06-14,508.62903
2022-06-15,508.33786
2022-06-16,467.46323
2022-06-17,472.6429
2022-06-18,651.45465
2022-06-19,1497.9762
2022-06-20,1328.3523
2022-06-21,756.76984
2022-06-22,612.55023
2022-06-23,501.0865
2022-06-24,507.02036
2022-06-25,534.9424
2022-06-26,733.1275
2022-06-27,738.0974
2022-06-28,659.63904
2022-06-29,607.0005
2022-06-30,570.1683
2022-07-01,56.294075
2022-07-02,215.376
2022-07-03,411.402
2022-07-04,801.6138
2022-07-05,914.50586
2022-07-06,738.01245
2022-07-07,635.4969
2022-07-08,571.01056
2022-07-09,622.1815
2022-07-10,683.86346
2022-07-11,778.4899
2022-07-12,1100.156
2022-07-13,979.50684
2022-07-14,634.4558
2022-07-15,510.71152
2022-07-16,448.26813
2022-07-17,378.95322
2022-07-18,342.6397
2022-07-19,355.47537
2022-07-20,366.71002
2022-07-21,380.7596
2022-07-22,452.7951
2022-07-23,616.25977
2022-07-24,568.8332
2022-07-25,469.4725
2022-07-26,428.85587
2022-07-27,610.191
2022-07-28,593.50507
2022-07-29,473.20792
2022-07-30,678.0436
2022-07-31,602.7712
2022-08-01,20.455751
2022-08-02,92.11595
2022-08-03,248.03224
2022-08-04,460.96307
2022-08-05,625.26526
2022-08-06,878.80206
2022-08-07,828.072
2022-08-08,698.2517
2022-08-09,621.7459
2022-08-10,466.27948
2022-08-11,383.75772
2022-08-12,476.9777
2022-08-13,570.72076
2022-08-14,565.77704
2022-08-15,530.53925
2022-08-16,577.25836
2022-08-17,1105.4966
2022-08-18,896.1317
2022-08-19,480.79785
2022-08-20,394.613
2022-08-21,378.02527
2022-08-22,351.5551
2022-08-23,350.7055
2022-08-24,391.06036
2022-08-25,395.4223
2022-08-26,402.02396
2022-08-27,523.6872
2022-08-28,468.3401
2022-08-29,354.413
2022-08-30,351.07736
2022-08-31,437.41635
2022-09-01,18.370523
2022-09-02,76.87616
2022-09-03,199.85513
2022-09-04,370.2273
2022-09-05,520.62317
2022-09-06,883.2232
2022-09-07,943.31824
2022-09-08,859.51086
2022-09-09,754.886
2022-09-10,609.7223
2022-09-11,494.26926
2022-09-12,462.29282
2022-09-13,466.53638
2022-09-14,413.10022
2022-09-15,379.86942
2022-09-16,428.25992
2022-09-17,536.84784
2022-09-18,601.932
2022-09-19,828.38477
2022-09-20,996.07056
2022-09-21,755.24994
2022-09-22,631.8291
2022-09-23,511.64813
2022-09-24,482.15155
2022-09-25,492.00012
2022-09-26,434.2004
2022-09-27,408.8528
2022-09-28,437.38617
2022-09-29,408.6965
2022-09-30,379.0047
2022-10-01,26.311136
2022-10-02,106.987755
2022-10-03,250.71591
2022-10-04,328.87506
2022-10-05,301.7449
2022-10-06,316.19064
2022-10-07,516.3557
2022-10-08,627.74164
2022-10-09,464.07648
2022-10-10,456.418
2022-10-11,444.22818
2022-10-12,418.45178
2022-10-13,409.8017
2022-10-14,376.68936
2022-10-15,437.54718
2022-10-16,544.9416
2022-10-17,537.8419
2022-10-18,458.7644
2022-10-19,445.056
2022-10-20,508.4022
2022-10-21,568.9475
2022-10-22,602.13934
2022-10-23,714.4374
2022-10-24,730.69714
2022-10-25,707.9655
2022-10-26,619.08014
2022-10-27,739.0917
2022-10-28,626.1341
2022-10-29,432.0782
2022-10-30,398.59705
2022-10-31,404.7639
2022-11-01,21.910324
2022-11-02,99.01728
2022-11-03,200.6676
2022-11-04,299.18634
2022-11-05,365.04272
2022-11-06,487.89804
2022-11-07,462.89862
2022-11-08,319.89233
2022-11-09,303.21317
2022-11-10,320.6404
2022-11-11,368.21024
2022-11-12,341.50638
2022-11-13,398.2338
2022-11-14,457.609
2022-11-15,360.11603
2022-11-16,313.85898
2022-11-17,344.5902
2022-11-18,542.4354
2022-11-19,500.7326
2022-11-20,589.2287
2022-11-21,569.38885
2022-11-22,476.2675
2022-11-23,625.7383
2022-11-24,564.4056
2022-11-25,414.3955
2022-11-26,417.8022
2022-11-27,444.5426
2022-11-28,489.93622
2022-11-29,518.23267
2022-11-30,518.82043
2022-12-01,32.25182
2022-12-02,110.61868
2022-12-03,200.51553
2022-12-04,266.2223
2022-12-05,280.1616
2022-12-06,294.76462
2022-12-07,294.64148
2022-12-08,284.453
2022-12-09,254.9737
2022-12-10,228.49196
2022-12-11,220.19751
2022-12-12,226.60478
2022-12-13,228.11017
2022-12-14,250.72922
2022-12-15,267.14645
2022-12-16,235.0657
2022-12-17,199.18498
2022-12-18,185.57983
2022-12-19,194.44223
2022-12-20,197.67262
2022-12-21,176.95674
2022-12-22,163.14653
2022-12-23,161.67764
2022-12-24,151.96931
2022-12-25,143.8257
2022-12-26,140.09634
2022-12-27,130.5564
2022-12-28,125.55543
2022-12-29,138.12851
2022-12-30,151.07893
2022-12-31,132.49484
2023-01-01,8.683057
2023-01-02,39.131344
2023-01-03,113.63931
2023-01-04,149.06538
2023-01-05,138.80032
2023-01-06,123.363014
2023-01-07,116.482544
2023-01-08,164.52478
2023-01-09,194.23326
2023-01-10,205.80438
2023-01-11,281.1051
2023-01-12,310.24118
2023-01-13,258.2654
2023-01-14,231.02528
2023-01-15,197.98871
2023-01-16,144.06206
2023-01-17,104.27305
2023-01-18,89.296135
2023-01-19,88.6297
2023-01-20,105.863174
2023-01-21,104.47453
2023-01-22,88.57525
2023-01-23,88.82271
2023-01-24,139.63293
2023-01-25,180.8778
2023-01-26,139.04138
2023-01-27,106.82905
2023-01-28,89.222755
2023-01-29,69.6542
2023-01-30,59.687588
2023-01-31,56.56674
2023-02-01,2.7355697
2023-02-02,12.938539
2023-02-03,31.582346
2023-02-04,47.439148
2023-02-05,59.08302
2023-02-06,63.86107
2023-02-07,60.79729
2023-02-08,62.279682
2023-02-09,62.8452
2023-02-10,64.16236
2023-02-11,64.96328
2023-02-12,77.96538
2023-02-13,91.15393
2023-02-14,85.665245
2023-02-15,73.48118
2023-02-16,76.541664
2023-02-17,101.509895
2023-02-18,147.84264
2023-02-19,156.31523
2023-02-20,102.21288
2023-02-21,55.62542
2023-02-22,51.012768
2023-02-23,71.51345
2023-02-24,72.07232
2023-02-25,51.124138
2023-02-26,42.59415
2023-02-27,40.040413
2023-02-28,48.08812
2023-03-01,1.1991214
2023-03-02,6.5007534
2023-03-03,23.953905
2023-03-04,49.219494
2023-03-05,78.48796
2023-03-06,382.36365
2023-03-07,457.9627
2023-03-08,260.88364
2023-03-09,198.83173
2023-03-10,189.97636
2023-03-11,158.22836
2023-03-12,96.81534
2023-03-13,117.91861
2023-03-14,188.58598
2023-03-15,229.76384
2023-03-16,226.84097
2023-03-17,229.73097
2023-03-18,170.35823
2023-03-19,171.96442
2023-03-20,207.0767
2023-03-21,171.35715
2023-03-22,119.25889
2023-03-23,94.11856
2023-03-24,105.1971
2023-03-25,116.921196
2023-03-26,112.50092
2023-03-27,148.13773
2023-03-28,208.70326
2023-03-29,187.57997
2023-03-30,203.15773
2023-03-31,205.06229
2023-04-01,1.5658773
2023-04-02,22.691393
2023-04-03,112.72678
2023-04-04,205.51302
2023-04-05,189.684
2023-04-06,156.73074
2023-04-07,137.61003
2023-04-08,111.48467
2023-04-09,129.74402
2023-04-10,128.48692
2023-04-11,115.48
2023-04-12,244.06294
2023-04-13,340.7181
2023-04-14,290.14853
2023-04-15,260.71445
2023-04-16,237.525
2023-04-17,233.91711
2023-04-18,310.3475
2023-04-19,301.68103
2023-04-20,230.451
2023-04-21,202.1426
2023-04-22,258.17752
2023-04-23,260.09747
2023-04-24,198.50584
2023-04-25,185.36406
2023-04-26,165.2579
2023-04-27,142.83145
2023-04-28,156.09325
2023-04-29,253.32388
2023-04-30,294.3454
2023-05-01,0.36937928
2023-05-02,4.390926
2023-05-03,47.084072
2023-05-04,90.659546
2023-05-05,108.262535
2023-05-06,114.662926
2023-05-07,116.51175
2023-05-08,147.11362
2023-05-09,143.13554
2023-05-10,119.30981
2023-05-11,143.61234
2023-05-12,209.36972
2023-05-13,267.25473
2023-05-14,289.41592
2023-05-15,302.53976
2023-05-16,414.38678
2023-05-17,485.61057
2023-05-18,759.5712
2023-05-19,690.9966
2023-05-20,326.01242
2023-05-21,282.81326
2023-05-22,449.7799
2023-05-23,435.9908
2023-05-24,381.4608
2023-05-25,382.0573
2023-05-26,484.84747
2023-05-27,517.75073
2023-05-28,495.13354
2023-05-29,518.6152
2023-05-30,489.7083
2023-05-31,507.11533
2023-06-01,225.57852
2023-06-02,916.0278
2023-06-03,1611.755
2023-06-04,1529.8716
2023-06-05,746.59283
2023-06-06,495.4754
2023-06-07,455.02844
2023-06-08,409.47824
2023-06-09,385.21155
2023-06-10,524.10645
2023-06-11,468.8068
2023-06-12,347.79965
2023-06-13,295.84976
2023-06-14,286.71655
2023-06-15,312.83154
2023-06-16,315.10043
2023-06-17,365.57355
2023-06-18,478.40527
2023-06-19,501.298
2023-06-20,381.16562
2023-06-21,239.48268
2023-06-22,205.6924
2023-06-23,207.48854
2023-06-24,229.19131
2023-06-25,255.72691
2023-06-26,312.96106
2023-06-27,665.08044
2023-06-28,872.93225
2023-06-29,600.94226
2023-06-30,346.562
