datetime,streamflow_m^3/s
1979-01-01,0.0
1979-01-02,14.559346
1979-01-03,62.295776
1979-01-04,98.02427
1979-01-05,119.910515
1979-01-06,131.80283
1979-01-07,152.08952
1979-01-08,170.94168
1979-01-09,175.60287
1979-01-10,200.16386
1979-01-11,220.77658
1979-01-12,226.24733
1979-01-13,220.3333
1979-01-14,173.40979
1979-01-15,172.17267
1979-01-16,185.33884
1979-01-17,220.24399
1979-01-18,151.7578
1979-01-19,125.77313
1979-01-20,104.28201
1979-01-21,101.23323
1979-01-22,115.49264
1979-01-23,123.00053
1979-01-24,130.5464
1979-01-25,199.02383
1979-01-26,300.62198
1979-01-27,242.68173
1979-01-28,262.4233
1979-01-29,246.76077
1979-01-30,258.22092
1979-01-31,235.09079
1979-02-01,169.14113
1979-02-02,129.701
1979-02-03,115.78908
1979-02-04,98.943756
1979-02-05,82.53405
1979-02-06,78.25538
1979-02-07,79.62945
1979-02-08,83.95117
1979-02-09,89.12473
1979-02-10,93.272446
1979-02-11,98.626305
1979-02-12,111.99659
1979-02-13,129.77396
1979-02-14,139.29951
1979-02-15,141.06491
1979-02-16,142.95665
1979-02-17,193.8192
1979-02-18,216.96837
1979-02-19,191.68321
1979-02-20,237.7902
1979-02-21,193.13899
1979-02-22,127.85397
1979-02-23,100.39747
1979-02-24,121.69649
1979-02-25,154.62022
1979-02-26,165.6365
1979-02-27,192.50163
1979-02-28,234.6359
1979-03-01,233.11543
1979-03-02,247.76965
1979-03-03,265.78143
1979-03-04,295.79257
1979-03-05,306.8341
1979-03-06,327.98837
1979-03-07,372.8693
1979-03-08,449.62466
1979-03-09,502.2061
1979-03-10,540.5949
1979-03-11,423.6778
1979-03-12,292.73563
1979-03-13,200.16588
1979-03-14,157.49971
1979-03-15,146.0303
1979-03-16,158.61107
1979-03-17,186.66632
1979-03-18,283.50934
1979-03-19,390.92178
1979-03-20,345.99283
1979-03-21,369.51297
1979-03-22,417.28506
1979-03-23,389.68842
1979-03-24,374.20065
1979-03-25,352.97165
1979-03-26,453.4339
1979-03-27,811.7193
1979-03-28,1067.9319
1979-03-29,736.8162
1979-03-30,437.8402
1979-03-31,319.9105
1979-04-01,266.76056
1979-04-02,260.80972
1979-04-03,257.68198
1979-04-04,255.15996
1979-04-05,263.09232
1979-04-06,328.50238
1979-04-07,464.84967
1979-04-08,677.6271
1979-04-09,772.262
1979-04-10,687.14557
1979-04-11,828.88763
1979-04-12,1109.5363
1979-04-13,1064.6958
1979-04-14,837.1682
1979-04-15,689.93256
1979-04-16,1265.8916
1979-04-17,1763.6216
1979-04-18,1124.7692
1979-04-19,868.4709
1979-04-20,751.3847
1979-04-21,736.02734
1979-04-22,804.2313
1979-04-23,886.14453
1979-04-24,1233.7097
1979-04-25,1267.6826
1979-04-26,1221.6014
1979-04-27,1763.8876
1979-04-28,1720.4158
1979-04-29,1109.675
1979-04-30,894.51917
1979-05-01,821.0716
1979-05-02,779.71204
1979-05-03,855.51184
1979-05-04,836.35785
1979-05-05,620.86194
1979-05-06,529.7743
1979-05-07,527.62933
1979-05-08,480.40546
1979-05-09,443.38312
1979-05-10,462.67618
1979-05-11,424.27063
1979-05-12,462.34802
1979-05-13,532.42914
1979-05-14,444.43942
1979-05-15,404.56793
1979-05-16,435.113
1979-05-17,529.26874
1979-05-18,598.54944
1979-05-19,620.65656
1979-05-20,659.78107
1979-05-21,651.90656
1979-05-22,601.2323
1979-05-23,637.1251
1979-05-24,696.96173
1979-05-25,600.8712
1979-05-26,562.22925
1979-05-27,721.9792
1979-05-28,915.18115
1979-05-29,632.5929
1979-05-30,862.58636
1979-05-31,1125.0194
1979-06-01,624.86383
1979-06-02,587.24066
1979-06-03,603.2828
1979-06-04,619.1913
1979-06-05,690.9643
1979-06-06,808.28296
1979-06-07,786.43604
1979-06-08,1081.5096
1979-06-09,1501.6631
1979-06-10,1025.274
1979-06-11,830.7811
1979-06-12,869.13324
1979-06-13,903.5243
1979-06-14,774.23126
1979-06-15,708.2125
1979-06-16,764.8497
1979-06-17,797.988
1979-06-18,797.0917
1979-06-19,947.0012
1979-06-20,906.58527
1979-06-21,782.82086
1979-06-22,730.9288
1979-06-23,760.1098
1979-06-24,799.8201
1979-06-25,973.9476
1979-06-26,1131.2305
1979-06-27,942.832
1979-06-28,752.21783
1979-06-29,774.21893
1979-06-30,736.07605
1979-07-01,723.0029
1979-07-02,613.9006
1979-07-03,559.6139
1979-07-04,665.79626
1979-07-05,636.268
1979-07-06,644.7277
1979-07-07,713.6832
1979-07-08,665.946
1979-07-09,619.3835
1979-07-10,553.9104
1979-07-11,593.8322
1979-07-12,749.7092
1979-07-13,945.40454
1979-07-14,906.0615
1979-07-15,709.48346
1979-07-16,685.1837
1979-07-17,934.9356
1979-07-18,1148.711
1979-07-19,936.56506
1979-07-20,991.1502
1979-07-21,704.3036
1979-07-22,510.14703
1979-07-23,377.6904
1979-07-24,357.13638
1979-07-25,354.66702
1979-07-26,332.7679
1979-07-27,325.4951
1979-07-28,279.9504
1979-07-29,248.66582
1979-07-30,271.35565
1979-07-31,273.9112
1979-08-01,307.0699
1979-08-02,378.31738
1979-08-03,429.69476
1979-08-04,494.64407
1979-08-05,419.45148
1979-08-06,308.6879
1979-08-07,267.4686
1979-08-08,285.58664
1979-08-09,280.44492
1979-08-10,344.668
1979-08-11,420.63794
1979-08-12,325.2118
1979-08-13,283.22745
1979-08-14,259.2416
1979-08-15,298.76053
1979-08-16,329.08643
1979-08-17,304.6036
1979-08-18,306.505
1979-08-19,276.542
1979-08-20,265.94965
1979-08-21,260.9878
1979-08-22,255.97073
1979-08-23,263.70294
1979-08-24,574.8166
1979-08-25,814.22534
1979-08-26,472.6094
1979-08-27,424.47626
1979-08-28,404.45203
1979-08-29,447.57556
1979-08-30,424.0026
1979-08-31,445.90793
1979-09-01,558.75305
1979-09-02,576.8608
1979-09-03,580.90875
1979-09-04,580.1798
1979-09-05,596.17883
1979-09-06,578.98267
1979-09-07,567.90625
1979-09-08,529.3067
1979-09-09,530.4519
1979-09-10,593.8824
1979-09-11,636.8165
1979-09-12,722.83636
1979-09-13,864.3962
1979-09-14,477.91833
1979-09-15,485.05136
1979-09-16,535.11487
1979-09-17,486.69995
1979-09-18,418.40063
1979-09-19,559.02856
1979-09-20,655.2382
1979-09-21,517.26996
1979-09-22,440.42667
1979-09-23,407.0303
1979-09-24,352.3211
1979-09-25,334.39236
1979-09-26,314.77936
1979-09-27,265.48566
1979-09-28,246.11848
1979-09-29,208.0275
1979-09-30,204.594
1979-10-01,238.94574
1979-10-02,285.66702
1979-10-03,300.50287
1979-10-04,283.65726
1979-10-05,242.84358
1979-10-06,192.97495
1979-10-07,221.51381
1979-10-08,266.2906
1979-10-09,273.7682
1979-10-10,268.3817
1979-10-11,282.11957
1979-10-12,341.87134
1979-10-13,375.30353
1979-10-14,402.0713
1979-10-15,361.0809
1979-10-16,408.90707
1979-10-17,438.58707
1979-10-18,548.7069
1979-10-19,604.6038
1979-10-20,726.6874
1979-10-21,769.3108
1979-10-22,732.66504
1979-10-23,626.75256
1979-10-24,527.747
1979-10-25,427.39273
1979-10-26,402.7496
1979-10-27,483.35083
1979-10-28,1040.7177
1979-10-29,1519.0458
1979-10-30,895.8162
1979-10-31,845.2917
1979-11-01,773.489
1979-11-02,635.9182
1979-11-03,532.46875
1979-11-04,512.7692
1979-11-05,561.1294
1979-11-06,525.0175
1979-11-07,506.288
1979-11-08,514.0166
1979-11-09,623.5893
1979-11-10,768.45996
1979-11-11,897.7929
1979-11-12,1154.4304
1979-11-13,1081.9315
1979-11-14,715.8525
1979-11-15,583.85004
1979-11-16,646.15234
1979-11-17,871.96747
1979-11-18,976.03345
1979-11-19,682.69763
1979-11-20,498.60245
1979-11-21,471.64706
1979-11-22,474.80795
1979-11-23,412.4626
1979-11-24,365.1447
1979-11-25,399.11163
1979-11-26,511.98795
1979-11-27,653.1082
1979-11-28,613.51416
1979-11-29,596.16394
1979-11-30,545.8285
1979-12-01,488.33893
1979-12-02,477.52103
1979-12-03,426.19107
1979-12-04,359.21237
1979-12-05,349.0486
1979-12-06,333.5519
1979-12-07,288.98294
1979-12-08,278.357
1979-12-09,300.5007
1979-12-10,268.52032
1979-12-11,258.88602
1979-12-12,257.259
1979-12-13,223.16086
1979-12-14,237.78809
1979-12-15,263.69806
1979-12-16,250.99448
1979-12-17,293.28238
1979-12-18,358.22653
1979-12-19,370.07602
1979-12-20,267.60345
1979-12-21,211.52415
1979-12-22,230.3404
1979-12-23,225.63908
1979-12-24,176.41484
1979-12-25,153.71762
1979-12-26,136.39099
1979-12-27,132.17929
1979-12-28,145.56235
1979-12-29,151.89674
1979-12-30,167.90302
1979-12-31,188.28131
1980-01-01,175.1112
1980-01-02,172.17168
1980-01-03,170.1762
1980-01-04,147.69829
1980-01-05,150.36671
1980-01-06,146.34265
1980-01-07,130.04437
1980-01-08,112.540886
1980-01-09,99.58445
1980-01-10,92.599
1980-01-11,88.52116
1980-01-12,96.77193
1980-01-13,123.68807
1980-01-14,140.62215
1980-01-15,154.60692
1980-01-16,157.50262
1980-01-17,149.59447
1980-01-18,142.88171
1980-01-19,175.74971
1980-01-20,210.6445
1980-01-21,190.95969
1980-01-22,151.15579
1980-01-23,142.53748
1980-01-24,134.06673
1980-01-25,115.04232
1980-01-26,106.84026
1980-01-27,93.54444
1980-01-28,75.45605
1980-01-29,71.957596
1980-01-30,90.125916
1980-01-31,109.65177
1980-02-01,122.50296
1980-02-02,134.29124
1980-02-03,149.27979
1980-02-04,179.62523
1980-02-05,217.95096
1980-02-06,266.79495
1980-02-07,301.80307
1980-02-08,460.87952
1980-02-09,417.15613
1980-02-10,183.25679
1980-02-11,148.98085
1980-02-12,148.57234
1980-02-13,131.9468
1980-02-14,97.2324
1980-02-15,97.1327
1980-02-16,104.067665
1980-02-17,84.85369
1980-02-18,112.020966
1980-02-19,179.4221
1980-02-20,185.93112
1980-02-21,231.49362
1980-02-22,343.99088
1980-02-23,281.7783
1980-02-24,207.88849
1980-02-25,188.7159
1980-02-26,208.08794
1980-02-27,240.04295
1980-02-28,177.07289
1980-02-29,150.6586
1980-03-01,119.25661
1980-03-02,157.54944
1980-03-03,203.14005
1980-03-04,184.62144
1980-03-05,169.03322
1980-03-06,288.66104
1980-03-07,401.48352
1980-03-08,218.61769
1980-03-09,170.14735
1980-03-10,136.63077
1980-03-11,134.94852
1980-03-12,130.69008
1980-03-13,142.90599
1980-03-14,153.99165
1980-03-15,162.38837
1980-03-16,160.2715
1980-03-17,175.31241
1980-03-18,176.958
1980-03-19,197.36026
1980-03-20,217.54141
1980-03-21,184.56447
1980-03-22,130.39735
1980-03-23,118.43018
1980-03-24,131.68736
1980-03-25,185.35832
1980-03-26,211.71495
1980-03-27,223.8805
1980-03-28,173.26984
1980-03-29,152.71056
1980-03-30,150.95529
1980-03-31,167.08704
1980-04-01,213.76927
1980-04-02,171.84479
1980-04-03,118.946236
1980-04-04,106.17487
1980-04-05,104.09146
1980-04-06,104.77271
1980-04-07,119.73457
1980-04-08,153.17282
1980-04-09,203.58405
1980-04-10,216.46315
1980-04-11,191.21616
1980-04-12,187.96915
1980-04-13,196.26447
1980-04-14,218.41489
1980-04-15,314.2515
1980-04-16,305.43207
1980-04-17,297.50922
1980-04-18,285.38342
1980-04-19,270.055
1980-04-20,357.22604
1980-04-21,458.4313
1980-04-22,489.26492
1980-04-23,495.35004
1980-04-24,564.88995
1980-04-25,543.81445
1980-04-26,432.52255
1980-04-27,561.9514
1980-04-28,685.1593
1980-04-29,497.50815
1980-04-30,362.54672
1980-05-01,351.97897
1980-05-02,337.2982
1980-05-03,332.5151
1980-05-04,365.1121
1980-05-05,355.31802
1980-05-06,337.19037
1980-05-07,426.64624
1980-05-08,532.593
1980-05-09,574.3479
1980-05-10,581.18695
1980-05-11,557.8581
1980-05-12,414.745
1980-05-13,326.93768
1980-05-14,326.73795
1980-05-15,366.21786
1980-05-16,417.7226
1980-05-17,455.5936
1980-05-18,448.73343
1980-05-19,406.99313
1980-05-20,377.36063
1980-05-21,334.8781
1980-05-22,288.143
1980-05-23,366.99646
1980-05-24,378.94614
1980-05-25,392.96777
1980-05-26,443.2695
1980-05-27,517.97723
1980-05-28,634.99994
1980-05-29,519.9412
1980-05-30,398.62787
1980-05-31,305.28845
1980-06-01,325.2439
1980-06-02,367.59775
1980-06-03,499.73026
1980-06-04,615.61285
1980-06-05,497.7516
1980-06-06,397.57758
1980-06-07,420.18588
1980-06-08,454.57782
1980-06-09,447.04767
1980-06-10,525.6626
1980-06-11,556.7903
1980-06-12,628.75275
1980-06-13,849.2327
1980-06-14,792.7092
1980-06-15,746.7071
1980-06-16,658.83777
1980-06-17,311.74847
1980-06-18,245.47838
1980-06-19,235.71806
1980-06-20,281.46887
1980-06-21,384.79242
1980-06-22,540.94525
1980-06-23,581.551
1980-06-24,506.65668
1980-06-25,434.10904
1980-06-26,325.8762
1980-06-27,234.43768
1980-06-28,253.88641
1980-06-29,302.6324
1980-06-30,285.90805
1980-07-01,306.06235
1980-07-02,265.47614
1980-07-03,224.34526
1980-07-04,222.05162
1980-07-05,203.48862
1980-07-06,195.061
1980-07-07,206.13794
1980-07-08,308.35617
1980-07-09,392.5132
1980-07-10,273.08862
1980-07-11,287.81107
1980-07-12,409.79535
1980-07-13,458.91306
1980-07-14,454.43436
1980-07-15,376.9572
1980-07-16,395.2222
1980-07-17,436.03333
1980-07-18,443.04028
1980-07-19,402.36447
1980-07-20,367.47394
1980-07-21,352.48346
1980-07-22,329.4965
1980-07-23,285.24936
1980-07-24,301.59256
1980-07-25,318.539
1980-07-26,335.30225
1980-07-27,411.40472
1980-07-28,456.0448
1980-07-29,372.29404
1980-07-30,397.54352
1980-07-31,379.89114
1980-08-01,279.24088
1980-08-02,258.8801
1980-08-03,327.62167
1980-08-04,380.92395
1980-08-05,338.09155
1980-08-06,269.28363
1980-08-07,301.76184
1980-08-08,372.25317
1980-08-09,333.28638
1980-08-10,344.66904
1980-08-11,379.90652
1980-08-12,290.8813
1980-08-13,258.75055
1980-08-14,335.2365
1980-08-15,353.91537
1980-08-16,292.64175
1980-08-17,285.779
1980-08-18,286.71735
1980-08-19,258.76434
1980-08-20,245.19016
1980-08-21,279.83627
1980-08-22,370.8844
1980-08-23,550.0163
1980-08-24,627.787
1980-08-25,275.10092
1980-08-26,183.97572
1980-08-27,171.60904
1980-08-28,168.3801
1980-08-29,186.05724
1980-08-30,221.6199
1980-08-31,257.02115
1980-09-01,267.7636
1980-09-02,194.93217
1980-09-03,233.95172
1980-09-04,311.59222
1980-09-05,318.82907
1980-09-06,319.94867
1980-09-07,306.23984
1980-09-08,241.09145
1980-09-09,200.63902
1980-09-10,180.54056
1980-09-11,156.99277
1980-09-12,133.51604
1980-09-13,122.02494
1980-09-14,149.43143
1980-09-15,189.3003
1980-09-16,266.93008
1980-09-17,359.2003
1980-09-18,319.5196
1980-09-19,255.39847
1980-09-20,361.72025
1980-09-21,592.2295
1980-09-22,427.45044
1980-09-23,345.45563
1980-09-24,346.81793
1980-09-25,251.82344
1980-09-26,210.52072
1980-09-27,183.21451
1980-09-28,199.84116
1980-09-29,258.282
1980-09-30,296.33875
1980-10-01,282.1028
1980-10-02,348.02066
1980-10-03,325.50845
1980-10-04,244.53763
1980-10-05,280.49188
1980-10-06,362.95602
1980-10-07,371.04477
1980-10-08,352.40686
1980-10-09,450.822
1980-10-10,461.1387
1980-10-11,494.21906
1980-10-12,485.23746
1980-10-13,374.65234
1980-10-14,290.64188
1980-10-15,268.69852
1980-10-16,235.7704
1980-10-17,202.50182
1980-10-18,249.41669
1980-10-19,333.54117
1980-10-20,386.5041
1980-10-21,433.8958
1980-10-22,428.4077
1980-10-23,380.58054
1980-10-24,261.44928
1980-10-25,231.49922
1980-10-26,244.19972
1980-10-27,237.44736
1980-10-28,310.86575
1980-10-29,318.30258
1980-10-30,294.16312
1980-10-31,341.70367
1980-11-01,258.54947
1980-11-02,208.54027
1980-11-03,282.05597
1980-11-04,477.77808
1980-11-05,1073.3646
1980-11-06,1529.569
1980-11-07,779.07184
1980-11-08,626.1051
1980-11-09,524.6977
1980-11-10,463.62906
1980-11-11,351.23947
1980-11-12,332.16745
1980-11-13,312.33908
1980-11-14,445.18063
1980-11-15,556.8228
1980-11-16,505.1286
1980-11-17,416.06076
1980-11-18,354.7057
1980-11-19,236.90245
1980-11-20,204.90799
1980-11-21,181.61862
1980-11-22,200.39319
1980-11-23,239.02455
1980-11-24,274.74377
1980-11-25,317.8401
1980-11-26,324.095
1980-11-27,292.50812
1980-11-28,252.15417
1980-11-29,220.07545
1980-11-30,242.32556
1980-12-01,272.87088
1980-12-02,213.29213
1980-12-03,168.8027
1980-12-04,166.51654
1980-12-05,191.0934
1980-12-06,204.57938
1980-12-07,220.97699
1980-12-08,181.271
1980-12-09,161.6721
1980-12-10,189.3694
1980-12-11,196.06033
1980-12-12,155.69432
1980-12-13,160.1163
1980-12-14,161.35075
1980-12-15,149.19861
1980-12-16,155.74545
1980-12-17,149.89731
1980-12-18,156.22723
1980-12-19,186.11136
1980-12-20,198.13383
1980-12-21,175.02312
1980-12-22,155.92885
1980-12-23,125.25359
1980-12-24,113.995705
1980-12-25,124.088326
1980-12-26,119.9753
1980-12-27,126.449196
1980-12-28,158.49944
1980-12-29,187.05594
1980-12-30,196.55145
1980-12-31,236.68488
1981-01-01,224.3526
1981-01-02,202.1075
1981-01-03,197.3936
1981-01-04,152.37733
1981-01-05,108.44064
1981-01-06,82.38448
1981-01-07,80.48886
1981-01-08,85.53601
1981-01-09,110.18409
1981-01-10,147.28467
1981-01-11,141.08951
1981-01-12,110.38652
1981-01-13,105.21669
1981-01-14,128.66005
1981-01-15,178.51141
1981-01-16,187.15622
1981-01-17,115.97962
1981-01-18,101.46223
1981-01-19,118.21257
1981-01-20,120.00515
1981-01-21,98.26067
1981-01-22,85.08139
1981-01-23,95.671875
1981-01-24,99.82144
1981-01-25,96.47112
1981-01-26,73.92481
1981-01-27,78.29782
1981-01-28,87.27119
1981-01-29,101.55127
1981-01-30,124.02052
1981-01-31,121.14723
1981-02-01,113.50234
1981-02-02,116.19862
1981-02-03,106.78481
1981-02-04,98.441
1981-02-05,99.06218
1981-02-06,118.29816
1981-02-07,108.55375
1981-02-08,86.611
1981-02-09,87.37297
1981-02-10,120.26007
1981-02-11,138.36833
1981-02-12,122.923805
1981-02-13,118.02309
1981-02-14,133.22406
1981-02-15,171.74756
1981-02-16,162.07172
1981-02-17,139.16814
1981-02-18,162.02444
1981-02-19,222.35509
1981-02-20,294.97858
1981-02-21,372.39
1981-02-22,331.6527
1981-02-23,243.29182
1981-02-24,263.02448
1981-02-25,310.50214
1981-02-26,408.20874
1981-02-27,435.99112
1981-02-28,332.8818
1981-03-01,319.20728
1981-03-02,323.4582
1981-03-03,270.8718
1981-03-04,245.72183
1981-03-05,253.31163
1981-03-06,302.42853
1981-03-07,364.55743
1981-03-08,458.80615
1981-03-09,492.34875
1981-03-10,483.19522
1981-03-11,513.7647
1981-03-12,509.95984
1981-03-13,412.20236
1981-03-14,291.4366
1981-03-15,249.84879
1981-03-16,242.49263
1981-03-17,251.60214
1981-03-18,234.54936
1981-03-19,246.92116
1981-03-20,239.09271
1981-03-21,194.8812
1981-03-22,176.52977
1981-03-23,175.16342
1981-03-24,173.20457
1981-03-25,197.90923
1981-03-26,148.65906
1981-03-27,130.05125
1981-03-28,129.5291
1981-03-29,118.404274
1981-03-30,124.63987
1981-03-31,137.86446
1981-04-01,142.5446
1981-04-02,120.262146
1981-04-03,108.945175
1981-04-04,140.88152
1981-04-05,176.39926
1981-04-06,262.0597
1981-04-07,382.91495
1981-04-08,362.7967
1981-04-09,369.97208
1981-04-10,360.23016
1981-04-11,319.09467
1981-04-12,242.3361
1981-04-13,201.84293
1981-04-14,303.21426
1981-04-15,399.938
1981-04-16,400.99033
1981-04-17,432.68616
1981-04-18,776.6946
1981-04-19,1355.3007
1981-04-20,1305.9033
1981-04-21,807.5769
1981-04-22,602.5757
1981-04-23,476.7762
1981-04-24,425.85132
1981-04-25,572.1811
1981-04-26,701.3352
1981-04-27,645.2689
1981-04-28,642.8644
1981-04-29,701.4993
1981-04-30,672.5153
1981-05-01,605.101
1981-05-02,523.02936
1981-05-03,484.92712
1981-05-04,468.8214
1981-05-05,516.95886
1981-05-06,605.30994
1981-05-07,666.44543
1981-05-08,676.4057
1981-05-09,750.7322
1981-05-10,1061.8458
1981-05-11,1382.21
1981-05-12,856.92395
1981-05-13,715.9058
1981-05-14,755.88293
1981-05-15,806.9826
1981-05-16,1089.3029
1981-05-17,1493.5662
1981-05-18,754.0519
1981-05-19,589.8954
1981-05-20,562.731
1981-05-21,510.76315
1981-05-22,433.93936
1981-05-23,403.49655
1981-05-24,468.1226
1981-05-25,653.724
1981-05-26,1008.7704
1981-05-27,1222.0956
1981-05-28,904.5638
1981-05-29,853.8109
1981-05-30,816.4985
1981-05-31,860.3
1981-06-01,1141.8767
1981-06-02,1188.1593
1981-06-03,851.46814
1981-06-04,658.5244
1981-06-05,573.37506
1981-06-06,521.74066
1981-06-07,449.9991
1981-06-08,536.89124
1981-06-09,968.32965
1981-06-10,1337.3905
1981-06-11,1143.9639
1981-06-12,967.90326
1981-06-13,1052.813
1981-06-14,1044.5648
1981-06-15,1126.2378
1981-06-16,988.6026
1981-06-17,567.7911
1981-06-18,650.56256
1981-06-19,769.8305
1981-06-20,649.64606
1981-06-21,604.8699
1981-06-22,598.6774
1981-06-23,646.5558
1981-06-24,544.42896
1981-06-25,572.82355
1981-06-26,559.1198
1981-06-27,524.5646
1981-06-28,452.24072
1981-06-29,522.69977
1981-06-30,1127.4697
1981-07-01,1554.0519
1981-07-02,772.16785
1981-07-03,586.37213
1981-07-04,538.69495
1981-07-05,513.28143
1981-07-06,793.17737
1981-07-07,1113.1642
1981-07-08,747.916
1981-07-09,665.2448
1981-07-10,713.24695
1981-07-11,830.8887
1981-07-12,976.68365
1981-07-13,1158.7753
1981-07-14,634.7037
1981-07-15,380.67352
1981-07-16,402.97498
1981-07-17,442.8809
1981-07-18,450.89856
1981-07-19,510.35922
1981-07-20,675.72174
1981-07-21,718.7736
1981-07-22,602.3421
1981-07-23,561.977
1981-07-24,530.519
1981-07-25,413.67688
1981-07-26,341.0854
1981-07-27,300.75632
1981-07-28,290.7538
1981-07-29,264.7866
1981-07-30,271.35736
1981-07-31,237.6161
1981-08-01,222.70998
1981-08-02,248.38866
1981-08-03,276.7144
1981-08-04,254.23314
1981-08-05,224.86905
1981-08-06,206.44139
1981-08-07,222.6182
1981-08-08,243.31248
1981-08-09,224.43227
1981-08-10,225.41812
1981-08-11,232.79187
1981-08-12,220.17966
1981-08-13,264.04233
1981-08-14,448.40234
1981-08-15,545.8463
1981-08-16,511.738
1981-08-17,425.25903
1981-08-18,296.3371
1981-08-19,341.91266
1981-08-20,370.1236
1981-08-21,359.60352
1981-08-22,344.65262
1981-08-23,379.18033
1981-08-24,443.77295
1981-08-25,533.33295
1981-08-26,1107.2625
1981-08-27,1475.5338
1981-08-28,666.7253
1981-08-29,447.87103
1981-08-30,375.05704
1981-08-31,408.4581
1981-09-01,454.17096
1981-09-02,559.31213
1981-09-03,632.4055
1981-09-04,653.21875
1981-09-05,625.297
1981-09-06,551.77563
1981-09-07,552.94867
1981-09-08,514.73663
1981-09-09,460.0957
1981-09-10,461.57397
1981-09-11,404.25125
1981-09-12,332.69467
1981-09-13,381.93484
1981-09-14,447.1139
1981-09-15,431.10666
1981-09-16,364.95645
1981-09-17,397.79767
1981-09-18,425.15747
1981-09-19,352.67502
1981-09-20,301.52902
1981-09-21,289.82886
1981-09-22,284.3048
1981-09-23,237.84727
1981-09-24,195.4978
1981-09-25,177.67137
1981-09-26,211.63142
1981-09-27,222.60837
1981-09-28,207.63623
1981-09-29,225.78955
1981-09-30,246.51587
1981-10-01,253.13567
1981-10-02,223.1964
1981-10-03,204.08951
1981-10-04,234.07776
1981-10-05,246.55754
1981-10-06,251.90627
1981-10-07,230.1613
1981-10-08,207.85046
1981-10-09,231.35828
1981-10-10,315.4338
1981-10-11,356.01904
1981-10-12,474.1324
1981-10-13,619.93665
1981-10-14,476.50082
1981-10-15,454.85147
1981-10-16,430.97397
1981-10-17,480.3643
1981-10-18,691.0754
1981-10-19,676.2493
1981-10-20,463.76862
1981-10-21,388.22998
1981-10-22,402.88452
1981-10-23,364.97488
1981-10-24,437.89514
1981-10-25,471.8576
1981-10-26,529.9969
1981-10-27,427.19058
1981-10-28,373.0297
1981-10-29,418.2716
1981-10-30,480.518
1981-10-31,453.06284
1981-11-01,498.04904
1981-11-02,480.37057
1981-11-03,411.26794
1981-11-04,377.02603
1981-11-05,397.39777
1981-11-06,408.80325
1981-11-07,362.08203
1981-11-08,335.555
1981-11-09,350.11902
1981-11-10,336.9188
1981-11-11,347.51755
1981-11-12,431.11203
1981-11-13,425.558
1981-11-14,549.6994
1981-11-15,550.45544
1981-11-16,417.52524
1981-11-17,397.81485
1981-11-18,340.85742
1981-11-19,268.41754
1981-11-20,230.07225
1981-11-21,248.34908
1981-11-22,285.54724
1981-11-23,419.39218
1981-11-24,446.1744
1981-11-25,320.72708
1981-11-26,298.85736
1981-11-27,279.7785
1981-11-28,260.7743
1981-11-29,227.88683
1981-11-30,263.56656
1981-12-01,309.6283
1981-12-02,338.24802
1981-12-03,300.86844
1981-12-04,248.66179
1981-12-05,213.56076
1981-12-06,223.00421
1981-12-07,306.20856
1981-12-08,368.56995
1981-12-09,379.5367
1981-12-10,315.77176
1981-12-11,277.32178
1981-12-12,348.91772
1981-12-13,318.38785
1981-12-14,274.602
1981-12-15,211.76135
1981-12-16,213.57918
1981-12-17,210.46413
1981-12-18,165.51186
1981-12-19,143.74254
1981-12-20,136.52753
1981-12-21,133.45186
1981-12-22,139.92027
1981-12-23,140.63148
1981-12-24,140.12532
1981-12-25,135.59535
1981-12-26,125.76546
1981-12-27,128.71542
1981-12-28,160.93976
1981-12-29,184.58795
1981-12-30,179.06982
1981-12-31,188.30377
1982-01-01,212.73135
1982-01-02,209.041
1982-01-03,272.34933
1982-01-04,404.03217
1982-01-05,380.66214
1982-01-06,405.0232
1982-01-07,376.44153
1982-01-08,432.28198
1982-01-09,477.83902
1982-01-10,490.37994
1982-01-11,340.27972
1982-01-12,244.97179
1982-01-13,204.63435
1982-01-14,195.98534
1982-01-15,150.66144
1982-01-16,141.54361
1982-01-17,133.7914
1982-01-18,129.31708
1982-01-19,126.64174
1982-01-20,109.54907
1982-01-21,97.17443
1982-01-22,95.92748
1982-01-23,105.80488
1982-01-24,111.817955
1982-01-25,92.767334
1982-01-26,93.482704
1982-01-27,113.76008
1982-01-28,139.8768
1982-01-29,176.81496
1982-01-30,191.57164
1982-01-31,198.878
1982-02-01,204.16531
1982-02-02,150.4478
1982-02-03,154.01653
1982-02-04,165.74828
1982-02-05,190.27228
1982-02-06,239.0431
1982-02-07,290.3154
1982-02-08,311.76132
1982-02-09,250.97836
1982-02-10,316.20483
1982-02-11,455.6575
1982-02-12,441.27475
1982-02-13,421.84506
1982-02-14,382.52637
1982-02-15,410.76636
1982-02-16,425.1325
1982-02-17,433.57236
1982-02-18,374.86743
1982-02-19,279.33173
1982-02-20,314.2218
1982-02-21,449.79648
1982-02-22,492.44565
1982-02-23,364.25357
1982-02-24,307.6971
1982-02-25,226.8569
1982-02-26,223.89682
1982-02-27,234.53793
1982-02-28,252.63777
1982-03-01,274.0271
1982-03-02,296.4574
1982-03-03,416.63873
1982-03-04,595.7739
1982-03-05,448.84494
1982-03-06,310.7195
1982-03-07,333.72122
1982-03-08,380.92834
1982-03-09,300.52197
1982-03-10,235.56947
1982-03-11,253.84692
1982-03-12,249.71165
1982-03-13,251.55328
1982-03-14,299.55396
1982-03-15,313.91852
1982-03-16,338.6139
1982-03-17,432.84094
1982-03-18,403.20108
1982-03-19,276.61975
1982-03-20,263.48224
1982-03-21,314.7291
1982-03-22,365.20508
1982-03-23,391.044
1982-03-24,397.74112
1982-03-25,421.71512
1982-03-26,521.4897
1982-03-27,586.7883
1982-03-28,625.1118
1982-03-29,531.41327
1982-03-30,584.3015
1982-03-31,640.2382
1982-04-01,410.6782
1982-04-02,415.63083
1982-04-03,444.96786
1982-04-04,476.8675
1982-04-05,626.76825
1982-04-06,792.17676
1982-04-07,992.227
1982-04-08,1526.4934
1982-04-09,1337.0233
1982-04-10,1104.0518
1982-04-11,1016.90625
1982-04-12,764.6519
1982-04-13,494.60513
1982-04-14,476.32117
1982-04-15,477.4249
1982-04-16,441.3555
1982-04-17,397.3264
1982-04-18,405.57144
1982-04-19,502.73538
1982-04-20,565.2808
1982-04-21,577.68585
1982-04-22,664.5726
1982-04-23,692.1308
1982-04-24,693.76196
1982-04-25,856.5847
1982-04-26,1135.0586
1982-04-27,1492.3359
1982-04-28,1309.6016
1982-04-29,1003.8461
1982-04-30,1051.5557
1982-05-01,852.42163
1982-05-02,784.1449
1982-05-03,890.5506
1982-05-04,980.5303
1982-05-05,1112.5935
1982-05-06,1357.1819
1982-05-07,1198.0005
1982-05-08,1225.6927
1982-05-09,1653.8314
1982-05-10,1229.1036
1982-05-11,1054.9318
1982-05-12,1005.4445
1982-05-13,747.3267
1982-05-14,575.6822
1982-05-15,567.9725
1982-05-16,602.3689
1982-05-17,607.9561
1982-05-18,625.40594
1982-05-19,654.67267
1982-05-20,752.23035
1982-05-21,783.6231
1982-05-22,763.3435
1982-05-23,1017.3197
1982-05-24,1393.153
1982-05-25,1633.3313
1982-05-26,982.31085
1982-05-27,898.18134
1982-05-28,1245.5728
1982-05-29,1107.0503
1982-05-30,901.33044
1982-05-31,794.4655
1982-06-01,1084.4777
1982-06-02,1341.3982
1982-06-03,1123.6189
1982-06-04,660.2831
1982-06-05,533.8223
1982-06-06,546.728
1982-06-07,538.57556
1982-06-08,571.4091
1982-06-09,590.1544
1982-06-10,567.2027
1982-06-11,454.3385
1982-06-12,464.25574
1982-06-13,485.67548
1982-06-14,410.1867
1982-06-15,407.06137
1982-06-16,410.7739
1982-06-17,438.85315
1982-06-18,464.32565
1982-06-19,740.7463
1982-06-20,926.7137
1982-06-21,537.30963
1982-06-22,470.72717
1982-06-23,387.52777
1982-06-24,341.52795
1982-06-25,312.44867
1982-06-26,269.9409
1982-06-27,251.31425
1982-06-28,230.15523
1982-06-29,266.29715
1982-06-30,304.2182
1982-07-01,242.15508
1982-07-02,260.51282
1982-07-03,328.5692
1982-07-04,378.40585
1982-07-05,507.43784
1982-07-06,566.63947
1982-07-07,527.9572
1982-07-08,376.53586
1982-07-09,351.71048
1982-07-10,365.37885
1982-07-11,357.5202
1982-07-12,294.06873
1982-07-13,323.27405
1982-07-14,393.54547
1982-07-15,294.43607
1982-07-16,236.49959
1982-07-17,200.21497
1982-07-18,182.82549
1982-07-19,178.24078
1982-07-20,217.51404
1982-07-21,251.92662
1982-07-22,196.47289
1982-07-23,188.67543
1982-07-24,206.18546
1982-07-25,198.69005
1982-07-26,172.06964
1982-07-27,168.98997
1982-07-28,207.77866
1982-07-29,386.89377
1982-07-30,476.68524
1982-07-31,356.9329
1982-08-01,351.3464
1982-08-02,357.2376
1982-08-03,352.0036
1982-08-04,306.69897
1982-08-05,278.84503
1982-08-06,228.77878
1982-08-07,199.31616
1982-08-08,254.22525
1982-08-09,309.14
1982-08-10,232.94334
1982-08-11,177.39006
1982-08-12,161.91669
1982-08-13,192.10278
1982-08-14,224.01227
1982-08-15,209.16684
1982-08-16,213.594
1982-08-17,212.159
1982-08-18,209.95235
1982-08-19,188.30913
1982-08-20,160.09583
1982-08-21,169.68741
1982-08-22,186.91908
1982-08-23,155.54886
1982-08-24,144.28682
1982-08-25,135.25925
1982-08-26,136.61574
1982-08-27,123.10401
1982-08-28,117.28678
1982-08-29,130.60074
1982-08-30,150.36493
1982-08-31,143.37665
1982-09-01,132.16515
1982-09-02,156.10803
1982-09-03,166.12444
1982-09-04,167.67944
1982-09-05,209.57767
1982-09-06,229.31825
1982-09-07,172.22958
1982-09-08,142.58548
1982-09-09,140.4498
1982-09-10,133.63739
1982-09-11,147.75589
1982-09-12,288.85632
1982-09-13,431.4256
1982-09-14,294.9168
1982-09-15,196.79097
1982-09-16,211.32784
1982-09-17,255.58528
1982-09-18,301.40445
1982-09-19,369.76306
1982-09-20,434.35248
1982-09-21,315.62234
1982-09-22,272.415
1982-09-23,250.6101
1982-09-24,213.26659
1982-09-25,196.89804
1982-09-26,200.6064
1982-09-27,261.13623
1982-09-28,356.28952
1982-09-29,399.6224
1982-09-30,390.57733
1982-10-01,372.01947
1982-10-02,339.5959
1982-10-03,358.2843
1982-10-04,330.76785
1982-10-05,399.62512
1982-10-06,389.80298
1982-10-07,326.002
1982-10-08,290.38562
1982-10-09,342.76587
1982-10-10,396.5652
1982-10-11,508.16037
1982-10-12,618.26654
1982-10-13,478.65332
1982-10-14,431.95294
1982-10-15,348.60327
1982-10-16,299.831
1982-10-17,260.11038
1982-10-18,327.3562
1982-10-19,378.30624
1982-10-20,339.65274
1982-10-21,433.73218
1982-10-22,684.5277
1982-10-23,673.88324
1982-10-24,834.3186
1982-10-25,1089.5951
1982-10-26,622.7052
1982-10-27,476.28714
1982-10-28,444.81543
1982-10-29,431.25674
1982-10-30,374.5544
1982-10-31,354.86874
1982-11-01,379.0809
1982-11-02,373.8138
1982-11-03,588.9798
1982-11-04,840.31586
1982-11-05,588.9195
1982-11-06,511.2138
1982-11-07,437.4644
1982-11-08,406.47934
1982-11-09,422.3336
1982-11-10,379.04645
1982-11-11,291.26114
1982-11-12,307.92548
1982-11-13,386.4177
1982-11-14,478.01688
1982-11-15,364.45743
1982-11-16,272.568
1982-11-17,253.11868
1982-11-18,280.9394
1982-11-19,324.65686
1982-11-20,326.92773
1982-11-21,333.8628
1982-11-22,320.762
1982-11-23,317.57095
1982-11-24,320.33475
1982-11-25,373.4621
1982-11-26,373.09082
1982-11-27,309.3074
1982-11-28,326.1209
1982-11-29,316.02228
1982-11-30,296.72272
1982-12-01,312.3094
1982-12-02,313.70676
1982-12-03,343.23758
1982-12-04,325.86798
1982-12-05,302.7497
1982-12-06,328.63794
1982-12-07,364.68597
1982-12-08,346.65106
1982-12-09,334.6995
1982-12-10,462.70554
1982-12-11,598.5612
1982-12-12,385.9111
1982-12-13,301.99103
1982-12-14,252.07327
1982-12-15,213.27336
1982-12-16,183.09048
1982-12-17,185.26485
1982-12-18,197.05742
1982-12-19,232.31657
1982-12-20,248.33441
1982-12-21,289.26315
1982-12-22,333.14944
1982-12-23,333.64514
1982-12-24,341.03888
1982-12-25,345.65073
1982-12-26,318.10455
1982-12-27,307.0385
1982-12-28,249.09866
1982-12-29,277.10376
1982-12-30,301.12854
1982-12-31,280.37018
1983-01-01,255.8066
1983-01-02,217.3062
1983-01-03,201.91818
1983-01-04,192.5632
1983-01-05,161.63303
1983-01-06,320.34592
1983-01-07,549.5138
1983-01-08,371.77945
1983-01-09,258.86734
1983-01-10,178.78452
1983-01-11,143.53525
1983-01-12,140.43622
1983-01-13,138.8136
1983-01-14,127.776344
1983-01-15,129.24599
1983-01-16,133.18619
1983-01-17,137.11078
1983-01-18,138.4716
1983-01-19,116.24474
1983-01-20,102.12705
1983-01-21,95.72183
1983-01-22,96.0542
1983-01-23,96.618935
1983-01-24,94.56987
1983-01-25,93.31165
1983-01-26,83.920876
1983-01-27,90.565895
1983-01-28,126.54059
1983-01-29,134.42244
1983-01-30,122.40742
1983-01-31,120.80881
1983-02-01,95.68807
1983-02-02,87.517365
1983-02-03,85.21914
1983-02-04,90.42936
1983-02-05,105.441696
1983-02-06,110.96584
1983-02-07,91.299805
1983-02-08,94.85868
1983-02-09,119.62461
1983-02-10,133.80658
1983-02-11,142.63945
1983-02-12,137.55804
1983-02-13,109.63458
1983-02-14,78.857216
1983-02-15,69.52287
1983-02-16,74.494415
1983-02-17,76.83894
1983-02-18,67.473274
1983-02-19,86.82016
1983-02-20,102.81569
1983-02-21,114.37967
1983-02-22,117.9876
1983-02-23,117.46871
1983-02-24,143.73851
1983-02-25,130.93845
1983-02-26,125.45178
1983-02-27,129.42284
1983-02-28,122.400444
1983-03-01,134.51717
1983-03-02,142.83095
1983-03-03,112.250374
1983-03-04,138.05606
1983-03-05,143.84312
1983-03-06,138.63847
1983-03-07,139.75229
1983-03-08,231.53261
1983-03-09,581.306
1983-03-10,678.1786
1983-03-11,468.0027
1983-03-12,359.44876
1983-03-13,238.38889
1983-03-14,182.10478
1983-03-15,225.25145
1983-03-16,269.02347
1983-03-17,188.25615
1983-03-18,152.83951
1983-03-19,159.32819
1983-03-20,224.85616
1983-03-21,226.348
1983-03-22,149.77127
1983-03-23,112.10703
1983-03-24,125.70832
1983-03-25,123.31052
1983-03-26,126.433586
1983-03-27,134.97383
1983-03-28,119.66455
1983-03-29,123.050026
1983-03-30,101.32501
1983-03-31,97.26367
1983-04-01,109.472015
1983-04-02,103.94701
1983-04-03,95.27115
1983-04-04,117.24442
1983-04-05,168.90215
1983-04-06,228.6702
1983-04-07,295.78223
1983-04-08,274.32672
1983-04-09,337.38187
1983-04-10,329.15033
1983-04-11,375.44962
1983-04-12,578.0947
1983-04-13,587.82526
1983-04-14,460.83334
1983-04-15,478.82507
1983-04-16,533.26575
1983-04-17,594.13226
1983-04-18,592.7629
1983-04-19,494.1835
1983-04-20,466.6663
1983-04-21,494.54697
1983-04-22,567.2241
1983-04-23,606.4315
1983-04-24,711.90485
1983-04-25,792.0277
1983-04-26,366.0858
1983-04-27,315.90994
1983-04-28,336.13187
1983-04-29,372.93
1983-04-30,405.03842
1983-05-01,644.5646
1983-05-02,749.9279
1983-05-03,581.5902
1983-05-04,501.00952
1983-05-05,473.02628
1983-05-06,538.0092
1983-05-07,500.02112
1983-05-08,463.20737
1983-05-09,547.0363
1983-05-10,507.23907
1983-05-11,425.16116
1983-05-12,428.52396
1983-05-13,540.7305
1983-05-14,536.9113
1983-05-15,402.46817
1983-05-16,372.7482
1983-05-17,433.22626
1983-05-18,639.4537
1983-05-19,731.70197
1983-05-20,824.1351
1983-05-21,845.0074
1983-05-22,596.0626
1983-05-23,601.31573
1983-05-24,558.7748
1983-05-25,534.28503
1983-05-26,487.242
1983-05-27,379.9563
1983-05-28,397.76984
1983-05-29,495.0357
1983-05-30,596.3131
1983-05-31,577.4125
1983-06-01,345.86942
1983-06-02,326.2526
1983-06-03,370.80615
1983-06-04,373.28366
1983-06-05,425.96494
1983-06-06,540.8356
1983-06-07,662.37506
1983-06-08,521.2869
1983-06-09,568.4692
1983-06-10,692.675
1983-06-11,617.8819
1983-06-12,480.20007
1983-06-13,416.78842
1983-06-14,337.21216
1983-06-15,381.61954
1983-06-16,452.43027
1983-06-17,379.3356
1983-06-18,442.4027
1983-06-19,529.76697
1983-06-20,360.93573
1983-06-21,253.2522
1983-06-22,234.0795
1983-06-23,274.02332
1983-06-24,309.26498
1983-06-25,266.2861
1983-06-26,215.91185
1983-06-27,218.27943
1983-06-28,242.39458
1983-06-29,246.9828
1983-06-30,246.1554
1983-07-01,349.23093
1983-07-02,432.9226
1983-07-03,321.34476
1983-07-04,276.177
1983-07-05,205.23701
1983-07-06,203.0609
1983-07-07,199.18282
1983-07-08,192.83199
1983-07-09,210.12987
1983-07-10,265.8148
1983-07-11,328.9363
1983-07-12,286.02597
1983-07-13,234.69267
1983-07-14,198.09888
1983-07-15,197.8291
1983-07-16,220.45639
1983-07-17,265.18085
1983-07-18,274.97354
1983-07-19,293.1564
1983-07-20,253.15173
1983-07-21,227.18507
1983-07-22,232.88873
1983-07-23,244.1875
1983-07-24,265.60245
1983-07-25,307.9634
1983-07-26,202.86705
1983-07-27,142.49313
1983-07-28,129.11835
1983-07-29,142.20927
1983-07-30,167.92848
1983-07-31,200.07333
1983-08-01,242.39014
1983-08-02,357.10965
1983-08-03,457.53455
1983-08-04,491.53415
1983-08-05,517.36206
1983-08-06,453.67563
1983-08-07,386.70303
1983-08-08,575.8971
1983-08-09,679.37396
1983-08-10,413.19522
1983-08-11,323.11804
1983-08-12,251.66885
1983-08-13,238.56212
1983-08-14,250.37836
1983-08-15,195.73007
1983-08-16,171.61095
1983-08-17,204.4666
1983-08-18,245.13235
1983-08-19,258.03644
1983-08-20,275.4693
1983-08-21,287.322
1983-08-22,284.90765
1983-08-23,349.008
1983-08-24,307.89093
1983-08-25,268.61655
1983-08-26,256.36923
1983-08-27,268.6873
1983-08-28,279.18872
1983-08-29,257.96472
1983-08-30,312.17197
1983-08-31,356.91803
1983-09-01,286.08417
1983-09-02,203.30261
1983-09-03,171.6692
1983-09-04,187.72087
1983-09-05,196.08733
1983-09-06,171.37965
1983-09-07,231.16006
1983-09-08,291.3131
1983-09-09,279.50784
1983-09-10,287.7514
1983-09-11,290.42358
1983-09-12,293.0719
1983-09-13,274.9765
1983-09-14,259.60486
1983-09-15,332.39447
1983-09-16,315.5045
1983-09-17,228.0268
1983-09-18,268.3325
1983-09-19,251.96013
1983-09-20,193.04805
1983-09-21,212.1936
1983-09-22,258.13855
1983-09-23,245.4208
1983-09-24,212.20012
1983-09-25,208.27422
1983-09-26,178.36159
1983-09-27,167.43663
1983-09-28,152.72212
1983-09-29,149.59439
1983-09-30,161.67981
1983-10-01,146.5838
1983-10-02,144.34547
1983-10-03,160.86896
1983-10-04,223.7639
1983-10-05,279.6152
1983-10-06,259.4842
1983-10-07,193.9527
1983-10-08,141.53656
1983-10-09,132.48726
1983-10-10,136.50069
1983-10-11,172.66498
1983-10-12,209.15182
1983-10-13,247.65872
1983-10-14,231.1482
1983-10-15,246.51416
1983-10-16,309.71542
1983-10-17,370.19852
1983-10-18,374.53604
1983-10-19,284.52707
1983-10-20,254.30673
1983-10-21,334.0619
1983-10-22,580.17413
1983-10-23,670.23096
1983-10-24,558.4128
1983-10-25,426.51813
1983-10-26,377.75714
1983-10-27,292.9686
1983-10-28,268.5429
1983-10-29,371.35324
1983-10-30,422.20203
1983-10-31,403.4055
1983-11-01,457.62067
1983-11-02,480.20712
1983-11-03,467.05142
1983-11-04,410.29807
1983-11-05,375.3922
1983-11-06,342.4118
1983-11-07,304.20374
1983-11-08,212.84706
1983-11-09,200.25922
1983-11-10,197.91542
1983-11-11,194.5481
1983-11-12,230.48999
1983-11-13,243.66916
1983-11-14,234.67006
1983-11-15,205.47266
1983-11-16,221.50032
1983-11-17,211.3092
1983-11-18,187.3378
1983-11-19,183.7116
1983-11-20,156.48033
1983-11-21,141.33534
1983-11-22,138.96713
1983-11-23,133.63768
1983-11-24,135.25822
1983-11-25,145.97333
1983-11-26,139.81235
1983-11-27,159.28923
1983-11-28,191.80591
1983-11-29,248.2665
1983-11-30,320.97375
1983-12-01,348.59604
1983-12-02,347.43982
1983-12-03,279.36966
1983-12-04,268.01776
1983-12-05,289.60025
1983-12-06,386.53915
1983-12-07,451.643
1983-12-08,508.00104
1983-12-09,556.2307
1983-12-10,451.01157
1983-12-11,501.9346
1983-12-12,524.99066
1983-12-13,517.50653
1983-12-14,476.14008
1983-12-15,452.21075
1983-12-16,376.36182
1983-12-17,322.9537
1983-12-18,356.60562
1983-12-19,325.4895
1983-12-20,311.65387
1983-12-21,414.49042
1983-12-22,385.20752
1983-12-23,308.06232
1983-12-24,264.7497
1983-12-25,222.24826
1983-12-26,206.80927
1983-12-27,214.07947
1983-12-28,219.37192
1983-12-29,216.56165
1983-12-30,214.74263
1983-12-31,204.23116
1984-01-01,197.25351
1984-01-02,225.18552
1984-01-03,233.67174
1984-01-04,200.19641
1984-01-05,243.16367
1984-01-06,317.22424
1984-01-07,242.60512
1984-01-08,332.36594
1984-01-09,458.86838
1984-01-10,430.1272
1984-01-11,543.84595
1984-01-12,469.8246
1984-01-13,396.30222
1984-01-14,330.22375
1984-01-15,282.71686
1984-01-16,248.4832
1984-01-17,241.51852
1984-01-18,245.00784
1984-01-19,305.35706
1984-01-20,365.13745
1984-01-21,346.69067
1984-01-22,305.60986
1984-01-23,290.58817
1984-01-24,318.59766
1984-01-25,256.8753
1984-01-26,235.50647
1984-01-27,229.18303
1984-01-28,226.01303
1984-01-29,170.2332
1984-01-30,159.49391
1984-01-31,168.45328
1984-02-01,167.0388
1984-02-02,157.70927
1984-02-03,184.55647
1984-02-04,244.82742
1984-02-05,276.93582
1984-02-06,280.68796
1984-02-07,277.07587
1984-02-08,283.13458
1984-02-09,273.66245
1984-02-10,270.9807
1984-02-11,321.51987
1984-02-12,293.1091
1984-02-13,223.02606
1984-02-14,197.64787
1984-02-15,208.28848
1984-02-16,254.78497
1984-02-17,400.9729
1984-02-18,447.11383
1984-02-19,360.14346
1984-02-20,307.50958
1984-02-21,316.86197
1984-02-22,259.32285
1984-02-23,237.94981
1984-02-24,298.4623
1984-02-25,313.89722
1984-02-26,301.83575
1984-02-27,290.47583
1984-02-28,278.17294
1984-02-29,225.99753
1984-03-01,199.30022
1984-03-02,207.91956
1984-03-03,242.69518
1984-03-04,254.72691
1984-03-05,233.65154
1984-03-06,257.66898
1984-03-07,291.6479
1984-03-08,252.39597
1984-03-09,248.4707
1984-03-10,236.29282
1984-03-11,210.46422
1984-03-12,180.1557
1984-03-13,131.82318
1984-03-14,122.32793
1984-03-15,120.273415
1984-03-16,123.38225
1984-03-17,131.12897
1984-03-18,170.8349
1984-03-19,197.22778
1984-03-20,168.56644
1984-03-21,201.78775
1984-03-22,230.84982
1984-03-23,285.76605
1984-03-24,320.65512
1984-03-25,324.6862
1984-03-26,282.45566
1984-03-27,200.6004
1984-03-28,173.87514
1984-03-29,147.35777
1984-03-30,163.26413
1984-03-31,209.54375
1984-04-01,355.15173
1984-04-02,428.55826
1984-04-03,338.00494
1984-04-04,175.07596
1984-04-05,148.57872
1984-04-06,170.73656
1984-04-07,186.00264
1984-04-08,178.90497
1984-04-09,226.56058
1984-04-10,225.85771
1984-04-11,207.81938
1984-04-12,236.31133
1984-04-13,339.42807
1984-04-14,437.87323
1984-04-15,430.79895
1984-04-16,452.78247
1984-04-17,344.12088
1984-04-18,338.0527
1984-04-19,331.23138
1984-04-20,252.79575
1984-04-21,230.8558
1984-04-22,263.4238
1984-04-23,253.03775
1984-04-24,298.4487
1984-04-25,432.91846
1984-04-26,531.3712
1984-04-27,551.0221
1984-04-28,657.0871
1984-04-29,933.8345
1984-04-30,678.8553
1984-05-01,504.5785
1984-05-02,441.42902
1984-05-03,392.39148
1984-05-04,504.8229
1984-05-05,523.6164
1984-05-06,348.79834
1984-05-07,234.00398
1984-05-08,198.4742
1984-05-09,179.8764
1984-05-10,188.70697
1984-05-11,273.48358
1984-05-12,390.88397
1984-05-13,454.27142
1984-05-14,528.15265
1984-05-15,555.44696
1984-05-16,491.14706
1984-05-17,575.8992
1984-05-18,564.42255
1984-05-19,480.8068
1984-05-20,394.78326
1984-05-21,361.73666
1984-05-22,279.44263
1984-05-23,231.87437
1984-05-24,230.95871
1984-05-25,288.4997
1984-05-26,358.28546
1984-05-27,418.40683
1984-05-28,537.0988
1984-05-29,591.05725
1984-05-30,564.7733
1984-05-31,498.69498
1984-06-01,445.54797
1984-06-02,428.87964
1984-06-03,483.84756
1984-06-04,551.75543
1984-06-05,509.86264
1984-06-06,742.7583
1984-06-07,911.6299
1984-06-08,457.7705
1984-06-09,461.11835
1984-06-10,509.67065
1984-06-11,484.06805
1984-06-12,312.701
1984-06-13,302.66315
1984-06-14,287.6803
1984-06-15,363.73734
1984-06-16,382.9753
1984-06-17,416.07654
1984-06-18,479.01993
1984-06-19,428.16763
1984-06-20,405.22348
1984-06-21,360.88086
1984-06-22,319.89917
1984-06-23,369.47925
1984-06-24,511.65466
1984-06-25,585.43353
1984-06-26,447.4787
1984-06-27,448.54236
1984-06-28,626.18
1984-06-29,869.92975
1984-06-30,690.12
1984-07-01,462.7559
1984-07-02,406.5566
1984-07-03,394.63992
1984-07-04,435.6079
1984-07-05,477.22858
1984-07-06,557.69946
1984-07-07,560.1501
1984-07-08,476.58008
1984-07-09,361.01462
1984-07-10,332.9969
1984-07-11,339.13797
1984-07-12,320.1312
1984-07-13,226.37852
1984-07-14,197.12195
1984-07-15,218.5695
1984-07-16,289.5465
1984-07-17,324.68417
1984-07-18,245.88387
1984-07-19,199.15909
1984-07-20,185.42426
1984-07-21,215.44144
1984-07-22,295.7702
1984-07-23,382.26004
1984-07-24,372.2399
1984-07-25,320.19144
1984-07-26,322.4973
1984-07-27,376.86386
1984-07-28,485.73117
1984-07-29,525.21826
1984-07-30,501.91736
1984-07-31,501.07736
1984-08-01,521.1639
1984-08-02,589.7896
1984-08-03,541.16205
1984-08-04,443.61243
1984-08-05,435.8156
1984-08-06,458.91937
1984-08-07,315.25287
1984-08-08,217.79092
1984-08-09,201.87999
1984-08-10,212.60838
1984-08-11,229.91615
1984-08-12,328.2897
1984-08-13,389.9098
1984-08-14,259.9925
1984-08-15,218.95744
1984-08-16,264.66318
1984-08-17,294.8489
1984-08-18,245.10263
1984-08-19,245.4441
1984-08-20,323.51587
1984-08-21,354.05655
1984-08-22,333.43594
1984-08-23,292.46573
1984-08-24,269.17072
1984-08-25,265.7749
1984-08-26,216.70021
1984-08-27,180.18741
1984-08-28,177.0904
1984-08-29,225.60477
1984-08-30,366.34692
1984-08-31,493.5684
1984-09-01,427.86356
1984-09-02,363.46503
1984-09-03,397.16977
1984-09-04,454.37027
1984-09-05,380.16275
1984-09-06,294.67627
1984-09-07,261.64166
1984-09-08,251.2363
1984-09-09,215.67406
1984-09-10,253.84418
1984-09-11,298.15067
1984-09-12,394.3088
1984-09-13,487.4359
1984-09-14,337.00092
1984-09-15,260.18683
1984-09-16,285.2936
1984-09-17,283.26474
1984-09-18,290.19806
1984-09-19,409.23007
1984-09-20,461.7815
1984-09-21,513.60156
1984-09-22,562.98737
1984-09-23,560.86536
1984-09-24,456.65768
1984-09-25,396.46844
1984-09-26,361.8412
1984-09-27,403.28214
1984-09-28,361.1826
1984-09-29,256.8592
1984-09-30,213.50824
1984-10-01,248.167
1984-10-02,332.89438
1984-10-03,323.20084
1984-10-04,265.68866
1984-10-05,249.67767
1984-10-06,239.74193
1984-10-07,369.65543
1984-10-08,665.05554
1984-10-09,638.62744
1984-10-10,545.9857
1984-10-11,460.94986
1984-10-12,332.66382
1984-10-13,325.11
1984-10-14,443.44788
1984-10-15,472.22058
1984-10-16,330.20624
1984-10-17,287.34534
1984-10-18,306.63
1984-10-19,334.85455
1984-10-20,341.2175
1984-10-21,409.10062
1984-10-22,465.57645
1984-10-23,479.8381
1984-10-24,509.32104
1984-10-25,499.46902
1984-10-26,592.093
1984-10-27,558.3443
1984-10-28,517.99536
1984-10-29,569.5838
1984-10-30,652.71704
1984-10-31,522.1414
1984-11-01,421.94464
1984-11-02,428.49374
1984-11-03,455.4879
1984-11-04,349.8638
1984-11-05,294.7339
1984-11-06,313.02676
1984-11-07,415.8212
1984-11-08,573.9742
1984-11-09,620.3209
1984-11-10,474.55054
1984-11-11,336.70526
1984-11-12,236.1981
1984-11-13,229.0279
1984-11-14,349.6415
1984-11-15,465.09543
1984-11-16,397.7843
1984-11-17,313.85855
1984-11-18,231.36754
1984-11-19,198.36525
1984-11-20,249.53366
1984-11-21,281.10577
1984-11-22,228.8007
1984-11-23,196.7551
1984-11-24,217.08858
1984-11-25,277.28894
1984-11-26,288.28354
1984-11-27,518.6703
1984-11-28,1080.1407
1984-11-29,1135.0311
1984-11-30,606.4408
1984-12-01,500.52985
1984-12-02,379.56427
1984-12-03,268.7721
1984-12-04,200.63802
1984-12-05,182.62663
1984-12-06,152.1998
1984-12-07,134.82405
1984-12-08,125.468666
1984-12-09,125.482994
1984-12-10,141.6045
1984-12-11,144.29785
1984-12-12,135.27957
1984-12-13,138.69029
1984-12-14,127.98711
1984-12-15,121.93495
1984-12-16,124.61409
1984-12-17,126.34016
1984-12-18,132.04298
1984-12-19,143.81099
1984-12-20,191.16576
1984-12-21,243.38483
1984-12-22,283.15982
1984-12-23,226.2408
1984-12-24,233.6084
1984-12-25,242.07051
1984-12-26,238.10149
1984-12-27,231.07733
1984-12-28,177.84091
1984-12-29,138.62628
1984-12-30,128.57257
1984-12-31,115.79063
1985-01-01,101.13966
1985-01-02,108.92921
1985-01-03,131.26883
1985-01-04,127.125465
1985-01-05,147.05638
1985-01-06,192.81128
1985-01-07,182.99825
1985-01-08,168.94527
1985-01-09,162.31738
1985-01-10,162.36783
1985-01-11,133.22728
1985-01-12,153.81024
1985-01-13,190.45058
1985-01-14,182.6794
1985-01-15,171.22017
1985-01-16,159.04718
1985-01-17,153.37024
1985-01-18,117.46794
1985-01-19,106.851074
1985-01-20,136.38126
1985-01-21,115.09606
1985-01-22,114.87759
1985-01-23,165.12233
1985-01-24,225.21973
1985-01-25,279.01697
1985-01-26,229.03279
1985-01-27,177.97589
1985-01-28,221.6445
1985-01-29,256.0985
1985-01-30,248.57823
1985-01-31,229.5966
1985-02-01,210.08936
1985-02-02,162.62317
1985-02-03,123.198044
1985-02-04,161.42516
1985-02-05,165.85594
1985-02-06,100.73079
1985-02-07,79.2398
1985-02-08,76.18496
1985-02-09,102.10886
1985-02-10,180.41217
1985-02-11,226.1186
1985-02-12,217.25117
1985-02-13,192.8178
1985-02-14,160.02214
1985-02-15,131.67265
1985-02-16,113.48513
1985-02-17,104.00635
1985-02-18,104.57954
1985-02-19,86.1421
1985-02-20,81.821396
1985-02-21,92.43395
1985-02-22,102.49354
1985-02-23,94.78573
1985-02-24,101.364204
1985-02-25,114.199394
1985-02-26,130.13588
1985-02-27,144.62167
1985-02-28,154.15627
1985-03-01,207.48047
1985-03-02,278.44824
1985-03-03,295.56442
1985-03-04,240.88484
1985-03-05,281.13052
1985-03-06,277.7631
1985-03-07,356.1971
1985-03-08,581.2234
1985-03-09,563.983
1985-03-10,380.31567
1985-03-11,264.9004
1985-03-12,265.73944
1985-03-13,278.07693
1985-03-14,242.87941
1985-03-15,214.20908
1985-03-16,197.44879
1985-03-17,159.63832
1985-03-18,151.11246
1985-03-19,192.63281
1985-03-20,292.08554
1985-03-21,732.9825
1985-03-22,987.803
1985-03-23,576.91974
1985-03-24,348.2926
1985-03-25,276.072
1985-03-26,186.23582
1985-03-27,182.82239
1985-03-28,241.00555
1985-03-29,242.43729
1985-03-30,268.10007
1985-03-31,369.92676
1985-04-01,540.8933
1985-04-02,618.45026
1985-04-03,651.38074
1985-04-04,657.59216
1985-04-05,560.49567
1985-04-06,576.28705
1985-04-07,671.2024
1985-04-08,797.2521
1985-04-09,670.5143
1985-04-10,516.8151
1985-04-11,657.70544
1985-04-12,812.4777
1985-04-13,526.4875
1985-04-14,396.69272
1985-04-15,332.69803
1985-04-16,295.7309
1985-04-17,312.30704
1985-04-18,276.22787
1985-04-19,264.20047
1985-04-20,304.1386
1985-04-21,319.93173
1985-04-22,352.33524
1985-04-23,432.5674
1985-04-24,519.0251
1985-04-25,531.28235
1985-04-26,355.62314
1985-04-27,309.58258
1985-04-28,281.18375
1985-04-29,286.26053
1985-04-30,242.281
1985-05-01,220.62372
1985-05-02,208.1481
1985-05-03,220.65262
1985-05-04,280.86768
1985-05-05,414.1983
1985-05-06,443.48257
1985-05-07,347.45712
1985-05-08,331.3126
1985-05-09,422.01154
1985-05-10,474.60117
1985-05-11,426.24603
1985-05-12,428.95905
1985-05-13,459.76346
1985-05-14,533.8236
1985-05-15,550.0062
1985-05-16,582.94006
1985-05-17,631.6934
1985-05-18,711.5988
1985-05-19,1061.1135
1985-05-20,1215.4775
1985-05-21,694.3657
1985-05-22,385.8187
1985-05-23,287.22778
1985-05-24,356.0606
1985-05-25,471.03015
1985-05-26,474.35944
1985-05-27,384.2342
1985-05-28,298.08304
1985-05-29,270.47223
1985-05-30,289.78885
1985-05-31,351.39264
1985-06-01,319.30624
1985-06-02,395.67917
1985-06-03,1006.6953
1985-06-04,1801.9626
1985-06-05,1387.3197
1985-06-06,789.91644
1985-06-07,751.3004
1985-06-08,799.13556
1985-06-09,754.70953
1985-06-10,675.2284
1985-06-11,685.0034
1985-06-12,740.677
1985-06-13,732.5371
1985-06-14,635.61633
1985-06-15,535.5137
1985-06-16,431.46097
1985-06-17,417.03
1985-06-18,426.79056
1985-06-19,464.46783
1985-06-20,446.5268
1985-06-21,339.03442
1985-06-22,279.58945
1985-06-23,291.8024
1985-06-24,350.4432
1985-06-25,361.77844
1985-06-26,354.29068
1985-06-27,350.16547
1985-06-28,401.8764
1985-06-29,466.29904
1985-06-30,535.5491
1985-07-01,495.8739
1985-07-02,344.453
1985-07-03,257.95435
1985-07-04,242.70035
1985-07-05,256.23926
1985-07-06,286.94507
1985-07-07,273.841
1985-07-08,216.53397
1985-07-09,226.19469
1985-07-10,349.8193
1985-07-11,443.13803
1985-07-12,311.89124
1985-07-13,251.60577
1985-07-14,252.71388
1985-07-15,270.83466
1985-07-16,326.73874
1985-07-17,377.55804
1985-07-18,450.61697
1985-07-19,489.8578
1985-07-20,488.9713
1985-07-21,452.4045
1985-07-22,664.5147
1985-07-23,947.9385
1985-07-24,833.70514
1985-07-25,649.9513
1985-07-26,597.6065
1985-07-27,650.9816
1985-07-28,654.7057
1985-07-29,447.08182
1985-07-30,356.76065
1985-07-31,332.1781
1985-08-01,356.11566
1985-08-02,344.5849
1985-08-03,307.6701
1985-08-04,264.419
1985-08-05,277.22098
1985-08-06,318.26056
1985-08-07,366.0909
1985-08-08,503.86166
1985-08-09,502.94128
1985-08-10,598.2289
1985-08-11,602.7073
1985-08-12,544.9844
1985-08-13,469.533
1985-08-14,352.2342
1985-08-15,386.88022
1985-08-16,464.962
1985-08-17,451.6665
1985-08-18,386.38193
1985-08-19,325.69003
1985-08-20,335.851
1985-08-21,445.52182
1985-08-22,462.04916
1985-08-23,382.9768
1985-08-24,334.20187
1985-08-25,393.21948
1985-08-26,434.59967
1985-08-27,430.31567
1985-08-28,382.7169
1985-08-29,363.60867
1985-08-30,342.97363
1985-08-31,306.9491
1985-09-01,359.7915
1985-09-02,354.1249
1985-09-03,257.69925
1985-09-04,213.19406
1985-09-05,219.76147
1985-09-06,242.125
1985-09-07,251.93686
1985-09-08,320.12775
1985-09-09,344.48068
1985-09-10,402.6494
1985-09-11,513.28656
1985-09-12,483.0423
1985-09-13,450.64026
1985-09-14,517.3527
1985-09-15,569.1523
1985-09-16,702.5998
1985-09-17,604.8114
1985-09-18,304.89374
1985-09-19,216.42398
1985-09-20,188.10263
1985-09-21,190.44467
1985-09-22,233.4703
1985-09-23,204.0283
1985-09-24,179.67838
1985-09-25,184.77034
1985-09-26,214.0016
1985-09-27,273.2762
1985-09-28,370.32803
1985-09-29,406.1336
1985-09-30,424.2569
1985-10-01,322.45493
1985-10-02,312.81656
1985-10-03,329.40903
1985-10-04,407.43198
1985-10-05,448.94586
1985-10-06,350.03027
1985-10-07,262.75894
1985-10-08,267.1738
1985-10-09,346.15997
1985-10-10,484.54028
1985-10-11,482.6475
1985-10-12,464.51813
1985-10-13,333.89294
1985-10-14,262.5171
1985-10-15,249.89546
1985-10-16,238.27362
1985-10-17,211.86028
1985-10-18,269.38345
1985-10-19,313.1461
1985-10-20,316.48367
1985-10-21,326.73492
1985-10-22,332.32812
1985-10-23,331.45395
1985-10-24,359.1933
1985-10-25,365.61682
1985-10-26,382.69806
1985-10-27,308.80453
1985-10-28,262.55396
1985-10-29,370.06088
1985-10-30,516.6074
1985-10-31,446.0309
1985-11-01,381.73355
1985-11-02,334.50323
1985-11-03,303.20612
1985-11-04,224.87778
1985-11-05,156.39511
1985-11-06,237.9131
1985-11-07,398.46942
1985-11-08,370.90878
1985-11-09,271.06262
1985-11-10,206.12984
1985-11-11,192.30806
1985-11-12,168.7241
1985-11-13,168.26395
1985-11-14,196.0511
1985-11-15,265.8836
1985-11-16,299.90567
1985-11-17,297.81488
1985-11-18,346.11877
1985-11-19,337.05832
1985-11-20,294.41037
1985-11-21,334.76245
1985-11-22,426.72348
1985-11-23,503.7252
1985-11-24,522.1314
1985-11-25,498.02216
1985-11-26,393.77908
1985-11-27,275.5481
1985-11-28,229.23071
1985-11-29,251.61798
1985-11-30,242.03958
1985-12-01,231.89255
1985-12-02,262.2774
1985-12-03,303.56946
1985-12-04,325.74597
1985-12-05,407.14484
1985-12-06,504.1461
1985-12-07,530.31433
1985-12-08,518.4405
1985-12-09,509.28867
1985-12-10,484.32727
1985-12-11,378.81192
1985-12-12,300.65985
1985-12-13,207.99567
1985-12-14,189.72383
1985-12-15,177.11806
1985-12-16,160.58856
1985-12-17,148.86143
1985-12-18,140.52753
1985-12-19,135.52931
1985-12-20,129.38982
1985-12-21,122.22208
1985-12-22,120.54673
1985-12-23,127.210846
1985-12-24,123.65646
1985-12-25,112.574326
1985-12-26,116.12235
1985-12-27,127.4577
1985-12-28,120.32154
1985-12-29,102.40255
1985-12-30,111.42189
1985-12-31,127.194145
1986-01-01,133.02608
1986-01-02,131.90675
1986-01-03,130.92415
1986-01-04,122.72287
1986-01-05,135.30557
1986-01-06,147.81937
1986-01-07,118.26909
1986-01-08,93.94581
1986-01-09,79.919586
1986-01-10,106.99441
1986-01-11,161.39403
1986-01-12,167.43985
1986-01-13,127.63847
1986-01-14,103.5949
1986-01-15,103.02792
1986-01-16,127.277695
1986-01-17,130.67683
1986-01-18,131.22725
1986-01-19,123.11338
1986-01-20,115.94604
1986-01-21,117.746765
1986-01-22,128.34253
1986-01-23,160.45663
1986-01-24,221.32986
1986-01-25,271.29422
1986-01-26,295.20822
1986-01-27,295.04294
1986-01-28,193.48918
1986-01-29,194.36716
1986-01-30,193.81532
1986-01-31,133.30504
1986-02-01,137.47292
1986-02-02,186.0075
1986-02-03,191.15248
1986-02-04,179.95903
1986-02-05,141.31708
1986-02-06,92.856026
1986-02-07,97.54156
1986-02-08,128.7559
1986-02-09,123.256485
1986-02-10,111.77895
1986-02-11,147.31906
1986-02-12,193.84868
1986-02-13,198.45769
1986-02-14,192.43854
1986-02-15,172.912
1986-02-16,188.44138
1986-02-17,230.21085
1986-02-18,284.59613
1986-02-19,319.09457
1986-02-20,324.04764
1986-02-21,261.38727
1986-02-22,204.4312
1986-02-23,207.33029
1986-02-24,316.59097
1986-02-25,450.45007
1986-02-26,520.07104
1986-02-27,539.29614
1986-02-28,555.9358
1986-03-01,726.353
1986-03-02,899.9279
1986-03-03,917.9743
1986-03-04,766.0335
1986-03-05,677.72107
1986-03-06,731.338
1986-03-07,746.3803
1986-03-08,475.4668
1986-03-09,369.87558
1986-03-10,342.5347
1986-03-11,353.85056
1986-03-12,343.88266
1986-03-13,439.5496
1986-03-14,498.05096
1986-03-15,512.27026
1986-03-16,486.82144
1986-03-17,354.60452
1986-03-18,343.912
1986-03-19,340.815
1986-03-20,303.1559
1986-03-21,259.80988
1986-03-22,255.71817
1986-03-23,237.26537
1986-03-24,210.89297
1986-03-25,184.6604
1986-03-26,177.7221
1986-03-27,216.58168
1986-03-28,264.51358
1986-03-29,317.31836
1986-03-30,435.45724
1986-03-31,531.47473
1986-04-01,545.70496
1986-04-02,520.5555
1986-04-03,458.3937
1986-04-04,414.6887
1986-04-05,425.86655
1986-04-06,382.05856
1986-04-07,400.873
1986-04-08,488.8692
1986-04-09,702.9283
1986-04-10,905.16
1986-04-11,927.869
1986-04-12,961.6275
1986-04-13,849.0639
1986-04-14,675.5659
1986-04-15,583.58514
1986-04-16,621.38086
1986-04-17,564.1336
1986-04-18,857.55383
1986-04-19,1332.4828
1986-04-20,943.098
1986-04-21,766.5625
1986-04-22,768.72363
1986-04-23,1028.1703
1986-04-24,1056.4219
1986-04-25,927.69214
1986-04-26,960.26666
1986-04-27,663.2451
1986-04-28,637.0106
1986-04-29,642.5986
1986-04-30,740.4551
1986-05-01,852.25275
1986-05-02,1166.686
1986-05-03,1452.8959
1986-05-04,1109.6243
1986-05-05,751.09576
1986-05-06,640.7491
1986-05-07,701.207
1986-05-08,587.8174
1986-05-09,512.5414
1986-05-10,468.3844
1986-05-11,521.1281
1986-05-12,559.2928
1986-05-13,482.76544
1986-05-14,460.83093
1986-05-15,487.48206
1986-05-16,533.729
1986-05-17,440.61035
1986-05-18,369.86072
1986-05-19,331.76993
1986-05-20,372.1469
1986-05-21,494.14923
1986-05-22,506.83438
1986-05-23,577.7135
1986-05-24,807.5198
1986-05-25,899.39594
1986-05-26,765.00146
1986-05-27,1157.9852
1986-05-28,1558.8872
1986-05-29,1409.1926
1986-05-30,862.84155
1986-05-31,643.366
1986-06-01,471.87402
1986-06-02,474.9492
1986-06-03,650.0733
1986-06-04,749.43726
1986-06-05,673.6599
1986-06-06,659.52795
1986-06-07,645.3846
1986-06-08,642.07184
1986-06-09,802.5471
1986-06-10,908.89496
1986-06-11,585.69806
1986-06-12,544.4295
1986-06-13,458.33975
1986-06-14,359.3457
1986-06-15,329.7047
1986-06-16,377.55383
1986-06-17,429.44925
1986-06-18,434.76035
1986-06-19,515.5454
1986-06-20,520.6688
1986-06-21,492.89557
1986-06-22,511.10822
1986-06-23,525.21265
1986-06-24,572.2489
1986-06-25,722.8122
1986-06-26,719.15607
1986-06-27,629.84985
1986-06-28,616.69965
1986-06-29,658.03516
1986-06-30,845.667
1986-07-01,1066.9832
1986-07-02,855.5223
1986-07-03,591.9412
1986-07-04,384.87256
1986-07-05,468.7917
1986-07-06,561.2896
1986-07-07,583.4509
1986-07-08,641.33606
1986-07-09,578.1065
1986-07-10,480.10312
1986-07-11,414.7883
1986-07-12,500.33163
1986-07-13,504.304
1986-07-14,387.40558
1986-07-15,343.75995
1986-07-16,386.5362
1986-07-17,430.9207
1986-07-18,469.25485
1986-07-19,566.3534
1986-07-20,520.39386
1986-07-21,426.9343
1986-07-22,387.38354
1986-07-23,336.029
1986-07-24,312.1052
1986-07-25,389.93277
1986-07-26,444.90256
1986-07-27,379.11343
1986-07-28,353.37598
1986-07-29,356.78128
1986-07-30,291.39645
1986-07-31,252.4593
1986-08-01,212.44481
1986-08-02,197.67526
1986-08-03,232.92387
1986-08-04,268.72845
1986-08-05,212.14186
1986-08-06,227.25078
1986-08-07,268.57794
1986-08-08,279.4178
1986-08-09,262.14542
1986-08-10,232.33417
1986-08-11,238.38248
1986-08-12,252.86423
1986-08-13,218.99098
1986-08-14,256.57938
1986-08-15,314.40427
1986-08-16,268.39474
1986-08-17,196.91037
1986-08-18,232.46036
1986-08-19,353.88486
1986-08-20,432.05814
1986-08-21,306.47992
1986-08-22,305.27078
1986-08-23,336.5975
1986-08-24,256.33542
1986-08-25,227.02478
1986-08-26,218.54298
1986-08-27,210.272
1986-08-28,190.78133
1986-08-29,174.75565
1986-08-30,202.84753
1986-08-31,243.69473
1986-09-01,286.95593
1986-09-02,331.155
1986-09-03,358.35507
1986-09-04,343.71298
1986-09-05,313.0918
1986-09-06,270.9015
1986-09-07,204.59322
1986-09-08,193.98262
1986-09-09,198.79794
1986-09-10,218.99757
1986-09-11,267.07047
1986-09-12,381.12308
1986-09-13,404.90607
1986-09-14,369.76266
1986-09-15,310.6237
1986-09-16,248.57832
1986-09-17,176.06325
1986-09-18,154.14398
1986-09-19,156.1446
1986-09-20,205.38985
1986-09-21,271.11154
1986-09-22,341.72015
1986-09-23,388.45673
1986-09-24,379.63733
1986-09-25,395.58313
1986-09-26,375.76373
1986-09-27,317.3231
1986-09-28,345.62497
1986-09-29,430.06207
1986-09-30,485.7797
1986-10-01,543.72833
1986-10-02,536.36945
1986-10-03,606.9324
1986-10-04,744.01025
1986-10-05,659.36865
1986-10-06,608.4539
1986-10-07,604.9482
1986-10-08,641.32153
1986-10-09,1055.1096
1986-10-10,1409.6324
1986-10-11,819.02106
1986-10-12,847.065
1986-10-13,1254.8107
1986-10-14,1783.7119
1986-10-15,1226.4355
1986-10-16,1116.9454
1986-10-17,1200.2812
1986-10-18,864.4754
1986-10-19,737.9495
1986-10-20,679.2721
1986-10-21,568.39886
1986-10-22,759.4169
1986-10-23,965.2609
1986-10-24,645.7743
1986-10-25,803.9043
1986-10-26,1096.5801
1986-10-27,871.8348
1986-10-28,798.0761
1986-10-29,812.42834
1986-10-30,837.48126
1986-10-31,769.6073
1986-11-01,735.2967
1986-11-02,603.1851
1986-11-03,449.41226
1986-11-04,391.72025
1986-11-05,413.05783
1986-11-06,454.1299
1986-11-07,475.5957
1986-11-08,374.1334
1986-11-09,425.46445
1986-11-10,582.51556
1986-11-11,928.082
1986-11-12,1199.0502
1986-11-13,609.809
1986-11-14,581.3057
1986-11-15,636.63605
1986-11-16,591.7288
1986-11-17,528.7988
1986-11-18,450.39188
1986-11-19,410.20096
1986-11-20,408.1727
1986-11-21,458.60333
1986-11-22,442.83618
1986-11-23,414.75705
1986-11-24,421.53696
1986-11-25,425.3808
1986-11-26,451.11804
1986-11-27,452.81406
1986-11-28,371.6484
1986-11-29,304.13895
1986-11-30,274.45383
1986-12-01,228.21727
1986-12-02,206.78537
1986-12-03,209.85332
1986-12-04,217.74617
1986-12-05,218.55312
1986-12-06,258.25998
1986-12-07,299.61816
1986-12-08,334.36136
1986-12-09,408.28473
1986-12-10,325.81662
1986-12-11,255.53954
1986-12-12,198.41612
1986-12-13,212.62244
1986-12-14,265.8683
1986-12-15,230.64731
1986-12-16,206.76895
1986-12-17,236.04378
1986-12-18,240.98335
1986-12-19,268.69592
1986-12-20,253.43173
1986-12-21,165.24861
1986-12-22,190.09068
1986-12-23,183.57277
1986-12-24,151.63458
1986-12-25,145.24081
1986-12-26,144.31485
1986-12-27,133.72269
1986-12-28,118.10032
1986-12-29,109.73996
1986-12-30,109.53276
1986-12-31,112.71501
1987-01-01,118.37247
1987-01-02,129.34155
1987-01-03,140.92151
1987-01-04,131.18991
1987-01-05,108.272194
1987-01-06,99.9601
1987-01-07,98.7775
1987-01-08,100.33646
1987-01-09,125.01102
1987-01-10,194.26945
1987-01-11,300.0236
1987-01-12,248.31544
1987-01-13,148.93951
1987-01-14,109.26426
1987-01-15,92.623245
1987-01-16,87.10803
1987-01-17,88.94507
1987-01-18,98.44941
1987-01-19,122.15851
1987-01-20,134.75273
1987-01-21,145.60008
1987-01-22,180.69756
1987-01-23,204.99335
1987-01-24,204.19472
1987-01-25,206.11833
1987-01-26,188.17589
1987-01-27,113.67554
1987-01-28,88.396385
1987-01-29,93.14508
1987-01-30,93.38473
1987-01-31,87.086754
1987-02-01,71.77393
1987-02-02,79.74176
1987-02-03,83.63449
1987-02-04,71.266304
1987-02-05,74.222496
1987-02-06,85.29134
1987-02-07,93.24603
1987-02-08,85.6218
1987-02-09,99.70355
1987-02-10,125.37647
1987-02-11,146.99342
1987-02-12,173.43652
1987-02-13,195.01744
1987-02-14,215.46364
1987-02-15,242.10785
1987-02-16,293.08417
1987-02-17,290.61203
1987-02-18,160.61484
1987-02-19,129.12349
1987-02-20,123.97831
1987-02-21,123.75276
1987-02-22,105.05414
1987-02-23,85.29025
1987-02-24,78.89852
1987-02-25,79.996826
1987-02-26,75.34444
1987-02-27,88.32861
1987-02-28,106.83358
1987-03-01,98.04028
1987-03-02,83.181366
1987-03-03,78.40483
1987-03-04,88.965385
1987-03-05,100.00357
1987-03-06,123.989
1987-03-07,170.87599
1987-03-08,209.08496
1987-03-09,222.98584
1987-03-10,292.08893
1987-03-11,249.82129
1987-03-12,177.00403
1987-03-13,205.14694
1987-03-14,219.09827
1987-03-15,273.64355
1987-03-16,334.29422
1987-03-17,453.79453
1987-03-18,455.55423
1987-03-19,309.13098
1987-03-20,256.49957
1987-03-21,256.2061
1987-03-22,251.97154
1987-03-23,261.22488
1987-03-24,277.37723
1987-03-25,244.25807
1987-03-26,169.6248
1987-03-27,173.30336
1987-03-28,251.5022
1987-03-29,353.665
1987-03-30,413.92307
1987-03-31,440.6166
1987-04-01,464.74564
1987-04-02,460.61972
1987-04-03,607.74963
1987-04-04,638.0703
1987-04-05,509.07236
1987-04-06,447.4285
1987-04-07,462.7012
1987-04-08,368.01566
1987-04-09,340.8534
1987-04-10,297.95932
1987-04-11,281.38617
1987-04-12,272.1337
1987-04-13,265.74133
1987-04-14,213.54239
1987-04-15,166.66151
1987-04-16,140.74745
1987-04-17,128.22275
1987-04-18,128.46268
1987-04-19,179.33186
1987-04-20,241.15697
1987-04-21,211.41385
1987-04-22,208.47028
1987-04-23,227.9651
1987-04-24,251.56073
1987-04-25,294.91965
1987-04-26,324.37582
1987-04-27,362.3396
1987-04-28,406.42075
1987-04-29,428.38388
1987-04-30,396.87222
1987-05-01,355.5891
1987-05-02,525.9366
1987-05-03,824.306
1987-05-04,764.5093
1987-05-05,553.21295
1987-05-06,473.92136
1987-05-07,477.18396
1987-05-08,557.331
1987-05-09,657.36053
1987-05-10,518.3478
1987-05-11,518.8324
1987-05-12,509.31656
1987-05-13,362.13544
1987-05-14,281.87195
1987-05-15,336.91992
1987-05-16,421.30585
1987-05-17,442.6669
1987-05-18,450.56024
1987-05-19,479.73206
1987-05-20,488.98874
1987-05-21,415.52386
1987-05-22,426.008
1987-05-23,503.00446
1987-05-24,515.9798
1987-05-25,508.94174
1987-05-26,481.64954
1987-05-27,485.46564
1987-05-28,597.71545
1987-05-29,605.0155
1987-05-30,409.9631
1987-05-31,282.66486
1987-06-01,256.6184
1987-06-02,309.49658
1987-06-03,322.2524
1987-06-04,285.2662
1987-06-05,295.5496
1987-06-06,310.23822
1987-06-07,427.0384
1987-06-08,584.1807
1987-06-09,554.45636
1987-06-10,461.7451
1987-06-11,416.27032
1987-06-12,369.68488
1987-06-13,335.1348
1987-06-14,329.09906
1987-06-15,339.2293
1987-06-16,447.00208
1987-06-17,455.46426
1987-06-18,374.12753
1987-06-19,301.78522
1987-06-20,260.53656
1987-06-21,276.96484
1987-06-22,343.8474
1987-06-23,406.98605
1987-06-24,509.6317
1987-06-25,506.15866
1987-06-26,480.4945
1987-06-27,543.968
1987-06-28,445.27994
1987-06-29,485.04578
1987-06-30,417.52414
1987-07-01,333.417
1987-07-02,354.58463
1987-07-03,406.77606
1987-07-04,386.81378
1987-07-05,332.83597
1987-07-06,410.31384
1987-07-07,560.7799
1987-07-08,597.3736
1987-07-09,429.1608
1987-07-10,375.3148
1987-07-11,370.2044
1987-07-12,349.05325
1987-07-13,307.70358
1987-07-14,283.8399
1987-07-15,267.67807
1987-07-16,328.19846
1987-07-17,441.05862
1987-07-18,462.8683
1987-07-19,525.49854
1987-07-20,471.47537
1987-07-21,413.48584
1987-07-22,354.77905
1987-07-23,314.39288
1987-07-24,307.85855
1987-07-25,372.48422
1987-07-26,386.84546
1987-07-27,319.267
1987-07-28,295.61035
1987-07-29,260.158
1987-07-30,246.04265
1987-07-31,305.1385
1987-08-01,372.81647
1987-08-02,456.95557
1987-08-03,540.72076
1987-08-04,647.2264
1987-08-05,847.69025
1987-08-06,799.2329
1987-08-07,425.14816
1987-08-08,345.54083
1987-08-09,309.1012
1987-08-10,293.63425
1987-08-11,229.03377
1987-08-12,188.95207
1987-08-13,212.42447
1987-08-14,286.1489
1987-08-15,264.56174
1987-08-16,173.12943
1987-08-17,154.01175
1987-08-18,171.19543
1987-08-19,198.76146
1987-08-20,255.31183
1987-08-21,237.97821
1987-08-22,168.51643
1987-08-23,194.96437
1987-08-24,226.0653
1987-08-25,228.14517
1987-08-26,208.08644
1987-08-27,179.68602
1987-08-28,186.84923
1987-08-29,191.98694
1987-08-30,224.31064
1987-08-31,226.6063
1987-09-01,248.42696
1987-09-02,306.78397
1987-09-03,347.96332
1987-09-04,403.17847
1987-09-05,441.8578
1987-09-06,433.6258
1987-09-07,460.6511
1987-09-08,466.756
1987-09-09,308.24695
1987-09-10,257.2951
1987-09-11,222.78638
1987-09-12,186.28403
1987-09-13,175.91676
1987-09-14,201.16971
1987-09-15,244.14783
1987-09-16,287.39886
1987-09-17,348.78943
1987-09-18,237.19235
1987-09-19,154.00102
1987-09-20,139.38887
1987-09-21,133.46503
1987-09-22,164.95566
1987-09-23,172.27434
1987-09-24,203.11961
1987-09-25,286.27496
1987-09-26,374.2747
1987-09-27,401.3771
1987-09-28,311.94897
1987-09-29,211.97737
1987-09-30,241.85901
1987-10-01,336.54968
1987-10-02,483.31638
1987-10-03,537.4045
1987-10-04,625.19934
1987-10-05,733.2164
1987-10-06,630.8462
1987-10-07,608.51654
1987-10-08,540.6734
1987-10-09,456.93408
1987-10-10,445.1237
1987-10-11,504.4452
1987-10-12,540.31354
1987-10-13,466.52716
1987-10-14,419.27902
1987-10-15,484.50418
1987-10-16,671.635
1987-10-17,740.5388
1987-10-18,611.4817
1987-10-19,631.15485
1987-10-20,637.79626
1987-10-21,819.34393
1987-10-22,936.0851
1987-10-23,681.5426
1987-10-24,654.52277
1987-10-25,706.3193
1987-10-26,545.34955
1987-10-27,773.02094
1987-10-28,1143.1294
1987-10-29,905.9577
1987-10-30,1099.9772
1987-10-31,999.20605
1987-11-01,765.42596
1987-11-02,757.5549
1987-11-03,692.45435
1987-11-04,622.30963
1987-11-05,625.7125
1987-11-06,626.563
1987-11-07,615.86224
1987-11-08,569.8792
1987-11-09,383.4584
1987-11-10,271.08286
1987-11-11,246.27644
1987-11-12,227.79692
1987-11-13,207.18369
1987-11-14,220.2429
1987-11-15,249.94093
1987-11-16,251.65614
1987-11-17,208.02908
1987-11-18,193.31699
1987-11-19,185.95679
1987-11-20,214.68845
1987-11-21,308.8279
1987-11-22,383.21277
1987-11-23,513.7671
1987-11-24,572.08203
1987-11-25,373.52347
1987-11-26,311.38177
1987-11-27,297.74185
1987-11-28,296.22974
1987-11-29,312.8583
1987-11-30,267.71027
1987-12-01,276.52304
1987-12-02,302.9604
1987-12-03,336.238
1987-12-04,342.6206
1987-12-05,263.81805
1987-12-06,257.47256
1987-12-07,314.5507
1987-12-08,346.85565
1987-12-09,314.59366
1987-12-10,304.4273
1987-12-11,320.5947
1987-12-12,330.62802
1987-12-13,272.2665
1987-12-14,221.89381
1987-12-15,196.59454
1987-12-16,173.5272
1987-12-17,146.884
1987-12-18,133.77704
1987-12-19,124.025566
1987-12-20,119.08078
1987-12-21,130.23372
1987-12-22,144.50677
1987-12-23,128.6145
1987-12-24,107.45333
1987-12-25,101.95452
1987-12-26,97.34848
1987-12-27,94.12587
1987-12-28,92.988976
1987-12-29,97.53942
1987-12-30,106.55516
1987-12-31,120.113045
1988-01-01,125.857376
1988-01-02,112.71922
1988-01-03,105.50343
1988-01-04,93.644844
1988-01-05,87.5615
1988-01-06,83.645546
1988-01-07,82.41397
1988-01-08,78.97711
1988-01-09,80.27608
1988-01-10,85.70013
1988-01-11,81.86386
1988-01-12,74.18723
1988-01-13,70.03183
1988-01-14,70.90732
1988-01-15,62.860546
1988-01-16,62.154358
1988-01-17,97.17038
1988-01-18,141.7431
1988-01-19,142.99434
1988-01-20,150.79407
1988-01-21,142.00774
1988-01-22,146.57086
1988-01-23,97.78062
1988-01-24,90.40365
1988-01-25,71.35551
1988-01-26,70.40254
1988-01-27,85.96068
1988-01-28,78.70932
1988-01-29,64.20441
1988-01-30,90.99638
1988-01-31,132.15112
1988-02-01,166.64146
1988-02-02,170.99988
1988-02-03,129.39078
1988-02-04,124.914955
1988-02-05,114.9834
1988-02-06,168.1033
1988-02-07,249.72583
1988-02-08,295.27905
1988-02-09,390.91522
1988-02-10,414.15643
1988-02-11,447.7086
1988-02-12,392.63043
1988-02-13,293.18707
1988-02-14,342.65628
1988-02-15,368.20898
1988-02-16,257.6733
1988-02-17,192.71706
1988-02-18,130.23538
1988-02-19,85.02329
1988-02-20,70.803635
1988-02-21,70.445656
1988-02-22,68.17877
1988-02-23,92.92084
1988-02-24,113.509995
1988-02-25,94.4848
1988-02-26,115.842224
1988-02-27,183.72092
1988-02-28,244.3095
1988-02-29,214.01022
1988-03-01,162.867
1988-03-02,157.83072
1988-03-03,184.22067
1988-03-04,200.52942
1988-03-05,150.08057
1988-03-06,113.84962
1988-03-07,117.25547
1988-03-08,133.55873
1988-03-09,133.26517
1988-03-10,135.34026
1988-03-11,190.45795
1988-03-12,216.15982
1988-03-13,223.79962
1988-03-14,221.8665
1988-03-15,285.37857
1988-03-16,317.98715
1988-03-17,269.49475
1988-03-18,224.6471
1988-03-19,172.13998
1988-03-20,129.26642
1988-03-21,93.10636
1988-03-22,76.17781
1988-03-23,71.287926
1988-03-24,69.18325
1988-03-25,67.5676
1988-03-26,61.758682
1988-03-27,62.33635
1988-03-28,69.80066
1988-03-29,87.20256
1988-03-30,128.92853
1988-03-31,206.81342
1988-04-01,294.49197
1988-04-02,462.30054
1988-04-03,572.6158
1988-04-04,444.00415
1988-04-05,493.0613
1988-04-06,770.98047
1988-04-07,799.81213
1988-04-08,666.7819
1988-04-09,772.238
1988-04-10,743.49335
1988-04-11,668.10724
1988-04-12,589.4382
1988-04-13,722.85065
1988-04-14,1026.0643
1988-04-15,733.9905
1988-04-16,543.04016
1988-04-17,526.6037
1988-04-18,492.19553
1988-04-19,484.8098
1988-04-20,466.9581
1988-04-21,473.9944
1988-04-22,324.7835
1988-04-23,362.2686
1988-04-24,434.8503
1988-04-25,486.5256
1988-04-26,518.827
1988-04-27,438.02774
1988-04-28,749.4786
1988-04-29,1100.7742
1988-04-30,752.4181
1988-05-01,611.71716
1988-05-02,660.38135
1988-05-03,720.6392
1988-05-04,783.61487
1988-05-05,1324.4194
1988-05-06,1749.9927
1988-05-07,936.38934
1988-05-08,695.1139
1988-05-09,678.7582
1988-05-10,659.528
1988-05-11,576.0884
1988-05-12,541.9157
1988-05-13,366.82208
1988-05-14,409.64175
1988-05-15,512.3154
1988-05-16,519.4031
1988-05-17,892.31226
1988-05-18,1360.9036
1988-05-19,821.6053
1988-05-20,598.815
1988-05-21,460.11502
1988-05-22,404.87756
1988-05-23,358.816
1988-05-24,315.18167
1988-05-25,359.52847
1988-05-26,458.2649
1988-05-27,429.50208
1988-05-28,382.88245
1988-05-29,303.43283
1988-05-30,254.35052
1988-05-31,306.72574
1988-06-01,423.2383
1988-06-02,509.20526
1988-06-03,588.5179
1988-06-04,674.14667
1988-06-05,613.7076
1988-06-06,529.6596
1988-06-07,521.5246
1988-06-08,407.50845
1988-06-09,329.38297
1988-06-10,302.47318
1988-06-11,345.92935
1988-06-12,500.9903
1988-06-13,631.2487
1988-06-14,619.3625
1988-06-15,670.2772
1988-06-16,634.50415
1988-06-17,738.6912
1988-06-18,918.50867
1988-06-19,779.4477
1988-06-20,1053.0123
1988-06-21,954.15857
1988-06-22,706.87463
1988-06-23,581.4943
1988-06-24,436.39233
1988-06-25,529.6057
1988-06-26,802.50916
1988-06-27,979.85516
1988-06-28,834.7095
1988-06-29,586.09863
1988-06-30,530.403
1988-07-01,545.8454
1988-07-02,597.92365
1988-07-03,512.39575
1988-07-04,627.1332
1988-07-05,788.35156
1988-07-06,592.6642
1988-07-07,604.7905
1988-07-08,698.93195
1988-07-09,658.2238
1988-07-10,591.83875
1988-07-11,571.72
1988-07-12,645.4918
1988-07-13,760.81085
1988-07-14,770.5085
1988-07-15,794.44745
1988-07-16,798.2696
1988-07-17,729.12384
1988-07-18,761.0504
1988-07-19,784.7203
1988-07-20,523.5529
1988-07-21,460.05505
1988-07-22,442.76782
1988-07-23,463.75272
1988-07-24,461.5897
1988-07-25,498.48633
1988-07-26,663.55786
1988-07-27,703.7392
1988-07-28,755.834
1988-07-29,835.0742
1988-07-30,573.28577
1988-07-31,470.47156
1988-08-01,411.96997
1988-08-02,307.1997
1988-08-03,586.5821
1988-08-04,1293.6414
1988-08-05,1411.4015
1988-08-06,837.6389
1988-08-07,642.0395
1988-08-08,699.8107
1988-08-09,1096.3445
1988-08-10,1539.1167
1988-08-11,1146.2986
1988-08-12,902.64355
1988-08-13,847.6529
1988-08-14,1014.0216
1988-08-15,1161.09
1988-08-16,593.7734
1988-08-17,527.1932
1988-08-18,615.12787
1988-08-19,559.8632
1988-08-20,691.74066
1988-08-21,759.25977
1988-08-22,587.2549
1988-08-23,686.8382
1988-08-24,858.2285
1988-08-25,689.5856
1988-08-26,799.8856
1988-08-27,966.87
1988-08-28,810.4263
1988-08-29,717.6596
1988-08-30,572.10376
1988-08-31,534.93396
1988-09-01,544.2316
1988-09-02,609.9144
1988-09-03,708.205
1988-09-04,702.05646
1988-09-05,583.53815
1988-09-06,520.6623
1988-09-07,853.9472
1988-09-08,1199.3201
1988-09-09,968.7797
1988-09-10,951.5538
1988-09-11,817.84186
1988-09-12,712.30304
1988-09-13,705.0592
1988-09-14,714.67804
1988-09-15,720.18304
1988-09-16,729.92523
1988-09-17,617.7038
1988-09-18,519.3619
1988-09-19,531.1112
1988-09-20,521.7495
1988-09-21,523.1974
1988-09-22,549.9791
1988-09-23,513.0283
1988-09-24,422.66086
1988-09-25,433.98096
1988-09-26,420.67026
1988-09-27,350.49374
1988-09-28,306.69778
1988-09-29,296.49472
1988-09-30,324.62894
1988-10-01,384.29333
1988-10-02,415.20795
1988-10-03,390.36533
1988-10-04,382.52936
1988-10-05,409.89185
1988-10-06,497.39526
1988-10-07,428.38516
1988-10-08,366.91
1988-10-09,323.9837
1988-10-10,358.75107
1988-10-11,340.92844
1988-10-12,288.08514
1988-10-13,258.8232
1988-10-14,421.2804
1988-10-15,617.5033
1988-10-16,512.78986
1988-10-17,376.8407
1988-10-18,311.2521
1988-10-19,373.97058
1988-10-20,466.25626
1988-10-21,463.11624
1988-10-22,539.7124
1988-10-23,629.9508
1988-10-24,517.7736
1988-10-25,351.9266
1988-10-26,339.3939
1988-10-27,381.46414
1988-10-28,445.87515
1988-10-29,372.95813
1988-10-30,380.5693
1988-10-31,502.1522
1988-11-01,569.34204
1988-11-02,658.07104
1988-11-03,727.1717
1988-11-04,642.4568
1988-11-05,510.94037
1988-11-06,442.50546
1988-11-07,431.66855
1988-11-08,454.95734
1988-11-09,411.52295
1988-11-10,417.14395
1988-11-11,452.31958
1988-11-12,595.88574
1988-11-13,684.182
1988-11-14,543.88464
1988-11-15,461.42535
1988-11-16,481.03445
1988-11-17,550.93854
1988-11-18,635.7406
1988-11-19,652.3626
1988-11-20,597.1148
1988-11-21,461.19864
1988-11-22,448.3537
1988-11-23,576.8017
1988-11-24,716.7582
1988-11-25,619.5701
1988-11-26,580.69714
1988-11-27,804.66656
1988-11-28,724.8005
1988-11-29,466.71695
1988-11-30,366.60648
1988-12-01,419.33737
1988-12-02,510.33994
1988-12-03,382.9166
1988-12-04,348.88776
1988-12-05,397.7421
1988-12-06,410.45752
1988-12-07,414.83185
1988-12-08,492.03308
1988-12-09,565.03796
1988-12-10,558.7642
1988-12-11,535.24835
1988-12-12,420.4039
1988-12-13,308.99292
1988-12-14,261.69592
1988-12-15,240.84306
1988-12-16,249.12103
1988-12-17,261.8541
1988-12-18,214.63385
1988-12-19,185.81303
1988-12-20,195.24593
1988-12-21,201.0753
1988-12-22,166.87122
1988-12-23,160.68935
1988-12-24,182.30077
1988-12-25,209.282
1988-12-26,227.46933
1988-12-27,230.84941
1988-12-28,252.2385
1988-12-29,237.51566
1988-12-30,231.1496
1988-12-31,276.14874
1989-01-01,373.20264
1989-01-02,427.4093
1989-01-03,425.61078
1989-01-04,461.67673
1989-01-05,482.0769
1989-01-06,463.14514
1989-01-07,444.5377
1989-01-08,293.78772
1989-01-09,221.41573
1989-01-10,184.77116
1989-01-11,216.19499
1989-01-12,237.88464
1989-01-13,198.21419
1989-01-14,236.34889
1989-01-15,288.33768
1989-01-16,259.096
1989-01-17,246.34981
1989-01-18,237.92094
1989-01-19,242.3757
1989-01-20,265.36313
1989-01-21,311.63205
1989-01-22,357.74744
1989-01-23,344.36496
1989-01-24,311.2969
1989-01-25,244.44745
1989-01-26,202.94131
1989-01-27,196.93701
1989-01-28,195.58725
1989-01-29,187.5199
1989-01-30,199.96791
1989-01-31,201.66968
1989-02-01,174.15019
1989-02-02,177.53781
1989-02-03,190.58864
1989-02-04,279.42923
1989-02-05,341.17422
1989-02-06,271.00787
1989-02-07,275.7562
1989-02-08,283.8903
1989-02-09,327.59143
1989-02-10,283.90747
1989-02-11,218.73434
1989-02-12,188.54536
1989-02-13,200.38013
1989-02-14,227.57631
1989-02-15,179.96863
1989-02-16,187.66226
1989-02-17,239.04396
1989-02-18,231.94106
1989-02-19,147.52966
1989-02-20,162.44359
1989-02-21,232.28256
1989-02-22,251.72101
1989-02-23,206.43057
1989-02-24,238.61606
1989-02-25,324.3026
1989-02-26,364.43622
1989-02-27,386.2601
1989-02-28,347.6579
1989-03-01,314.47116
1989-03-02,254.33955
1989-03-03,207.92355
1989-03-04,202.27379
1989-03-05,247.174
1989-03-06,246.41855
1989-03-07,290.03015
1989-03-08,343.30685
1989-03-09,340.8858
1989-03-10,326.16342
1989-03-11,396.83047
1989-03-12,535.71356
1989-03-13,717.40283
1989-03-14,981.6594
1989-03-15,898.1441
1989-03-16,903.2763
1989-03-17,859.8839
1989-03-18,715.8492
1989-03-19,669.0981
1989-03-20,634.84216
1989-03-21,587.4629
1989-03-22,514.4181
1989-03-23,448.0975
1989-03-24,421.16797
1989-03-25,444.8688
1989-03-26,422.1396
1989-03-27,371.62567
1989-03-28,319.06757
1989-03-29,339.6713
1989-03-30,409.3896
1989-03-31,351.14203
1989-04-01,293.9356
1989-04-02,331.20297
1989-04-03,380.64963
1989-04-04,799.1758
1989-04-05,1011.01715
1989-04-06,712.7756
1989-04-07,520.60315
1989-04-08,375.70157
1989-04-09,276.06012
1989-04-10,257.2422
1989-04-11,223.14232
1989-04-12,214.18683
1989-04-13,207.56221
1989-04-14,199.83923
1989-04-15,256.01642
1989-04-16,304.05728
1989-04-17,317.65536
1989-04-18,272.191
1989-04-19,270.30173
1989-04-20,240.60617
1989-04-21,206.91939
1989-04-22,261.14566
1989-04-23,322.32767
1989-04-24,342.54874
1989-04-25,312.95642
1989-04-26,246.22285
1989-04-27,269.188
1989-04-28,343.82507
1989-04-29,341.97247
1989-04-30,379.97958
1989-05-01,403.33362
1989-05-02,334.31198
1989-05-03,299.80667
1989-05-04,458.09393
1989-05-05,653.2219
1989-05-06,711.9135
1989-05-07,603.94666
1989-05-08,615.22943
1989-05-09,736.15106
1989-05-10,917.1454
1989-05-11,798.91833
1989-05-12,738.60455
1989-05-13,753.5326
1989-05-14,814.501
1989-05-15,821.5066
1989-05-16,716.5358
1989-05-17,608.00995
1989-05-18,419.46255
1989-05-19,340.85156
1989-05-20,336.54553
1989-05-21,367.7041
1989-05-22,366.27313
1989-05-23,391.24918
1989-05-24,486.8007
1989-05-25,594.0339
1989-05-26,706.6028
1989-05-27,950.68463
1989-05-28,1098.8994
1989-05-29,775.59357
1989-05-30,702.7504
1989-05-31,613.8208
1989-06-01,511.226
1989-06-02,368.31592
1989-06-03,384.83316
1989-06-04,489.20648
1989-06-05,502.76276
1989-06-06,498.20285
1989-06-07,551.4388
1989-06-08,556.13635
1989-06-09,489.8913
1989-06-10,464.7319
1989-06-11,481.02628
1989-06-12,499.43347
1989-06-13,600.9252
1989-06-14,658.00055
1989-06-15,630.0113
1989-06-16,556.0
1989-06-17,480.83163
1989-06-18,348.42398
1989-06-19,302.43292
1989-06-20,356.88794
1989-06-21,471.7409
1989-06-22,444.15918
1989-06-23,414.2752
1989-06-24,513.3216
1989-06-25,629.9181
1989-06-26,554.96484
1989-06-27,502.95444
1989-06-28,615.082
1989-06-29,601.7523
1989-06-30,345.4269
1989-07-01,269.7746
1989-07-02,273.45053
1989-07-03,264.38083
1989-07-04,265.9693
1989-07-05,263.74564
1989-07-06,260.81473
1989-07-07,319.91052
1989-07-08,474.20825
1989-07-09,598.3741
1989-07-10,682.2003
1989-07-11,605.75903
1989-07-12,443.87335
1989-07-13,316.59482
1989-07-14,287.78305
1989-07-15,371.97366
1989-07-16,421.01477
1989-07-17,310.78268
1989-07-18,371.79984
1989-07-19,465.28964
1989-07-20,521.4111
1989-07-21,603.8777
1989-07-22,647.0755
1989-07-23,675.0662
1989-07-24,633.3797
1989-07-25,855.4968
1989-07-26,1071.7869
1989-07-27,748.2956
1989-07-28,652.17847
1989-07-29,409.72992
1989-07-30,317.09317
1989-07-31,288.11295
1989-08-01,274.91693
1989-08-02,250.81163
1989-08-03,256.80582
1989-08-04,257.9372
1989-08-05,279.97977
1989-08-06,330.1477
1989-08-07,338.88736
1989-08-08,379.31528
1989-08-09,386.63788
1989-08-10,285.08707
1989-08-11,304.81058
1989-08-12,371.41113
1989-08-13,335.9092
1989-08-14,332.84473
1989-08-15,351.53745
1989-08-16,352.26947
1989-08-17,336.95386
1989-08-18,316.35464
1989-08-19,258.0273
1989-08-20,216.91798
1989-08-21,219.68477
1989-08-22,232.06483
1989-08-23,253.98238
1989-08-24,265.68533
1989-08-25,268.2482
1989-08-26,274.43805
1989-08-27,228.94427
1989-08-28,211.83966
1989-08-29,240.76161
1989-08-30,282.40698
1989-08-31,378.56985
1989-09-01,460.7848
1989-09-02,330.41376
1989-09-03,259.624
1989-09-04,243.22852
1989-09-05,273.18982
1989-09-06,362.71573
1989-09-07,568.4091
1989-09-08,654.551
1989-09-09,516.2531
1989-09-10,440.73676
1989-09-11,355.14676
1989-09-12,326.92776
1989-09-13,349.29895
1989-09-14,336.5876
1989-09-15,297.26392
1989-09-16,254.7974
1989-09-17,196.29784
1989-09-18,187.33514
1989-09-19,389.40707
1989-09-20,563.5146
1989-09-21,409.617
1989-09-22,478.77664
1989-09-23,368.71277
1989-09-24,334.14536
1989-09-25,285.07086
1989-09-26,253.50006
1989-09-27,262.71393
1989-09-28,352.21387
1989-09-29,480.31158
1989-09-30,649.0809
1989-10-01,625.2066
1989-10-02,352.10886
1989-10-03,312.24713
1989-10-04,371.95654
1989-10-05,350.4722
1989-10-06,376.8128
1989-10-07,411.97742
1989-10-08,341.26117
1989-10-09,361.61102
1989-10-10,396.79855
1989-10-11,353.1621
1989-10-12,384.93433
1989-10-13,383.14514
1989-10-14,485.80054
1989-10-15,536.47546
1989-10-16,453.0204
1989-10-17,419.52466
1989-10-18,452.52777
1989-10-19,509.6154
1989-10-20,469.63052
1989-10-21,358.84244
1989-10-22,255.75253
1989-10-23,223.61292
1989-10-24,204.09912
1989-10-25,243.19312
1989-10-26,268.7929
1989-10-27,288.0215
1989-10-28,322.11832
1989-10-29,414.05902
1989-10-30,427.76434
1989-10-31,413.11725
1989-11-01,537.997
1989-11-02,626.1573
1989-11-03,552.1754
1989-11-04,464.29987
1989-11-05,407.45358
1989-11-06,407.58133
1989-11-07,489.11877
1989-11-08,552.6374
1989-11-09,634.1067
1989-11-10,484.06976
1989-11-11,489.5814
1989-11-12,579.7783
1989-11-13,902.5559
1989-11-14,1166.8628
1989-11-15,618.3424
1989-11-16,378.4594
1989-11-17,300.80426
1989-11-18,288.03036
1989-11-19,346.0922
1989-11-20,457.59015
1989-11-21,405.69946
1989-11-22,307.4491
1989-11-23,311.61563
1989-11-24,368.66125
1989-11-25,348.2533
1989-11-26,516.0779
1989-11-27,660.9389
1989-11-28,336.93695
1989-11-29,248.08414
1989-11-30,259.9724
1989-12-01,268.31418
1989-12-02,350.30832
1989-12-03,412.30524
1989-12-04,468.8334
1989-12-05,389.57733
1989-12-06,375.2181
1989-12-07,385.54987
1989-12-08,356.04825
1989-12-09,271.55847
1989-12-10,211.89621
1989-12-11,214.11357
1989-12-12,244.25003
1989-12-13,205.08017
1989-12-14,159.64587
1989-12-15,139.51001
1989-12-16,133.83878
1989-12-17,127.541435
1989-12-18,116.88483
1989-12-19,113.167244
1989-12-20,109.745415
1989-12-21,105.106895
1989-12-22,104.06229
1989-12-23,100.14498
1989-12-24,96.29332
1989-12-25,101.00482
1989-12-26,135.1834
1989-12-27,203.21394
1989-12-28,264.65176
1989-12-29,235.32503
1989-12-30,204.03622
1989-12-31,188.75385
1990-01-01,157.62947
1990-01-02,139.10667
1990-01-03,158.93951
1990-01-04,176.41379
1990-01-05,213.02824
1990-01-06,226.3749
1990-01-07,212.08661
1990-01-08,257.50198
1990-01-09,329.4744
1990-01-10,300.94174
1990-01-11,249.41887
1990-01-12,183.64102
1990-01-13,134.32947
1990-01-14,166.89189
1990-01-15,216.3287
1990-01-16,262.69034
1990-01-17,245.53539
1990-01-18,186.28813
1990-01-19,158.79251
1990-01-20,134.72272
1990-01-21,139.93048
1990-01-22,193.84389
1990-01-23,260.77322
1990-01-24,371.88724
1990-01-25,321.3697
1990-01-26,178.97253
1990-01-27,142.40819
1990-01-28,163.06187
1990-01-29,230.61143
1990-01-30,199.37508
1990-01-31,142.3664
1990-02-01,117.00456
1990-02-02,117.671234
1990-02-03,108.22237
1990-02-04,119.4935
1990-02-05,159.1921
1990-02-06,264.1806
1990-02-07,402.49942
1990-02-08,303.17493
1990-02-09,262.0105
1990-02-10,262.09973
1990-02-11,221.01923
1990-02-12,186.27087
1990-02-13,207.32288
1990-02-14,212.15187
1990-02-15,131.78009
1990-02-16,121.1595
1990-02-17,144.19655
1990-02-18,147.00575
1990-02-19,146.07076
1990-02-20,131.4055
1990-02-21,179.20557
1990-02-22,257.87286
1990-02-23,294.22983
1990-02-24,281.78284
1990-02-25,239.00761
1990-02-26,181.93721
1990-02-27,149.56012
1990-02-28,153.42683
1990-03-01,106.20591
1990-03-02,92.8441
1990-03-03,110.07709
1990-03-04,214.8361
1990-03-05,326.679
1990-03-06,310.76608
1990-03-07,354.7773
1990-03-08,276.9666
1990-03-09,217.75601
1990-03-10,191.97641
1990-03-11,190.49634
1990-03-12,295.3416
1990-03-13,329.21567
1990-03-14,249.03546
1990-03-15,218.8023
1990-03-16,212.89233
1990-03-17,238.61562
1990-03-18,260.30447
1990-03-19,304.00858
1990-03-20,331.70593
1990-03-21,350.0171
1990-03-22,368.64145
1990-03-23,347.56033
1990-03-24,334.71432
1990-03-25,329.2384
1990-03-26,427.3175
1990-03-27,474.25278
1990-03-28,440.46793
1990-03-29,384.11563
1990-03-30,293.36566
1990-03-31,228.74208
1990-04-01,196.70908
1990-04-02,229.18498
1990-04-03,284.94696
1990-04-04,416.93802
1990-04-05,544.99677
1990-04-06,603.5808
1990-04-07,768.9953
1990-04-08,612.12854
1990-04-09,419.9367
1990-04-10,279.58685
1990-04-11,208.86247
1990-04-12,196.72137
1990-04-13,214.31647
1990-04-14,248.52068
1990-04-15,334.33032
1990-04-16,498.99637
1990-04-17,578.4777
1990-04-18,481.16684
1990-04-19,450.56262
1990-04-20,452.36636
1990-04-21,408.9212
1990-04-22,403.24997
1990-04-23,391.79904
1990-04-24,424.00455
1990-04-25,496.26825
1990-04-26,662.3942
1990-04-27,856.84985
1990-04-28,939.87744
1990-04-29,924.7312
1990-04-30,1067.9276
1990-05-01,882.3678
1990-05-02,724.4797
1990-05-03,772.6527
1990-05-04,866.35345
1990-05-05,865.0188
1990-05-06,1001.9611
1990-05-07,1087.4602
1990-05-08,880.5156
1990-05-09,637.9171
1990-05-10,536.3669
1990-05-11,422.28595
1990-05-12,414.7898
1990-05-13,403.01105
1990-05-14,449.4939
1990-05-15,557.3002
1990-05-16,510.85556
1990-05-17,423.1265
1990-05-18,355.92697
1990-05-19,361.1382
1990-05-20,423.71075
1990-05-21,478.58652
1990-05-22,450.41492
1990-05-23,425.21664
1990-05-24,547.19135
1990-05-25,621.15015
1990-05-26,659.6957
1990-05-27,873.60675
1990-05-28,921.67194
1990-05-29,608.3592
1990-05-30,474.23514
1990-05-31,429.82706
1990-06-01,368.1814
1990-06-02,368.8607
1990-06-03,363.23077
1990-06-04,383.53857
1990-06-05,321.60693
1990-06-06,312.03833
1990-06-07,382.62708
1990-06-08,334.55374
1990-06-09,286.90625
1990-06-10,281.93283
1990-06-11,403.05487
1990-06-12,551.73236
1990-06-13,612.5729
1990-06-14,533.75085
1990-06-15,495.3337
1990-06-16,463.0938
1990-06-17,524.0537
1990-06-18,676.89215
1990-06-19,669.7763
1990-06-20,452.18124
1990-06-21,339.1058
1990-06-22,323.02213
1990-06-23,350.93228
1990-06-24,360.82162
1990-06-25,360.28674
1990-06-26,335.37387
1990-06-27,317.5582
1990-06-28,282.17175
1990-06-29,366.53586
1990-06-30,435.3023
1990-07-01,371.7505
1990-07-02,384.5393
1990-07-03,402.64703
1990-07-04,440.46075
1990-07-05,321.78717
1990-07-06,348.63672
1990-07-07,502.77823
1990-07-08,521.8954
1990-07-09,340.74536
1990-07-10,285.41736
1990-07-11,278.07544
1990-07-12,284.1805
1990-07-13,327.80298
1990-07-14,328.75183
1990-07-15,328.4275
1990-07-16,388.8402
1990-07-17,452.31598
1990-07-18,418.56064
1990-07-19,418.5214
1990-07-20,425.40744
1990-07-21,349.63272
1990-07-22,272.29874
1990-07-23,279.34012
1990-07-24,282.33893
1990-07-25,288.52673
1990-07-26,270.71298
1990-07-27,284.97748
1990-07-28,278.58102
1990-07-29,307.57632
1990-07-30,370.7598
1990-07-31,387.65686
1990-08-01,387.62607
1990-08-02,384.60342
1990-08-03,281.8781
1990-08-04,347.4714
1990-08-05,491.2418
1990-08-06,466.5548
1990-08-07,314.76996
1990-08-08,272.99493
1990-08-09,321.3617
1990-08-10,373.38647
1990-08-11,417.23898
1990-08-12,489.1327
1990-08-13,459.58914
1990-08-14,553.2385
1990-08-15,639.6368
1990-08-16,555.22034
1990-08-17,517.3524
1990-08-18,488.36548
1990-08-19,368.47815
1990-08-20,308.63254
1990-08-21,263.4238
1990-08-22,255.32104
1990-08-23,246.7761
1990-08-24,223.0522
1990-08-25,218.38516
1990-08-26,269.0383
1990-08-27,326.18658
1990-08-28,294.98398
1990-08-29,366.60764
1990-08-30,542.2103
1990-08-31,420.13782
1990-09-01,331.88657
1990-09-02,249.66196
1990-09-03,216.53722
1990-09-04,248.74811
1990-09-05,257.10727
1990-09-06,176.20753
1990-09-07,164.6754
1990-09-08,175.89864
1990-09-09,168.49962
1990-09-10,181.98474
1990-09-11,246.85077
1990-09-12,262.9101
1990-09-13,188.65828
1990-09-14,170.3619
1990-09-15,164.96634
1990-09-16,207.32617
1990-09-17,255.27812
1990-09-18,199.8905
1990-09-19,161.12732
1990-09-20,157.4176
1990-09-21,183.73856
1990-09-22,201.4274
1990-09-23,225.14027
1990-09-24,280.02313
1990-09-25,355.2432
1990-09-26,272.80936
1990-09-27,213.00798
1990-09-28,197.31729
1990-09-29,172.24971
1990-09-30,173.81165
1990-10-01,194.29115
1990-10-02,192.4436
1990-10-03,195.23158
1990-10-04,203.85411
1990-10-05,233.37503
1990-10-06,228.60272
1990-10-07,296.2165
1990-10-08,388.2866
1990-10-09,564.71857
1990-10-10,713.07263
1990-10-11,464.10602
1990-10-12,416.73495
1990-10-13,450.76907
1990-10-14,481.80078
1990-10-15,418.94748
1990-10-16,303.63895
1990-10-17,294.4672
1990-10-18,287.641
1990-10-19,269.00204
1990-10-20,280.1288
1990-10-21,338.71576
1990-10-22,393.9121
1990-10-23,451.9692
1990-10-24,467.1051
1990-10-25,424.76108
1990-10-26,458.2014
1990-10-27,484.70782
1990-10-28,572.56335
1990-10-29,583.46313
1990-10-30,486.52304
1990-10-31,574.83575
1990-11-01,712.5905
1990-11-02,675.8254
1990-11-03,601.953
1990-11-04,786.91296
1990-11-05,800.1211
1990-11-06,475.1882
1990-11-07,453.53436
1990-11-08,410.20032
1990-11-09,353.89206
1990-11-10,387.49237
1990-11-11,350.6891
1990-11-12,314.6446
1990-11-13,281.00247
1990-11-14,270.56854
1990-11-15,252.0921
1990-11-16,261.66132
1990-11-17,311.5957
1990-11-18,278.67795
1990-11-19,303.66144
1990-11-20,378.65967
1990-11-21,412.2066
1990-11-22,395.0453
1990-11-23,324.73502
1990-11-24,307.5807
1990-11-25,330.16736
1990-11-26,320.49738
1990-11-27,306.45682
1990-11-28,319.39014
1990-11-29,341.16983
1990-11-30,336.04617
1990-12-01,329.8571
1990-12-02,295.32816
1990-12-03,247.65007
1990-12-04,297.80347
1990-12-05,442.22083
1990-12-06,936.2131
1990-12-07,1422.5887
1990-12-08,760.1978
1990-12-09,497.7165
1990-12-10,437.83157
1990-12-11,368.3428
1990-12-12,294.65906
1990-12-13,284.34872
1990-12-14,222.81248
1990-12-15,163.65231
1990-12-16,158.41884
1990-12-17,153.65443
1990-12-18,167.04326
1990-12-19,195.41359
1990-12-20,165.13538
1990-12-21,149.2144
1990-12-22,149.23013
1990-12-23,126.47248
1990-12-24,113.26887
1990-12-25,112.78424
1990-12-26,128.6254
1990-12-27,154.20268
1990-12-28,171.17062
1990-12-29,216.46275
1990-12-30,277.65988
1990-12-31,256.79214
1991-01-01,304.73837
1991-01-02,319.47433
1991-01-03,349.17453
1991-01-04,312.38834
1991-01-05,252.85454
1991-01-06,176.59201
1991-01-07,168.84914
1991-01-08,205.35408
1991-01-09,187.53018
1991-01-10,156.36494
1991-01-11,129.93007
1991-01-12,112.9605
1991-01-13,139.62888
1991-01-14,189.54857
1991-01-15,309.45212
1991-01-16,358.01822
1991-01-17,180.16953
1991-01-18,195.94583
1991-01-19,239.97318
1991-01-20,188.48131
1991-01-21,131.17918
1991-01-22,152.30724
1991-01-23,188.16914
1991-01-24,188.80789
1991-01-25,97.70745
1991-01-26,82.46091
1991-01-27,78.63491
1991-01-28,75.75965
1991-01-29,81.60225
1991-01-30,88.10761
1991-01-31,80.67515
1991-02-01,77.23752
1991-02-02,85.965
1991-02-03,87.62259
1991-02-04,88.213264
1991-02-05,114.82998
1991-02-06,126.511375
1991-02-07,118.41731
1991-02-08,117.86
1991-02-09,176.61398
1991-02-10,234.76944
1991-02-11,155.38591
1991-02-12,123.11138
1991-02-13,102.19356
1991-02-14,104.26906
1991-02-15,129.20491
1991-02-16,152.10744
1991-02-17,162.06978
1991-02-18,171.59583
1991-02-19,179.05545
1991-02-20,194.25554
1991-02-21,214.68558
1991-02-22,205.7779
1991-02-23,185.18999
1991-02-24,202.12456
1991-02-25,195.2668
1991-02-26,166.68729
1991-02-27,209.76
1991-02-28,268.29346
1991-03-01,295.0015
1991-03-02,290.70764
1991-03-03,242.43692
1991-03-04,204.38792
1991-03-05,238.18445
1991-03-06,314.55576
1991-03-07,380.08557
1991-03-08,394.44775
1991-03-09,480.0761
1991-03-10,504.04352
1991-03-11,408.37167
1991-03-12,372.78876
1991-03-13,437.94037
1991-03-14,557.08026
1991-03-15,583.22925
1991-03-16,477.44293
1991-03-17,385.0452
1991-03-18,263.84552
1991-03-19,229.29749
1991-03-20,236.88303
1991-03-21,207.05313
1991-03-22,175.73254
1991-03-23,135.9134
1991-03-24,129.719
1991-03-25,170.19394
1991-03-26,274.35037
1991-03-27,412.86627
1991-03-28,390.34134
1991-03-29,338.6141
1991-03-30,302.6243
1991-03-31,246.56454
1991-04-01,192.51451
1991-04-02,172.93414
1991-04-03,156.86775
1991-04-04,138.84003
1991-04-05,164.5893
1991-04-06,194.97337
1991-04-07,252.60782
1991-04-08,432.8429
1991-04-09,534.17267
1991-04-10,631.7176
1991-04-11,890.2949
1991-04-12,1025.948
1991-04-13,1488.3418
1991-04-14,1426.7457
1991-04-15,808.8898
1991-04-16,673.2688
1991-04-17,620.2968
1991-04-18,636.88495
1991-04-19,538.728
1991-04-20,495.8871
1991-04-21,551.64575
1991-04-22,551.3
1991-04-23,579.5408
1991-04-24,650.5886
1991-04-25,680.139
1991-04-26,470.3998
1991-04-27,324.8526
1991-04-28,304.4575
1991-04-29,370.4579
1991-04-30,396.15887
1991-05-01,916.1541
1991-05-02,1578.0282
1991-05-03,930.1133
1991-05-04,669.29346
1991-05-05,601.5634
1991-05-06,830.6942
1991-05-07,844.0895
1991-05-08,666.57697
1991-05-09,551.1869
1991-05-10,537.04346
1991-05-11,616.16296
1991-05-12,827.4417
1991-05-13,944.382
1991-05-14,749.2453
1991-05-15,534.1981
1991-05-16,449.02103
1991-05-17,481.18884
1991-05-18,594.67065
1991-05-19,539.4717
1991-05-20,500.30325
1991-05-21,514.90936
1991-05-22,785.34845
1991-05-23,1119.183
1991-05-24,985.07245
1991-05-25,897.8125
1991-05-26,790.91174
1991-05-27,632.5127
1991-05-28,520.10077
1991-05-29,402.1678
1991-05-30,365.3301
1991-05-31,365.0331
1991-06-01,411.78702
1991-06-02,578.27203
1991-06-03,785.09955
1991-06-04,708.9414
1991-06-05,418.87894
1991-06-06,346.42294
1991-06-07,392.19754
1991-06-08,371.661
1991-06-09,352.21228
1991-06-10,372.50964
1991-06-11,376.58096
1991-06-12,395.45508
1991-06-13,408.93973
1991-06-14,514.1499
1991-06-15,522.1736
1991-06-16,548.5863
1991-06-17,603.4523
1991-06-18,791.7427
1991-06-19,950.55994
1991-06-20,902.943
1991-06-21,807.8406
1991-06-22,681.62854
1991-06-23,539.3246
1991-06-24,441.5097
1991-06-25,456.7372
1991-06-26,414.8969
1991-06-27,409.4236
1991-06-28,470.6267
1991-06-29,564.83514
1991-06-30,622.0274
1991-07-01,650.98376
1991-07-02,675.1886
1991-07-03,939.12836
1991-07-04,1134.2611
1991-07-05,730.5241
1991-07-06,758.47455
1991-07-07,868.3825
1991-07-08,699.364
1991-07-09,646.67
1991-07-10,647.6462
1991-07-11,626.0713
1991-07-12,541.25476
1991-07-13,501.20184
1991-07-14,450.004
1991-07-15,533.62366
1991-07-16,640.0027
1991-07-17,676.0484
1991-07-18,772.23267
1991-07-19,697.53015
1991-07-20,574.53046
1991-07-21,472.15155
1991-07-22,360.58078
1991-07-23,333.51102
1991-07-24,331.97733
1991-07-25,310.40646
1991-07-26,348.44974
1991-07-27,378.9622
1991-07-28,358.85052
1991-07-29,325.32285
1991-07-30,387.39883
1991-07-31,456.8417
1991-08-01,437.28152
1991-08-02,555.2685
1991-08-03,688.70013
1991-08-04,626.3249
1991-08-05,620.74225
1991-08-06,608.9766
1991-08-07,486.8206
1991-08-08,410.23343
1991-08-09,525.0965
1991-08-10,588.9714
1991-08-11,466.63983
1991-08-12,375.77448
1991-08-13,322.80542
1991-08-14,309.41385
1991-08-15,346.62735
1991-08-16,383.8923
1991-08-17,339.8994
1991-08-18,320.46057
1991-08-19,383.45554
1991-08-20,502.4415
1991-08-21,567.86804
1991-08-22,617.81946
1991-08-23,522.3602
1991-08-24,374.1793
1991-08-25,310.015
1991-08-26,290.97076
1991-08-27,285.1099
1991-08-28,235.73322
1991-08-29,251.27806
1991-08-30,350.40768
1991-08-31,389.17792
1991-09-01,308.57523
1991-09-02,300.26944
1991-09-03,320.0015
1991-09-04,303.74127
1991-09-05,319.58148
1991-09-06,313.53043
1991-09-07,281.41046
1991-09-08,308.6985
1991-09-09,297.63608
1991-09-10,246.51794
1991-09-11,253.03622
1991-09-12,277.30695
1991-09-13,223.36386
1991-09-14,197.79738
1991-09-15,197.45888
1991-09-16,223.14494
1991-09-17,333.12317
1991-09-18,463.88715
1991-09-19,456.03638
1991-09-20,380.95663
1991-09-21,431.94345
1991-09-22,599.5805
1991-09-23,780.4354
1991-09-24,705.52386
1991-09-25,524.5716
1991-09-26,536.2224
1991-09-27,471.31516
1991-09-28,410.397
1991-09-29,372.07507
1991-09-30,314.88574
1991-10-01,284.48264
1991-10-02,279.2228
1991-10-03,278.76965
1991-10-04,285.25583
1991-10-05,256.96582
1991-10-06,208.69339
1991-10-07,256.1435
1991-10-08,317.50262
1991-10-09,332.33414
1991-10-10,453.94946
1991-10-11,622.49774
1991-10-12,598.8734
1991-10-13,450.42133
1991-10-14,385.45596
1991-10-15,410.5115
1991-10-16,358.6877
1991-10-17,329.656
1991-10-18,345.40463
1991-10-19,404.9461
1991-10-20,476.81454
1991-10-21,378.85623
1991-10-22,260.20566
1991-10-23,206.7237
1991-10-24,195.7434
1991-10-25,177.78026
1991-10-26,172.76863
1991-10-27,189.19157
1991-10-28,239.8967
1991-10-29,280.5305
1991-10-30,292.59116
1991-10-31,308.34265
1991-11-01,300.40387
1991-11-02,333.51273
1991-11-03,359.11954
1991-11-04,315.3536
1991-11-05,352.85162
1991-11-06,444.33978
1991-11-07,370.9536
1991-11-08,382.70502
1991-11-09,350.8499
1991-11-10,379.6756
1991-11-11,541.78754
1991-11-12,625.0004
1991-11-13,468.7509
1991-11-14,374.77145
1991-11-15,321.35748
1991-11-16,320.29306
1991-11-17,485.85336
1991-11-18,641.67145
1991-11-19,562.5092
1991-11-20,428.52615
1991-11-21,377.57892
1991-11-22,528.5205
1991-11-23,712.5349
1991-11-24,606.0983
1991-11-25,611.9102
1991-11-26,492.86615
1991-11-27,458.91086
1991-11-28,461.44766
1991-11-29,563.222
1991-11-30,594.3357
1991-12-01,566.54504
1991-12-02,651.03687
1991-12-03,385.15836
1991-12-04,364.7777
1991-12-05,342.76038
1991-12-06,335.16458
1991-12-07,350.0194
1991-12-08,341.01025
1991-12-09,296.10577
1991-12-10,255.70213
1991-12-11,260.6103
1991-12-12,248.76108
1991-12-13,230.8866
1991-12-14,205.86923
1991-12-15,191.79921
1991-12-16,187.96529
1991-12-17,188.38977
1991-12-18,216.75554
1991-12-19,246.20387
1991-12-20,308.9638
1991-12-21,329.41608
1991-12-22,297.4904
1991-12-23,261.11035
1991-12-24,213.87157
1991-12-25,184.44211
1991-12-26,163.26575
1991-12-27,149.02283
1991-12-28,149.4336
1991-12-29,156.13597
1991-12-30,165.5868
1991-12-31,145.44391
1992-01-01,126.954994
1992-01-02,114.85862
1992-01-03,112.83439
1992-01-04,124.11941
1992-01-05,139.93646
1992-01-06,137.23904
1992-01-07,193.22845
1992-01-08,242.2648
1992-01-09,189.23729
1992-01-10,136.18376
1992-01-11,102.7734
1992-01-12,85.63765
1992-01-13,85.65403
1992-01-14,92.978386
1992-01-15,94.32711
1992-01-16,112.60165
1992-01-17,114.33284
1992-01-18,89.60362
1992-01-19,71.68924
1992-01-20,68.78087
1992-01-21,68.52196
1992-01-22,79.065315
1992-01-23,94.834946
1992-01-24,101.61948
1992-01-25,130.3301
1992-01-26,182.75708
1992-01-27,208.37593
1992-01-28,180.03366
1992-01-29,128.85353
1992-01-30,115.390686
1992-01-31,105.12693
1992-02-01,114.183105
1992-02-02,133.13159
1992-02-03,147.56442
1992-02-04,103.362144
1992-02-05,87.969215
1992-02-06,87.66901
1992-02-07,104.26115
1992-02-08,106.584564
1992-02-09,109.726585
1992-02-10,148.20552
1992-02-11,200.48494
1992-02-12,250.06628
1992-02-13,328.18005
1992-02-14,342.48727
1992-02-15,227.93146
1992-02-16,147.58978
1992-02-17,128.34042
1992-02-18,115.44931
1992-02-19,96.10976
1992-02-20,107.964455
1992-02-21,121.03168
1992-02-22,151.65921
1992-02-23,189.13344
1992-02-24,210.99237
1992-02-25,285.5991
1992-02-26,290.41046
1992-02-27,192.7637
1992-02-28,204.40315
1992-02-29,184.65071
1992-03-01,167.39433
1992-03-02,194.82735
1992-03-03,291.6435
1992-03-04,280.89093
1992-03-05,179.18425
1992-03-06,174.90901
1992-03-07,188.64899
1992-03-08,204.01297
1992-03-09,200.26138
1992-03-10,247.43404
1992-03-11,267.3572
1992-03-12,214.85748
1992-03-13,175.38216
1992-03-14,187.36237
1992-03-15,188.92165
1992-03-16,212.72726
1992-03-17,204.6494
1992-03-18,180.0811
1992-03-19,140.0293
1992-03-20,141.48477
1992-03-21,152.51085
1992-03-22,159.64386
1992-03-23,171.40508
1992-03-24,167.06624
1992-03-25,109.66608
1992-03-26,88.93907
1992-03-27,87.33459
1992-03-28,101.172134
1992-03-29,125.27408
1992-03-30,156.50949
1992-03-31,161.08218
1992-04-01,164.05914
1992-04-02,238.0235
1992-04-03,261.3478
1992-04-04,211.84483
1992-04-05,162.60448
1992-04-06,167.30293
1992-04-07,215.78523
1992-04-08,239.05516
1992-04-09,201.5887
1992-04-10,127.43938
1992-04-11,125.444855
1992-04-12,148.45927
1992-04-13,166.50468
1992-04-14,161.23672
1992-04-15,125.73788
1992-04-16,130.87456
1992-04-17,226.40196
1992-04-18,337.75858
1992-04-19,299.46597
1992-04-20,307.23035
1992-04-21,397.9458
1992-04-22,512.76776
1992-04-23,485.81232
1992-04-24,643.8688
1992-04-25,551.77637
1992-04-26,478.4907
1992-04-27,558.4826
1992-04-28,724.0088
1992-04-29,741.5934
1992-04-30,848.2416
1992-05-01,1008.6726
1992-05-02,890.1014
1992-05-03,576.43555
1992-05-04,378.13367
1992-05-05,319.33682
1992-05-06,319.3056
1992-05-07,409.32495
1992-05-08,533.19226
1992-05-09,635.9327
1992-05-10,620.46234
1992-05-11,407.85852
1992-05-12,276.66647
1992-05-13,328.6326
1992-05-14,383.57443
1992-05-15,341.7134
1992-05-16,450.78934
1992-05-17,611.92267
1992-05-18,566.5716
1992-05-19,541.4515
1992-05-20,548.6968
1992-05-21,559.06525
1992-05-22,581.35693
1992-05-23,631.65765
1992-05-24,483.1557
1992-05-25,473.98544
1992-05-26,471.7458
1992-05-27,326.83646
1992-05-28,284.5767
1992-05-29,331.63025
1992-05-30,354.82635
1992-05-31,376.20718
1992-06-01,365.6713
1992-06-02,310.5063
1992-06-03,366.74347
1992-06-04,432.26297
1992-06-05,544.40393
1992-06-06,529.0307
1992-06-07,354.60767
1992-06-08,257.41934
1992-06-09,232.50562
1992-06-10,310.69894
1992-06-11,398.53952
1992-06-12,371.62964
1992-06-13,403.72147
1992-06-14,519.3213
1992-06-15,537.94354
1992-06-16,326.0308
1992-06-17,230.08633
1992-06-18,255.92491
1992-06-19,339.55478
1992-06-20,463.267
1992-06-21,604.76416
1992-06-22,598.10516
1992-06-23,568.66846
1992-06-24,400.21967
1992-06-25,305.44275
1992-06-26,312.16025
1992-06-27,348.24316
1992-06-28,381.05905
1992-06-29,444.69434
1992-06-30,479.3943
1992-07-01,422.70505
1992-07-02,304.02057
1992-07-03,258.93735
1992-07-04,311.835
1992-07-05,435.9648
1992-07-06,475.84085
1992-07-07,447.00726
1992-07-08,477.43314
1992-07-09,556.9884
1992-07-10,535.3432
1992-07-11,553.67334
1992-07-12,623.4245
1992-07-13,589.29297
1992-07-14,699.90796
1992-07-15,823.8574
1992-07-16,595.50256
1992-07-17,483.43646
1992-07-18,424.03238
1992-07-19,327.897
1992-07-20,278.79468
1992-07-21,266.4849
1992-07-22,320.34476
1992-07-23,426.28265
1992-07-24,465.18533
1992-07-25,441.8806
1992-07-26,481.03217
1992-07-27,542.01245
1992-07-28,521.1822
1992-07-29,510.66547
1992-07-30,530.34705
1992-07-31,627.61676
1992-08-01,764.6644
1992-08-02,543.10974
1992-08-03,450.72833
1992-08-04,464.52487
1992-08-05,361.89175
1992-08-06,297.6928
1992-08-07,312.0724
1992-08-08,344.04156
1992-08-09,321.09247
1992-08-10,300.23444
1992-08-11,389.8547
1992-08-12,520.1018
1992-08-13,506.9471
1992-08-14,552.4891
1992-08-15,562.504
1992-08-16,423.99017
1992-08-17,411.28958
1992-08-18,471.83694
1992-08-19,452.63037
1992-08-20,331.1627
1992-08-21,295.0509
1992-08-22,263.292
1992-08-23,205.62044
1992-08-24,218.46104
1992-08-25,237.71095
1992-08-26,196.01073
1992-08-27,175.91396
1992-08-28,172.84265
1992-08-29,172.1432
1992-08-30,209.09546
1992-08-31,299.17825
1992-09-01,336.65378
1992-09-02,296.24368
1992-09-03,232.99998
1992-09-04,200.3766
1992-09-05,193.71333
1992-09-06,216.78116
1992-09-07,195.41356
1992-09-08,206.87915
1992-09-09,266.8085
1992-09-10,339.75684
1992-09-11,232.57999
1992-09-12,161.34091
1992-09-13,137.38426
1992-09-14,117.67203
1992-09-15,163.35707
1992-09-16,275.73245
1992-09-17,388.7825
1992-09-18,386.49417
1992-09-19,301.2984
1992-09-20,311.1844
1992-09-21,269.4629
1992-09-22,227.41235
1992-09-23,329.7576
1992-09-24,418.30215
1992-09-25,378.68015
1992-09-26,387.6051
1992-09-27,419.55118
1992-09-28,484.7495
1992-09-29,477.73096
1992-09-30,303.83163
1992-10-01,243.77332
1992-10-02,255.21796
1992-10-03,263.7152
1992-10-04,275.00604
1992-10-05,268.5917
1992-10-06,234.1529
1992-10-07,303.13354
1992-10-08,385.7549
1992-10-09,381.39078
1992-10-10,768.2915
1992-10-11,1120.9402
1992-10-12,781.0827
1992-10-13,558.0398
1992-10-14,407.289
1992-10-15,299.57547
1992-10-16,242.47801
1992-10-17,213.34074
1992-10-18,219.75592
1992-10-19,246.07234
1992-10-20,297.2555
1992-10-21,364.6447
1992-10-22,357.67694
1992-10-23,273.6319
1992-10-24,269.19586
1992-10-25,350.04932
1992-10-26,366.5169
1992-10-27,271.641
1992-10-28,190.25363
1992-10-29,207.50674
1992-10-30,245.55815
1992-10-31,224.07559
1992-11-01,179.8303
1992-11-02,161.63794
1992-11-03,149.71272
1992-11-04,144.95114
1992-11-05,138.31422
1992-11-06,136.06996
1992-11-07,180.65012
1992-11-08,310.06165
1992-11-09,387.43008
1992-11-10,229.80959
1992-11-11,149.18106
1992-11-12,143.30678
1992-11-13,204.19142
1992-11-14,276.8572
1992-11-15,335.29816
1992-11-16,322.35318
1992-11-17,271.36023
1992-11-18,275.43167
1992-11-19,328.61517
1992-11-20,346.08432
1992-11-21,279.28708
1992-11-22,304.6638
1992-11-23,312.67145
1992-11-24,323.87048
1992-11-25,435.5624
1992-11-26,325.68292
1992-11-27,383.45596
1992-11-28,400.73367
1992-11-29,362.30383
1992-11-30,349.83774
1992-12-01,460.98062
1992-12-02,716.3151
1992-12-03,794.76855
1992-12-04,501.7849
1992-12-05,620.94794
1992-12-06,708.91284
1992-12-07,574.9788
1992-12-08,587.8168
1992-12-09,446.82236
1992-12-10,359.9836
1992-12-11,383.25766
1992-12-12,435.50296
1992-12-13,469.6065
1992-12-14,426.65387
1992-12-15,377.8563
1992-12-16,349.31192
1992-12-17,305.74414
1992-12-18,305.34323
1992-12-19,336.24817
1992-12-20,324.03796
1992-12-21,312.5621
1992-12-22,244.55925
1992-12-23,188.4997
1992-12-24,158.73149
1992-12-25,152.08336
1992-12-26,152.42358
1992-12-27,147.60593
1992-12-28,177.32045
1992-12-29,205.5926
1992-12-30,170.59349
1992-12-31,148.88222
1993-01-01,141.05489
1993-01-02,140.0531
1993-01-03,145.57751
1993-01-04,157.41183
1993-01-05,165.94962
1993-01-06,208.43242
1993-01-07,226.11461
1993-01-08,249.83366
1993-01-09,270.23502
1993-01-10,190.07681
1993-01-11,138.74504
1993-01-12,112.06347
1993-01-13,104.97091
1993-01-14,115.54904
1993-01-15,126.3812
1993-01-16,114.063416
1993-01-17,121.08804
1993-01-18,160.39865
1993-01-19,181.13557
1993-01-20,205.83371
1993-01-21,172.86467
1993-01-22,124.46309
1993-01-23,102.81252
1993-01-24,94.07297
1993-01-25,103.13119
1993-01-26,101.68553
1993-01-27,81.897835
1993-01-28,104.37084
1993-01-29,169.71162
1993-01-30,203.7008
1993-01-31,145.72945
1993-02-01,125.28859
1993-02-02,97.352066
1993-02-03,128.4293
1993-02-04,239.27216
1993-02-05,321.79623
1993-02-06,242.9727
1993-02-07,176.01643
1993-02-08,175.71371
1993-02-09,189.9235
1993-02-10,156.97583
1993-02-11,171.82701
1993-02-12,132.19937
1993-02-13,171.69572
1993-02-14,252.30429
1993-02-15,166.56233
1993-02-16,132.53987
1993-02-17,109.863014
1993-02-18,107.1312
1993-02-19,157.40334
1993-02-20,163.60896
1993-02-21,113.649475
1993-02-22,101.43882
1993-02-23,98.61355
1993-02-24,117.804955
1993-02-25,136.61816
1993-02-26,192.1333
1993-02-27,276.20667
1993-02-28,233.1696
1993-03-01,162.30188
1993-03-02,136.53247
1993-03-03,144.61191
1993-03-04,184.35464
1993-03-05,190.41992
1993-03-06,170.56856
1993-03-07,173.95152
1993-03-08,192.17673
1993-03-09,177.07443
1993-03-10,174.86836
1993-03-11,228.60696
1993-03-12,277.01865
1993-03-13,275.97388
1993-03-14,199.4944
1993-03-15,167.12895
1993-03-16,167.81433
1993-03-17,132.84468
1993-03-18,144.08737
1993-03-19,188.61894
1993-03-20,234.46707
1993-03-21,241.76398
1993-03-22,750.4827
1993-03-23,1098.4401
1993-03-24,769.72015
1993-03-25,536.0634
1993-03-26,485.89386
1993-03-27,505.04672
1993-03-28,543.4002
1993-03-29,557.1347
1993-03-30,488.6008
1993-03-31,470.0999
1993-04-01,498.2271
1993-04-02,434.0294
1993-04-03,408.71582
1993-04-04,443.13208
1993-04-05,436.78992
1993-04-06,370.97906
1993-04-07,409.475
1993-04-08,440.2274
1993-04-09,504.35764
1993-04-10,701.13403
1993-04-11,787.588
1993-04-12,614.98834
1993-04-13,602.4664
1993-04-14,629.378
1993-04-15,613.8807
1993-04-16,662.7501
1993-04-17,768.71094
1993-04-18,652.03516
1993-04-19,605.97156
1993-04-20,707.4003
1993-04-21,718.0676
1993-04-22,648.03143
1993-04-23,467.55637
1993-04-24,364.21402
1993-04-25,474.3198
1993-04-26,563.059
1993-04-27,439.69662
1993-04-28,482.0989
1993-04-29,511.02637
1993-04-30,521.3924
1993-05-01,602.7612
1993-05-02,662.18225
1993-05-03,733.60913
1993-05-04,799.9176
1993-05-05,838.3899
1993-05-06,770.4869
1993-05-07,820.40076
1993-05-08,922.1377
1993-05-09,817.3999
1993-05-10,663.6272
1993-05-11,1061.4208
1993-05-12,1400.4751
1993-05-13,669.8757
1993-05-14,571.4686
1993-05-15,997.3782
1993-05-16,1668.7733
1993-05-17,1414.6381
1993-05-18,785.1569
1993-05-19,568.2677
1993-05-20,621.52374
1993-05-21,779.96375
1993-05-22,991.5525
1993-05-23,1140.3942
1993-05-24,1003.64417
1993-05-25,1232.0284
1993-05-26,1116.9755
1993-05-27,849.62494
1993-05-28,700.2368
1993-05-29,781.96106
1993-05-30,927.2734
1993-05-31,1035.9948
1993-06-01,1003.49506
1993-06-02,603.1478
1993-06-03,416.43518
1993-06-04,342.4228
1993-06-05,323.04028
1993-06-06,322.99393
1993-06-07,341.9959
1993-06-08,359.58527
1993-06-09,379.4916
1993-06-10,333.0258
1993-06-11,364.1489
1993-06-12,414.96246
1993-06-13,465.0818
1993-06-14,717.721
1993-06-15,797.8098
1993-06-16,682.8371
1993-06-17,587.8816
1993-06-18,472.13812
1993-06-19,398.9552
1993-06-20,396.00336
1993-06-21,492.25082
1993-06-22,706.8783
1993-06-23,845.885
1993-06-24,693.6522
1993-06-25,478.43466
1993-06-26,459.6668
1993-06-27,575.69995
1993-06-28,906.2413
1993-06-29,937.5223
1993-06-30,608.59784
1993-07-01,539.55273
1993-07-02,638.31647
1993-07-03,637.8188
1993-07-04,606.37695
1993-07-05,541.9158
1993-07-06,457.77686
1993-07-07,426.11655
1993-07-08,367.92123
1993-07-09,290.97333
1993-07-10,278.53162
1993-07-11,410.10223
1993-07-12,519.53864
1993-07-13,429.6227
1993-07-14,292.06647
1993-07-15,265.97324
1993-07-16,359.24628
1993-07-17,478.0951
1993-07-18,449.45746
1993-07-19,355.63162
1993-07-20,268.32422
1993-07-21,265.1551
1993-07-22,314.43893
1993-07-23,287.53693
1993-07-24,307.11188
1993-07-25,455.3077
1993-07-26,548.02954
1993-07-27,505.1052
1993-07-28,507.18726
1993-07-29,375.15628
1993-07-30,267.57327
1993-07-31,248.15395
1993-08-01,271.35986
1993-08-02,263.85904
1993-08-03,259.40182
1993-08-04,217.82614
1993-08-05,196.30986
1993-08-06,230.90033
1993-08-07,239.84961
1993-08-08,205.9152
1993-08-09,202.54811
1993-08-10,283.47726
1993-08-11,427.37335
1993-08-12,389.088
1993-08-13,254.04066
1993-08-14,185.93744
1993-08-15,174.60365
1993-08-16,226.38531
1993-08-17,303.70978
1993-08-18,347.28418
1993-08-19,353.42084
1993-08-20,280.7459
1993-08-21,189.18341
1993-08-22,181.83455
1993-08-23,213.0012
1993-08-24,190.64806
1993-08-25,190.57326
1993-08-26,239.11836
1993-08-27,321.52014
1993-08-28,294.12964
1993-08-29,296.13004
1993-08-30,273.61624
1993-08-31,185.73709
1993-09-01,160.51439
1993-09-02,174.47139
1993-09-03,205.22673
1993-09-04,247.61388
1993-09-05,276.00974
1993-09-06,297.4977
1993-09-07,345.36826
1993-09-08,355.1396
1993-09-09,279.16882
1993-09-10,217.44812
1993-09-11,298.34558
1993-09-12,348.51004
1993-09-13,310.9832
1993-09-14,390.9675
1993-09-15,481.77353
1993-09-16,751.69
1993-09-17,887.3338
1993-09-18,545.19946
1993-09-19,414.35858
1993-09-20,342.1893
1993-09-21,266.22372
1993-09-22,216.43736
1993-09-23,196.21205
1993-09-24,224.08008
1993-09-25,300.069
1993-09-26,342.81458
1993-09-27,324.32574
1993-09-28,297.18
1993-09-29,296.49066
1993-09-30,337.04492
1993-10-01,328.04315
1993-10-02,298.28488
1993-10-03,256.6955
1993-10-04,296.41714
1993-10-05,249.13985
1993-10-06,231.5571
1993-10-07,198.1187
1993-10-08,202.38902
1993-10-09,317.67908
1993-10-10,526.0136
1993-10-11,515.7415
1993-10-12,319.60898
1993-10-13,255.19211
1993-10-14,245.94264
1993-10-15,255.72768
1993-10-16,234.24939
1993-10-17,252.02226
1993-10-18,257.31607
1993-10-19,299.56494
1993-10-20,369.78717
1993-10-21,370.21426
1993-10-22,399.70663
1993-10-23,428.8363
1993-10-24,357.406
1993-10-25,288.38702
1993-10-26,280.62567
1993-10-27,294.15994
1993-10-28,244.80063
1993-10-29,220.60674
1993-10-30,254.19337
1993-10-31,394.53964
1993-11-01,450.82446
1993-11-02,441.01773
1993-11-03,453.43225
1993-11-04,530.64685
1993-11-05,532.75793
1993-11-06,521.7579
1993-11-07,460.9685
1993-11-08,371.8166
1993-11-09,290.64532
1993-11-10,259.1179
1993-11-11,353.3714
1993-11-12,519.9615
1993-11-13,540.7372
1993-11-14,522.53723
1993-11-15,539.79047
1993-11-16,547.45825
1993-11-17,557.60065
1993-11-18,552.6222
1993-11-19,449.56012
1993-11-20,440.05
1993-11-21,528.89465
1993-11-22,564.2512
1993-11-23,547.40656
1993-11-24,600.3246
1993-11-25,740.4315
1993-11-26,938.99426
1993-11-27,621.1687
1993-11-28,505.60037
1993-11-29,422.35202
1993-11-30,512.5716
1993-12-01,587.4448
1993-12-02,555.8384
1993-12-03,524.4547
1993-12-04,570.18634
1993-12-05,597.6611
1993-12-06,582.2689
1993-12-07,584.108
1993-12-08,503.0198
1993-12-09,391.63474
1993-12-10,345.82706
1993-12-11,355.06927
1993-12-12,366.79218
1993-12-13,440.75092
1993-12-14,476.65933
1993-12-15,441.0941
1993-12-16,343.59515
1993-12-17,335.45193
1993-12-18,355.51468
1993-12-19,345.1472
1993-12-20,283.1601
1993-12-21,278.10953
1993-12-22,239.36618
1993-12-23,222.00136
1993-12-24,203.0006
1993-12-25,180.71213
1993-12-26,168.85957
1993-12-27,161.86122
1993-12-28,157.79158
1993-12-29,140.68898
1993-12-30,133.16151
1993-12-31,127.40322
1994-01-01,121.73131
1994-01-02,117.313515
1994-01-03,113.01733
1994-01-04,127.6162
1994-01-05,169.72041
1994-01-06,200.07103
1994-01-07,188.54308
1994-01-08,151.7107
1994-01-09,156.58553
1994-01-10,189.148
1994-01-11,270.6902
1994-01-12,306.15366
1994-01-13,219.22133
1994-01-14,163.54225
1994-01-15,160.34657
1994-01-16,189.10193
1994-01-17,213.601
1994-01-18,193.23785
1994-01-19,132.90256
1994-01-20,109.57593
1994-01-21,99.3128
1994-01-22,73.65165
1994-01-23,77.85461
1994-01-24,93.85027
1994-01-25,89.411224
1994-01-26,75.44618
1994-01-27,69.14034
1994-01-28,77.66538
1994-01-29,101.81715
1994-01-30,142.32704
1994-01-31,156.20541
1994-02-01,264.45926
1994-02-02,360.47882
1994-02-03,206.3923
1994-02-04,237.37643
1994-02-05,405.649
1994-02-06,648.7797
1994-02-07,639.61646
1994-02-08,404.9504
1994-02-09,226.75175
1994-02-10,151.1878
1994-02-11,128.85782
1994-02-12,108.30573
1994-02-13,121.93544
1994-02-14,129.08461
1994-02-15,117.937996
1994-02-16,167.06403
1994-02-17,303.5406
1994-02-18,429.81375
1994-02-19,259.19815
1994-02-20,211.96342
1994-02-21,224.27339
1994-02-22,308.6729
1994-02-23,349.05652
1994-02-24,320.81247
1994-02-25,439.67105
1994-02-26,482.3359
1994-02-27,495.09045
1994-02-28,510.93875
1994-03-01,567.2062
1994-03-02,566.7914
1994-03-03,421.21216
1994-03-04,336.2774
1994-03-05,314.26855
1994-03-06,380.53156
1994-03-07,478.4085
1994-03-08,393.3787
1994-03-09,325.27576
1994-03-10,269.09268
1994-03-11,283.7524
1994-03-12,313.58063
1994-03-13,293.52243
1994-03-14,713.61896
1994-03-15,1232.7623
1994-03-16,1066.1261
1994-03-17,514.64856
1994-03-18,413.31702
1994-03-19,374.18298
1994-03-20,324.13644
1994-03-21,324.30908
1994-03-22,347.65018
1994-03-23,340.83456
1994-03-24,348.73257
1994-03-25,365.48566
1994-03-26,401.56454
1994-03-27,420.66183
1994-03-28,391.68622
1994-03-29,570.3155
1994-03-30,644.20184
1994-03-31,648.1037
1994-04-01,717.52875
1994-04-02,1086.7025
1994-04-03,1412.6577
1994-04-04,1194.3881
1994-04-05,1277.0768
1994-04-06,1340.5322
1994-04-07,730.06616
1994-04-08,602.96387
1994-04-09,510.18716
1994-04-10,546.001
1994-04-11,508.4905
1994-04-12,406.448
1994-04-13,403.02264
1994-04-14,508.8097
1994-04-15,612.65704
1994-04-16,791.85455
1994-04-17,853.90106
1994-04-18,684.7662
1994-04-19,578.9039
1994-04-20,617.48486
1994-04-21,724.146
1994-04-22,982.4806
1994-04-23,1053.9064
1994-04-24,763.0252
1994-04-25,626.9123
1994-04-26,523.7351
1994-04-27,590.20667
1994-04-28,777.53394
1994-04-29,905.96246
1994-04-30,1043.5818
1994-05-01,1129.0795
1994-05-02,1084.0131
1994-05-03,894.87964
1994-05-04,786.15295
1994-05-05,721.7205
1994-05-06,778.495
1994-05-07,899.50885
1994-05-08,741.45355
1994-05-09,1202.0876
1994-05-10,1498.8274
1994-05-11,682.18994
1994-05-12,600.96686
1994-05-13,677.6094
1994-05-14,724.47565
1994-05-15,822.4364
1994-05-16,854.2761
1994-05-17,745.6909
1994-05-18,853.7849
1994-05-19,889.2423
1994-05-20,941.6656
1994-05-21,958.63586
1994-05-22,817.67664
1994-05-23,635.8755
1994-05-24,489.26648
1994-05-25,439.98508
1994-05-26,553.23114
1994-05-27,697.6266
1994-05-28,802.69965
1994-05-29,1050.2537
1994-05-30,1022.3922
1994-05-31,842.1475
1994-06-01,675.09076
1994-06-02,617.9007
1994-06-03,648.3311
1994-06-04,784.0039
1994-06-05,962.6028
1994-06-06,784.3511
1994-06-07,738.48895
1994-06-08,623.1457
1994-06-09,490.579
1994-06-10,431.75012
1994-06-11,387.45053
1994-06-12,383.9807
1994-06-13,430.54944
1994-06-14,552.73816
1994-06-15,571.70013
1994-06-16,528.2444
1994-06-17,615.88007
1994-06-18,503.11572
1994-06-19,381.18353
1994-06-20,457.73135
1994-06-21,744.3514
1994-06-22,835.9607
1994-06-23,606.1572
1994-06-24,494.90952
1994-06-25,399.18747
1994-06-26,303.14145
1994-06-27,322.61963
1994-06-28,361.10593
1994-06-29,311.14832
1994-06-30,406.6761
1994-07-01,544.67163
1994-07-02,571.3745
1994-07-03,512.9819
1994-07-04,438.3691
1994-07-05,371.99896
1994-07-06,508.0906
1994-07-07,589.5109
1994-07-08,583.0876
1994-07-09,558.2162
1994-07-10,420.90277
1994-07-11,357.6311
1994-07-12,373.66904
1994-07-13,477.00668
1994-07-14,540.4745
1994-07-15,579.1959
1994-07-16,551.54785
1994-07-17,486.4482
1994-07-18,456.40747
1994-07-19,553.5264
1994-07-20,522.19525
1994-07-21,466.7184
1994-07-22,383.4923
1994-07-23,389.17474
1994-07-24,366.5022
1994-07-25,391.1096
1994-07-26,375.6263
1994-07-27,284.04037
1994-07-28,259.77536
1994-07-29,284.39032
1994-07-30,285.90805
1994-07-31,228.89235
1994-08-01,278.3489
1994-08-02,390.94736
1994-08-03,374.22284
1994-08-04,346.39777
1994-08-05,366.88168
1994-08-06,386.79056
1994-08-07,466.81754
1994-08-08,573.25726
1994-08-09,645.8268
1994-08-10,533.46655
1994-08-11,362.32306
1994-08-12,356.46674
1994-08-13,481.64148
1994-08-14,515.4065
1994-08-15,371.29663
1994-08-16,362.1329
1994-08-17,460.38245
1994-08-18,463.97354
1994-08-19,466.66074
1994-08-20,553.7696
1994-08-21,602.701
1994-08-22,737.0944
1994-08-23,729.79535
1994-08-24,483.94815
1994-08-25,418.14465
1994-08-26,458.9285
1994-08-27,457.38806
1994-08-28,323.2408
1994-08-29,254.17287
1994-08-30,240.26506
1994-08-31,251.98329
1994-09-01,258.7215
1994-09-02,304.85782
1994-09-03,331.3283
1994-09-04,328.74463
1994-09-05,312.21408
1994-09-06,262.27365
1994-09-07,232.82608
1994-09-08,210.31128
1994-09-09,189.18988
1994-09-10,194.7988
1994-09-11,231.87534
1994-09-12,277.0097
1994-09-13,346.76364
1994-09-14,358.8165
1994-09-15,213.43166
1994-09-16,183.35016
1994-09-17,204.51347
1994-09-18,217.8878
1994-09-19,218.98363
1994-09-20,199.06772
1994-09-21,202.27335
1994-09-22,245.97458
1994-09-23,306.89963
1994-09-24,338.14786
1994-09-25,396.93054
1994-09-26,481.66068
1994-09-27,446.03
1994-09-28,453.03082
1994-09-29,546.14764
1994-09-30,528.7264
1994-10-01,423.09616
1994-10-02,352.0855
1994-10-03,278.96408
1994-10-04,258.2743
1994-10-05,264.54294
1994-10-06,265.6166
1994-10-07,307.8172
1994-10-08,408.29892
1994-10-09,454.79874
1994-10-10,431.83157
1994-10-11,426.471
1994-10-12,382.4534
1994-10-13,376.48312
1994-10-14,518.359
1994-10-15,697.6307
1994-10-16,857.62506
1994-10-17,550.12036
1994-10-18,375.14026
1994-10-19,339.12485
1994-10-20,450.1535
1994-10-21,488.84314
1994-10-22,441.72464
1994-10-23,381.99332
1994-10-24,390.24942
1994-10-25,499.72064
1994-10-26,646.1568
1994-10-27,609.31006
1994-10-28,485.16708
1994-10-29,347.03622
1994-10-30,281.70593
1994-10-31,249.35036
1994-11-01,248.23347
1994-11-02,291.85815
1994-11-03,364.4878
1994-11-04,659.16113
1994-11-05,984.35425
1994-11-06,1161.7637
1994-11-07,1316.751
1994-11-08,863.0644
1994-11-09,865.9687
1994-11-10,1069.0607
1994-11-11,848.3287
1994-11-12,805.9681
1994-11-13,591.9772
1994-11-14,507.55304
1994-11-15,485.3287
1994-11-16,695.9688
1994-11-17,928.2951
1994-11-18,434.76724
1994-11-19,344.2945
1994-11-20,332.43094
1994-11-21,292.34885
1994-11-22,295.85492
1994-11-23,316.19763
1994-11-24,454.83182
1994-11-25,524.6055
1994-11-26,535.7996
1994-11-27,582.44226
1994-11-28,614.9215
1994-11-29,555.2575
1994-11-30,455.58475
1994-12-01,372.5687
1994-12-02,309.93127
1994-12-03,305.6947
1994-12-04,349.88934
1994-12-05,417.222
1994-12-06,364.29688
1994-12-07,294.53375
1994-12-08,221.90742
1994-12-09,193.41406
1994-12-10,244.10922
1994-12-11,280.57956
1994-12-12,221.99908
1994-12-13,211.5884
1994-12-14,176.49052
1994-12-15,175.6816
1994-12-16,184.68884
1994-12-17,180.632
1994-12-18,174.6653
1994-12-19,154.06747
1994-12-20,151.11047
1994-12-21,178.69905
1994-12-22,204.6829
1994-12-23,197.8101
1994-12-24,207.18762
1994-12-25,257.49066
1994-12-26,352.8111
1994-12-27,568.49725
1994-12-28,510.18524
1994-12-29,362.67584
1994-12-30,248.04782
1994-12-31,252.92804
1995-01-01,235.53539
1995-01-02,150.77629
1995-01-03,143.24875
1995-01-04,141.72244
1995-01-05,119.963196
1995-01-06,113.109245
1995-01-07,113.93534
1995-01-08,106.73926
1995-01-09,109.52139
1995-01-10,132.70848
1995-01-11,168.654
1995-01-12,190.56857
1995-01-13,196.73509
1995-01-14,216.13898
1995-01-15,151.49863
1995-01-16,133.42671
1995-01-17,122.90545
1995-01-18,116.465775
1995-01-19,137.33363
1995-01-20,154.86807
1995-01-21,185.52133
1995-01-22,198.91286
1995-01-23,178.48288
1995-01-24,150.79187
1995-01-25,119.89836
1995-01-26,86.92547
1995-01-27,77.95904
1995-01-28,74.28393
1995-01-29,71.14007
1995-01-30,73.18838
1995-01-31,84.49604
1995-02-01,88.89523
1995-02-02,89.075325
1995-02-03,98.45608
1995-02-04,89.70581
1995-02-05,98.497375
1995-02-06,114.54524
1995-02-07,94.33251
1995-02-08,78.968704
1995-02-09,64.37308
1995-02-10,74.877945
1995-02-11,95.91044
1995-02-12,73.62081
1995-02-13,54.749374
1995-02-14,50.818993
1995-02-15,49.106663
1995-02-16,48.19678
1995-02-17,42.535297
1995-02-18,42.17133
1995-02-19,48.373886
1995-02-20,52.97338
1995-02-21,47.808548
1995-02-22,65.67633
1995-02-23,117.260765
1995-02-24,158.20222
1995-02-25,201.65668
1995-02-26,220.57562
1995-02-27,192.15707
1995-02-28,186.69482
1995-03-01,233.19853
1995-03-02,244.3193
1995-03-03,211.97218
1995-03-04,156.11418
1995-03-05,113.152
1995-03-06,140.88043
1995-03-07,159.67392
1995-03-08,154.53227
1995-03-09,152.8706
1995-03-10,167.10878
1995-03-11,201.69374
1995-03-12,299.74124
1995-03-13,408.48373
1995-03-14,406.52396
1995-03-15,310.11295
1995-03-16,154.22673
1995-03-17,102.30612
1995-03-18,114.77452
1995-03-19,208.51498
1995-03-20,218.75047
1995-03-21,222.49985
1995-03-22,318.33856
1995-03-23,328.36765
1995-03-24,373.26654
1995-03-25,448.19974
1995-03-26,485.548
1995-03-27,576.43005
1995-03-28,443.23083
1995-03-29,296.40646
1995-03-30,251.47438
1995-03-31,204.93974
1995-04-01,168.67375
1995-04-02,155.39146
1995-04-03,165.2462
1995-04-04,180.02838
1995-04-05,146.29361
1995-04-06,126.21549
1995-04-07,125.36628
1995-04-08,133.37341
1995-04-09,198.88045
1995-04-10,327.1072
1995-04-11,303.81143
1995-04-12,269.62207
1995-04-13,257.79257
1995-04-14,242.66032
1995-04-15,388.77048
1995-04-16,535.2983
1995-04-17,541.68665
1995-04-18,550.48834
1995-04-19,552.7267
1995-04-20,526.69183
1995-04-21,542.14215
1995-04-22,604.4475
1995-04-23,530.3884
1995-04-24,756.53656
1995-04-25,966.97845
1995-04-26,753.1725
1995-04-27,794.8451
1995-04-28,822.1432
1995-04-29,824.8442
1995-04-30,1011.01746
1995-05-01,1508.3915
1995-05-02,1034.6588
1995-05-03,842.8945
1995-05-04,623.6977
1995-05-05,428.75128
1995-05-06,331.968
1995-05-07,381.83508
1995-05-08,569.2417
1995-05-09,631.8039
1995-05-10,538.99274
1995-05-11,812.72955
1995-05-12,694.78485
1995-05-13,434.2147
1995-05-14,324.0735
1995-05-15,345.90164
1995-05-16,352.17566
1995-05-17,396.46756
1995-05-18,508.33292
1995-05-19,560.51184
1995-05-20,486.24783
1995-05-21,705.50854
1995-05-22,914.2873
1995-05-23,413.6584
1995-05-24,316.42722
1995-05-25,299.28577
1995-05-26,332.46027
1995-05-27,484.34647
1995-05-28,582.168
1995-05-29,654.2513
1995-05-30,735.0043
1995-05-31,975.6976
1995-06-01,1080.0997
1995-06-02,750.12244
1995-06-03,727.01434
1995-06-04,709.7589
1995-06-05,666.0723
1995-06-06,601.5253
1995-06-07,597.86163
1995-06-08,667.56915
1995-06-09,836.4877
1995-06-10,920.1482
1995-06-11,793.9035
1995-06-12,620.91266
1995-06-13,534.5763
1995-06-14,537.1206
1995-06-15,632.13196
1995-06-16,718.0154
1995-06-17,825.5408
1995-06-18,951.8639
1995-06-19,670.7778
1995-06-20,601.6237
1995-06-21,562.6494
1995-06-22,574.7984
1995-06-23,600.4191
1995-06-24,539.03577
1995-06-25,712.9031
1995-06-26,808.8994
1995-06-27,651.2327
1995-06-28,409.215
1995-06-29,427.07043
1995-06-30,441.7738
1995-07-01,453.4629
1995-07-02,538.58203
1995-07-03,520.7999
1995-07-04,364.71017
1995-07-05,319.92438
1995-07-06,395.68134
1995-07-07,482.22964
1995-07-08,429.04608
1995-07-09,363.5344
1995-07-10,328.65405
1995-07-11,351.25385
1995-07-12,371.4556
1995-07-13,283.71194
1995-07-14,268.08752
1995-07-15,328.2904
1995-07-16,344.09744
1995-07-17,302.91016
1995-07-18,392.20435
1995-07-19,424.5141
1995-07-20,428.54907
1995-07-21,447.18298
1995-07-22,371.96768
1995-07-23,508.40463
1995-07-24,725.9783
1995-07-25,736.2544
1995-07-26,472.2558
1995-07-27,476.29086
1995-07-28,661.1468
1995-07-29,831.29083
1995-07-30,839.03906
1995-07-31,633.3312
1995-08-01,579.1945
1995-08-02,686.3404
1995-08-03,750.6472
1995-08-04,667.07764
1995-08-05,800.2161
1995-08-06,921.1358
1995-08-07,701.3825
1995-08-08,509.0934
1995-08-09,376.23438
1995-08-10,348.12665
1995-08-11,386.73834
1995-08-12,449.11414
1995-08-13,550.94073
1995-08-14,554.6046
1995-08-15,477.8959
1995-08-16,535.6893
1995-08-17,653.64594
1995-08-18,696.86755
1995-08-19,540.9379
1995-08-20,541.5308
1995-08-21,531.00397
1995-08-22,523.4815
1995-08-23,568.1514
1995-08-24,593.412
1995-08-25,536.4193
1995-08-26,553.8752
1995-08-27,517.40063
1995-08-28,578.6178
1995-08-29,723.9109
1995-08-30,647.6538
1995-08-31,512.61145
1995-09-01,326.9669
1995-09-02,300.01294
1995-09-03,320.40512
1995-09-04,321.36115
1995-09-05,282.55627
1995-09-06,297.2329
1995-09-07,298.2618
1995-09-08,344.35828
1995-09-09,441.24786
1995-09-10,415.98322
1995-09-11,333.5211
1995-09-12,270.4473
1995-09-13,293.85434
1995-09-14,360.3208
1995-09-15,392.1971
1995-09-16,408.3564
1995-09-17,466.2108
1995-09-18,496.42392
1995-09-19,461.4508
1995-09-20,362.33844
1995-09-21,289.62595
1995-09-22,287.93018
1995-09-23,322.45486
1995-09-24,420.91263
1995-09-25,492.97556
1995-09-26,685.0941
1995-09-27,884.7647
1995-09-28,572.019
1995-09-29,404.21704
1995-09-30,318.9374
1995-10-01,307.62714
1995-10-02,305.65668
1995-10-03,336.50156
1995-10-04,361.67163
1995-10-05,329.59747
1995-10-06,367.89865
1995-10-07,387.76346
1995-10-08,379.23358
1995-10-09,364.82733
1995-10-10,635.2383
1995-10-11,1226.3071
1995-10-12,1032.8334
1995-10-13,700.3128
1995-10-14,814.3222
1995-10-15,738.2415
1995-10-16,578.67255
1995-10-17,436.3853
1995-10-18,444.71994
1995-10-19,509.73856
1995-10-20,449.67004
1995-10-21,454.4782
1995-10-22,427.0213
1995-10-23,563.0763
1995-10-24,613.0001
1995-10-25,487.60318
1995-10-26,608.831
1995-10-27,823.7358
1995-10-28,728.71295
1995-10-29,757.4726
1995-10-30,578.7142
1995-10-31,391.2667
1995-11-01,398.82596
1995-11-02,413.75107
1995-11-03,459.18222
1995-11-04,553.82074
1995-11-05,640.957
1995-11-06,543.2072
1995-11-07,491.3805
1995-11-08,498.57123
1995-11-09,505.48334
1995-11-10,412.80054
1995-11-11,442.21478
1995-11-12,437.9911
1995-11-13,361.02078
1995-11-14,478.13275
1995-11-15,571.11505
1995-11-16,417.4632
1995-11-17,395.46756
1995-11-18,359.965
1995-11-19,426.10315
1995-11-20,381.96677
1995-11-21,383.29095
1995-11-22,327.46188
1995-11-23,328.70758
1995-11-24,346.7785
1995-11-25,267.43457
1995-11-26,231.79956
1995-11-27,214.72748
1995-11-28,223.57426
1995-11-29,238.61224
1995-11-30,194.97913
1995-12-01,154.73204
1995-12-02,152.5501
1995-12-03,172.52733
1995-12-04,193.61353
1995-12-05,250.35555
1995-12-06,402.86536
1995-12-07,498.38272
1995-12-08,392.45087
1995-12-09,323.8997
1995-12-10,244.67221
1995-12-11,251.97583
1995-12-12,334.2246
1995-12-13,313.01007
1995-12-14,343.16003
1995-12-15,301.99393
1995-12-16,274.20184
1995-12-17,279.37604
1995-12-18,254.91579
1995-12-19,187.86829
1995-12-20,192.155
1995-12-21,256.60892
1995-12-22,345.77786
1995-12-23,348.60843
1995-12-24,283.8234
1995-12-25,300.5696
1995-12-26,312.33
1995-12-27,264.74307
1995-12-28,210.82668
1995-12-29,180.974
1995-12-30,161.52226
1995-12-31,175.9651
1996-01-01,176.48976
1996-01-02,145.24684
1996-01-03,135.21718
1996-01-04,126.46687
1996-01-05,124.54533
1996-01-06,123.104294
1996-01-07,119.60641
1996-01-08,110.198006
1996-01-09,101.58929
1996-01-10,106.26939
1996-01-11,113.68082
1996-01-12,102.75961
1996-01-13,113.61725
1996-01-14,154.5527
1996-01-15,178.7355
1996-01-16,212.86363
1996-01-17,238.52443
1996-01-18,235.51282
1996-01-19,277.7027
1996-01-20,263.15198
1996-01-21,233.27776
1996-01-22,228.24553
1996-01-23,201.23587
1996-01-24,208.86559
1996-01-25,235.84537
1996-01-26,207.6419
1996-01-27,295.86908
1996-01-28,367.64062
1996-01-29,205.7133
1996-01-30,270.82947
1996-01-31,292.32843
1996-02-01,213.62682
1996-02-02,199.9367
1996-02-03,182.91893
1996-02-04,186.23836
1996-02-05,216.47919
1996-02-06,214.82281
1996-02-07,210.02905
1996-02-08,253.75313
1996-02-09,296.44257
1996-02-10,312.55933
1996-02-11,301.72852
1996-02-12,296.99014
1996-02-13,288.9678
1996-02-14,282.14056
1996-02-15,195.68414
1996-02-16,169.42108
1996-02-17,149.57622
1996-02-18,161.92845
1996-02-19,200.57196
1996-02-20,208.0049
1996-02-21,223.361
1996-02-22,208.29025
1996-02-23,182.41214
1996-02-24,185.24405
1996-02-25,196.65385
1996-02-26,200.91154
1996-02-27,200.58919
1996-02-28,173.77219
1996-02-29,215.20715
1996-03-01,255.93051
1996-03-02,247.62032
1996-03-03,318.09943
1996-03-04,360.5434
1996-03-05,327.813
1996-03-06,353.42706
1996-03-07,445.59805
1996-03-08,475.46692
1996-03-09,369.45593
1996-03-10,396.06503
1996-03-11,516.88367
1996-03-12,869.03784
1996-03-13,894.18427
1996-03-14,780.8064
1996-03-15,704.53284
1996-03-16,646.77905
1996-03-17,885.2407
1996-03-18,1019.589
1996-03-19,777.2858
1996-03-20,549.9781
1996-03-21,446.82767
1996-03-22,392.4255
1996-03-23,346.8128
1996-03-24,324.41776
1996-03-25,269.28302
1996-03-26,309.55087
1996-03-27,384.36728
1996-03-28,357.794
1996-03-29,261.2199
1996-03-30,220.4775
1996-03-31,216.30116
1996-04-01,216.26976
1996-04-02,289.0043
1996-04-03,406.2048
1996-04-04,387.92368
1996-04-05,328.20276
1996-04-06,339.58087
1996-04-07,388.26913
1996-04-08,420.32394
1996-04-09,446.12097
1996-04-10,439.24023
1996-04-11,418.47046
1996-04-12,378.21005
1996-04-13,396.0817
1996-04-14,399.73843
1996-04-15,309.35208
1996-04-16,278.5936
1996-04-17,309.01114
1996-04-18,304.76126
1996-04-19,210.34267
1996-04-20,212.34201
1996-04-21,262.22845
1996-04-22,314.88385
1996-04-23,398.38766
1996-04-24,644.8336
1996-04-25,809.8888
1996-04-26,845.60986
1996-04-27,777.7303
1996-04-28,556.39246
1996-04-29,518.5896
1996-04-30,478.21286
1996-05-01,982.9322
1996-05-02,1567.5137
1996-05-03,858.09955
1996-05-04,719.0078
1996-05-05,900.804
1996-05-06,880.9781
1996-05-07,1212.8368
1996-05-08,1563.3314
1996-05-09,1384.9116
1996-05-10,1236.7175
1996-05-11,963.1448
1996-05-12,740.6536
1996-05-13,696.4912
1996-05-14,788.1769
1996-05-15,644.2221
1996-05-16,529.0004
1996-05-17,674.76294
1996-05-18,950.5409
1996-05-19,988.0602
1996-05-20,706.38135
1996-05-21,776.1707
1996-05-22,825.55475
1996-05-23,480.84332
1996-05-24,473.3428
1996-05-25,602.9544
1996-05-26,684.68097
1996-05-27,739.7583
1996-05-28,682.5639
1996-05-29,574.7903
1996-05-30,912.6876
1996-05-31,1200.821
1996-06-01,659.2215
1996-06-02,523.92413
1996-06-03,611.4419
1996-06-04,672.8301
1996-06-05,634.93304
1996-06-06,809.51874
1996-06-07,865.8364
1996-06-08,875.79816
1996-06-09,879.543
1996-06-10,516.27563
1996-06-11,388.6193
1996-06-12,398.06577
1996-06-13,421.05374
1996-06-14,561.8936
1996-06-15,761.3038
1996-06-16,630.2257
1996-06-17,523.36865
1996-06-18,461.1465
1996-06-19,504.411
1996-06-20,674.22345
1996-06-21,805.5333
1996-06-22,667.07715
1996-06-23,570.8978
1996-06-24,555.68744
1996-06-25,574.4639
1996-06-26,547.8965
1996-06-27,708.21826
1996-06-28,827.75903
1996-06-29,618.46313
1996-06-30,622.8219
1996-07-01,673.967
1996-07-02,726.3049
1996-07-03,1033.2429
1996-07-04,1168.2596
1996-07-05,876.2598
1996-07-06,916.44855
1996-07-07,603.0022
1996-07-08,417.9789
1996-07-09,413.9299
1996-07-10,405.80356
1996-07-11,450.5911
1996-07-12,492.91074
1996-07-13,514.8167
1996-07-14,599.80304
1996-07-15,699.5852
1996-07-16,658.45306
1996-07-17,613.7709
1996-07-18,589.2733
1996-07-19,487.72708
1996-07-20,486.29788
1996-07-21,569.6403
1996-07-22,637.0481
1996-07-23,627.2455
1996-07-24,664.2758
1996-07-25,669.5187
1996-07-26,637.88513
1996-07-27,641.2536
1996-07-28,695.6518
1996-07-29,747.3814
1996-07-30,679.4064
1996-07-31,563.60474
1996-08-01,433.5746
1996-08-02,440.3387
1996-08-03,391.96005
1996-08-04,369.352
1996-08-05,430.313
1996-08-06,497.77502
1996-08-07,488.8308
1996-08-08,437.7154
1996-08-09,357.65112
1996-08-10,315.52145
1996-08-11,371.27484
1996-08-12,414.70822
1996-08-13,368.12393
1996-08-14,363.87732
1996-08-15,267.66177
1996-08-16,246.10455
1996-08-17,279.2849
1996-08-18,331.71124
1996-08-19,493.1681
1996-08-20,529.9409
1996-08-21,353.72034
1996-08-22,344.02225
1996-08-23,285.52866
1996-08-24,243.70494
1996-08-25,254.66618
1996-08-26,281.11404
1996-08-27,339.67795
1996-08-28,366.52325
1996-08-29,320.32413
1996-08-30,319.5395
1996-08-31,378.69547
1996-09-01,498.50192
1996-09-02,439.52997
1996-09-03,390.14542
1996-09-04,391.6252
1996-09-05,473.6836
1996-09-06,476.52417
1996-09-07,314.14996
1996-09-08,271.84946
1996-09-09,260.45258
1996-09-10,293.00092
1996-09-11,272.082
1996-09-12,264.35046
1996-09-13,251.31297
1996-09-14,224.9058
1996-09-15,249.15683
1996-09-16,306.2035
1996-09-17,265.56564
1996-09-18,277.20706
1996-09-19,320.1965
1996-09-20,340.05795
1996-09-21,284.9435
1996-09-22,304.646
1996-09-23,281.55753
1996-09-24,216.20665
1996-09-25,226.64029
1996-09-26,302.31467
1996-09-27,269.51617
1996-09-28,273.35757
1996-09-29,328.4255
1996-09-30,404.76352
1996-10-01,409.8367
1996-10-02,352.22406
1996-10-03,296.13736
1996-10-04,271.30432
1996-10-05,274.33078
1996-10-06,289.12955
1996-10-07,302.17032
1996-10-08,352.77045
1996-10-09,374.32654
1996-10-10,361.62027
1996-10-11,354.29562
1996-10-12,397.8425
1996-10-13,427.28738
1996-10-14,530.57806
1996-10-15,601.40204
1996-10-16,709.2694
1996-10-17,912.3517
1996-10-18,708.0912
1996-10-19,565.3102
1996-10-20,527.0411
1996-10-21,516.4615
1996-10-22,467.16876
1996-10-23,402.5651
1996-10-24,409.28506
1996-10-25,406.82748
1996-10-26,395.55173
1996-10-27,324.57376
1996-10-28,257.31964
1996-10-29,256.41577
1996-10-30,291.36063
1996-10-31,317.05203
1996-11-01,332.89767
1996-11-02,329.3347
1996-11-03,372.93652
1996-11-04,399.33252
1996-11-05,281.521
1996-11-06,219.79918
1996-11-07,186.71284
1996-11-08,169.50749
1996-11-09,184.85063
1996-11-10,245.10103
1996-11-11,311.50925
1996-11-12,366.05328
1996-11-13,386.6276
1996-11-14,390.26105
1996-11-15,337.218
1996-11-16,423.30185
1996-11-17,382.634
1996-11-18,301.41345
1996-11-19,259.65158
1996-11-20,215.10324
1996-11-21,201.4516
1996-11-22,240.74066
1996-11-23,296.89902
1996-11-24,355.02734
1996-11-25,336.8652
1996-11-26,196.89412
1996-11-27,171.52148
1996-11-28,159.25989
1996-11-29,148.5814
1996-11-30,164.357
1996-12-01,193.15746
1996-12-02,200.51657
1996-12-03,199.24806
1996-12-04,184.74857
1996-12-05,247.02208
1996-12-06,399.80463
1996-12-07,501.53223
1996-12-08,453.9093
1996-12-09,262.21857
1996-12-10,244.52159
1996-12-11,244.32903
1996-12-12,229.37042
1996-12-13,204.46109
1996-12-14,217.55013
1996-12-15,261.7455
1996-12-16,265.44943
1996-12-17,260.7438
1996-12-18,205.50952
1996-12-19,161.72325
1996-12-20,130.1974
1996-12-21,118.25994
1996-12-22,112.425575
1996-12-23,114.561485
1996-12-24,118.302246
1996-12-25,120.5244
1996-12-26,113.125145
1996-12-27,107.74589
1996-12-28,99.03564
1996-12-29,104.5938
1996-12-30,144.5919
1996-12-31,173.39507
1997-01-01,139.52068
1997-01-02,127.84544
1997-01-03,151.58511
1997-01-04,188.65968
1997-01-05,201.82176
1997-01-06,260.17072
1997-01-07,256.01746
1997-01-08,205.32933
1997-01-09,255.6061
1997-01-10,216.63116
1997-01-11,218.45221
1997-01-12,251.76181
1997-01-13,236.14305
1997-01-14,297.18857
1997-01-15,369.57248
1997-01-16,242.12073
1997-01-17,248.00165
1997-01-18,298.81467
1997-01-19,210.97026
1997-01-20,196.01834
1997-01-21,170.72484
1997-01-22,121.609856
1997-01-23,113.78231
1997-01-24,203.779
1997-01-25,352.8415
1997-01-26,326.89014
1997-01-27,270.64105
1997-01-28,248.19969
1997-01-29,235.46175
1997-01-30,180.97812
1997-01-31,220.65556
1997-02-01,269.26813
1997-02-02,311.34958
1997-02-03,348.92868
1997-02-04,277.09204
1997-02-05,247.27704
1997-02-06,278.0335
1997-02-07,353.29465
1997-02-08,433.51288
1997-02-09,481.73386
1997-02-10,487.77298
1997-02-11,519.9027
1997-02-12,502.67856
1997-02-13,553.3609
1997-02-14,650.9052
1997-02-15,607.2273
1997-02-16,415.0415
1997-02-17,352.60632
1997-02-18,296.2944
1997-02-19,294.26395
1997-02-20,297.58524
1997-02-21,266.6559
1997-02-22,225.07895
1997-02-23,195.23056
1997-02-24,200.45901
1997-02-25,217.21254
1997-02-26,231.6903
1997-02-27,246.7953
1997-02-28,283.12897
1997-03-01,233.70602
1997-03-02,196.4909
1997-03-03,159.95114
1997-03-04,146.19261
1997-03-05,142.34213
1997-03-06,115.053215
1997-03-07,100.9912
1997-03-08,93.8345
1997-03-09,92.72448
1997-03-10,94.11075
1997-03-11,109.38788
1997-03-12,137.75252
1997-03-13,154.39586
1997-03-14,206.08972
1997-03-15,297.34167
1997-03-16,336.40738
1997-03-17,276.83
1997-03-18,295.9532
1997-03-19,362.7228
1997-03-20,310.052
1997-03-21,293.7006
1997-03-22,230.57755
1997-03-23,166.02306
1997-03-24,133.109
1997-03-25,126.6443
1997-03-26,141.26942
1997-03-27,141.7605
1997-03-28,152.22858
1997-03-29,184.78586
1997-03-30,204.86401
1997-03-31,215.57542
1997-04-01,187.65305
1997-04-02,147.86874
1997-04-03,186.81566
1997-04-04,236.19466
1997-04-05,266.5799
1997-04-06,239.38988
1997-04-07,224.81943
1997-04-08,281.72876
1997-04-09,288.815
1997-04-10,339.39474
1997-04-11,456.1598
1997-04-12,461.16644
1997-04-13,410.5145
1997-04-14,331.10056
1997-04-15,277.5124
1997-04-16,207.26605
1997-04-17,207.59314
1997-04-18,223.42947
1997-04-19,245.35443
1997-04-20,254.97476
1997-04-21,391.58786
1997-04-22,624.0564
1997-04-23,695.4546
1997-04-24,693.4101
1997-04-25,579.2748
1997-04-26,527.3627
1997-04-27,478.91913
1997-04-28,424.33118
1997-04-29,386.25598
1997-04-30,261.4677
1997-05-01,192.8027
1997-05-02,174.57979
1997-05-03,185.83221
1997-05-04,230.27795
1997-05-05,251.80948
1997-05-06,247.74765
1997-05-07,275.19388
1997-05-08,295.1926
1997-05-09,303.29208
1997-05-10,339.10748
1997-05-11,400.887
1997-05-12,448.42532
1997-05-13,530.3588
1997-05-14,539.4137
1997-05-15,482.73248
1997-05-16,387.33224
1997-05-17,368.1535
1997-05-18,339.63162
1997-05-19,312.78357
1997-05-20,260.72256
1997-05-21,253.8201
1997-05-22,307.1484
1997-05-23,401.73566
1997-05-24,458.86618
1997-05-25,464.3115
1997-05-26,506.89062
1997-05-27,634.0817
1997-05-28,587.62384
1997-05-29,551.5441
1997-05-30,549.6012
1997-05-31,481.9636
1997-06-01,456.98505
1997-06-02,475.6751
1997-06-03,431.58188
1997-06-04,403.82343
1997-06-05,396.6527
1997-06-06,466.79492
1997-06-07,604.8875
1997-06-08,655.17883
1997-06-09,667.7383
1997-06-10,548.5299
1997-06-11,464.89035
1997-06-12,425.6887
1997-06-13,402.383
1997-06-14,404.40115
1997-06-15,306.22714
1997-06-16,231.99731
1997-06-17,210.44475
1997-06-18,208.68227
1997-06-19,197.5242
1997-06-20,284.54248
1997-06-21,373.66248
1997-06-22,350.79767
1997-06-23,286.18176
1997-06-24,246.0195
1997-06-25,242.22455
1997-06-26,310.60992
1997-06-27,465.3873
1997-06-28,675.2084
1997-06-29,638.94495
1997-06-30,431.87152
1997-07-01,399.46677
1997-07-02,404.39117
1997-07-03,309.58264
1997-07-04,280.5608
1997-07-05,255.9473
1997-07-06,236.68973
1997-07-07,255.96088
1997-07-08,278.22864
1997-07-09,357.0182
1997-07-10,517.3631
1997-07-11,573.69055
1997-07-12,721.99054
1997-07-13,883.01025
1997-07-14,582.9711
1997-07-15,399.6992
1997-07-16,416.45374
1997-07-17,559.35394
1997-07-18,528.18945
1997-07-19,406.24677
1997-07-20,343.4882
1997-07-21,267.9768
1997-07-22,216.80757
1997-07-23,221.27255
1997-07-24,236.6587
1997-07-25,208.8606
1997-07-26,204.72142
1997-07-27,236.35767
1997-07-28,250.69131
1997-07-29,255.03355
1997-07-30,287.27954
1997-07-31,306.4163
1997-08-01,266.48282
1997-08-02,186.13052
1997-08-03,183.7617
1997-08-04,222.2559
1997-08-05,222.37067
1997-08-06,154.6353
1997-08-07,140.57913
1997-08-08,169.2973
1997-08-09,201.82993
1997-08-10,166.21715
1997-08-11,187.02272
1997-08-12,245.61269
1997-08-13,257.55615
1997-08-14,256.34982
1997-08-15,249.0898
1997-08-16,262.93884
1997-08-17,213.66875
1997-08-18,167.33522
1997-08-19,156.6883
1997-08-20,166.26628
1997-08-21,193.41399
1997-08-22,184.52922
1997-08-23,145.30896
1997-08-24,154.68878
1997-08-25,152.89543
1997-08-26,181.35388
1997-08-27,213.96323
1997-08-28,211.07669
1997-08-29,269.39194
1997-08-30,297.2943
1997-08-31,197.55074
1997-09-01,134.8229
1997-09-02,117.90852
1997-09-03,143.62085
1997-09-04,153.32297
1997-09-05,145.15924
1997-09-06,141.0312
1997-09-07,206.2429
1997-09-08,286.64154
1997-09-09,330.79425
1997-09-10,437.53558
1997-09-11,433.37344
1997-09-12,357.3472
1997-09-13,249.56613
1997-09-14,179.78137
1997-09-15,158.20418
1997-09-16,132.67764
1997-09-17,123.50387
1997-09-18,120.794044
1997-09-19,123.87046
1997-09-20,169.94737
1997-09-21,233.9717
1997-09-22,257.62943
1997-09-23,338.91135
1997-09-24,511.8091
1997-09-25,1009.52704
1997-09-26,1213.6086
1997-09-27,744.8271
1997-09-28,594.56683
1997-09-29,451.39197
1997-09-30,333.59146
1997-10-01,319.9421
1997-10-02,338.23297
1997-10-03,370.48462
1997-10-04,425.84494
1997-10-05,472.3406
1997-10-06,504.3548
1997-10-07,301.94025
1997-10-08,198.75325
1997-10-09,179.79132
1997-10-10,189.17851
1997-10-11,194.60365
1997-10-12,237.94328
1997-10-13,286.5789
1997-10-14,302.4812
1997-10-15,387.4144
1997-10-16,364.14304
1997-10-17,393.49417
1997-10-18,488.44406
1997-10-19,515.67535
1997-10-20,364.70093
1997-10-21,240.62334
1997-10-22,197.75444
1997-10-23,283.04575
1997-10-24,245.49321
1997-10-25,187.91904
1997-10-26,161.99176
1997-10-27,150.51666
1997-10-28,149.51245
1997-10-29,165.06232
1997-10-30,182.16943
1997-10-31,161.55783
1997-11-01,162.61438
1997-11-02,216.57477
1997-11-03,264.62344
1997-11-04,244.96152
1997-11-05,234.54048
1997-11-06,264.21683
1997-11-07,337.4788
1997-11-08,327.27237
1997-11-09,348.46823
1997-11-10,354.34906
1997-11-11,624.62415
1997-11-12,900.4858
1997-11-13,585.7749
1997-11-14,449.3874
1997-11-15,446.74023
1997-11-16,458.19876
1997-11-17,499.8523
1997-11-18,381.46274
1997-11-19,495.52844
1997-11-20,559.77423
1997-11-21,396.88
1997-11-22,383.88922
1997-11-23,285.80844
1997-11-24,209.29848
1997-11-25,176.61832
1997-11-26,182.05228
1997-11-27,250.91005
1997-11-28,325.66333
1997-11-29,248.79575
1997-11-30,182.03186
1997-12-01,185.7638
1997-12-02,187.32881
1997-12-03,214.82854
1997-12-04,199.40547
1997-12-05,155.0905
1997-12-06,123.01385
1997-12-07,108.919235
1997-12-08,115.61505
1997-12-09,131.91283
1997-12-10,118.421455
1997-12-11,115.55546
1997-12-12,109.1822
1997-12-13,96.7021
1997-12-14,88.05377
1997-12-15,84.43262
1997-12-16,90.12782
1997-12-17,109.9622
1997-12-18,111.7885
1997-12-19,103.90294
1997-12-20,109.3442
1997-12-21,113.49223
1997-12-22,104.519325
1997-12-23,102.10711
1997-12-24,105.07008
1997-12-25,76.82383
1997-12-26,69.13148
1997-12-27,66.29726
1997-12-28,61.937115
1997-12-29,60.916615
1997-12-30,67.11934
1997-12-31,73.841415
1998-01-01,77.35169
1998-01-02,83.17408
1998-01-03,79.56439
1998-01-04,64.72406
1998-01-05,54.961365
1998-01-06,52.56718
1998-01-07,61.047905
1998-01-08,72.630035
1998-01-09,94.64462
1998-01-10,101.33663
1998-01-11,94.77371
1998-01-12,105.1859
1998-01-13,114.58445
1998-01-14,106.52249
1998-01-15,96.40504
1998-01-16,91.49519
1998-01-17,73.047516
1998-01-18,73.578
1998-01-19,108.95242
1998-01-20,126.1934
1998-01-21,66.46977
1998-01-22,60.219006
1998-01-23,62.15159
1998-01-24,57.777267
1998-01-25,65.67289
1998-01-26,69.76153
1998-01-27,60.2999
1998-01-28,55.116924
1998-01-29,48.545498
1998-01-30,49.09526
1998-01-31,51.601685
1998-02-01,71.55369
1998-02-02,104.946754
1998-02-03,119.69458
1998-02-04,124.99354
1998-02-05,105.559166
1998-02-06,133.97273
1998-02-07,200.17433
1998-02-08,198.33649
1998-02-09,320.54773
1998-02-10,626.1492
1998-02-11,427.2866
1998-02-12,326.28046
1998-02-13,220.83621
1998-02-14,281.36606
1998-02-15,347.65353
1998-02-16,278.44086
1998-02-17,175.51181
1998-02-18,122.63918
1998-02-19,96.69697
1998-02-20,87.58187
1998-02-21,83.62269
1998-02-22,86.10123
1998-02-23,92.54192
1998-02-24,98.21093
1998-02-25,102.34348
1998-02-26,99.896286
1998-02-27,107.98641
1998-02-28,106.18003
1998-03-01,112.426865
1998-03-02,114.27552
1998-03-03,116.53932
1998-03-04,149.15771
1998-03-05,159.11124
1998-03-06,192.27612
1998-03-07,223.20172
1998-03-08,258.6041
1998-03-09,323.69824
1998-03-10,259.8298
1998-03-11,196.68839
1998-03-12,181.32336
1998-03-13,189.67267
1998-03-14,272.08286
1998-03-15,317.48553
1998-03-16,277.0895
1998-03-17,219.36877
1998-03-18,288.51077
1998-03-19,248.6897
1998-03-20,159.49419
1998-03-21,141.47339
1998-03-22,182.15201
1998-03-23,333.5211
1998-03-24,495.61905
1998-03-25,356.21344
1998-03-26,304.02417
1998-03-27,349.31015
1998-03-28,446.32642
1998-03-29,364.87106
1998-03-30,376.4282
1998-03-31,359.75473
1998-04-01,420.49866
1998-04-02,584.5335
1998-04-03,684.23584
1998-04-04,1027.5281
1998-04-05,1494.9352
1998-04-06,842.4292
1998-04-07,747.8596
1998-04-08,745.4408
1998-04-09,830.77094
1998-04-10,611.0607
1998-04-11,325.49792
1998-04-12,313.32886
1998-04-13,479.29254
1998-04-14,616.2976
1998-04-15,941.5929
1998-04-16,921.8648
1998-04-17,549.3502
1998-04-18,415.89664
1998-04-19,464.97482
1998-04-20,512.229
1998-04-21,663.0246
1998-04-22,1153.5637
1998-04-23,1089.0056
1998-04-24,543.1023
1998-04-25,335.60287
1998-04-26,427.3505
1998-04-27,652.1155
1998-04-28,742.2456
1998-04-29,622.37506
1998-04-30,463.95648
1998-05-01,515.2084
1998-05-02,584.13727
1998-05-03,828.70917
1998-05-04,1407.0266
1998-05-05,1536.808
1998-05-06,1424.2529
1998-05-07,1381.3959
1998-05-08,1459.9021
1998-05-09,992.8316
1998-05-10,744.73224
1998-05-11,795.9289
1998-05-12,792.5465
1998-05-13,631.704
1998-05-14,539.22546
1998-05-15,406.9139
1998-05-16,398.97162
1998-05-17,510.41354
1998-05-18,557.6111
1998-05-19,689.1396
1998-05-20,757.3276
1998-05-21,728.67957
1998-05-22,672.79944
1998-05-23,887.1677
1998-05-24,1412.8025
1998-05-25,1180.197
1998-05-26,783.8512
1998-05-27,880.1703
1998-05-28,1148.8625
1998-05-29,1206.6615
1998-05-30,1438.614
1998-05-31,1768.9153
1998-06-01,826.02167
1998-06-02,618.6714
1998-06-03,570.0885
1998-06-04,517.7375
1998-06-05,536.804
1998-06-06,526.09564
1998-06-07,560.0556
1998-06-08,627.6507
1998-06-09,768.66693
1998-06-10,825.7179
1998-06-11,674.5495
1998-06-12,432.04318
1998-06-13,363.81244
1998-06-14,397.1305
1998-06-15,430.87936
1998-06-16,608.5942
1998-06-17,1025.9188
1998-06-18,994.37006
1998-06-19,714.65234
1998-06-20,495.99585
1998-06-21,440.2911
1998-06-22,443.66306
1998-06-23,498.34464
1998-06-24,590.1139
1998-06-25,678.2507
1998-06-26,601.3057
1998-06-27,493.00357
1998-06-28,469.7294
1998-06-29,557.35547
1998-06-30,682.2169
1998-07-01,647.19525
1998-07-02,426.93286
1998-07-03,323.75717
1998-07-04,312.27948
1998-07-05,371.5965
1998-07-06,485.2477
1998-07-07,583.1057
1998-07-08,567.2164
1998-07-09,528.5568
1998-07-10,431.90958
1998-07-11,401.2229
1998-07-12,455.34967
1998-07-13,556.3205
1998-07-14,657.3906
1998-07-15,499.1113
1998-07-16,369.2273
1998-07-17,365.34158
1998-07-18,354.5247
1998-07-19,410.69672
1998-07-20,490.68204
1998-07-21,361.97668
1998-07-22,273.94034
1998-07-23,259.4864
1998-07-24,298.12115
1998-07-25,349.52353
1998-07-26,323.55014
1998-07-27,304.6461
1998-07-28,314.25793
1998-07-29,331.23373
1998-07-30,358.25238
1998-07-31,380.25803
1998-08-01,403.06256
1998-08-02,422.3335
1998-08-03,327.96875
1998-08-04,280.8931
1998-08-05,242.38066
1998-08-06,248.46852
1998-08-07,251.18164
1998-08-08,289.5567
1998-08-09,252.91164
1998-08-10,236.98083
1998-08-11,236.22043
1998-08-12,223.01219
1998-08-13,239.45122
1998-08-14,267.47598
1998-08-15,277.64178
1998-08-16,361.7047
1998-08-17,463.57538
1998-08-18,530.9162
1998-08-19,475.93756
1998-08-20,439.05746
1998-08-21,406.90662
1998-08-22,403.5205
1998-08-23,513.3377
1998-08-24,614.9901
1998-08-25,411.31198
1998-08-26,314.03397
1998-08-27,326.4032
1998-08-28,294.95526
1998-08-29,285.04807
1998-08-30,224.41197
1998-08-31,214.59789
1998-09-01,254.08455
1998-09-02,339.52615
1998-09-03,445.9613
1998-09-04,511.32837
1998-09-05,391.52243
1998-09-06,265.85458
1998-09-07,193.38074
1998-09-08,180.00594
1998-09-09,197.26724
1998-09-10,232.89241
1998-09-11,231.70094
1998-09-12,241.37854
1998-09-13,428.56674
1998-09-14,630.47046
1998-09-15,447.27145
1998-09-16,470.5478
1998-09-17,571.62714
1998-09-18,567.32764
1998-09-19,507.19672
1998-09-20,508.2923
1998-09-21,480.09494
1998-09-22,374.59238
1998-09-23,379.7595
1998-09-24,412.70258
1998-09-25,550.66174
1998-09-26,468.45847
1998-09-27,380.5328
1998-09-28,510.51706
1998-09-29,563.96814
1998-09-30,436.37265
1998-10-01,264.42978
1998-10-02,207.06712
1998-10-03,263.8696
1998-10-04,376.74988
1998-10-05,353.83325
1998-10-06,264.15378
1998-10-07,342.7358
1998-10-08,549.5535
1998-10-09,662.2594
1998-10-10,491.60477
1998-10-11,414.90436
1998-10-12,381.4289
1998-10-13,250.84677
1998-10-14,251.79076
1998-10-15,429.80338
1998-10-16,628.48157
1998-10-17,687.23816
1998-10-18,834.00696
1998-10-19,442.1456
1998-10-20,352.81564
1998-10-21,327.8842
1998-10-22,354.52664
1998-10-23,338.9575
1998-10-24,293.74335
1998-10-25,298.5885
1998-10-26,358.8811
1998-10-27,351.6427
1998-10-28,296.54657
1998-10-29,400.70096
1998-10-30,561.97504
1998-10-31,631.9737
1998-11-01,666.6677
1998-11-02,495.30035
1998-11-03,321.26407
1998-11-04,293.03348
1998-11-05,322.5032
1998-11-06,321.07074
1998-11-07,279.8881
1998-11-08,300.22495
1998-11-09,395.78555
1998-11-10,454.31937
1998-11-11,405.74026
1998-11-12,317.57187
1998-11-13,297.55054
1998-11-14,268.90033
1998-11-15,271.85324
1998-11-16,400.38443
1998-11-17,471.14914
1998-11-18,371.55765
1998-11-19,321.36655
1998-11-20,352.4814
1998-11-21,438.29694
1998-11-22,478.79092
1998-11-23,570.3711
1998-11-24,762.39954
1998-11-25,581.6913
1998-11-26,400.5887
1998-11-27,291.90317
1998-11-28,270.47397
1998-11-29,307.1991
1998-11-30,335.32587
1998-12-01,368.46152
1998-12-02,407.01392
1998-12-03,449.89102
1998-12-04,406.79535
1998-12-05,435.04993
1998-12-06,509.95908
1998-12-07,409.71066
1998-12-08,445.24728
1998-12-09,512.8522
1998-12-10,592.65295
1998-12-11,638.76654
1998-12-12,635.9576
1998-12-13,576.767
1998-12-14,471.2085
1998-12-15,513.0245
1998-12-16,599.7675
1998-12-17,476.21835
1998-12-18,337.2629
1998-12-19,303.83292
1998-12-20,245.53131
1998-12-21,213.20045
1998-12-22,219.10075
1998-12-23,244.91722
1998-12-24,292.97128
1998-12-25,280.96237
1998-12-26,246.32376
1998-12-27,277.20142
1998-12-28,335.68726
1998-12-29,354.46133
1998-12-30,324.98383
1998-12-31,320.77332
1999-01-01,258.44116
1999-01-02,236.99226
1999-01-03,226.68658
1999-01-04,206.68964
1999-01-05,182.35376
1999-01-06,161.67686
1999-01-07,154.8242
1999-01-08,165.82333
1999-01-09,126.56272
1999-01-10,118.966255
1999-01-11,142.70059
1999-01-12,201.12616
1999-01-13,263.6254
1999-01-14,250.99727
1999-01-15,177.70944
1999-01-16,116.79481
1999-01-17,99.23638
1999-01-18,125.306656
1999-01-19,153.4691
1999-01-20,128.2903
1999-01-21,147.96341
1999-01-22,180.33461
1999-01-23,188.71758
1999-01-24,205.42804
1999-01-25,218.26382
1999-01-26,233.65334
1999-01-27,229.6869
1999-01-28,231.30048
1999-01-29,255.38918
1999-01-30,208.90633
1999-01-31,154.92299
1999-02-01,131.1855
1999-02-02,127.718445
1999-02-03,128.94406
1999-02-04,122.67665
1999-02-05,137.5819
1999-02-06,150.95511
1999-02-07,151.34941
1999-02-08,164.73886
1999-02-09,188.63142
1999-02-10,186.53412
1999-02-11,182.59125
1999-02-12,270.56354
1999-02-13,306.44574
1999-02-14,335.7836
1999-02-15,427.53067
1999-02-16,447.0727
1999-02-17,511.43893
1999-02-18,563.8081
1999-02-19,529.58923
1999-02-20,586.4596
1999-02-21,639.33734
1999-02-22,647.881
1999-02-23,789.8
1999-02-24,1172.0092
1999-02-25,900.6066
1999-02-26,828.2365
1999-02-27,675.07605
1999-02-28,509.15085
1999-03-01,490.74692
1999-03-02,487.6613
1999-03-03,518.03107
1999-03-04,409.2315
1999-03-05,286.4458
1999-03-06,239.66931
1999-03-07,221.17932
1999-03-08,206.8313
1999-03-09,232.24728
1999-03-10,400.1474
1999-03-11,531.32983
1999-03-12,378.29492
1999-03-13,364.24893
1999-03-14,316.67636
1999-03-15,307.84702
1999-03-16,362.1774
1999-03-17,464.08798
1999-03-18,455.9317
1999-03-19,402.30765
1999-03-20,434.12958
1999-03-21,449.91714
1999-03-22,448.0647
1999-03-23,447.25916
1999-03-24,470.99445
1999-03-25,348.57544
1999-03-26,318.9938
1999-03-27,290.30472
1999-03-28,245.53307
1999-03-29,286.84763
1999-03-30,410.66452
1999-03-31,381.48495
1999-04-01,288.61203
1999-04-02,246.75189
1999-04-03,303.07614
1999-04-04,334.1622
1999-04-05,334.79425
1999-04-06,385.29288
1999-04-07,428.08694
1999-04-08,541.5057
1999-04-09,670.5399
1999-04-10,705.73505
1999-04-11,756.4412
1999-04-12,1147.4882
1999-04-13,1248.7472
1999-04-14,863.99347
1999-04-15,679.0248
1999-04-16,616.8761
1999-04-17,517.99347
1999-04-18,389.01318
1999-04-19,300.73328
1999-04-20,238.50923
1999-04-21,234.58626
1999-04-22,290.2056
1999-04-23,369.36368
1999-04-24,411.8618
1999-04-25,442.3847
1999-04-26,483.24765
1999-04-27,525.2216
1999-04-28,617.8192
1999-04-29,743.56995
1999-04-30,635.5167
1999-05-01,474.36615
1999-05-02,427.67737
1999-05-03,400.57
1999-05-04,395.57858
1999-05-05,376.6745
1999-05-06,530.235
1999-05-07,533.19116
1999-05-08,350.91705
1999-05-09,366.5765
1999-05-10,414.3496
1999-05-11,477.9078
1999-05-12,511.71536
1999-05-13,557.07666
1999-05-14,681.7061
1999-05-15,737.2844
1999-05-16,587.37
1999-05-17,488.8886
1999-05-18,352.62375
1999-05-19,271.97348
1999-05-20,233.94025
1999-05-21,244.34692
1999-05-22,357.53558
1999-05-23,507.16855
1999-05-24,462.06998
1999-05-25,315.5559
1999-05-26,237.13367
1999-05-27,219.89883
1999-05-28,162.29051
1999-05-29,147.75136
1999-05-30,168.8252
1999-05-31,227.5111
1999-06-01,299.53857
1999-06-02,343.82797
1999-06-03,322.88074
1999-06-04,214.47151
1999-06-05,222.15765
1999-06-06,315.73444
1999-06-07,364.72656
1999-06-08,399.70883
1999-06-09,445.68933
1999-06-10,399.02667
1999-06-11,390.56982
1999-06-12,383.7415
1999-06-13,414.0842
1999-06-14,342.2109
1999-06-15,363.22842
1999-06-16,471.37994
1999-06-17,435.74396
1999-06-18,489.1943
1999-06-19,529.60754
1999-06-20,483.89636
1999-06-21,446.02798
1999-06-22,375.32028
1999-06-23,359.1749
1999-06-24,323.98553
1999-06-25,314.9973
1999-06-26,362.18942
1999-06-27,455.78073
1999-06-28,513.67993
1999-06-29,636.0957
1999-06-30,671.7124
1999-07-01,558.477
1999-07-02,396.36398
1999-07-03,367.38663
1999-07-04,375.4691
1999-07-05,371.42783
1999-07-06,381.31027
1999-07-07,320.7681
1999-07-08,341.45782
1999-07-09,453.71988
1999-07-10,458.21466
1999-07-11,454.53418
1999-07-12,526.2848
1999-07-13,461.46616
1999-07-14,439.60504
1999-07-15,455.1784
1999-07-16,415.83014
1999-07-17,361.70706
1999-07-18,305.7246
1999-07-19,294.8726
1999-07-20,299.79388
1999-07-21,274.61243
1999-07-22,243.65746
1999-07-23,275.5953
1999-07-24,338.3895
1999-07-25,318.667
1999-07-26,307.1141
1999-07-27,315.97202
1999-07-28,359.94684
1999-07-29,389.16962
1999-07-30,440.41245
1999-07-31,526.9163
1999-08-01,456.52408
1999-08-02,443.8844
1999-08-03,493.93323
1999-08-04,473.20996
1999-08-05,509.79547
1999-08-06,569.19556
1999-08-07,618.6414
1999-08-08,468.27612
1999-08-09,311.7964
1999-08-10,265.65564
1999-08-11,308.6608
1999-08-12,403.3524
1999-08-13,394.67786
1999-08-14,374.24863
1999-08-15,373.71375
1999-08-16,354.5109
1999-08-17,391.34714
1999-08-18,472.43182
1999-08-19,466.15482
1999-08-20,400.15686
1999-08-21,383.32126
1999-08-22,430.82996
1999-08-23,479.70438
1999-08-24,488.88965
1999-08-25,441.147
1999-08-26,537.09064
1999-08-27,706.8169
1999-08-28,868.979
1999-08-29,637.9114
1999-08-30,551.58795
1999-08-31,444.12408
1999-09-01,326.47168
1999-09-02,329.6059
1999-09-03,380.69278
1999-09-04,459.1437
1999-09-05,485.79828
1999-09-06,369.82605
1999-09-07,303.47968
1999-09-08,303.30603
1999-09-09,311.18692
1999-09-10,328.83536
1999-09-11,399.34085
1999-09-12,422.65222
1999-09-13,666.86914
1999-09-14,934.8914
1999-09-15,559.72473
1999-09-16,526.68024
1999-09-17,438.4783
1999-09-18,374.26617
1999-09-19,376.30817
1999-09-20,347.8337
1999-09-21,272.83185
1999-09-22,247.95607
1999-09-23,287.54858
1999-09-24,360.86768
1999-09-25,355.49564
1999-09-26,447.5361
1999-09-27,621.3162
1999-09-28,704.0579
1999-09-29,608.93164
1999-09-30,723.12213
1999-10-01,559.0836
1999-10-02,481.7955
1999-10-03,531.88934
1999-10-04,641.1856
1999-10-05,457.1203
1999-10-06,503.81885
1999-10-07,489.75537
1999-10-08,485.59198
1999-10-09,574.3213
1999-10-10,535.1393
1999-10-11,591.7374
1999-10-12,657.84033
1999-10-13,513.09
1999-10-14,486.87976
1999-10-15,612.00165
1999-10-16,725.7347
1999-10-17,440.2584
1999-10-18,377.547
1999-10-19,441.30084
1999-10-20,494.34573
1999-10-21,450.78232
1999-10-22,708.6789
1999-10-23,1023.9057
1999-10-24,654.38153
1999-10-25,593.62616
1999-10-26,655.9791
1999-10-27,698.1816
1999-10-28,516.935
1999-10-29,443.09625
1999-10-30,521.1458
1999-10-31,638.1284
1999-11-01,629.3981
1999-11-02,509.63107
1999-11-03,454.3319
1999-11-04,791.297
1999-11-05,1188.9224
1999-11-06,727.16003
1999-11-07,455.79434
1999-11-08,371.0609
1999-11-09,417.2624
1999-11-10,475.8345
1999-11-11,420.04913
1999-11-12,399.69766
1999-11-13,414.61386
1999-11-14,405.14243
1999-11-15,369.43356
1999-11-16,346.62088
1999-11-17,271.98007
1999-11-18,269.8837
1999-11-19,415.5284
1999-11-20,788.7733
1999-11-21,947.1718
1999-11-22,669.7148
1999-11-23,454.19763
1999-11-24,308.70282
1999-11-25,325.637
1999-11-26,431.87473
1999-11-27,430.58017
1999-11-28,449.64484
1999-11-29,407.9659
1999-11-30,287.89615
1999-12-01,263.2206
1999-12-02,322.1107
1999-12-03,356.82166
1999-12-04,444.36905
1999-12-05,466.86917
1999-12-06,457.17813
1999-12-07,406.9772
1999-12-08,363.55917
1999-12-09,339.36554
1999-12-10,347.4982
1999-12-11,290.7815
1999-12-12,324.35422
1999-12-13,369.03528
1999-12-14,458.70563
1999-12-15,583.32385
1999-12-16,495.33597
1999-12-17,435.3975
1999-12-18,449.7476
1999-12-19,400.09915
1999-12-20,300.34332
1999-12-21,255.88605
1999-12-22,222.67674
1999-12-23,242.00322
1999-12-24,289.99063
1999-12-25,246.35075
1999-12-26,243.81096
1999-12-27,240.63222
1999-12-28,197.23962
1999-12-29,189.10378
1999-12-30,257.7064
1999-12-31,325.0995
2000-01-01,235.42996
2000-01-02,196.07982
2000-01-03,184.2644
2000-01-04,213.95598
2000-01-05,296.29114
2000-01-06,333.05423
2000-01-07,285.00696
2000-01-08,269.73306
2000-01-09,317.84293
2000-01-10,350.56677
2000-01-11,321.397
2000-01-12,291.39423
2000-01-13,204.04642
2000-01-14,167.84119
2000-01-15,143.48671
2000-01-16,143.94525
2000-01-17,182.38272
2000-01-18,201.51901
2000-01-19,212.01712
2000-01-20,238.82288
2000-01-21,230.53806
2000-01-22,200.33417
2000-01-23,145.85695
2000-01-24,125.86545
2000-01-25,125.20768
2000-01-26,152.24715
2000-01-27,187.60114
2000-01-28,267.94455
2000-01-29,270.6904
2000-01-30,259.36914
2000-01-31,290.79114
2000-02-01,324.51883
2000-02-02,420.00854
2000-02-03,487.52725
2000-02-04,484.12097
2000-02-05,360.0727
2000-02-06,250.74123
2000-02-07,195.65736
2000-02-08,145.61711
2000-02-09,122.14434
2000-02-10,120.68073
2000-02-11,129.66988
2000-02-12,132.38869
2000-02-13,135.53886
2000-02-14,126.39759
2000-02-15,105.73669
2000-02-16,86.4026
2000-02-17,83.4704
2000-02-18,97.959305
2000-02-19,164.39851
2000-02-20,236.55135
2000-02-21,200.23578
2000-02-22,192.79472
2000-02-23,252.26607
2000-02-24,274.97992
2000-02-25,287.05276
2000-02-26,327.1677
2000-02-27,444.39053
2000-02-28,520.7677
2000-02-29,503.1921
2000-03-01,457.95752
2000-03-02,428.5591
2000-03-03,307.183
2000-03-04,281.5282
2000-03-05,287.68686
2000-03-06,239.1774
2000-03-07,195.34854
2000-03-08,175.87408
2000-03-09,212.0014
2000-03-10,283.52698
2000-03-11,277.72974
2000-03-12,223.0082
2000-03-13,236.10173
2000-03-14,248.67519
2000-03-15,233.54892
2000-03-16,215.23592
2000-03-17,185.18799
2000-03-18,219.14159
2000-03-19,312.01328
2000-03-20,257.4267
2000-03-21,188.0441
2000-03-22,213.91394
2000-03-23,174.28166
2000-03-24,262.66376
2000-03-25,349.96494
2000-03-26,297.4511
2000-03-27,426.931
2000-03-28,437.4549
2000-03-29,401.08057
2000-03-30,422.53455
2000-03-31,346.16757
2000-04-01,265.29892
2000-04-02,205.57193
2000-04-03,176.28047
2000-04-04,192.09901
2000-04-05,193.42784
2000-04-06,254.04279
2000-04-07,506.82654
2000-04-08,635.5234
2000-04-09,568.81036
2000-04-10,416.36545
2000-04-11,234.65736
2000-04-12,193.42856
2000-04-13,214.59874
2000-04-14,281.68436
2000-04-15,385.04086
2000-04-16,496.5703
2000-04-17,436.22528
2000-04-18,435.80878
2000-04-19,493.45868
2000-04-20,474.83896
2000-04-21,443.66235
2000-04-22,352.2033
2000-04-23,311.46146
2000-04-24,336.87607
2000-04-25,432.0404
2000-04-26,526.88763
2000-04-27,448.72952
2000-04-28,361.20886
2000-04-29,310.7271
2000-04-30,285.47543
2000-05-01,299.96918
2000-05-02,292.37274
2000-05-03,327.4172
2000-05-04,374.63678
2000-05-05,334.47226
2000-05-06,399.532
2000-05-07,483.52023
2000-05-08,588.9921
2000-05-09,508.90775
2000-05-10,418.0048
2000-05-11,432.21118
2000-05-12,647.669
2000-05-13,839.4171
2000-05-14,684.3129
2000-05-15,595.19446
2000-05-16,577.3871
2000-05-17,729.49
2000-05-18,784.15796
2000-05-19,490.22128
2000-05-20,389.82333
2000-05-21,433.84888
2000-05-22,466.50095
2000-05-23,479.6499
2000-05-24,503.75436
2000-05-25,570.044
2000-05-26,582.8682
2000-05-27,765.6908
2000-05-28,790.1942
2000-05-29,454.97565
2000-05-30,403.34875
2000-05-31,437.78345
2000-06-01,541.0155
2000-06-02,641.3276
2000-06-03,704.9618
2000-06-04,645.976
2000-06-05,457.69632
2000-06-06,427.59222
2000-06-07,470.73462
2000-06-08,419.62656
2000-06-09,527.0821
2000-06-10,709.75793
2000-06-11,666.1583
2000-06-12,596.1722
2000-06-13,532.14453
2000-06-14,455.63626
2000-06-15,646.03467
2000-06-16,801.72687
2000-06-17,510.9399
2000-06-18,495.99664
2000-06-19,603.1467
2000-06-20,675.49756
2000-06-21,629.2574
2000-06-22,540.9629
2000-06-23,440.75436
2000-06-24,412.33853
2000-06-25,605.0522
2000-06-26,780.5849
2000-06-27,558.2094
2000-06-28,401.3824
2000-06-29,337.7319
2000-06-30,351.017
2000-07-01,375.75296
2000-07-02,305.961
2000-07-03,254.26201
2000-07-04,248.67891
2000-07-05,266.70648
2000-07-06,337.2783
2000-07-07,369.02417
2000-07-08,369.9032
2000-07-09,304.253
2000-07-10,231.46506
2000-07-11,176.51572
2000-07-12,149.21626
2000-07-13,147.34834
2000-07-14,215.57527
2000-07-15,352.44806
2000-07-16,382.9054
2000-07-17,358.88876
2000-07-18,343.54712
2000-07-19,407.45932
2000-07-20,448.32065
2000-07-21,490.65778
2000-07-22,549.6133
2000-07-23,751.6691
2000-07-24,645.5045
2000-07-25,320.44852
2000-07-26,249.00912
2000-07-27,267.41397
2000-07-28,355.50558
2000-07-29,442.7199
2000-07-30,460.20193
2000-07-31,544.9918
2000-08-01,534.09503
2000-08-02,357.2753
2000-08-03,362.7721
2000-08-04,379.80795
2000-08-05,388.33243
2000-08-06,431.4839
2000-08-07,496.06738
2000-08-08,442.64526
2000-08-09,351.95978
2000-08-10,318.63922
2000-08-11,278.58954
2000-08-12,230.70253
2000-08-13,189.78929
2000-08-14,199.01385
2000-08-15,220.3068
2000-08-16,200.69345
2000-08-17,238.30147
2000-08-18,257.02716
2000-08-19,208.31876
2000-08-20,172.3895
2000-08-21,158.06285
2000-08-22,148.50966
2000-08-23,148.67778
2000-08-24,174.00713
2000-08-25,209.02063
2000-08-26,222.09894
2000-08-27,259.9286
2000-08-28,259.2335
2000-08-29,191.96222
2000-08-30,237.18018
2000-08-31,224.42226
2000-09-01,216.74803
2000-09-02,316.49774
2000-09-03,371.10007
2000-09-04,425.18463
2000-09-05,421.71906
2000-09-06,488.36746
2000-09-07,527.9777
2000-09-08,511.629
2000-09-09,505.99054
2000-09-10,416.0038
2000-09-11,440.08963
2000-09-12,454.877
2000-09-13,436.27875
2000-09-14,285.35355
2000-09-15,229.3748
2000-09-16,229.98079
2000-09-17,287.0106
2000-09-18,338.6163
2000-09-19,317.9432
2000-09-20,286.80777
2000-09-21,279.73416
2000-09-22,304.0928
2000-09-23,350.73453
2000-09-24,397.99524
2000-09-25,425.32962
2000-09-26,463.8891
2000-09-27,419.74158
2000-09-28,352.49695
2000-09-29,350.85748
2000-09-30,389.34546
2000-10-01,561.72345
2000-10-02,570.1645
2000-10-03,426.14703
2000-10-04,454.6305
2000-10-05,461.89294
2000-10-06,414.1921
2000-10-07,331.46893
2000-10-08,267.09048
2000-10-09,266.71054
2000-10-10,300.69373
2000-10-11,316.3326
2000-10-12,236.96832
2000-10-13,182.79272
2000-10-14,203.9377
2000-10-15,229.01033
2000-10-16,225.69731
2000-10-17,288.16647
2000-10-18,364.0139
2000-10-19,314.81262
2000-10-20,279.0922
2000-10-21,288.33014
2000-10-22,341.4697
2000-10-23,472.47757
2000-10-24,446.11362
2000-10-25,416.6842
2000-10-26,507.69937
2000-10-27,633.6435
2000-10-28,652.1463
2000-10-29,561.76324
2000-10-30,459.38242
2000-10-31,491.6394
2000-11-01,478.8588
2000-11-02,456.40448
2000-11-03,552.712
2000-11-04,635.26953
2000-11-05,467.88892
2000-11-06,398.30194
2000-11-07,361.8284
2000-11-08,347.3242
2000-11-09,413.9808
2000-11-10,488.9012
2000-11-11,612.5949
2000-11-12,743.031
2000-11-13,519.02386
2000-11-14,365.37085
2000-11-15,312.0217
2000-11-16,291.1564
2000-11-17,256.45682
2000-11-18,258.2633
2000-11-19,400.1252
2000-11-20,529.9629
2000-11-21,424.5711
2000-11-22,232.39067
2000-11-23,155.5285
2000-11-24,138.73964
2000-11-25,165.36197
2000-11-26,241.35693
2000-11-27,253.17232
2000-11-28,197.6118
2000-11-29,203.32881
2000-11-30,230.02736
2000-12-01,232.55028
2000-12-02,189.03809
2000-12-03,174.32893
2000-12-04,197.06088
2000-12-05,245.5769
2000-12-06,253.38823
2000-12-07,210.18597
2000-12-08,194.7499
2000-12-09,218.32835
2000-12-10,186.02133
2000-12-11,150.58884
2000-12-12,139.00345
2000-12-13,129.38686
2000-12-14,126.7255
2000-12-15,118.6059
2000-12-16,132.8864
2000-12-17,177.62479
2000-12-18,176.07098
2000-12-19,124.04839
2000-12-20,100.63421
2000-12-21,132.31918
2000-12-22,182.84134
2000-12-23,165.68031
2000-12-24,138.21524
2000-12-25,131.69525
2000-12-26,159.56921
2000-12-27,174.6631
2000-12-28,195.6644
2000-12-29,237.55405
2000-12-30,275.35364
2000-12-31,388.0614
2001-01-01,350.1152
2001-01-02,202.35822
2001-01-03,150.43486
2001-01-04,101.9782
2001-01-05,81.065704
2001-01-06,80.98774
2001-01-07,86.53641
2001-01-08,97.09521
2001-01-09,96.23253
2001-01-10,81.97185
2001-01-11,77.514435
2001-01-12,82.045746
2001-01-13,82.53504
2001-01-14,77.92072
2001-01-15,76.86545
2001-01-16,68.986916
2001-01-17,65.51709
2001-01-18,78.477585
2001-01-19,96.635056
2001-01-20,94.99922
2001-01-21,115.71381
2001-01-22,108.471825
2001-01-23,94.363464
2001-01-24,108.047226
2001-01-25,112.10755
2001-01-26,111.289764
2001-01-27,103.68127
2001-01-28,76.64754
2001-01-29,55.50391
2001-01-30,51.19852
2001-01-31,46.883507
2001-02-01,45.98031
2001-02-02,46.391697
2001-02-03,45.759216
2001-02-04,43.994682
2001-02-05,48.555336
2001-02-06,50.21736
2001-02-07,54.35045
2001-02-08,67.233665
2001-02-09,86.502594
2001-02-10,114.71601
2001-02-11,117.59282
2001-02-12,88.16307
2001-02-13,68.39742
2001-02-14,57.67798
2001-02-15,56.626408
2001-02-16,49.914482
2001-02-17,40.210373
2001-02-18,39.24589
2001-02-19,42.79888
2001-02-20,57.89959
2001-02-21,88.948975
2001-02-22,128.67686
2001-02-23,172.43497
2001-02-24,246.90341
2001-02-25,230.88582
2001-02-26,247.55887
2001-02-27,179.40977
2001-02-28,157.10745
2001-03-01,147.1385
2001-03-02,135.8719
2001-03-03,116.81772
2001-03-04,119.04549
2001-03-05,196.43393
2001-03-06,285.80124
2001-03-07,348.6484
2001-03-08,368.53897
2001-03-09,380.03784
2001-03-10,280.71234
2001-03-11,260.74866
2001-03-12,233.76016
2001-03-13,169.44812
2001-03-14,141.34135
2001-03-15,128.22125
2001-03-16,156.93262
2001-03-17,171.04564
2001-03-18,169.67024
2001-03-19,227.9185
2001-03-20,295.8948
2001-03-21,310.43875
2001-03-22,414.85764
2001-03-23,583.5159
2001-03-24,521.5794
2001-03-25,456.07266
2001-03-26,370.865
2001-03-27,277.23227
2001-03-28,229.64487
2001-03-29,177.99423
2001-03-30,177.96045
2001-03-31,194.61687
2001-04-01,182.22997
2001-04-02,177.40086
2001-04-03,172.94803
2001-04-04,154.72353
2001-04-05,126.58078
2001-04-06,156.20154
2001-04-07,228.30907
2001-04-08,222.42865
2001-04-09,188.87694
2001-04-10,199.59563
2001-04-11,204.50725
2001-04-12,198.67345
2001-04-13,190.281
2001-04-14,182.14015
2001-04-15,184.7762
2001-04-16,237.68776
2001-04-17,255.46672
2001-04-18,326.7623
2001-04-19,376.86652
2001-04-20,365.66293
2001-04-21,339.68542
2001-04-22,282.4675
2001-04-23,194.95535
2001-04-24,178.37787
2001-04-25,187.15242
2001-04-26,197.60277
2001-04-27,207.53627
2001-04-28,295.69952
2001-04-29,363.11957
2001-04-30,293.82135
2001-05-01,310.16824
2001-05-02,321.13748
2001-05-03,318.48032
2001-05-04,419.86612
2001-05-05,472.206
2001-05-06,489.1123
2001-05-07,515.97156
2001-05-08,535.38226
2001-05-09,521.9341
2001-05-10,681.96234
2001-05-11,1003.0783
2001-05-12,1052.3998
2001-05-13,414.3804
2001-05-14,291.7085
2001-05-15,311.13153
2001-05-16,377.77057
2001-05-17,494.70718
2001-05-18,438.23404
2001-05-19,356.8203
2001-05-20,303.3695
2001-05-21,358.7664
2001-05-22,380.19263
2001-05-23,379.26855
2001-05-24,334.22778
2001-05-25,282.26328
2001-05-26,249.79057
2001-05-27,278.2096
2001-05-28,336.40546
2001-05-29,312.27057
2001-05-30,320.82733
2001-05-31,346.24512
2001-06-01,356.50046
2001-06-02,378.54785
2001-06-03,459.84366
2001-06-04,523.44385
2001-06-05,488.77524
2001-06-06,432.1828
2001-06-07,420.1007
2001-06-08,411.03525
2001-06-09,383.5923
2001-06-10,395.17358
2001-06-11,406.02774
2001-06-12,320.7586
2001-06-13,354.92484
2001-06-14,323.06372
2001-06-15,306.42093
2001-06-16,342.1587
2001-06-17,322.11142
2001-06-18,237.64188
2001-06-19,200.05528
2001-06-20,197.9338
2001-06-21,252.6002
2001-06-22,359.75153
2001-06-23,372.10876
2001-06-24,303.1518
2001-06-25,254.81133
2001-06-26,363.38193
2001-06-27,397.39545
2001-06-28,279.4392
2001-06-29,270.911
2001-06-30,342.39896
2001-07-01,435.8967
2001-07-02,436.61157
2001-07-03,337.55536
2001-07-04,270.764
2001-07-05,245.98672
2001-07-06,222.01729
2001-07-07,246.57574
2001-07-08,299.0169
2001-07-09,307.22104
2001-07-10,327.19315
2001-07-11,302.6559
2001-07-12,312.22043
2001-07-13,365.69852
2001-07-14,333.47815
2001-07-15,297.19556
2001-07-16,325.01453
2001-07-17,378.5416
2001-07-18,350.76166
2001-07-19,261.2832
2001-07-20,244.94197
2001-07-21,262.86136
2001-07-22,319.12796
2001-07-23,322.18808
2001-07-24,301.30264
2001-07-25,314.756
2001-07-26,277.19595
2001-07-27,264.5992
2001-07-28,292.44452
2001-07-29,334.16385
2001-07-30,338.1477
2001-07-31,289.70612
2001-08-01,345.38278
2001-08-02,441.12778
2001-08-03,374.44342
2001-08-04,321.14706
2001-08-05,391.25958
2001-08-06,621.96094
2001-08-07,710.52075
2001-08-08,442.83847
2001-08-09,406.11502
2001-08-10,552.6932
2001-08-11,489.77316
2001-08-12,354.75638
2001-08-13,401.62283
2001-08-14,391.5935
2001-08-15,290.82166
2001-08-16,253.46043
2001-08-17,252.00696
2001-08-18,313.31653
2001-08-19,266.1674
2001-08-20,215.95079
2001-08-21,205.75162
2001-08-22,228.68658
2001-08-23,352.7464
2001-08-24,390.6045
2001-08-25,265.2261
2001-08-26,238.96552
2001-08-27,257.91385
2001-08-28,240.33476
2001-08-29,191.06757
2001-08-30,171.23137
2001-08-31,158.88705
2001-09-01,132.22433
2001-09-02,127.90325
2001-09-03,142.74437
2001-09-04,185.59337
2001-09-05,214.2241
2001-09-06,213.67195
2001-09-07,224.64081
2001-09-08,176.43715
2001-09-09,179.0475
2001-09-10,168.55699
2001-09-11,142.50397
2001-09-12,171.49393
2001-09-13,291.22403
2001-09-14,420.9349
2001-09-15,694.73267
2001-09-16,884.3583
2001-09-17,500.89877
2001-09-18,293.6541
2001-09-19,237.68768
2001-09-20,279.8392
2001-09-21,260.28296
2001-09-22,244.04414
2001-09-23,251.95026
2001-09-24,314.8062
2001-09-25,305.72305
2001-09-26,244.48438
2001-09-27,206.57668
2001-09-28,205.05786
2001-09-29,234.41177
2001-09-30,266.32693
2001-10-01,248.3721
2001-10-02,273.62192
2001-10-03,220.5493
2001-10-04,226.92554
2001-10-05,242.6432
2001-10-06,220.39801
2001-10-07,209.10667
2001-10-08,210.0072
2001-10-09,245.22403
2001-10-10,234.29497
2001-10-11,225.45955
2001-10-12,252.35904
2001-10-13,220.46666
2001-10-14,183.64551
2001-10-15,163.21674
2001-10-16,259.588
2001-10-17,390.9945
2001-10-18,359.8692
2001-10-19,426.1435
2001-10-20,509.3355
2001-10-21,517.9785
2001-10-22,465.49808
2001-10-23,414.82925
2001-10-24,455.2098
2001-10-25,471.05573
2001-10-26,478.19858
2001-10-27,489.3638
2001-10-28,421.76157
2001-10-29,376.40796
2001-10-30,353.16013
2001-10-31,390.5551
2001-11-01,578.9074
2001-11-02,732.8384
2001-11-03,751.8613
2001-11-04,727.3237
2001-11-05,576.90094
2001-11-06,420.81577
2001-11-07,329.7164
2001-11-08,308.09802
2001-11-09,284.30276
2001-11-10,283.61172
2001-11-11,333.0484
2001-11-12,349.6012
2001-11-13,424.93872
2001-11-14,399.43015
2001-11-15,350.7843
2001-11-16,343.13736
2001-11-17,353.59546
2001-11-18,268.10638
2001-11-19,234.02304
2001-11-20,267.06277
2001-11-21,303.11066
2001-11-22,299.18317
2001-11-23,289.32178
2001-11-24,264.8339
2001-11-25,222.18246
2001-11-26,260.481
2001-11-27,269.03824
2001-11-28,248.34549
2001-11-29,345.85648
2001-11-30,445.657
2001-12-01,376.75446
2001-12-02,313.3268
2001-12-03,300.21478
2001-12-04,276.88928
2001-12-05,244.68434
2001-12-06,210.9886
2001-12-07,192.26772
2001-12-08,211.71822
2001-12-09,257.83667
2001-12-10,288.29776
2001-12-11,266.58224
2001-12-12,270.0056
2001-12-13,242.70992
2001-12-14,219.61928
2001-12-15,234.54391
2001-12-16,243.07195
2001-12-17,321.12155
2001-12-18,350.82962
2001-12-19,303.0527
2001-12-20,294.17947
2001-12-21,217.91292
2001-12-22,235.3555
2001-12-23,280.1386
2001-12-24,275.24966
2001-12-25,204.18175
2001-12-26,197.97714
2001-12-27,259.07074
2001-12-28,333.66913
2001-12-29,310.31036
2001-12-30,234.19435
2001-12-31,165.37044
2002-01-01,136.33772
2002-01-02,140.85846
2002-01-03,141.57187
2002-01-04,107.25268
2002-01-05,98.54269
2002-01-06,98.30341
2002-01-07,99.07236
2002-01-08,107.22788
2002-01-09,166.99493
2002-01-10,183.41455
2002-01-11,156.75879
2002-01-12,128.37772
2002-01-13,107.35288
2002-01-14,99.86634
2002-01-15,114.7612
2002-01-16,121.943405
2002-01-17,100.965935
2002-01-18,88.76043
2002-01-19,82.82257
2002-01-20,76.08847
2002-01-21,71.51498
2002-01-22,81.95706
2002-01-23,92.66674
2002-01-24,93.00888
2002-01-25,125.26853
2002-01-26,136.23978
2002-01-27,98.768486
2002-01-28,74.80973
2002-01-29,61.746822
2002-01-30,67.63298
2002-01-31,97.67832
2002-02-01,151.15094
2002-02-02,183.92343
2002-02-03,194.56102
2002-02-04,203.33887
2002-02-05,177.71292
2002-02-06,141.65454
2002-02-07,121.87816
2002-02-08,120.75843
2002-02-09,131.46927
2002-02-10,126.704605
2002-02-11,113.86308
2002-02-12,104.87208
2002-02-13,129.68192
2002-02-14,134.54431
2002-02-15,66.8022
2002-02-16,57.180424
2002-02-17,50.089783
2002-02-18,49.103622
2002-02-19,48.94941
2002-02-20,56.152115
2002-02-21,77.02638
2002-02-22,85.479004
2002-02-23,68.153824
2002-02-24,73.53678
2002-02-25,91.21742
2002-02-26,80.93724
2002-02-27,67.80729
2002-02-28,78.339325
2002-03-01,96.19967
2002-03-02,89.68877
2002-03-03,68.53567
2002-03-04,55.361427
2002-03-05,49.35015
2002-03-06,54.834393
2002-03-07,68.36632
2002-03-08,75.52207
2002-03-09,72.06913
2002-03-10,57.731247
2002-03-11,53.037426
2002-03-12,55.223225
2002-03-13,88.053055
2002-03-14,191.6408
2002-03-15,252.96948
2002-03-16,212.86519
2002-03-17,202.79326
2002-03-18,268.97897
2002-03-19,302.79944
2002-03-20,310.0557
2002-03-21,384.61154
2002-03-22,539.87115
2002-03-23,694.151
2002-03-24,662.33936
2002-03-25,563.65173
2002-03-26,403.20493
2002-03-27,338.03674
2002-03-28,290.2561
2002-03-29,346.1697
2002-03-30,353.58923
2002-03-31,333.22577
2002-04-01,286.81625
2002-04-02,275.9245
2002-04-03,349.75003
2002-04-04,460.25314
2002-04-05,539.1026
2002-04-06,469.7191
2002-04-07,381.22263
2002-04-08,442.02542
2002-04-09,1063.1788
2002-04-10,1547.8356
2002-04-11,877.4487
2002-04-12,633.2992
2002-04-13,521.5793
2002-04-14,390.77527
2002-04-15,365.48697
2002-04-16,402.45276
2002-04-17,420.2322
2002-04-18,437.20132
2002-04-19,482.23434
2002-04-20,569.21
2002-04-21,617.2178
2002-04-22,710.86346
2002-04-23,823.27124
2002-04-24,643.841
2002-04-25,770.99884
2002-04-26,1154.1459
2002-04-27,1058.9749
2002-04-28,728.70557
2002-04-29,532.41125
2002-04-30,462.63757
2002-05-01,458.59348
2002-05-02,484.9136
2002-05-03,499.3605
2002-05-04,498.45953
2002-05-05,449.84592
2002-05-06,320.26498
2002-05-07,278.0845
2002-05-08,264.52606
2002-05-09,288.9194
2002-05-10,283.43524
2002-05-11,308.66196
2002-05-12,369.09195
2002-05-13,404.57846
2002-05-14,309.78897
2002-05-15,300.53604
2002-05-16,319.23117
2002-05-17,360.6733
2002-05-18,395.63568
2002-05-19,504.44595
2002-05-20,526.41693
2002-05-21,478.241
2002-05-22,347.46387
2002-05-23,396.04443
2002-05-24,459.91412
2002-05-25,452.60458
2002-05-26,614.6288
2002-05-27,965.4259
2002-05-28,920.51483
2002-05-29,743.78516
2002-05-30,936.53467
2002-05-31,1273.0742
2002-06-01,1204.2922
2002-06-02,808.4795
2002-06-03,715.8976
2002-06-04,514.3355
2002-06-05,494.2548
2002-06-06,845.5364
2002-06-07,1333.1293
2002-06-08,1063.2766
2002-06-09,774.3307
2002-06-10,556.5569
2002-06-11,495.51224
2002-06-12,448.55194
2002-06-13,503.501
2002-06-14,467.9502
2002-06-15,391.1624
2002-06-16,401.02072
2002-06-17,383.04462
2002-06-18,480.52927
2002-06-19,531.77185
2002-06-20,529.2859
2002-06-21,505.16504
2002-06-22,489.31522
2002-06-23,437.16586
2002-06-24,406.5418
2002-06-25,445.4917
2002-06-26,487.1454
2002-06-27,494.3107
2002-06-28,490.44638
2002-06-29,453.08044
2002-06-30,511.73557
2002-07-01,560.8779
2002-07-02,596.9165
2002-07-03,495.20694
2002-07-04,355.1564
2002-07-05,333.6025
2002-07-06,319.28934
2002-07-07,363.28168
2002-07-08,395.16473
2002-07-09,338.03287
2002-07-10,253.3785
2002-07-11,211.63812
2002-07-12,224.05852
2002-07-13,279.57767
2002-07-14,319.31018
2002-07-15,302.22363
2002-07-16,344.14417
2002-07-17,358.12662
2002-07-18,357.54062
2002-07-19,415.90082
2002-07-20,402.72586
2002-07-21,350.23703
2002-07-22,405.5151
2002-07-23,403.66797
2002-07-24,289.34286
2002-07-25,265.5553
2002-07-26,288.74774
2002-07-27,269.7301
2002-07-28,260.10034
2002-07-29,236.40762
2002-07-30,192.70421
2002-07-31,181.7856
2002-08-01,191.35217
2002-08-02,202.81888
2002-08-03,224.02594
2002-08-04,237.35861
2002-08-05,252.79222
2002-08-06,304.2235
2002-08-07,261.0167
2002-08-08,169.94522
2002-08-09,190.51454
2002-08-10,273.06516
2002-08-11,310.69394
2002-08-12,251.98236
2002-08-13,213.93085
2002-08-14,196.65233
2002-08-15,238.16025
2002-08-16,333.7855
2002-08-17,351.8668
2002-08-18,296.13165
2002-08-19,233.48045
2002-08-20,221.9293
2002-08-21,208.18272
2002-08-22,220.5227
2002-08-23,213.75003
2002-08-24,201.51712
2002-08-25,218.56703
2002-08-26,241.30148
2002-08-27,275.21213
2002-08-28,328.46667
2002-08-29,341.5042
2002-08-30,316.6758
2002-08-31,324.80234
2002-09-01,374.01065
2002-09-02,365.6394
2002-09-03,321.23657
2002-09-04,383.1845
2002-09-05,375.78873
2002-09-06,256.42004
2002-09-07,222.30772
2002-09-08,208.16707
2002-09-09,198.52718
2002-09-10,180.71558
2002-09-11,179.16673
2002-09-12,201.8907
2002-09-13,242.44504
2002-09-14,228.87404
2002-09-15,200.90878
2002-09-16,170.65768
2002-09-17,163.54988
2002-09-18,191.3366
2002-09-19,246.69585
2002-09-20,324.61697
2002-09-21,336.76196
2002-09-22,263.48074
2002-09-23,188.35555
2002-09-24,160.25835
2002-09-25,151.26117
2002-09-26,174.509
2002-09-27,220.98494
2002-09-28,299.4415
2002-09-29,382.90427
2002-09-30,369.94934
2002-10-01,249.83707
2002-10-02,177.10234
2002-10-03,146.46007
2002-10-04,152.93588
2002-10-05,142.32578
2002-10-06,123.01156
2002-10-07,119.88329
2002-10-08,170.54903
2002-10-09,239.30841
2002-10-10,253.63516
2002-10-11,214.45703
2002-10-12,194.66588
2002-10-13,253.14972
2002-10-14,243.69356
2002-10-15,165.58287
2002-10-16,160.37286
2002-10-17,172.96463
2002-10-18,197.30948
2002-10-19,248.30453
2002-10-20,268.10025
2002-10-21,242.31422
2002-10-22,264.04327
2002-10-23,310.0512
2002-10-24,384.92776
2002-10-25,534.19946
2002-10-26,587.90283
2002-10-27,495.56607
2002-10-28,491.4955
2002-10-29,742.06714
2002-10-30,994.65967
2002-10-31,925.7683
2002-11-01,818.5074
2002-11-02,504.21243
2002-11-03,384.97073
2002-11-04,426.75394
2002-11-05,428.7364
2002-11-06,355.72177
2002-11-07,310.45386
2002-11-08,344.2032
2002-11-09,565.8486
2002-11-10,710.01276
2002-11-11,419.8851
2002-11-12,271.82864
2002-11-13,221.62851
2002-11-14,203.17517
2002-11-15,263.29016
2002-11-16,303.4882
2002-11-17,259.4172
2002-11-18,267.89508
2002-11-19,219.17293
2002-11-20,248.15677
2002-11-21,233.40108
2002-11-22,211.67357
2002-11-23,195.45143
2002-11-24,169.56487
2002-11-25,167.75334
2002-11-26,172.74551
2002-11-27,161.44731
2002-11-28,151.89166
2002-11-29,142.32947
2002-11-30,144.77129
2002-12-01,155.1543
2002-12-02,162.72643
2002-12-03,144.34627
2002-12-04,127.66436
2002-12-05,114.98685
2002-12-06,123.06216
2002-12-07,131.70279
2002-12-08,119.044754
2002-12-09,109.29626
2002-12-10,140.81856
2002-12-11,181.68489
2002-12-12,166.71718
2002-12-13,124.22023
2002-12-14,96.89364
2002-12-15,88.94958
2002-12-16,146.08435
2002-12-17,277.51187
2002-12-18,281.97272
2002-12-19,333.1704
2002-12-20,329.33344
2002-12-21,265.27322
2002-12-22,202.97981
2002-12-23,163.27747
2002-12-24,124.55955
2002-12-25,98.24032
2002-12-26,89.67298
2002-12-27,87.55355
2002-12-28,89.58462
2002-12-29,93.37929
2002-12-30,89.7878
2002-12-31,79.60706
2003-01-01,77.43824
2003-01-02,72.34917
2003-01-03,69.84534
2003-01-04,66.41456
2003-01-05,70.86145
2003-01-06,69.93869
2003-01-07,66.65355
2003-01-08,65.60071
2003-01-09,62.669044
2003-01-10,63.101185
2003-01-11,62.165154
2003-01-12,60.30135
2003-01-13,56.597206
2003-01-14,53.507523
2003-01-15,55.419254
2003-01-16,58.09257
2003-01-17,59.341534
2003-01-18,62.64388
2003-01-19,72.68596
2003-01-20,87.19866
2003-01-21,110.45259
2003-01-22,114.894905
2003-01-23,107.88964
2003-01-24,79.45445
2003-01-25,60.95227
2003-01-26,59.571632
2003-01-27,70.76541
2003-01-28,95.81618
2003-01-29,123.30326
2003-01-30,95.4819
2003-01-31,59.39936
2003-02-01,52.03985
2003-02-02,53.990185
2003-02-03,67.04727
2003-02-04,71.36678
2003-02-05,65.2148
2003-02-06,49.992527
2003-02-07,41.999302
2003-02-08,43.362465
2003-02-09,79.12814
2003-02-10,129.72386
2003-02-11,149.76236
2003-02-12,158.3099
2003-02-13,155.40405
2003-02-14,178.17612
2003-02-15,155.4316
2003-02-16,122.11851
2003-02-17,78.727974
2003-02-18,70.360275
2003-02-19,111.40336
2003-02-20,143.82965
2003-02-21,128.46092
2003-02-22,109.05121
2003-02-23,113.08466
2003-02-24,115.39517
2003-02-25,115.296196
2003-02-26,116.11519
2003-02-27,161.12094
2003-02-28,240.48203
2003-03-01,188.0799
2003-03-02,112.22454
2003-03-03,82.96331
2003-03-04,85.80121
2003-03-05,69.229836
2003-03-06,65.455345
2003-03-07,52.769264
2003-03-08,43.433567
2003-03-09,39.361225
2003-03-10,42.06694
2003-03-11,52.563396
2003-03-12,64.98271
2003-03-13,65.493385
2003-03-14,79.958855
2003-03-15,123.55049
2003-03-16,178.0126
2003-03-17,266.88782
2003-03-18,382.19443
2003-03-19,389.05896
2003-03-20,268.54752
2003-03-21,238.30162
2003-03-22,311.32812
2003-03-23,337.58032
2003-03-24,304.46188
2003-03-25,263.21365
2003-03-26,228.35338
2003-03-27,250.7987
2003-03-28,281.24564
2003-03-29,280.9821
2003-03-30,312.56873
2003-03-31,295.24677
2003-04-01,313.49658
2003-04-02,256.69745
2003-04-03,179.76242
2003-04-04,129.7252
2003-04-05,150.09993
2003-04-06,183.27713
2003-04-07,203.1084
2003-04-08,255.44263
2003-04-09,250.73143
2003-04-10,245.25089
2003-04-11,262.0737
2003-04-12,319.54773
2003-04-13,422.75735
2003-04-14,504.37915
2003-04-15,557.51373
2003-04-16,567.63837
2003-04-17,718.05524
2003-04-18,662.6935
2003-04-19,542.46484
2003-04-20,576.04205
2003-04-21,697.824
2003-04-22,633.3277
2003-04-23,686.4887
2003-04-24,699.48883
2003-04-25,711.7298
2003-04-26,715.3229
2003-04-27,699.28094
2003-04-28,708.4332
2003-04-29,642.6331
2003-04-30,549.834
2003-05-01,425.63315
2003-05-02,314.28482
2003-05-03,271.36792
2003-05-04,312.2749
2003-05-05,325.0449
2003-05-06,372.62698
2003-05-07,356.62766
2003-05-08,296.73413
2003-05-09,304.22275
2003-05-10,426.58945
2003-05-11,565.44995
2003-05-12,505.05875
2003-05-13,492.38397
2003-05-14,449.0423
2003-05-15,414.91098
2003-05-16,427.70145
2003-05-17,456.02637
2003-05-18,451.6988
2003-05-19,521.45135
2003-05-20,628.08374
2003-05-21,647.5673
2003-05-22,540.0696
2003-05-23,457.61496
2003-05-24,457.74368
2003-05-25,431.4991
2003-05-26,473.37567
2003-05-27,487.84204
2003-05-28,311.6383
2003-05-29,248.34698
2003-05-30,293.48175
2003-05-31,371.0646
2003-06-01,426.3906
2003-06-02,493.09656
2003-06-03,512.3525
2003-06-04,569.9781
2003-06-05,693.93066
2003-06-06,643.38306
2003-06-07,555.6467
2003-06-08,518.1845
2003-06-09,432.8475
2003-06-10,372.25214
2003-06-11,331.52573
2003-06-12,332.17932
2003-06-13,375.00412
2003-06-14,545.95087
2003-06-15,657.3223
2003-06-16,449.11472
2003-06-17,424.81958
2003-06-18,425.74734
2003-06-19,580.00397
2003-06-20,623.63446
2003-06-21,562.41235
2003-06-22,459.54437
2003-06-23,706.8434
2003-06-24,963.102
2003-06-25,527.8918
2003-06-26,391.16043
2003-06-27,284.35068
2003-06-28,256.0859
2003-06-29,235.80527
2003-06-30,243.64279
2003-07-01,283.9932
2003-07-02,336.8973
2003-07-03,381.14975
2003-07-04,402.35812
2003-07-05,376.956
2003-07-06,374.70142
2003-07-07,364.65085
2003-07-08,285.19107
2003-07-09,267.95752
2003-07-10,287.52228
2003-07-11,314.54227
2003-07-12,316.86484
2003-07-13,408.62958
2003-07-14,503.4032
2003-07-15,536.24005
2003-07-16,541.30646
2003-07-17,489.70053
2003-07-18,510.27014
2003-07-19,540.40436
2003-07-20,433.2794
2003-07-21,324.82773
2003-07-22,311.74158
2003-07-23,364.4904
2003-07-24,460.85947
2003-07-25,487.9279
2003-07-26,394.10974
2003-07-27,430.72333
2003-07-28,512.32007
2003-07-29,735.06287
2003-07-30,826.8013
2003-07-31,466.17026
2003-08-01,455.69135
2003-08-02,595.378
2003-08-03,681.2551
2003-08-04,718.92126
2003-08-05,669.6603
2003-08-06,621.16595
2003-08-07,475.24463
2003-08-08,358.5936
2003-08-09,328.17868
2003-08-10,376.37354
2003-08-11,372.49448
2003-08-12,327.38034
2003-08-13,289.93976
2003-08-14,263.6984
2003-08-15,398.10233
2003-08-16,505.75137
2003-08-17,328.3303
2003-08-18,254.23683
2003-08-19,249.12695
2003-08-20,278.3331
2003-08-21,303.31525
2003-08-22,326.22876
2003-08-23,336.88715
2003-08-24,312.03415
2003-08-25,258.46634
2003-08-26,205.50844
2003-08-27,195.57431
2003-08-28,229.06017
2003-08-29,297.4842
2003-08-30,389.4377
2003-08-31,481.2654
2003-09-01,404.05493
2003-09-02,312.1034
2003-09-03,215.27397
2003-09-04,192.15216
2003-09-05,240.06711
2003-09-06,299.5899
2003-09-07,347.36084
2003-09-08,340.24695
2003-09-09,282.30798
2003-09-10,336.9244
2003-09-11,410.6538
2003-09-12,554.2856
2003-09-13,568.9516
2003-09-14,411.44403
2003-09-15,314.84528
2003-09-16,336.73602
2003-09-17,366.78128
2003-09-18,351.03854
2003-09-19,310.79852
2003-09-20,329.08243
2003-09-21,333.63196
2003-09-22,338.9537
2003-09-23,365.11063
2003-09-24,350.63013
2003-09-25,315.364
2003-09-26,364.75513
2003-09-27,571.8498
2003-09-28,579.7228
2003-09-29,455.76288
2003-09-30,519.36035
2003-10-01,551.1522
2003-10-02,461.29956
2003-10-03,426.21735
2003-10-04,326.8482
2003-10-05,344.26013
2003-10-06,411.8109
2003-10-07,405.81528
2003-10-08,365.99026
2003-10-09,378.6734
2003-10-10,791.5563
2003-10-11,1151.8407
2003-10-12,631.79333
2003-10-13,492.54553
2003-10-14,470.1901
2003-10-15,472.06155
2003-10-16,481.39554
2003-10-17,516.08856
2003-10-18,516.74384
2003-10-19,497.9479
2003-10-20,452.2737
2003-10-21,411.43503
2003-10-22,436.86227
2003-10-23,461.6743
2003-10-24,362.28348
2003-10-25,271.33408
2003-10-26,272.0955
2003-10-27,347.9024
2003-10-28,390.87518
2003-10-29,401.85425
2003-10-30,527.1783
2003-10-31,550.463
2003-11-01,594.69666
2003-11-02,596.47675
2003-11-03,488.46472
2003-11-04,609.0415
2003-11-05,947.4407
2003-11-06,749.334
2003-11-07,576.0385
2003-11-08,492.4589
2003-11-09,484.98825
2003-11-10,448.98438
2003-11-11,477.9855
2003-11-12,516.49426
2003-11-13,900.5117
2003-11-14,1227.5974
2003-11-15,635.2014
2003-11-16,420.91846
2003-11-17,349.77783
2003-11-18,301.3937
2003-11-19,282.00635
2003-11-20,285.44495
2003-11-21,280.47467
2003-11-22,302.55875
2003-11-23,352.37628
2003-11-24,466.9862
2003-11-25,476.95755
2003-11-26,342.6616
2003-11-27,325.0086
2003-11-28,280.50946
2003-11-29,226.22012
2003-11-30,237.23917
2003-12-01,332.7254
2003-12-02,502.83038
2003-12-03,765.57874
2003-12-04,922.55273
2003-12-05,602.09204
2003-12-06,478.82938
2003-12-07,462.53387
2003-12-08,500.7546
2003-12-09,534.933
2003-12-10,419.72815
2003-12-11,273.48148
2003-12-12,265.01282
2003-12-13,271.40305
2003-12-14,212.4758
2003-12-15,195.2965
2003-12-16,178.12846
2003-12-17,165.51086
2003-12-18,150.76973
2003-12-19,145.73817
2003-12-20,141.32977
2003-12-21,149.31828
2003-12-22,199.00134
2003-12-23,230.70682
2003-12-24,192.90518
2003-12-25,170.01692
2003-12-26,154.42625
2003-12-27,158.55107
2003-12-28,169.23415
2003-12-29,222.74974
2003-12-30,197.99881
2003-12-31,154.20314
2004-01-01,140.26566
2004-01-02,127.53271
2004-01-03,108.36279
2004-01-04,108.017
2004-01-05,107.336876
2004-01-06,101.70983
2004-01-07,119.190605
2004-01-08,149.82681
2004-01-09,269.59592
2004-01-10,402.52478
2004-01-11,376.59412
2004-01-12,271.81705
2004-01-13,309.64413
2004-01-14,313.66068
2004-01-15,297.25842
2004-01-16,252.005
2004-01-17,161.77498
2004-01-18,116.6015
2004-01-19,107.461365
2004-01-20,117.501434
2004-01-21,133.78377
2004-01-22,150.8028
2004-01-23,239.48491
2004-01-24,346.37958
2004-01-25,270.46594
2004-01-26,194.86568
2004-01-27,115.023895
2004-01-28,100.7573
2004-01-29,100.2658
2004-01-30,131.32013
2004-01-31,145.92624
2004-02-01,98.03099
2004-02-02,98.73872
2004-02-03,108.49072
2004-02-04,82.76267
2004-02-05,83.509964
2004-02-06,75.88525
2004-02-07,67.25897
2004-02-08,70.30458
2004-02-09,75.315094
2004-02-10,68.23588
2004-02-11,63.113506
2004-02-12,61.965446
2004-02-13,68.99831
2004-02-14,73.08232
2004-02-15,75.866356
2004-02-16,72.607155
2004-02-17,65.81696
2004-02-18,57.92105
2004-02-19,57.029457
2004-02-20,81.59335
2004-02-21,131.36272
2004-02-22,168.77116
2004-02-23,215.7067
2004-02-24,263.01645
2004-02-25,246.86768
2004-02-26,202.54832
2004-02-27,250.50632
2004-02-28,272.38205
2004-02-29,194.33966
2004-03-01,177.182
2004-03-02,148.66208
2004-03-03,146.53189
2004-03-04,144.76366
2004-03-05,127.359825
2004-03-06,113.64735
2004-03-07,119.41034
2004-03-08,152.45213
2004-03-09,240.7842
2004-03-10,261.53897
2004-03-11,210.12198
2004-03-12,168.68541
2004-03-13,139.88298
2004-03-14,111.71908
2004-03-15,81.77862
2004-03-16,64.31428
2004-03-17,69.452545
2004-03-18,80.68642
2004-03-19,75.43582
2004-03-20,80.94009
2004-03-21,84.04681
2004-03-22,78.43018
2004-03-23,104.12226
2004-03-24,157.6348
2004-03-25,151.44687
2004-03-26,146.29181
2004-03-27,169.13109
2004-03-28,205.32686
2004-03-29,230.05635
2004-03-30,170.1498
2004-03-31,127.19848
2004-04-01,105.1891
2004-04-02,124.88011
2004-04-03,295.2829
2004-04-04,522.64856
2004-04-05,478.4805
2004-04-06,428.73642
2004-04-07,273.0762
2004-04-08,186.523
2004-04-09,133.17787
2004-04-10,162.29504
2004-04-11,237.90457
2004-04-12,216.86821
2004-04-13,201.41496
2004-04-14,322.98657
2004-04-15,412.7733
2004-04-16,389.5723
2004-04-17,385.5678
2004-04-18,482.32767
2004-04-19,456.44666
2004-04-20,363.73605
2004-04-21,379.3073
2004-04-22,338.37683
2004-04-23,499.52814
2004-04-24,995.53564
2004-04-25,1346.2986
2004-04-26,817.86194
2004-04-27,704.3609
2004-04-28,564.0043
2004-04-29,615.8547
2004-04-30,516.2797
2004-05-01,345.84488
2004-05-02,412.23102
2004-05-03,594.7107
2004-05-04,720.01685
2004-05-05,704.0504
2004-05-06,760.7943
2004-05-07,801.7736
2004-05-08,638.73804
2004-05-09,477.30844
2004-05-10,495.1275
2004-05-11,527.76154
2004-05-12,500.23447
2004-05-13,507.17523
2004-05-14,547.3873
2004-05-15,494.84088
2004-05-16,482.73584
2004-05-17,506.69995
2004-05-18,830.1231
2004-05-19,1171.3597
2004-05-20,888.58075
2004-05-21,746.9844
2004-05-22,695.4034
2004-05-23,666.0052
2004-05-24,714.5591
2004-05-25,746.24335
2004-05-26,631.9394
2004-05-27,476.18262
2004-05-28,432.8959
2004-05-29,493.20563
2004-05-30,536.483
2004-05-31,704.4402
2004-06-01,727.15796
2004-06-02,479.15125
2004-06-03,436.21515
2004-06-04,407.7996
2004-06-05,332.99442
2004-06-06,402.10544
2004-06-07,458.75073
2004-06-08,535.8139
2004-06-09,431.98047
2004-06-10,393.97018
2004-06-11,397.74875
2004-06-12,326.3691
2004-06-13,251.28313
2004-06-14,281.2883
2004-06-15,384.13788
2004-06-16,448.0402
2004-06-17,342.1428
2004-06-18,313.66187
2004-06-19,380.47278
2004-06-20,410.80048
2004-06-21,453.62607
2004-06-22,491.75012
2004-06-23,430.07254
2004-06-24,312.7767
2004-06-25,314.81113
2004-06-26,325.4917
2004-06-27,263.20798
2004-06-28,225.30864
2004-06-29,227.17851
2004-06-30,263.4018
2004-07-01,337.64487
2004-07-02,358.84286
2004-07-03,340.95837
2004-07-04,284.6459
2004-07-05,288.05786
2004-07-06,340.5717
2004-07-07,383.29697
2004-07-08,417.98187
2004-07-09,400.03726
2004-07-10,405.14917
2004-07-11,393.007
2004-07-12,407.36124
2004-07-13,372.09683
2004-07-14,330.6088
2004-07-15,322.46338
2004-07-16,242.0499
2004-07-17,252.32536
2004-07-18,261.2575
2004-07-19,258.16504
2004-07-20,321.42017
2004-07-21,390.187
2004-07-22,386.8
2004-07-23,431.12497
2004-07-24,414.7362
2004-07-25,275.4953
2004-07-26,258.50766
2004-07-27,272.9286
2004-07-28,336.76953
2004-07-29,426.55185
2004-07-30,507.07248
2004-07-31,465.11807
2004-08-01,401.71915
2004-08-02,307.57083
2004-08-03,285.1713
2004-08-04,300.50656
2004-08-05,282.49228
2004-08-06,280.67828
2004-08-07,309.71634
2004-08-08,293.02127
2004-08-09,248.56844
2004-08-10,224.948
2004-08-11,268.13568
2004-08-12,332.89813
2004-08-13,277.58765
2004-08-14,189.10147
2004-08-15,167.34177
2004-08-16,179.39594
2004-08-17,192.98264
2004-08-18,241.0422
2004-08-19,285.83817
2004-08-20,263.7445
2004-08-21,344.81137
2004-08-22,395.34772
2004-08-23,368.4067
2004-08-24,260.88086
2004-08-25,201.89629
2004-08-26,209.36992
2004-08-27,204.03136
2004-08-28,212.3823
2004-08-29,254.47026
2004-08-30,301.54535
2004-08-31,270.16974
2004-09-01,267.21515
2004-09-02,294.68994
2004-09-03,237.77374
2004-09-04,195.85191
2004-09-05,227.7271
2004-09-06,324.4657
2004-09-07,428.57748
2004-09-08,356.89554
2004-09-09,291.8087
2004-09-10,353.43793
2004-09-11,461.84518
2004-09-12,842.24744
2004-09-13,1152.1827
2004-09-14,637.67096
2004-09-15,553.9046
2004-09-16,550.9641
2004-09-17,417.09653
2004-09-18,415.172
2004-09-19,490.31378
2004-09-20,494.5396
2004-09-21,424.31082
2004-09-22,480.40005
2004-09-23,430.3192
2004-09-24,413.25864
2004-09-25,376.70966
2004-09-26,399.53082
2004-09-27,446.84647
2004-09-28,531.4601
2004-09-29,468.54428
2004-09-30,417.1399
2004-10-01,456.28174
2004-10-02,451.93637
2004-10-03,398.17773
2004-10-04,258.03757
2004-10-05,257.25372
2004-10-06,328.72116
2004-10-07,398.32364
2004-10-08,455.50897
2004-10-09,479.4577
2004-10-10,479.29453
2004-10-11,480.2337
2004-10-12,525.0182
2004-10-13,387.48477
2004-10-14,291.59662
2004-10-15,264.64526
2004-10-16,232.46248
2004-10-17,208.67169
2004-10-18,220.65794
2004-10-19,255.21121
2004-10-20,321.10645
2004-10-21,390.0161
2004-10-22,554.2347
2004-10-23,741.8861
2004-10-24,585.47327
2004-10-25,642.6624
2004-10-26,642.9437
2004-10-27,607.47003
2004-10-28,476.1264
2004-10-29,403.94965
2004-10-30,462.2188
2004-10-31,549.6967
2004-11-01,630.5151
2004-11-02,611.61597
2004-11-03,441.1682
2004-11-04,412.40094
2004-11-05,483.9258
2004-11-06,418.82578
2004-11-07,827.847
2004-11-08,1221.1005
2004-11-09,735.54205
2004-11-10,710.35516
2004-11-11,696.6289
2004-11-12,434.66122
2004-11-13,327.3485
2004-11-14,335.7759
2004-11-15,355.87482
2004-11-16,478.01358
2004-11-17,593.62225
2004-11-18,644.02844
2004-11-19,641.92194
2004-11-20,724.16144
2004-11-21,611.72955
2004-11-22,441.29562
2004-11-23,368.5093
2004-11-24,313.23965
2004-11-25,309.80695
2004-11-26,312.05075
2004-11-27,329.65927
2004-11-28,375.22934
2004-11-29,350.78683
2004-11-30,267.93124
2004-12-01,251.60553
2004-12-02,259.14084
2004-12-03,266.95358
2004-12-04,307.81573
2004-12-05,299.86087
2004-12-06,233.91508
2004-12-07,211.7042
2004-12-08,238.56746
2004-12-09,240.97789
2004-12-10,211.76346
2004-12-11,170.94063
2004-12-12,147.56837
2004-12-13,179.63588
2004-12-14,252.31104
2004-12-15,270.331
2004-12-16,242.5939
2004-12-17,236.93896
2004-12-18,235.8055
2004-12-19,255.06952
2004-12-20,227.03229
2004-12-21,176.5139
2004-12-22,163.61227
2004-12-23,149.17357
2004-12-24,130.66885
2004-12-25,129.3366
2004-12-26,151.20663
2004-12-27,145.04456
2004-12-28,127.76702
2004-12-29,126.83698
2004-12-30,149.05957
2004-12-31,168.58713
2005-01-01,155.88219
2005-01-02,124.91031
2005-01-03,153.49231
2005-01-04,147.97147
2005-01-05,146.4259
2005-01-06,159.58234
2005-01-07,177.06892
2005-01-08,176.79051
2005-01-09,161.93433
2005-01-10,225.29008
2005-01-11,285.93344
2005-01-12,212.86732
2005-01-13,204.63708
2005-01-14,216.23032
2005-01-15,187.46896
2005-01-16,249.04109
2005-01-17,388.2649
2005-01-18,366.70844
2005-01-19,250.31
2005-01-20,198.90192
2005-01-21,172.14462
2005-01-22,155.67017
2005-01-23,134.56952
2005-01-24,169.51991
2005-01-25,177.90367
2005-01-26,223.9144
2005-01-27,268.8867
2005-01-28,168.93025
2005-01-29,131.74751
2005-01-30,124.13707
2005-01-31,139.02507
2005-02-01,288.5865
2005-02-02,423.58878
2005-02-03,249.9407
2005-02-04,214.62799
2005-02-05,244.10237
2005-02-06,253.47984
2005-02-07,194.0304
2005-02-08,180.96967
2005-02-09,181.15273
2005-02-10,230.02022
2005-02-11,322.0157
2005-02-12,389.88754
2005-02-13,458.719
2005-02-14,424.4101
2005-02-15,253.40944
2005-02-16,179.82553
2005-02-17,195.90866
2005-02-18,234.20415
2005-02-19,200.46753
2005-02-20,162.27818
2005-02-21,154.4346
2005-02-22,170.21527
2005-02-23,141.49892
2005-02-24,121.133125
2005-02-25,121.07759
2005-02-26,105.45496
2005-02-27,96.38884
2005-02-28,108.77795
2005-03-01,146.74161
2005-03-02,180.68553
2005-03-03,176.5345
2005-03-04,223.96272
2005-03-05,267.76373
2005-03-06,269.63373
2005-03-07,231.13991
2005-03-08,177.80821
2005-03-09,157.23888
2005-03-10,137.09138
2005-03-11,133.84369
2005-03-12,105.807014
2005-03-13,86.06533
2005-03-14,76.51717
2005-03-15,72.9881
2005-03-16,71.94096
2005-03-17,71.14882
2005-03-18,71.797874
2005-03-19,75.00876
2005-03-20,83.34988
2005-03-21,87.42404
2005-03-22,103.99314
2005-03-23,121.980675
2005-03-24,97.86303
2005-03-25,135.35768
2005-03-26,216.7955
2005-03-27,151.55087
2005-03-28,125.20998
2005-03-29,139.72307
2005-03-30,140.08907
2005-03-31,147.82521
2005-04-01,124.154755
2005-04-02,121.63265
2005-04-03,191.41547
2005-04-04,306.41788
2005-04-05,352.85587
2005-04-06,294.5861
2005-04-07,405.3553
2005-04-08,484.722
2005-04-09,335.74353
2005-04-10,303.19232
2005-04-11,377.801
2005-04-12,373.30502
2005-04-13,416.0729
2005-04-14,427.75476
2005-04-15,457.64594
2005-04-16,527.14435
2005-04-17,583.14966
2005-04-18,423.39227
2005-04-19,360.623
2005-04-20,281.16727
2005-04-21,295.35324
2005-04-22,401.84286
2005-04-23,538.4141
2005-04-24,471.25635
2005-04-25,416.31168
2005-04-26,460.03403
2005-04-27,482.63513
2005-04-28,386.55356
2005-04-29,311.8466
2005-04-30,248.538
2005-05-01,252.32764
2005-05-02,284.3404
2005-05-03,310.73846
2005-05-04,440.74002
2005-05-05,623.915
2005-05-06,711.0051
2005-05-07,900.86847
2005-05-08,923.3617
2005-05-09,522.0354
2005-05-10,534.78424
2005-05-11,560.9823
2005-05-12,400.69342
2005-05-13,396.3879
2005-05-14,421.43185
2005-05-15,422.74744
2005-05-16,488.11728
2005-05-17,435.0226
2005-05-18,424.8419
2005-05-19,554.79315
2005-05-20,658.4459
2005-05-21,742.27094
2005-05-22,555.4215
2005-05-23,477.28793
2005-05-24,817.78876
2005-05-25,1041.382
2005-05-26,686.377
2005-05-27,362.7
2005-05-28,325.48425
2005-05-29,345.69067
2005-05-30,289.1981
2005-05-31,244.37004
2005-06-01,309.81244
2005-06-02,436.0708
2005-06-03,531.9927
2005-06-04,455.48798
2005-06-05,464.6681
2005-06-06,426.44714
2005-06-07,405.24396
2005-06-08,833.90405
2005-06-09,1203.6661
2005-06-10,694.93005
2005-06-11,612.1514
2005-06-12,673.79364
2005-06-13,680.69336
2005-06-14,527.4226
2005-06-15,337.8335
2005-06-16,303.89334
2005-06-17,297.9128
2005-06-18,331.12167
2005-06-19,346.37073
2005-06-20,251.37273
2005-06-21,255.48845
2005-06-22,337.10214
2005-06-23,397.27145
2005-06-24,367.30307
2005-06-25,319.186
2005-06-26,377.98648
2005-06-27,431.63974
2005-06-28,380.86307
2005-06-29,275.7805
2005-06-30,263.07947
2005-07-01,305.5597
2005-07-02,295.24234
2005-07-03,359.41763
2005-07-04,397.7796
2005-07-05,370.56448
2005-07-06,342.70563
2005-07-07,312.56735
2005-07-08,322.727
2005-07-09,390.65045
2005-07-10,420.40625
2005-07-11,363.632
2005-07-12,408.55466
2005-07-13,466.09793
2005-07-14,529.1518
2005-07-15,534.8771
2005-07-16,549.38837
2005-07-17,608.25635
2005-07-18,567.114
2005-07-19,394.67966
2005-07-20,459.14337
2005-07-21,647.65515
2005-07-22,697.2227
2005-07-23,669.8081
2005-07-24,509.0405
2005-07-25,456.78937
2005-07-26,468.40793
2005-07-27,394.28397
2005-07-28,323.4758
2005-07-29,294.42166
2005-07-30,273.07886
2005-07-31,300.2224
2005-08-01,309.63348
2005-08-02,286.12955
2005-08-03,291.2091
2005-08-04,242.64172
2005-08-05,270.16855
2005-08-06,337.30267
2005-08-07,329.61206
2005-08-08,328.09985
2005-08-09,300.6293
2005-08-10,369.25586
2005-08-11,327.3706
2005-08-12,336.0433
2005-08-13,376.92474
2005-08-14,393.91653
2005-08-15,677.9286
2005-08-16,974.1729
2005-08-17,747.8606
2005-08-18,714.4566
2005-08-19,608.1951
2005-08-20,500.45102
2005-08-21,431.27933
2005-08-22,412.6767
2005-08-23,442.42865
2005-08-24,373.04962
2005-08-25,311.17947
2005-08-26,303.61298
2005-08-27,335.0466
2005-08-28,340.75906
2005-08-29,285.41693
2005-08-30,262.87952
2005-08-31,225.77148
2005-09-01,255.14854
2005-09-02,243.23267
2005-09-03,196.6884
2005-09-04,181.70435
2005-09-05,197.84149
2005-09-06,204.54224
2005-09-07,218.46408
2005-09-08,226.20267
2005-09-09,234.24008
2005-09-10,228.32898
2005-09-11,209.86864
2005-09-12,180.86592
2005-09-13,199.97589
2005-09-14,269.04828
2005-09-15,249.66557
2005-09-16,238.62996
2005-09-17,195.94304
2005-09-18,153.38571
2005-09-19,137.95227
2005-09-20,139.73254
2005-09-21,179.39873
2005-09-22,236.99782
2005-09-23,283.0553
2005-09-24,353.10144
2005-09-25,379.92368
2005-09-26,331.70825
2005-09-27,276.39484
2005-09-28,292.76276
2005-09-29,401.87143
2005-09-30,455.81424
2005-10-01,440.73364
2005-10-02,458.07272
2005-10-03,471.58853
2005-10-04,379.46103
2005-10-05,346.30496
2005-10-06,345.8668
2005-10-07,386.20718
2005-10-08,370.2439
2005-10-09,341.97278
2005-10-10,302.1209
2005-10-11,383.84113
2005-10-12,419.08655
2005-10-13,375.36252
2005-10-14,394.2505
2005-10-15,468.3999
2005-10-16,692.76154
2005-10-17,847.1817
2005-10-18,651.80743
2005-10-19,627.5258
2005-10-20,528.05524
2005-10-21,464.96933
2005-10-22,375.51447
2005-10-23,323.28116
2005-10-24,359.2062
2005-10-25,489.19125
2005-10-26,589.64703
2005-10-27,595.63245
2005-10-28,520.3733
2005-10-29,526.1892
2005-10-30,923.11395
2005-10-31,1417.0326
2005-11-01,966.77673
2005-11-02,693.7987
2005-11-03,455.3805
2005-11-04,344.5011
2005-11-05,337.48502
2005-11-06,354.86526
2005-11-07,328.6834
2005-11-08,369.3288
2005-11-09,429.04593
2005-11-10,472.6346
2005-11-11,488.6354
2005-11-12,485.61316
2005-11-13,544.15497
2005-11-14,714.37946
2005-11-15,902.2595
2005-11-16,739.467
2005-11-17,574.47003
2005-11-18,566.3968
2005-11-19,503.29245
2005-11-20,412.17282
2005-11-21,417.34058
2005-11-22,461.05884
2005-11-23,487.90698
2005-11-24,569.65063
2005-11-25,495.9191
2005-11-26,466.5351
2005-11-27,445.15668
2005-11-28,431.66107
2005-11-29,366.42407
2005-11-30,277.2469
2005-12-01,276.02847
2005-12-02,338.14984
2005-12-03,352.62393
2005-12-04,322.33755
2005-12-05,284.0261
2005-12-06,302.32126
2005-12-07,496.8835
2005-12-08,568.7304
2005-12-09,448.93436
2005-12-10,401.8143
2005-12-11,324.51346
2005-12-12,285.92776
2005-12-13,300.00665
2005-12-14,333.39902
2005-12-15,299.41483
2005-12-16,247.76654
2005-12-17,215.54579
2005-12-18,195.71307
2005-12-19,183.92659
2005-12-20,164.53021
2005-12-21,168.7592
2005-12-22,212.96733
2005-12-23,284.36676
2005-12-24,298.9983
2005-12-25,272.09903
2005-12-26,218.40236
2005-12-27,190.63954
2005-12-28,179.13345
2005-12-29,157.12054
2005-12-30,164.5274
2005-12-31,147.62442
2006-01-01,139.9859
2006-01-02,117.34788
2006-01-03,97.7142
2006-01-04,109.07863
2006-01-05,183.62622
2006-01-06,316.30563
2006-01-07,331.4233
2006-01-08,286.54352
2006-01-09,327.46417
2006-01-10,343.63324
2006-01-11,278.3025
2006-01-12,212.9223
2006-01-13,202.91934
2006-01-14,224.5845
2006-01-15,178.76765
2006-01-16,173.74223
2006-01-17,353.7563
2006-01-18,465.22586
2006-01-19,212.7824
2006-01-20,150.65154
2006-01-21,133.50359
2006-01-22,128.87408
2006-01-23,120.74141
2006-01-24,111.53087
2006-01-25,152.2695
2006-01-26,178.01947
2006-01-27,148.91995
2006-01-28,171.136
2006-01-29,221.63106
2006-01-30,324.71442
2006-01-31,355.8542
2006-02-01,290.2431
2006-02-02,262.60245
2006-02-03,281.2185
2006-02-04,298.92477
2006-02-05,457.17517
2006-02-06,608.06433
2006-02-07,469.70868
2006-02-08,227.32253
2006-02-09,186.19124
2006-02-10,181.1546
2006-02-11,185.66234
2006-02-12,141.0601
2006-02-13,137.30789
2006-02-14,195.12764
2006-02-15,206.34357
2006-02-16,128.14142
2006-02-17,106.04402
2006-02-18,108.49841
2006-02-19,126.89989
2006-02-20,130.7861
2006-02-21,160.10185
2006-02-22,192.37263
2006-02-23,134.69687
2006-02-24,109.17464
2006-02-25,106.833534
2006-02-26,105.452774
2006-02-27,89.83667
2006-02-28,129.03722
2006-03-01,223.5542
2006-03-02,248.15085
2006-03-03,199.32123
2006-03-04,147.74074
2006-03-05,152.77524
2006-03-06,166.22713
2006-03-07,221.63173
2006-03-08,313.2103
2006-03-09,399.8457
2006-03-10,505.74036
2006-03-11,661.0675
2006-03-12,693.1607
2006-03-13,466.34302
2006-03-14,374.59366
2006-03-15,319.06592
2006-03-16,302.02344
2006-03-17,388.51474
2006-03-18,521.57916
2006-03-19,598.3983
2006-03-20,665.9602
2006-03-21,682.9508
2006-03-22,652.19135
2006-03-23,642.3724
2006-03-24,902.9554
2006-03-25,1029.4812
2006-03-26,718.3442
2006-03-27,650.97205
2006-03-28,668.07666
2006-03-29,623.6822
2006-03-30,499.94986
2006-03-31,410.40308
2006-04-01,329.4872
2006-04-02,278.3842
2006-04-03,324.91638
2006-04-04,423.87244
2006-04-05,464.03177
2006-04-06,638.3836
2006-04-07,853.5972
2006-04-08,766.6335
2006-04-09,766.3971
2006-04-10,792.1809
2006-04-11,777.45074
2006-04-12,501.37396
2006-04-13,559.7494
2006-04-14,715.6351
2006-04-15,870.55634
2006-04-16,820.1869
2006-04-17,801.883
2006-04-18,750.32904
2006-04-19,628.0888
2006-04-20,700.6977
2006-04-21,811.43304
2006-04-22,564.82495
2006-04-23,406.0687
2006-04-24,322.7675
2006-04-25,417.6411
2006-04-26,458.3683
2006-04-27,413.75427
2006-04-28,543.5823
2006-04-29,652.1853
2006-04-30,563.2843
2006-05-01,590.3024
2006-05-02,618.02435
2006-05-03,721.255
2006-05-04,930.0485
2006-05-05,1078.2788
2006-05-06,1827.168
2006-05-07,2403.9338
2006-05-08,1314.7734
2006-05-09,1043.4799
2006-05-10,1430.0605
2006-05-11,1857.8474
2006-05-12,1070.6255
2006-05-13,967.4451
2006-05-14,919.81445
2006-05-15,877.74677
2006-05-16,976.26654
2006-05-17,643.9527
2006-05-18,669.8871
2006-05-19,725.5998
2006-05-20,995.0592
2006-05-21,1130.8682
2006-05-22,579.8135
2006-05-23,356.56668
2006-05-24,281.1274
2006-05-25,272.10895
2006-05-26,337.23813
2006-05-27,372.41766
2006-05-28,324.1991
2006-05-29,355.13983
2006-05-30,417.8421
2006-05-31,465.09344
2006-06-01,396.21136
2006-06-02,428.52075
2006-06-03,526.9284
2006-06-04,720.7612
2006-06-05,829.0923
2006-06-06,739.35156
2006-06-07,675.39276
2006-06-08,718.6678
2006-06-09,691.83856
2006-06-10,772.80286
2006-06-11,977.86285
2006-06-12,1105.3119
2006-06-13,605.202
2006-06-14,452.57715
2006-06-15,479.83255
2006-06-16,617.7319
2006-06-17,587.44086
2006-06-18,461.2324
2006-06-19,452.04303
2006-06-20,540.68
2006-06-21,536.92334
2006-06-22,567.9041
2006-06-23,634.1231
2006-06-24,624.2181
2006-06-25,459.66492
2006-06-26,379.39688
2006-06-27,353.93402
2006-06-28,376.57846
2006-06-29,393.9558
2006-06-30,385.19363
2006-07-01,296.76828
2006-07-02,248.53839
2006-07-03,233.21677
2006-07-04,270.07788
2006-07-05,349.2974
2006-07-06,530.20667
2006-07-07,668.27435
2006-07-08,603.3866
2006-07-09,516.89764
2006-07-10,432.96146
2006-07-11,328.01184
2006-07-12,345.10928
2006-07-13,473.60004
2006-07-14,481.79013
2006-07-15,415.16586
2006-07-16,469.34042
2006-07-17,576.9005
2006-07-18,551.23834
2006-07-19,621.9085
2006-07-20,712.9573
2006-07-21,739.2162
2006-07-22,623.3463
2006-07-23,551.73065
2006-07-24,503.92368
2006-07-25,474.2497
2006-07-26,401.92337
2006-07-27,408.24942
2006-07-28,466.2971
2006-07-29,518.88934
2006-07-30,528.768
2006-07-31,467.44467
2006-08-01,386.59293
2006-08-02,328.5424
2006-08-03,290.7361
2006-08-04,274.61914
2006-08-05,246.58496
2006-08-06,262.55344
2006-08-07,266.7775
2006-08-08,229.79053
2006-08-09,234.53116
2006-08-10,216.80818
2006-08-11,213.91422
2006-08-12,209.32178
2006-08-13,222.11263
2006-08-14,247.89528
2006-08-15,231.63788
2006-08-16,180.08762
2006-08-17,211.36942
2006-08-18,310.28555
2006-08-19,379.6013
2006-08-20,380.46002
2006-08-21,380.20505
2006-08-22,403.45557
2006-08-23,342.339
2006-08-24,271.8141
2006-08-25,332.64493
2006-08-26,393.57156
2006-08-27,464.8303
2006-08-28,509.99487
2006-08-29,377.96747
2006-08-30,288.30518
2006-08-31,343.49048
2006-09-01,325.3454
2006-09-02,261.41138
2006-09-03,235.25092
2006-09-04,203.36879
2006-09-05,200.04007
2006-09-06,216.11499
2006-09-07,291.11853
2006-09-08,372.09113
2006-09-09,429.7814
2006-09-10,397.51434
2006-09-11,290.30704
2006-09-12,196.59683
2006-09-13,195.28748
2006-09-14,214.86934
2006-09-15,251.87752
2006-09-16,271.51343
2006-09-17,257.4963
2006-09-18,262.71927
2006-09-19,364.5098
2006-09-20,427.69955
2006-09-21,431.40872
2006-09-22,340.10828
2006-09-23,238.71301
2006-09-24,207.79274
2006-09-25,221.25102
2006-09-26,227.64836
2006-09-27,194.80624
2006-09-28,179.59685
2006-09-29,152.89635
2006-09-30,137.60696
2006-10-01,151.14284
2006-10-02,188.39139
2006-10-03,216.1233
2006-10-04,246.63039
2006-10-05,273.57043
2006-10-06,223.10374
2006-10-07,171.23515
2006-10-08,140.00116
2006-10-09,118.70247
2006-10-10,128.82858
2006-10-11,210.84978
2006-10-12,350.04395
2006-10-13,392.2127
2006-10-14,353.39545
2006-10-15,324.89713
2006-10-16,482.06308
2006-10-17,675.1952
2006-10-18,691.8215
2006-10-19,721.4632
2006-10-20,635.565
2006-10-21,620.50146
2006-10-22,486.1698
2006-10-23,405.8498
2006-10-24,410.8201
2006-10-25,418.81476
2006-10-26,397.89804
2006-10-27,357.22833
2006-10-28,253.77306
2006-10-29,247.01099
2006-10-30,281.5041
2006-10-31,319.8645
2006-11-01,490.77014
2006-11-02,645.4984
2006-11-03,392.34256
2006-11-04,263.3354
2006-11-05,206.74023
2006-11-06,199.52068
2006-11-07,249.15277
2006-11-08,299.40787
2006-11-09,391.79602
2006-11-10,527.45844
2006-11-11,471.68732
2006-11-12,442.1929
2006-11-13,411.1194
2006-11-14,605.9111
2006-11-15,866.1198
2006-11-16,1178.7355
2006-11-17,1201.8628
2006-11-18,725.485
2006-11-19,576.31854
2006-11-20,510.3438
2006-11-21,510.0335
2006-11-22,949.75305
2006-11-23,1644.7716
2006-11-24,1158.3339
2006-11-25,876.2423
2006-11-26,685.6638
2006-11-27,472.96576
2006-11-28,382.70828
2006-11-29,378.56958
2006-11-30,377.46188
2006-12-01,333.5356
2006-12-02,273.3524
2006-12-03,268.18738
2006-12-04,315.00156
2006-12-05,306.87054
2006-12-06,278.59424
2006-12-07,317.6845
2006-12-08,373.99155
2006-12-09,418.06152
2006-12-10,417.8703
2006-12-11,389.30692
2006-12-12,342.58868
2006-12-13,372.34476
2006-12-14,462.4568
2006-12-15,502.98752
2006-12-16,408.41718
2006-12-17,333.42297
2006-12-18,246.18214
2006-12-19,191.18697
2006-12-20,180.60982
2006-12-21,208.4845
2006-12-22,240.4842
2006-12-23,236.66182
2006-12-24,239.55365
2006-12-25,260.07913
2006-12-26,271.32236
2006-12-27,241.56825
2006-12-28,204.22594
2006-12-29,207.9179
2006-12-30,184.75475
2006-12-31,168.45657
2007-01-01,151.852
2007-01-02,137.90935
2007-01-03,140.85161
2007-01-04,136.79442
2007-01-05,129.68315
2007-01-06,128.10844
2007-01-07,122.938065
2007-01-08,122.77544
2007-01-09,117.59156
2007-01-10,122.22164
2007-01-11,151.8344
2007-01-12,160.22014
2007-01-13,168.12607
2007-01-14,225.10536
2007-01-15,247.54291
2007-01-16,245.16725
2007-01-17,261.60516
2007-01-18,274.10107
2007-01-19,235.41891
2007-01-20,204.28291
2007-01-21,202.80626
2007-01-22,191.17151
2007-01-23,179.22447
2007-01-24,152.02232
2007-01-25,134.51404
2007-01-26,109.42933
2007-01-27,118.65068
2007-01-28,181.78247
2007-01-29,216.59985
2007-01-30,151.42561
2007-01-31,110.35785
2007-02-01,98.639465
2007-02-02,91.94985
2007-02-03,82.47912
2007-02-04,80.32655
2007-02-05,71.80802
2007-02-06,67.84898
2007-02-07,68.97694
2007-02-08,70.95419
2007-02-09,69.492294
2007-02-10,71.817604
2007-02-11,87.76936
2007-02-12,93.979034
2007-02-13,77.004074
2007-02-14,72.433945
2007-02-15,78.493
2007-02-16,90.64491
2007-02-17,103.644745
2007-02-18,121.05738
2007-02-19,148.66693
2007-02-20,137.42906
2007-02-21,128.17477
2007-02-22,94.70333
2007-02-23,103.99213
2007-02-24,86.223724
2007-02-25,56.410248
2007-02-26,64.19028
2007-02-27,93.9825
2007-02-28,101.0502
2007-03-01,77.74625
2007-03-02,53.87722
2007-03-03,46.895817
2007-03-04,42.836433
2007-03-05,43.24187
2007-03-06,63.99839
2007-03-07,87.65913
2007-03-08,101.07259
2007-03-09,147.14153
2007-03-10,174.1938
2007-03-11,195.1053
2007-03-12,184.46446
2007-03-13,144.94092
2007-03-14,109.29817
2007-03-15,89.23873
2007-03-16,116.916214
2007-03-17,133.86989
2007-03-18,165.06053
2007-03-19,208.38197
2007-03-20,226.91385
2007-03-21,217.62454
2007-03-22,173.48311
2007-03-23,170.58763
2007-03-24,218.87874
2007-03-25,319.45004
2007-03-26,377.29758
2007-03-27,471.38733
2007-03-28,572.15265
2007-03-29,554.7984
2007-03-30,554.68744
2007-03-31,521.7175
2007-04-01,699.4515
2007-04-02,878.3623
2007-04-03,577.0014
2007-04-04,688.2918
2007-04-05,951.78357
2007-04-06,753.0875
2007-04-07,870.2004
2007-04-08,750.67126
2007-04-09,821.3086
2007-04-10,732.2177
2007-04-11,434.95068
2007-04-12,326.8346
2007-04-13,257.51456
2007-04-14,251.77664
2007-04-15,256.36343
2007-04-16,285.21222
2007-04-17,267.09293
2007-04-18,288.96933
2007-04-19,428.81854
2007-04-20,559.88806
2007-04-21,714.0465
2007-04-22,1049.5837
2007-04-23,1202.8572
2007-04-24,1255.8645
2007-04-25,633.6261
2007-04-26,564.63654
2007-04-27,537.13336
2007-04-28,520.3933
2007-04-29,475.46667
2007-04-30,407.06644
2007-05-01,586.4411
2007-05-02,740.9351
2007-05-03,588.5371
2007-05-04,526.28156
2007-05-05,716.1709
2007-05-06,831.29517
2007-05-07,594.4414
2007-05-08,494.14185
2007-05-09,683.1554
2007-05-10,940.61066
2007-05-11,744.30975
2007-05-12,590.67957
2007-05-13,458.12366
2007-05-14,424.747
2007-05-15,461.2836
2007-05-16,476.34766
2007-05-17,416.90894
2007-05-18,380.8247
2007-05-19,426.85223
2007-05-20,648.95703
2007-05-21,856.71405
2007-05-22,1070.5336
2007-05-23,1077.2855
2007-05-24,550.4005
2007-05-25,446.93503
2007-05-26,429.9201
2007-05-27,602.2089
2007-05-28,977.6094
2007-05-29,881.23676
2007-05-30,1071.7758
2007-05-31,1251.2573
2007-06-01,850.4465
2007-06-02,887.385
2007-06-03,867.95996
2007-06-04,926.5449
2007-06-05,741.4345
2007-06-06,662.30524
2007-06-07,631.4371
2007-06-08,463.75146
2007-06-09,385.62225
2007-06-10,372.22067
2007-06-11,419.0367
2007-06-12,418.75143
2007-06-13,324.91324
2007-06-14,290.1059
2007-06-15,288.33115
2007-06-16,334.25775
2007-06-17,335.04248
2007-06-18,335.58197
2007-06-19,409.60858
2007-06-20,495.52344
2007-06-21,469.81277
2007-06-22,403.80505
2007-06-23,363.8049
2007-06-24,511.05725
2007-06-25,691.7209
2007-06-26,705.59235
2007-06-27,594.8883
2007-06-28,599.2316
2007-06-29,614.1029
2007-06-30,644.34955
2007-07-01,783.15466
2007-07-02,907.70624
2007-07-03,666.8941
2007-07-04,553.0605
2007-07-05,491.38995
2007-07-06,380.3892
2007-07-07,328.73187
2007-07-08,328.19342
2007-07-09,317.27127
2007-07-10,340.7693
2007-07-11,343.05652
2007-07-12,335.63068
2007-07-13,367.98236
2007-07-14,336.42206
2007-07-15,299.60672
2007-07-16,308.2804
2007-07-17,323.80624
2007-07-18,345.71494
2007-07-19,292.99112
2007-07-20,235.39807
2007-07-21,270.55176
2007-07-22,388.7058
2007-07-23,453.4486
2007-07-24,468.82404
2007-07-25,440.5165
2007-07-26,351.96796
2007-07-27,326.15118
2007-07-28,297.17206
2007-07-29,355.46948
2007-07-30,478.83154
2007-07-31,503.55652
2007-08-01,441.4685
2007-08-02,330.7105
2007-08-03,275.26822
2007-08-04,335.84958
2007-08-05,444.70865
2007-08-06,487.68567
2007-08-07,543.9581
2007-08-08,510.61288
2007-08-09,506.6467
2007-08-10,670.3984
2007-08-11,767.00415
2007-08-12,606.22266
2007-08-13,622.40094
2007-08-14,536.5931
2007-08-15,505.29803
2007-08-16,545.15106
2007-08-17,504.77127
2007-08-18,487.9897
2007-08-19,521.78937
2007-08-20,523.8777
2007-08-21,572.7753
2007-08-22,632.00635
2007-08-23,613.05695
2007-08-24,861.31323
2007-08-25,1148.5448
2007-08-26,858.46826
2007-08-27,673.72375
2007-08-28,843.58276
2007-08-29,868.2868
2007-08-30,533.16406
2007-08-31,427.23767
2007-09-01,395.29276
2007-09-02,479.43124
2007-09-03,575.48834
2007-09-04,506.26807
2007-09-05,512.47046
2007-09-06,465.37796
2007-09-07,346.42758
2007-09-08,302.7789
2007-09-09,345.5639
2007-09-10,374.69327
2007-09-11,328.9752
2007-09-12,266.44843
2007-09-13,264.33542
2007-09-14,282.18274
2007-09-15,312.8351
2007-09-16,469.22733
2007-09-17,486.26218
2007-09-18,356.9125
2007-09-19,287.05176
2007-09-20,265.443
2007-09-21,276.1718
2007-09-22,308.65015
2007-09-23,278.30206
2007-09-24,229.67972
2007-09-25,246.75133
2007-09-26,289.8293
2007-09-27,369.86816
2007-09-28,517.141
2007-09-29,491.79456
2007-09-30,344.80753
2007-10-01,317.13538
2007-10-02,390.99393
2007-10-03,438.30817
2007-10-04,410.70734
2007-10-05,423.90744
2007-10-06,389.27893
2007-10-07,383.60855
2007-10-08,491.95053
2007-10-09,595.70807
2007-10-10,593.8429
2007-10-11,623.8866
2007-10-12,515.4616
2007-10-13,563.6307
2007-10-14,721.6049
2007-10-15,648.4102
2007-10-16,526.1793
2007-10-17,421.88614
2007-10-18,403.91702
2007-10-19,432.0744
2007-10-20,477.93692
2007-10-21,490.64462
2007-10-22,574.79865
2007-10-23,616.0261
2007-10-24,520.5727
2007-10-25,390.95374
2007-10-26,345.86978
2007-10-27,373.50134
2007-10-28,350.89505
2007-10-29,345.31927
2007-10-30,449.3693
2007-10-31,610.3193
2007-11-01,647.3328
2007-11-02,646.10754
2007-11-03,628.8935
2007-11-04,612.00616
2007-11-05,577.19543
2007-11-06,605.99884
2007-11-07,464.6717
2007-11-08,369.66998
2007-11-09,417.57376
2007-11-10,588.57635
2007-11-11,715.0984
2007-11-12,567.2098
2007-11-13,491.9502
2007-11-14,440.5653
2007-11-15,382.63782
2007-11-16,321.0372
2007-11-17,285.30667
2007-11-18,324.24585
2007-11-19,319.38995
2007-11-20,306.0594
2007-11-21,241.51265
2007-11-22,237.79884
2007-11-23,268.96985
2007-11-24,382.6294
2007-11-25,503.31464
2007-11-26,485.65494
2007-11-27,376.25278
2007-11-28,301.27673
2007-11-29,225.48521
2007-11-30,212.30052
2007-12-01,265.34354
2007-12-02,264.48184
2007-12-03,204.01398
2007-12-04,165.11807
2007-12-05,158.36952
2007-12-06,159.79271
2007-12-07,163.6921
2007-12-08,171.06403
2007-12-09,215.79956
2007-12-10,251.90628
2007-12-11,216.37878
2007-12-12,189.16933
2007-12-13,174.49908
2007-12-14,211.62175
2007-12-15,255.04007
2007-12-16,284.7683
2007-12-17,338.20935
2007-12-18,367.1812
2007-12-19,428.3773
2007-12-20,418.10724
2007-12-21,344.88373
2007-12-22,299.7513
2007-12-23,259.93033
2007-12-24,269.76077
2007-12-25,366.74902
2007-12-26,420.31787
2007-12-27,382.14532
2007-12-28,279.98
2007-12-29,244.81711
2007-12-30,209.15324
2007-12-31,178.295
2008-01-01,143.0787
2008-01-02,125.307724
2008-01-03,121.31962
2008-01-04,119.53391
2008-01-05,131.18555
2008-01-06,134.74998
2008-01-07,155.73697
2008-01-08,179.03271
2008-01-09,188.81602
2008-01-10,190.40356
2008-01-11,227.8078
2008-01-12,248.5738
2008-01-13,205.29176
2008-01-14,178.7275
2008-01-15,189.70114
2008-01-16,206.85147
2008-01-17,219.89644
2008-01-18,208.33366
2008-01-19,171.06998
2008-01-20,141.46977
2008-01-21,116.230774
2008-01-22,114.23676
2008-01-23,134.17369
2008-01-24,130.12602
2008-01-25,145.31747
2008-01-26,142.66385
2008-01-27,167.23344
2008-01-28,236.50789
2008-01-29,247.43927
2008-01-30,210.73819
2008-01-31,170.635
2008-02-01,212.5895
2008-02-02,250.41858
2008-02-03,215.29851
2008-02-04,171.52753
2008-02-05,152.7527
2008-02-06,120.621605
2008-02-07,99.68725
2008-02-08,109.28105
2008-02-09,109.92002
2008-02-10,113.43736
2008-02-11,149.69875
2008-02-12,224.33083
2008-02-13,322.4019
2008-02-14,291.51312
2008-02-15,205.82217
2008-02-16,183.88121
2008-02-17,202.79213
2008-02-18,238.28711
2008-02-19,326.98322
2008-02-20,475.34744
2008-02-21,489.53772
2008-02-22,448.31152
2008-02-23,434.55045
2008-02-24,381.6972
2008-02-25,252.09895
2008-02-26,168.69705
2008-02-27,157.34709
2008-02-28,142.78261
2008-02-29,159.22821
2008-03-01,234.30556
2008-03-02,206.2151
2008-03-03,158.42079
2008-03-04,145.52055
2008-03-05,166.08223
2008-03-06,204.95117
2008-03-07,261.50278
2008-03-08,316.4266
2008-03-09,324.78983
2008-03-10,318.2992
2008-03-11,256.16403
2008-03-12,316.85703
2008-03-13,374.06375
2008-03-14,389.50058
2008-03-15,572.54364
2008-03-16,848.19116
2008-03-17,798.689
2008-03-18,485.17877
2008-03-19,288.4183
2008-03-20,219.0347
2008-03-21,188.92596
2008-03-22,176.88159
2008-03-23,201.27246
2008-03-24,218.82512
2008-03-25,226.19322
2008-03-26,232.38289
2008-03-27,222.35928
2008-03-28,192.20276
2008-03-29,170.51884
2008-03-30,163.21715
2008-03-31,196.24464
2008-04-01,243.52524
2008-04-02,338.78412
2008-04-03,534.46405
2008-04-04,528.9616
2008-04-05,363.13873
2008-04-06,376.43973
2008-04-07,426.6107
2008-04-08,391.9991
2008-04-09,334.28497
2008-04-10,266.39697
2008-04-11,304.5342
2008-04-12,389.5041
2008-04-13,408.4255
2008-04-14,448.65408
2008-04-15,471.1637
2008-04-16,564.8168
2008-04-17,515.83813
2008-04-18,354.40582
2008-04-19,269.04034
2008-04-20,264.3065
2008-04-21,319.75043
2008-04-22,331.0857
2008-04-23,373.59402
2008-04-24,338.58118
2008-04-25,395.49344
2008-04-26,558.76654
2008-04-27,677.67035
2008-04-28,690.12805
2008-04-29,977.56976
2008-04-30,924.59686
2008-05-01,583.731
2008-05-02,525.593
2008-05-03,462.73892
2008-05-04,518.6277
2008-05-05,656.36426
2008-05-06,763.69446
2008-05-07,871.3955
2008-05-08,795.3659
2008-05-09,538.55725
2008-05-10,572.13544
2008-05-11,613.1563
2008-05-12,402.67325
2008-05-13,300.64963
2008-05-14,301.4823
2008-05-15,275.18195
2008-05-16,270.49167
2008-05-17,308.5916
2008-05-18,398.7683
2008-05-19,464.91666
2008-05-20,612.1185
2008-05-21,887.68744
2008-05-22,744.16583
2008-05-23,601.5758
2008-05-24,600.8826
2008-05-25,617.3247
2008-05-26,725.54364
2008-05-27,863.0748
2008-05-28,1006.3038
2008-05-29,1413.5265
2008-05-30,1307.913
2008-05-31,782.43384
2008-06-01,678.6009
2008-06-02,516.2697
2008-06-03,487.74658
2008-06-04,604.00146
2008-06-05,744.9733
2008-06-06,650.2771
2008-06-07,669.4683
2008-06-08,633.45325
2008-06-09,739.70386
2008-06-10,920.28845
2008-06-11,627.33453
2008-06-12,587.4539
2008-06-13,508.6702
2008-06-14,321.0837
2008-06-15,331.10156
2008-06-16,416.0742
2008-06-17,441.4191
2008-06-18,330.86447
2008-06-19,354.78815
2008-06-20,463.34543
2008-06-21,441.85745
2008-06-22,409.969
2008-06-23,516.4239
2008-06-24,656.30176
2008-06-25,600.79816
2008-06-26,713.4518
2008-06-27,1346.8467
2008-06-28,1329.9653
2008-06-29,918.25726
2008-06-30,805.302
2008-07-01,779.167
2008-07-02,787.9605
2008-07-03,900.47345
2008-07-04,932.3539
2008-07-05,993.6045
2008-07-06,1106.8257
2008-07-07,1199.4125
2008-07-08,810.4594
2008-07-09,610.7243
2008-07-10,516.86206
2008-07-11,598.0781
2008-07-12,834.19006
2008-07-13,956.41797
2008-07-14,749.25116
2008-07-15,638.48016
2008-07-16,559.3311
2008-07-17,647.6671
2008-07-18,757.5984
2008-07-19,766.12244
2008-07-20,754.9414
2008-07-21,796.72626
2008-07-22,584.9026
2008-07-23,506.75604
2008-07-24,367.49414
2008-07-25,324.5579
2008-07-26,311.81552
2008-07-27,315.90414
2008-07-28,363.18268
2008-07-29,476.2262
2008-07-30,535.5321
2008-07-31,424.1167
2008-08-01,404.11285
2008-08-02,471.30322
2008-08-03,461.90677
2008-08-04,447.13528
2008-08-05,424.44275
2008-08-06,358.87976
2008-08-07,292.6299
2008-08-08,253.12863
2008-08-09,239.13557
2008-08-10,233.75697
2008-08-11,282.08942
2008-08-12,369.29492
2008-08-13,390.33493
2008-08-14,385.03683
2008-08-15,360.929
2008-08-16,457.57312
2008-08-17,618.05865
2008-08-18,593.6162
2008-08-19,504.20828
2008-08-20,585.3862
2008-08-21,716.20935
2008-08-22,524.72565
2008-08-23,460.11908
2008-08-24,475.58643
2008-08-25,532.8139
2008-08-26,608.8167
2008-08-27,697.7012
2008-08-28,621.29297
2008-08-29,521.74603
2008-08-30,599.7431
2008-08-31,788.626
2008-09-01,804.3804
2008-09-02,557.2762
2008-09-03,523.2422
2008-09-04,556.22064
2008-09-05,502.38382
2008-09-06,485.13675
2008-09-07,449.26163
2008-09-08,331.94266
2008-09-09,318.43146
2008-09-10,412.87222
2008-09-11,477.97275
2008-09-12,388.53183
2008-09-13,323.3437
2008-09-14,343.79523
2008-09-15,281.4734
2008-09-16,335.132
2008-09-17,393.01617
2008-09-18,417.98428
2008-09-19,366.00183
2008-09-20,325.8035
2008-09-21,441.48685
2008-09-22,574.15784
2008-09-23,459.98883
2008-09-24,354.90167
2008-09-25,365.20142
2008-09-26,364.13086
2008-09-27,509.6722
2008-09-28,638.73456
2008-09-29,583.0163
2008-09-30,510.0017
2008-10-01,407.623
2008-10-02,386.49188
2008-10-03,393.94287
2008-10-04,321.96576
2008-10-05,289.11713
2008-10-06,300.15854
2008-10-07,369.86432
2008-10-08,458.86798
2008-10-09,544.58105
2008-10-10,563.20703
2008-10-11,608.1757
2008-10-12,688.23346
2008-10-13,479.2344
2008-10-14,466.12186
2008-10-15,484.15427
2008-10-16,514.6772
2008-10-17,546.339
2008-10-18,686.59546
2008-10-19,589.5216
2008-10-20,448.64322
2008-10-21,393.59583
2008-10-22,374.03476
2008-10-23,304.23267
2008-10-24,281.06308
2008-10-25,262.17755
2008-10-26,274.256
2008-10-27,328.95917
2008-10-28,319.38464
2008-10-29,362.3045
2008-10-30,519.5406
2008-10-31,522.5552
2008-11-01,346.56256
2008-11-02,310.20676
2008-11-03,418.63666
2008-11-04,572.43945
2008-11-05,834.08496
2008-11-06,1051.7843
2008-11-07,651.4773
2008-11-08,535.0113
2008-11-09,414.44037
2008-11-10,349.7614
2008-11-11,350.26764
2008-11-12,267.94528
2008-11-13,236.19572
2008-11-14,315.4658
2008-11-15,442.63257
2008-11-16,531.4649
2008-11-17,738.8406
2008-11-18,737.3232
2008-11-19,972.81085
2008-11-20,1201.831
2008-11-21,647.8973
2008-11-22,425.98685
2008-11-23,525.6289
2008-11-24,779.8245
2008-11-25,736.3806
2008-11-26,732.01917
2008-11-27,789.5455
2008-11-28,951.5077
2008-11-29,811.4473
2008-11-30,885.54193
2008-12-01,935.7959
2008-12-02,669.1201
2008-12-03,486.7826
2008-12-04,462.28583
2008-12-05,411.1697
2008-12-06,351.54135
2008-12-07,366.03888
2008-12-08,400.08948
2008-12-09,486.67725
2008-12-10,493.22464
2008-12-11,343.44653
2008-12-12,302.53806
2008-12-13,314.83655
2008-12-14,365.0764
2008-12-15,444.7939
2008-12-16,433.30203
2008-12-17,302.83145
2008-12-18,300.82468
2008-12-19,333.37378
2008-12-20,356.39767
2008-12-21,298.91275
2008-12-22,259.962
2008-12-23,247.95366
2008-12-24,293.92105
2008-12-25,309.00507
2008-12-26,272.35187
2008-12-27,242.297
2008-12-28,207.16106
2008-12-29,352.07806
2008-12-30,589.8202
2008-12-31,438.72525
2009-01-01,369.24063
2009-01-02,474.16373
2009-01-03,381.21277
2009-01-04,337.78583
2009-01-05,255.40689
2009-01-06,307.77292
2009-01-07,328.20465
2009-01-08,290.2785
2009-01-09,264.0102
2009-01-10,230.40602
2009-01-11,190.73782
2009-01-12,177.60745
2009-01-13,175.30888
2009-01-14,176.99939
2009-01-15,175.29256
2009-01-16,152.6777
2009-01-17,136.28506
2009-01-18,168.59372
2009-01-19,225.14864
2009-01-20,289.68732
2009-01-21,364.00037
2009-01-22,388.74338
2009-01-23,348.4015
2009-01-24,368.3478
2009-01-25,350.0736
2009-01-26,351.10165
2009-01-27,338.91888
2009-01-28,247.29039
2009-01-29,160.6068
2009-01-30,144.03773
2009-01-31,165.01768
2009-02-01,226.46127
2009-02-02,326.9604
2009-02-03,386.731
2009-02-04,347.67154
2009-02-05,271.5735
2009-02-06,228.94653
2009-02-07,246.53491
2009-02-08,232.28539
2009-02-09,210.5275
2009-02-10,218.06952
2009-02-11,235.68422
2009-02-12,246.82387
2009-02-13,336.5592
2009-02-14,413.7824
2009-02-15,321.0438
2009-02-16,306.34366
2009-02-17,329.54742
2009-02-18,276.04318
2009-02-19,273.17975
2009-02-20,328.55203
2009-02-21,451.8058
2009-02-22,395.92133
2009-02-23,243.96202
2009-02-24,201.62508
2009-02-25,197.25935
2009-02-26,213.54329
2009-02-27,254.95346
2009-02-28,306.64154
2009-03-01,315.6075
2009-03-02,282.09042
2009-03-03,274.4107
2009-03-04,324.56763
2009-03-05,430.68927
2009-03-06,497.02768
2009-03-07,435.0519
2009-03-08,353.48102
2009-03-09,274.2268
2009-03-10,240.12553
2009-03-11,338.4353
2009-03-12,338.85938
2009-03-13,250.71675
2009-03-14,262.3111
2009-03-15,305.24893
2009-03-16,328.35553
2009-03-17,346.0627
2009-03-18,379.3939
2009-03-19,464.3349
2009-03-20,567.1575
2009-03-21,572.58044
2009-03-22,568.9936
2009-03-23,685.0031
2009-03-24,682.12006
2009-03-25,761.0747
2009-03-26,780.3744
2009-03-27,723.04236
2009-03-28,714.3334
2009-03-29,642.5033
2009-03-30,605.8496
2009-03-31,621.608
2009-04-01,527.0127
2009-04-02,494.87762
2009-04-03,769.9821
2009-04-04,780.81744
2009-04-05,611.67975
2009-04-06,449.9663
2009-04-07,320.56757
2009-04-08,317.41122
2009-04-09,414.14075
2009-04-10,396.39493
2009-04-11,560.76575
2009-04-12,633.37006
2009-04-13,540.665
2009-04-14,509.92856
2009-04-15,451.14304
2009-04-16,365.4991
2009-04-17,304.5774
2009-04-18,290.23682
2009-04-19,347.36868
2009-04-20,357.91547
2009-04-21,347.1917
2009-04-22,394.58926
2009-04-23,457.95898
2009-04-24,420.3426
2009-04-25,462.33984
2009-04-26,411.42816
2009-04-27,353.7502
2009-04-28,313.52573
2009-04-29,292.92154
2009-04-30,367.8423
2009-05-01,665.3915
2009-05-02,1385.2827
2009-05-03,1312.313
2009-05-04,890.1175
2009-05-05,891.81805
2009-05-06,1120.1644
2009-05-07,1040.0421
2009-05-08,865.99445
2009-05-09,747.6939
2009-05-10,605.96893
2009-05-11,479.80304
2009-05-12,425.44678
2009-05-13,381.41956
2009-05-14,364.03134
2009-05-15,318.065
2009-05-16,300.04303
2009-05-17,327.70285
2009-05-18,323.27493
2009-05-19,326.67648
2009-05-20,387.69962
2009-05-21,530.5072
2009-05-22,560.55774
2009-05-23,501.1196
2009-05-24,360.8686
2009-05-25,279.05554
2009-05-26,258.25024
2009-05-27,269.40494
2009-05-28,276.40866
2009-05-29,257.36237
2009-05-30,270.9942
2009-05-31,275.98837
2009-06-01,257.50803
2009-06-02,229.9719
2009-06-03,189.54231
2009-06-04,191.76035
2009-06-05,259.1144
2009-06-06,438.92697
2009-06-07,698.6889
2009-06-08,713.47705
2009-06-09,753.5697
2009-06-10,610.54895
2009-06-11,538.089
2009-06-12,553.78925
2009-06-13,505.0145
2009-06-14,639.44275
2009-06-15,773.68427
2009-06-16,671.3682
2009-06-17,588.9255
2009-06-18,445.6288
2009-06-19,365.25742
2009-06-20,297.3471
2009-06-21,302.24924
2009-06-22,362.09644
2009-06-23,381.68112
2009-06-24,441.68723
2009-06-25,526.5718
2009-06-26,513.94183
2009-06-27,438.96008
2009-06-28,310.18036
2009-06-29,284.9514
2009-06-30,310.9104
2009-07-01,366.5532
2009-07-02,339.17828
2009-07-03,368.35385
2009-07-04,398.69055
2009-07-05,416.21045
2009-07-06,520.9932
2009-07-07,444.41187
2009-07-08,337.24875
2009-07-09,328.46744
2009-07-10,362.87885
2009-07-11,394.08994
2009-07-12,467.49084
2009-07-13,505.33176
2009-07-14,408.40634
2009-07-15,329.82422
2009-07-16,307.61682
2009-07-17,379.5464
2009-07-18,411.17297
2009-07-19,396.5039
2009-07-20,405.64407
2009-07-21,361.16522
2009-07-22,431.6415
2009-07-23,646.78754
2009-07-24,790.1729
2009-07-25,422.40872
2009-07-26,306.0733
2009-07-27,251.35786
2009-07-28,206.17076
2009-07-29,193.45384
2009-07-30,232.09572
2009-07-31,342.59467
2009-08-01,421.9648
2009-08-02,432.27747
2009-08-03,371.96173
2009-08-04,268.11823
2009-08-05,263.44604
2009-08-06,303.2738
2009-08-07,370.35843
2009-08-08,507.25882
2009-08-09,816.2188
2009-08-10,966.01355
2009-08-11,564.86975
2009-08-12,400.95236
2009-08-13,283.1021
2009-08-14,315.65167
2009-08-15,396.30338
2009-08-16,438.82812
2009-08-17,457.1317
2009-08-18,430.66434
2009-08-19,363.93054
2009-08-20,403.702
2009-08-21,451.07938
2009-08-22,476.12503
2009-08-23,466.88205
2009-08-24,434.41437
2009-08-25,430.01257
2009-08-26,338.04184
2009-08-27,277.1511
2009-08-28,255.21082
2009-08-29,256.87128
2009-08-30,311.76126
2009-08-31,337.39188
2009-09-01,278.08746
2009-09-02,195.64828
2009-09-03,175.3108
2009-09-04,170.26088
2009-09-05,172.1072
2009-09-06,188.55594
2009-09-07,176.49898
2009-09-08,135.5742
2009-09-09,126.98325
2009-09-10,157.07913
2009-09-11,181.00293
2009-09-12,148.41975
2009-09-13,143.45862
2009-09-14,181.85683
2009-09-15,241.6634
2009-09-16,299.5497
2009-09-17,367.4847
2009-09-18,429.41956
2009-09-19,332.51648
2009-09-20,251.20078
2009-09-21,169.13011
2009-09-22,171.2759
2009-09-23,202.66096
2009-09-24,175.96486
2009-09-25,142.52759
2009-09-26,119.8407
2009-09-27,105.45618
2009-09-28,96.272804
2009-09-29,109.869865
2009-09-30,121.07646
2009-10-01,114.77149
2009-10-02,96.97504
2009-10-03,94.562386
2009-10-04,127.2457
2009-10-05,225.9894
2009-10-06,296.09326
2009-10-07,223.67912
2009-10-08,170.59615
2009-10-09,207.94252
2009-10-10,214.94072
2009-10-11,131.63295
2009-10-12,125.087166
2009-10-13,165.27069
2009-10-14,173.9453
2009-10-15,184.22296
2009-10-16,385.33774
2009-10-17,528.5174
2009-10-18,309.12573
2009-10-19,257.00937
2009-10-20,239.45288
2009-10-21,219.81256
2009-10-22,207.90376
2009-10-23,236.37112
2009-10-24,262.42966
2009-10-25,243.37584
2009-10-26,294.28314
2009-10-27,369.48932
2009-10-28,284.17905
2009-10-29,242.55739
2009-10-30,204.52252
2009-10-31,263.82706
2009-11-01,341.91034
2009-11-02,311.10245
2009-11-03,328.53555
2009-11-04,352.85812
2009-11-05,348.00916
2009-11-06,369.47305
2009-11-07,475.86572
2009-11-08,553.6219
2009-11-09,412.11493
2009-11-10,394.55466
2009-11-11,289.57208
2009-11-12,246.30942
2009-11-13,253.26093
2009-11-14,277.4966
2009-11-15,298.944
2009-11-16,347.1638
2009-11-17,334.2121
2009-11-18,272.0584
2009-11-19,276.1092
2009-11-20,284.0861
2009-11-21,231.23926
2009-11-22,215.15062
2009-11-23,189.16257
2009-11-24,181.54634
2009-11-25,186.68063
2009-11-26,175.3706
2009-11-27,170.64975
2009-11-28,170.92232
2009-11-29,156.86102
2009-11-30,145.03535
2009-12-01,132.37944
2009-12-02,125.94799
2009-12-03,126.83424
2009-12-04,122.26301
2009-12-05,115.47894
2009-12-06,99.95799
2009-12-07,105.666176
2009-12-08,118.04038
2009-12-09,98.1103
2009-12-10,112.96689
2009-12-11,135.85242
2009-12-12,152.78577
2009-12-13,165.77187
2009-12-14,182.06094
2009-12-15,176.65154
2009-12-16,135.94943
2009-12-17,105.59336
2009-12-18,107.3955
2009-12-19,110.03666
2009-12-20,156.87877
2009-12-21,199.25644
2009-12-22,185.36519
2009-12-23,183.57721
2009-12-24,166.2874
2009-12-25,166.8562
2009-12-26,171.61613
2009-12-27,181.96564
2009-12-28,154.61441
2009-12-29,143.14005
2009-12-30,117.54717
2009-12-31,84.29382
2010-01-01,67.9032
2010-01-02,61.692856
2010-01-03,64.05524
2010-01-04,64.80288
2010-01-05,61.733948
2010-01-06,60.168095
2010-01-07,59.901943
2010-01-08,63.90335
2010-01-09,72.85232
2010-01-10,72.10323
2010-01-11,67.28036
2010-01-12,71.32593
2010-01-13,71.84966
2010-01-14,61.763634
2010-01-15,57.396202
2010-01-16,53.930386
2010-01-17,54.229683
2010-01-18,58.439007
2010-01-19,62.441742
2010-01-20,54.708458
2010-01-21,55.037403
2010-01-22,52.287613
2010-01-23,53.105095
2010-01-24,66.224106
2010-01-25,88.83924
2010-01-26,91.08034
2010-01-27,87.65744
2010-01-28,93.71243
2010-01-29,90.310036
2010-01-30,91.02499
2010-01-31,76.17807
2010-02-01,75.025
2010-02-02,66.44515
2010-02-03,49.906963
2010-02-04,50.063732
2010-02-05,51.658474
2010-02-06,53.220028
2010-02-07,58.586006
2010-02-08,67.783714
2010-02-09,73.45019
2010-02-10,79.68606
2010-02-11,118.77871
2010-02-12,113.4365
2010-02-13,82.31019
2010-02-14,60.852215
2010-02-15,46.45902
2010-02-16,50.95195
2010-02-17,60.071968
2010-02-18,76.516205
2010-02-19,73.3032
2010-02-20,52.35939
2010-02-21,63.323334
2010-02-22,113.55703
2010-02-23,135.31416
2010-02-24,103.899
2010-02-25,179.09703
2010-02-26,303.2863
2010-02-27,285.27298
2010-02-28,205.98102
2010-03-01,131.64484
2010-03-02,72.74748
2010-03-03,72.46213
2010-03-04,94.46832
2010-03-05,122.734314
2010-03-06,127.68608
2010-03-07,125.06274
2010-03-08,143.6239
2010-03-09,193.00659
2010-03-10,238.51717
2010-03-11,249.3915
2010-03-12,212.96078
2010-03-13,257.56668
2010-03-14,191.94641
2010-03-15,184.36894
2010-03-16,195.49928
2010-03-17,107.02001
2010-03-18,102.48476
2010-03-19,143.94829
2010-03-20,226.25409
2010-03-21,254.58914
2010-03-22,187.76242
2010-03-23,182.58508
2010-03-24,130.09445
2010-03-25,89.660545
2010-03-26,80.90539
2010-03-27,80.257484
2010-03-28,84.047035
2010-03-29,92.06861
2010-03-30,113.58038
2010-03-31,158.20317
2010-04-01,202.188
2010-04-02,207.20428
2010-04-03,165.61781
2010-04-04,146.55188
2010-04-05,210.0378
2010-04-06,264.1282
2010-04-07,264.56168
2010-04-08,253.12477
2010-04-09,315.96646
2010-04-10,403.70114
2010-04-11,620.99445
2010-04-12,784.4086
2010-04-13,625.0113
2010-04-14,629.43677
2010-04-15,732.12976
2010-04-16,708.2532
2010-04-17,644.2492
2010-04-18,640.05383
2010-04-19,656.70276
2010-04-20,695.87244
2010-04-21,786.65356
2010-04-22,718.6751
2010-04-23,498.00708
2010-04-24,293.14758
2010-04-25,294.3328
2010-04-26,429.2949
2010-04-27,544.513
2010-04-28,683.3622
2010-04-29,619.11835
2010-04-30,811.2431
2010-05-01,846.9539
2010-05-02,380.91245
2010-05-03,261.789
2010-05-04,351.5767
2010-05-05,519.83405
2010-05-06,664.0426
2010-05-07,740.1289
2010-05-08,557.4225
2010-05-09,389.10666
2010-05-10,392.2542
2010-05-11,550.17926
2010-05-12,612.3976
2010-05-13,620.77423
2010-05-14,887.23004
2010-05-15,1123.246
2010-05-16,760.6069
2010-05-17,577.66736
2010-05-18,440.099
2010-05-19,401.22437
2010-05-20,399.30734
2010-05-21,443.71768
2010-05-22,493.92773
2010-05-23,492.61996
2010-05-24,526.24915
2010-05-25,581.11926
2010-05-26,648.6592
2010-05-27,1017.14777
2010-05-28,1161.2594
2010-05-29,984.3846
2010-05-30,639.0563
2010-05-31,582.04535
2010-06-01,626.1209
2010-06-02,751.74866
2010-06-03,725.8829
2010-06-04,635.3085
2010-06-05,529.1722
2010-06-06,484.21454
2010-06-07,408.75302
2010-06-08,379.787
2010-06-09,419.85428
2010-06-10,459.60217
2010-06-11,483.91882
2010-06-12,588.72974
2010-06-13,614.0049
2010-06-14,665.251
2010-06-15,775.7404
2010-06-16,754.33264
2010-06-17,654.76215
2010-06-18,707.3572
2010-06-19,636.3499
2010-06-20,521.04706
2010-06-21,623.7924
2010-06-22,775.41815
2010-06-23,657.2223
2010-06-24,763.7195
2010-06-25,667.2166
2010-06-26,547.9256
2010-06-27,573.25354
2010-06-28,973.0785
2010-06-29,1281.3038
2010-06-30,651.80896
2010-07-01,472.87045
2010-07-02,534.0553
2010-07-03,571.44336
2010-07-04,575.15814
2010-07-05,663.04584
2010-07-06,1038.6425
2010-07-07,1409.5393
2010-07-08,1081.2057
2010-07-09,794.2188
2010-07-10,842.50824
2010-07-11,799.4264
2010-07-12,788.27234
2010-07-13,819.16016
2010-07-14,695.01776
2010-07-15,615.01025
2010-07-16,798.3769
2010-07-17,1097.9485
2010-07-18,926.3875
2010-07-19,1040.7721
2010-07-20,1196.5466
2010-07-21,982.3285
2010-07-22,830.90485
2010-07-23,586.63763
2010-07-24,492.90604
2010-07-25,451.42145
2010-07-26,513.6245
2010-07-27,559.9378
2010-07-28,578.08484
2010-07-29,579.34595
2010-07-30,777.1134
2010-07-31,951.51935
2010-08-01,759.3019
2010-08-02,748.3305
2010-08-03,557.7283
2010-08-04,618.23376
2010-08-05,661.2173
2010-08-06,689.2832
2010-08-07,687.5912
2010-08-08,897.6322
2010-08-09,976.94617
2010-08-10,718.8075
2010-08-11,627.2168
2010-08-12,658.06464
2010-08-13,750.8616
2010-08-14,786.2639
2010-08-15,689.2961
2010-08-16,669.3104
2010-08-17,670.646
2010-08-18,670.5796
2010-08-19,641.8477
2010-08-20,604.60223
2010-08-21,590.0246
2010-08-22,580.3995
2010-08-23,734.279
2010-08-24,921.5311
2010-08-25,641.88245
2010-08-26,575.5559
2010-08-27,651.5203
2010-08-28,813.88916
2010-08-29,952.04266
2010-08-30,715.2418
2010-08-31,573.2683
2010-09-01,486.39362
2010-09-02,502.40036
2010-09-03,561.16095
2010-09-04,558.71063
2010-09-05,488.34973
2010-09-06,475.95673
2010-09-07,496.77213
2010-09-08,456.78558
2010-09-09,673.63165
2010-09-10,836.4556
2010-09-11,561.6769
2010-09-12,540.06213
2010-09-13,440.11023
2010-09-14,516.13513
2010-09-15,748.13837
2010-09-16,639.34595
2010-09-17,349.67447
2010-09-18,331.05652
2010-09-19,448.4119
2010-09-20,491.99927
2010-09-21,550.9148
2010-09-22,706.57556
2010-09-23,961.8603
2010-09-24,1221.842
2010-09-25,807.64014
2010-09-26,725.60254
2010-09-27,658.7184
2010-09-28,615.5006
2010-09-29,599.86505
2010-09-30,513.82434
2010-10-01,497.77997
2010-10-02,536.3198
2010-10-03,565.25397
2010-10-04,512.54663
2010-10-05,487.99033
2010-10-06,628.99725
2010-10-07,766.83685
2010-10-08,765.2679
2010-10-09,922.34674
2010-10-10,1112.274
2010-10-11,607.2665
2010-10-12,360.77435
2010-10-13,320.44974
2010-10-14,312.95114
2010-10-15,317.11932
2010-10-16,361.51645
2010-10-17,479.61374
2010-10-18,582.7113
2010-10-19,880.70013
2010-10-20,1148.6499
2010-10-21,608.4104
2010-10-22,544.46954
2010-10-23,565.9066
2010-10-24,513.4892
2010-10-25,448.5754
2010-10-26,408.8982
2010-10-27,377.8368
2010-10-28,462.8874
2010-10-29,495.19977
2010-10-30,488.6195
2010-10-31,603.11957
2010-11-01,681.47424
2010-11-02,690.2911
2010-11-03,740.4724
2010-11-04,713.0851
2010-11-05,519.7942
2010-11-06,556.3142
2010-11-07,601.7113
2010-11-08,573.891
2010-11-09,692.84894
2010-11-10,799.3768
2010-11-11,901.0104
2010-11-12,819.70264
2010-11-13,651.1953
2010-11-14,865.8938
2010-11-15,1177.2145
2010-11-16,868.04266
2010-11-17,683.53827
2010-11-18,705.8034
2010-11-19,774.5383
2010-11-20,677.51044
2010-11-21,721.405
2010-11-22,703.23883
2010-11-23,597.28955
2010-11-24,630.30273
2010-11-25,796.5315
2010-11-26,866.66907
2010-11-27,674.5092
2010-11-28,632.40063
2010-11-29,632.0438
2010-11-30,664.17706
2010-12-01,708.1031
2010-12-02,921.442
2010-12-03,924.8807
2010-12-04,697.65137
2010-12-05,712.7488
2010-12-06,824.238
2010-12-07,787.7282
2010-12-08,633.316
2010-12-09,499.42288
2010-12-10,505.70233
2010-12-11,489.832
2010-12-12,474.95758
2010-12-13,437.14658
2010-12-14,444.8417
2010-12-15,469.72836
2010-12-16,562.0875
2010-12-17,634.5432
2010-12-18,624.85516
2010-12-19,470.8811
2010-12-20,519.67926
2010-12-21,545.5168
2010-12-22,544.7753
2010-12-23,457.54913
2010-12-24,342.82095
2010-12-25,372.8502
2010-12-26,462.17963
2010-12-27,547.27515
2010-12-28,556.59686
2010-12-29,404.3792
2010-12-30,300.15997
2010-12-31,284.17407
2011-01-01,254.03087
2011-01-02,243.55353
2011-01-03,236.73914
2011-01-04,220.38599
2011-01-05,283.33936
2011-01-06,448.10297
2011-01-07,472.88467
2011-01-08,330.3788
2011-01-09,329.67615
2011-01-10,339.57675
2011-01-11,345.40793
2011-01-12,263.2658
2011-01-13,232.38611
2011-01-14,199.53255
2011-01-15,148.43675
2011-01-16,153.15672
2011-01-17,162.58928
2011-01-18,172.60342
2011-01-19,170.29588
2011-01-20,152.26237
2011-01-21,132.74898
2011-01-22,125.647575
2011-01-23,131.35977
2011-01-24,126.64324
2011-01-25,112.68779
2011-01-26,107.28663
2011-01-27,113.65396
2011-01-28,131.65018
2011-01-29,138.62157
2011-01-30,127.834785
2011-01-31,120.20357
2011-02-01,112.52707
2011-02-02,112.71645
2011-02-03,109.6506
2011-02-04,95.601204
2011-02-05,84.55321
2011-02-06,90.03986
2011-02-07,111.558784
2011-02-08,122.834114
2011-02-09,221.30772
2011-02-10,344.64175
2011-02-11,391.78256
2011-02-12,306.8118
2011-02-13,299.54373
2011-02-14,305.1253
2011-02-15,357.07114
2011-02-16,566.44794
2011-02-17,606.86334
2011-02-18,477.98627
2011-02-19,398.31882
2011-02-20,377.2971
2011-02-21,272.51126
2011-02-22,158.25323
2011-02-23,104.224396
2011-02-24,110.3527
2011-02-25,235.7172
2011-02-26,438.19843
2011-02-27,499.02512
2011-02-28,489.8151
2011-03-01,622.5168
2011-03-02,645.1826
2011-03-03,473.3091
2011-03-04,386.7416
2011-03-05,390.62003
2011-03-06,391.51245
2011-03-07,382.83212
2011-03-08,478.71292
2011-03-09,549.1841
2011-03-10,560.6884
2011-03-11,766.6292
2011-03-12,797.6225
2011-03-13,492.0166
2011-03-14,328.90558
2011-03-15,256.50735
2011-03-16,283.92847
2011-03-17,406.88788
2011-03-18,448.78427
2011-03-19,497.79333
2011-03-20,703.7091
2011-03-21,839.7278
2011-03-22,736.64874
2011-03-23,651.7387
2011-03-24,630.79315
2011-03-25,767.2363
2011-03-26,812.61566
2011-03-27,795.27826
2011-03-28,787.2774
2011-03-29,630.06354
2011-03-30,510.5602
2011-03-31,439.58978
2011-04-01,376.09067
2011-04-02,373.12695
2011-04-03,354.01068
2011-04-04,294.88196
2011-04-05,284.34946
2011-04-06,332.1722
2011-04-07,410.70502
2011-04-08,433.2727
2011-04-09,402.98987
2011-04-10,489.17673
2011-04-11,624.617
2011-04-12,814.25287
2011-04-13,783.58777
2011-04-14,781.0951
2011-04-15,721.1352
2011-04-16,638.7257
2011-04-17,716.5413
2011-04-18,927.40155
2011-04-19,1173.6115
2011-04-20,1383.4946
2011-04-21,1641.0435
2011-04-22,1913.2606
2011-04-23,1711.4102
2011-04-24,1573.7094
2011-04-25,1441.9712
2011-04-26,1316.2428
2011-04-27,1204.1968
2011-04-28,937.92847
2011-04-29,1493.9553
2011-04-30,1749.7795
2011-05-01,755.6039
2011-05-02,648.51807
2011-05-03,673.7589
2011-05-04,777.7109
2011-05-05,751.8967
2011-05-06,776.30835
2011-05-07,747.1762
2011-05-08,673.35504
2011-05-09,689.59174
2011-05-10,692.0762
2011-05-11,726.1496
2011-05-12,798.1038
2011-05-13,823.8045
2011-05-14,823.0583
2011-05-15,781.29816
2011-05-16,735.5786
2011-05-17,769.612
2011-05-18,841.58185
2011-05-19,899.517
2011-05-20,1005.0777
2011-05-21,1208.0267
2011-05-22,1144.2401
2011-05-23,951.1313
2011-05-24,975.8012
2011-05-25,1015.6048
2011-05-26,1197.9646
2011-05-27,1263.6855
2011-05-28,853.034
2011-05-29,769.5277
2011-05-30,813.00995
2011-05-31,892.46655
2011-06-01,1006.88983
2011-06-02,1098.5405
2011-06-03,1637.3744
2011-06-04,2080.8037
2011-06-05,1310.2058
2011-06-06,960.3209
2011-06-07,863.01715
2011-06-08,719.1117
2011-06-09,643.6021
2011-06-10,530.89264
2011-06-11,445.21683
2011-06-12,424.58682
2011-06-13,399.69794
2011-06-14,362.51083
2011-06-15,401.7594
2011-06-16,482.53073
2011-06-17,480.51495
2011-06-18,556.24133
2011-06-19,615.061
2011-06-20,582.7646
2011-06-21,763.5125
2011-06-22,795.55493
2011-06-23,504.91443
2011-06-24,467.5006
2011-06-25,563.8093
2011-06-26,631.6095
2011-06-27,651.0313
2011-06-28,702.99475
2011-06-29,625.4455
2011-06-30,440.97986
2011-07-01,403.27042
2011-07-02,537.412
2011-07-03,729.9197
2011-07-04,519.3118
2011-07-05,640.72565
2011-07-06,809.93024
2011-07-07,479.42722
2011-07-08,470.24222
2011-07-09,456.45343
2011-07-10,368.4273
2011-07-11,404.59766
2011-07-12,518.8076
2011-07-13,588.9697
2011-07-14,769.8465
2011-07-15,884.8827
2011-07-16,610.31305
2011-07-17,488.1642
2011-07-18,381.97064
2011-07-19,338.28708
2011-07-20,342.6988
2011-07-21,321.90384
2011-07-22,297.4766
2011-07-23,268.685
2011-07-24,245.58607
2011-07-25,321.995
2011-07-26,386.1502
2011-07-27,389.31122
2011-07-28,393.08963
2011-07-29,452.5721
2011-07-30,651.565
2011-07-31,972.7389
2011-08-01,1066.5505
2011-08-02,625.8509
2011-08-03,508.52094
2011-08-04,458.1901
2011-08-05,510.27457
2011-08-06,532.5895
2011-08-07,352.96423
2011-08-08,276.52896
2011-08-09,286.5519
2011-08-10,284.96292
2011-08-11,346.76868
2011-08-12,330.91553
2011-08-13,321.97922
2011-08-14,406.2845
2011-08-15,427.77667
2011-08-16,469.79382
2011-08-17,535.69183
2011-08-18,538.9147
2011-08-19,512.11035
2011-08-20,486.26138
2011-08-21,481.77264
2011-08-22,454.02765
2011-08-23,453.34402
2011-08-24,468.4525
2011-08-25,615.5634
2011-08-26,887.8921
2011-08-27,785.02936
2011-08-28,561.7915
2011-08-29,454.4074
2011-08-30,395.14093
2011-08-31,334.375
2011-09-01,275.76804
2011-09-02,231.61502
2011-09-03,241.04984
2011-09-04,300.29294
2011-09-05,341.7092
2011-09-06,286.72528
2011-09-07,236.97014
2011-09-08,207.02608
2011-09-09,225.53308
2011-09-10,311.1334
2011-09-11,367.52737
2011-09-12,411.17804
2011-09-13,418.9583
2011-09-14,363.776
2011-09-15,283.71204
2011-09-16,304.5377
2011-09-17,318.85516
2011-09-18,277.7656
2011-09-19,370.3656
2011-09-20,430.89636
2011-09-21,415.10046
2011-09-22,394.7147
2011-09-23,379.46582
2011-09-24,389.95734
2011-09-25,278.73764
2011-09-26,314.22733
2011-09-27,373.15695
2011-09-28,334.78854
2011-09-29,230.56357
2011-09-30,220.08476
2011-10-01,241.23793
2011-10-02,240.95152
2011-10-03,260.98468
2011-10-04,272.43658
2011-10-05,265.11526
2011-10-06,389.2935
2011-10-07,510.4121
2011-10-08,497.8188
2011-10-09,481.10242
2011-10-10,522.7497
2011-10-11,597.9781
2011-10-12,567.54456
2011-10-13,698.6335
2011-10-14,901.63043
2011-10-15,554.2112
2011-10-16,469.5318
2011-10-17,596.6705
2011-10-18,705.1666
2011-10-19,582.6654
2011-10-20,503.47043
2011-10-21,516.00415
2011-10-22,619.2829
2011-10-23,582.537
2011-10-24,451.58713
2011-10-25,415.72968
2011-10-26,695.1633
2011-10-27,801.41534
2011-10-28,618.85986
2011-10-29,470.71075
2011-10-30,527.1894
2011-10-31,952.53204
2011-11-01,1245.7662
2011-11-02,541.0716
2011-11-03,347.90405
2011-11-04,320.9579
2011-11-05,339.97937
2011-11-06,352.81012
2011-11-07,389.40024
2011-11-08,473.48065
2011-11-09,491.07574
2011-11-10,537.7758
2011-11-11,647.55505
2011-11-12,767.10974
2011-11-13,1021.9707
2011-11-14,1103.2284
2011-11-15,1213.1947
2011-11-16,1258.3402
2011-11-17,900.32007
2011-11-18,947.81714
2011-11-19,744.5897
2011-11-20,693.5302
2011-11-21,826.45483
2011-11-22,1009.14386
2011-11-23,1101.3472
2011-11-24,1028.6675
2011-11-25,911.8505
2011-11-26,808.8395
2011-11-27,738.6668
2011-11-28,721.66125
2011-11-29,950.2209
2011-11-30,901.3437
2011-12-01,710.11426
2011-12-02,684.5119
2011-12-03,727.20416
2011-12-04,664.67914
2011-12-05,623.6223
2011-12-06,659.7183
2011-12-07,763.2771
2011-12-08,1191.1783
2011-12-09,1725.4141
2011-12-10,1176.0774
2011-12-11,805.7928
2011-12-12,639.10065
2011-12-13,505.5282
2011-12-14,530.8948
2011-12-15,608.5167
2011-12-16,637.9507
2011-12-17,619.29254
2011-12-18,624.1911
2011-12-19,560.84467
2011-12-20,452.13742
2011-12-21,459.7175
2011-12-22,380.14438
2011-12-23,330.88977
2011-12-24,315.00235
2011-12-25,369.10696
2011-12-26,381.93378
2011-12-27,300.9613
2011-12-28,278.0493
2011-12-29,281.77863
2011-12-30,302.91965
2011-12-31,300.6447
2012-01-01,286.564
2012-01-02,264.93448
2012-01-03,228.719
2012-01-04,240.87993
2012-01-05,297.6272
2012-01-06,324.96335
2012-01-07,317.33633
2012-01-08,334.2165
2012-01-09,290.54044
2012-01-10,212.30823
2012-01-11,193.44324
2012-01-12,212.46729
2012-01-13,221.3635
2012-01-14,177.64088
2012-01-15,169.78026
2012-01-16,188.15324
2012-01-17,183.38954
2012-01-18,179.9321
2012-01-19,202.57303
2012-01-20,220.149
2012-01-21,241.41553
2012-01-22,294.7582
2012-01-23,285.8663
2012-01-24,261.25378
2012-01-25,257.78534
2012-01-26,288.3408
2012-01-27,283.41052
2012-01-28,274.08826
2012-01-29,290.80917
2012-01-30,318.7721
2012-01-31,244.23389
2012-02-01,285.04208
2012-02-02,336.85495
2012-02-03,297.683
2012-02-04,245.94824
2012-02-05,196.40167
2012-02-06,229.3723
2012-02-07,360.64627
2012-02-08,469.45093
2012-02-09,438.32452
2012-02-10,409.22662
2012-02-11,361.6896
2012-02-12,314.6821
2012-02-13,304.2869
2012-02-14,353.3882
2012-02-15,381.86752
2012-02-16,352.84915
2012-02-17,346.10776
2012-02-18,316.7764
2012-02-19,308.38474
2012-02-20,270.32147
2012-02-21,269.0088
2012-02-22,292.8522
2012-02-23,201.21455
2012-02-24,166.41066
2012-02-25,150.00378
2012-02-26,148.3231
2012-02-27,160.49011
2012-02-28,162.80414
2012-02-29,148.38252
2012-03-01,161.43733
2012-03-02,194.80182
2012-03-03,209.6127
2012-03-04,217.52846
2012-03-05,270.36658
2012-03-06,268.16452
2012-03-07,227.4441
2012-03-08,216.15063
2012-03-09,194.72273
2012-03-10,203.09444
2012-03-11,255.21426
2012-03-12,322.84235
2012-03-13,385.2783
2012-03-14,364.4821
2012-03-15,373.93408
2012-03-16,331.6786
2012-03-17,281.72946
2012-03-18,287.8532
2012-03-19,322.65744
2012-03-20,375.08536
2012-03-21,435.15536
2012-03-22,449.22443
2012-03-23,483.55328
2012-03-24,456.37405
2012-03-25,463.33228
2012-03-26,475.84122
2012-03-27,512.4405
2012-03-28,595.02637
2012-03-29,610.514
2012-03-30,674.92267
2012-03-31,560.04004
2012-04-01,399.6992
2012-04-02,390.33752
2012-04-03,441.26056
2012-04-04,481.71542
2012-04-05,504.482
2012-04-06,549.2878
2012-04-07,567.9345
2012-04-08,732.12024
2012-04-09,758.8053
2012-04-10,771.9762
2012-04-11,783.33936
2012-04-12,756.71204
2012-04-13,759.1485
2012-04-14,822.8174
2012-04-15,821.40826
2012-04-16,943.7272
2012-04-17,848.57104
2012-04-18,910.2886
2012-04-19,921.8721
2012-04-20,834.0381
2012-04-21,813.40607
2012-04-22,867.74286
2012-04-23,886.4039
2012-04-24,891.4398
2012-04-25,885.16364
2012-04-26,737.30884
2012-04-27,580.67114
2012-04-28,527.8952
2012-04-29,560.52185
2012-04-30,532.69135
2012-05-01,565.059
2012-05-02,636.62506
2012-05-03,661.4023
2012-05-04,712.1691
2012-05-05,708.9139
2012-05-06,670.39276
2012-05-07,692.64874
2012-05-08,711.9116
2012-05-09,812.8909
2012-05-10,799.925
2012-05-11,844.8959
2012-05-12,933.27545
2012-05-13,875.7978
2012-05-14,795.86847
2012-05-15,716.3512
2012-05-16,548.21936
2012-05-17,457.34262
2012-05-18,459.06674
2012-05-19,472.26532
2012-05-20,526.7403
2012-05-21,581.21454
2012-05-22,569.52075
2012-05-23,516.7173
2012-05-24,511.34103
2012-05-25,515.51587
2012-05-26,529.45245
2012-05-27,523.7475
2012-05-28,472.32376
2012-05-29,361.4405
2012-05-30,306.9418
2012-05-31,306.8899
2012-06-01,308.51215
2012-06-02,320.9604
2012-06-03,357.3376
2012-06-04,357.98105
2012-06-05,327.8251
2012-06-06,255.61105
2012-06-07,219.71172
2012-06-08,210.67451
2012-06-09,212.57123
2012-06-10,224.16202
2012-06-11,294.05228
2012-06-12,432.86954
2012-06-13,462.0985
2012-06-14,494.59677
2012-06-15,512.3192
2012-06-16,488.6663
2012-06-17,466.9866
2012-06-18,497.20743
2012-06-19,488.30212
2012-06-20,463.97177
2012-06-21,379.34186
2012-06-22,305.6606
2012-06-23,313.87976
2012-06-24,251.04126
2012-06-25,249.76068
2012-06-26,270.3814
2012-06-27,271.4227
2012-06-28,281.7497
2012-06-29,318.5919
2012-06-30,296.75156
2012-07-01,273.61313
2012-07-02,268.43973
2012-07-03,359.84637
2012-07-04,396.11636
2012-07-05,362.87778
2012-07-06,384.05664
2012-07-07,403.77448
2012-07-08,366.9625
2012-07-09,286.46133
2012-07-10,244.97685
2012-07-11,238.01292
2012-07-12,340.27405
2012-07-13,488.837
2012-07-14,576.4275
2012-07-15,557.25867
2012-07-16,554.3763
2012-07-17,429.6222
2012-07-18,302.51215
2012-07-19,307.48868
2012-07-20,385.2097
2012-07-21,518.22205
2012-07-22,538.3284
2012-07-23,648.6981
2012-07-24,775.3594
2012-07-25,607.8857
2012-07-26,485.13904
2012-07-27,371.90067
2012-07-28,314.1502
2012-07-29,367.3432
2012-07-30,575.51764
2012-07-31,707.50854
2012-08-01,630.42413
2012-08-02,596.832
2012-08-03,634.2951
2012-08-04,661.2787
2012-08-05,619.24615
2012-08-06,618.78284
2012-08-07,983.80646
2012-08-08,1404.955
2012-08-09,817.56793
2012-08-10,543.5363
2012-08-11,452.10345
2012-08-12,451.1611
2012-08-13,518.75323
2012-08-14,503.95526
2012-08-15,603.47076
2012-08-16,778.8969
2012-08-17,660.4603
2012-08-18,562.308
2012-08-19,499.91052
2012-08-20,544.45575
2012-08-21,590.5016
2012-08-22,591.80286
2012-08-23,596.45197
2012-08-24,559.703
2012-08-25,606.45917
2012-08-26,661.7675
2012-08-27,544.9466
2012-08-28,435.23657
2012-08-29,429.82608
2012-08-30,399.96014
2012-08-31,338.95074
2012-09-01,388.72662
2012-09-02,406.19498
2012-09-03,390.35553
2012-09-04,355.0718
2012-09-05,295.08215
2012-09-06,348.68796
2012-09-07,395.55228
2012-09-08,368.46432
2012-09-09,298.58304
2012-09-10,235.34026
2012-09-11,239.52167
2012-09-12,270.26483
2012-09-13,295.69327
2012-09-14,324.05746
2012-09-15,313.04074
2012-09-16,251.98782
2012-09-17,237.20648
2012-09-18,264.7107
2012-09-19,294.11954
2012-09-20,373.9227
2012-09-21,314.83173
2012-09-22,276.21143
2012-09-23,262.3177
2012-09-24,259.86008
2012-09-25,258.3037
2012-09-26,325.5936
2012-09-27,419.3396
2012-09-28,379.81094
2012-09-29,388.4189
2012-09-30,383.0848
2012-10-01,353.45966
2012-10-02,264.28214
2012-10-03,211.36928
2012-10-04,265.3372
2012-10-05,307.3296
2012-10-06,342.39536
2012-10-07,498.61923
2012-10-08,580.93414
2012-10-09,512.6465
2012-10-10,502.12354
2012-10-11,502.83347
2012-10-12,379.08765
2012-10-13,319.78818
2012-10-14,363.47925
2012-10-15,555.4612
2012-10-16,734.9267
2012-10-17,681.1667
2012-10-18,673.16144
2012-10-19,621.46045
2012-10-20,650.23315
2012-10-21,972.44403
2012-10-22,1071.2153
2012-10-23,647.9968
2012-10-24,596.52026
2012-10-25,614.23883
2012-10-26,578.3884
2012-10-27,447.4459
2012-10-28,387.6477
2012-10-29,322.87827
2012-10-30,331.89517
2012-10-31,409.55606
2012-11-01,478.50214
2012-11-02,408.11673
2012-11-03,317.9879
2012-11-04,265.52652
2012-11-05,249.43951
2012-11-06,246.28534
2012-11-07,263.2556
2012-11-08,268.41714
2012-11-09,210.43399
2012-11-10,178.03185
2012-11-11,162.94507
2012-11-12,166.10725
2012-11-13,173.90541
2012-11-14,207.22963
2012-11-15,250.40727
2012-11-16,505.62064
2012-11-17,816.1849
2012-11-18,636.2943
2012-11-19,649.85895
2012-11-20,512.16516
2012-11-21,346.767
2012-11-22,247.0214
2012-11-23,236.02638
2012-11-24,259.4588
2012-11-25,194.17584
2012-11-26,171.19456
2012-11-27,157.36617
2012-11-28,177.40802
2012-11-29,184.66428
2012-11-30,187.43044
2012-12-01,228.38292
2012-12-02,277.90073
2012-12-03,255.94528
2012-12-04,190.59283
2012-12-05,168.8536
2012-12-06,252.66095
2012-12-07,385.6524
2012-12-08,304.087
2012-12-09,208.95137
2012-12-10,136.67685
2012-12-11,112.662865
2012-12-12,109.7323
2012-12-13,120.80302
2012-12-14,157.51382
2012-12-15,215.62898
2012-12-16,307.8465
2012-12-17,367.64444
2012-12-18,252.03079
2012-12-19,205.47516
2012-12-20,190.95262
2012-12-21,237.94377
2012-12-22,200.61984
2012-12-23,169.27943
2012-12-24,176.29774
2012-12-25,330.96896
2012-12-26,404.0433
2012-12-27,224.11597
2012-12-28,187.30855
2012-12-29,177.19662
2012-12-30,135.50995
2012-12-31,97.24111
2013-01-01,90.84304
2013-01-02,87.46327
2013-01-03,86.02544
2013-01-04,82.5131
2013-01-05,79.17055
2013-01-06,75.83609
2013-01-07,73.737114
2013-01-08,71.32894
2013-01-09,70.02664
2013-01-10,68.50839
2013-01-11,66.977745
2013-01-12,65.678185
2013-01-13,64.62216
2013-01-14,64.40424
2013-01-15,71.66418
2013-01-16,92.37714
2013-01-17,93.86963
2013-01-18,94.38869
2013-01-19,129.89163
2013-01-20,157.23543
2013-01-21,109.78127
2013-01-22,95.776
2013-01-23,80.865875
2013-01-24,78.96167
2013-01-25,96.34928
2013-01-26,131.09557
2013-01-27,129.6568
2013-01-28,100.41356
2013-01-29,94.520195
2013-01-30,80.20822
2013-01-31,75.229
2013-02-01,76.93489
2013-02-02,93.87889
2013-02-03,159.33286
2013-02-04,226.12567
2013-02-05,233.35265
2013-02-06,260.8551
2013-02-07,353.9861
2013-02-08,300.27985
2013-02-09,248.61125
2013-02-10,239.57599
2013-02-11,294.40778
2013-02-12,380.86923
2013-02-13,353.11102
2013-02-14,292.79913
2013-02-15,300.0987
2013-02-16,242.9596
2013-02-17,182.70285
2013-02-18,320.61908
2013-02-19,495.52637
2013-02-20,345.75433
2013-02-21,286.93527
2013-02-22,250.11816
2013-02-23,219.936
2013-02-24,193.86203
2013-02-25,175.47389
2013-02-26,165.28667
2013-02-27,174.87308
2013-02-28,182.59984
2013-03-01,207.34561
2013-03-02,290.20587
2013-03-03,308.83554
2013-03-04,229.61896
2013-03-05,223.53566
2013-03-06,241.44423
2013-03-07,229.78477
2013-03-08,267.23206
2013-03-09,246.96004
2013-03-10,203.24608
2013-03-11,207.06123
2013-03-12,194.69077
2013-03-13,234.94687
2013-03-14,314.8144
2013-03-15,306.32495
2013-03-16,329.10403
2013-03-17,356.8736
2013-03-18,394.5557
2013-03-19,534.6242
2013-03-20,567.0902
2013-03-21,505.43927
2013-03-22,409.27002
2013-03-23,350.42157
2013-03-24,378.84244
2013-03-25,306.67047
2013-03-26,239.25026
2013-03-27,224.54774
2013-03-28,218.46515
2013-03-29,200.94357
2013-03-30,206.63051
2013-03-31,303.83905
2013-04-01,396.70856
2013-04-02,291.5457
2013-04-03,199.2916
2013-04-04,166.33092
2013-04-05,148.6389
2013-04-06,144.24951
2013-04-07,167.41356
2013-04-08,196.48726
2013-04-09,195.98248
2013-04-10,183.30486
2013-04-11,146.0498
2013-04-12,155.5243
2013-04-13,196.26688
2013-04-14,237.64279
2013-04-15,246.98781
2013-04-16,320.35764
2013-04-17,344.99207
2013-04-18,277.6697
2013-04-19,268.41336
2013-04-20,299.52628
2013-04-21,469.91605
2013-04-22,547.1279
2013-04-23,461.06885
2013-04-24,439.47058
2013-04-25,499.8942
2013-04-26,621.48553
2013-04-27,875.8315
2013-04-28,970.7782
2013-04-29,654.2993
2013-04-30,514.348
2013-05-01,617.60175
2013-05-02,762.6638
2013-05-03,730.6634
2013-05-04,841.8565
2013-05-05,1095.4935
2013-05-06,765.5819
2013-05-07,995.58185
2013-05-08,1298.6556
2013-05-09,1094.5004
2013-05-10,933.3046
2013-05-11,753.8827
2013-05-12,756.7503
2013-05-13,520.48926
2013-05-14,388.56082
2013-05-15,444.97797
2013-05-16,431.11243
2013-05-17,457.7119
2013-05-18,524.46216
2013-05-19,590.9804
2013-05-20,556.89
2013-05-21,509.011
2013-05-22,644.90894
2013-05-23,744.7556
2013-05-24,810.98114
2013-05-25,1026.0916
2013-05-26,869.5499
2013-05-27,478.72113
2013-05-28,417.7378
2013-05-29,490.81958
2013-05-30,564.45166
2013-05-31,638.12354
2013-06-01,692.5173
2013-06-02,640.24023
2013-06-03,627.3099
2013-06-04,572.51965
2013-06-05,496.66617
2013-06-06,375.24448
2013-06-07,350.20792
2013-06-08,381.3683
2013-06-09,416.97806
2013-06-10,336.35458
2013-06-11,293.60107
2013-06-12,331.69748
2013-06-13,407.3668
2013-06-14,469.28024
2013-06-15,519.43896
2013-06-16,610.07324
2013-06-17,616.8756
2013-06-18,520.0232
2013-06-19,419.94467
2013-06-20,343.2434
2013-06-21,361.30252
2013-06-22,294.65082
2013-06-23,282.90112
2013-06-24,309.6073
2013-06-25,405.38574
2013-06-26,596.31683
2013-06-27,628.3201
2013-06-28,484.1279
2013-06-29,424.09775
2013-06-30,387.3876
2013-07-01,368.00113
2013-07-02,422.05472
2013-07-03,419.38843
2013-07-04,326.6176
2013-07-05,233.7677
2013-07-06,207.50198
2013-07-07,238.14355
2013-07-08,304.70105
2013-07-09,351.87576
2013-07-10,394.25394
2013-07-11,444.39917
2013-07-12,456.37955
2013-07-13,455.82132
2013-07-14,327.55515
2013-07-15,251.86043
2013-07-16,229.39307
2013-07-17,267.9322
2013-07-18,345.35556
2013-07-19,357.0827
2013-07-20,326.06778
2013-07-21,284.6663
2013-07-22,374.41595
2013-07-23,393.59122
2013-07-24,290.3386
2013-07-25,304.54108
2013-07-26,303.17792
2013-07-27,307.57837
2013-07-28,431.12527
2013-07-29,471.67856
2013-07-30,413.0743
2013-07-31,436.80713
2013-08-01,447.29053
2013-08-02,454.5516
2013-08-03,407.56238
2013-08-04,393.99802
2013-08-05,328.58023
2013-08-06,316.82843
2013-08-07,291.25037
2013-08-08,283.36356
2013-08-09,384.0909
2013-08-10,485.78555
2013-08-11,483.97232
2013-08-12,587.1675
2013-08-13,775.57745
2013-08-14,723.5997
2013-08-15,643.59973
2013-08-16,432.701
2013-08-17,365.59662
2013-08-18,383.71268
2013-08-19,476.96024
2013-08-20,612.7645
2013-08-21,566.38153
2013-08-22,643.37646
2013-08-23,686.0301
2013-08-24,436.4391
2013-08-25,350.88632
2013-08-26,374.8741
2013-08-27,454.17346
2013-08-28,531.4148
2013-08-29,507.52377
2013-08-30,517.42175
2013-08-31,657.2881
2013-09-01,601.649
2013-09-02,607.47864
2013-09-03,530.667
2013-09-04,560.3118
2013-09-05,584.93506
2013-09-06,504.53824
2013-09-07,546.49133
2013-09-08,759.9545
2013-09-09,906.5593
2013-09-10,644.8833
2013-09-11,525.23804
2013-09-12,475.61142
2013-09-13,472.11487
2013-09-14,429.3609
2013-09-15,352.8498
2013-09-16,307.23788
2013-09-17,319.41943
2013-09-18,370.9766
2013-09-19,363.2195
2013-09-20,294.02335
2013-09-21,264.50934
2013-09-22,217.8935
2013-09-23,221.01086
2013-09-24,192.46391
2013-09-25,191.38312
2013-09-26,205.97763
2013-09-27,243.12247
2013-09-28,313.8492
2013-09-29,375.82663
2013-09-30,381.1888
2013-10-01,395.8793
2013-10-02,368.97037
2013-10-03,365.52127
2013-10-04,287.96707
2013-10-05,284.19516
2013-10-06,321.4612
2013-10-07,293.4875
2013-10-08,188.31317
2013-10-09,188.9075
2013-10-10,222.72401
2013-10-11,185.2975
2013-10-12,163.16661
2013-10-13,185.58626
2013-10-14,279.46295
2013-10-15,364.38107
2013-10-16,396.68393
2013-10-17,436.72382
2013-10-18,553.16754
2013-10-19,624.4242
2013-10-20,557.4496
2013-10-21,380.90732
2013-10-22,343.50037
2013-10-23,435.50974
2013-10-24,492.2702
2013-10-25,373.90225
2013-10-26,320.6538
2013-10-27,256.49146
2013-10-28,232.93538
2013-10-29,243.92159
2013-10-30,259.76428
2013-10-31,266.44315
2013-11-01,317.9594
2013-11-02,320.0724
2013-11-03,253.97476
2013-11-04,235.861
2013-11-05,340.6453
2013-11-06,798.1412
2013-11-07,1094.1167
2013-11-08,762.6309
2013-11-09,770.97437
2013-11-10,594.94135
2013-11-11,715.46484
2013-11-12,668.11676
2013-11-13,451.72922
2013-11-14,354.15448
2013-11-15,295.4999
2013-11-16,264.15936
2013-11-17,252.29604
2013-11-18,228.16975
2013-11-19,232.10446
2013-11-20,266.69366
2013-11-21,255.1194
2013-11-22,232.66692
2013-11-23,220.82361
2013-11-24,200.07278
2013-11-25,242.42618
2013-11-26,345.2683
2013-11-27,373.9018
2013-11-28,375.60904
2013-11-29,396.2869
2013-11-30,443.38037
2013-12-01,422.23004
2013-12-02,400.6951
2013-12-03,310.7496
2013-12-04,296.74875
2013-12-05,414.62146
2013-12-06,464.23157
2013-12-07,405.43698
2013-12-08,327.5201
2013-12-09,347.69916
2013-12-10,410.2031
2013-12-11,437.99374
2013-12-12,408.86404
2013-12-13,375.65628
2013-12-14,334.02588
2013-12-15,315.19617
2013-12-16,284.29678
2013-12-17,292.71188
2013-12-18,259.6386
2013-12-19,235.52525
2013-12-20,247.41849
2013-12-21,239.1115
2013-12-22,226.00932
2013-12-23,179.73438
2013-12-24,146.92703
2013-12-25,155.14119
2013-12-26,225.95013
2013-12-27,251.5359
2013-12-28,270.65463
2013-12-29,224.73524
2013-12-30,159.65828
2013-12-31,121.12413
2014-01-01,111.40002
2014-01-02,116.160675
2014-01-03,121.618065
2014-01-04,113.84549
2014-01-05,116.64984
2014-01-06,132.541
2014-01-07,162.43773
2014-01-08,202.75816
2014-01-09,216.52469
2014-01-10,189.50879
2014-01-11,141.83803
2014-01-12,110.73505
2014-01-13,91.00062
2014-01-14,81.915924
2014-01-15,86.51407
2014-01-16,95.82357
2014-01-17,101.7956
2014-01-18,106.9475
2014-01-19,108.72161
2014-01-20,100.10797
2014-01-21,118.214516
2014-01-22,115.88621
2014-01-23,104.692085
2014-01-24,108.53741
2014-01-25,94.78478
2014-01-26,87.25667
2014-01-27,91.84748
2014-01-28,115.80551
2014-01-29,124.84426
2014-01-30,104.184395
2014-01-31,127.99735
2014-02-01,128.17426
2014-02-02,120.60868
2014-02-03,119.665565
2014-02-04,127.75159
2014-02-05,120.97062
2014-02-06,121.067955
2014-02-07,122.534836
2014-02-08,117.16307
2014-02-09,108.276855
2014-02-10,119.43961
2014-02-11,146.39217
2014-02-12,158.42001
2014-02-13,179.26953
2014-02-14,164.12746
2014-02-15,131.2167
2014-02-16,130.9539
2014-02-17,127.797485
2014-02-18,107.95384
2014-02-19,106.75017
2014-02-20,135.6101
2014-02-21,187.39204
2014-02-22,222.32681
2014-02-23,229.59613
2014-02-24,304.08484
2014-02-25,322.43912
2014-02-26,288.93396
2014-02-27,355.0647
2014-02-28,462.96405
2014-03-01,474.2409
2014-03-02,416.1771
2014-03-03,527.88055
2014-03-04,667.0742
2014-03-05,561.4495
2014-03-06,395.23102
2014-03-07,396.05362
2014-03-08,411.33252
2014-03-09,494.29755
2014-03-10,573.7571
2014-03-11,482.0548
2014-03-12,417.9978
2014-03-13,424.5979
2014-03-14,397.1771
2014-03-15,456.40778
2014-03-16,455.08725
2014-03-17,357.56195
2014-03-18,348.04636
2014-03-19,323.69174
2014-03-20,278.68158
2014-03-21,216.39922
2014-03-22,194.35028
2014-03-23,196.91208
2014-03-24,180.24821
2014-03-25,197.92206
2014-03-26,200.33635
2014-03-27,229.549
2014-03-28,255.002
2014-03-29,215.1926
2014-03-30,176.99896
2014-03-31,140.59756
2014-04-01,159.04735
2014-04-02,186.27711
2014-04-03,145.61096
2014-04-04,176.83432
2014-04-05,214.33447
2014-04-06,320.6157
2014-04-07,386.8686
2014-04-08,266.38156
2014-04-09,195.2969
2014-04-10,158.98004
2014-04-11,137.293
2014-04-12,127.51863
2014-04-13,130.30464
2014-04-14,130.4048
2014-04-15,147.4719
2014-04-16,190.84291
2014-04-17,277.4255
2014-04-18,357.65945
2014-04-19,468.92297
2014-04-20,505.39502
2014-04-21,436.81808
2014-04-22,446.3374
2014-04-23,549.89825
2014-04-24,621.42865
2014-04-25,616.16815
2014-04-26,787.3135
2014-04-27,1082.0198
2014-04-28,966.36523
2014-04-29,694.1568
2014-04-30,553.9107
2014-05-01,450.9805
2014-05-02,410.80908
2014-05-03,471.4421
2014-05-04,465.6329
2014-05-05,391.68237
2014-05-06,539.5355
2014-05-07,680.4693
2014-05-08,531.7957
2014-05-09,629.79315
2014-05-10,691.65326
2014-05-11,709.111
2014-05-12,612.4482
2014-05-13,445.40143
2014-05-14,411.8076
2014-05-15,450.0994
2014-05-16,426.71042
2014-05-17,376.52966
2014-05-18,607.647
2014-05-19,845.51825
2014-05-20,605.2401
2014-05-21,547.0145
2014-05-22,429.0853
2014-05-23,357.56497
2014-05-24,343.63013
2014-05-25,313.01566
2014-05-26,251.03421
2014-05-27,202.61446
2014-05-28,221.24658
2014-05-29,369.35178
2014-05-30,546.81085
2014-05-31,501.95972
2014-06-01,392.21613
2014-06-02,297.03397
2014-06-03,250.39355
2014-06-04,332.407
2014-06-05,385.82785
2014-06-06,265.2413
2014-06-07,215.242
2014-06-08,270.93652
2014-06-09,464.23853
2014-06-10,612.25037
2014-06-11,578.66266
2014-06-12,417.99167
2014-06-13,323.05762
2014-06-14,326.92996
2014-06-15,336.5308
2014-06-16,343.08463
2014-06-17,435.2329
2014-06-18,426.96625
2014-06-19,291.1671
2014-06-20,334.57867
2014-06-21,416.78915
2014-06-22,461.9404
2014-06-23,479.71725
2014-06-24,436.85217
2014-06-25,488.50916
2014-06-26,718.7527
2014-06-27,970.3853
2014-06-28,726.1499
2014-06-29,472.27847
2014-06-30,378.51526
2014-07-01,406.2274
2014-07-02,450.7941
2014-07-03,464.16562
2014-07-04,395.75903
2014-07-05,279.1973
2014-07-06,224.50175
2014-07-07,228.46794
2014-07-08,226.29422
2014-07-09,336.89053
2014-07-10,493.915
2014-07-11,441.91336
2014-07-12,432.2062
2014-07-13,401.34445
2014-07-14,421.47266
2014-07-15,458.60608
2014-07-16,443.0474
2014-07-17,480.52698
2014-07-18,496.35297
2014-07-19,405.24612
2014-07-20,353.36145
2014-07-21,292.61533
2014-07-22,334.96198
2014-07-23,381.9418
2014-07-24,268.0622
2014-07-25,251.58763
2014-07-26,234.78424
2014-07-27,202.03636
2014-07-28,203.2169
2014-07-29,219.48329
2014-07-30,187.83688
2014-07-31,219.76408
2014-08-01,290.09396
2014-08-02,307.35486
2014-08-03,323.47885
2014-08-04,391.78342
2014-08-05,387.8967
2014-08-06,262.19876
2014-08-07,222.77698
2014-08-08,349.1262
2014-08-09,379.55243
2014-08-10,318.9802
2014-08-11,424.00665
2014-08-12,621.95123
2014-08-13,442.1011
2014-08-14,345.89487
2014-08-15,408.80283
2014-08-16,435.5605
2014-08-17,295.47137
2014-08-18,340.5503
2014-08-19,444.39716
2014-08-20,513.0517
2014-08-21,640.5499
2014-08-22,521.18475
2014-08-23,432.502
2014-08-24,415.5191
2014-08-25,435.11346
2014-08-26,413.63254
2014-08-27,393.84116
2014-08-28,472.9286
2014-08-29,510.96423
2014-08-30,525.68933
2014-08-31,370.1641
2014-09-01,257.56067
2014-09-02,205.11192
2014-09-03,183.92793
2014-09-04,186.24379
2014-09-05,205.8921
2014-09-06,228.49701
2014-09-07,198.4069
2014-09-08,167.21776
2014-09-09,165.96426
2014-09-10,183.78792
2014-09-11,198.68703
2014-09-12,236.66649
2014-09-13,302.87518
2014-09-14,477.74292
2014-09-15,573.36554
2014-09-16,414.96603
2014-09-17,382.29825
2014-09-18,325.05026
2014-09-19,291.5989
2014-09-20,359.55377
2014-09-21,483.03882
2014-09-22,566.00653
2014-09-23,479.2681
2014-09-24,572.2663
2014-09-25,768.23926
2014-09-26,490.40683
2014-09-27,303.24863
2014-09-28,258.35257
2014-09-29,227.05768
2014-09-30,189.38464
2014-10-01,149.25873
2014-10-02,133.19867
2014-10-03,141.1519
2014-10-04,153.30052
2014-10-05,162.7209
2014-10-06,205.59918
2014-10-07,287.64728
2014-10-08,328.73007
2014-10-09,336.8169
2014-10-10,515.87726
2014-10-11,703.11597
2014-10-12,511.09793
2014-10-13,545.5045
2014-10-14,596.8312
2014-10-15,476.6508
2014-10-16,427.99957
2014-10-17,471.21646
2014-10-18,505.7744
2014-10-19,597.2285
2014-10-20,758.3991
2014-10-21,492.41464
2014-10-22,432.561
2014-10-23,488.4928
2014-10-24,442.1905
2014-10-25,361.18967
2014-10-26,373.41714
2014-10-27,448.19846
2014-10-28,337.2727
2014-10-29,341.27286
2014-10-30,383.22174
2014-10-31,404.24182
2014-11-01,441.85608
2014-11-02,435.43173
2014-11-03,355.43518
2014-11-04,261.56018
2014-11-05,224.48512
2014-11-06,274.67834
2014-11-07,320.07956
2014-11-08,347.45923
2014-11-09,353.70813
2014-11-10,405.2986
2014-11-11,499.4943
2014-11-12,772.2396
2014-11-13,1161.1484
2014-11-14,1142.3644
2014-11-15,723.84906
2014-11-16,598.32227
2014-11-17,674.89923
2014-11-18,603.1959
2014-11-19,466.76678
2014-11-20,437.27505
2014-11-21,472.7252
2014-11-22,418.09183
2014-11-23,407.50513
2014-11-24,485.7402
2014-11-25,387.65424
2014-11-26,291.18875
2014-11-27,248.06671
2014-11-28,255.22058
2014-11-29,246.58113
2014-11-30,225.85818
2014-12-01,229.43018
2014-12-02,239.75397
2014-12-03,241.82593
2014-12-04,234.23106
2014-12-05,202.55986
2014-12-06,193.08122
2014-12-07,215.5994
2014-12-08,239.31439
2014-12-09,303.01248
2014-12-10,357.95786
2014-12-11,488.74637
2014-12-12,781.37274
2014-12-13,691.9001
2014-12-14,477.43854
2014-12-15,384.05716
2014-12-16,412.34177
2014-12-17,446.34137
2014-12-18,379.36514
2014-12-19,260.62024
2014-12-20,193.94353
2014-12-21,171.18431
2014-12-22,176.3902
2014-12-23,194.11221
2014-12-24,177.19304
2014-12-25,149.55026
2014-12-26,137.14294
2014-12-27,130.0178
2014-12-28,124.19411
2014-12-29,121.70027
2014-12-30,119.28579
2014-12-31,116.13794
2015-01-01,119.061806
2015-01-02,123.16865
2015-01-03,107.89782
2015-01-04,91.93166
2015-01-05,83.15746
2015-01-06,80.49427
2015-01-07,76.12616
2015-01-08,70.30038
2015-01-09,68.23684
2015-01-10,71.26798
2015-01-11,75.37285
2015-01-12,105.08619
2015-01-13,116.966675
2015-01-14,95.97328
2015-01-15,81.65214
2015-01-16,78.42447
2015-01-17,102.218575
2015-01-18,127.699196
2015-01-19,147.61304
2015-01-20,147.77718
2015-01-21,126.176575
2015-01-22,123.57104
2015-01-23,168.58524
2015-01-24,170.14645
2015-01-25,156.06476
2015-01-26,126.35942
2015-01-27,109.06732
2015-01-28,106.19839
2015-01-29,101.33757
2015-01-30,79.907974
2015-01-31,69.14146
2015-02-01,109.15328
2015-02-02,165.72505
2015-02-03,183.91718
2015-02-04,186.82942
2015-02-05,166.89146
2015-02-06,108.695984
2015-02-07,115.70257
2015-02-08,184.138
2015-02-09,249.3468
2015-02-10,246.43004
2015-02-11,247.98978
2015-02-12,212.63112
2015-02-13,195.8143
2015-02-14,228.2604
2015-02-15,262.4286
2015-02-16,193.41103
2015-02-17,153.23386
2015-02-18,107.14624
2015-02-19,93.7785
2015-02-20,90.29121
2015-02-21,114.713486
2015-02-22,133.57866
2015-02-23,97.76996
2015-02-24,73.99812
2015-02-25,65.51701
2015-02-26,79.51958
2015-02-27,97.707924
2015-02-28,129.31216
2015-03-01,161.99855
2015-03-02,163.1969
2015-03-03,198.51949
2015-03-04,180.40314
2015-03-05,157.93817
2015-03-06,158.65613
2015-03-07,194.5328
2015-03-08,250.97351
2015-03-09,265.48434
2015-03-10,196.61285
2015-03-11,142.26555
2015-03-12,152.43643
2015-03-13,199.50865
2015-03-14,173.33267
2015-03-15,202.30338
2015-03-16,256.58975
2015-03-17,344.1383
2015-03-18,353.61215
2015-03-19,293.35593
2015-03-20,330.4299
2015-03-21,423.69547
2015-03-22,554.41455
2015-03-23,640.85114
2015-03-24,476.01825
2015-03-25,306.37485
2015-03-26,220.10484
2015-03-27,175.11195
2015-03-28,157.71114
2015-03-29,195.39897
2015-03-30,271.77118
2015-03-31,322.7313
2015-04-01,308.15326
2015-04-02,277.11624
2015-04-03,319.26056
2015-04-04,318.7249
2015-04-05,356.9919
2015-04-06,419.41077
2015-04-07,402.7395
2015-04-08,412.36444
2015-04-09,434.17206
2015-04-10,479.19867
2015-04-11,518.04645
2015-04-12,562.911
2015-04-13,615.76715
2015-04-14,532.71436
2015-04-15,645.34515
2015-04-16,782.69794
2015-04-17,668.2882
2015-04-18,715.5111
2015-04-19,809.4771
2015-04-20,894.28375
2015-04-21,857.5686
2015-04-22,962.2429
2015-04-23,1059.3793
2015-04-24,594.54767
2015-04-25,449.3907
2015-04-26,462.60257
2015-04-27,449.82697
2015-04-28,417.1492
2015-04-29,301.03665
2015-04-30,241.14668
2015-05-01,233.33864
2015-05-02,273.34927
2015-05-03,276.38104
2015-05-04,214.76944
2015-05-05,197.33537
2015-05-06,187.5298
2015-05-07,179.81883
2015-05-08,198.1324
2015-05-09,214.62209
2015-05-10,202.76382
2015-05-11,193.17448
2015-05-12,183.07689
2015-05-13,163.8887
2015-05-14,143.03609
2015-05-15,157.00922
2015-05-16,226.26682
2015-05-17,359.68607
2015-05-18,411.54178
2015-05-19,321.52658
2015-05-20,411.43243
2015-05-21,551.1069
2015-05-22,520.08154
2015-05-23,507.4814
2015-05-24,422.48514
2015-05-25,446.97284
2015-05-26,509.95004
2015-05-27,501.21066
2015-05-28,583.58466
2015-05-29,537.1963
2015-05-30,519.37555
2015-05-31,598.0867
2015-06-01,567.71265
2015-06-02,519.0341
2015-06-03,503.252
2015-06-04,478.59976
2015-06-05,480.69855
2015-06-06,464.05362
2015-06-07,419.23694
2015-06-08,388.89832
2015-06-09,411.28976
2015-06-10,549.30304
2015-06-11,540.73413
2015-06-12,401.66916
2015-06-13,361.39816
2015-06-14,323.6939
2015-06-15,296.37836
2015-06-16,383.3351
2015-06-17,437.8208
2015-06-18,320.57028
2015-06-19,279.87564
2015-06-20,247.21019
2015-06-21,245.69151
2015-06-22,297.70715
2015-06-23,414.5085
2015-06-24,453.54337
2015-06-25,369.79974
2015-06-26,307.40848
2015-06-27,304.16827
2015-06-28,477.0834
2015-06-29,711.25226
2015-06-30,689.4052
2015-07-01,518.70795
2015-07-02,338.91046
2015-07-03,242.4004
2015-07-04,224.02351
2015-07-05,201.47905
2015-07-06,192.04231
2015-07-07,207.64627
2015-07-08,336.306
2015-07-09,483.3056
2015-07-10,395.8035
2015-07-11,260.8276
2015-07-12,272.23123
2015-07-13,337.5036
2015-07-14,233.04648
2015-07-15,302.69388
2015-07-16,531.60944
2015-07-17,545.3712
2015-07-18,478.86838
2015-07-19,477.0166
2015-07-20,568.60443
2015-07-21,788.41766
2015-07-22,948.6318
2015-07-23,752.6473
2015-07-24,588.00323
2015-07-25,478.06897
2015-07-26,396.39893
2015-07-27,323.48816
2015-07-28,260.10397
2015-07-29,259.8967
2015-07-30,234.2768
2015-07-31,268.77402
2015-08-01,319.65143
2015-08-02,359.53754
2015-08-03,325.15042
2015-08-04,266.3402
2015-08-05,252.86288
2015-08-06,236.26392
2015-08-07,221.90358
2015-08-08,175.98724
2015-08-09,241.26
2015-08-10,388.4575
2015-08-11,400.24753
2015-08-12,309.22873
2015-08-13,236.57228
2015-08-14,198.87671
2015-08-15,197.17538
2015-08-16,269.61923
2015-08-17,415.2103
2015-08-18,517.2198
2015-08-19,430.48816
2015-08-20,331.57047
2015-08-21,298.54776
2015-08-22,375.6381
2015-08-23,493.41373
2015-08-24,590.3485
2015-08-25,537.13916
2015-08-26,513.21436
2015-08-27,458.9949
2015-08-28,379.91516
2015-08-29,366.77707
2015-08-30,375.1685
2015-08-31,308.81192
2015-09-01,245.04837
2015-09-02,256.01804
2015-09-03,287.84656
2015-09-04,253.61559
2015-09-05,209.7458
2015-09-06,178.35536
2015-09-07,190.09074
2015-09-08,231.21191
2015-09-09,237.86876
2015-09-10,205.41858
2015-09-11,178.56325
2015-09-12,246.76024
2015-09-13,273.60593
2015-09-14,184.4549
2015-09-15,130.61206
2015-09-16,124.31205
2015-09-17,143.04732
2015-09-18,167.57445
2015-09-19,192.70381
2015-09-20,265.35666
2015-09-21,375.93423
2015-09-22,365.69806
2015-09-23,247.45311
2015-09-24,158.76338
2015-09-25,136.54298
2015-09-26,123.406006
2015-09-27,109.26848
2015-09-28,107.37343
2015-09-29,105.320786
2015-09-30,100.35764
2015-10-01,114.48023
2015-10-02,164.83725
2015-10-03,237.88011
2015-10-04,260.7162
2015-10-05,235.6336
2015-10-06,178.26018
2015-10-07,123.07975
2015-10-08,101.73633
2015-10-09,106.627144
2015-10-10,111.36993
2015-10-11,109.36551
2015-10-12,113.89162
2015-10-13,153.32266
2015-10-14,248.71071
2015-10-15,399.7991
2015-10-16,525.1136
2015-10-17,549.2101
2015-10-18,366.40195
2015-10-19,274.50317
2015-10-20,288.4342
2015-10-21,273.00583
2015-10-22,228.46443
2015-10-23,206.08688
2015-10-24,209.3996
2015-10-25,263.44797
2015-10-26,358.24005
2015-10-27,399.1247
2015-10-28,381.93707
2015-10-29,312.15036
2015-10-30,276.17664
2015-10-31,321.4835
2015-11-01,283.5883
2015-11-02,328.70218
2015-11-03,611.9185
2015-11-04,818.91077
2015-11-05,419.0501
2015-11-06,471.57904
2015-11-07,647.4767
2015-11-08,618.44574
2015-11-09,543.9975
2015-11-10,572.76666
2015-11-11,436.8414
2015-11-12,341.07233
2015-11-13,351.46808
2015-11-14,397.78186
2015-11-15,415.05096
2015-11-16,342.10083
2015-11-17,394.08356
2015-11-18,453.74792
2015-11-19,486.14304
2015-11-20,410.9882
2015-11-21,365.51303
2015-11-22,399.50464
2015-11-23,414.91214
2015-11-24,370.92722
2015-11-25,276.4425
2015-11-26,260.3918
2015-11-27,230.68396
2015-11-28,211.64299
2015-11-29,229.2551
2015-11-30,253.25894
2015-12-01,279.86414
2015-12-02,264.72775
2015-12-03,243.11143
2015-12-04,216.02928
2015-12-05,284.4441
2015-12-06,350.9119
2015-12-07,290.82547
2015-12-08,237.95995
2015-12-09,172.73193
2015-12-10,159.78181
2015-12-11,165.27617
2015-12-12,154.07343
2015-12-13,134.53586
2015-12-14,131.89745
2015-12-15,158.1465
2015-12-16,171.51042
2015-12-17,183.95311
2015-12-18,236.02574
2015-12-19,276.60806
2015-12-20,272.4074
2015-12-21,251.49905
2015-12-22,211.58304
2015-12-23,139.99225
2015-12-24,117.38474
2015-12-25,108.66716
2015-12-26,96.86671
2015-12-27,95.44962
2015-12-28,92.21141
2015-12-29,89.48338
2015-12-30,89.699455
2015-12-31,89.477684
2016-01-01,104.14614
2016-01-02,121.32585
2016-01-03,123.40704
2016-01-04,132.05705
2016-01-05,156.34947
2016-01-06,180.73285
2016-01-07,160.68535
2016-01-08,165.20128
2016-01-09,146.19327
2016-01-10,126.88133
2016-01-11,118.978745
2016-01-12,96.011925
2016-01-13,97.817795
2016-01-14,105.62705
2016-01-15,127.5518
2016-01-16,115.9342
2016-01-17,88.963524
2016-01-18,62.842888
2016-01-19,57.69277
2016-01-20,64.61327
2016-01-21,73.277016
2016-01-22,68.65179
2016-01-23,68.196365
2016-01-24,71.69173
2016-01-25,65.915726
2016-01-26,129.88765
2016-01-27,179.66458
2016-01-28,119.07912
2016-01-29,78.4989
2016-01-30,213.79655
2016-01-31,398.7296
2016-02-01,196.14418
2016-02-02,92.56211
2016-02-03,77.30334
2016-02-04,55.923664
2016-02-05,79.09128
2016-02-06,118.69614
2016-02-07,128.91257
2016-02-08,100.35453
2016-02-09,176.39153
2016-02-10,262.84357
2016-02-11,134.60828
2016-02-12,122.74858
2016-02-13,90.89703
2016-02-14,84.52269
2016-02-15,100.42446
2016-02-16,116.02784
2016-02-17,109.71309
2016-02-18,99.30367
2016-02-19,114.15077
2016-02-20,108.71117
2016-02-21,117.10395
2016-02-22,130.02904
2016-02-23,198.80698
2016-02-24,266.97046
2016-02-25,282.87357
2016-02-26,308.486
2016-02-27,249.00655
2016-02-28,214.09291
2016-02-29,199.01523
2016-03-01,142.8087
2016-03-02,108.424866
2016-03-03,125.77363
2016-03-04,154.90419
2016-03-05,145.48225
2016-03-06,173.22488
2016-03-07,183.83351
2016-03-08,187.36658
2016-03-09,200.35092
2016-03-10,237.98798
2016-03-11,232.43759
2016-03-12,270.82336
2016-03-13,272.54355
2016-03-14,278.81897
2016-03-15,311.80148
2016-03-16,301.7179
2016-03-17,304.50378
2016-03-18,333.52753
2016-03-19,421.20215
2016-03-20,381.25516
2016-03-21,326.50864
2016-03-22,280.80237
2016-03-23,232.68994
2016-03-24,200.47578
2016-03-25,170.37999
2016-03-26,149.65863
2016-03-27,136.82124
2016-03-28,139.39198
2016-03-29,152.2288
2016-03-30,184.74721
2016-03-31,238.64816
2016-04-01,237.38914
2016-04-02,277.6204
2016-04-03,377.83115
2016-04-04,522.8597
2016-04-05,566.208
2016-04-06,603.28125
2016-04-07,698.0966
2016-04-08,579.38574
2016-04-09,437.5768
2016-04-10,401.38425
2016-04-11,327.24057
2016-04-12,254.33456
2016-04-13,267.95273
2016-04-14,392.76437
2016-04-15,462.6875
2016-04-16,336.69733
2016-04-17,321.66553
2016-04-18,373.94833
2016-04-19,531.7507
2016-04-20,566.2622
2016-04-21,388.40994
2016-04-22,352.4677
2016-04-23,609.00525
2016-04-24,1130.3257
2016-04-25,896.46735
2016-04-26,670.5785
2016-04-27,557.29254
2016-04-28,521.83374
2016-04-29,522.023
2016-04-30,526.1129
2016-05-01,612.75616
2016-05-02,751.4038
2016-05-03,754.50903
2016-05-04,734.30115
2016-05-05,632.18085
2016-05-06,537.73724
2016-05-07,454.00555
2016-05-08,559.1498
2016-05-09,656.6885
2016-05-10,672.826
2016-05-11,630.2282
2016-05-12,622.49146
2016-05-13,573.38635
2016-05-14,506.50824
2016-05-15,409.75525
2016-05-16,409.52878
2016-05-17,439.58902
2016-05-18,337.3312
2016-05-19,335.63043
2016-05-20,391.50787
2016-05-21,396.34583
2016-05-22,393.57083
2016-05-23,356.01877
2016-05-24,343.60693
2016-05-25,367.76926
2016-05-26,483.23776
2016-05-27,693.1405
2016-05-28,815.36896
2016-05-29,767.4428
2016-05-30,796.1564
2016-05-31,732.0101
2016-06-01,658.29047
2016-06-02,733.0072
2016-06-03,763.71814
2016-06-04,741.3093
2016-06-05,647.6489
2016-06-06,484.6989
2016-06-07,403.64575
2016-06-08,460.42142
2016-06-09,515.3739
2016-06-10,494.74536
2016-06-11,526.37976
2016-06-12,522.0498
2016-06-13,418.06934
2016-06-14,373.2181
2016-06-15,383.48636
2016-06-16,518.60913
2016-06-17,570.0889
2016-06-18,457.51657
2016-06-19,385.33994
2016-06-20,441.55685
2016-06-21,530.5375
2016-06-22,645.7813
2016-06-23,605.7357
2016-06-24,478.09827
2016-06-25,478.60306
2016-06-26,519.55963
2016-06-27,514.8676
2016-06-28,481.50925
2016-06-29,351.2869
2016-06-30,278.02597
2016-07-01,280.0312
2016-07-02,376.89902
2016-07-03,464.10065
2016-07-04,423.52255
2016-07-05,358.85272
2016-07-06,377.1839
2016-07-07,521.85406
2016-07-08,635.3348
2016-07-09,501.24213
2016-07-10,393.5639
2016-07-11,284.80237
2016-07-12,246.84912
2016-07-13,242.60254
2016-07-14,251.3604
2016-07-15,284.3537
2016-07-16,344.3589
2016-07-17,432.91595
2016-07-18,461.81067
2016-07-19,394.9637
2016-07-20,388.42966
2016-07-21,351.28873
2016-07-22,408.27225
2016-07-23,442.81705
2016-07-24,610.9924
2016-07-25,767.5771
2016-07-26,780.4395
2016-07-27,520.29047
2016-07-28,422.1343
2016-07-29,426.3286
2016-07-30,472.33188
2016-07-31,439.13837
2016-08-01,383.93787
2016-08-02,431.45056
2016-08-03,521.43384
2016-08-04,601.3227
2016-08-05,698.6917
2016-08-06,723.63873
2016-08-07,589.558
2016-08-08,472.2535
2016-08-09,407.23273
2016-08-10,332.48413
2016-08-11,351.1957
2016-08-12,377.7024
2016-08-13,311.67136
2016-08-14,306.37823
2016-08-15,312.47693
2016-08-16,280.026
2016-08-17,233.14693
2016-08-18,222.74783
2016-08-19,224.37228
2016-08-20,267.56964
2016-08-21,277.63608
2016-08-22,211.74084
2016-08-23,171.97258
2016-08-24,175.99602
2016-08-25,214.02623
2016-08-26,244.81683
2016-08-27,303.69714
2016-08-28,404.6407
2016-08-29,394.28964
2016-08-30,301.79123
2016-08-31,242.30273
2016-09-01,224.56937
2016-09-02,220.2314
2016-09-03,234.99486
2016-09-04,282.04846
2016-09-05,315.16284
2016-09-06,277.03265
2016-09-07,343.55856
2016-09-08,391.12332
2016-09-09,370.9671
2016-09-10,450.19345
2016-09-11,416.77472
2016-09-12,364.62686
2016-09-13,427.0878
2016-09-14,497.97308
2016-09-15,617.79016
2016-09-16,742.5068
2016-09-17,519.4313
2016-09-18,417.2306
2016-09-19,357.18948
2016-09-20,329.5765
2016-09-21,298.72925
2016-09-22,262.4697
2016-09-23,254.86153
2016-09-24,254.7053
2016-09-25,254.8013
2016-09-26,229.6086
2016-09-27,220.54643
2016-09-28,226.47343
2016-09-29,191.33719
2016-09-30,161.48705
2016-10-01,169.48102
2016-10-02,180.79498
2016-10-03,220.87856
2016-10-04,319.66705
2016-10-05,394.20447
2016-10-06,575.6885
2016-10-07,558.6653
2016-10-08,375.52386
2016-10-09,334.6038
2016-10-10,396.0451
2016-10-11,385.0946
2016-10-12,407.99127
2016-10-13,489.09515
2016-10-14,643.323
2016-10-15,633.352
2016-10-16,365.401
2016-10-17,363.37183
2016-10-18,406.51202
2016-10-19,297.636
2016-10-20,284.89297
2016-10-21,371.11676
2016-10-22,362.7258
2016-10-23,237.52844
2016-10-24,174.9968
2016-10-25,187.2227
2016-10-26,256.51855
2016-10-27,308.17627
2016-10-28,415.62274
2016-10-29,581.6627
2016-10-30,641.8214
2016-10-31,850.88324
2016-11-01,832.02545
2016-11-02,550.0919
2016-11-03,671.89746
2016-11-04,597.614
2016-11-05,401.50027
2016-11-06,313.01367
2016-11-07,365.85803
2016-11-08,421.26743
2016-11-09,388.74966
2016-11-10,374.7057
2016-11-11,326.8437
2016-11-12,300.5857
2016-11-13,351.92862
2016-11-14,358.1666
2016-11-15,386.38794
2016-11-16,645.7898
2016-11-17,818.5395
2016-11-18,452.5099
2016-11-19,511.7673
2016-11-20,591.1543
2016-11-21,577.87305
2016-11-22,541.198
2016-11-23,394.15805
2016-11-24,357.79706
2016-11-25,377.20596
2016-11-26,333.59192
2016-11-27,344.6151
2016-11-28,322.04532
2016-11-29,324.85754
2016-11-30,366.6325
2016-12-01,509.6063
2016-12-02,670.79095
2016-12-03,799.60187
2016-12-04,910.8281
2016-12-05,944.84607
2016-12-06,705.10864
2016-12-07,564.4034
2016-12-08,487.44556
2016-12-09,459.76218
2016-12-10,430.54343
2016-12-11,439.1368
2016-12-12,533.56085
2016-12-13,462.19217
2016-12-14,369.66602
2016-12-15,330.90515
2016-12-16,299.17477
2016-12-17,297.2805
2016-12-18,280.294
2016-12-19,250.07751
2016-12-20,236.0652
2016-12-21,217.2955
2016-12-22,223.7047
2016-12-23,283.7776
2016-12-24,337.53806
2016-12-25,340.73288
2016-12-26,355.72394
2016-12-27,332.36157
2016-12-28,278.4513
2016-12-29,292.3897
2016-12-30,290.9256
2016-12-31,247.67123
2017-01-01,250.65692
2017-01-02,376.12854
2017-01-03,441.62238
2017-01-04,308.9734
2017-01-05,169.55719
2017-01-06,168.61055
2017-01-07,261.56448
2017-01-08,351.93546
2017-01-09,378.96753
2017-01-10,439.47812
2017-01-11,536.2246
2017-01-12,520.0062
2017-01-13,440.9957
2017-01-14,415.29834
2017-01-15,275.4126
2017-01-16,215.99
2017-01-17,183.93547
2017-01-18,145.85359
2017-01-19,129.70663
2017-01-20,138.00565
2017-01-21,162.81119
2017-01-22,161.82292
2017-01-23,178.01636
2017-01-24,156.91273
2017-01-25,125.06956
2017-01-26,130.41547
2017-01-27,142.00496
2017-01-28,134.12286
2017-01-29,144.75981
2017-01-30,166.3989
2017-01-31,175.37926
2017-02-01,212.49956
2017-02-02,223.97792
2017-02-03,218.2145
2017-02-04,172.22903
2017-02-05,143.02078
2017-02-06,126.78231
2017-02-07,120.31798
2017-02-08,106.91526
2017-02-09,94.47626
2017-02-10,91.9322
2017-02-11,105.77101
2017-02-12,128.65509
2017-02-13,143.9901
2017-02-14,121.93737
2017-02-15,111.3013
2017-02-16,109.60043
2017-02-17,92.540344
2017-02-18,79.43416
2017-02-19,77.30993
2017-02-20,96.13102
2017-02-21,131.26938
2017-02-22,150.40495
2017-02-23,147.33382
2017-02-24,118.99229
2017-02-25,106.576065
2017-02-26,163.01936
2017-02-27,228.35652
2017-02-28,268.75916
2017-03-01,280.90747
2017-03-02,210.99669
2017-03-03,229.79202
2017-03-04,269.38153
2017-03-05,235.57133
2017-03-06,227.82335
2017-03-07,294.95456
2017-03-08,353.34232
2017-03-09,404.65158
2017-03-10,478.12317
2017-03-11,479.36594
2017-03-12,411.31366
2017-03-13,448.75464
2017-03-14,670.1624
2017-03-15,735.2605
2017-03-16,877.8935
2017-03-17,1013.5609
2017-03-18,672.62823
2017-03-19,392.5871
2017-03-20,305.67853
2017-03-21,297.7465
2017-03-22,297.25858
2017-03-23,420.69928
2017-03-24,453.55588
2017-03-25,479.44855
2017-03-26,526.4801
2017-03-27,501.15332
2017-03-28,545.46484
2017-03-29,636.0741
2017-03-30,661.1106
2017-03-31,643.22644
2017-04-01,603.6957
2017-04-02,616.3365
2017-04-03,578.14105
2017-04-04,416.14767
2017-04-05,281.59436
2017-04-06,230.45164
2017-04-07,200.65714
2017-04-08,198.48476
2017-04-09,228.90189
2017-04-10,306.69296
2017-04-11,454.17343
2017-04-12,435.77264
2017-04-13,350.1364
2017-04-14,411.15057
2017-04-15,558.8983
2017-04-16,663.0853
2017-04-17,549.6
2017-04-18,696.97107
2017-04-19,889.4967
2017-04-20,630.68787
2017-04-21,594.9724
2017-04-22,601.947
2017-04-23,536.48773
2017-04-24,504.72656
2017-04-25,505.40897
2017-04-26,563.1832
2017-04-27,505.36368
2017-04-28,415.7848
2017-04-29,380.31516
2017-04-30,345.616
2017-05-01,399.9454
2017-05-02,498.18414
2017-05-03,520.0016
2017-05-04,513.4551
2017-05-05,628.14966
2017-05-06,665.3951
2017-05-07,718.1109
2017-05-08,805.7265
2017-05-09,932.5551
2017-05-10,1056.12
2017-05-11,781.1185
2017-05-12,669.83954
2017-05-13,651.3961
2017-05-14,729.80865
2017-05-15,795.13043
2017-05-16,754.0896
2017-05-17,778.09576
2017-05-18,816.002
2017-05-19,757.4786
2017-05-20,546.584
2017-05-21,407.82126
2017-05-22,378.67267
2017-05-23,368.08755
2017-05-24,365.4055
2017-05-25,324.37265
2017-05-26,304.3535
2017-05-27,295.46042
2017-05-28,342.90598
2017-05-29,390.49133
2017-05-30,405.12344
2017-05-31,402.13162
2017-06-01,393.9182
2017-06-02,350.50415
2017-06-03,338.15512
2017-06-04,301.63583
2017-06-05,263.63782
2017-06-06,305.60004
2017-06-07,376.66013
2017-06-08,638.63776
2017-06-09,958.86304
2017-06-10,672.77045
2017-06-11,632.1154
2017-06-12,677.4005
2017-06-13,977.0665
2017-06-14,1223.9857
2017-06-15,787.92993
2017-06-16,824.8876
2017-06-17,784.29895
2017-06-18,627.49805
2017-06-19,722.088
2017-06-20,802.09216
2017-06-21,831.8242
2017-06-22,712.5485
2017-06-23,688.33264
2017-06-24,670.53046
2017-06-25,526.8406
2017-06-26,388.493
2017-06-27,524.1869
2017-06-28,719.0375
2017-06-29,658.2081
2017-06-30,512.4176
2017-07-01,459.8432
2017-07-02,521.3361
2017-07-03,491.98203
2017-07-04,432.1051
2017-07-05,444.9499
2017-07-06,335.1645
2017-07-07,272.99612
2017-07-08,281.9768
2017-07-09,290.1718
2017-07-10,303.35086
2017-07-11,349.22522
2017-07-12,523.57526
2017-07-13,662.326
2017-07-14,751.80707
2017-07-15,746.9654
2017-07-16,815.2159
2017-07-17,824.19165
2017-07-18,600.6488
2017-07-19,520.5136
2017-07-20,538.2298
2017-07-21,600.9681
2017-07-22,669.6472
2017-07-23,646.05994
2017-07-24,582.05615
2017-07-25,545.40955
2017-07-26,441.94983
2017-07-27,428.18118
2017-07-28,453.68756
2017-07-29,492.47174
2017-07-30,575.9128
2017-07-31,662.77405
2017-08-01,820.6625
2017-08-02,842.9999
2017-08-03,697.70966
2017-08-04,520.874
2017-08-05,470.69287
2017-08-06,534.43506
2017-08-07,512.138
2017-08-08,441.84357
2017-08-09,447.5732
2017-08-10,377.58328
2017-08-11,309.1779
2017-08-12,312.3833
2017-08-13,347.1056
2017-08-14,341.58826
2017-08-15,288.04245
2017-08-16,258.58948
2017-08-17,255.21835
2017-08-18,309.10693
2017-08-19,334.67868
2017-08-20,366.94226
2017-08-21,488.49207
2017-08-22,464.073
2017-08-23,301.6958
2017-08-24,255.3748
2017-08-25,276.07016
2017-08-26,246.90674
2017-08-27,205.61047
2017-08-28,249.18149
2017-08-29,350.4889
2017-08-30,428.73
2017-08-31,363.10114
2017-09-01,300.7627
2017-09-02,299.25464
2017-09-03,251.53221
2017-09-04,251.37819
2017-09-05,279.8341
2017-09-06,251.89253
2017-09-07,238.10643
2017-09-08,289.75256
2017-09-09,631.6579
2017-09-10,1024.7659
2017-09-11,640.0805
2017-09-12,413.4411
2017-09-13,239.1834
2017-09-14,228.83932
2017-09-15,295.10648
2017-09-16,429.6963
2017-09-17,493.97083
2017-09-18,345.94882
2017-09-19,345.88635
2017-09-20,325.68063
2017-09-21,358.30933
2017-09-22,473.2604
2017-09-23,513.9223
2017-09-24,465.73468
2017-09-25,327.78586
2017-09-26,304.01248
2017-09-27,328.49457
2017-09-28,324.4536
2017-09-29,267.09384
2017-09-30,358.88324
2017-10-01,438.18872
2017-10-02,496.49698
2017-10-03,458.84845
2017-10-04,520.2405
2017-10-05,624.3998
2017-10-06,832.0172
2017-10-07,692.45636
2017-10-08,553.36115
2017-10-09,372.42365
2017-10-10,296.4722
2017-10-11,330.43655
2017-10-12,415.52142
2017-10-13,488.25162
2017-10-14,400.67694
2017-10-15,253.9936
2017-10-16,205.8986
2017-10-17,217.1396
2017-10-18,217.32968
2017-10-19,187.83199
2017-10-20,198.06639
2017-10-21,210.6305
2017-10-22,252.45801
2017-10-23,419.0391
2017-10-24,432.7866
2017-10-25,301.5668
2017-10-26,281.87128
2017-10-27,335.14188
2017-10-28,367.5952
2017-10-29,359.2962
2017-10-30,433.67206
2017-10-31,419.16064
2017-11-01,375.96384
2017-11-02,366.04465
2017-11-03,254.19362
2017-11-04,336.25497
2017-11-05,401.88745
2017-11-06,438.9493
2017-11-07,518.06055
2017-11-08,411.33566
2017-11-09,477.4281
2017-11-10,487.1051
2017-11-11,439.8681
2017-11-12,429.9789
2017-11-13,423.86084
2017-11-14,372.1387
2017-11-15,397.57925
2017-11-16,437.86475
2017-11-17,443.1605
2017-11-18,449.87436
2017-11-19,419.58362
2017-11-20,344.75293
2017-11-21,322.11432
2017-11-22,315.9908
2017-11-23,284.07013
2017-11-24,248.838
2017-11-25,227.90926
2017-11-26,324.95248
2017-11-27,406.43085
2017-11-28,296.94324
2017-11-29,211.49954
2017-11-30,179.17969
2017-12-01,173.41469
2017-12-02,201.47748
2017-12-03,273.67102
2017-12-04,323.37476
2017-12-05,283.5964
2017-12-06,210.20491
2017-12-07,161.81882
2017-12-08,148.87738
2017-12-09,145.4952
2017-12-10,161.59409
2017-12-11,179.0838
2017-12-12,303.4684
2017-12-13,461.1655
2017-12-14,319.7658
2017-12-15,162.5431
2017-12-16,116.86777
2017-12-17,107.53767
2017-12-18,105.129776
2017-12-19,98.21381
2017-12-20,92.98739
2017-12-21,90.25267
2017-12-22,87.947136
2017-12-23,87.13537
2017-12-24,88.908554
2017-12-25,92.73667
2017-12-26,110.45638
2017-12-27,139.86374
2017-12-28,170.17783
2017-12-29,158.01059
2017-12-30,160.8412
2017-12-31,279.0696
2018-01-01,400.83377
2018-01-02,366.48044
2018-01-03,355.96228
2018-01-04,404.3636
2018-01-05,415.3084
2018-01-06,367.3337
2018-01-07,291.6113
2018-01-08,207.43198
2018-01-09,164.9002
2018-01-10,165.83153
2018-01-11,221.01971
2018-01-12,283.78183
2018-01-13,363.9123
2018-01-14,338.31256
2018-01-15,241.10425
2018-01-16,227.7745
2018-01-17,221.7739
2018-01-18,204.34212
2018-01-19,298.64066
2018-01-20,350.113
2018-01-21,296.2908
2018-01-22,220.21297
2018-01-23,148.26761
2018-01-24,122.42923
2018-01-25,120.120316
2018-01-26,118.22734
2018-01-27,117.95358
2018-01-28,115.27807
2018-01-29,118.83588
2018-01-30,120.03633
2018-01-31,119.027794
2018-02-01,118.76301
2018-02-02,109.7648
2018-02-03,111.37246
2018-02-04,153.29388
2018-02-05,151.1083
2018-02-06,129.38193
2018-02-07,129.94965
2018-02-08,119.24462
2018-02-09,118.770386
2018-02-10,122.65855
2018-02-11,116.050385
2018-02-12,127.449646
2018-02-13,172.55515
2018-02-14,155.80096
2018-02-15,145.50839
2018-02-16,225.63853
2018-02-17,328.20694
2018-02-18,325.6144
2018-02-19,339.69495
2018-02-20,320.7207
2018-02-21,202.17078
2018-02-22,147.06018
2018-02-23,114.968346
2018-02-24,83.98828
2018-02-25,86.85772
2018-02-26,96.79755
2018-02-27,112.05269
2018-02-28,110.61157
2018-03-01,97.29812
2018-03-02,82.219955
2018-03-03,88.746864
2018-03-04,157.90215
2018-03-05,204.05072
2018-03-06,233.09189
2018-03-07,513.6774
2018-03-08,635.46893
2018-03-09,381.46152
2018-03-10,279.1849
2018-03-11,141.48831
2018-03-12,80.09109
2018-03-13,62.368233
2018-03-14,62.87025
2018-03-15,81.36358
2018-03-16,95.77293
2018-03-17,103.529854
2018-03-18,119.3438
2018-03-19,115.73121
2018-03-20,151.50522
2018-03-21,229.50256
2018-03-22,244.5562
2018-03-23,205.93036
2018-03-24,186.2057
2018-03-25,197.19638
2018-03-26,286.99216
2018-03-27,315.2885
2018-03-28,289.32202
2018-03-29,289.40906
2018-03-30,752.2455
2018-03-31,1154.4574
2018-04-01,856.3046
2018-04-02,525.5054
2018-04-03,587.80695
2018-04-04,580.55164
2018-04-05,626.92175
2018-04-06,765.5187
2018-04-07,798.33417
2018-04-08,916.8041
2018-04-09,788.07104
2018-04-10,548.7196
2018-04-11,626.35754
2018-04-12,789.3166
2018-04-13,772.83563
2018-04-14,727.0572
2018-04-15,713.67285
2018-04-16,718.6785
2018-04-17,556.1117
2018-04-18,524.8525
2018-04-19,600.7017
2018-04-20,618.59515
2018-04-21,572.697
2018-04-22,529.16113
2018-04-23,419.41748
2018-04-24,468.05905
2018-04-25,550.7894
2018-04-26,582.5247
2018-04-27,537.6043
2018-04-28,564.8776
2018-04-29,970.24316
2018-04-30,1300.5447
2018-05-01,1150.3137
2018-05-02,771.3203
2018-05-03,637.7859
2018-05-04,796.3669
2018-05-05,764.51337
2018-05-06,792.32275
2018-05-07,1049.1914
2018-05-08,1263.976
2018-05-09,1163.932
2018-05-10,1086.0007
2018-05-11,1039.3918
2018-05-12,1033.479
2018-05-13,867.4073
2018-05-14,753.7271
2018-05-15,797.0656
2018-05-16,1055.5594
2018-05-17,1395.2867
2018-05-18,1054.248
2018-05-19,764.98883
2018-05-20,702.9039
2018-05-21,727.4232
2018-05-22,653.64197
2018-05-23,701.5264
2018-05-24,694.9038
2018-05-25,768.76624
2018-05-26,831.09076
2018-05-27,712.62555
2018-05-28,825.36255
2018-05-29,949.1648
2018-05-30,694.2263
2018-05-31,556.95013
2018-06-01,512.1804
2018-06-02,512.03864
2018-06-03,446.70245
2018-06-04,437.20862
2018-06-05,516.6146
2018-06-06,586.982
2018-06-07,624.1934
2018-06-08,536.34656
2018-06-09,466.77646
2018-06-10,393.61957
2018-06-11,408.82733
2018-06-12,492.21872
2018-06-13,616.9216
2018-06-14,559.46906
2018-06-15,451.51453
2018-06-16,631.98444
2018-06-17,796.3853
2018-06-18,651.8469
2018-06-19,621.4958
2018-06-20,642.6465
2018-06-21,656.65936
2018-06-22,645.4722
2018-06-23,633.67096
2018-06-24,560.6472
2018-06-25,458.10406
2018-06-26,494.19543
2018-06-27,430.82425
2018-06-28,362.79074
2018-06-29,374.60135
2018-06-30,503.6545
2018-07-01,525.861
2018-07-02,387.36368
2018-07-03,359.92755
2018-07-04,473.28937
2018-07-05,504.64102
2018-07-06,376.21777
2018-07-07,326.9495
2018-07-08,307.43204
2018-07-09,314.72952
2018-07-10,266.49054
2018-07-11,311.79642
2018-07-12,376.89447
2018-07-13,357.5044
2018-07-14,303.41376
2018-07-15,267.7363
2018-07-16,236.59778
2018-07-17,225.21336
2018-07-18,247.7961
2018-07-19,295.54404
2018-07-20,260.94763
2018-07-21,242.4482
2018-07-22,263.7837
2018-07-23,252.814
2018-07-24,290.4556
2018-07-25,391.03735
2018-07-26,479.89502
2018-07-27,519.73334
2018-07-28,544.7485
2018-07-29,667.62616
2018-07-30,796.92084
2018-07-31,622.8909
2018-08-01,455.71384
2018-08-02,403.22314
2018-08-03,509.57632
2018-08-04,500.99384
2018-08-05,464.6481
2018-08-06,531.37616
2018-08-07,398.158
2018-08-08,302.47415
2018-08-09,256.6069
2018-08-10,230.05347
2018-08-11,235.852
2018-08-12,245.02367
2018-08-13,201.67906
2018-08-14,179.2797
2018-08-15,251.37251
2018-08-16,373.47705
2018-08-17,339.4266
2018-08-18,220.64793
2018-08-19,201.79326
2018-08-20,254.5487
2018-08-21,239.75847
2018-08-22,181.7488
2018-08-23,179.21387
2018-08-24,230.36333
2018-08-25,282.01685
2018-08-26,268.4807
2018-08-27,239.86784
2018-08-28,266.4773
2018-08-29,245.89757
2018-08-30,250.6045
2018-08-31,358.12253
2018-09-01,358.23157
2018-09-02,289.04492
2018-09-03,239.84027
2018-09-04,215.19936
2018-09-05,259.65314
2018-09-06,350.67166
2018-09-07,515.2475
2018-09-08,705.96136
2018-09-09,954.3559
2018-09-10,929.67206
2018-09-11,476.34363
2018-09-12,378.05307
2018-09-13,426.1488
2018-09-14,467.36838
2018-09-15,482.1311
2018-09-16,540.3111
2018-09-17,689.9915
2018-09-18,694.10455
2018-09-19,435.28793
2018-09-20,333.3009
2018-09-21,287.7568
2018-09-22,217.35197
2018-09-23,202.05919
2018-09-24,247.0113
2018-09-25,265.78412
2018-09-26,217.77438
2018-09-27,187.20682
2018-09-28,254.37459
2018-09-29,366.3848
2018-09-30,489.41486
2018-10-01,519.6624
2018-10-02,489.60376
2018-10-03,475.35074
2018-10-04,459.39792
2018-10-05,537.4866
2018-10-06,767.0544
2018-10-07,1138.7778
2018-10-08,1174.5834
2018-10-09,941.7847
2018-10-10,759.35767
2018-10-11,1008.84357
2018-10-12,1404.4364
2018-10-13,1116.0769
2018-10-14,813.37854
2018-10-15,706.2976
2018-10-16,632.8943
2018-10-17,716.94006
2018-10-18,707.27045
2018-10-19,567.2849
2018-10-20,513.75446
2018-10-21,579.9967
2018-10-22,477.9862
2018-10-23,546.0846
2018-10-24,615.1867
2018-10-25,642.5345
2018-10-26,863.3637
2018-10-27,943.74976
2018-10-28,792.6332
2018-10-29,403.72156
2018-10-30,293.43832
2018-10-31,324.6956
2018-11-01,361.65878
2018-11-02,275.06293
2018-11-03,297.08582
2018-11-04,351.06824
2018-11-05,317.542
2018-11-06,331.65927
2018-11-07,335.70593
2018-11-08,345.98157
2018-11-09,345.11426
2018-11-10,356.00516
2018-11-11,398.37683
2018-11-12,476.62198
2018-11-13,458.11026
2018-11-14,392.8421
2018-11-15,306.93488
2018-11-16,253.50566
2018-11-17,232.40964
2018-11-18,261.63187
2018-11-19,359.8632
2018-11-20,469.38205
2018-11-21,436.41296
2018-11-22,349.9765
2018-11-23,276.61472
2018-11-24,246.36305
2018-11-25,257.23767
2018-11-26,327.81097
2018-11-27,386.51633
2018-11-28,345.9933
2018-11-29,278.4929
2018-11-30,303.7419
2018-12-01,340.15732
2018-12-02,370.94437
2018-12-03,315.62814
2018-12-04,218.70714
2018-12-05,166.84485
2018-12-06,149.30534
2018-12-07,143.8809
2018-12-08,144.96863
2018-12-09,153.6205
2018-12-10,156.8486
2018-12-11,150.24931
2018-12-12,136.83507
2018-12-13,133.37117
2018-12-14,135.52756
2018-12-15,143.21399
2018-12-16,151.84901
2018-12-17,148.22932
2018-12-18,126.569954
2018-12-19,115.976265
2018-12-20,119.66706
2018-12-21,121.33503
2018-12-22,113.40613
2018-12-23,119.10233
2018-12-24,120.681366
2018-12-25,106.04184
2018-12-26,107.11462
2018-12-27,100.62033
2018-12-28,90.82637
2018-12-29,86.076294
2018-12-30,83.10951
2018-12-31,83.42327
2019-01-01,84.148026
2019-01-02,82.34963
2019-01-03,75.12676
2019-01-04,72.53884
2019-01-05,77.29276
2019-01-06,89.30856
2019-01-07,119.80961
2019-01-08,123.82529
2019-01-09,111.76357
2019-01-10,110.6309
2019-01-11,95.48543
2019-01-12,93.992134
2019-01-13,105.64826
2019-01-14,131.19043
2019-01-15,169.35143
2019-01-16,149.67978
2019-01-17,114.36953
2019-01-18,98.16613
2019-01-19,90.86264
2019-01-20,81.258286
2019-01-21,75.46815
2019-01-22,74.79221
2019-01-23,65.78105
2019-01-24,58.473743
2019-01-25,62.780174
2019-01-26,78.42066
2019-01-27,84.843575
2019-01-28,88.1561
2019-01-29,140.20644
2019-01-30,152.1637
2019-01-31,117.281525
2019-02-01,108.474396
2019-02-02,115.49405
2019-02-03,138.92067
2019-02-04,126.783485
2019-02-05,137.32304
2019-02-06,153.6938
2019-02-07,154.62335
2019-02-08,125.881966
2019-02-09,164.45517
2019-02-10,232.51944
2019-02-11,217.20071
2019-02-12,151.87134
2019-02-13,124.24414
2019-02-14,105.1251
2019-02-15,130.4486
2019-02-16,134.14812
2019-02-17,127.01451
2019-02-18,146.33281
2019-02-19,180.59479
2019-02-20,257.29434
2019-02-21,308.41718
2019-02-22,268.88947
2019-02-23,219.55467
2019-02-24,183.88359
2019-02-25,191.13527
2019-02-26,155.37822
2019-02-27,118.25929
2019-02-28,144.48676
2019-03-01,264.7715
2019-03-02,257.74878
2019-03-03,226.03595
2019-03-04,226.52448
2019-03-05,262.04858
2019-03-06,274.68503
2019-03-07,244.44171
2019-03-08,258.32962
2019-03-09,239.1232
2019-03-10,235.55782
2019-03-11,310.71686
2019-03-12,272.28165
2019-03-13,219.51439
2019-03-14,196.05516
2019-03-15,227.17426
2019-03-16,258.58755
2019-03-17,237.94124
2019-03-18,230.26291
2019-03-19,265.90802
2019-03-20,349.51758
2019-03-21,462.0671
2019-03-22,499.21246
2019-03-23,619.77356
2019-03-24,678.5497
2019-03-25,558.80927
2019-03-26,470.88797
2019-03-27,429.57974
2019-03-28,373.0288
2019-03-29,330.75333
2019-03-30,399.43027
2019-03-31,534.785
2019-04-01,585.1313
2019-04-02,663.6577
2019-04-03,695.27014
2019-04-04,485.24585
2019-04-05,370.67258
2019-04-06,297.85913
2019-04-07,251.20145
2019-04-08,234.0999
2019-04-09,342.32306
2019-04-10,470.94293
2019-04-11,502.8745
2019-04-12,461.6416
2019-04-13,326.30716
2019-04-14,285.8814
2019-04-15,254.84657
2019-04-16,294.44742
2019-04-17,347.2867
2019-04-18,411.53452
2019-04-19,502.6493
2019-04-20,664.95935
2019-04-21,791.39355
2019-04-22,1172.6711
2019-04-23,1313.3201
2019-04-24,900.5889
2019-04-25,827.5413
2019-04-26,940.3107
2019-04-27,851.8506
2019-04-28,656.2459
2019-04-29,492.55136
2019-04-30,366.83905
2019-05-01,287.11026
2019-05-02,241.50305
2019-05-03,224.2669
2019-05-04,252.41655
2019-05-05,317.19452
2019-05-06,326.46146
2019-05-07,346.22787
2019-05-08,401.80798
2019-05-09,511.0139
2019-05-10,692.11224
2019-05-11,999.5986
2019-05-12,1007.14636
2019-05-13,932.3067
2019-05-14,897.91974
2019-05-15,752.54456
2019-05-16,693.1951
2019-05-17,682.7611
2019-05-18,763.0893
2019-05-19,521.00543
2019-05-20,537.89935
2019-05-21,568.3616
2019-05-22,556.3586
2019-05-23,556.42737
2019-05-24,657.38513
2019-05-25,752.1084
2019-05-26,843.43054
2019-05-27,812.13837
2019-05-28,755.6141
2019-05-29,759.1563
2019-05-30,681.13336
2019-05-31,606.98315
2019-06-01,634.42926
2019-06-02,801.9204
2019-06-03,724.9393
2019-06-04,686.3902
2019-06-05,660.5181
2019-06-06,635.85596
2019-06-07,703.26904
2019-06-08,785.28613
2019-06-09,675.3784
2019-06-10,650.4888
2019-06-11,677.20605
2019-06-12,770.1449
2019-06-13,944.2601
2019-06-14,996.66815
2019-06-15,781.58734
2019-06-16,530.57605
2019-06-17,385.32816
2019-06-18,356.49353
2019-06-19,410.1534
2019-06-20,478.34464
2019-06-21,484.59735
2019-06-22,487.4827
2019-06-23,454.686
2019-06-24,487.8071
2019-06-25,593.8073
2019-06-26,607.54865
2019-06-27,478.3637
2019-06-28,347.0501
2019-06-29,335.55704
2019-06-30,362.6926
2019-07-01,416.83835
2019-07-02,525.1745
2019-07-03,516.4878
2019-07-04,471.60638
2019-07-05,324.51746
2019-07-06,280.75458
2019-07-07,285.32114
2019-07-08,279.74063
2019-07-09,353.66714
2019-07-10,498.84448
2019-07-11,586.8643
2019-07-12,517.7523
2019-07-13,408.3341
2019-07-14,400.00116
2019-07-15,440.38614
2019-07-16,365.5842
2019-07-17,284.43274
2019-07-18,237.57568
2019-07-19,209.65985
2019-07-20,196.31253
2019-07-21,193.71901
2019-07-22,202.77605
2019-07-23,257.57037
2019-07-24,335.24823
2019-07-25,320.65308
2019-07-26,275.44318
2019-07-27,263.32404
2019-07-28,273.26544
2019-07-29,265.2912
2019-07-30,236.04485
2019-07-31,258.3136
2019-08-01,255.24759
2019-08-02,269.8674
2019-08-03,337.77673
2019-08-04,498.06772
2019-08-05,636.4644
2019-08-06,627.22375
2019-08-07,528.9237
2019-08-08,423.77014
2019-08-09,336.19302
2019-08-10,263.17783
2019-08-11,227.80107
2019-08-12,264.86896
2019-08-13,358.9768
2019-08-14,428.38345
2019-08-15,569.68164
2019-08-16,639.9874
2019-08-17,789.7816
2019-08-18,999.7894
2019-08-19,769.8573
2019-08-20,495.48434
2019-08-21,399.16464
2019-08-22,328.0209
2019-08-23,309.53055
2019-08-24,302.10535
2019-08-25,312.02463
2019-08-26,270.01645
2019-08-27,248.8319
2019-08-28,286.42584
2019-08-29,283.4822
2019-08-30,214.12755
2019-08-31,177.253
2019-09-01,163.10843
2019-09-02,180.24007
2019-09-03,209.6759
2019-09-04,216.45337
2019-09-05,226.39073
2019-09-06,224.02339
2019-09-07,219.33475
2019-09-08,180.07375
2019-09-09,136.9167
2019-09-10,123.6001
2019-09-11,130.37473
2019-09-12,183.65286
2019-09-13,206.24158
2019-09-14,148.3806
2019-09-15,124.4465
2019-09-16,141.22421
2019-09-17,177.82083
2019-09-18,252.71193
2019-09-19,329.9482
2019-09-20,321.32617
2019-09-21,454.718
2019-09-22,517.24115
2019-09-23,502.9378
2019-09-24,553.291
2019-09-25,484.6627
2019-09-26,506.26688
2019-09-27,464.85706
2019-09-28,267.4715
2019-09-29,204.08794
2019-09-30,302.66397
2019-10-01,432.81808
2019-10-02,363.54233
2019-10-03,295.70566
2019-10-04,265.8722
2019-10-05,257.8356
2019-10-06,291.85834
2019-10-07,261.68842
2019-10-08,204.9293
2019-10-09,252.23418
2019-10-10,356.56052
2019-10-11,423.2619
2019-10-12,378.00797
2019-10-13,595.5778
2019-10-14,613.8454
2019-10-15,383.58182
2019-10-16,285.699
2019-10-17,387.90112
2019-10-18,526.2819
2019-10-19,697.4244
2019-10-20,599.68256
2019-10-21,552.9153
2019-10-22,567.4434
2019-10-23,536.9433
2019-10-24,506.56644
2019-10-25,470.60068
2019-10-26,536.39386
2019-10-27,520.9476
2019-10-28,358.9203
2019-10-29,261.70755
2019-10-30,234.87233
2019-10-31,224.23169
2019-11-01,240.72607
2019-11-02,287.90265
2019-11-03,293.958
2019-11-04,322.92676
2019-11-05,340.80786
2019-11-06,268.91245
2019-11-07,227.21323
2019-11-08,196.26366
2019-11-09,208.24043
2019-11-10,268.193
2019-11-11,325.8041
2019-11-12,397.74216
2019-11-13,543.18225
2019-11-14,632.7017
2019-11-15,568.9314
2019-11-16,515.9537
2019-11-17,464.69626
2019-11-18,296.65665
2019-11-19,294.65842
2019-11-20,351.0003
2019-11-21,309.7794
2019-11-22,413.01233
2019-11-23,474.41873
2019-11-24,442.39682
2019-11-25,345.79608
2019-11-26,267.31372
2019-11-27,219.17242
2019-11-28,186.15819
2019-11-29,177.24142
2019-11-30,186.54561
2019-12-01,194.05864
2019-12-02,170.26797
2019-12-03,180.0947
2019-12-04,159.36469
2019-12-05,156.76923
2019-12-06,145.98816
2019-12-07,128.31969
2019-12-08,133.7995
2019-12-09,148.70007
2019-12-10,139.07088
2019-12-11,130.90848
2019-12-12,144.76656
2019-12-13,186.02615
2019-12-14,173.01678
2019-12-15,160.91539
2019-12-16,241.913
2019-12-17,279.27625
2019-12-18,243.49843
2019-12-19,182.41125
2019-12-20,166.39969
2019-12-21,151.85155
2019-12-22,191.23637
2019-12-23,192.00746
2019-12-24,110.76009
2019-12-25,98.141846
2019-12-26,113.08479
2019-12-27,146.88805
2019-12-28,174.77014
2019-12-29,135.51506
2019-12-30,141.276
2019-12-31,164.26761
2020-01-01,166.82056
2020-01-02,157.0128
2020-01-03,132.21272
2020-01-04,98.53734
2020-01-05,76.69186
2020-01-06,69.70171
2020-01-07,68.64319
2020-01-08,70.48476
2020-01-09,60.895103
2020-01-10,58.28376
2020-01-11,57.05285
2020-01-12,57.14962
2020-01-13,60.570885
2020-01-14,68.16931
2020-01-15,80.5307
2020-01-16,80.689674
2020-01-17,72.79977
2020-01-18,84.588554
2020-01-19,92.4608
2020-01-20,84.154816
2020-01-21,90.00611
2020-01-22,96.498146
2020-01-23,91.99605
2020-01-24,109.05995
2020-01-25,156.07703
2020-01-26,176.14232
2020-01-27,256.13437
2020-01-28,310.2563
2020-01-29,194.0909
2020-01-30,145.01468
2020-01-31,140.17554
2020-02-01,116.63551
2020-02-02,86.97264
2020-02-03,75.53365
2020-02-04,60.77971
2020-02-05,51.830666
2020-02-06,44.580906
2020-02-07,40.22555
2020-02-08,42.02424
2020-02-09,52.913197
2020-02-10,62.10845
2020-02-11,62.915882
2020-02-12,54.381725
2020-02-13,52.423206
2020-02-14,63.904045
2020-02-15,98.45305
2020-02-16,114.46376
2020-02-17,98.53736
2020-02-18,66.82337
2020-02-19,44.752403
2020-02-20,46.043564
2020-02-21,75.32433
2020-02-22,105.19133
2020-02-23,151.36438
2020-02-24,193.98761
2020-02-25,212.81181
2020-02-26,277.72247
2020-02-27,387.03525
2020-02-28,413.43582
2020-02-29,309.5327
2020-03-01,214.56969
2020-03-02,124.772415
2020-03-03,135.96666
2020-03-04,138.8528
2020-03-05,121.823166
2020-03-06,70.78216
2020-03-07,60.661034
2020-03-08,86.37851
2020-03-09,149.68867
2020-03-10,190.49458
2020-03-11,164.78683
2020-03-12,158.64021
2020-03-13,168.90508
2020-03-14,241.1026
2020-03-15,321.06516
2020-03-16,307.59766
2020-03-17,260.42798
2020-03-18,222.17337
2020-03-19,196.93433
2020-03-20,126.881935
2020-03-21,122.68631
2020-03-22,103.64706
2020-03-23,85.80872
2020-03-24,127.23341
2020-03-25,228.07574
2020-03-26,319.08032
2020-03-27,326.9358
2020-03-28,250.21718
2020-03-29,231.23819
2020-03-30,222.83687
2020-03-31,284.4942
2020-04-01,403.71457
2020-04-02,508.9072
2020-04-03,444.87158
2020-04-04,397.33063
2020-04-05,450.1306
2020-04-06,457.59015
2020-04-07,318.70975
2020-04-08,313.86887
2020-04-09,358.55615
2020-04-10,291.079
2020-04-11,438.99927
2020-04-12,545.1788
2020-04-13,427.9974
2020-04-14,274.98062
2020-04-15,283.3154
2020-04-16,486.14294
2020-04-17,514.0719
2020-04-18,299.6487
2020-04-19,341.48135
2020-04-20,422.73376
2020-04-21,505.22455
2020-04-22,591.8858
2020-04-23,521.92255
2020-04-24,500.1005
2020-04-25,386.7068
2020-04-26,287.94995
2020-04-27,225.3376
2020-04-28,204.639
2020-04-29,215.86473
2020-04-30,272.24854
2020-05-01,294.87415
2020-05-02,361.4414
2020-05-03,390.36548
2020-05-04,340.88635
2020-05-05,314.5763
2020-05-06,289.86624
2020-05-07,251.47812
2020-05-08,270.4508
2020-05-09,238.5317
2020-05-10,199.77078
2020-05-11,184.53992
2020-05-12,171.82283
2020-05-13,185.81708
2020-05-14,228.34937
2020-05-15,288.49448
2020-05-16,300.35138
2020-05-17,245.2719
2020-05-18,240.58101
2020-05-19,250.36691
2020-05-20,252.50104
2020-05-21,170.30426
2020-05-22,158.99344
2020-05-23,191.90598
2020-05-24,217.76468
2020-05-25,202.75572
2020-05-26,204.83133
2020-05-27,289.4391
2020-05-28,522.2497
2020-05-29,776.8216
2020-05-30,776.77716
2020-05-31,896.7111
2020-06-01,857.6013
2020-06-02,610.2952
2020-06-03,474.79004
2020-06-04,401.00583
2020-06-05,343.29282
2020-06-06,331.41772
2020-06-07,406.04263
2020-06-08,426.22812
2020-06-09,441.54587
2020-06-10,485.39532
2020-06-11,591.5957
2020-06-12,597.1997
2020-06-13,607.81177
2020-06-14,519.88403
2020-06-15,487.0193
2020-06-16,522.74146
2020-06-17,688.457
2020-06-18,731.5525
2020-06-19,500.7059
2020-06-20,472.701
2020-06-21,500.6264
2020-06-22,450.18378
2020-06-23,449.85413
2020-06-24,413.60144
2020-06-25,300.64328
2020-06-26,253.57341
2020-06-27,319.6612
2020-06-28,372.81866
2020-06-29,444.96063
2020-06-30,403.21252
2020-07-01,401.43787
2020-07-02,427.99484
2020-07-03,420.4139
2020-07-04,393.24252
2020-07-05,461.38693
2020-07-06,329.7522
2020-07-07,265.34204
2020-07-08,374.75174
2020-07-09,435.0592
2020-07-10,400.97073
2020-07-11,371.5731
2020-07-12,454.05377
2020-07-13,562.27167
2020-07-14,501.56842
2020-07-15,472.02676
2020-07-16,397.8289
2020-07-17,387.28036
2020-07-18,470.4166
2020-07-19,494.5767
2020-07-20,416.27002
2020-07-21,392.7575
2020-07-22,478.4571
2020-07-23,456.29263
2020-07-24,461.97244
2020-07-25,586.18774
2020-07-26,641.5198
2020-07-27,655.81464
2020-07-28,804.1864
2020-07-29,888.1784
2020-07-30,522.87604
2020-07-31,561.63
2020-08-01,544.98157
2020-08-02,498.43262
2020-08-03,387.41147
2020-08-04,406.36145
2020-08-05,467.4526
2020-08-06,455.21594
2020-08-07,469.44775
2020-08-08,568.6295
2020-08-09,677.42645
2020-08-10,539.3784
2020-08-11,467.10675
2020-08-12,428.44513
2020-08-13,371.46274
2020-08-14,347.276
2020-08-15,351.4829
2020-08-16,380.29318
2020-08-17,445.50626
2020-08-18,516.0558
2020-08-19,553.1502
2020-08-20,618.25195
2020-08-21,709.97705
2020-08-22,559.7328
2020-08-23,561.8987
2020-08-24,713.7507
2020-08-25,644.4763
2020-08-26,471.6969
2020-08-27,442.17432
2020-08-28,407.24088
2020-08-29,308.69724
2020-08-30,239.45932
2020-08-31,233.70178
2020-09-01,275.6758
2020-09-02,447.2136
2020-09-03,555.74884
2020-09-04,526.0676
2020-09-05,527.7496
2020-09-06,469.7383
2020-09-07,449.5965
2020-09-08,609.1304
2020-09-09,706.515
2020-09-10,530.3557
2020-09-11,486.00092
2020-09-12,404.1487
2020-09-13,394.8934
2020-09-14,300.85355
2020-09-15,252.73157
2020-09-16,241.21835
2020-09-17,252.49167
2020-09-18,305.7178
2020-09-19,554.19385
2020-09-20,862.56006
2020-09-21,705.294
2020-09-22,509.21255
2020-09-23,365.6291
2020-09-24,379.28146
2020-09-25,414.89172
2020-09-26,389.05328
2020-09-27,448.00583
2020-09-28,405.7577
2020-09-29,321.99796
2020-09-30,343.71292
2020-10-01,333.65286
2020-10-02,312.8897
2020-10-03,387.33002
2020-10-04,466.48654
2020-10-05,633.1484
2020-10-06,647.5197
2020-10-07,398.53818
2020-10-08,433.23022
2020-10-09,623.6404
2020-10-10,583.0129
2020-10-11,424.8568
2020-10-12,418.7858
2020-10-13,503.70975
2020-10-14,529.33795
2020-10-15,481.37228
2020-10-16,352.61102
2020-10-17,269.17072
2020-10-18,296.14038
2020-10-19,384.23715
2020-10-20,372.5981
2020-10-21,360.65115
2020-10-22,455.88327
2020-10-23,435.3566
2020-10-24,432.18616
2020-10-25,449.3451
2020-10-26,384.58456
2020-10-27,381.1684
2020-10-28,452.36914
2020-10-29,637.2584
2020-10-30,540.3377
2020-10-31,625.512
2020-11-01,642.90424
2020-11-02,555.5853
2020-11-03,557.2544
2020-11-04,554.69604
2020-11-05,575.86993
2020-11-06,595.1855
2020-11-07,534.68024
2020-11-08,492.7533
2020-11-09,499.55753
2020-11-10,568.388
2020-11-11,921.95123
2020-11-12,1245.3079
2020-11-13,1075.3345
2020-11-14,1065.5507
2020-11-15,985.1617
2020-11-16,827.3953
2020-11-17,959.10675
2020-11-18,1348.7533
2020-11-19,1154.9204
2020-11-20,821.64435
2020-11-21,609.42786
2020-11-22,474.43735
2020-11-23,507.61752
2020-11-24,577.16125
2020-11-25,447.2586
2020-11-26,475.25693
2020-11-27,554.9742
2020-11-28,737.59503
2020-11-29,859.45386
2020-11-30,722.0063
2020-12-01,634.12396
2020-12-02,452.85855
2020-12-03,386.53082
2020-12-04,322.66888
2020-12-05,260.59253
2020-12-06,231.17671
2020-12-07,232.82141
2020-12-08,248.21791
2020-12-09,260.84656
2020-12-10,230.98036
2020-12-11,202.75711
2020-12-12,177.77899
2020-12-13,165.7998
2020-12-14,154.71877
2020-12-15,148.54323
2020-12-16,166.09604
2020-12-17,176.06274
2020-12-18,165.16333
2020-12-19,168.28612
2020-12-20,164.46371
2020-12-21,154.64015
2020-12-22,167.18097
2020-12-23,206.06412
2020-12-24,194.05307
2020-12-25,158.26627
2020-12-26,162.0562
2020-12-27,152.54265
2020-12-28,150.40573
2020-12-29,179.27574
2020-12-30,277.14545
2020-12-31,336.11642
2021-01-01,308.9952
2021-01-02,216.29532
2021-01-03,177.34137
2021-01-04,214.71143
2021-01-05,281.71115
2021-01-06,219.55391
2021-01-07,116.08263
2021-01-08,146.81165
2021-01-09,285.8112
2021-01-10,387.12668
2021-01-11,335.48572
2021-01-12,318.89172
2021-01-13,218.93912
2021-01-14,137.86229
2021-01-15,109.54574
2021-01-16,98.24429
2021-01-17,97.36053
2021-01-18,91.24234
2021-01-19,90.51467
2021-01-20,85.09467
2021-01-21,81.82699
2021-01-22,83.26327
2021-01-23,87.78247
2021-01-24,96.862976
2021-01-25,112.94813
2021-01-26,107.63566
2021-01-27,89.751335
2021-01-28,79.41536
2021-01-29,72.34646
2021-01-30,69.0132
2021-01-31,65.30329
2021-02-01,66.01553
2021-02-02,80.66608
2021-02-03,101.074356
2021-02-04,94.718056
2021-02-05,81.72154
2021-02-06,84.23834
2021-02-07,105.18138
2021-02-08,139.82407
2021-02-09,177.5901
2021-02-10,178.29874
2021-02-11,189.52896
2021-02-12,173.53737
2021-02-13,160.1695
2021-02-14,193.38895
2021-02-15,250.22766
2021-02-16,270.4178
2021-02-17,212.32994
2021-02-18,152.92403
2021-02-19,139.15874
2021-02-20,130.52083
2021-02-21,89.24647
2021-02-22,76.49433
2021-02-23,104.887955
2021-02-24,169.46481
2021-02-25,191.96269
2021-02-26,164.726
2021-02-27,187.7976
2021-02-28,807.25446
2021-03-01,1055.2228
2021-03-02,675.3007
2021-03-03,359.4077
2021-03-04,289.86755
2021-03-05,156.02055
2021-03-06,183.6942
2021-03-07,335.32385
2021-03-08,408.3448
2021-03-09,248.27873
2021-03-10,161.24915
2021-03-11,152.2027
2021-03-12,168.80537
2021-03-13,204.83615
2021-03-14,220.44432
2021-03-15,304.88657
2021-03-16,464.57153
2021-03-17,628.7979
2021-03-18,703.114
2021-03-19,678.4462
2021-03-20,567.9156
2021-03-21,451.00232
2021-03-22,375.1644
2021-03-23,365.42175
2021-03-24,407.62808
2021-03-25,623.15466
2021-03-26,735.6836
2021-03-27,651.4636
2021-03-28,709.91125
2021-03-29,600.9389
2021-03-30,423.22208
2021-03-31,396.35806
2021-04-01,432.027
2021-04-02,481.0501
2021-04-03,468.60797
2021-04-04,525.08765
2021-04-05,560.81665
2021-04-06,595.7754
2021-04-07,863.5657
2021-04-08,1092.2572
2021-04-09,804.333
2021-04-10,606.513
2021-04-11,517.5865
2021-04-12,541.5963
2021-04-13,435.66965
2021-04-14,416.17825
2021-04-15,504.49796
2021-04-16,642.33795
2021-04-17,579.47754
2021-04-18,484.41043
2021-04-19,406.0084
2021-04-20,279.56497
2021-04-21,256.49155
2021-04-22,256.07162
2021-04-23,261.9164
2021-04-24,308.09653
2021-04-25,314.99146
2021-04-26,305.40378
2021-04-27,372.74188
2021-04-28,542.646
2021-04-29,543.1539
2021-04-30,617.7384
2021-05-01,682.3698
2021-05-02,719.95
2021-05-03,820.32043
2021-05-04,975.94336
2021-05-05,841.85406
2021-05-06,718.4578
2021-05-07,640.80835
2021-05-08,696.91174
2021-05-09,901.0277
2021-05-10,943.009
2021-05-11,757.8478
2021-05-12,733.6675
2021-05-13,757.9226
2021-05-14,631.6739
2021-05-15,469.57812
2021-05-16,444.2949
2021-05-17,590.96356
2021-05-18,1174.405
2021-05-19,1277.0524
2021-05-20,702.61865
2021-05-21,558.9911
2021-05-22,401.56818
2021-05-23,367.6823
2021-05-24,364.14514
2021-05-25,450.0482
2021-05-26,565.7646
2021-05-27,557.6186
2021-05-28,623.6833
2021-05-29,862.3975
2021-05-30,1128.336
2021-05-31,892.3262
2021-06-01,868.51227
2021-06-02,759.03564
2021-06-03,760.61664
2021-06-04,687.6244
2021-06-05,597.5113
2021-06-06,665.02686
2021-06-07,743.1904
2021-06-08,693.8653
2021-06-09,771.1297
2021-06-10,843.9957
2021-06-11,739.6464
2021-06-12,660.4329
2021-06-13,696.63934
2021-06-14,694.5004
2021-06-15,613.7226
2021-06-16,496.3313
2021-06-17,397.21387
2021-06-18,445.5406
2021-06-19,504.3709
2021-06-20,537.06573
2021-06-21,562.9179
2021-06-22,713.894
2021-06-23,904.53503
2021-06-24,683.71674
2021-06-25,615.57776
2021-06-26,658.7895
2021-06-27,757.00073
2021-06-28,566.4148
2021-06-29,413.817
2021-06-30,356.6078
2021-07-01,418.82263
2021-07-02,583.28174
2021-07-03,687.19147
2021-07-04,692.6413
2021-07-05,680.1667
2021-07-06,584.81604
2021-07-07,502.27542
2021-07-08,392.14896
2021-07-09,392.8555
2021-07-10,499.22162
2021-07-11,590.66174
2021-07-12,545.1722
2021-07-13,380.17407
2021-07-14,349.50058
2021-07-15,394.258
2021-07-16,420.70908
2021-07-17,413.10587
2021-07-18,390.05127
2021-07-19,309.89816
2021-07-20,306.70627
2021-07-21,311.21274
2021-07-22,310.34836
2021-07-23,394.20923
2021-07-24,496.96164
2021-07-25,682.2688
2021-07-26,845.8386
2021-07-27,799.5956
2021-07-28,769.2888
2021-07-29,622.3824
2021-07-30,553.34296
2021-07-31,546.6611
2021-08-01,502.7149
2021-08-02,451.69882
2021-08-03,553.9088
2021-08-04,586.86615
2021-08-05,607.4588
2021-08-06,626.78094
2021-08-07,579.832
2021-08-08,562.3768
2021-08-09,579.00635
2021-08-10,603.62024
2021-08-11,652.951
2021-08-12,673.857
2021-08-13,629.7206
2021-08-14,762.2084
2021-08-15,835.89056
2021-08-16,669.8892
2021-08-17,659.54816
2021-08-18,640.98126
2021-08-19,645.2956
2021-08-20,788.59155
2021-08-21,940.85956
2021-08-22,670.9284
2021-08-23,525.362
2021-08-24,539.73016
2021-08-25,748.01447
2021-08-26,858.86487
2021-08-27,576.4576
2021-08-28,394.29654
2021-08-29,339.1215
2021-08-30,437.19635
2021-08-31,560.3252
2021-09-01,531.8474
2021-09-02,566.10425
2021-09-03,644.7601
2021-09-04,402.37265
2021-09-05,327.4237
2021-09-06,359.11978
2021-09-07,461.66196
2021-09-08,676.29944
2021-09-09,607.0268
2021-09-10,442.8515
2021-09-11,431.43234
2021-09-12,526.77637
2021-09-13,455.6208
2021-09-14,405.0002
2021-09-15,392.40442
2021-09-16,326.387
2021-09-17,324.15558
2021-09-18,332.5606
2021-09-19,363.47684
2021-09-20,395.24976
2021-09-21,457.86325
2021-09-22,533.15717
2021-09-23,559.28217
2021-09-24,817.9181
2021-09-25,882.44604
2021-09-26,533.1951
2021-09-27,361.55405
2021-09-28,329.4111
2021-09-29,401.17313
2021-09-30,472.6202
2021-10-01,545.1545
2021-10-02,595.5777
2021-10-03,455.4712
2021-10-04,351.1938
2021-10-05,329.406
2021-10-06,419.7245
2021-10-07,357.6791
2021-10-08,289.0044
2021-10-09,399.9983
2021-10-10,562.79663
2021-10-11,591.38885
2021-10-12,688.33514
2021-10-13,646.9086
2021-10-14,512.92163
2021-10-15,434.88043
2021-10-16,383.5346
2021-10-17,425.8291
2021-10-18,442.53278
2021-10-19,410.05725
2021-10-20,352.94287
2021-10-21,316.56482
2021-10-22,337.22385
2021-10-23,336.39377
2021-10-24,311.1002
2021-10-25,340.62497
2021-10-26,414.0267
2021-10-27,555.09576
2021-10-28,648.5603
2021-10-29,653.3106
2021-10-30,649.2508
2021-10-31,618.23065
2021-11-01,599.955
2021-11-02,547.7541
2021-11-03,558.991
2021-11-04,618.198
2021-11-05,634.7017
2021-11-06,439.06735
2021-11-07,292.70743
2021-11-08,252.80402
2021-11-09,307.90405
2021-11-10,312.38647
2021-11-11,240.61783
2021-11-12,208.23024
2021-11-13,178.54216
2021-11-14,177.03741
2021-11-15,207.84676
2021-11-16,228.39998
2021-11-17,199.548
2021-11-18,201.92108
2021-11-19,218.9009
2021-11-20,196.87064
2021-11-21,186.55869
2021-11-22,229.66515
2021-11-23,327.0663
2021-11-24,428.4756
2021-11-25,515.83136
2021-11-26,547.26025
2021-11-27,439.44403
2021-11-28,294.7168
2021-11-29,298.73703
2021-11-30,296.33887
2021-12-01,301.44318
2021-12-02,266.03003
2021-12-03,198.23584
2021-12-04,175.3131
2021-12-05,175.43309
2021-12-06,162.79744
2021-12-07,145.6778
2021-12-08,138.66377
2021-12-09,135.03578
2021-12-10,136.59941
2021-12-11,137.4332
2021-12-12,158.01208
2021-12-13,204.7302
2021-12-14,223.50851
2021-12-15,211.88104
2021-12-16,240.29126
2021-12-17,297.48447
2021-12-18,346.89465
2021-12-19,326.96408
2021-12-20,260.74368
2021-12-21,226.85837
2021-12-22,256.4615
2021-12-23,341.2113
2021-12-24,293.4122
2021-12-25,231.19849
2021-12-26,229.1394
2021-12-27,240.67471
2021-12-28,313.4782
2021-12-29,400.72208
2021-12-30,312.313
2021-12-31,182.8161
2022-01-01,162.49963
2022-01-02,162.77731
2022-01-03,157.35098
2022-01-04,121.08255
2022-01-05,108.56759
2022-01-06,99.98829
2022-01-07,100.10474
2022-01-08,122.028595
2022-01-09,145.81233
2022-01-10,141.33842
2022-01-11,125.43604
2022-01-12,109.52144
2022-01-13,98.431595
2022-01-14,107.31241
2022-01-15,134.60992
2022-01-16,137.8874
2022-01-17,115.57115
2022-01-18,128.26491
2022-01-19,144.08063
2022-01-20,125.42936
2022-01-21,93.35908
2022-01-22,80.92584
2022-01-23,81.926476
2022-01-24,90.624344
2022-01-25,101.28174
2022-01-26,120.06901
2022-01-27,143.8876
2022-01-28,144.01456
2022-01-29,120.363914
2022-01-30,106.10366
2022-01-31,114.81336
2022-02-01,130.28506
2022-02-02,131.51086
2022-02-03,83.579254
2022-02-04,76.340034
2022-02-05,108.43479
2022-02-06,160.97704
2022-02-07,199.33806
2022-02-08,251.29515
2022-02-09,289.60663
2022-02-10,357.23358
2022-02-11,322.32272
2022-02-12,299.43185
2022-02-13,273.2803
2022-02-14,211.37344
2022-02-15,212.12166
2022-02-16,221.22221
2022-02-17,155.34225
2022-02-18,132.08192
2022-02-19,148.61469
2022-02-20,176.443
2022-02-21,162.54555
2022-02-22,167.19159
2022-02-23,242.24084
2022-02-24,284.92175
2022-02-25,230.71431
2022-02-26,218.9751
2022-02-27,318.08755
2022-02-28,821.6754
2022-03-01,939.2283
2022-03-02,703.67255
2022-03-03,543.9592
2022-03-04,726.7512
2022-03-05,842.5054
2022-03-06,587.6236
2022-03-07,899.14075
2022-03-08,1092.5027
2022-03-09,490.5332
2022-03-10,294.74423
2022-03-11,399.33435
2022-03-12,579.817
2022-03-13,654.2675
2022-03-14,674.95496
2022-03-15,650.73285
2022-03-16,651.3944
2022-03-17,556.5213
2022-03-18,433.53012
2022-03-19,330.76544
2022-03-20,285.70758
2022-03-21,312.50006
2022-03-22,303.7385
2022-03-23,277.37924
2022-03-24,265.32907
2022-03-25,286.03384
2022-03-26,355.79974
2022-03-27,476.0895
2022-03-28,567.4346
2022-03-29,470.2615
2022-03-30,453.36008
2022-03-31,468.08884
2022-04-01,506.19412
2022-04-02,465.21973
2022-04-03,335.02826
2022-04-04,346.0977
2022-04-05,475.98764
2022-04-06,583.218
2022-04-07,754.29486
2022-04-08,867.36005
2022-04-09,512.5291
2022-04-10,356.67053
2022-04-11,300.7777
2022-04-12,293.04697
2022-04-13,282.57974
2022-04-14,238.34776
2022-04-15,215.43025
2022-04-16,240.76915
2022-04-17,319.7631
2022-04-18,450.82184
2022-04-19,628.6161
2022-04-20,775.6928
2022-04-21,773.89905
2022-04-22,770.67896
2022-04-23,695.5688
2022-04-24,594.92505
2022-04-25,666.12836
2022-04-26,753.7264
2022-04-27,730.131
2022-04-28,899.2373
2022-04-29,985.45465
2022-04-30,812.4148
2022-05-01,836.17334
2022-05-02,1039.4866
2022-05-03,902.0526
2022-05-04,416.66306
2022-05-05,333.9955
2022-05-06,428.50375
2022-05-07,584.4332
2022-05-08,643.39594
2022-05-09,735.5345
2022-05-10,772.33887
2022-05-11,739.98645
2022-05-12,813.30334
2022-05-13,937.7191
2022-05-14,811.2425
2022-05-15,642.99316
2022-05-16,524.8768
2022-05-17,523.4002
2022-05-18,794.90924
2022-05-19,1016.79535
2022-05-20,853.42957
2022-05-21,732.97424
2022-05-22,468.51382
2022-05-23,370.9598
2022-05-24,389.10565
2022-05-25,423.0433
2022-05-26,500.97794
2022-05-27,507.78607
2022-05-28,545.7481
2022-05-29,553.6144
2022-05-30,531.90735
2022-05-31,533.4081
2022-06-01,57.08138
2022-06-02,237.2152
2022-06-03,593.07904
2022-06-04,967.26117
2022-06-05,805.8177
2022-06-06,692.12854
2022-06-07,691.502
2022-06-08,646.73615
2022-06-09,598.11194
2022-06-10,585.0279
2022-06-11,572.3177
2022-06-12,735.80054
2022-06-13,986.7107
2022-06-14,889.1877
2022-06-15,805.626
2022-06-16,820.08826
2022-06-17,906.083
2022-06-18,617.8888
2022-06-19,547.2685
2022-06-20,681.3983
2022-06-21,769.9662
2022-06-22,704.9266
2022-06-23,536.5815
2022-06-24,480.97284
2022-06-25,710.1951
2022-06-26,1034.104
2022-06-27,1078.1188
2022-06-28,821.63165
2022-06-29,813.592
2022-06-30,983.91486
2022-07-01,111.65722
2022-07-02,471.0648
2022-07-03,552.15515
2022-07-04,447.63016
2022-07-05,473.28934
2022-07-06,469.77338
2022-07-07,422.1935
2022-07-08,399.42984
2022-07-09,488.79
2022-07-10,511.5404
2022-07-11,699.18353
2022-07-12,888.09827
2022-07-13,580.97327
2022-07-14,438.96063
2022-07-15,400.1341
2022-07-16,334.93497
2022-07-17,324.22717
2022-07-18,417.12546
2022-07-19,444.26923
2022-07-20,431.60657
2022-07-21,449.3177
2022-07-22,528.63385
2022-07-23,559.9871
2022-07-24,409.66733
2022-07-25,374.59036
2022-07-26,476.11844
2022-07-27,532.13477
2022-07-28,568.0766
2022-07-29,727.68677
2022-07-30,819.87714
2022-07-31,486.0825
2022-08-01,77.11452
2022-08-02,290.86722
2022-08-03,443.52432
2022-08-04,523.0097
2022-08-05,536.1474
2022-08-06,495.69043
2022-08-07,497.38535
2022-08-08,425.67816
2022-08-09,340.90607
2022-08-10,388.03226
2022-08-11,567.951
2022-08-12,566.83527
2022-08-13,607.99414
2022-08-14,762.436
2022-08-15,748.5069
2022-08-16,906.125
2022-08-17,971.61475
2022-08-18,404.85004
2022-08-19,269.82263
2022-08-20,259.545
2022-08-21,358.10733
2022-08-22,510.43845
2022-08-23,553.3267
2022-08-24,438.29044
2022-08-25,390.61188
2022-08-26,365.36075
2022-08-27,382.55673
2022-08-28,463.14737
2022-08-29,539.30646
2022-08-30,601.59875
2022-08-31,622.8286
2022-09-01,128.01685
2022-09-02,414.49075
2022-09-03,535.60187
2022-09-04,625.2739
2022-09-05,630.47845
2022-09-06,561.7738
2022-09-07,592.58856
2022-09-08,578.35547
2022-09-09,583.123
2022-09-10,511.9185
2022-09-11,401.5457
2022-09-12,390.91525
2022-09-13,436.75027
2022-09-14,530.7558
2022-09-15,503.68988
2022-09-16,443.4159
2022-09-17,515.7374
2022-09-18,526.5828
2022-09-19,517.9049
2022-09-20,572.394
2022-09-21,591.20026
2022-09-22,888.08606
2022-09-23,1195.4695
2022-09-24,819.50543
2022-09-25,750.0779
2022-09-26,563.3412
2022-09-27,401.69922
2022-09-28,418.00354
2022-09-29,471.8267
2022-09-30,577.62006
2022-10-01,54.822224
2022-10-02,213.24547
2022-10-03,354.57745
2022-10-04,413.6933
2022-10-05,418.87033
2022-10-06,461.50195
2022-10-07,621.6647
2022-10-08,685.1825
2022-10-09,583.0044
2022-10-10,443.87482
2022-10-11,362.97733
2022-10-12,350.93588
2022-10-13,422.86264
2022-10-14,540.2724
2022-10-15,568.6649
2022-10-16,477.47583
2022-10-17,484.7065
2022-10-18,538.507
2022-10-19,530.68677
2022-10-20,547.55133
2022-10-21,465.01334
2022-10-22,433.6397
2022-10-23,469.9928
2022-10-24,426.8552
2022-10-25,416.2652
2022-10-26,450.5602
2022-10-27,455.0921
2022-10-28,445.56088
2022-10-29,453.62195
2022-10-30,415.49792
2022-10-31,310.57632
2022-11-01,41.640285
2022-11-02,187.9372
2022-11-03,359.88815
2022-11-04,466.60168
2022-11-05,429.42612
2022-11-06,399.1203
2022-11-07,406.4558
2022-11-08,529.5908
2022-11-09,778.92865
2022-11-10,862.8846
2022-11-11,874.05023
2022-11-12,840.5326
2022-11-13,759.7017
2022-11-14,700.6667
2022-11-15,757.08075
2022-11-16,773.9382
2022-11-17,649.3564
2022-11-18,597.76715
2022-11-19,572.16895
2022-11-20,700.85236
2022-11-21,727.08484
2022-11-22,623.102
2022-11-23,589.52905
2022-11-24,509.9446
2022-11-25,495.00812
2022-11-26,495.94647
2022-11-27,536.3498
2022-11-28,610.5624
2022-11-29,706.86273
2022-11-30,711.73566
2022-12-01,219.48491
2022-12-02,529.83057
2022-12-03,361.35446
2022-12-04,294.9393
2022-12-05,287.98282
2022-12-06,310.73712
2022-12-07,335.03564
2022-12-08,309.90277
2022-12-09,294.83685
2022-12-10,318.40234
2022-12-11,339.80258
2022-12-12,302.55466
2022-12-13,300.27655
2022-12-14,341.4732
2022-12-15,325.4662
2022-12-16,238.494
2022-12-17,209.90811
2022-12-18,191.35733
2022-12-19,172.25462
2022-12-20,169.92741
2022-12-21,175.9142
2022-12-22,178.63191
2022-12-23,159.90497
2022-12-24,154.34383
2022-12-25,143.52089
2022-12-26,136.27666
2022-12-27,134.63988
2022-12-28,141.2363
2022-12-29,155.46219
2022-12-30,162.1166
2022-12-31,163.57509
2023-01-01,14.476413
2023-01-02,62.88219
2023-01-03,152.4428
2023-01-04,346.724
2023-01-05,431.44568
2023-01-06,288.9745
2023-01-07,277.24677
2023-01-08,374.56192
2023-01-09,425.88333
2023-01-10,446.21118
2023-01-11,491.17316
2023-01-12,440.08768
2023-01-13,388.63147
2023-01-14,314.9643
2023-01-15,275.96396
2023-01-16,228.69891
2023-01-17,200.15541
2023-01-18,205.9083
2023-01-19,256.3334
2023-01-20,247.30008
2023-01-21,215.15642
2023-01-22,177.4356
2023-01-23,151.14769
2023-01-24,149.60477
2023-01-25,147.65247
2023-01-26,128.02756
2023-01-27,113.749664
2023-01-28,103.89459
2023-01-29,98.51323
2023-01-30,95.682884
2023-01-31,93.86744
2023-02-01,10.160853
2023-02-02,40.0502
2023-02-03,64.643906
2023-02-04,92.39372
2023-02-05,115.57406
2023-02-06,116.28661
2023-02-07,121.20874
2023-02-08,115.01625
2023-02-09,121.337875
2023-02-10,150.6725
2023-02-11,183.33543
2023-02-12,196.61095
2023-02-13,158.84161
2023-02-14,153.33041
2023-02-15,164.81104
2023-02-16,211.63582
2023-02-17,289.46555
2023-02-18,378.6521
2023-02-19,337.7409
2023-02-20,269.79477
2023-02-21,237.2479
2023-02-22,321.32608
2023-02-23,409.8811
2023-02-24,280.0436
2023-02-25,272.40088
2023-02-26,189.15195
2023-02-27,125.123726
2023-02-28,154.09027
2023-03-01,16.37814
2023-03-02,71.85388
2023-03-03,128.45258
2023-03-04,220.63838
2023-03-05,310.55267
2023-03-06,303.26596
2023-03-07,359.48788
2023-03-08,445.01526
2023-03-09,392.6368
2023-03-10,510.25314
2023-03-11,610.69507
2023-03-12,1187.2056
2023-03-13,1748.831
2023-03-14,1467.6646
2023-03-15,1293.6113
2023-03-16,703.3959
2023-03-17,532.15356
2023-03-18,543.5868
2023-03-19,576.3989
2023-03-20,481.38196
2023-03-21,456.28595
2023-03-22,349.9951
2023-03-23,332.93814
2023-03-24,369.66046
2023-03-25,351.07895
2023-03-26,376.44525
2023-03-27,337.43427
2023-03-28,341.04236
2023-03-29,386.115
2023-03-30,411.9384
2023-03-31,413.59412
2023-04-01,90.19729
2023-04-02,341.47946
2023-04-03,543.7204
2023-04-04,577.8167
2023-04-05,379.64236
2023-04-06,338.24255
2023-04-07,363.34924
2023-04-08,398.73358
2023-04-09,443.7326
2023-04-10,482.88968
2023-04-11,537.5429
2023-04-12,495.25653
2023-04-13,433.80023
2023-04-14,406.12497
2023-04-15,317.0544
2023-04-16,314.56848
2023-04-17,378.2954
2023-04-18,411.55844
2023-04-19,431.5926
2023-04-20,432.3689
2023-04-21,437.54608
2023-04-22,391.14316
2023-04-23,388.09787
2023-04-24,427.0174
2023-04-25,514.0136
2023-04-26,471.73856
2023-04-27,492.37274
2023-04-28,545.5987
2023-04-29,522.52936
2023-04-30,594.65753
2023-05-01,31.975801
2023-05-02,112.948235
2023-05-03,148.42278
2023-05-04,187.86342
2023-05-05,210.27776
2023-05-06,204.46365
2023-05-07,204.36467
2023-05-08,190.19174
2023-05-09,215.67667
2023-05-10,374.7588
2023-05-11,549.52966
2023-05-12,472.7784
2023-05-13,356.12366
2023-05-14,408.93442
2023-05-15,530.8195
2023-05-16,591.5523
2023-05-17,610.62366
2023-05-18,518.4054
2023-05-19,415.3652
2023-05-20,405.3751
2023-05-21,410.80356
2023-05-22,540.94775
2023-05-23,579.05725
2023-05-24,624.7977
2023-05-25,720.0135
2023-05-26,809.2882
2023-05-27,954.888
2023-05-28,1043.1149
2023-05-29,1018.64874
2023-05-30,923.1741
2023-05-31,782.73376
2023-06-01,142.12006
2023-06-02,388.8401
2023-06-03,384.1819
2023-06-04,432.3351
2023-06-05,475.94705
2023-06-06,616.2239
2023-06-07,766.28687
2023-06-08,670.35486
2023-06-09,692.57214
2023-06-10,846.91254
2023-06-11,893.75995
2023-06-12,586.2922
2023-06-13,459.45087
2023-06-14,406.1788
2023-06-15,441.29297
2023-06-16,528.3296
2023-06-17,580.9776
2023-06-18,601.6313
2023-06-19,507.92926
2023-06-20,359.72488
2023-06-21,285.01706
2023-06-22,306.4875
2023-06-23,414.19318
2023-06-24,514.5713
2023-06-25,587.8322
2023-06-26,685.22473
2023-06-27,890.0714
2023-06-28,855.10864
2023-06-29,473.86688
2023-06-30,441.03574
