datetime,streamflow_m^3/s
1979-01-01,0.0
1979-01-02,0.9481042
1979-01-03,0.9996333
1979-01-04,0.9572176
1979-01-05,0.9163906
1979-01-06,0.87997264
1979-01-07,0.84403175
1979-01-08,0.80811775
1979-01-09,0.77271473
1979-01-10,0.74104553
1979-01-11,0.70878357
1979-01-12,0.6789873
1979-01-13,0.6494632
1979-01-14,0.624327
1979-01-15,0.5969758
1979-01-16,0.57089317
1979-01-17,0.55001485
1979-01-18,0.53022814
1979-01-19,0.50958514
1979-01-20,0.48793152
1979-01-21,0.46850246
1979-01-22,0.44812605
1979-01-23,0.4310548
1979-01-24,0.41326684
1979-01-25,0.39872026
1979-01-26,0.38243622
1979-01-27,0.38201407
1979-01-28,0.36391434
1979-01-29,0.3437781
1979-01-30,0.32752842
1979-01-31,0.3169071
1979-02-01,0.30608273
1979-02-02,0.2919256
1979-02-03,0.27907914
1979-02-04,0.26835108
1979-02-05,0.25479898
1979-02-06,0.24767841
1979-02-07,0.23882806
1979-02-08,0.22717574
1979-02-09,0.21969342
1979-02-10,0.21320336
1979-02-11,0.20244287
1979-02-12,0.19378556
1979-02-13,0.18755336
1979-02-14,0.1815771
1979-02-15,0.17399591
1979-02-16,0.16818096
1979-02-17,0.16155854
1979-02-18,0.15630557
1979-02-19,0.15324506
1979-02-20,0.14760979
1979-02-21,0.13929471
1979-02-22,0.13509285
1979-02-23,0.13028906
1979-02-24,0.12579885
1979-02-25,0.12413205
1979-02-26,0.12016587
1979-02-27,0.11241684
1979-02-28,0.10897943
1979-03-01,0.1203024
1979-03-02,0.10555935
1979-03-03,0.13321519
1979-03-04,0.17426936
1979-03-05,0.26516372
1979-03-06,0.25375977
1979-03-07,0.14277293
1979-03-08,0.18005182
1979-03-09,0.25359565
1979-03-10,0.12708014
1979-03-11,0.095645644
1979-03-12,0.08550482
1979-03-13,0.08422989
1979-03-14,0.08079565
1979-03-15,0.081390314
1979-03-16,0.08231843
1979-03-17,0.075074576
1979-03-18,0.07147262
1979-03-19,0.069059126
1979-03-20,0.06847974
1979-03-21,0.1681085
1979-03-22,0.2074928
1979-03-23,0.2982083
1979-03-24,1.410072
1979-03-25,0.7961799
1979-03-26,3.563556
1979-03-27,1.5424789
1979-03-28,0.18156783
1979-03-29,0.064337246
1979-03-30,0.061917666
1979-03-31,0.05975003
1979-04-01,0.060006272
1979-04-02,0.061178558
1979-04-03,0.059870604
1979-04-04,0.054194193
1979-04-05,0.056282908
1979-04-06,0.056514457
1979-04-07,0.083364874
1979-04-08,0.25186378
1979-04-09,0.25607798
1979-04-10,2.6047456
1979-04-11,2.0205054
1979-04-12,1.3515097
1979-04-13,0.66440195
1979-04-14,12.213711
1979-04-15,5.021624
1979-04-16,8.777891
1979-04-17,3.1664605
1979-04-18,1.3426024
1979-04-19,1.3290832
1979-04-20,0.7505548
1979-04-21,0.93640965
1979-04-22,2.2050896
1979-04-23,1.4694507
1979-04-24,0.2430795
1979-04-25,2.6631024
1979-04-26,2.801555
1979-04-27,4.633685
1979-04-28,3.8379693
1979-04-29,2.4772205
1979-04-30,2.1133015
1979-05-01,2.4990246
1979-05-02,4.0216365
1979-05-03,4.3205733
1979-05-04,15.557398
1979-05-05,2.942935
1979-05-06,3.4844081
1979-05-07,1.693695
1979-05-08,2.2179945
1979-05-09,2.2849874
1979-05-10,5.172163
1979-05-11,2.2348735
1979-05-12,2.6746838
1979-05-13,4.6427407
1979-05-14,2.7726192
1979-05-15,3.7862735
1979-05-16,2.5369945
1979-05-17,2.4946568
1979-05-18,10.051468
1979-05-19,7.184557
1979-05-20,6.1537533
1979-05-21,4.71714
1979-05-22,11.641611
1979-05-23,12.103097
1979-05-24,10.664992
1979-05-25,9.501898
1979-05-26,8.643301
1979-05-27,8.864636
1979-05-28,11.280456
1979-05-29,15.0197935
1979-05-30,8.376354
1979-05-31,7.0206313
1979-06-01,9.406314
1979-06-02,8.307877
1979-06-03,6.8065414
1979-06-04,6.430536
1979-06-05,7.7919188
1979-06-06,7.302031
1979-06-07,9.749876
1979-06-08,12.509454
1979-06-09,15.672431
1979-06-10,17.051813
1979-06-11,17.912683
1979-06-12,37.795345
1979-06-13,23.16842
1979-06-14,13.919959
1979-06-15,12.007855
1979-06-16,11.422255
1979-06-17,9.220377
1979-06-18,9.834653
1979-06-19,13.765322
1979-06-20,9.704617
1979-06-21,8.144836
1979-06-22,7.337528
1979-06-23,7.0995407
1979-06-24,7.535057
1979-06-25,8.264755
1979-06-26,7.791909
1979-06-27,10.082615
1979-06-28,9.021889
1979-06-29,13.138749
1979-06-30,8.9747715
1979-07-01,8.381502
1979-07-02,8.131334
1979-07-03,11.513128
1979-07-04,12.771004
1979-07-05,22.864656
1979-07-06,36.036808
1979-07-07,19.330582
1979-07-08,23.001848
1979-07-09,15.968548
1979-07-10,16.53955
1979-07-11,16.002588
1979-07-12,13.719054
1979-07-13,11.958473
1979-07-14,9.099161
1979-07-15,9.198848
1979-07-16,13.045882
1979-07-17,8.945948
1979-07-18,10.737408
1979-07-19,9.334935
1979-07-20,9.686604
1979-07-21,11.4109335
1979-07-22,11.22211
1979-07-23,13.719432
1979-07-24,13.34199
1979-07-25,11.991883
1979-07-26,12.295127
1979-07-27,11.751745
1979-07-28,12.16245
1979-07-29,10.088909
1979-07-30,10.250159
1979-07-31,8.91935
1979-08-01,8.282617
1979-08-02,8.056754
1979-08-03,7.481119
1979-08-04,8.014236
1979-08-05,12.630027
1979-08-06,9.426064
1979-08-07,17.0317
1979-08-08,12.734637
1979-08-09,14.233407
1979-08-10,12.649318
1979-08-11,10.721754
1979-08-12,10.719438
1979-08-13,10.665725
1979-08-14,9.378059
1979-08-15,9.781024
1979-08-16,7.9812284
1979-08-17,9.067738
1979-08-18,11.128954
1979-08-19,7.799605
1979-08-20,6.786685
1979-08-21,13.488869
1979-08-22,9.399927
1979-08-23,5.8193746
1979-08-24,5.268416
1979-08-25,5.118014
1979-08-26,4.880619
1979-08-27,4.6407347
1979-08-28,4.9572096
1979-08-29,4.2873054
1979-08-30,3.9506876
1979-08-31,3.8893337
1979-09-01,3.9839075
1979-09-02,3.56997
1979-09-03,3.4527013
1979-09-04,3.5644753
1979-09-05,3.3523643
1979-09-06,4.702832
1979-09-07,6.004451
1979-09-08,3.8613708
1979-09-09,2.9573867
1979-09-10,2.8707292
1979-09-11,2.7787976
1979-09-12,2.9421134
1979-09-13,3.0012949
1979-09-14,3.1909328
1979-09-15,2.9067144
1979-09-16,2.5886757
1979-09-17,3.37451
1979-09-18,3.1547904
1979-09-19,10.047217
1979-09-20,6.398697
1979-09-21,4.271892
1979-09-22,3.5406854
1979-09-23,4.1450562
1979-09-24,3.633609
1979-09-25,3.7481713
1979-09-26,3.633498
1979-09-27,3.5020251
1979-09-28,3.526324
1979-09-29,6.0327983
1979-09-30,9.324808
1979-10-01,3.9908993
1979-10-02,3.3559153
1979-10-03,8.48544
1979-10-04,3.9585147
1979-10-05,8.242616
1979-10-06,5.2871523
1979-10-07,4.2902927
1979-10-08,5.125962
1979-10-09,5.986939
1979-10-10,5.3154397
1979-10-11,5.4749503
1979-10-12,7.929716
1979-10-13,9.018214
1979-10-14,5.3284225
1979-10-15,4.847825
1979-10-16,4.68647
1979-10-17,7.4141173
1979-10-18,10.46521
1979-10-19,5.1279354
1979-10-20,4.6049643
1979-10-21,5.365387
1979-10-22,8.150174
1979-10-23,12.389267
1979-10-24,9.327286
1979-10-25,10.6845255
1979-10-26,11.435875
1979-10-27,13.2047825
1979-10-28,11.375235
1979-10-29,13.593987
1979-10-30,15.219497
1979-10-31,10.248666
1979-11-01,9.20354
1979-11-02,8.448655
1979-11-03,7.7650175
1979-11-04,7.2870154
1979-11-05,7.2282176
1979-11-06,6.5618596
1979-11-07,5.8642793
1979-11-08,9.431887
1979-11-09,6.9633074
1979-11-10,6.2153373
1979-11-11,6.5465093
1979-11-12,4.902237
1979-11-13,4.540823
1979-11-14,4.300027
1979-11-15,4.958231
1979-11-16,5.760041
1979-11-17,5.41127
1979-11-18,4.008638
1979-11-19,3.802219
1979-11-20,3.6922033
1979-11-21,5.1251674
1979-11-22,3.561976
1979-11-23,3.326105
1979-11-24,3.2443192
1979-11-25,3.317484
1979-11-26,3.4494102
1979-11-27,3.581096
1979-11-28,3.4189827
1979-11-29,4.0928264
1979-11-30,3.2052064
1979-12-01,3.8697767
1979-12-02,3.2728367
1979-12-03,2.8173718
1979-12-04,2.8504848
1979-12-05,2.7146726
1979-12-06,2.7131004
1979-12-07,2.8694434
1979-12-08,2.735066
1979-12-09,3.1090424
1979-12-10,2.760008
1979-12-11,2.78826
1979-12-12,2.7766538
1979-12-13,2.736103
1979-12-14,2.6984615
1979-12-15,2.6395464
1979-12-16,2.574493
1979-12-17,2.5068054
1979-12-18,2.630099
1979-12-19,2.4744027
1979-12-20,2.4537733
1979-12-21,2.5312827
1979-12-22,2.2432456
1979-12-23,2.1578093
1979-12-24,2.0952609
1979-12-25,2.0284228
1979-12-26,1.9640247
1979-12-27,1.89985
1979-12-28,1.8445126
1979-12-29,1.867428
1979-12-30,1.8725591
1979-12-31,1.7751293
1980-01-01,1.6639318
1980-01-02,1.6039636
1980-01-03,1.545917
1980-01-04,1.4901996
1980-01-05,1.448154
1980-01-06,1.3949596
1980-01-07,1.3432086
1980-01-08,1.2896694
1980-01-09,1.238019
1980-01-10,1.1888622
1980-01-11,1.1404735
1980-01-12,1.0901437
1980-01-13,1.0439463
1980-01-14,0.9993089
1980-01-15,0.95889384
1980-01-16,0.9193988
1980-01-17,0.8792695
1980-01-18,0.8398297
1980-01-19,0.80264443
1980-01-20,0.7656386
1980-01-21,0.73290855
1980-01-22,0.70286906
1980-01-23,0.67584246
1980-01-24,0.6715078
1980-01-25,0.65766275
1980-01-26,0.6056702
1980-01-27,0.57869035
1980-01-28,0.55739546
1980-01-29,0.53569764
1980-01-30,0.5142551
1980-01-31,0.4900984
1980-02-01,0.46667483
1980-02-02,0.45120963
1980-02-03,0.43339974
1980-02-04,0.415205
1980-02-05,0.40350878
1980-02-06,0.38704264
1980-02-07,0.37311795
1980-02-08,0.35972497
1980-02-09,0.3460443
1980-02-10,0.33437365
1980-02-11,0.32460684
1980-02-12,0.31041166
1980-02-13,0.29998913
1980-02-14,0.28862697
1980-02-15,0.27767453
1980-02-16,0.26734835
1980-02-17,0.25661153
1980-02-18,0.24755937
1980-02-19,0.23662753
1980-02-20,0.22611694
1980-02-21,0.21996117
1980-02-22,0.20964304
1980-02-23,0.20241737
1980-02-24,0.19529948
1980-02-25,0.18813528
1980-02-26,0.18219827
1980-02-27,0.17274474
1980-02-28,0.16546951
1980-02-29,0.15974809
1980-03-01,0.15317164
1980-03-02,0.1493417
1980-03-03,0.14580336
1980-03-04,0.14132912
1980-03-05,0.13408665
1980-03-06,0.1287353
1980-03-07,0.12538788
1980-03-08,0.12010946
1980-03-09,0.11609241
1980-03-10,0.11172842
1980-03-11,0.10877051
1980-03-12,0.10650026
1980-03-13,0.10722701
1980-03-14,0.16654508
1980-03-15,0.10545681
1980-03-16,0.09407314
1980-03-17,0.09015774
1980-03-18,0.089970335
1980-03-19,0.08713501
1980-03-20,0.081372775
1980-03-21,0.07809758
1980-03-22,0.07659544
1980-03-23,0.074663155
1980-03-24,0.074388966
1980-03-25,0.3073778
1980-03-26,0.26967728
1980-03-27,0.40256718
1980-03-28,0.49637407
1980-03-29,0.17710751
1980-03-30,0.7746532
1980-03-31,0.731102
1980-04-01,0.13856772
1980-04-02,0.07191642
1980-04-03,0.061889775
1980-04-04,0.0610859
1980-04-05,0.0608206
1980-04-06,0.05935892
1980-04-07,0.055431355
1980-04-08,0.055082563
1980-04-09,0.056006543
1980-04-10,0.05173573
1980-04-11,0.05131312
1980-04-12,0.05123506
1980-04-13,0.05181318
1980-04-14,0.0525862
1980-04-15,0.092905864
1980-04-16,0.15381296
1980-04-17,0.17729339
1980-04-18,32.14061
1980-04-19,16.711498
1980-04-20,15.266264
1980-04-21,11.626931
1980-04-22,7.626547
1980-04-23,10.590893
1980-04-24,1.0584394
1980-04-25,3.7510204
1980-04-26,1.5120511
1980-04-27,3.0043218
1980-04-28,1.0015402
1980-04-29,0.62567055
1980-04-30,0.44735387
1980-05-01,1.4024125
1980-05-02,0.4043625
1980-05-03,3.1285453
1980-05-04,1.8969193
1980-05-05,3.25388
1980-05-06,0.9634695
1980-05-07,3.9966078
1980-05-08,6.6122055
1980-05-09,2.1232119
1980-05-10,6.333437
1980-05-11,3.120029
1980-05-12,1.0840174
1980-05-13,7.648227
1980-05-14,226.0148
1980-05-15,34.981224
1980-05-16,11.616282
1980-05-17,10.949613
1980-05-18,11.690898
1980-05-19,14.01179
1980-05-20,9.922
1980-05-21,8.259595
1980-05-22,10.978507
1980-05-23,9.326188
1980-05-24,11.420859
1980-05-25,12.020648
1980-05-26,16.570206
1980-05-27,15.677276
1980-05-28,11.317969
1980-05-29,11.202878
1980-05-30,10.014722
1980-05-31,9.977025
1980-06-01,9.304537
1980-06-02,9.881814
1980-06-03,10.810713
1980-06-04,8.744025
1980-06-05,10.611735
1980-06-06,10.868009
1980-06-07,20.879019
1980-06-08,19.509144
1980-06-09,18.276579
1980-06-10,15.736184
1980-06-11,14.913577
1980-06-12,18.650984
1980-06-13,13.645574
1980-06-14,15.232204
1980-06-15,14.191975
1980-06-16,10.994681
1980-06-17,10.460268
1980-06-18,16.950222
1980-06-19,19.211737
1980-06-20,16.573975
1980-06-21,16.501978
1980-06-22,47.490593
1980-06-23,20.962765
1980-06-24,15.352402
1980-06-25,12.923878
1980-06-26,11.369365
1980-06-27,14.394786
1980-06-28,9.979046
1980-06-29,11.867236
1980-06-30,10.87904
1980-07-01,13.979304
1980-07-02,8.336101
1980-07-03,8.93734
1980-07-04,7.8288727
1980-07-05,8.399267
1980-07-06,7.422018
1980-07-07,7.1936145
1980-07-08,6.941206
1980-07-09,6.6719723
1980-07-10,8.521625
1980-07-11,21.647787
1980-07-12,8.978199
1980-07-13,9.453133
1980-07-14,9.712767
1980-07-15,11.473024
1980-07-16,12.330325
1980-07-17,11.498831
1980-07-18,12.555038
1980-07-19,10.645282
1980-07-20,9.381857
1980-07-21,8.750689
1980-07-22,11.920754
1980-07-23,9.25352
1980-07-24,11.424207
1980-07-25,7.770875
1980-07-26,7.808708
1980-07-27,7.281581
1980-07-28,6.711634
1980-07-29,6.661234
1980-07-30,7.031029
1980-07-31,5.9772
1980-08-01,6.4663086
1980-08-02,7.896018
1980-08-03,5.520094
1980-08-04,5.237968
1980-08-05,4.9511027
1980-08-06,4.944707
1980-08-07,5.5066776
1980-08-08,6.0471063
1980-08-09,9.473139
1980-08-10,5.690992
1980-08-11,4.5090637
1980-08-12,4.8226433
1980-08-13,5.3020086
1980-08-14,4.7454085
1980-08-15,4.357215
1980-08-16,5.5249686
1980-08-17,4.776588
1980-08-18,6.711664
1980-08-19,5.546407
1980-08-20,5.9112196
1980-08-21,5.822456
1980-08-22,5.7422576
1980-08-23,6.0487137
1980-08-24,6.6452155
1980-08-25,5.4880404
1980-08-26,5.318204
1980-08-27,6.4694767
1980-08-28,5.5852833
1980-08-29,6.8464823
1980-08-30,8.909587
1980-08-31,5.323194
1980-09-01,4.65864
1980-09-02,5.4379263
1980-09-03,11.467174
1980-09-04,5.754733
1980-09-05,5.1018434
1980-09-06,6.3430257
1980-09-07,5.4763603
1980-09-08,5.3013725
1980-09-09,5.787305
1980-09-10,7.217891
1980-09-11,5.65329
1980-09-12,5.543828
1980-09-13,5.607419
1980-09-14,5.6101537
1980-09-15,5.3207726
1980-09-16,7.148272
1980-09-17,6.556629
1980-09-18,5.767086
1980-09-19,6.1537695
1980-09-20,5.482157
1980-09-21,5.459214
1980-09-22,6.4765096
1980-09-23,5.673817
1980-09-24,7.6253443
1980-09-25,5.270218
1980-09-26,5.447012
1980-09-27,4.967754
1980-09-28,4.6943626
1980-09-29,4.766564
1980-09-30,4.4016566
1980-10-01,4.1655955
1980-10-02,5.864867
1980-10-03,3.9511814
1980-10-04,4.591013
1980-10-05,4.955352
1980-10-06,4.4423814
1980-10-07,4.118854
1980-10-08,4.343689
1980-10-09,3.5151484
1980-10-10,3.133532
1980-10-11,5.6581845
1980-10-12,3.3039937
1980-10-13,3.1916118
1980-10-14,2.9970474
1980-10-15,3.1099453
1980-10-16,3.1892242
1980-10-17,4.080599
1980-10-18,3.3091443
1980-10-19,7.1564517
1980-10-20,5.0123115
1980-10-21,3.5329719
1980-10-22,12.099099
1980-10-23,5.2994
1980-10-24,5.2589717
1980-10-25,4.9374747
1980-10-26,7.847953
1980-10-27,6.1349335
1980-10-28,7.251222
1980-10-29,5.599803
1980-10-30,6.306316
1980-10-31,5.821382
1980-11-01,6.421462
1980-11-02,6.5283394
1980-11-03,10.691619
1980-11-04,13.266592
1980-11-05,8.609076
1980-11-06,7.843959
1980-11-07,7.627191
1980-11-08,7.3418097
1980-11-09,6.984477
1980-11-10,6.6196103
1980-11-11,6.3098664
1980-11-12,5.9135833
1980-11-13,5.7797766
1980-11-14,6.198495
1980-11-15,7.029605
1980-11-16,4.7922754
1980-11-17,4.402605
1980-11-18,4.155306
1980-11-19,3.9477081
1980-11-20,3.7865531
1980-11-21,3.7724538
1980-11-22,3.4445002
1980-11-23,3.2846186
1980-11-24,3.2696316
1980-11-25,3.0942824
1980-11-26,2.8483713
1980-11-27,2.7254646
1980-11-28,2.6071663
1980-11-29,2.49185
1980-11-30,2.4312787
1980-12-01,2.3401752
1980-12-02,2.1994832
1980-12-03,2.0920687
1980-12-04,1.9971819
1980-12-05,1.9045829
1980-12-06,1.8216695
1980-12-07,1.7359929
1980-12-08,1.718842
1980-12-09,2.3190134
1980-12-10,1.6247431
1980-12-11,1.5176088
1980-12-12,1.4393042
1980-12-13,1.3680028
1980-12-14,1.3106148
1980-12-15,1.2565012
1980-12-16,1.2015771
1980-12-17,1.1515837
1980-12-18,1.1013074
1980-12-19,1.0539638
1980-12-20,1.00404
1980-12-21,0.95652556
1980-12-22,0.9122579
1980-12-23,0.8686872
1980-12-24,0.8316628
1980-12-25,0.79597414
1980-12-26,0.76522535
1980-12-27,0.73396635
1980-12-28,0.70523125
1980-12-29,0.6753127
1980-12-30,0.64706206
1980-12-31,0.61976177
1981-01-01,0.59372854
1981-01-02,0.5687705
1981-01-03,0.54479843
1981-01-04,0.5212542
1981-01-05,0.50116074
1981-01-06,0.48282677
1981-01-07,0.46622014
1981-01-08,0.450551
1981-01-09,0.4337691
1981-01-10,0.41750076
1981-01-11,0.40609112
1981-01-12,0.38956907
1981-01-13,0.3753342
1981-01-14,0.30624226
1981-01-15,0.22242162
1981-01-16,0.17423734
1981-01-17,0.1606774
1981-01-18,0.15343021
1981-01-19,0.10289911
1981-01-20,0.022146458
1981-01-21,0.014507185
1981-01-22,0.007698532
1981-01-23,0.00060708995
1981-01-24,2.4978917e-09
1981-01-25,1.0277658e-14
1981-01-26,4.2287764e-20
1981-01-27,1.7399441999999998e-25
1981-01-28,7.1590578e-31
1981-01-29,2.945618e-36
1981-01-30,1.2119999999999998e-41
1981-01-31,0.0
1981-02-01,0.0
1981-02-02,0.0
1981-02-03,0.0
1981-02-04,0.0
1981-02-05,0.0
1981-02-06,0.0
1981-02-07,0.0
1981-02-08,0.0
1981-02-09,0.0
1981-02-10,0.0
1981-02-11,0.0
1981-02-12,0.0
1981-02-13,0.0
1981-02-14,0.0
1981-02-15,0.0
1981-02-16,0.0
1981-02-17,0.0
1981-02-18,0.02638743
1981-02-19,0.013674776
1981-02-20,0.050795313
1981-02-21,0.25443062
1981-02-22,0.1202088
1981-02-23,0.05491872
1981-02-24,0.087386064
1981-02-25,0.24132723
1981-02-26,0.24984516
1981-02-27,0.29898748
1981-02-28,0.24009919
1981-03-01,0.11918109
1981-03-02,0.14778812
1981-03-03,0.09148787
1981-03-04,0.78715694
1981-03-05,0.0830477
1981-03-06,2.0008345
1981-03-07,0.2697224
1981-03-08,0.0076788887
1981-03-09,3.098527
1981-03-10,0.5920824
1981-03-11,0.039955795
1981-03-12,0.0010982509
1981-03-13,4.51879e-09
1981-03-14,1.859271e-14
1981-03-15,7.6500326e-20
1981-03-16,3.1476311999999997e-25
1981-03-17,1.29510325e-30
1981-03-18,5.3287453e-36
1981-03-19,2.1925000000000003e-41
1981-03-20,0.0
1981-03-21,0.0
1981-03-22,0.0
1981-03-23,0.0
1981-03-24,0.0
1981-03-25,0.0
1981-03-26,0.0
1981-03-27,0.0
1981-03-28,0.0
1981-03-29,0.0
1981-03-30,0.0
1981-03-31,0.0
1981-04-01,0.0
1981-04-02,0.0
1981-04-03,0.0
1981-04-04,0.0
1981-04-05,0.0
1981-04-06,0.13073102
1981-04-07,0.0122942375
1981-04-08,5.0585047e-08
1981-04-09,0.15868689
1981-04-10,0.05436164
1981-04-11,0.0037089342
1981-04-12,0.21183418
1981-04-13,0.085540384
1981-04-14,2.2194698
1981-04-15,1.5936428
1981-04-16,1.5468675
1981-04-17,0.22184774
1981-04-18,4.7161746
1981-04-19,1.2011437
1981-04-20,0.41496095
1981-04-21,1.3189998
1981-04-22,1.797593
1981-04-23,4.1158547
1981-04-24,0.92000896
1981-04-25,0.118475586
1981-04-26,0.90873677
1981-04-27,3.9773548
1981-04-28,2.2166636
1981-04-29,0.47503185
1981-04-30,0.29748744
1981-05-01,1.3897527
1981-05-02,3.1915674
1981-05-03,3.4152873
1981-05-04,0.600437
1981-05-05,4.711149
1981-05-06,4.4460196
1981-05-07,1.6488491
1981-05-08,0.4134468
1981-05-09,1.4096177
1981-05-10,4.880928
1981-05-11,3.6671522
1981-05-12,6.4599013
1981-05-13,1.8997633
1981-05-14,5.1612725
1981-05-15,1.3594944
1981-05-16,4.947564
1981-05-17,3.93065
1981-05-18,3.0517504
1981-05-19,2.777887
1981-05-20,1.4243793
1981-05-21,1.385929
1981-05-22,1.6262696
1981-05-23,2.7328918
1981-05-24,2.4893875
1981-05-25,3.9878643
1981-05-26,6.386801
1981-05-27,8.508409
1981-05-28,4.8944793
1981-05-29,5.8045053
1981-05-30,6.9994183
1981-05-31,31.374403
1981-06-01,49.385487
1981-06-02,19.024702
1981-06-03,14.214877
1981-06-04,15.402208
1981-06-05,11.442448
1981-06-06,9.859212
1981-06-07,9.014683
1981-06-08,8.709208
1981-06-09,11.272342
1981-06-10,10.094209
1981-06-11,8.186715
1981-06-12,10.904595
1981-06-13,9.687246
1981-06-14,9.673052
1981-06-15,13.572833
1981-06-16,13.53874
1981-06-17,12.38186
1981-06-18,15.35811
1981-06-19,70.58178
1981-06-20,24.702824
1981-06-21,17.89863
1981-06-22,17.3086
1981-06-23,11.379027
1981-06-24,10.903902
1981-06-25,9.253323
1981-06-26,8.727565
1981-06-27,8.11586
1981-06-28,10.560377
1981-06-29,16.434881
1981-06-30,14.313224
1981-07-01,15.282009
1981-07-02,18.243437
1981-07-03,16.880514
1981-07-04,22.716898
1981-07-05,13.39881
1981-07-06,13.210753
1981-07-07,10.7186365
1981-07-08,19.11166
1981-07-09,11.557001
1981-07-10,12.208449
1981-07-11,13.526104
1981-07-12,13.085286
1981-07-13,11.132916
1981-07-14,13.851882
1981-07-15,11.535229
1981-07-16,12.963797
1981-07-17,10.15761
1981-07-18,17.200125
1981-07-19,10.936166
1981-07-20,10.73937
1981-07-21,9.949147
1981-07-22,9.158825
1981-07-23,8.557076
1981-07-24,7.9751472
1981-07-25,7.401199
1981-07-26,6.891079
1981-07-27,6.319351
1981-07-28,5.856153
1981-07-29,5.572393
1981-07-30,5.1849265
1981-07-31,4.798786
1981-08-01,7.4995637
1981-08-02,9.247504
1981-08-03,7.886379
1981-08-04,4.1607833
1981-08-05,4.135849
1981-08-06,4.405679
1981-08-07,3.564345
1981-08-08,3.3171117
1981-08-09,5.059523
1981-08-10,3.399718
1981-08-11,5.098449
1981-08-12,3.1933022
1981-08-13,3.7252693
1981-08-14,5.3349433
1981-08-15,3.7977998
1981-08-16,2.8601096
1981-08-17,2.7104533
1981-08-18,5.5512486
1981-08-19,6.2911253
1981-08-20,2.934603
1981-08-21,2.5735495
1981-08-22,3.447367
1981-08-23,2.8024328
1981-08-24,3.4244494
1981-08-25,2.6593368
1981-08-26,8.278349
1981-08-27,8.497589
1981-08-28,3.3856604
1981-08-29,3.1561165
1981-08-30,4.843188
1981-08-31,3.6749191
1981-09-01,4.6658344
1981-09-02,6.3596153
1981-09-03,4.3617425
1981-09-04,4.2434206
1981-09-05,5.0284505
1981-09-06,4.3424325
1981-09-07,4.357162
1981-09-08,8.074639
1981-09-09,7.6932883
1981-09-10,5.4963856
1981-09-11,4.818737
1981-09-12,7.1606064
1981-09-13,4.6386285
1981-09-14,4.538244
1981-09-15,6.545522
1981-09-16,9.525749
1981-09-17,6.2205873
1981-09-18,6.7612767
1981-09-19,7.765515
1981-09-20,15.434797
1981-09-21,9.657532
1981-09-22,7.7210407
1981-09-23,7.422377
1981-09-24,8.765509
1981-09-25,7.6472
1981-09-26,7.9020367
1981-09-27,6.7244663
1981-09-28,6.138927
1981-09-29,5.781883
1981-09-30,8.281637
1981-10-01,5.4989257
1981-10-02,9.506016
1981-10-03,5.245591
1981-10-04,5.931022
1981-10-05,5.6537004
1981-10-06,4.4611826
1981-10-07,4.1935678
1981-10-08,4.131427
1981-10-09,5.9074383
1981-10-10,9.396382
1981-10-11,6.5162077
1981-10-12,3.8150501
1981-10-13,4.964029
1981-10-14,3.538405
1981-10-15,3.4751544
1981-10-16,3.3112912
1981-10-17,3.8046129
1981-10-18,3.32034
1981-10-19,3.7751532
1981-10-20,3.0469732
1981-10-21,2.912854
1981-10-22,6.6832776
1981-10-23,6.2587523
1981-10-24,3.0918157
1981-10-25,4.266431
1981-10-26,4.7381907
1981-10-27,5.5494475
1981-10-28,3.5231469
1981-10-29,3.268461
1981-10-30,3.2843778
1981-10-31,3.2155337
1981-11-01,5.591697
1981-11-02,3.475591
1981-11-03,3.1381667
1981-11-04,3.9164836
1981-11-05,3.5842323
1981-11-06,4.0214496
1981-11-07,3.5029438
1981-11-08,3.5716817
1981-11-09,4.762689
1981-11-10,3.1949017
1981-11-11,3.0265262
1981-11-12,2.9990764
1981-11-13,3.0677173
1981-11-14,2.9217172
1981-11-15,3.324817
1981-11-16,3.0806007
1981-11-17,2.7382174
1981-11-18,2.6802194
1981-11-19,2.5263414
1981-11-20,2.4416065
1981-11-21,2.4386785
1981-11-22,2.4818928
1981-11-23,2.4156284
1981-11-24,2.6995378
1981-11-25,2.507144
1981-11-26,2.0837724
1981-11-27,2.1165445
1981-11-28,2.0174296
1981-11-29,2.0913773
1981-11-30,1.8694793
1981-12-01,1.974907
1981-12-02,1.9029737
1981-12-03,1.7373013
1981-12-04,1.6687614
1981-12-05,2.2704287
1981-12-06,1.7171826
1981-12-07,1.5448552
1981-12-08,1.6562637
1981-12-09,1.6803782
1981-12-10,2.2777884
1981-12-11,1.519448
1981-12-12,3.338877
1981-12-13,2.1706176
1981-12-14,1.5402025
1981-12-15,1.7489405
1981-12-16,1.3235008
1981-12-17,1.2593094
1981-12-18,1.2282045
1981-12-19,1.2022324
1981-12-20,1.1761174
1981-12-21,1.1487969
1981-12-22,1.1248837
1981-12-23,1.101513
1981-12-24,1.0719724
1981-12-25,1.0474949
1981-12-26,1.019831
1981-12-27,1.0870957
1981-12-28,1.0080663
1981-12-29,0.97595555
1981-12-30,0.9974879
1981-12-31,1.0001854
1982-01-01,0.9248664
1982-01-02,0.8934872
1982-01-03,0.984336
1982-01-04,0.93809843
1982-01-05,0.8440738
1982-01-06,0.85570073
1982-01-07,0.79955643
1982-01-08,0.7767646
1982-01-09,0.7547642
1982-01-10,0.7341217
1982-01-11,0.7133251
1982-01-12,0.69491696
1982-01-13,0.7354896
1982-01-14,0.67678463
1982-01-15,0.6374095
1982-01-16,0.6189881
1982-01-17,0.5979581
1982-01-18,0.578568
1982-01-19,0.5587976
1982-01-20,0.53780764
1982-01-21,0.5200317
1982-01-22,0.50200945
1982-01-23,0.48404878
1982-01-24,0.4680157
1982-01-25,0.449396
1982-01-26,0.43303442
1982-01-27,0.41687918
1982-01-28,0.39936596
1982-01-29,0.38502356
1982-01-30,0.37114885
1982-01-31,0.35453972
1982-02-01,0.33567816
1982-02-02,0.23907474
1982-02-03,0.10783412
1982-02-04,0.04788859
1982-02-05,0.22831792
1982-02-06,0.24655306
1982-02-07,0.15081616
1982-02-08,0.02663153
1982-02-09,0.015127276
1982-02-10,0.014705304
1982-02-11,0.06294514
1982-02-12,0.104388826
1982-02-13,0.009924683
1982-02-14,6.1469356e-05
1982-02-15,2.529177e-10
1982-02-16,1.0406382e-15
1982-02-17,4.2817405e-21
1982-02-18,1.7617364e-26
1982-02-19,7.248722400000001e-32
1982-02-20,2.9825108999999997e-37
1982-02-21,1.2280000000000002e-42
1982-02-22,0.0
1982-02-23,0.0
1982-02-24,0.0
1982-02-25,0.02603932
1982-02-26,0.007464036
1982-02-27,0.00047165446
1982-02-28,1.9406379e-09
1982-03-01,7.9848195e-15
1982-03-02,3.2853803999999997e-20
1982-03-03,1.3517806e-25
1982-03-04,5.561946e-31
1982-03-05,2.2884811999999998e-36
1982-03-06,9.417e-42
1982-03-07,0.0
1982-03-08,0.0
1982-03-09,0.0
1982-03-10,0.0
1982-03-11,0.0
1982-03-12,0.0
1982-03-13,0.0
1982-03-14,0.0
1982-03-15,0.005612292
1982-03-16,0.0005277925
1982-03-17,2.1716198e-09
1982-03-18,8.9352015e-15
1982-03-19,3.6764184e-20
1982-03-20,1.5126746e-25
1982-03-21,6.2239497e-31
1982-03-22,2.5608646e-36
1982-03-23,0.15262471
1982-03-24,0.09212157
1982-03-25,0.08826318
1982-03-26,0.06321188
1982-03-27,0.0057794643
1982-03-28,5.1816452e-05
1982-03-29,2.1320051e-10
1982-03-30,0.0016108918
1982-03-31,0.00091999763
1982-04-01,0.15541448
1982-04-02,0.3519875
1982-04-03,0.5442699
1982-04-04,3.6634731
1982-04-05,0.366825
1982-04-06,0.34611043
1982-04-07,7.7872353
1982-04-08,0.9038198
1982-04-09,2.4354756
1982-04-10,0.82726675
1982-04-11,0.16066213
1982-04-12,0.009804813
1982-04-13,4.034223e-08
1982-04-14,1.6598944e-13
1982-04-15,6.829690699999999e-19
1982-04-16,2.8100987000000002e-24
1982-04-17,1.15622444e-29
1982-04-18,0.14910768
1982-04-19,0.22824503
1982-04-20,2.2225842
1982-04-21,1.0428907
1982-04-22,2.3096232
1982-04-23,1.1606863
1982-04-24,3.888434
1982-04-25,6.316004
1982-04-26,3.986814
1982-04-27,0.74328506
1982-04-28,6.404951
1982-04-29,12.733733
1982-04-30,1.4996552
1982-05-01,4.8095846
1982-05-02,0.9117802
1982-05-03,5.8135605
1982-05-04,2.6103399
1982-05-05,0.73918533
1982-05-06,4.7712216
1982-05-07,5.6382895
1982-05-08,3.2164228
1982-05-09,3.4674902
1982-05-10,5.2876205
1982-05-11,2.5315468
1982-05-12,2.3882947
1982-05-13,2.711618
1982-05-14,3.4691622
1982-05-15,7.9295416
1982-05-16,9.8202715
1982-05-17,5.7552533
1982-05-18,4.863636
1982-05-19,7.2452517
1982-05-20,5.6314473
1982-05-21,7.902446
1982-05-22,7.323768
1982-05-23,9.890081
1982-05-24,12.375922
1982-05-25,10.866814
1982-05-26,12.100913
1982-05-27,13.348535
1982-05-28,10.90646
1982-05-29,39.563286
1982-05-30,23.73938
1982-05-31,17.93067
1982-06-01,13.044054
1982-06-02,17.51654
1982-06-03,14.067327
1982-06-04,11.063511
1982-06-05,11.49437
1982-06-06,14.697538
1982-06-07,11.1581135
1982-06-08,10.354936
1982-06-09,11.011727
1982-06-10,9.5634575
1982-06-11,11.804459
1982-06-12,9.372174
1982-06-13,9.436489
1982-06-14,9.273475
1982-06-15,10.584638
1982-06-16,8.66845
1982-06-17,26.025515
1982-06-18,24.43111
1982-06-19,13.014309
1982-06-20,9.89389
1982-06-21,10.072992
1982-06-22,13.592147
1982-06-23,14.307662
1982-06-24,9.871651
1982-06-25,9.24311
1982-06-26,11.389535
1982-06-27,7.8616877
1982-06-28,12.530117
1982-06-29,10.731797
1982-06-30,11.2253895
1982-07-01,13.576664
1982-07-02,12.93916
1982-07-03,38.52957
1982-07-04,24.998842
1982-07-05,64.14604
1982-07-06,21.748014
1982-07-07,12.975405
1982-07-08,10.706364
1982-07-09,9.55203
1982-07-10,8.287784
1982-07-11,7.6741295
1982-07-12,9.021466
1982-07-13,9.548803
1982-07-14,7.890178
1982-07-15,6.9995923
1982-07-16,6.035942
1982-07-17,5.4879737
1982-07-18,5.3693724
1982-07-19,9.369265
1982-07-20,34.95007
1982-07-21,15.13157
1982-07-22,13.667975
1982-07-23,16.175821
1982-07-24,13.387756
1982-07-25,11.631239
1982-07-26,11.482299
1982-07-27,11.233231
1982-07-28,11.511432
1982-07-29,16.376877
1982-07-30,18.55977
1982-07-31,21.240604
1982-08-01,16.891556
1982-08-02,14.096827
1982-08-03,16.333656
1982-08-04,13.509729
1982-08-05,9.877451
1982-08-06,9.398741
1982-08-07,17.087603
1982-08-08,11.107614
1982-08-09,7.9518824
1982-08-10,7.244405
1982-08-11,6.847608
1982-08-12,8.183847
1982-08-13,8.710775
1982-08-14,7.117815
1982-08-15,8.855632
1982-08-16,9.811701
1982-08-17,9.665312
1982-08-18,9.520321
1982-08-19,8.070744
1982-08-20,8.360731
1982-08-21,9.180449
1982-08-22,9.01637
1982-08-23,9.396976
1982-08-24,7.3320827
1982-08-25,9.679536
1982-08-26,9.683897
1982-08-27,10.7057905
1982-08-28,22.127102
1982-08-29,16.690292
1982-08-30,12.661827
1982-08-31,13.010242
1982-09-01,15.153097
1982-09-02,14.918835
1982-09-03,11.388783
1982-09-04,13.292334
1982-09-05,16.406153
1982-09-06,11.826535
1982-09-07,9.185059
1982-09-08,8.610408
1982-09-09,8.105771
1982-09-10,8.225637
1982-09-11,8.325085
1982-09-12,8.249094
1982-09-13,6.805962
1982-09-14,6.1266966
1982-09-15,5.8050895
1982-09-16,9.263144
1982-09-17,5.9697704
1982-09-18,5.639135
1982-09-19,5.6457825
1982-09-20,4.898669
1982-09-21,7.9155645
1982-09-22,4.563557
1982-09-23,4.073433
1982-09-24,4.182331
1982-09-25,5.4733825
1982-09-26,4.2239165
1982-09-27,7.8517056
1982-09-28,4.1867595
1982-09-29,3.7943547
1982-09-30,5.542446
1982-10-01,4.8147993
1982-10-02,4.179806
1982-10-03,3.7519982
1982-10-04,3.3795516
1982-10-05,5.1019683
1982-10-06,4.875562
1982-10-07,4.717017
1982-10-08,7.2530713
1982-10-09,4.0808916
1982-10-10,3.4710855
1982-10-11,3.7147303
1982-10-12,4.678552
1982-10-13,3.6843677
1982-10-14,3.4490678
1982-10-15,3.3804681
1982-10-16,3.8296187
1982-10-17,8.974671
1982-10-18,4.1581674
1982-10-19,3.707301
1982-10-20,7.1930323
1982-10-21,4.485096
1982-10-22,4.738225
1982-10-23,4.811372
1982-10-24,6.99524
1982-10-25,4.191595
1982-10-26,4.5080147
1982-10-27,4.0520973
1982-10-28,4.5297275
1982-10-29,4.687147
1982-10-30,4.249591
1982-10-31,3.9667926
1982-11-01,3.9596741
1982-11-02,5.2385707
1982-11-03,4.500386
1982-11-04,4.2000318
1982-11-05,4.0448294
1982-11-06,4.010248
1982-11-07,3.9675465
1982-11-08,3.7948678
1982-11-09,3.715338
1982-11-10,3.64092
1982-11-11,3.5680072
1982-11-12,3.5978174
1982-11-13,4.0851135
1982-11-14,3.467357
1982-11-15,3.9083033
1982-11-16,5.36843
1982-11-17,3.1122723
1982-11-18,2.9613621
1982-11-19,7.6861777
1982-11-20,3.1668208
1982-11-21,2.666807
1982-11-22,3.0371714
1982-11-23,4.773979
1982-11-24,2.9217298
1982-11-25,2.8951886
1982-11-26,3.2824278
1982-11-27,3.9017766
1982-11-28,2.4755988
1982-11-29,2.3062842
1982-11-30,3.2574577
1982-12-01,3.2387633
1982-12-02,2.7294607
1982-12-03,2.5637774
1982-12-04,2.2153642
1982-12-05,2.1541238
1982-12-06,2.0876853
1982-12-07,2.0397553
1982-12-08,2.0396264
1982-12-09,2.0646303
1982-12-10,2.1632946
1982-12-11,2.0400195
1982-12-12,1.9058614
1982-12-13,1.8787718
1982-12-14,1.880675
1982-12-15,1.897761
1982-12-16,1.8072002
1982-12-17,1.7360955
1982-12-18,1.6914682
1982-12-19,1.6526409
1982-12-20,1.6175123
1982-12-21,1.5819176
1982-12-22,1.7124035
1982-12-23,1.5345601
1982-12-24,1.4616759
1982-12-25,1.4179862
1982-12-26,1.378811
1982-12-27,1.3494786
1982-12-28,1.3129195
1982-12-29,1.2706082
1982-12-30,1.2552559
1982-12-31,1.219113
1983-01-01,1.1843983
1983-01-02,1.160633
1983-01-03,1.1709727
1983-01-04,1.1209377
1983-01-05,1.1253247
1983-01-06,1.0559002
1983-01-07,1.1395252
1983-01-08,1.0826094
1983-01-09,0.9664636
1983-01-10,0.9928754
1983-01-11,0.9293663
1983-01-12,0.8848738
1983-01-13,0.8561586
1983-01-14,0.82819927
1983-01-15,0.80004025
1983-01-16,0.7697837
1983-01-17,0.74701947
1983-01-18,0.72506046
1983-01-19,0.6992099
1983-01-20,0.6788876
1983-01-21,0.6520667
1983-01-22,0.6264391
1983-01-23,0.60093075
1983-01-24,0.5770604
1983-01-25,0.55384725
1983-01-26,0.5307946
1983-01-27,0.5129332
1983-01-28,0.48577338
1983-01-29,0.46731514
1983-01-30,0.444085
1983-01-31,0.4243617
1983-02-01,0.40897894
1983-02-02,0.39231002
1983-02-03,0.3782573
1983-02-04,0.36114597
1983-02-05,0.34929368
1983-02-06,0.28521013
1983-02-07,0.1699071
1983-02-08,0.12958084
1983-02-09,0.030543912
1983-02-10,0.02067619
1983-02-11,0.020061107
1983-02-12,0.019203587
1983-02-13,0.018512897
1983-02-14,0.017724998
1983-02-15,0.017105578
1983-02-16,0.016451785
1983-02-17,0.015793176
1983-02-18,0.015211417
1983-02-19,0.014893054
1983-02-20,0.043343935
1983-02-21,0.009514837
1983-02-22,0.020174053
1983-02-23,0.003915401
1983-02-24,0.06686914
1983-02-25,0.2534835
1983-02-26,0.14288497
1983-02-27,0.015158385
1983-02-28,0.33303875
1983-03-01,0.31072906
1983-03-02,0.026881658
1983-03-03,0.0007739932
1983-03-04,6.74541e-05
1983-03-05,2.7754213e-10
1983-03-06,1.1419563e-15
1983-03-07,4.6986173e-21
1983-03-08,1.9332616000000002e-26
1983-03-09,7.954468600000001e-32
1983-03-10,3.2728925999999995e-37
1983-03-11,1.3470000000000002e-42
1983-03-12,0.0
1983-03-13,0.0038052315
1983-03-14,0.038450804
1983-03-15,0.34342846
1983-03-16,0.031959906
1983-03-17,0.0023568824
1983-03-18,0.010463555
1983-03-19,0.082001165
1983-03-20,0.0076209987
1983-03-21,3.135685e-08
1983-03-22,0.016511599
1983-03-23,0.103284724
1983-03-24,0.009567106
1983-03-25,3.9364174e-08
1983-03-26,1.6196521e-13
1983-03-27,0.00053795404
1983-03-28,5.0590406e-05
1983-03-29,2.081559e-10
1983-03-30,8.5646434e-16
1983-03-31,3.523951e-21
1983-04-01,1.4499413e-26
1983-04-02,5.965831300000001e-32
1983-04-03,2.454661e-37
1983-04-04,1.2940243
1983-04-05,2.5989835
1983-04-06,0.78170955
1983-04-07,0.12655666
1983-04-08,0.0076635815
1983-04-09,0.12354826
1983-04-10,6.9133487
1983-04-11,1.8941705
1983-04-12,0.41536132
1983-04-13,0.035229772
1983-04-14,0.5766588
1983-04-15,0.42517966
1983-04-16,2.517626
1983-04-17,1.5386292
1983-04-18,0.14479154
1983-04-19,1.494184
1983-04-20,0.2465061
1983-04-21,0.33918285
1983-04-22,2.5852284
1983-04-23,0.31680304
1983-04-24,0.016696056
1983-04-25,0.35579938
1983-04-26,0.093803674
1983-04-27,1.2291106
1983-04-28,2.2758193
1983-04-29,19.427315
1983-04-30,3.169844
1983-05-01,5.416391
1983-05-02,0.93366504
1983-05-03,0.08210092
1983-05-04,0.74153954
1983-05-05,0.2705543
1983-05-06,0.40771928
1983-05-07,5.640719
1983-05-08,3.3808506
1983-05-09,3.762215
1983-05-10,7.129655
1983-05-11,1.0240756
1983-05-12,1.34008
1983-05-13,0.57262415
1983-05-14,0.11724887
1983-05-15,1.363461
1983-05-16,2.4625478
1983-05-17,1.8308593
1983-05-18,0.85497767
1983-05-19,3.2114353
1983-05-20,2.223162
1983-05-21,1.5767784
1983-05-22,1.0351008
1983-05-23,3.3562717
1983-05-24,0.93153274
1983-05-25,0.8215905
1983-05-26,1.6528474
1983-05-27,1.4164155
1983-05-28,4.3682957
1983-05-29,9.574977
1983-05-30,4.735377
1983-05-31,1.9839883
1983-06-01,2.005697
1983-06-02,7.7072935
1983-06-03,12.986927
1983-06-04,10.904946
1983-06-05,5.7598114
1983-06-06,5.293919
1983-06-07,5.6718483
1983-06-08,6.1571193
1983-06-09,5.677322
1983-06-10,5.317602
1983-06-11,7.6993337
1983-06-12,7.7091584
1983-06-13,5.626853
1983-06-14,5.8612947
1983-06-15,19.257303
1983-06-16,12.233808
1983-06-17,9.489853
1983-06-18,9.067357
1983-06-19,8.589234
1983-06-20,8.130664
1983-06-21,10.614997
1983-06-22,7.939031
1983-06-23,7.637888
1983-06-24,6.2493424
1983-06-25,6.0132475
1983-06-26,5.788134
1983-06-27,8.584128
1983-06-28,7.14362
1983-06-29,6.6980343
1983-06-30,7.6408796
1983-07-01,5.20796
1983-07-02,6.066851
1983-07-03,6.341286
1983-07-04,5.333405
1983-07-05,9.456439
1983-07-06,4.9625072
1983-07-07,5.7253013
1983-07-08,5.1963515
1983-07-09,7.412215
1983-07-10,8.284155
1983-07-11,6.3974657
1983-07-12,6.452239
1983-07-13,7.5997458
1983-07-14,6.3581467
1983-07-15,8.411019
1983-07-16,7.2910633
1983-07-17,9.087923
1983-07-18,11.769675
1983-07-19,7.5519347
1983-07-20,7.742519
1983-07-21,17.137287
1983-07-22,16.92256
1983-07-23,18.050137
1983-07-24,17.496428
1983-07-25,13.605387
1983-07-26,11.816004
1983-07-27,12.183261
1983-07-28,11.498388
1983-07-29,11.417274
1983-07-30,8.450754
1983-07-31,8.306312
1983-08-01,17.997444
1983-08-02,17.938143
1983-08-03,15.864719
1983-08-04,17.4582
1983-08-05,11.451036
1983-08-06,12.594189
1983-08-07,11.462574
1983-08-08,10.426527
1983-08-09,8.649342
1983-08-10,16.31124
1983-08-11,8.65242
1983-08-12,7.5532737
1983-08-13,6.818356
1983-08-14,7.1349025
1983-08-15,6.2831926
1983-08-16,6.0332017
1983-08-17,8.804903
1983-08-18,6.5084925
1983-08-19,9.629535
1983-08-20,8.112208
1983-08-21,6.449488
1983-08-22,6.563363
1983-08-23,6.634242
1983-08-24,7.359357
1983-08-25,8.672025
1983-08-26,9.799941
1983-08-27,10.48339
1983-08-28,8.034207
1983-08-29,13.015888
1983-08-30,8.744374
1983-08-31,8.319378
1983-09-01,7.5404687
1983-09-02,7.704554
1983-09-03,8.6900015
1983-09-04,6.7751894
1983-09-05,10.018601
1983-09-06,7.7228327
1983-09-07,9.080223
1983-09-08,6.482937
1983-09-09,7.8347244
1983-09-10,7.0475492
1983-09-11,7.75416
1983-09-12,6.5074883
1983-09-13,6.3347926
1983-09-14,6.1205826
1983-09-15,6.402481
1983-09-16,5.510279
1983-09-17,7.890104
1983-09-18,8.796703
1983-09-19,6.792078
1983-09-20,5.321919
1983-09-21,5.11834
1983-09-22,4.936127
1983-09-23,5.956677
1983-09-24,7.6343126
1983-09-25,4.8878307
1983-09-26,4.405742
1983-09-27,4.418016
1983-09-28,4.23379
1983-09-29,6.3186164
1983-09-30,5.295719
1983-10-01,4.481826
1983-10-02,5.1995325
1983-10-03,8.178961
1983-10-04,6.3950377
1983-10-05,9.822675
1983-10-06,6.661913
1983-10-07,6.619662
1983-10-08,9.026142
1983-10-09,7.0919013
1983-10-10,6.4213495
1983-10-11,13.018098
1983-10-12,6.845673
1983-10-13,6.0564785
1983-10-14,8.093469
1983-10-15,6.828459
1983-10-16,5.7217493
1983-10-17,6.057238
1983-10-18,6.219952
1983-10-19,5.2820153
1983-10-20,5.4367275
1983-10-21,10.216107
1983-10-22,5.3171735
1983-10-23,4.689824
1983-10-24,4.640774
1983-10-25,7.179998
1983-10-26,6.431489
1983-10-27,4.6072726
1983-10-28,6.482706
1983-10-29,5.34248
1983-10-30,5.38646
1983-10-31,4.8605933
1983-11-01,3.959662
1983-11-02,3.9931312
1983-11-03,4.5546417
1983-11-04,4.666666
1983-11-05,3.6740074
1983-11-06,3.6156108
1983-11-07,3.5410757
1983-11-08,4.2007384
1983-11-09,3.4036393
1983-11-10,3.2348673
1983-11-11,3.2061207
1983-11-12,3.1332214
1983-11-13,2.9708586
1983-11-14,2.839148
1983-11-15,2.7249186
1983-11-16,2.6334317
1983-11-17,3.967171
1983-11-18,2.9529996
1983-11-19,5.268912
1983-11-20,4.093381
1983-11-21,3.7103086
1983-11-22,2.4318252
1983-11-23,2.1948202
1983-11-24,2.1390924
1983-11-25,2.0838537
1983-11-26,2.0653508
1983-11-27,2.9817486
1983-11-28,4.9823565
1983-11-29,2.843902
1983-11-30,2.961639
1983-12-01,1.9164946
1983-12-02,1.8006139
1983-12-03,1.7355216
1983-12-04,2.5637138
1983-12-05,1.9445605
1983-12-06,1.7003425
1983-12-07,1.5730246
1983-12-08,1.6173651
1983-12-09,1.549345
1983-12-10,1.5477095
1983-12-11,2.9891934
1983-12-12,4.154541
1983-12-13,2.1880727
1983-12-14,1.5111916
1983-12-15,2.791628
1983-12-16,1.7076555
1983-12-17,1.4103177
1983-12-18,1.3312012
1983-12-19,1.2981308
1983-12-20,1.4886366
1983-12-21,1.2575202
1983-12-22,1.3058976
1983-12-23,1.1967776
1983-12-24,1.1559448
1983-12-25,1.1576824
1983-12-26,1.1334422
1983-12-27,1.3135247
1983-12-28,1.2865824
1983-12-29,1.1180699
1983-12-30,1.0368651
1983-12-31,1.0145749
1984-01-01,1.0013335
1984-01-02,0.9816278
1984-01-03,0.9627459
1984-01-04,0.9449235
1984-01-05,0.9259439
1984-01-06,0.9087549
1984-01-07,0.88837564
1984-01-08,0.9500657
1984-01-09,0.8560954
1984-01-10,0.82411116
1984-01-11,0.80288583
1984-01-12,0.7836303
1984-01-13,0.7608131
1984-01-14,0.73556006
1984-01-15,0.7157124
1984-01-16,0.76863915
1984-01-17,0.92143166
1984-01-18,2.7046177
1984-01-19,1.1394769
1984-01-20,0.98515326
1984-01-21,0.8857459
1984-01-22,0.6544353
1984-01-23,0.6320868
1984-01-24,0.61084247
1984-01-25,0.60688764
1984-01-26,0.58766335
1984-01-27,0.57669324
1984-01-28,0.56745344
1984-01-29,0.5504764
1984-01-30,0.5364832
1984-01-31,0.52449024
1984-02-01,0.5137345
1984-02-02,0.8828102
1984-02-03,1.0949366
1984-02-04,0.5999268
1984-02-05,0.48776972
1984-02-06,0.47240424
1984-02-07,0.4600025
1984-02-08,0.4511045
1984-02-09,0.4653702
1984-02-10,0.43899626
1984-02-11,0.38431662
1984-02-12,0.29182327
1984-02-13,0.27655968
1984-02-14,0.27340093
1984-02-15,0.25954607
1984-02-16,0.249259
1984-02-17,0.37023565
1984-02-18,0.36962113
1984-02-19,0.47083157
1984-02-20,0.3074992
1984-02-21,0.41716054
1984-02-22,0.2815791
1984-02-23,2.1471167
1984-02-24,0.8209703
1984-02-25,0.2481858
1984-02-26,0.19869934
1984-02-27,0.18667114
1984-02-28,0.159379
1984-02-29,0.17027453
1984-03-01,0.113480054
1984-03-02,0.041752562
1984-03-03,0.029309614
1984-03-04,0.019426487
1984-03-05,0.005526898
1984-03-06,0.14378339
1984-03-07,0.035678703
1984-03-08,0.002087019
1984-03-09,8.587108e-09
1984-03-10,3.5331943e-14
1984-03-11,1.4537445e-19
1984-03-12,5.9814796e-25
1984-03-13,2.4610996e-30
1984-03-14,1.0126275999999999e-35
1984-03-15,4.1665000000000004e-41
1984-03-16,0.0
1984-03-17,0.0
1984-03-18,0.0
1984-03-19,0.0
1984-03-20,0.0
1984-03-21,0.0
1984-03-22,0.0
1984-03-23,0.0
1984-03-24,0.051954053
1984-03-25,0.0048858756
1984-03-26,2.0103098e-08
1984-03-27,8.271486e-14
1984-03-28,3.4033304999999997e-19
1984-03-29,0.12310082
1984-03-30,0.23631008
1984-03-31,0.102415614
1984-04-01,0.025618507
1984-04-02,0.17387527
1984-04-03,0.016192658
1984-04-04,6.6625226e-08
1984-04-05,2.741317e-13
1984-04-06,1.127924e-18
1984-04-07,0.016052943
1984-04-08,0.0019026179
1984-04-09,0.05357322
1984-04-10,0.017296575
1984-04-11,0.04504997
1984-04-12,0.025962826
1984-04-13,0.09824523
1984-04-14,0.17289597
1984-04-15,0.25359544
1984-04-16,0.11208408
1984-04-17,0.02967436
1984-04-18,0.004046854
1984-04-19,0.00019273357
1984-04-20,7.9300866e-10
1984-04-21,3.2628605e-15
1984-04-22,1.3425148e-20
1984-04-23,5.5238216e-26
1984-04-24,0.028078007
1984-04-25,0.042647008
1984-04-26,4.4195824
1984-04-27,0.66937876
1984-04-28,0.024487514
1984-04-29,0.70397604
1984-04-30,4.9836984
1984-05-01,0.8987042
1984-05-02,0.047255836
1984-05-03,0.16510513
1984-05-04,0.02072322
1984-05-05,0.0004939223
1984-05-06,2.03226e-09
1984-05-07,8.361801e-15
1984-05-08,3.4404907e-20
1984-05-09,1.4156012999999998e-25
1984-05-10,0.033027522
1984-05-11,0.27263573
1984-05-12,0.7725436
1984-05-13,0.20878547
1984-05-14,0.078522794
1984-05-15,0.0072466447
1984-05-16,0.00010226787
1984-05-17,0.28597248
1984-05-18,0.11597164
1984-05-19,0.15687026
1984-05-20,0.10857715
1984-05-21,1.1827364
1984-05-22,0.11563953
1984-05-23,0.0004940882
1984-05-24,2.428778
1984-05-25,0.229125
1984-05-26,0.8137495
1984-05-27,2.3360412
1984-05-28,0.27801558
1984-05-29,1.7403929
1984-05-30,1.0393829
1984-05-31,1.0315034
1984-06-01,4.4296436
1984-06-02,2.728745
1984-06-03,0.7045037
1984-06-04,0.3388983
1984-06-05,2.2660992
1984-06-06,3.6527612
1984-06-07,4.5597816
1984-06-08,2.5254989
1984-06-09,4.6998973
1984-06-10,0.54231125
1984-06-11,2.4487245
1984-06-12,3.5520475
1984-06-13,1.2257918
1984-06-14,3.1300008
1984-06-15,7.291953
1984-06-16,1.8200197
1984-06-17,1.513354
1984-06-18,2.563872
1984-06-19,3.5820856
1984-06-20,3.7216828
1984-06-21,1.4668361
1984-06-22,6.069647
1984-06-23,3.8576758
1984-06-24,2.7254272
1984-06-25,2.4884243
1984-06-26,2.703215
1984-06-27,2.118316
1984-06-28,2.3486483
1984-06-29,7.638511
1984-06-30,9.750336
1984-07-01,4.335601
1984-07-02,10.709913
1984-07-03,4.6148615
1984-07-04,4.308038
1984-07-05,5.325489
1984-07-06,5.2250385
1984-07-07,6.792663
1984-07-08,7.0456824
1984-07-09,5.671205
1984-07-10,7.5118814
1984-07-11,6.251553
1984-07-12,6.019428
1984-07-13,5.8815994
1984-07-14,5.744353
1984-07-15,5.970314
1984-07-16,6.904991
1984-07-17,5.4298863
1984-07-18,5.1269755
1984-07-19,7.6432614
1984-07-20,5.8900976
1984-07-21,4.978703
1984-07-22,4.7422996
1984-07-23,9.126578
1984-07-24,5.4208455
1984-07-25,9.150536
1984-07-26,7.8278127
1984-07-27,7.539388
1984-07-28,7.177245
1984-07-29,7.8901186
1984-07-30,8.638253
1984-07-31,6.9886413
1984-08-01,6.41874
1984-08-02,7.8806086
1984-08-03,6.960072
1984-08-04,6.214561
1984-08-05,7.3460116
1984-08-06,6.202608
1984-08-07,7.8361244
1984-08-08,8.397774
1984-08-09,7.2359056
1984-08-10,8.167747
1984-08-11,9.604881
1984-08-12,12.795547
1984-08-13,11.958991
1984-08-14,10.886415
1984-08-15,10.095469
1984-08-16,9.854989
1984-08-17,9.125466
1984-08-18,13.196587
1984-08-19,10.160601
1984-08-20,9.912086
1984-08-21,10.324815
1984-08-22,7.8407116
1984-08-23,7.4922895
1984-08-24,7.363133
1984-08-25,7.0858727
1984-08-26,8.041944
1984-08-27,8.534882
1984-08-28,6.503527
1984-08-29,6.250048
1984-08-30,6.033232
1984-08-31,5.7672873
1984-09-01,5.612878
1984-09-02,10.381685
1984-09-03,9.831148
1984-09-04,8.910872
1984-09-05,8.202112
1984-09-06,5.3418827
1984-09-07,6.6774898
1984-09-08,5.327168
1984-09-09,5.260352
1984-09-10,5.8013577
1984-09-11,5.157794
1984-09-12,5.3538656
1984-09-13,11.055344
1984-09-14,5.375859
1984-09-15,5.236675
1984-09-16,4.748598
1984-09-17,4.6715946
1984-09-18,4.706192
1984-09-19,6.00967
1984-09-20,4.4376535
1984-09-21,5.328227
1984-09-22,5.51942
1984-09-23,4.985011
1984-09-24,4.7016916
1984-09-25,3.8647318
1984-09-26,3.6719737
1984-09-27,3.6474273
1984-09-28,3.628287
1984-09-29,3.4728487
1984-09-30,3.8008924
1984-10-01,4.506129
1984-10-02,3.7931664
1984-10-03,3.717518
1984-10-04,10.580428
1984-10-05,3.9892628
1984-10-06,3.1282165
1984-10-07,3.3741593
1984-10-08,4.7069817
1984-10-09,5.338444
1984-10-10,3.2016277
1984-10-11,2.9276996
1984-10-12,3.4464383
1984-10-13,6.2929654
1984-10-14,3.441365
1984-10-15,4.630299
1984-10-16,4.307882
1984-10-17,3.1238286
1984-10-18,4.8330693
1984-10-19,6.043826
1984-10-20,4.114076
1984-10-21,5.014136
1984-10-22,5.1244135
1984-10-23,3.7734706
1984-10-24,3.7218232
1984-10-25,3.6352763
1984-10-26,4.630156
1984-10-27,3.48828
1984-10-28,3.9743116
1984-10-29,3.6112118
1984-10-30,3.375919
1984-10-31,3.2742674
1984-11-01,3.5659328
1984-11-02,3.2732344
1984-11-03,4.477294
1984-11-04,3.5845861
1984-11-05,3.7965229
1984-11-06,3.9945254
1984-11-07,3.3264995
1984-11-08,4.858953
1984-11-09,4.711905
1984-11-10,3.15336
1984-11-11,3.1394408
1984-11-12,3.344685
1984-11-13,3.889462
1984-11-14,3.3632596
1984-11-15,3.6063216
1984-11-16,4.8651114
1984-11-17,4.086207
1984-11-18,8.29852
1984-11-19,8.683653
1984-11-20,6.851106
1984-11-21,4.5364404
1984-11-22,4.0893755
1984-11-23,4.2692666
1984-11-24,4.2320127
1984-11-25,4.165481
1984-11-26,5.0766325
1984-11-27,6.6262264
1984-11-28,5.5899043
1984-11-29,6.0966225
1984-11-30,4.1439934
1984-12-01,3.8666868
1984-12-02,3.8521745
1984-12-03,3.6943338
1984-12-04,3.602143
1984-12-05,3.5140765
1984-12-06,3.4160445
1984-12-07,3.3141732
1984-12-08,3.203383
1984-12-09,3.0904596
1984-12-10,2.979636
1984-12-11,2.8650959
1984-12-12,2.7571497
1984-12-13,2.6580586
1984-12-14,2.5645876
1984-12-15,2.449161
1984-12-16,2.335694
1984-12-17,2.2281942
1984-12-18,2.1222584
1984-12-19,2.0228672
1984-12-20,1.9357904
1984-12-21,1.8744391
1984-12-22,1.7900596
1984-12-23,1.7303015
1984-12-24,1.7709236
1984-12-25,1.6336447
1984-12-26,1.5532442
1984-12-27,1.4922792
1984-12-28,1.4306337
1984-12-29,1.3740445
1984-12-30,1.3199346
1984-12-31,1.2647793
1985-01-01,1.2091117
1985-01-02,1.1531116
1985-01-03,1.1030765
1985-01-04,1.0539261
1985-01-05,1.0077969
1985-01-06,0.9657131
1985-01-07,0.9217455
1985-01-08,0.8804932
1985-01-09,0.8394888
1985-01-10,0.8066549
1985-01-11,0.76918936
1985-01-12,0.7342765
1985-01-13,0.70105803
1985-01-14,0.6672247
1985-01-15,0.63685274
1985-01-16,0.6078869
1985-01-17,0.58115375
1985-01-18,0.5594841
1985-01-19,0.53566176
1985-01-20,0.51288366
1985-01-21,0.49218693
1985-01-22,0.46889922
1985-01-23,0.4506179
1985-01-24,0.43288183
1985-01-25,0.41493687
1985-01-26,0.39790285
1985-01-27,0.38143536
1985-01-28,0.36475316
1985-01-29,0.34964424
1985-01-30,0.33249405
1985-01-31,0.23728758
1985-02-01,0.13892978
1985-02-02,0.02428301
1985-02-03,0.008222072
1985-02-04,0.0006576803
1985-02-05,2.7060474e-09
1985-02-06,1.1134122e-14
1985-02-07,4.5811715e-20
1985-02-08,1.8849381e-25
1985-02-09,0.028065767
1985-02-10,0.03487066
1985-02-11,0.024928024
1985-02-12,0.0020592469
1985-02-13,8.472839e-09
1985-02-14,3.486178e-14
1985-02-15,1.4343994e-19
1985-02-16,5.901884e-25
1985-02-17,2.4283498000000003e-30
1985-02-18,9.991526e-36
1985-02-19,4.111e-41
1985-02-20,0.0
1985-02-21,0.0
1985-02-22,0.0
1985-02-23,0.0
1985-02-24,0.0
1985-02-25,0.0
1985-02-26,0.0
1985-02-27,0.0
1985-02-28,0.0064211767
1985-03-01,0.0006038619
1985-03-02,0.0014857803
1985-03-03,0.08619325
1985-03-04,0.008092667
1985-03-05,3.3297546e-08
1985-03-06,0.0011783754
1985-03-07,0.000110817076
1985-03-08,4.5596052e-10
1985-03-09,1.8760647e-15
1985-03-10,7.719131e-21
1985-03-11,3.176062e-26
1985-03-12,1.3068012e-31
1985-03-13,5.376877e-37
1985-03-14,2.2130000000000002e-42
1985-03-15,0.0
1985-03-16,0.0
1985-03-17,0.0
1985-03-18,0.0
1985-03-19,0.0
1985-03-20,0.014676976
1985-03-21,0.0013802558
1985-03-22,5.6791083e-09
1985-03-23,2.336688e-14
1985-03-24,9.614379999999999e-20
1985-03-25,3.9558684999999997e-25
1985-03-26,1.6276551e-30
1985-03-27,0.03555688
1985-03-28,0.047791287
1985-03-29,0.019055786
1985-03-30,0.008125922
1985-03-31,0.014086518
1985-04-01,0.0018416165
1985-04-02,5.420921e-05
1985-04-03,0.06386113
1985-04-04,0.03435937
1985-04-05,0.06256077
1985-04-06,0.011943285
1985-04-07,0.00059349375
1985-04-08,2.4419495e-09
1985-04-09,1.0047483e-14
1985-04-10,4.1340699999999994e-20
1985-04-11,1.7009768e-25
1985-04-12,6.998725500000001e-31
1985-04-13,2.8796489e-36
1985-04-14,1.1848e-41
1985-04-15,0.0
1985-04-16,0.0
1985-04-17,0.0
1985-04-18,0.0
1985-04-19,0.0
1985-04-20,0.0012424176
1985-04-21,0.06703847
1985-04-22,0.1355061
1985-04-23,1.0410243
1985-04-24,0.67253745
1985-04-25,2.6404624
1985-04-26,7.3093767
1985-04-27,1.2593638
1985-04-28,2.3958259
1985-04-29,0.7105222
1985-04-30,0.36528727
1985-05-01,1.782266
1985-05-02,1.4917859
1985-05-03,0.22139591
1985-05-04,1.9021516
1985-05-05,2.0723412
1985-05-06,1.651433
1985-05-07,0.690981
1985-05-08,1.4727689
1985-05-09,1.4180944
1985-05-10,1.2245324
1985-05-11,4.5357275
1985-05-12,1.1011378
1985-05-13,0.65258014
1985-05-14,2.6406913
1985-05-15,2.0916193
1985-05-16,2.231454
1985-05-17,1.5309402
1985-05-18,1.8952427
1985-05-19,4.502594
1985-05-20,0.4538233
1985-05-21,0.03161481
1985-05-22,0.07764584
1985-05-23,0.7184123
1985-05-24,3.044972
1985-05-25,0.75143284
1985-05-26,2.4830337
1985-05-27,0.85643655
1985-05-28,1.653264
1985-05-29,0.7598324
1985-05-30,8.005181
1985-05-31,5.4926386
1985-06-01,2.6013184
1985-06-02,2.2260563
1985-06-03,5.7869945
1985-06-04,5.094291
1985-06-05,1.6672189
1985-06-06,1.547112
1985-06-07,4.81044
1985-06-08,10.081879
1985-06-09,5.1853147
1985-06-10,4.178073
1985-06-11,3.600444
1985-06-12,3.802063
1985-06-13,3.8783047
1985-06-14,3.8588743
1985-06-15,4.1419163
1985-06-16,3.9590354
1985-06-17,3.9614508
1985-06-18,4.684173
1985-06-19,5.9024386
1985-06-20,4.0548577
1985-06-21,4.3495245
1985-06-22,10.77095
1985-06-23,5.69014
1985-06-24,12.111863
1985-06-25,15.895657
1985-06-26,17.447895
1985-06-27,20.301897
1985-06-28,18.910149
1985-06-29,17.731264
1985-06-30,15.466417
1985-07-01,11.79975
1985-07-02,10.376246
1985-07-03,10.0105295
1985-07-04,9.270821
1985-07-05,8.71924
1985-07-06,7.4131756
1985-07-07,7.0110006
1985-07-08,9.474591
1985-07-09,22.60547
1985-07-10,10.222797
1985-07-11,7.810041
1985-07-12,8.652466
1985-07-13,8.279103
1985-07-14,9.038929
1985-07-15,10.786105
1985-07-16,10.453763
1985-07-17,10.482589
1985-07-18,10.591894
1985-07-19,9.6904
1985-07-20,8.670978
1985-07-21,9.2660675
1985-07-22,8.863367
1985-07-23,7.4624686
1985-07-24,8.550959
1985-07-25,9.130916
1985-07-26,8.3786745
1985-07-27,7.7558203
1985-07-28,6.342411
1985-07-29,6.076623
1985-07-30,7.288386
1985-07-31,7.8469515
1985-08-01,7.670473
1985-08-02,6.172056
1985-08-03,11.26763
1985-08-04,11.439136
1985-08-05,11.421391
1985-08-06,12.330162
1985-08-07,24.843124
1985-08-08,21.819696
1985-08-09,20.784761
1985-08-10,17.122778
1985-08-11,14.37124
1985-08-12,13.012343
1985-08-13,21.95162
1985-08-14,11.9632845
1985-08-15,12.568323
1985-08-16,11.676456
1985-08-17,9.469523
1985-08-18,10.869652
1985-08-19,10.712004
1985-08-20,10.226779
1985-08-21,11.647583
1985-08-22,8.458443
1985-08-23,8.048979
1985-08-24,7.737594
1985-08-25,9.19961
1985-08-26,7.5719986
1985-08-27,6.906656
1985-08-28,7.000444
1985-08-29,6.557498
1985-08-30,7.3022246
1985-08-31,6.3398366
1985-09-01,6.2179127
1985-09-02,5.7351556
1985-09-03,5.707159
1985-09-04,9.541088
1985-09-05,7.3659234
1985-09-06,8.725965
1985-09-07,10.89211
1985-09-08,9.84599
1985-09-09,9.61145
1985-09-10,9.599334
1985-09-11,8.778407
1985-09-12,8.0927725
1985-09-13,7.66755
1985-09-14,8.480063
1985-09-15,7.362809
1985-09-16,6.536436
1985-09-17,5.93841
1985-09-18,5.6928368
1985-09-19,5.442056
1985-09-20,5.1317573
1985-09-21,4.9115505
1985-09-22,5.1303215
1985-09-23,4.4845257
1985-09-24,4.382852
1985-09-25,4.1112795
1985-09-26,5.1137786
1985-09-27,4.939474
1985-09-28,3.8038452
1985-09-29,3.6774745
1985-09-30,3.6482599
1985-10-01,3.762438
1985-10-02,5.2734385
1985-10-03,4.121618
1985-10-04,5.4422255
1985-10-05,5.2844353
1985-10-06,3.6719675
1985-10-07,4.5230584
1985-10-08,5.5696864
1985-10-09,4.439036
1985-10-10,9.47017
1985-10-11,12.812828
1985-10-12,12.138034
1985-10-13,11.170899
1985-10-14,12.475374
1985-10-15,11.6344385
1985-10-16,8.979605
1985-10-17,8.021833
1985-10-18,7.507716
1985-10-19,6.799723
1985-10-20,6.3093786
1985-10-21,6.3462496
1985-10-22,10.039753
1985-10-23,5.9922724
1985-10-24,5.6197433
1985-10-25,5.3419766
1985-10-26,8.31482
1985-10-27,6.0013347
1985-10-28,4.50087
1985-10-29,5.696641
1985-10-30,5.1686234
1985-10-31,8.381816
1985-11-01,5.062429
1985-11-02,4.3884106
1985-11-03,4.5930853
1985-11-04,4.25307
1985-11-05,6.928819
1985-11-06,5.470843
1985-11-07,5.7783647
1985-11-08,5.2508106
1985-11-09,4.116995
1985-11-10,4.0074368
1985-11-11,3.90897
1985-11-12,3.762133
1985-11-13,3.6938875
1985-11-14,3.7273636
1985-11-15,5.40312
1985-11-16,6.047415
1985-11-17,5.0929027
1985-11-18,7.622708
1985-11-19,5.0488424
1985-11-20,4.487843
1985-11-21,4.498311
1985-11-22,4.671544
1985-11-23,4.879699
1985-11-24,4.699961
1985-11-25,4.5701275
1985-11-26,4.469726
1985-11-27,4.350724
1985-11-28,4.229834
1985-11-29,4.155589
1985-11-30,4.0964656
1985-12-01,3.9174004
1985-12-02,3.731095
1985-12-03,3.6691375
1985-12-04,3.6811054
1985-12-05,3.4991329
1985-12-06,3.4119375
1985-12-07,3.1907742
1985-12-08,3.8290868
1985-12-09,3.364962
1985-12-10,2.8551636
1985-12-11,2.7096353
1985-12-12,2.6190784
1985-12-13,2.526696
1985-12-14,2.4413824
1985-12-15,2.3408294
1985-12-16,2.2605267
1985-12-17,2.165298
1985-12-18,2.0792181
1985-12-19,2.0038612
1985-12-20,1.9197937
1985-12-21,1.84401
1985-12-22,1.7792308
1985-12-23,1.7035815
1985-12-24,1.6356658
1985-12-25,1.5661978
1985-12-26,1.4988894
1985-12-27,1.435209
1985-12-28,1.3733305
1985-12-29,1.3117291
1985-12-30,1.2514919
1985-12-31,1.1950493
1986-01-01,1.1447674
1986-01-02,1.0965322
1986-01-03,1.0510389
1986-01-04,1.0009496
1986-01-05,0.9534894
1986-01-06,0.91146594
1986-01-07,0.8725621
1986-01-08,0.8358038
1986-01-09,0.79630846
1986-01-10,0.75863147
1986-01-11,0.72603434
1986-01-12,0.6910476
1986-01-13,0.6603881
1986-01-14,0.63581336
1986-01-15,0.644307
1986-01-16,0.58755827
1986-01-17,0.55939996
1986-01-18,0.53377867
1986-01-19,0.5063364
1986-01-20,0.4863742
1986-01-21,0.4649645
1986-01-22,0.4489832
1986-01-23,0.43090963
1986-01-24,0.41164282
1986-01-25,0.3962891
1986-01-26,0.37742126
1986-01-27,0.36206058
1986-01-28,0.35733482
1986-01-29,0.34453544
1986-01-30,0.23700869
1986-01-31,0.035242043
1986-02-01,0.016490728
1986-02-02,0.01601333
1986-02-03,0.015334361
1986-02-04,0.014813031
1986-02-05,0.0138346525
1986-02-06,0.004947331
1986-02-07,0.0003541377
1986-02-08,1.4571113e-09
1986-02-09,5.9953327e-15
1986-02-10,2.4667996e-20
1986-02-11,1.0149728500000001e-25
1986-02-12,0.00061480456
1986-02-13,5.7817604e-05
1986-02-14,2.3789246e-10
1986-02-15,9.788163e-16
1986-02-16,4.0273724e-21
1986-02-17,1.6570757e-26
1986-02-18,6.818093e-32
1986-02-19,2.8053269e-37
1986-02-20,1.1550000000000001e-42
1986-02-21,0.0
1986-02-22,0.0
1986-02-23,0.017656745
1986-02-24,0.09330282
1986-02-25,0.01311682
1986-02-26,0.064545736
1986-02-27,0.1886427
1986-02-28,3.6379924
1986-03-01,0.4648739
1986-03-02,0.011696861
1986-03-03,4.8127124e-08
1986-03-04,0.00027507416
1986-03-05,2.586859e-05
1986-03-06,1.0643718e-10
1986-03-07,4.379393e-16
1986-03-08,1.8019156000000003e-21
1986-03-09,7.414042e-27
1986-03-10,3.0505321e-32
1986-03-11,1.2551516e-37
1986-03-12,5.17e-43
1986-03-13,0.0
1986-03-14,0.0
1986-03-15,0.00087097316
1986-03-16,8.190827e-05
1986-03-17,3.370143e-10
1986-03-18,0.023195216
1986-03-19,0.022034306
1986-03-20,0.019493528
1986-03-21,0.0016576432
1986-03-22,6.8204282e-09
1986-03-23,2.8062877e-14
1986-03-24,1.1546563999999998e-19
1986-03-25,4.750872e-25
1986-03-26,1.954762e-30
1986-03-27,0.0011783754
1986-03-28,0.007867045
1986-03-29,0.0032398656
1986-03-30,0.038162258
1986-03-31,0.032932356
1986-04-01,0.010711659
1986-04-02,0.08807109
1986-04-03,0.08676131
1986-04-04,0.0073869782
1986-04-05,3.0393966e-08
1986-04-06,0.0031875232
1986-04-07,0.007961211
1986-04-08,0.10711242
1986-04-09,0.11619053
1986-04-10,0.15272325
1986-04-11,1.5672637
1986-04-12,2.033791
1986-04-13,5.872945
1986-04-14,2.8889387
1986-04-15,1.3701175
1986-04-16,1.3095341
1986-04-17,4.2131577
1986-04-18,0.7202252
1986-04-19,0.22567202
1986-04-20,0.69887716
1986-04-21,0.69522095
1986-04-22,1.751636
1986-04-23,1.4386667
1986-04-24,1.3784571
1986-04-25,0.1595816
1986-04-26,0.84081596
1986-04-27,0.08940921
1986-04-28,0.123883195
1986-04-29,3.5700927
1986-04-30,1.9983878
1986-05-01,0.9916505
1986-05-02,5.9562945
1986-05-03,2.0776672
1986-05-04,4.943507
1986-05-05,2.2528384
1986-05-06,4.202314
1986-05-07,1.8303802
1986-05-08,0.20613724
1986-05-09,1.4133226
1986-05-10,2.6232
1986-05-11,0.3777256
1986-05-12,0.8928703
1986-05-13,6.3952003
1986-05-14,2.5471036
1986-05-15,0.32563478
1986-05-16,1.3345988
1986-05-17,0.3561167
1986-05-18,0.47428235
1986-05-19,2.4403794
1986-05-20,4.6228294
1986-05-21,2.4310927
1986-05-22,5.5274673
1986-05-23,3.42422
1986-05-24,3.3575635
1986-05-25,5.163815
1986-05-26,3.046919
1986-05-27,3.3867576
1986-05-28,5.3343067
1986-05-29,3.493279
1986-05-30,4.3098655
1986-05-31,3.959993
1986-06-01,4.2181773
1986-06-02,15.180106
1986-06-03,7.3496995
1986-06-04,6.736694
1986-06-05,7.1040792
1986-06-06,6.792091
1986-06-07,10.352938
1986-06-08,9.850977
1986-06-09,9.124466
1986-06-10,9.391344
1986-06-11,8.861565
1986-06-12,9.116875
1986-06-13,8.6263685
1986-06-14,8.436699
1986-06-15,8.663797
1986-06-16,13.642794
1986-06-17,9.822472
1986-06-18,8.227142
1986-06-19,11.755768
1986-06-20,8.955991
1986-06-21,11.411553
1986-06-22,10.9917755
1986-06-23,11.291504
1986-06-24,13.341519
1986-06-25,11.742686
1986-06-26,10.92867
1986-06-27,11.56389
1986-06-28,23.877586
1986-06-29,18.311596
1986-06-30,15.233473
1986-07-01,16.42879
1986-07-02,14.417803
1986-07-03,15.016702
1986-07-04,12.099833
1986-07-05,11.387241
1986-07-06,15.400231
1986-07-07,12.930714
1986-07-08,10.0012455
1986-07-09,9.121032
1986-07-10,25.830215
1986-07-11,94.37374
1986-07-12,27.26057
1986-07-13,14.709725
1986-07-14,13.5701
1986-07-15,11.016022
1986-07-16,10.532217
1986-07-17,8.777122
1986-07-18,29.92665
1986-07-19,65.06569
1986-07-20,22.637276
1986-07-21,14.909907
1986-07-22,15.437023
1986-07-23,16.39972
1986-07-24,11.665656
1986-07-25,9.634828
1986-07-26,8.822325
1986-07-27,8.345333
1986-07-28,8.036797
1986-07-29,7.270153
1986-07-30,6.694391
1986-07-31,6.2511067
1986-08-01,5.9694934
1986-08-02,7.192186
1986-08-03,8.090832
1986-08-04,5.1928763
1986-08-05,4.886808
1986-08-06,7.656342
1986-08-07,5.6647034
1986-08-08,4.7764883
1986-08-09,5.1529303
1986-08-10,6.656188
1986-08-11,7.045124
1986-08-12,11.200975
1986-08-13,11.028621
1986-08-14,8.840511
1986-08-15,8.309082
1986-08-16,9.1583605
1986-08-17,10.454246
1986-08-18,10.107253
1986-08-19,10.917705
1986-08-20,7.652261
1986-08-21,8.461752
1986-08-22,8.796377
1986-08-23,6.8058357
1986-08-24,6.408326
1986-08-25,6.86926
1986-08-26,5.9978247
1986-08-27,8.680189
1986-08-28,5.8964505
1986-08-29,5.250805
1986-08-30,11.680555
1986-08-31,6.855684
1986-09-01,5.8114915
1986-09-02,5.683964
1986-09-03,5.1475654
1986-09-04,8.550357
1986-09-05,8.772266
1986-09-06,7.7540708
1986-09-07,9.160011
1986-09-08,10.688662
1986-09-09,10.4027195
1986-09-10,9.602907
1986-09-11,18.058603
1986-09-12,11.006199
1986-09-13,17.038929
1986-09-14,13.097654
1986-09-15,12.985177
1986-09-16,9.468606
1986-09-17,9.333383
1986-09-18,8.608595
1986-09-19,8.856112
1986-09-20,11.009593
1986-09-21,10.560006
1986-09-22,15.314015
1986-09-23,16.822676
1986-09-24,11.336937
1986-09-25,9.907548
1986-09-26,9.534672
1986-09-27,8.858389
1986-09-28,8.667877
1986-09-29,7.708918
1986-09-30,8.532492
1986-10-01,10.098749
1986-10-02,10.8731575
1986-10-03,7.3930273
1986-10-04,8.46454
1986-10-05,7.777744
1986-10-06,9.38537
1986-10-07,7.533163
1986-10-08,7.023162
1986-10-09,7.0909486
1986-10-10,8.060963
1986-10-11,6.563695
1986-10-12,6.2051744
1986-10-13,6.1634502
1986-10-14,9.873097
1986-10-15,16.636446
1986-10-16,27.536821
1986-10-17,13.733978
1986-10-18,10.658954
1986-10-19,9.340339
1986-10-20,8.503969
1986-10-21,7.826516
1986-10-22,7.19458
1986-10-23,6.5532146
1986-10-24,6.25451
1986-10-25,5.915188
1986-10-26,5.535047
1986-10-27,5.430517
1986-10-28,5.980863
1986-10-29,10.274983
1986-10-30,5.2153044
1986-10-31,4.619112
1986-11-01,4.306608
1986-11-02,4.114759
1986-11-03,4.029984
1986-11-04,3.831172
1986-11-05,3.681398
1986-11-06,3.5344803
1986-11-07,3.648296
1986-11-08,4.12076
1986-11-09,3.2963433
1986-11-10,3.103318
1986-11-11,3.0469055
1986-11-12,2.9416578
1986-11-13,3.6575465
1986-11-14,3.005467
1986-11-15,2.6406152
1986-11-16,2.5807922
1986-11-17,2.9199276
1986-11-18,4.8681316
1986-11-19,3.616942
1986-11-20,4.160819
1986-11-21,2.913467
1986-11-22,2.3389618
1986-11-23,2.273502
1986-11-24,2.2286675
1986-11-25,2.198274
1986-11-26,2.1618934
1986-11-27,2.132204
1986-11-28,2.1905386
1986-11-29,2.0610852
1986-11-30,1.9979323
1986-12-01,1.9521105
1986-12-02,1.9024314
1986-12-03,1.8526884
1986-12-04,1.8241625
1986-12-05,1.9000114
1986-12-06,2.023982
1986-12-07,1.9132167
1986-12-08,2.2970011
1986-12-09,1.8180897
1986-12-10,1.5969439
1986-12-11,1.5474002
1986-12-12,1.5419844
1986-12-13,1.483485
1986-12-14,1.4408283
1986-12-15,1.4216601
1986-12-16,1.3678448
1986-12-17,1.3246434
1986-12-18,1.2864742
1986-12-19,1.2527736
1986-12-20,1.2662991
1986-12-21,1.2646681
1986-12-22,1.1621096
1986-12-23,1.1423377
1986-12-24,1.1247902
1986-12-25,1.0617071
1986-12-26,1.0196704
1986-12-27,0.98917896
1986-12-28,0.9583521
1986-12-29,0.9247875
1986-12-30,0.8932893
1986-12-31,0.86169374
1987-01-01,0.82842517
1987-01-02,0.79766315
1987-01-03,0.76696384
1987-01-04,0.7376621
1987-01-05,0.70866567
1987-01-06,0.6815079
1987-01-07,0.6569265
1987-01-08,0.6773145
1987-01-09,1.0285594
1987-01-10,0.80701584
1987-01-11,0.62239575
1987-01-12,0.57702374
1987-01-13,0.55965734
1987-01-14,0.54208946
1987-01-15,0.52266234
1987-01-16,0.5071729
1987-01-17,0.49058583
1987-01-18,0.47821203
1987-01-19,0.45972466
1987-01-20,0.44025102
1987-01-21,0.42500687
1987-01-22,0.40844935
1987-01-23,0.39058647
1987-01-24,0.37415573
1987-01-25,0.3559648
1987-01-26,0.29632384
1987-01-27,0.20745276
1987-01-28,0.1922156
1987-01-29,0.1337649
1987-01-30,0.024915751
1987-01-31,0.014831461
1987-02-01,0.0137217855
1987-02-02,0.0070883064
1987-02-03,0.0005564993
1987-02-04,0.019799767
1987-02-05,0.0029198544
1987-02-06,9.948931e-05
1987-02-07,4.0935208e-10
1987-02-08,1.6842927e-15
1987-02-09,6.930078e-21
1987-02-10,2.8514037000000004e-26
1987-02-11,1.1732194e-31
1987-02-12,0.14532343
1987-02-13,0.12435631
1987-02-14,0.08577012
1987-02-15,0.014416061
1987-02-16,0.00068925944
1987-02-17,2.8359808e-09
1987-02-18,0.0132275745
1987-02-19,0.109969504
1987-02-20,0.0102248
1987-02-21,4.207028e-08
1987-02-22,1.7309956e-13
1987-02-23,7.122238599999999e-19
1987-02-24,2.9304686e-24
1987-02-25,1.205751e-29
1987-02-26,0.095399454
1987-02-27,0.018658657
1987-02-28,0.00091103156
1987-03-01,0.0012808467
1987-03-02,0.00012045334
1987-03-03,4.956093e-10
1987-03-04,2.0392007e-15
1987-03-05,8.390359e-21
1987-03-06,3.4522409999999997e-26
1987-03-07,1.420436e-31
1987-03-08,5.844431e-37
1987-03-09,2.405e-42
1987-03-10,0.0
1987-03-11,0.0
1987-03-12,0.0
1987-03-13,0.0
1987-03-14,0.02399383
1987-03-15,0.0022564335
1987-03-16,2.500885
1987-03-17,2.1436126
1987-03-18,0.22341762
1987-03-19,0.012781338
1987-03-20,0.03513176
1987-03-21,0.34054515
1987-03-22,0.09879347
1987-03-23,0.00630767
1987-03-24,0.23177353
1987-03-25,0.051171664
1987-03-26,0.0915636
1987-03-27,0.24658462
1987-03-28,0.023608046
1987-03-29,0.22476935
1987-03-30,0.021729702
1987-03-31,5.675146e-05
1987-04-01,2.3350577e-10
1987-04-02,9.607672e-16
1987-04-03,3.9531087e-21
1987-04-04,0.5432788
1987-04-05,0.080564424
1987-04-06,0.0221615
1987-04-07,0.0406839
1987-04-08,0.033571314
1987-04-09,1.4154845
1987-04-10,0.15510969
1987-04-11,4.316832
1987-04-12,2.9311635
1987-04-13,0.2380335
1987-04-14,5.156759e-05
1987-04-15,2.1217655e-10
1987-04-16,8.730074e-16
1987-04-17,3.592018e-21
1987-04-18,0.14441852
1987-04-19,0.79276043
1987-04-20,4.4793706
1987-04-21,3.4521441
1987-04-22,0.95562863
1987-04-23,4.841036
1987-04-24,3.2761137
1987-04-25,0.6499553
1987-04-26,0.64584494
1987-04-27,0.5231196
1987-04-28,0.04380323
1987-04-29,0.000768686
1987-04-30,0.090443335
1987-05-01,1.567833
1987-05-02,3.2609425
1987-05-03,1.775586
1987-05-04,0.15058906
1987-05-05,0.117391214
1987-05-06,2.0759954
1987-05-07,1.8840063
1987-05-08,0.27178696
1987-05-09,0.23122855
1987-05-10,14.338202
1987-05-11,5.848135
1987-05-12,3.6342404
1987-05-13,0.84355193
1987-05-14,5.1402707
1987-05-15,7.824728
1987-05-16,4.1316047
1987-05-17,11.208427
1987-05-18,6.9359117
1987-05-19,2.041447
1987-05-20,0.971011
1987-05-21,1.3240868
1987-05-22,1.3163582
1987-05-23,3.5720608
1987-05-24,2.6767514
1987-05-25,4.862865
1987-05-26,3.1930575
1987-05-27,2.4675214
1987-05-28,2.7906642
1987-05-29,2.6133099
1987-05-30,2.5748467
1987-05-31,2.4584875
1987-06-01,2.5152001
1987-06-02,2.8332214
1987-06-03,3.4607952
1987-06-04,3.477107
1987-06-05,3.5085733
1987-06-06,3.8396773
1987-06-07,9.155209
1987-06-08,9.10114
1987-06-09,5.7878523
1987-06-10,11.584932
1987-06-11,13.873328
1987-06-12,12.862416
1987-06-13,9.459693
1987-06-14,11.099584
1987-06-15,10.488785
1987-06-16,8.487086
1987-06-17,7.262193
1987-06-18,6.7222533
1987-06-19,7.1924376
1987-06-20,6.436511
1987-06-21,6.067401
1987-06-22,5.8217773
1987-06-23,6.4901347
1987-06-24,11.0015335
1987-06-25,11.435406
1987-06-26,10.143315
1987-06-27,8.826713
1987-06-28,8.118308
1987-06-29,7.8420343
1987-06-30,7.8011785
1987-07-01,8.054438
1987-07-02,11.456736
1987-07-03,8.934138
1987-07-04,38.447582
1987-07-05,18.936163
1987-07-06,13.892309
1987-07-07,15.408793
1987-07-08,12.320129
1987-07-09,12.89456
1987-07-10,12.15948
1987-07-11,10.317538
1987-07-12,9.999346
1987-07-13,8.885239
1987-07-14,12.0842495
1987-07-15,19.529535
1987-07-16,19.152212
1987-07-17,16.811583
1987-07-18,18.289068
1987-07-19,13.343297
1987-07-20,16.756424
1987-07-21,18.942682
1987-07-22,17.627216
1987-07-23,14.279991
1987-07-24,12.621022
1987-07-25,12.825762
1987-07-26,9.55869
1987-07-27,9.960352
1987-07-28,8.74489
1987-07-29,8.823765
1987-07-30,7.3530335
1987-07-31,9.231414
1987-08-01,15.53864
1987-08-02,12.967664
1987-08-03,19.255749
1987-08-04,20.454477
1987-08-05,17.5683
1987-08-06,14.363
1987-08-07,12.450226
1987-08-08,13.380694
1987-08-09,11.053166
1987-08-10,8.84623
1987-08-11,8.737055
1987-08-12,9.638567
1987-08-13,8.724383
1987-08-14,6.971632
1987-08-15,6.4604774
1987-08-16,6.1431704
1987-08-17,5.9742336
1987-08-18,6.155355
1987-08-19,6.0397305
1987-08-20,5.3722997
1987-08-21,5.5415535
1987-08-22,7.247871
1987-08-23,7.6616287
1987-08-24,5.746935
1987-08-25,5.0453234
1987-08-26,5.2096033
1987-08-27,7.9954658
1987-08-28,6.940093
1987-08-29,6.338342
1987-08-30,6.2600107
1987-08-31,6.5742264
1987-09-01,7.5948114
1987-09-02,6.6895213
1987-09-03,9.424626
1987-09-04,8.258811
1987-09-05,7.7313356
1987-09-06,9.431173
1987-09-07,7.643537
1987-09-08,7.3048697
1987-09-09,6.851736
1987-09-10,6.9067607
1987-09-11,6.1144304
1987-09-12,6.036089
1987-09-13,5.8737755
1987-09-14,5.249586
1987-09-15,5.697509
1987-09-16,4.959331
1987-09-17,4.5280375
1987-09-18,4.284212
1987-09-19,4.384305
1987-09-20,3.9476926
1987-09-21,4.039732
1987-09-22,3.8457448
1987-09-23,6.566634
1987-09-24,4.608751
1987-09-25,5.3304915
1987-09-26,3.641019
1987-09-27,12.740895
1987-09-28,4.427302
1987-09-29,3.8363001
1987-09-30,7.167801
1987-10-01,4.5887423
1987-10-02,5.9522314
1987-10-03,5.0727787
1987-10-04,7.1802444
1987-10-05,4.142136
1987-10-06,4.677425
1987-10-07,4.3095207
1987-10-08,5.396114
1987-10-09,4.969429
1987-10-10,5.5300827
1987-10-11,8.078757
1987-10-12,6.0072274
1987-10-13,5.7651067
1987-10-14,5.7417364
1987-10-15,6.732228
1987-10-16,8.244971
1987-10-17,5.470005
1987-10-18,6.197187
1987-10-19,7.9576097
1987-10-20,6.767978
1987-10-21,5.186352
1987-10-22,5.0223827
1987-10-23,6.786191
1987-10-24,11.55772
1987-10-25,6.8371654
1987-10-26,5.4569993
1987-10-27,5.603781
1987-10-28,12.413337
1987-10-29,8.124054
1987-10-30,11.053347
1987-10-31,7.815861
1987-11-01,6.3007836
1987-11-02,6.0336018
1987-11-03,5.8024473
1987-11-04,8.150883
1987-11-05,5.700132
1987-11-06,5.6931267
1987-11-07,5.8968635
1987-11-08,5.006931
1987-11-09,4.857963
1987-11-10,4.582791
1987-11-11,4.355034
1987-11-12,4.3803277
1987-11-13,4.1117916
1987-11-14,3.8240232
1987-11-15,3.6221461
1987-11-16,3.540096
1987-11-17,3.397191
1987-11-18,3.1746604
1987-11-19,3.1361935
1987-11-20,3.049165
1987-11-21,2.9547117
1987-11-22,2.938737
1987-11-23,2.6293628
1987-11-24,2.7295
1987-11-25,2.8582325
1987-11-26,4.685169
1987-11-27,4.6324577
1987-11-28,10.601208
1987-11-29,5.087687
1987-11-30,2.4771814
1987-12-01,8.135541
1987-12-02,3.4826574
1987-12-03,2.3940492
1987-12-04,2.2142606
1987-12-05,2.2113829
1987-12-06,2.1926847
1987-12-07,2.3497508
1987-12-08,2.5592494
1987-12-09,2.2252057
1987-12-10,2.1648767
1987-12-11,4.1641436
1987-12-12,2.5114522
1987-12-13,4.788034
1987-12-14,2.3836017
1987-12-15,2.8777163
1987-12-16,2.0412934
1987-12-17,1.9277457
1987-12-18,1.900148
1987-12-19,1.8868986
1987-12-20,1.8825682
1987-12-21,1.8210117
1987-12-22,1.784268
1987-12-23,1.7409627
1987-12-24,1.6998017
1987-12-25,1.6590791
1987-12-26,1.615748
1987-12-27,1.57527
1987-12-28,1.5329957
1987-12-29,1.4901978
1987-12-30,1.4481149
1987-12-31,1.4036903
1988-01-01,1.3610983
1988-01-02,1.3168762
1988-01-03,1.2708738
1988-01-04,1.2322035
1988-01-05,1.1911898
1988-01-06,1.1489551
1988-01-07,1.1057851
1988-01-08,1.0671223
1988-01-09,1.0277151
1988-01-10,0.9873514
1988-01-11,0.95197254
1988-01-12,0.9118759
1988-01-13,0.8773099
1988-01-14,0.8439758
1988-01-15,0.81116915
1988-01-16,0.7774043
1988-01-17,0.754518
1988-01-18,0.72474164
1988-01-19,0.6984737
1988-01-20,0.67124176
1988-01-21,0.64700407
1988-01-22,0.6230581
1988-01-23,0.6029063
1988-01-24,0.5774812
1988-01-25,0.55536115
1988-01-26,0.537734
1988-01-27,0.511606
1988-01-28,0.49300486
1988-01-29,0.4778785
1988-01-30,0.45942852
1988-01-31,0.4448577
1988-02-01,0.43403643
1988-02-02,0.4335146
1988-02-03,0.4119172
1988-02-04,0.3872351
1988-02-05,0.37203577
1988-02-06,0.3584849
1988-02-07,0.34603712
1988-02-08,0.34562072
1988-02-09,0.4698255
1988-02-10,0.2155639
1988-02-11,0.09455155
1988-02-12,0.029498324
1988-02-13,0.0382214
1988-02-14,0.022024402
1988-02-15,0.015674392
1988-02-16,0.0147325685
1988-02-17,0.009920855
1988-02-18,0.0008142698
1988-02-19,3.3503402e-09
1988-02-20,1.3785086e-14
1988-02-21,5.671919e-20
1988-02-22,2.3337299e-25
1988-02-23,9.602209e-31
1988-02-24,3.950861e-36
1988-02-25,1.6256e-41
1988-02-26,0.0
1988-02-27,0.0
1988-02-28,0.0
1988-02-29,0.0
1988-03-01,0.0
1988-03-02,0.0
1988-03-03,0.0
1988-03-04,0.0
1988-03-05,0.0
1988-03-06,0.0
1988-03-07,0.0
1988-03-08,0.0
1988-03-09,0.0
1988-03-10,0.0
1988-03-11,0.0
1988-03-12,0.0
1988-03-13,0.0
1988-03-14,0.0
1988-03-15,0.0
1988-03-16,0.0
1988-03-17,0.0
1988-03-18,0.0
1988-03-19,0.0
1988-03-20,0.0
1988-03-21,0.0
1988-03-22,0.0
1988-03-23,0.0
1988-03-24,0.0
1988-03-25,0.0
1988-03-26,0.0
1988-03-27,0.0
1988-03-28,0.0
1988-03-29,0.0
1988-03-30,0.018422112
1988-03-31,0.20911282
1988-04-01,4.6179843
1988-04-02,0.4567934
1988-04-03,0.012304669
1988-04-04,1.6508691
1988-04-05,1.5882707
1988-04-06,1.0208639
1988-04-07,7.0528846
1988-04-08,1.9687704
1988-04-09,0.5377086
1988-04-10,2.0665526
1988-04-11,4.0295906
1988-04-12,0.98544574
1988-04-13,1.6627702
1988-04-14,4.1102486
1988-04-15,0.4211801
1988-04-16,0.0045934855
1988-04-17,0.0015556122
1988-04-18,0.0022311287
1988-04-19,0.00019606337
1988-04-20,0.00028817373
1988-04-21,2.7100428e-05
1988-04-22,1.1150561e-10
1988-04-23,0.028897332
1988-04-24,0.01934659
1988-04-25,0.0015638415
1988-04-26,0.00064042787
1988-04-27,6.022667e-05
1988-04-28,0.023878857
1988-04-29,0.54024285
1988-04-30,0.45299897
1988-05-01,0.23531109
1988-05-02,1.8239689
1988-05-03,0.22091408
1988-05-04,2.0544322
1988-05-05,5.372765
1988-05-06,0.69874644
1988-05-07,0.48466682
1988-05-08,0.17813852
1988-05-09,0.62625223
1988-05-10,3.6835802
1988-05-11,5.049823
1988-05-12,0.4518646
1988-05-13,0.7598174
1988-05-14,6.0653415
1988-05-15,0.64714825
1988-05-16,1.5699747
1988-05-17,2.5867448
1988-05-18,3.665653
1988-05-19,6.453127
1988-05-20,7.482638
1988-05-21,1.1897041
1988-05-22,1.5034136
1988-05-23,0.24570718
1988-05-24,10.811777
1988-05-25,2.1629066
1988-05-26,6.28922
1988-05-27,0.8878605
1988-05-28,0.1639343
1988-05-29,0.17247577
1988-05-30,0.16516826
1988-05-31,0.25836328
1988-06-01,0.4374655
1988-06-02,2.3510327
1988-06-03,1.2760936
1988-06-04,3.3755217
1988-06-05,7.3515353
1988-06-06,9.484564
1988-06-07,1.9983118
1988-06-08,1.2221793
1988-06-09,2.3615189
1988-06-10,7.166833
1988-06-11,7.3874307
1988-06-12,6.8228517
1988-06-13,3.858543
1988-06-14,4.1739144
1988-06-15,6.6607018
1988-06-16,5.1981163
1988-06-17,5.1869946
1988-06-18,5.4410324
1988-06-19,10.1054325
1988-06-20,12.210286
1988-06-21,7.263333
1988-06-22,6.7338934
1988-06-23,6.8921113
1988-06-24,11.947032
1988-06-25,7.3541965
1988-06-26,8.787698
1988-06-27,7.6603317
1988-06-28,9.358026
1988-06-29,9.629675
1988-06-30,12.923762
1988-07-01,14.910235
1988-07-02,12.164479
1988-07-03,44.354397
1988-07-04,27.533855
1988-07-05,19.351492
1988-07-06,14.325233
1988-07-07,14.290611
1988-07-08,11.705287
1988-07-09,16.345789
1988-07-10,12.54859
1988-07-11,11.5241
1988-07-12,12.016535
1988-07-13,9.457454
1988-07-14,10.197914
1988-07-15,8.461717
1988-07-16,8.032856
1988-07-17,7.687209
1988-07-18,7.368928
1988-07-19,7.031597
1988-07-20,9.533336
1988-07-21,6.5199885
1988-07-22,6.8484173
1988-07-23,6.0267444
1988-07-24,18.64167
1988-07-25,11.555556
1988-07-26,7.455681
1988-07-27,13.374
1988-07-28,14.945202
1988-07-29,11.056054
1988-07-30,10.427644
1988-07-31,14.017046
1988-08-01,11.768321
1988-08-02,10.777071
1988-08-03,14.096704
1988-08-04,10.326256
1988-08-05,9.683002
1988-08-06,12.496631
1988-08-07,10.4107275
1988-08-08,7.8378158
1988-08-09,7.9712877
1988-08-10,12.167048
1988-08-11,10.184793
1988-08-12,7.2182765
1988-08-13,7.411068
1988-08-14,10.436658
1988-08-15,7.0995793
1988-08-16,7.6746807
1988-08-17,8.513734
1988-08-18,9.109619
1988-08-19,9.07468
1988-08-20,9.888935
1988-08-21,8.045916
1988-08-22,7.9749675
1988-08-23,10.445091
1988-08-24,11.966176
1988-08-25,9.9285555
1988-08-26,9.46323
1988-08-27,12.315963
1988-08-28,9.322593
1988-08-29,13.35962
1988-08-30,12.139778
1988-08-31,10.513604
1988-09-01,15.619896
1988-09-02,12.392651
1988-09-03,12.260708
1988-09-04,11.234227
1988-09-05,10.21735
1988-09-06,9.567293
1988-09-07,9.530675
1988-09-08,8.6710415
1988-09-09,7.4796743
1988-09-10,7.026354
1988-09-11,6.7163067
1988-09-12,10.505576
1988-09-13,6.3074636
1988-09-14,7.784035
1988-09-15,5.49796
1988-09-16,5.470872
1988-09-17,4.916827
1988-09-18,7.4210114
1988-09-19,6.228748
1988-09-20,12.102047
1988-09-21,5.5738916
1988-09-22,5.6980796
1988-09-23,5.3441157
1988-09-24,5.4105706
1988-09-25,8.170719
1988-09-26,5.851364
1988-09-27,6.755963
1988-09-28,5.5984006
1988-09-29,8.174637
1988-09-30,13.761281
1988-10-01,6.54228
1988-10-02,5.040829
1988-10-03,4.6985974
1988-10-04,5.1204085
1988-10-05,4.737143
1988-10-06,4.488892
1988-10-07,5.7370405
1988-10-08,5.4605856
1988-10-09,6.1653066
1988-10-10,4.2427473
1988-10-11,4.156353
1988-10-12,4.7012677
1988-10-13,4.674995
1988-10-14,4.281522
1988-10-15,4.9640207
1988-10-16,3.726452
1988-10-17,5.5772686
1988-10-18,4.8090396
1988-10-19,4.540001
1988-10-20,7.9681215
1988-10-21,4.2127476
1988-10-22,8.521166
1988-10-23,5.380365
1988-10-24,3.7836537
1988-10-25,3.8250837
1988-10-26,4.089207
1988-10-27,4.1069956
1988-10-28,4.082519
1988-10-29,4.259934
1988-10-30,3.8942869
1988-10-31,3.9089408
1988-11-01,4.0869484
1988-11-02,3.90789
1988-11-03,4.454325
1988-11-04,4.309556
1988-11-05,3.7174
1988-11-06,3.4384751
1988-11-07,4.3721104
1988-11-08,3.5241704
1988-11-09,3.8546314
1988-11-10,11.740973
1988-11-11,6.3199096
1988-11-12,4.323647
1988-11-13,5.9875154
1988-11-14,4.5409074
1988-11-15,4.530588
1988-11-16,4.447443
1988-11-17,11.616998
1988-11-18,10.95141
1988-11-19,5.0154033
1988-11-20,4.8998146
1988-11-21,4.541384
1988-11-22,4.3385077
1988-11-23,4.2462254
1988-11-24,4.1796246
1988-11-25,4.066804
1988-11-26,4.373068
1988-11-27,4.3827376
1988-11-28,3.9488685
1988-11-29,3.7490447
1988-11-30,3.7075627
1988-12-01,3.5446255
1988-12-02,3.4440804
1988-12-03,3.3614626
1988-12-04,3.2753088
1988-12-05,3.1903458
1988-12-06,3.044875
1988-12-07,2.9292922
1988-12-08,2.9499235
1988-12-09,4.056463
1988-12-10,2.7756183
1988-12-11,2.5548306
1988-12-12,2.4685907
1988-12-13,2.512654
1988-12-14,2.3582766
1988-12-15,2.2604952
1988-12-16,2.1628618
1988-12-17,2.0734031
1988-12-18,1.9941049
1988-12-19,1.9152849
1988-12-20,1.8419093
1988-12-21,1.7704227
1988-12-22,1.7013736
1988-12-23,1.6367751
1988-12-24,1.5730345
1988-12-25,1.5198306
1988-12-26,1.4635082
1988-12-27,1.4073254
1988-12-28,1.4075584
1988-12-29,1.4957311
1988-12-30,1.5312734
1988-12-31,1.7380209
1989-01-01,1.4255544
1989-01-02,1.3295628
1989-01-03,1.221639
1989-01-04,1.1276356
1989-01-05,1.1034714
1989-01-06,1.5822238
1989-01-07,1.1229967
1989-01-08,1.0091856
1989-01-09,0.97656244
1989-01-10,0.94864875
1989-01-11,0.9208779
1989-01-12,0.9030216
1989-01-13,0.8722256
1989-01-14,0.84781474
1989-01-15,0.8214064
1989-01-16,0.79887795
1989-01-17,0.78117806
1989-01-18,0.75271815
1989-01-19,0.7279951
1989-01-20,0.70547557
1989-01-21,0.6907376
1989-01-22,0.82515025
1989-01-23,0.80703133
1989-01-24,0.65709364
1989-01-25,0.6243455
1989-01-26,0.6033509
1989-01-27,0.58396906
1989-01-28,0.564639
1989-01-29,0.5481097
1989-01-30,0.53042305
1989-01-31,0.5134129
1989-02-01,0.50621253
1989-02-02,0.48305178
1989-02-03,0.46468157
1989-02-04,0.44813353
1989-02-05,0.43225685
1989-02-06,0.41872185
1989-02-07,0.41224137
1989-02-08,0.4270341
1989-02-09,0.38459834
1989-02-10,0.36888865
1989-02-11,0.35524246
1989-02-12,0.34352452
1989-02-13,0.3214909
1989-02-14,0.2336703
1989-02-15,0.040786162
1989-02-16,0.022452584
1989-02-17,0.021320589
1989-02-18,0.011533057
1989-02-19,0.0014509979
1989-02-20,0.12460303
1989-02-21,0.32087252
1989-02-22,0.06416222
1989-02-23,0.0032998864
1989-02-24,1.3577491e-08
1989-02-25,5.5865038e-14
1989-02-26,0.025273157
1989-02-27,0.36168766
1989-02-28,0.07706926
1989-03-01,0.004450043
1989-03-02,3.574004e-05
1989-03-03,1.4705356e-10
1989-03-04,6.050568e-16
1989-03-05,0.008908686
1989-03-06,0.017516889
1989-03-07,0.001568543
1989-03-08,6.453822e-09
1989-03-09,2.6554464e-14
1989-03-10,1.0925922e-19
1989-03-11,4.495507299999999e-25
1989-03-12,1.8496913e-30
1989-03-13,7.610615999999999e-36
1989-03-14,3.1315e-41
1989-03-15,0.0
1989-03-16,0.0
1989-03-17,0.0
1989-03-18,0.0
1989-03-19,0.0
1989-03-20,0.00053795404
1989-03-21,0.009317623
1989-03-22,0.12341074
1989-03-23,0.09204285
1989-03-24,0.064250246
1989-03-25,0.11128554
1989-03-26,0.009964303
1989-03-27,4.0998454e-08
1989-03-28,1.6868951e-13
1989-03-29,6.9407857e-19
1989-03-30,2.8558092e-24
1989-03-31,1.1750322e-29
1989-04-01,0.05528551
1989-04-02,0.02253137
1989-04-03,0.33868077
1989-04-04,0.10010628
1989-04-05,1.0874383
1989-04-06,0.14809917
1989-04-07,0.0344948
1989-04-08,0.3873298
1989-04-09,0.03615893
1989-04-10,1.4877712e-07
1989-04-11,6.1214835e-13
1989-04-12,2.5187047999999997e-18
1989-04-13,0.0027922376
1989-04-14,0.0002625883
1989-04-15,0.0026897711
1989-04-16,0.004556584
1989-04-17,0.00040472427
1989-04-18,1.6652515e-09
1989-04-19,6.8517325e-15
1989-04-20,2.819168e-20
1989-04-21,0.08024775
1989-04-22,0.3590772
1989-04-23,0.39906722
1989-04-24,1.0527011
1989-04-25,0.21444482
1989-04-26,0.04518786
1989-04-27,0.022000423
1989-04-28,1.7728726
1989-04-29,0.55224156
1989-04-30,0.05824445
1989-05-01,0.01257012
1989-05-02,0.0015379346
1989-05-03,0.014115452
1989-05-04,0.031195967
1989-05-05,0.053090025
1989-05-06,0.17647074
1989-05-07,1.7001382
1989-05-08,0.33110234
1989-05-09,1.0945768
1989-05-10,0.1014088
1989-05-11,0.56861407
1989-05-12,1.7925954
1989-05-13,0.99524575
1989-05-14,0.62620646
1989-05-15,1.5464551
1989-05-16,0.30457938
1989-05-17,0.14492962
1989-05-18,5.154713
1989-05-19,1.1548557
1989-05-20,1.9540446
1989-05-21,1.0920541
1989-05-22,4.521884
1989-05-23,5.1479
1989-05-24,20.019146
1989-05-25,11.698948
1989-05-26,9.710881
1989-05-27,7.131812
1989-05-28,8.805627
1989-05-29,4.683124
1989-05-30,11.2324295
1989-05-31,2.299531
1989-06-01,1.3227285
1989-06-02,5.947919
1989-06-03,5.240871
1989-06-04,6.342956
1989-06-05,7.152741
1989-06-06,7.924588
1989-06-07,4.681384
1989-06-08,9.911168
1989-06-09,6.631726
1989-06-10,7.085317
1989-06-11,8.513495
1989-06-12,10.503579
1989-06-13,13.5368
1989-06-14,79.92382
1989-06-15,38.378525
1989-06-16,16.1431
1989-06-17,12.20154
1989-06-18,13.3520355
1989-06-19,57.095886
1989-06-20,55.49039
1989-06-21,23.35198
1989-06-22,21.807316
1989-06-23,16.819366
1989-06-24,23.451395
1989-06-25,17.768614
1989-06-26,17.465446
1989-06-27,15.332072
1989-06-28,13.330124
1989-06-29,12.10883
1989-06-30,10.8384905
1989-07-01,10.120342
1989-07-02,9.603859
1989-07-03,13.000457
1989-07-04,11.815381
1989-07-05,12.433151
1989-07-06,9.964289
1989-07-07,37.655815
1989-07-08,55.058056
1989-07-09,19.935022
1989-07-10,14.408782
1989-07-11,12.274402
1989-07-12,10.513242
1989-07-13,9.093684
1989-07-14,8.074446
1989-07-15,7.3917847
1989-07-16,8.292402
1989-07-17,7.573947
1989-07-18,5.660249
1989-07-19,5.329906
1989-07-20,4.96248
1989-07-21,8.88315
1989-07-22,6.872125
1989-07-23,7.360619
1989-07-24,6.344691
1989-07-25,8.322216
1989-07-26,12.580811
1989-07-27,9.418017
1989-07-28,9.004192
1989-07-29,8.846821
1989-07-30,8.470191
1989-07-31,7.8849745
1989-08-01,7.4058356
1989-08-02,7.008918
1989-08-03,6.7674856
1989-08-04,6.154318
1989-08-05,5.988101
1989-08-06,5.8593917
1989-08-07,5.7086306
1989-08-08,4.856816
1989-08-09,5.874733
1989-08-10,5.3308177
1989-08-11,5.519265
1989-08-12,6.7274494
1989-08-13,9.742283
1989-08-14,4.905548
1989-08-15,4.7292366
1989-08-16,12.213923
1989-08-17,6.7019925
1989-08-18,5.982737
1989-08-19,7.1319046
1989-08-20,12.132484
1989-08-21,7.669168
1989-08-22,8.7084465
1989-08-23,14.334559
1989-08-24,13.08042
1989-08-25,11.273148
1989-08-26,10.619646
1989-08-27,8.95531
1989-08-28,8.206651
1989-08-29,7.886065
1989-08-30,8.550642
1989-08-31,8.2065735
1989-09-01,6.548384
1989-09-02,8.245353
1989-09-03,6.544943
1989-09-04,5.6955466
1989-09-05,5.388565
1989-09-06,6.4061236
1989-09-07,7.0623765
1989-09-08,5.0421476
1989-09-09,7.2746496
1989-09-10,5.001307
1989-09-11,4.974388
1989-09-12,4.424761
1989-09-13,4.1344156
1989-09-14,4.7460575
1989-09-15,3.946951
1989-09-16,5.17535
1989-09-17,5.396697
1989-09-18,3.7222154
1989-09-19,3.4493306
1989-09-20,3.4516435
1989-09-21,9.99242
1989-09-22,5.1210537
1989-09-23,4.143859
1989-09-24,3.177649
1989-09-25,3.1649392
1989-09-26,3.124773
1989-09-27,6.095147
1989-09-28,3.7012074
1989-09-29,3.4984796
1989-09-30,3.8741386
1989-10-01,6.0795717
1989-10-02,4.852229
1989-10-03,5.2180223
1989-10-04,5.3041277
1989-10-05,6.8500733
1989-10-06,7.61188
1989-10-07,6.797891
1989-10-08,8.617654
1989-10-09,5.7909017
1989-10-10,6.589652
1989-10-11,9.423523
1989-10-12,7.5376043
1989-10-13,7.757849
1989-10-14,11.66493
1989-10-15,7.6359086
1989-10-16,7.3047748
1989-10-17,9.413008
1989-10-18,13.334926
1989-10-19,7.988175
1989-10-20,14.514389
1989-10-21,8.399318
1989-10-22,7.743109
1989-10-23,7.6381035
1989-10-24,7.278782
1989-10-25,7.23459
1989-10-26,6.8551044
1989-10-27,6.3884706
1989-10-28,9.327551
1989-10-29,7.585731
1989-10-30,6.275241
1989-10-31,7.71241
1989-11-01,9.487848
1989-11-02,6.7085943
1989-11-03,6.748637
1989-11-04,6.051306
1989-11-05,5.965467
1989-11-06,6.093441
1989-11-07,6.4059386
1989-11-08,5.4931
1989-11-09,5.2394924
1989-11-10,5.0543895
1989-11-11,4.8699346
1989-11-12,4.8645816
1989-11-13,4.499768
1989-11-14,4.2386665
1989-11-15,4.4673615
1989-11-16,3.9389522
1989-11-17,3.734333
1989-11-18,3.576723
1989-11-19,3.9263678
1989-11-20,3.339983
1989-11-21,3.1926153
1989-11-22,4.661384
1989-11-23,7.5469017
1989-11-24,4.4538383
1989-11-25,5.063362
1989-11-26,2.9994435
1989-11-27,2.9571328
1989-11-28,2.6805058
1989-11-29,3.3212857
1989-11-30,3.8678656
1989-12-01,2.6684852
1989-12-02,2.5462875
1989-12-03,2.565893
1989-12-04,2.3809118
1989-12-05,2.2928772
1989-12-06,2.2295923
1989-12-07,2.182298
1989-12-08,2.1250958
1989-12-09,2.081975
1989-12-10,2.0048897
1989-12-11,1.9463205
1989-12-12,1.8851527
1989-12-13,1.8241879
1989-12-14,1.7614357
1989-12-15,1.7018663
1989-12-16,1.6404608
1989-12-17,1.589582
1989-12-18,1.5260929
1989-12-19,1.4743284
1989-12-20,1.4196419
1989-12-21,1.3663157
1989-12-22,1.3148332
1989-12-23,1.263174
1989-12-24,1.2179638
1989-12-25,1.1697539
1989-12-26,1.124844
1989-12-27,1.0800644
1989-12-28,1.0362566
1989-12-29,0.99738
1989-12-30,0.9574102
1989-12-31,0.922204
1990-01-01,0.8871486
1990-01-02,0.85551107
1990-01-03,0.8295536
1990-01-04,0.79539245
1990-01-05,0.76909274
1990-01-06,0.7416858
1990-01-07,0.71441275
1990-01-08,0.68767214
1990-01-09,0.6616818
1990-01-10,0.6371439
1990-01-11,0.6108266
1990-01-12,0.5892074
1990-01-13,0.5655951
1990-01-14,0.5784029
1990-01-15,0.55708206
1990-01-16,0.5127859
1990-01-17,0.4926431
1990-01-18,0.4763149
1990-01-19,0.460549
1990-01-20,0.4439951
1990-01-21,0.44354
1990-01-22,1.3271818
1990-01-23,0.6595398
1990-01-24,0.43766755
1990-01-25,0.4158011
1990-01-26,0.40155187
1990-01-27,0.4492451
1990-01-28,0.38598356
1990-01-29,0.37327898
1990-01-30,0.359263
1990-01-31,0.31274673
1990-02-01,0.255527
1990-02-02,0.20956507
1990-02-03,0.21987264
1990-02-04,0.20427181
1990-02-05,0.26212642
1990-02-06,0.45241737
1990-02-07,0.2002601
1990-02-08,0.17135723
1990-02-09,0.038088962
1990-02-10,0.025064038
1990-02-11,0.02467883
1990-02-12,0.023821404
1990-02-13,0.02340098
1990-02-14,0.01966789
1990-02-15,0.015570668
1990-02-16,0.014821024
1990-02-17,0.014591554
1990-02-18,0.0120118
1990-02-19,0.0063913534
1990-02-20,0.0005059082
1990-02-21,2.081576e-09
1990-02-22,8.5647135e-15
1990-02-23,3.5239797e-20
1990-02-24,0.0011015249
1990-02-25,0.000103589875
1990-02-26,4.2622397e-10
1990-02-27,1.7537127e-15
1990-02-28,7.215709e-21
1990-03-01,2.9689273e-26
1990-03-02,1.2215750000000001e-31
1990-03-03,5.026211e-37
1990-03-04,2.068e-42
1990-03-05,0.02245304
1990-03-06,0.120888606
1990-03-07,0.011170072
1990-03-08,4.5959627e-08
1990-03-09,0.0016650957
1990-03-10,0.101709746
1990-03-11,0.23658873
1990-03-12,0.055193666
1990-03-13,0.11056954
1990-03-14,0.03512124
1990-03-15,0.06860408
1990-03-16,0.2029024
1990-03-17,0.039668374
1990-03-18,0.0025547913
1990-03-19,5.3007665e-05
1990-03-20,2.1810179e-10
1990-03-21,8.97387e-16
1990-03-22,0.00028817292
1990-03-23,0.1179825
1990-03-24,0.1635486
1990-03-25,0.04447084
1990-03-26,0.0031286038
1990-03-27,0.007939303
1990-03-28,0.0083862925
1990-03-29,0.0007186993
1990-03-30,2.957112e-09
1990-03-31,1.2167135e-14
1990-04-01,5.0062082e-20
1990-04-02,0.036370344
1990-04-03,0.18837322
1990-04-04,0.29356197
1990-04-05,0.14239301
1990-04-06,0.20457299
1990-04-07,1.263993
1990-04-08,1.6234599
1990-04-09,0.14227144
1990-04-10,5.8400456e-05
1990-04-11,2.402906e-10
1990-04-12,9.886836e-16
1990-04-13,4.0679717e-21
1990-04-14,3.3016348
1990-04-15,0.8982666
1990-04-16,5.821972
1990-04-17,1.3337905
1990-04-18,0.28824368
1990-04-19,0.060215984
1990-04-20,0.0037719843
1990-04-21,0.68139607
1990-04-22,1.7932256
1990-04-23,3.1285577
1990-04-24,1.3008792
1990-04-25,1.6170413
1990-04-26,7.3211694
1990-04-27,2.8694675
1990-04-28,2.8512187
1990-04-29,7.0917954
1990-04-30,2.1249928
1990-05-01,5.953448
1990-05-02,3.5967271
1990-05-03,2.9406247
1990-05-04,0.8526298
1990-05-05,1.14141
1990-05-06,0.6749479
1990-05-07,2.7462733
1990-05-08,1.2895927
1990-05-09,3.4584105
1990-05-10,1.3979294
1990-05-11,8.920372
1990-05-12,3.3355665
1990-05-13,7.3051367
1990-05-14,5.4309773
1990-05-15,2.2115474
1990-05-16,5.8326473
1990-05-17,4.6154995
1990-05-18,4.7104526
1990-05-19,5.364075
1990-05-20,7.541604
1990-05-21,8.412996
1990-05-22,11.801974
1990-05-23,41.56644
1990-05-24,24.504553
1990-05-25,16.640293
1990-05-26,13.785042
1990-05-27,12.200611
1990-05-28,10.840998
1990-05-29,11.791752
1990-05-30,13.280291
1990-05-31,8.056813
1990-06-01,7.087269
1990-06-02,8.2025175
1990-06-03,7.030954
1990-06-04,5.504071
1990-06-05,6.2346196
1990-06-06,6.765415
1990-06-07,4.8056073
1990-06-08,5.624174
1990-06-09,6.541063
1990-06-10,9.832352
1990-06-11,8.5499735
1990-06-12,6.257746
1990-06-13,7.0442896
1990-06-14,6.36302
1990-06-15,13.375482
1990-06-16,11.651385
1990-06-17,10.096774
1990-06-18,10.382059
1990-06-19,10.58892
1990-06-20,9.005174
1990-06-21,10.121399
1990-06-22,8.474335
1990-06-23,8.773098
1990-06-24,13.085971
1990-06-25,17.82259
1990-06-26,15.4058695
1990-06-27,11.05342
1990-06-28,15.35817
1990-06-29,11.456464
1990-06-30,11.38105
1990-07-01,10.677389
1990-07-02,11.4268265
1990-07-03,13.128494
1990-07-04,10.820212
1990-07-05,10.736422
1990-07-06,10.722182
1990-07-07,19.465582
1990-07-08,11.212141
1990-07-09,10.396262
1990-07-10,9.596482
1990-07-11,9.003645
1990-07-12,8.710226
1990-07-13,9.300534
1990-07-14,7.9198503
1990-07-15,57.62411
1990-07-16,17.997612
1990-07-17,12.275102
1990-07-18,13.786465
1990-07-19,11.433524
1990-07-20,10.182376
1990-07-21,8.662232
1990-07-22,9.631166
1990-07-23,8.261806
1990-07-24,7.072817
1990-07-25,6.553224
1990-07-26,6.073129
1990-07-27,5.6327624
1990-07-28,5.440034
1990-07-29,5.3261228
1990-07-30,5.634536
1990-07-31,5.183916
1990-08-01,4.5336194
1990-08-02,4.188658
1990-08-03,4.001839
1990-08-04,3.87879
1990-08-05,3.8015137
1990-08-06,3.9340656
1990-08-07,3.6234548
1990-08-08,5.148255
1990-08-09,4.405699
1990-08-10,7.350874
1990-08-11,10.175023
1990-08-12,4.541793
1990-08-13,3.4116952
1990-08-14,3.442287
1990-08-15,3.4296498
1990-08-16,14.586584
1990-08-17,4.567997
1990-08-18,3.9397578
1990-08-19,4.2019105
1990-08-20,4.2487736
1990-08-21,6.135231
1990-08-22,7.3815274
1990-08-23,5.376133
1990-08-24,5.8158584
1990-08-25,6.669674
1990-08-26,5.5798326
1990-08-27,5.3330235
1990-08-28,6.393311
1990-08-29,6.274627
1990-08-30,7.23095
1990-08-31,5.3955336
1990-09-01,6.7973423
1990-09-02,6.8233695
1990-09-03,8.214582
1990-09-04,7.2781606
1990-09-05,7.1447453
1990-09-06,6.5311446
1990-09-07,6.325297
1990-09-08,6.2362947
1990-09-09,7.4438386
1990-09-10,9.197244
1990-09-11,8.02678
1990-09-12,11.764717
1990-09-13,7.4392095
1990-09-14,7.814369
1990-09-15,8.356203
1990-09-16,7.0137253
1990-09-17,6.4507008
1990-09-18,6.2521505
1990-09-19,6.174785
1990-09-20,6.219617
1990-09-21,6.071685
1990-09-22,5.435898
1990-09-23,7.017978
1990-09-24,5.169734
1990-09-25,5.7117405
1990-09-26,5.76547
1990-09-27,4.532932
1990-09-28,4.3964887
1990-09-29,5.3246927
1990-09-30,7.3154197
1990-10-01,4.2858295
1990-10-02,7.6531425
1990-10-03,5.0800676
1990-10-04,4.023895
1990-10-05,3.9344757
1990-10-06,3.771968
1990-10-07,3.9930873
1990-10-08,6.5224752
1990-10-09,4.3863387
1990-10-10,3.9101803
1990-10-11,3.5766253
1990-10-12,6.8238783
1990-10-13,4.6422563
1990-10-14,6.2810535
1990-10-15,4.40892
1990-10-16,4.312262
1990-10-17,4.4001145
1990-10-18,5.0209007
1990-10-19,4.421836
1990-10-20,4.2155123
1990-10-21,5.720584
1990-10-22,5.369213
1990-10-23,6.527386
1990-10-24,5.2268286
1990-10-25,6.8236456
1990-10-26,4.868434
1990-10-27,4.8274097
1990-10-28,4.5718617
1990-10-29,5.0706005
1990-10-30,5.2089
1990-10-31,4.602757
1990-11-01,5.7619143
1990-11-02,5.6371317
1990-11-03,5.958252
1990-11-04,4.8258157
1990-11-05,5.5471344
1990-11-06,6.6399717
1990-11-07,5.349968
1990-11-08,5.0093384
1990-11-09,6.3556666
1990-11-10,5.5625453
1990-11-11,5.3078637
1990-11-12,5.320399
1990-11-13,5.455046
1990-11-14,5.505327
1990-11-15,7.9410887
1990-11-16,5.8512015
1990-11-17,5.3484306
1990-11-18,5.903048
1990-11-19,5.38467
1990-11-20,8.170611
1990-11-21,6.054879
1990-11-22,4.9896708
1990-11-23,4.9819317
1990-11-24,4.9229746
1990-11-25,4.8002768
1990-11-26,4.858343
1990-11-27,10.99725
1990-11-28,5.4402823
1990-11-29,5.9429193
1990-11-30,5.5701504
1990-12-01,6.6936574
1990-12-02,5.708186
1990-12-03,6.0314455
1990-12-04,5.879856
1990-12-05,6.9508266
1990-12-06,10.537349
1990-12-07,11.220636
1990-12-08,7.1345468
1990-12-09,6.590158
1990-12-10,6.4137735
1990-12-11,6.187968
1990-12-12,5.911717
1990-12-13,5.663578
1990-12-14,5.5337176
1990-12-15,6.184837
1990-12-16,4.959089
1990-12-17,5.976627
1990-12-18,5.2814317
1990-12-19,4.252367
1990-12-20,3.9771965
1990-12-21,3.790069
1990-12-22,3.6044369
1990-12-23,3.4128675
1990-12-24,3.234659
1990-12-25,3.0649467
1990-12-26,2.9093983
1990-12-27,2.929329
1990-12-28,2.7800019
1990-12-29,2.5605907
1990-12-30,2.4673777
1990-12-31,2.564549
1991-01-01,2.3168838
1991-01-02,2.160391
1991-01-03,2.0588386
1991-01-04,1.9821789
1991-01-05,1.8832954
1991-01-06,1.8070303
1991-01-07,1.7280082
1991-01-08,1.6507238
1991-01-09,1.5804864
1991-01-10,1.509473
1991-01-11,1.4374609
1991-01-12,1.3718728
1991-01-13,1.3095052
1991-01-14,1.2514005
1991-01-15,1.1941198
1991-01-16,1.1366364
1991-01-17,1.0811584
1991-01-18,1.0293335
1991-01-19,0.9794157
1991-01-20,0.9335494
1991-01-21,0.88912153
1991-01-22,0.8449164
1991-01-23,0.8027804
1991-01-24,0.7668122
1991-01-25,0.7290012
1991-01-26,0.69644773
1991-01-27,0.6655674
1991-01-28,0.6390377
1991-01-29,0.6055689
1991-01-30,0.5789732
1991-01-31,0.55508864
1991-02-01,0.53348804
1991-02-02,0.5126378
1991-02-03,0.49018797
1991-02-04,0.47144508
1991-02-05,0.45065293
1991-02-06,0.43157166
1991-02-07,0.41405016
1991-02-08,0.39720225
1991-02-09,0.38581556
1991-02-10,0.37274218
1991-02-11,0.33477962
1991-02-12,0.3252236
1991-02-13,0.2911872
1991-02-14,0.23423982
1991-02-15,0.041388914
1991-02-16,0.016807865
1991-02-17,0.057092737
1991-02-18,0.06536745
1991-02-19,0.019077914
1991-02-20,0.011521926
1991-02-21,0.00096483645
1991-02-22,3.9698516e-09
1991-02-23,1.6334087e-14
1991-02-24,0.105646774
1991-02-25,4.7876577
1991-02-26,0.7263965
1991-02-27,0.16704637
1991-02-28,0.024034834
1991-03-01,0.028136771
1991-03-02,0.0025507414
1991-03-03,1.049511e-08
1991-03-04,4.3182478e-14
1991-03-05,1.7767572999999998e-19
1991-03-06,7.3105273e-25
1991-03-07,0.20354475
1991-03-08,5.921052
1991-03-09,0.5558231
1991-03-10,0.19008635
1991-03-11,1.844587
1991-03-12,0.18415837
1991-03-13,0.4947739
1991-03-14,0.3287481
1991-03-15,0.302752
1991-03-16,0.025974676
1991-03-17,1.06873664e-07
1991-03-18,0.007456212
1991-03-19,0.0007011989
1991-03-20,2.8851062e-09
1991-03-21,1.1870864e-14
1991-03-22,4.8843067e-20
1991-03-23,2.0096640999999998e-25
1991-03-24,8.26883e-31
1991-03-25,3.4022375e-36
1991-03-26,1.3999e-41
1991-03-27,0.0
1991-03-28,0.03038473
1991-03-29,0.6394335
1991-03-30,0.090217605
1991-03-31,0.0028546688
1991-04-01,1.1745629e-08
1991-04-02,4.8327783e-14
1991-04-03,1.9884626e-19
1991-04-04,8.1815954e-25
1991-04-05,0.30266365
1991-04-06,0.43777454
1991-04-07,1.8331511
1991-04-08,0.33673394
1991-04-09,1.4172906
1991-04-10,2.8656225
1991-04-11,1.1083832
1991-04-12,1.4495935
1991-04-13,1.8973511
1991-04-14,0.4218693
1991-04-15,0.86032
1991-04-16,0.4028384
1991-04-17,1.0136218
1991-04-18,0.20218211
1991-04-19,2.3128607
1991-04-20,8.522007
1991-04-21,2.620539
1991-04-22,6.5267863
1991-04-23,3.2632456
1991-04-24,0.52520674
1991-04-25,1.8199854
1991-04-26,0.28322265
1991-04-27,0.5889554
1991-04-28,0.31982732
1991-04-29,0.26048428
1991-04-30,1.2632211
1991-05-01,0.86909705
1991-05-02,1.0349925
1991-05-03,9.23213
1991-05-04,1.4458973
1991-05-05,0.9471025
1991-05-06,13.7094965
1991-05-07,2.6337245
1991-05-08,12.339833
1991-05-09,8.07519
1991-05-10,30.68632
1991-05-11,13.200028
1991-05-12,9.675817
1991-05-13,42.53312
1991-05-14,24.832947
1991-05-15,15.573108
1991-05-16,13.901523
1991-05-17,13.636589
1991-05-18,13.717671
1991-05-19,9.515437
1991-05-20,8.16781
1991-05-21,7.4087763
1991-05-22,9.129161
1991-05-23,8.953384
1991-05-24,7.946679
1991-05-25,6.887554
1991-05-26,7.3544993
1991-05-27,6.474303
1991-05-28,5.632343
1991-05-29,5.4929338
1991-05-30,15.456083
1991-05-31,6.440456
1991-06-01,13.375865
1991-06-02,10.969677
1991-06-03,9.172169
1991-06-04,8.373264
1991-06-05,7.965328
1991-06-06,9.790953
1991-06-07,11.976065
1991-06-08,10.114445
1991-06-09,7.5436573
1991-06-10,11.576497
1991-06-11,12.669339
1991-06-12,7.240089
1991-06-13,7.858856
1991-06-14,6.8577037
1991-06-15,7.3641396
1991-06-16,6.8422227
1991-06-17,13.701848
1991-06-18,25.807919
1991-06-19,21.763302
1991-06-20,18.779438
1991-06-21,14.145068
1991-06-22,11.945784
1991-06-23,11.944522
1991-06-24,16.426195
1991-06-25,16.316235
1991-06-26,23.474983
1991-06-27,18.785883
1991-06-28,23.549513
1991-06-29,22.446547
1991-06-30,17.568253
1991-07-01,18.043797
1991-07-02,24.068415
1991-07-03,76.06648
1991-07-04,37.49412
1991-07-05,38.46793
1991-07-06,21.544312
1991-07-07,15.124648
1991-07-08,15.723767
1991-07-09,14.865873
1991-07-10,15.738525
1991-07-11,13.39378
1991-07-12,15.112959
1991-07-13,15.379283
1991-07-14,19.247684
1991-07-15,27.703941
1991-07-16,19.109474
1991-07-17,15.665413
1991-07-18,16.227245
1991-07-19,17.011475
1991-07-20,13.595641
1991-07-21,11.370909
1991-07-22,17.34538
1991-07-23,13.027029
1991-07-24,13.34597
1991-07-25,54.96607
1991-07-26,22.574472
1991-07-27,14.404052
1991-07-28,13.217466
1991-07-29,13.274937
1991-07-30,9.254175
1991-07-31,10.618127
1991-08-01,10.564219
1991-08-02,7.9208374
1991-08-03,12.847599
1991-08-04,7.319064
1991-08-05,6.391746
1991-08-06,6.5819035
1991-08-07,10.578591
1991-08-08,12.763367
1991-08-09,8.674458
1991-08-10,8.420018
1991-08-11,7.320334
1991-08-12,10.013269
1991-08-13,8.499279
1991-08-14,7.0145183
1991-08-15,9.320455
1991-08-16,6.928492
1991-08-17,6.633853
1991-08-18,6.330075
1991-08-19,6.1326375
1991-08-20,5.8748894
1991-08-21,6.212408
1991-08-22,5.847572
1991-08-23,5.178014
1991-08-24,4.823519
1991-08-25,10.762735
1991-08-26,5.2018456
1991-08-27,4.267158
1991-08-28,5.550688
1991-08-29,5.177082
1991-08-30,5.7867064
1991-08-31,7.898387
1991-09-01,8.326694
1991-09-02,8.752919
1991-09-03,5.853775
1991-09-04,5.833593
1991-09-05,6.211024
1991-09-06,5.964991
1991-09-07,7.144708
1991-09-08,7.408973
1991-09-09,5.618729
1991-09-10,11.183178
1991-09-11,13.287372
1991-09-12,10.86217
1991-09-13,8.263658
1991-09-14,9.456469
1991-09-15,8.856303
1991-09-16,12.94507
1991-09-17,7.5350013
1991-09-18,6.73286
1991-09-19,6.939596
1991-09-20,14.040442
1991-09-21,12.367683
1991-09-22,10.518623
1991-09-23,10.304973
1991-09-24,11.635718
1991-09-25,11.445986
1991-09-26,9.447338
1991-09-27,9.853257
1991-09-28,8.942516
1991-09-29,10.504891
1991-09-30,8.673458
1991-10-01,7.55162
1991-10-02,7.068295
1991-10-03,6.7049313
1991-10-04,6.2181125
1991-10-05,5.76671
1991-10-06,5.5224867
1991-10-07,5.1446424
1991-10-08,4.8947797
1991-10-09,6.064885
1991-10-10,5.7939763
1991-10-11,8.177417
1991-10-12,4.5606146
1991-10-13,4.12539
1991-10-14,4.215032
1991-10-15,3.8220775
1991-10-16,3.6450393
1991-10-17,5.152192
1991-10-18,8.39631
1991-10-19,11.422032
1991-10-20,5.575862
1991-10-21,5.1135507
1991-10-22,7.4263573
1991-10-23,5.5069246
1991-10-24,4.7739305
1991-10-25,4.651498
1991-10-26,10.18972
1991-10-27,7.2072997
1991-10-28,8.758424
1991-10-29,6.1805234
1991-10-30,5.544649
1991-10-31,7.837115
1991-11-01,6.482506
1991-11-02,6.114728
1991-11-03,5.9491625
1991-11-04,5.8553233
1991-11-05,5.826926
1991-11-06,5.4652734
1991-11-07,5.265446
1991-11-08,5.6636667
1991-11-09,5.249415
1991-11-10,5.3719254
1991-11-11,4.634424
1991-11-12,4.525784
1991-11-13,4.2100925
1991-11-14,4.008092
1991-11-15,3.842696
1991-11-16,3.7122831
1991-11-17,3.5464835
1991-11-18,3.3848853
1991-11-19,3.218481
1991-11-20,3.3430052
1991-11-21,3.1764314
1991-11-22,3.5760257
1991-11-23,4.584994
1991-11-24,2.7937162
1991-11-25,2.4923136
1991-11-26,2.5138476
1991-11-27,2.4610405
1991-11-28,4.4313097
1991-11-29,2.8060365
1991-11-30,2.2186632
1991-12-01,2.295778
1991-12-02,2.2122867
1991-12-03,2.084291
1991-12-04,1.9326205
1991-12-05,1.8754416
1991-12-06,1.8209578
1991-12-07,1.7770388
1991-12-08,1.7469306
1991-12-09,1.7125764
1991-12-10,1.637956
1991-12-11,1.5869431
1991-12-12,1.5440968
1991-12-13,1.5006307
1991-12-14,1.4549596
1991-12-15,1.4039172
1991-12-16,1.3562818
1991-12-17,1.3146065
1991-12-18,1.2704904
1991-12-19,1.2657479
1991-12-20,1.190209
1991-12-21,1.1443411
1991-12-22,1.1056949
1991-12-23,1.0660655
1991-12-24,1.0286369
1991-12-25,0.99483365
1991-12-26,0.9710797
1991-12-27,0.9476926
1991-12-28,0.93908423
1991-12-29,0.87793374
1991-12-30,0.83961314
1991-12-31,0.80995625
1992-01-01,0.78190005
1992-01-02,0.7531114
1992-01-03,0.7524147
1992-01-04,0.7140459
1992-01-05,0.6863913
1992-01-06,0.8988578
1992-01-07,0.7674147
1992-01-08,0.644015
1992-01-09,0.6037837
1992-01-10,0.5837406
1992-01-11,0.5649463
1992-01-12,0.5428602
1992-01-13,0.52545685
1992-01-14,0.5111404
1992-01-15,0.4921452
1992-01-16,0.47455037
1992-01-17,0.45471948
1992-01-18,0.43706816
1992-01-19,0.42286137
1992-01-20,0.4061072
1992-01-21,0.39044306
1992-01-22,0.37417474
1992-01-23,0.3589838
1992-01-24,0.33704033
1992-01-25,0.29354617
1992-01-26,0.18996061
1992-01-27,0.08237866
1992-01-28,0.033872843
1992-01-29,0.022881221
1992-01-30,0.018951721
1992-01-31,0.0037796712
1992-02-01,0.00020471953
1992-02-02,8.4232527e-10
1992-02-03,3.4657753e-15
1992-02-04,1.4260047999999998e-20
1992-02-05,5.867343400000001e-26
1992-02-06,2.414138e-31
1992-02-07,0.00061480456
1992-02-08,0.103515856
1992-02-09,0.09277705
1992-02-10,0.0078100255
1992-02-11,3.2134608e-08
1992-02-12,1.3221892e-13
1992-02-13,5.440191e-19
1992-02-14,2.2383845e-24
1992-02-15,9.209907600000001e-30
1992-02-16,3.789447e-35
1992-02-17,1.5591800000000002e-40
1992-02-18,0.0
1992-02-19,0.0
1992-02-20,0.0
1992-02-21,0.0
1992-02-22,0.0
1992-02-23,0.0
1992-02-24,0.0
1992-02-25,0.0
1992-02-26,0.0
1992-02-27,0.0
1992-02-28,0.0
1992-02-29,0.0
1992-03-01,0.0011527586
1992-03-02,0.015705684
1992-03-03,0.0014668034
1992-03-04,6.035211e-09
1992-03-05,2.4832077e-14
1992-03-06,1.0217239999999999e-19
1992-03-07,4.203917e-25
1992-03-08,0.12410186
1992-03-09,0.10468657
1992-03-10,0.008747458
1992-03-11,3.5991707e-08
1992-03-12,0.0020237318
1992-03-13,0.01435711
1992-03-14,0.0013322778
1992-03-15,0.010172387
1992-03-16,0.0009566336
1992-03-17,3.936101e-09
1992-03-18,1.6195216e-14
1992-03-19,6.663575999999999e-20
1992-03-20,2.7417502e-25
1992-03-21,1.1281022e-30
1992-03-22,4.6416139999999996e-36
1992-03-23,1.9098e-41
1992-03-24,0.0
1992-03-25,0.0
1992-03-26,0.0
1992-03-27,0.0
1992-03-28,0.0
1992-03-29,0.0
1992-03-30,0.0
1992-03-31,0.017712327
1992-04-01,0.001665707
1992-04-02,0.019087808
1992-04-03,0.0034345386
1992-04-04,0.00071775855
1992-04-05,0.0014257913
1992-04-06,0.05978169
1992-04-07,0.04943862
1992-04-08,0.15689008
1992-04-09,0.24894513
1992-04-10,0.1444037
1992-04-11,0.088669494
1992-04-12,0.008992535
1992-04-13,0.00016326987
1992-04-14,6.717793e-10
1992-04-15,2.764058e-15
1992-04-16,1.13728085e-20
1992-04-17,0.19507578
1992-04-18,0.19111358
1992-04-19,0.056208014
1992-04-20,0.15984581
1992-04-21,0.054355852
1992-04-22,0.066643365
1992-04-23,1.8520316
1992-04-24,0.2862656
1992-04-25,0.9874903
1992-04-26,0.7244866
1992-04-27,1.8967727
1992-04-28,5.5770254
1992-04-29,0.9305629
1992-04-30,0.039719425
1992-05-01,1.6342689e-07
1992-05-02,6.724254e-13
1992-05-03,0.0100222835
1992-05-04,0.34066916
1992-05-05,0.2409347
1992-05-06,0.27824906
1992-05-07,1.882849
1992-05-08,0.57908815
1992-05-09,0.04360121
1992-05-10,3.5786686
1992-05-11,0.53270596
1992-05-12,0.15274318
1992-05-13,0.34184748
1992-05-14,1.2216685
1992-05-15,2.4271734
1992-05-16,0.359826
1992-05-17,4.4743776
1992-05-18,1.655803
1992-05-19,6.78111
1992-05-20,0.7711442
1992-05-21,1.1695068
1992-05-22,2.2882524
1992-05-23,1.4988301
1992-05-24,0.294761
1992-05-25,0.20305344
1992-05-26,0.21439041
1992-05-27,3.7590895
1992-05-28,3.9227116
1992-05-29,4.332564
1992-05-30,1.8381152
1992-05-31,0.4171998
1992-06-01,0.5456282
1992-06-02,2.1843681
1992-06-03,2.7669704
1992-06-04,1.0313207
1992-06-05,3.3212008
1992-06-06,0.606332
1992-06-07,0.3798689
1992-06-08,0.9853787
1992-06-09,1.7022483
1992-06-10,0.8562679
1992-06-11,5.9139423
1992-06-12,4.037069
1992-06-13,4.225325
1992-06-14,1.2635955
1992-06-15,3.456066
1992-06-16,8.157486
1992-06-17,3.7752
1992-06-18,1.9009494
1992-06-19,2.9219728
1992-06-20,12.068824
1992-06-21,9.194725
1992-06-22,5.677417
1992-06-23,4.4407225
1992-06-24,4.6279707
1992-06-25,8.837488
1992-06-26,5.8301325
1992-06-27,7.279262
1992-06-28,7.8528247
1992-06-29,7.9909415
1992-06-30,7.1824574
1992-07-01,7.091223
1992-07-02,6.415754
1992-07-03,19.712408
1992-07-04,19.579351
1992-07-05,22.461174
1992-07-06,21.963663
1992-07-07,15.727402
1992-07-08,17.331861
1992-07-09,14.563957
1992-07-10,12.5306835
1992-07-11,23.840723
1992-07-12,19.113659
1992-07-13,28.368624
1992-07-14,63.812424
1992-07-15,24.517527
1992-07-16,13.732498
1992-07-17,11.7146845
1992-07-18,12.564078
1992-07-19,19.308712
1992-07-20,10.841473
1992-07-21,9.186228
1992-07-22,10.2499075
1992-07-23,28.447113
1992-07-24,14.68619
1992-07-25,13.066845
1992-07-26,11.855533
1992-07-27,10.754999
1992-07-28,9.987895
1992-07-29,10.8197365
1992-07-30,14.238651
1992-07-31,40.633026
1992-08-01,16.912815
1992-08-02,13.618538
1992-08-03,13.947182
1992-08-04,11.780357
1992-08-05,11.000137
1992-08-06,14.039756
1992-08-07,10.665711
1992-08-08,10.90978
1992-08-09,9.397127
1992-08-10,8.975323
1992-08-11,14.87836
1992-08-12,11.632512
1992-08-13,10.577253
1992-08-14,15.927046
1992-08-15,15.997614
1992-08-16,14.200901
1992-08-17,12.531477
1992-08-18,14.471099
1992-08-19,11.244666
1992-08-20,12.499684
1992-08-21,14.232433
1992-08-22,12.849356
1992-08-23,16.21623
1992-08-24,12.811378
1992-08-25,10.369605
1992-08-26,9.351753
1992-08-27,8.929371
1992-08-28,8.831228
1992-08-29,9.296892
1992-08-30,7.8850665
1992-08-31,8.986552
1992-09-01,8.198048
1992-09-02,7.475901
1992-09-03,6.6084423
1992-09-04,11.546447
1992-09-05,9.58595
1992-09-06,14.354868
1992-09-07,11.386922
1992-09-08,12.874598
1992-09-09,12.948947
1992-09-10,11.190217
1992-09-11,9.83571
1992-09-12,9.009255
1992-09-13,8.723619
1992-09-14,14.068969
1992-09-15,9.218721
1992-09-16,7.116238
1992-09-17,8.387644
1992-09-18,13.562252
1992-09-19,7.5931864
1992-09-20,5.6638894
1992-09-21,5.369997
1992-09-22,7.0570307
1992-09-23,5.6397767
1992-09-24,4.7871723
1992-09-25,6.6041203
1992-09-26,7.410267
1992-09-27,5.313289
1992-09-28,4.731465
1992-09-29,5.4252033
1992-09-30,4.1716065
1992-10-01,6.6531076
1992-10-02,4.5594544
1992-10-03,4.0016522
1992-10-04,6.7655845
1992-10-05,3.8537939
1992-10-06,3.714035
1992-10-07,8.12834
1992-10-08,4.281347
1992-10-09,6.169775
1992-10-10,6.9687304
1992-10-11,5.212722
1992-10-12,4.9101048
1992-10-13,4.714948
1992-10-14,4.85537
1992-10-15,6.5167656
1992-10-16,12.503012
1992-10-17,6.4764385
1992-10-18,5.9930763
1992-10-19,5.790969
1992-10-20,6.961548
1992-10-21,5.756708
1992-10-22,5.409964
1992-10-23,5.051652
1992-10-24,6.3923044
1992-10-25,12.432806
1992-10-26,5.5834956
1992-10-27,5.274179
1992-10-28,4.5569563
1992-10-29,4.211773
1992-10-30,4.055338
1992-10-31,3.9280024
1992-11-01,3.815416
1992-11-02,3.6655958
1992-11-03,3.5405319
1992-11-04,3.401257
1992-11-05,3.2706575
1992-11-06,3.1975763
1992-11-07,3.9632337
1992-11-08,6.166455
1992-11-09,3.1628423
1992-11-10,2.7938652
1992-11-11,2.7582853
1992-11-12,2.9679043
1992-11-13,3.9622521
1992-11-14,2.9561186
1992-11-15,3.3148913
1992-11-16,2.5929954
1992-11-17,4.055777
1992-11-18,7.613751
1992-11-19,3.8586771
1992-11-20,4.2969017
1992-11-21,2.9198184
1992-11-22,3.0081277
1992-11-23,3.0204406
1992-11-24,4.0633593
1992-11-25,3.131982
1992-11-26,3.0262198
1992-11-27,3.805002
1992-11-28,10.945761
1992-11-29,5.9399567
1992-11-30,7.600035
1992-12-01,6.262396
1992-12-02,6.434476
1992-12-03,7.999462
1992-12-04,7.612518
1992-12-05,7.375363
1992-12-06,7.2562156
1992-12-07,6.6540003
1992-12-08,6.221529
1992-12-09,5.8556323
1992-12-10,5.4855757
1992-12-11,5.139752
1992-12-12,4.8426123
1992-12-13,4.528321
1992-12-14,4.2479463
1992-12-15,3.9878044
1992-12-16,3.7478683
1992-12-17,3.5245888
1992-12-18,3.4556952
1992-12-19,3.1462426
1992-12-20,2.9463608
1992-12-21,2.7646039
1992-12-22,2.6016214
1992-12-23,2.522632
1992-12-24,2.3507748
1992-12-25,2.2168963
1992-12-26,2.1050699
1992-12-27,2.0221527
1992-12-28,1.9056118
1992-12-29,1.803984
1992-12-30,1.702179
1992-12-31,1.604444
1993-01-01,1.5250229
1993-01-02,1.4444866
1993-01-03,1.3713739
1993-01-04,1.3287482
1993-01-05,1.2794119
1993-01-06,1.2309265
1993-01-07,1.1489224
1993-01-08,1.0880195
1993-01-09,1.0323396
1993-01-10,0.9826756
1993-01-11,0.9361232
1993-01-12,0.8945763
1993-01-13,0.8510946
1993-01-14,0.811868
1993-01-15,0.77337384
1993-01-16,0.73717207
1993-01-17,0.7050816
1993-01-18,0.7063419
1993-01-19,0.66740143
1993-01-20,0.62351537
1993-01-21,0.5971637
1993-01-22,0.57000875
1993-01-23,0.5513057
1993-01-24,0.52348
1993-01-25,0.49870104
1993-01-26,0.4866477
1993-01-27,0.46539265
1993-01-28,0.4451121
1993-01-29,0.5487298
1993-01-30,0.43500337
1993-01-31,0.4003629
1993-02-01,0.38398665
1993-02-02,0.36772925
1993-02-03,0.3634764
1993-02-04,0.40485245
1993-02-05,0.34880644
1993-02-06,0.082282454
1993-02-07,0.037527304
1993-02-08,0.024472954
1993-02-09,0.02252057
1993-02-10,0.01792893
1993-02-11,0.006180981
1993-02-12,0.00043977224
1993-02-13,1.8094575e-09
1993-02-14,7.445073e-15
1993-02-15,3.0633e-20
1993-02-16,1.2604049e-25
1993-02-17,5.185978e-31
1993-02-18,2.1337877e-36
1993-02-19,8.779e-42
1993-02-20,0.0
1993-02-21,0.0
1993-02-22,0.0
1993-02-23,0.0
1993-02-24,0.0005891877
1993-02-25,0.022045972
1993-02-26,0.0029138173
1993-02-27,7.954709e-05
1993-02-28,3.2729916e-10
1993-03-01,1.3466833e-15
1993-03-02,5.5409727e-21
1993-03-03,2.2798516e-26
1993-03-04,9.380525e-32
1993-03-05,0.0020304096
1993-03-06,0.034999527
1993-03-07,0.0032734778
1993-03-08,0.0006660518
1993-03-09,6.2635736e-05
1993-03-10,0.028568521
1993-03-11,0.68013114
1993-03-12,0.2446526
1993-03-13,1.795866
1993-03-14,0.33375385
1993-03-15,2.4450316
1993-03-16,0.22923255
1993-03-17,7.321203e-05
1993-03-18,3.0123332e-10
1993-03-19,1.2394345e-15
1993-03-20,5.0996945e-21
1993-03-21,3.8840337
1993-03-22,1.9266022
1993-03-23,0.30369794
1993-03-24,0.2190623
1993-03-25,0.019580578
1993-03-26,4.1695967
1993-03-27,1.8970178
1993-03-28,0.14917032
1993-03-29,0.07436067
1993-03-30,0.25213587
1993-03-31,0.023060175
1993-04-01,9.488185e-08
1993-04-02,0.12009412
1993-04-03,0.5927291
1993-04-04,0.068161495
1993-04-05,0.0012681009
1993-04-06,5.217643e-09
1993-04-07,2.1468167e-14
1993-04-08,0.039444372
1993-04-09,0.28197244
1993-04-10,0.13727027
1993-04-11,0.27192768
1993-04-12,3.444521
1993-04-13,0.8765355
1993-04-14,3.9915428
1993-04-15,2.291282
1993-04-16,0.279441
1993-04-17,0.00929227
1993-04-18,0.2612442
1993-04-19,2.883622
1993-04-20,0.33395222
1993-04-21,4.560248
1993-04-22,14.572994
1993-04-23,2.691103
1993-04-24,3.8495803
1993-04-25,1.4786893
1993-04-26,4.624171
1993-04-27,0.44575292
1993-04-28,0.08542734
1993-04-29,8.59151
1993-04-30,11.369116
1993-05-01,7.0417514
1993-05-02,2.8880723
1993-05-03,2.0880952
1993-05-04,5.6919146
1993-05-05,0.8736633
1993-05-06,0.4582446
1993-05-07,11.201834
1993-05-08,3.0610797
1993-05-09,1.595812
1993-05-10,3.4777522
1993-05-11,2.948346
1993-05-12,1.2174534
1993-05-13,0.975146
1993-05-14,1.0133436
1993-05-15,3.7076333
1993-05-16,5.4611363
1993-05-17,4.561127
1993-05-18,2.7578816
1993-05-19,2.7586977
1993-05-20,2.920926
1993-05-21,3.2932153
1993-05-22,3.7698236
1993-05-23,4.732541
1993-05-24,3.045985
1993-05-25,3.1196063
1993-05-26,5.81442
1993-05-27,8.886711
1993-05-28,5.3932114
1993-05-29,6.11804
1993-05-30,6.644609
1993-05-31,4.924862
1993-06-01,5.0060034
1993-06-02,6.306794
1993-06-03,6.437899
1993-06-04,5.787374
1993-06-05,7.6407075
1993-06-06,11.615012
1993-06-07,14.61424
1993-06-08,18.559721
1993-06-09,14.932704
1993-06-10,14.468445
1993-06-11,37.07151
1993-06-12,26.66489
1993-06-13,19.652685
1993-06-14,17.448746
1993-06-15,14.135127
1993-06-16,12.831703
1993-06-17,14.014791
1993-06-18,11.193273
1993-06-19,13.732553
1993-06-20,16.251032
1993-06-21,10.02441
1993-06-22,25.162485
1993-06-23,19.411274
1993-06-24,16.880955
1993-06-25,16.668156
1993-06-26,21.78239
1993-06-27,20.598152
1993-06-28,17.16907
1993-06-29,12.473582
1993-06-30,21.352512
1993-07-01,12.365297
1993-07-02,16.114504
1993-07-03,16.16643
1993-07-04,13.71964
1993-07-05,12.175993
1993-07-06,9.967007
1993-07-07,9.743963
1993-07-08,7.882892
1993-07-09,7.7123218
1993-07-10,18.404123
1993-07-11,11.3004465
1993-07-12,10.539613
1993-07-13,9.860294
1993-07-14,12.387584
1993-07-15,73.726616
1993-07-16,58.020844
1993-07-17,19.562492
1993-07-18,13.067775
1993-07-19,10.911955
1993-07-20,15.029345
1993-07-21,11.357966
1993-07-22,11.463119
1993-07-23,8.315149
1993-07-24,12.233797
1993-07-25,13.336028
1993-07-26,8.353552
1993-07-27,8.438797
1993-07-28,7.3852663
1993-07-29,7.3160887
1993-07-30,11.224137
1993-07-31,12.6650505
1993-08-01,15.096653
1993-08-02,8.0205145
1993-08-03,6.6697807
1993-08-04,7.7636294
1993-08-05,6.65189
1993-08-06,6.021142
1993-08-07,5.8294764
1993-08-08,5.6392584
1993-08-09,5.665157
1993-08-10,5.396135
1993-08-11,5.3506885
1993-08-12,6.1092486
1993-08-13,5.28832
1993-08-14,4.9233837
1993-08-15,5.108435
1993-08-16,4.869149
1993-08-17,7.66817
1993-08-18,5.8912096
1993-08-19,4.372196
1993-08-20,8.008952
1993-08-21,5.753369
1993-08-22,6.1340356
1993-08-23,6.266923
1993-08-24,6.879053
1993-08-25,7.335779
1993-08-26,8.342544
1993-08-27,6.636189
1993-08-28,6.6910486
1993-08-29,6.4583845
1993-08-30,6.0386305
1993-08-31,5.7835937
1993-09-01,5.56693
1993-09-02,6.619716
1993-09-03,8.030485
1993-09-04,8.336122
1993-09-05,5.141908
1993-09-06,6.253588
1993-09-07,5.7138686
1993-09-08,4.546675
1993-09-09,5.884151
1993-09-10,7.323254
1993-09-11,5.467991
1993-09-12,4.446648
1993-09-13,5.4014554
1993-09-14,6.9843445
1993-09-15,7.674247
1993-09-16,8.409169
1993-09-17,11.481059
1993-09-18,10.507406
1993-09-19,8.352032
1993-09-20,7.8881793
1993-09-21,7.7787004
1993-09-22,7.1914024
1993-09-23,7.942541
1993-09-24,6.6614423
1993-09-25,6.4207416
1993-09-26,5.5706854
1993-09-27,5.2794957
1993-09-28,5.278822
1993-09-29,4.7077055
1993-09-30,5.001452
1993-10-01,5.775358
1993-10-02,4.20958
1993-10-03,6.1274495
1993-10-04,6.905914
1993-10-05,3.8998291
1993-10-06,3.6588948
1993-10-07,4.0125465
1993-10-08,9.930231
1993-10-09,4.6110644
1993-10-10,4.284846
1993-10-11,4.2150054
1993-10-12,4.8852177
1993-10-13,7.332947
1993-10-14,6.1066337
1993-10-15,5.8754125
1993-10-16,7.768909
1993-10-17,5.5184336
1993-10-18,5.2830124
1993-10-19,5.454457
1993-10-20,5.3619866
1993-10-21,5.1458364
1993-10-22,5.4038024
1993-10-23,5.645146
1993-10-24,6.444922
1993-10-25,10.357307
1993-10-26,5.5760784
1993-10-27,4.7906656
1993-10-28,6.3410487
1993-10-29,5.696262
1993-10-30,5.094671
1993-10-31,5.1749268
1993-11-01,5.831911
1993-11-02,8.164254
1993-11-03,5.913506
1993-11-04,6.260807
1993-11-05,7.8295574
1993-11-06,6.210304
1993-11-07,5.435592
1993-11-08,5.4095592
1993-11-09,6.326358
1993-11-10,7.9160314
1993-11-11,6.936638
1993-11-12,6.539089
1993-11-13,8.985269
1993-11-14,7.1371017
1993-11-15,6.7849154
1993-11-16,6.622012
1993-11-17,6.187966
1993-11-18,6.046369
1993-11-19,6.5507874
1993-11-20,7.819026
1993-11-21,7.477718
1993-11-22,5.5217075
1993-11-23,5.183983
1993-11-24,5.2794247
1993-11-25,5.1183605
1993-11-26,4.832283
1993-11-27,4.5220227
1993-11-28,4.729871
1993-11-29,5.1948624
1993-11-30,4.072469
1993-12-01,3.8423913
1993-12-02,3.7255266
1993-12-03,3.5904975
1993-12-04,3.6399186
1993-12-05,3.6430686
1993-12-06,3.4265518
1993-12-07,3.3112082
1993-12-08,3.265637
1993-12-09,3.237798
1993-12-10,4.043964
1993-12-11,6.100416
1993-12-12,3.7565463
1993-12-13,3.4399142
1993-12-14,2.8629181
1993-12-15,2.7999032
1993-12-16,2.7597632
1993-12-17,2.708975
1993-12-18,2.6635804
1993-12-19,2.6047657
1993-12-20,2.5869567
1993-12-21,2.4896286
1993-12-22,2.4150944
1993-12-23,2.3494735
1993-12-24,2.2712636
1993-12-25,2.1968608
1993-12-26,2.1183968
1993-12-27,2.0384672
1993-12-28,1.9580631
1993-12-29,1.8796902
1993-12-30,1.799436
1993-12-31,1.7192667
1994-01-01,1.6405765
1994-01-02,1.5648669
1994-01-03,1.4898018
1994-01-04,1.4213858
1994-01-05,1.3541898
1994-01-06,1.2900146
1994-01-07,1.2269287
1994-01-08,1.1675925
1994-01-09,1.1147082
1994-01-10,1.0627502
1994-01-11,1.01339
1994-01-12,0.96982545
1994-01-13,0.9270845
1994-01-14,0.8987482
1994-01-15,0.86604124
1994-01-16,0.83809507
1994-01-17,0.7951979
1994-01-18,0.75850827
1994-01-19,0.72215784
1994-01-20,0.6896301
1994-01-21,0.65734863
1994-01-22,0.626518
1994-01-23,0.59777856
1994-01-24,0.5698467
1994-01-25,0.54464453
1994-01-26,0.51947963
1994-01-27,0.49740785
1994-01-28,0.47606903
1994-01-29,0.4601053
1994-01-30,0.43602172
1994-01-31,0.41645786
1994-02-01,0.4027035
1994-02-02,0.38771346
1994-02-03,0.3735735
1994-02-04,0.3597802
1994-02-05,0.33103025
1994-02-06,0.21917064
1994-02-07,0.19397913
1994-02-08,0.16584383
1994-02-09,0.04029243
1994-02-10,0.014380767
1994-02-11,0.007541403
1994-02-12,0.0006038665
1994-02-13,2.4846287e-09
1994-02-14,1.0223087e-14
1994-02-15,4.206323e-20
1994-02-16,1.7307055999999998e-25
1994-02-17,7.1210456e-31
1994-02-18,2.9299778e-36
1994-02-19,1.2055000000000002e-41
1994-02-20,0.05115976
1994-02-21,0.06556835
1994-02-22,0.0057137604
1994-02-23,2.3509457e-08
1994-02-24,9.673044e-14
1994-02-25,0.010364308
1994-02-26,0.0009746828
1994-02-27,0.016829463
1994-02-28,0.031898703
1994-03-01,0.02156464
1994-03-02,0.0017598851
1994-03-03,7.241106e-09
1994-03-04,2.979377e-14
1994-03-05,1.2258745999999998e-19
1994-03-06,0.00061480456
1994-03-07,5.7817604e-05
1994-03-08,2.3789246e-10
1994-03-09,9.788163e-16
1994-03-10,4.0273724e-21
1994-03-11,1.6570757e-26
1994-03-12,0.030386817
1994-03-13,0.15062162
1994-03-14,0.772265
1994-03-15,1.238579
1994-03-16,0.2205343
1994-03-17,0.035697497
1994-03-18,0.1256683
1994-03-19,0.123485275
1994-03-20,0.0105225025
1994-03-21,0.0028435148
1994-03-22,0.1455874
1994-03-23,0.013666219
1994-03-24,0.38162616
1994-03-25,0.05683126
1994-03-26,0.001969607
1994-03-27,8.104014e-09
1994-03-28,1.5994778
1994-03-29,0.8325301
1994-03-30,0.16033033
1994-03-31,1.386176
1994-04-01,1.7013708
1994-04-02,0.43041232
1994-04-03,0.7267063
1994-04-04,2.04556
1994-04-05,0.6388555
1994-04-06,0.042571634
1994-04-07,0.006959887
1994-04-08,1.8955432
1994-04-09,0.21925896
1994-04-10,0.0049635735
1994-04-11,0.000103605766
1994-04-12,4.2628936e-10
1994-04-13,1.7539817e-15
1994-04-14,7.216816e-21
1994-04-15,2.9693828e-26
1994-04-16,1.2217624e-31
1994-04-17,0.004508567
1994-04-18,0.00042399578
1994-04-19,0.052989017
1994-04-20,0.018204981
1994-04-21,1.6813781
1994-04-22,0.25472423
1994-04-23,0.45516863
1994-04-24,0.09607758
1994-04-25,4.250934
1994-04-26,3.5838323
1994-04-27,0.42046154
1994-04-28,1.8994442
1994-04-29,1.4325985
1994-04-30,0.11802755
1994-05-01,0.17640795
1994-05-02,0.8722722
1994-05-03,0.12990937
1994-05-04,7.1897354
1994-05-05,9.338241
1994-05-06,1.0419006
1994-05-07,60.248455
1994-05-08,11.809529
1994-05-09,7.8759747
1994-05-10,4.1684885
1994-05-11,4.5177603
1994-05-12,5.7111073
1994-05-13,1.6895373
1994-05-14,1.0856265
1994-05-15,2.5145245
1994-05-16,1.5114715
1994-05-17,13.652023
1994-05-18,4.870895
1994-05-19,6.5367494
1994-05-20,2.3168163
1994-05-21,1.6643329
1994-05-22,1.7884756
1994-05-23,5.4784207
1994-05-24,2.8467221
1994-05-25,4.2656207
1994-05-26,10.410634
1994-05-27,8.885668
1994-05-28,9.949214
1994-05-29,7.483387
1994-05-30,5.061671
1994-05-31,5.633621
1994-06-01,9.454881
1994-06-02,6.3617964
1994-06-03,10.370479
1994-06-04,12.091982
1994-06-05,19.177082
1994-06-06,32.521507
1994-06-07,18.084488
1994-06-08,13.911389
1994-06-09,13.464087
1994-06-10,11.348904
1994-06-11,10.335232
1994-06-12,10.289047
1994-06-13,15.548445
1994-06-14,11.114188
1994-06-15,8.483244
1994-06-16,9.964381
1994-06-17,8.868716
1994-06-18,8.171881
1994-06-19,9.458553
1994-06-20,9.771484
1994-06-21,11.277831
1994-06-22,8.747458
1994-06-23,9.116883
1994-06-24,9.030872
1994-06-25,8.89038
1994-06-26,10.822936
1994-06-27,9.24664
1994-06-28,10.171156
1994-06-29,8.144319
1994-06-30,7.2327113
1994-07-01,8.229084
1994-07-02,8.229562
1994-07-03,9.463026
1994-07-04,8.66372
1994-07-05,9.713535
1994-07-06,19.297026
1994-07-07,41.754997
1994-07-08,18.433603
1994-07-09,16.371048
1994-07-10,13.189118
1994-07-11,19.714916
1994-07-12,24.688387
1994-07-13,13.4850235
1994-07-14,11.603972
1994-07-15,10.789134
1994-07-16,9.935796
1994-07-17,9.113554
1994-07-18,10.516715
1994-07-19,8.393524
1994-07-20,7.155724
1994-07-21,7.592802
1994-07-22,6.4068346
1994-07-23,6.568739
1994-07-24,6.717713
1994-07-25,5.303912
1994-07-26,13.716046
1994-07-27,7.5622625
1994-07-28,6.1242566
1994-07-29,4.7507567
1994-07-30,7.5208635
1994-07-31,9.899897
1994-08-01,8.327951
1994-08-02,8.991206
1994-08-03,7.7721734
1994-08-04,13.314875
1994-08-05,14.303189
1994-08-06,15.458704
1994-08-07,38.361595
1994-08-08,22.705215
1994-08-09,15.582971
1994-08-10,12.071224
1994-08-11,10.701656
1994-08-12,12.228598
1994-08-13,9.16658
1994-08-14,8.061982
1994-08-15,8.655289
1994-08-16,8.217586
1994-08-17,11.555337
1994-08-18,7.1325083
1994-08-19,7.3378763
1994-08-20,7.597174
1994-08-21,9.81313
1994-08-22,7.0585585
1994-08-23,5.9385304
1994-08-24,7.9919777
1994-08-25,6.0488663
1994-08-26,7.885043
1994-08-27,6.2540107
1994-08-28,6.406967
1994-08-29,6.7348948
1994-08-30,6.611271
1994-08-31,7.92153
1994-09-01,8.095013
1994-09-02,6.2748604
1994-09-03,10.372742
1994-09-04,12.384219
1994-09-05,8.590143
1994-09-06,7.7530227
1994-09-07,8.762841
1994-09-08,7.762426
1994-09-09,8.092892
1994-09-10,9.634525
1994-09-11,10.632254
1994-09-12,8.728883
1994-09-13,8.646813
1994-09-14,9.277517
1994-09-15,7.749782
1994-09-16,7.716234
1994-09-17,6.8800187
1994-09-18,7.7045317
1994-09-19,8.199738
1994-09-20,6.156857
1994-09-21,7.7148123
1994-09-22,5.7406235
1994-09-23,6.5109987
1994-09-24,12.876754
1994-09-25,5.8956
1994-09-26,10.26227
1994-09-27,5.7195864
1994-09-28,5.880362
1994-09-29,6.912336
1994-09-30,7.9576445
1994-10-01,5.537771
1994-10-02,5.273435
1994-10-03,5.456916
1994-10-04,5.832381
1994-10-05,5.827369
1994-10-06,7.0083113
1994-10-07,4.9715915
1994-10-08,13.294095
1994-10-09,6.3094087
1994-10-10,5.90009
1994-10-11,5.6052494
1994-10-12,7.3379693
1994-10-13,5.7426696
1994-10-14,5.584107
1994-10-15,9.2664
1994-10-16,5.614094
1994-10-17,5.272122
1994-10-18,5.2574196
1994-10-19,5.6082315
1994-10-20,8.427552
1994-10-21,5.3334737
1994-10-22,4.9559946
1994-10-23,6.704541
1994-10-24,10.951405
1994-10-25,5.7095137
1994-10-26,5.196061
1994-10-27,7.193307
1994-10-28,5.385069
1994-10-29,5.051513
1994-10-30,4.8962474
1994-10-31,4.830295
1994-11-01,4.842464
1994-11-02,5.4298573
1994-11-03,5.4781423
1994-11-04,4.494176
1994-11-05,4.324856
1994-11-06,4.0607605
1994-11-07,4.1318316
1994-11-08,4.920008
1994-11-09,4.2586565
1994-11-10,4.068101
1994-11-11,3.9034865
1994-11-12,3.749455
1994-11-13,3.930676
1994-11-14,3.6298232
1994-11-15,3.3497784
1994-11-16,3.2442021
1994-11-17,3.1469326
1994-11-18,3.0457118
1994-11-19,2.9539855
1994-11-20,2.8473446
1994-11-21,2.7426803
1994-11-22,2.7841127
1994-11-23,2.6600053
1994-11-24,2.8297594
1994-11-25,2.6155057
1994-11-26,2.630698
1994-11-27,4.5659776
1994-11-28,4.0442586
1994-11-29,2.3960316
1994-11-30,2.201279
1994-12-01,2.1610131
1994-12-02,2.1036494
1994-12-03,2.0917244
1994-12-04,2.0257633
1994-12-05,2.0688748
1994-12-06,1.9416673
1994-12-07,1.8754584
1994-12-08,1.8735405
1994-12-09,1.9703388
1994-12-10,2.3775864
1994-12-11,1.8728309
1994-12-12,1.6816266
1994-12-13,1.636591
1994-12-14,1.6074808
1994-12-15,1.5642368
1994-12-16,1.5031079
1994-12-17,1.4602561
1994-12-18,1.4206662
1994-12-19,1.4941801
1994-12-20,1.3851178
1994-12-21,2.301302
1994-12-22,1.384341
1994-12-23,1.2534806
1994-12-24,1.213745
1994-12-25,1.1787848
1994-12-26,1.1449138
1994-12-27,1.11605
1994-12-28,1.0797375
1994-12-29,1.0445546
1994-12-30,1.0088338
1994-12-31,0.9743297
1995-01-01,0.9393209
1995-01-02,0.9095022
1995-01-03,0.87882864
1995-01-04,0.84857225
1995-01-05,0.81878155
1995-01-06,0.78940856
1995-01-07,0.76089543
1995-01-08,0.7354
1995-01-09,0.7092521
1995-01-10,0.68345135
1995-01-11,0.65902567
1995-01-12,0.63695884
1995-01-13,0.61292994
1995-01-14,0.5929684
1995-01-15,0.5756304
1995-01-16,0.5544962
1995-01-17,0.53769916
1995-01-18,0.5191994
1995-01-19,0.5014295
1995-01-20,0.524039
1995-01-21,0.5807731
1995-01-22,0.50416046
1995-01-23,0.4559816
1995-01-24,0.4395205
1995-01-25,0.4268759
1995-01-26,0.4119778
1995-01-27,0.397113
1995-01-28,0.38358986
1995-01-29,0.36869633
1995-01-30,0.3602234
1995-01-31,0.3469722
1995-02-01,0.28621712
1995-02-02,0.20136523
1995-02-03,0.09223721
1995-02-04,0.02430844
1995-02-05,0.018255867
1995-02-06,0.017536806
1995-02-07,0.017013067
1995-02-08,0.016367707
1995-02-09,0.015990883
1995-02-10,0.015281924
1995-02-11,0.014769788
1995-02-12,0.012755131
1995-02-13,0.005922058
1995-02-14,0.00045531808
1995-02-15,1.8734214e-09
1995-02-16,7.708254e-15
1995-02-17,3.171587e-20
1995-02-18,1.3049598e-25
1995-02-19,5.3693010000000005e-31
1995-02-20,2.2092166e-36
1995-02-21,9.089999999999999e-42
1995-02-22,0.0
1995-02-23,0.0
1995-02-24,0.0
1995-02-25,0.0
1995-02-26,0.0
1995-02-27,0.0
1995-02-28,0.0
1995-03-01,0.0
1995-03-02,0.0
1995-03-03,0.0019212645
1995-03-04,0.058409758
1995-03-05,0.031410918
1995-03-06,0.002439001
1995-03-07,1.003535e-08
1995-03-08,4.1290783e-14
1995-03-09,1.6989229999999998e-19
1995-03-10,6.990275e-25
1995-03-11,2.8761717000000002e-30
1995-03-12,0.0009297557
1995-03-13,0.021536743
1995-03-14,0.04807536
1995-03-15,0.004331426
1995-03-16,1.7821797e-08
1995-03-17,7.3328374e-14
1995-03-18,3.0171202999999997e-19
1995-03-19,1.2414042e-24
1995-03-20,0.014982747
1995-03-21,0.096565515
1995-03-22,0.11226678
1995-03-23,0.0989229
1995-03-24,0.050889384
1995-03-25,0.06779395
1995-03-26,0.013878614
1995-03-27,0.0014745122
1995-03-28,6.898596e-05
1995-03-29,2.83845e-10
1995-03-30,1.1678898e-15
1995-03-31,4.8053208e-21
1995-04-01,1.9771652000000002e-26
1995-04-02,8.135112e-32
1995-04-03,3.3472188999999996e-37
1995-04-04,1.3770000000000001e-42
1995-04-05,0.0
1995-04-06,0.0
1995-04-07,0.0
1995-04-08,0.0
1995-04-09,0.0
1995-04-10,0.0
1995-04-11,0.0
1995-04-12,0.0
1995-04-13,0.0
1995-04-14,129.89545
1995-04-15,17.268518
1995-04-16,2.077626
1995-04-17,3.8775468
1995-04-18,7.219395
1995-04-19,0.68027234
1995-04-20,0.68597925
1995-04-21,0.12581322
1995-04-22,0.027809275
1995-04-23,0.14494474
1995-04-24,19.609133
1995-04-25,4.056336
1995-04-26,4.5996523
1995-04-27,1.3527178
1995-04-28,0.08942651
1995-04-29,0.012585132
1995-04-30,8.245857
1995-05-01,4.3173456
1995-05-02,0.5817007
1995-05-03,0.8201582
1995-05-04,1.7284029
1995-05-05,6.0212355
1995-05-06,0.60143185
1995-05-07,0.04206579
1995-05-08,0.04321199
1995-05-09,0.045466952
1995-05-10,0.23701765
1995-05-11,0.15501449
1995-05-12,1.7631965
1995-05-13,0.28155288
1995-05-14,1.8993583
1995-05-15,0.38430816
1995-05-16,1.3437371
1995-05-17,4.9191213
1995-05-18,2.00964
1995-05-19,2.8991165
1995-05-20,2.5442476
1995-05-21,3.126112
1995-05-22,0.94118154
1995-05-23,2.9088852
1995-05-24,10.722248
1995-05-25,4.098912
1995-05-26,5.808587
1995-05-27,3.691279
1995-05-28,5.966417
1995-05-29,4.2852335
1995-05-30,8.639842
1995-05-31,14.103419
1995-06-01,10.3664665
1995-06-02,9.775935
1995-06-03,19.144869
1995-06-04,21.656027
1995-06-05,19.927032
1995-06-06,18.208166
1995-06-07,15.339191
1995-06-08,13.672553
1995-06-09,15.231216
1995-06-10,22.631557
1995-06-11,19.372944
1995-06-12,15.704986
1995-06-13,20.489687
1995-06-14,15.176551
1995-06-15,56.291515
1995-06-16,25.389664
1995-06-17,16.444519
1995-06-18,14.097667
1995-06-19,12.340796
1995-06-20,13.826334
1995-06-21,12.815513
1995-06-22,14.117103
1995-06-23,13.308261
1995-06-24,43.817963
1995-06-25,16.896036
1995-06-26,11.06116
1995-06-27,11.380337
1995-06-28,11.284825
1995-06-29,8.591999
1995-06-30,16.006443
1995-07-01,15.321367
1995-07-02,12.394509
1995-07-03,11.629156
1995-07-04,14.404114
1995-07-05,11.652144
1995-07-06,10.233379
1995-07-07,8.404123
1995-07-08,10.086272
1995-07-09,9.533566
1995-07-10,10.241374
1995-07-11,9.560741
1995-07-12,8.047472
1995-07-13,7.6604586
1995-07-14,11.822788
1995-07-15,12.292217
1995-07-16,7.28778
1995-07-17,8.903227
1995-07-18,13.912736
1995-07-19,20.493887
1995-07-20,14.1857605
1995-07-21,50.11435
1995-07-22,27.743496
1995-07-23,21.223389
1995-07-24,14.873557
1995-07-25,12.168277
1995-07-26,12.218277
1995-07-27,12.536365
1995-07-28,10.203283
1995-07-29,9.580948
1995-07-30,8.427955
1995-07-31,10.978513
1995-08-01,10.963229
1995-08-02,7.5914774
1995-08-03,7.462143
1995-08-04,6.9692483
1995-08-05,7.973384
1995-08-06,9.7231245
1995-08-07,6.3757834
1995-08-08,6.076169
1995-08-09,8.559167
1995-08-10,6.16032
1995-08-11,5.39923
1995-08-12,9.895962
1995-08-13,6.6919646
1995-08-14,5.7067575
1995-08-15,6.4521365
1995-08-16,5.6065607
1995-08-17,5.553811
1995-08-18,5.842142
1995-08-19,6.499827
1995-08-20,5.138144
1995-08-21,4.9885483
1995-08-22,4.9276495
1995-08-23,4.7314553
1995-08-24,6.640355
1995-08-25,6.922318
1995-08-26,4.5891914
1995-08-27,7.892905
1995-08-28,7.341486
1995-08-29,8.67349
1995-08-30,7.378717
1995-08-31,5.4415164
1995-09-01,5.3854547
1995-09-02,4.6515503
1995-09-03,4.4725065
1995-09-04,5.8370814
1995-09-05,4.590563
1995-09-06,4.395236
1995-09-07,4.485365
1995-09-08,5.7840385
1995-09-09,6.1733446
1995-09-10,7.098404
1995-09-11,7.7802978
1995-09-12,5.919238
1995-09-13,6.358459
1995-09-14,5.613177
1995-09-15,5.458949
1995-09-16,5.6224284
1995-09-17,9.710322
1995-09-18,6.09462
1995-09-19,5.478365
1995-09-20,5.502435
1995-09-21,6.2388997
1995-09-22,8.75771
1995-09-23,6.077722
1995-09-24,7.9160066
1995-09-25,6.2812457
1995-09-26,6.041733
1995-09-27,5.3235655
1995-09-28,5.0621624
1995-09-29,4.968587
1995-09-30,4.9204245
1995-10-01,7.642174
1995-10-02,5.5096493
1995-10-03,4.582517
1995-10-04,4.2360716
1995-10-05,4.301493
1995-10-06,4.096654
1995-10-07,3.9353156
1995-10-08,3.7111166
1995-10-09,3.674098
1995-10-10,3.4723341
1995-10-11,4.964383
1995-10-12,4.538528
1995-10-13,3.6613104
1995-10-14,3.2506742
1995-10-15,4.1658635
1995-10-16,5.1165285
1995-10-17,4.383018
1995-10-18,3.0884933
1995-10-19,2.9734135
1995-10-20,3.0441663
1995-10-21,2.8663645
1995-10-22,2.8217807
1995-10-23,2.8325596
1995-10-24,2.8591225
1995-10-25,3.2226148
1995-10-26,2.9456618
1995-10-27,2.8183458
1995-10-28,2.6064408
1995-10-29,2.48739
1995-10-30,2.494931
1995-10-31,2.72137
1995-11-01,3.1775959
1995-11-02,2.6768079
1995-11-03,2.3450153
1995-11-04,2.5342371
1995-11-05,4.4734154
1995-11-06,2.7146254
1995-11-07,3.4102867
1995-11-08,4.0376277
1995-11-09,6.6477265
1995-11-10,3.4677267
1995-11-11,3.1245434
1995-11-12,3.1292121
1995-11-13,3.0886068
1995-11-14,3.0436175
1995-11-15,3.034467
1995-11-16,3.0031981
1995-11-17,2.916789
1995-11-18,2.795791
1995-11-19,2.7095313
1995-11-20,2.6150777
1995-11-21,2.5513153
1995-11-22,2.6080503
1995-11-23,2.4223485
1995-11-24,2.3503723
1995-11-25,2.255227
1995-11-26,2.1749344
1995-11-27,2.0964856
1995-11-28,2.0145092
1995-11-29,1.9380608
1995-11-30,1.8607639
1995-12-01,1.7839116
1995-12-02,1.7112097
1995-12-03,1.6469922
1995-12-04,1.5918614
1995-12-05,1.5242518
1995-12-06,1.4764706
1995-12-07,1.4019821
1995-12-08,1.3436515
1995-12-09,1.2856503
1995-12-10,1.2278867
1995-12-11,1.1700983
1995-12-12,1.1212273
1995-12-13,1.0710588
1995-12-14,1.0250599
1995-12-15,0.9786121
1995-12-16,0.93571484
1995-12-17,0.89446706
1995-12-18,0.85587204
1995-12-19,0.82455474
1995-12-20,0.9621453
1995-12-21,0.814114
1995-12-22,0.7859449
1995-12-23,2.245967
1995-12-24,0.91097564
1995-12-25,0.79888093
1995-12-26,1.510481
1995-12-27,0.74334025
1995-12-28,0.6446078
1995-12-29,0.62715536
1995-12-30,0.6084819
1995-12-31,0.589495
1996-01-01,0.5711023
1996-01-02,0.5512561
1996-01-03,0.5474101
1996-01-04,0.51450497
1996-01-05,0.60298264
1996-01-06,0.49641085
1996-01-07,0.4684236
1996-01-08,0.45462605
1996-01-09,0.43648437
1996-01-10,0.4212154
1996-01-11,0.40859556
1996-01-12,0.395746
1996-01-13,0.38546357
1996-01-14,0.36830485
1996-01-15,0.3528989
1996-01-16,0.32257795
1996-01-17,0.2532592
1996-01-18,0.1665179
1996-01-19,0.08116117
1996-01-20,0.019924657
1996-01-21,0.014559173
1996-01-22,0.009881988
1996-01-23,0.0018877687
1996-01-24,0.00010118415
1996-01-25,4.1632553e-10
1996-01-26,1.7129852e-15
1996-01-27,7.0481346e-21
1996-01-28,2.8999784e-26
1996-01-29,1.1932056e-31
1996-01-30,4.9094843999999996e-37
1996-01-31,2.0199999999999998e-42
1996-02-01,0.0
1996-02-02,0.0
1996-02-03,0.058258954
1996-02-04,0.007884722
1996-02-05,0.00022628055
1996-02-06,9.3103886e-10
1996-02-07,3.8307904e-15
1996-02-08,1.5761914e-20
1996-02-09,6.4852914e-26
1996-02-10,0.10798845
1996-02-11,0.21949762
1996-02-12,0.11960311
1996-02-13,0.8019718
1996-02-14,0.075201645
1996-02-15,6.294242e-05
1996-02-16,2.5897867e-10
1996-02-17,1.0655763e-15
1996-02-18,4.3843493e-21
1996-02-19,1.803955e-26
1996-02-20,0.0013064598
1996-02-21,0.00012286242
1996-02-22,5.0552146e-10
1996-02-23,2.079985e-15
1996-02-24,8.5581665e-21
1996-02-25,0.008561569
1996-02-26,0.0008051492
1996-02-27,3.3128131e-09
1996-02-28,1.36306795e-14
1996-02-29,5.608388e-20
1996-03-01,2.30759e-25
1996-03-02,9.494655e-31
1996-03-03,3.9066074e-36
1996-03-04,1.6074000000000002e-41
1996-03-05,0.0
1996-03-06,0.0
1996-03-07,0.0
1996-03-08,0.0
1996-03-09,0.0
1996-03-10,0.0
1996-03-11,0.077565946
1996-03-12,0.018990757
1996-03-13,0.0010999746
1996-03-14,4.525882e-09
1996-03-15,1.862189e-14
1996-03-16,7.662039e-20
1996-03-17,3.1525713999999997e-25
1996-03-18,1.2971359e-30
1996-03-19,5.337109e-36
1996-03-20,2.196e-41
1996-03-21,0.0
1996-03-22,0.0
1996-03-23,0.0
1996-03-24,0.0
1996-03-25,0.0
1996-03-26,0.0005891877
1996-03-27,0.02499975
1996-03-28,0.0023458223
1996-03-29,9.651964e-09
1996-03-30,3.9713323e-14
1996-03-31,1.6340179e-19
1996-04-01,6.723220399999999e-25
1996-04-02,0.034522384
1996-04-03,0.0032465623
1996-04-04,0.0006287543
1996-04-05,0.008926468
1996-04-06,0.016263459
1996-04-07,0.080006994
1996-04-08,0.0073875845
1996-04-09,0.019569332
1996-04-10,0.001840341
1996-04-11,7.572145e-09
1996-04-12,3.115584e-14
1996-04-13,0.034414973
1996-04-14,0.0032364612
1996-04-15,1.33165265e-08
1996-04-16,5.4791292e-14
1996-04-17,2.2544058e-19
1996-04-18,9.275828e-25
1996-04-19,3.81657e-30
1996-04-20,1.5703403e-35
1996-04-21,0.07565718
1996-04-22,0.060392678
1996-04-23,0.0053902487
1996-04-24,0.029726157
1996-04-25,0.021047454
1996-04-26,0.05307512
1996-04-27,0.09281382
1996-04-28,0.0565329
1996-04-29,1.9932607
1996-04-30,0.7485808
1996-05-01,2.89101
1996-05-02,1.9645215
1996-05-03,1.424528
1996-05-04,1.8454432
1996-05-05,0.44506347
1996-05-06,7.205527
1996-05-07,1.6622598
1996-05-08,2.924399
1996-05-09,4.911762
1996-05-10,1.2306385
1996-05-11,0.16207856
1996-05-12,0.0097081205
1996-05-13,0.048558127
1996-05-14,0.0045533725
1996-05-15,0.06600321
1996-05-16,4.0479665
1996-05-17,2.5109909
1996-05-18,2.2930734
1996-05-19,2.7758443
1996-05-20,1.0136433
1996-05-21,1.0457569
1996-05-22,0.09228163
1996-05-23,0.059284385
1996-05-24,0.8270564
1996-05-25,6.970453
1996-05-26,0.8962519
1996-05-27,0.13643411
1996-05-28,9.990277
1996-05-29,2.6254938
1996-05-30,6.6886296
1996-05-31,1.069173
1996-06-01,0.9518461
1996-06-02,0.53506744
1996-06-03,5.974232
1996-06-04,12.0395155
1996-06-05,2.491784
1996-06-06,3.7073023
1996-06-07,4.2827077
1996-06-08,1.4088113
1996-06-09,2.3468661
1996-06-10,2.5768747
1996-06-11,2.1489117
1996-06-12,1.4315137
1996-06-13,3.0953596
1996-06-14,8.019921
1996-06-15,2.7965364
1996-06-16,5.1850452
1996-06-17,3.062463
1996-06-18,11.973905
1996-06-19,7.15093
1996-06-20,9.296247
1996-06-21,9.811316
1996-06-22,10.328431
1996-06-23,9.760597
1996-06-24,16.107975
1996-06-25,18.633326
1996-06-26,20.083336
1996-06-27,17.666006
1996-06-28,14.427725
1996-06-29,14.320215
1996-06-30,16.165878
1996-07-01,14.492437
1996-07-02,11.244185
1996-07-03,10.625474
1996-07-04,9.888063
1996-07-05,10.972844
1996-07-06,12.529429
1996-07-07,9.03632
1996-07-08,8.601552
1996-07-09,7.8617797
1996-07-10,7.539043
1996-07-11,9.926511
1996-07-12,9.713838
1996-07-13,6.716433
1996-07-14,6.4116693
1996-07-15,6.093718
1996-07-16,6.401868
1996-07-17,7.511621
1996-07-18,5.7340145
1996-07-19,6.2224016
1996-07-20,5.8567467
1996-07-21,7.869864
1996-07-22,18.058493
1996-07-23,18.435339
1996-07-24,13.835044
1996-07-25,12.709397
1996-07-26,13.029379
1996-07-27,14.424878
1996-07-28,12.741249
1996-07-29,10.750533
1996-07-30,17.119675
1996-07-31,14.66219
1996-08-01,12.303445
1996-08-02,10.578312
1996-08-03,9.243287
1996-08-04,13.365924
1996-08-05,8.967383
1996-08-06,8.184707
1996-08-07,12.223074
1996-08-08,6.8576083
1996-08-09,6.724409
1996-08-10,7.616837
1996-08-11,11.366235
1996-08-12,6.5139065
1996-08-13,6.1185737
1996-08-14,5.7235055
1996-08-15,5.667915
1996-08-16,7.5039425
1996-08-17,5.685884
1996-08-18,5.3702254
1996-08-19,6.4836946
1996-08-20,6.173188
1996-08-21,7.207003
1996-08-22,6.643652
1996-08-23,7.160289
1996-08-24,6.4260464
1996-08-25,6.8630247
1996-08-26,8.728749
1996-08-27,7.5933867
1996-08-28,9.504882
1996-08-29,10.672364
1996-08-30,9.126845
1996-08-31,12.38178
1996-09-01,9.622552
1996-09-02,9.355264
1996-09-03,17.46912
1996-09-04,9.59327
1996-09-05,8.562989
1996-09-06,9.326221
1996-09-07,7.953964
1996-09-08,7.438033
1996-09-09,6.838176
1996-09-10,7.4304395
1996-09-11,6.780522
1996-09-12,6.2129345
1996-09-13,5.409321
1996-09-14,5.0994806
1996-09-15,5.144879
1996-09-16,7.2378874
1996-09-17,4.998851
1996-09-18,12.176667
1996-09-19,6.0487742
1996-09-20,5.4691124
1996-09-21,10.323309
1996-09-22,6.2138796
1996-09-23,5.599754
1996-09-24,5.699432
1996-09-25,8.016783
1996-09-26,5.6715164
1996-09-27,6.252086
1996-09-28,6.0441694
1996-09-29,8.296755
1996-09-30,7.1372976
1996-10-01,9.307612
1996-10-02,9.156529
1996-10-03,6.616597
1996-10-04,6.348087
1996-10-05,6.666909
1996-10-06,9.408674
1996-10-07,11.967119
1996-10-08,7.117287
1996-10-09,6.038816
1996-10-10,6.2052317
1996-10-11,5.5111337
1996-10-12,5.4818444
1996-10-13,8.512051
1996-10-14,5.586606
1996-10-15,6.539584
1996-10-16,9.980216
1996-10-17,7.6764526
1996-10-18,6.572915
1996-10-19,5.468094
1996-10-20,5.849864
1996-10-21,5.5138197
1996-10-22,5.36114
1996-10-23,5.8802395
1996-10-24,5.1128564
1996-10-25,5.126683
1996-10-26,4.858814
1996-10-27,4.7164993
1996-10-28,5.231407
1996-10-29,6.8142724
1996-10-30,4.470467
1996-10-31,4.20337
1996-11-01,4.4569373
1996-11-02,6.492934
1996-11-03,5.30044
1996-11-04,3.8213947
1996-11-05,3.6540496
1996-11-06,3.5130897
1996-11-07,3.5037293
1996-11-08,3.4381046
1996-11-09,3.3979712
1996-11-10,4.6061144
1996-11-11,3.4770749
1996-11-12,7.0287867
1996-11-13,4.3707266
1996-11-14,3.593236
1996-11-15,3.6692529
1996-11-16,3.616492
1996-11-17,3.4527702
1996-11-18,3.3564835
1996-11-19,3.226955
1996-11-20,3.1436334
1996-11-21,3.383194
1996-11-22,5.504646
1996-11-23,4.0540295
1996-11-24,3.0769997
1996-11-25,3.2732975
1996-11-26,3.0579228
1996-11-27,2.8338795
1996-11-28,2.897346
1996-11-29,3.3784773
1996-11-30,2.959336
1996-12-01,2.7294981
1996-12-02,2.8749847
1996-12-03,2.6270208
1996-12-04,2.6319878
1996-12-05,2.6485233
1996-12-06,3.5837016
1996-12-07,3.265212
1996-12-08,2.7629895
1996-12-09,2.7763305
1996-12-10,3.5829592
1996-12-11,2.8539789
1996-12-12,2.790444
1996-12-13,3.357123
1996-12-14,2.7764971
1996-12-15,2.881593
1996-12-16,2.7792544
1996-12-17,2.7661047
1996-12-18,2.5509543
1996-12-19,2.587128
1996-12-20,2.4808862
1996-12-21,2.3876135
1996-12-22,2.350527
1996-12-23,2.2945802
1996-12-24,2.2426505
1996-12-25,2.1980991
1996-12-26,2.1503224
1996-12-27,2.087441
1996-12-28,2.028226
1996-12-29,1.9692137
1996-12-30,1.9128822
1996-12-31,1.8541133
1997-01-01,1.7937387
1997-01-02,1.7319428
1997-01-03,1.6708367
1997-01-04,1.6092556
1997-01-05,1.549816
1997-01-06,1.4944328
1997-01-07,1.4410554
1997-01-08,1.3882419
1997-01-09,1.3383883
1997-01-10,1.2902746
1997-01-11,1.2449167
1997-01-12,1.1985179
1997-01-13,1.1535726
1997-01-14,1.1097333
1997-01-15,1.0721054
1997-01-16,1.0296569
1997-01-17,0.989541
1997-01-18,0.94794184
1997-01-19,0.9106104
1997-01-20,0.87309086
1997-01-21,0.8426862
1997-01-22,0.8076965
1997-01-23,0.7760839
1997-01-24,0.7456225
1997-01-25,0.71789056
1997-01-26,0.6922398
1997-01-27,0.669474
1997-01-28,0.64488065
1997-01-29,0.6235083
1997-01-30,0.59937763
1997-01-31,0.57897466
1997-02-01,0.5605955
1997-02-02,0.54013723
1997-02-03,0.5212261
1997-02-04,0.5231217
1997-02-05,0.49457428
1997-02-06,0.49729833
1997-02-07,0.4634357
1997-02-08,0.46770886
1997-02-09,0.6585043
1997-02-10,0.516017
1997-02-11,0.67498744
1997-02-12,0.50333667
1997-02-13,3.0647972
1997-02-14,1.5526483
1997-02-15,0.8098033
1997-02-16,0.43289393
1997-02-17,0.38833356
1997-02-18,0.3853763
1997-02-19,0.3707043
1997-02-20,0.36821836
1997-02-21,0.35139582
1997-02-22,0.29455727
1997-02-23,0.26305616
1997-02-24,0.29590344
1997-02-25,0.2529959
1997-02-26,0.21324234
1997-02-27,0.24457163
1997-02-28,0.19920078
1997-03-01,0.12829036
1997-03-02,0.031555276
1997-03-03,0.021149624
1997-03-04,0.01554612
1997-03-05,0.014741323
1997-03-06,0.014265321
1997-03-07,0.009829871
1997-03-08,0.0018853596
1997-03-09,0.00010118414
1997-03-10,4.163255e-10
1997-03-11,1.712985e-15
1997-03-12,7.048134e-21
1997-03-13,2.899978e-26
1997-03-14,0.03781888
1997-03-15,0.08784915
1997-03-16,0.007927077
1997-03-17,0.0006148372
1997-03-18,5.7817604e-05
1997-03-19,2.3789246e-10
1997-03-20,9.788163e-16
1997-03-21,4.0273724e-21
1997-03-22,1.6570757e-26
1997-03-23,6.818093e-32
1997-03-24,2.8053269e-37
1997-03-25,1.1550000000000001e-42
1997-03-26,0.0
1997-03-27,0.0
1997-03-28,0.0
1997-03-29,0.0
1997-03-30,0.0
1997-03-31,0.0
1997-04-01,0.0
1997-04-02,0.0
1997-04-03,0.0
1997-04-04,0.0
1997-04-05,0.0
1997-04-06,0.0021005825
1997-04-07,0.1939169
1997-04-08,0.060574997
1997-04-09,0.08158403
1997-04-10,0.031143012
1997-04-11,0.1675716
1997-04-12,0.113117516
1997-04-13,0.49492425
1997-04-14,0.065380216
1997-04-15,0.01758663
1997-04-16,0.0014796566
1997-04-17,6.088096e-09
1997-04-18,2.5049673e-14
1997-04-19,0.6687718
1997-04-20,0.30566654
1997-04-21,2.9592083
1997-04-22,2.410755
1997-04-23,1.0973797
1997-04-24,0.13435252
1997-04-25,0.024683299
1997-04-26,1.6077527
1997-04-27,2.0585635
1997-04-28,0.18019722
1997-04-29,7.662371e-05
1997-04-30,0.00947888
1997-05-01,0.12537864
1997-05-02,0.25865415
1997-05-03,2.641673
1997-05-04,3.932459
1997-05-05,9.642434
1997-05-06,0.97717613
1997-05-07,0.40647164
1997-05-08,1.7140894
1997-05-09,0.39369145
1997-05-10,1.7585845
1997-05-11,0.19945414
1997-05-12,0.8654524
1997-05-13,0.13100998
1997-05-14,0.02118132
1997-05-15,8.038857
1997-05-16,1.1990093
1997-05-17,1.1449847
1997-05-18,2.5283556
1997-05-19,0.27040756
1997-05-20,1.3365264
1997-05-21,0.4893566
1997-05-22,0.7538838
1997-05-23,0.6189335
1997-05-24,4.880777
1997-05-25,5.5813828
1997-05-26,2.9173744
1997-05-27,3.5875611
1997-05-28,0.7616087
1997-05-29,2.8527796
1997-05-30,2.0303304
1997-05-31,0.76659626
1997-06-01,5.8700185
1997-06-02,4.02834
1997-06-03,1.6024983
1997-06-04,1.1302598
1997-06-05,1.5092342
1997-06-06,5.3483224
1997-06-07,3.8597562
1997-06-08,8.9144125
1997-06-09,8.622067
1997-06-10,7.3224297
1997-06-11,3.509204
1997-06-12,4.070785
1997-06-13,5.4869485
1997-06-14,8.990226
1997-06-15,4.847567
1997-06-16,6.62085
1997-06-17,4.9048944
1997-06-18,4.611686
1997-06-19,4.740837
1997-06-20,4.656971
1997-06-21,6.046047
1997-06-22,4.6147814
1997-06-23,9.758799
1997-06-24,14.661129
1997-06-25,13.291588
1997-06-26,18.820744
1997-06-27,16.245434
1997-06-28,16.364582
1997-06-29,14.150681
1997-06-30,13.502487
1997-07-01,12.266661
1997-07-02,13.218942
1997-07-03,12.125576
1997-07-04,17.56812
1997-07-05,10.89582
1997-07-06,15.972861
1997-07-07,16.851578
1997-07-08,24.026997
1997-07-09,22.202953
1997-07-10,20.20911
1997-07-11,42.419804
1997-07-12,59.946587
1997-07-13,20.69946
1997-07-14,12.908743
1997-07-15,10.932451
1997-07-16,17.704557
1997-07-17,9.027604
1997-07-18,7.507862
1997-07-19,7.520085
1997-07-20,10.150299
1997-07-21,7.137562
1997-07-22,9.355476
1997-07-23,6.0575323
1997-07-24,11.876546
1997-07-25,5.862831
1997-07-26,6.4327464
1997-07-27,4.984744
1997-07-28,5.3853908
1997-07-29,5.752784
1997-07-30,5.016805
1997-07-31,4.3939357
1997-08-01,4.745047
1997-08-02,5.189615
1997-08-03,4.495457
1997-08-04,4.0920444
1997-08-05,6.5970335
1997-08-06,5.1577153
1997-08-07,5.8112445
1997-08-08,8.956593
1997-08-09,5.1837325
1997-08-10,4.7681623
1997-08-11,4.6935315
1997-08-12,4.570717
1997-08-13,4.436305
1997-08-14,4.424758
1997-08-15,7.185987
1997-08-16,5.685947
1997-08-17,5.2090774
1997-08-18,4.3236227
1997-08-19,4.970823
1997-08-20,6.7446485
1997-08-21,4.1024423
1997-08-22,4.6448846
1997-08-23,7.6089363
1997-08-24,7.454744
1997-08-25,6.3203506
1997-08-26,7.5129533
1997-08-27,9.444051
1997-08-28,8.59009
1997-08-29,8.6375475
1997-08-30,6.530912
1997-08-31,6.5637007
1997-09-01,6.0794177
1997-09-02,7.499551
1997-09-03,6.853565
1997-09-04,5.552441
1997-09-05,5.1600585
1997-09-06,5.408994
1997-09-07,5.167125
1997-09-08,4.6037874
1997-09-09,4.893931
1997-09-10,4.6225076
1997-09-11,4.44091
1997-09-12,4.6610894
1997-09-13,4.3084073
1997-09-14,3.8327656
1997-09-15,3.7199144
1997-09-16,9.114588
1997-09-17,4.115547
1997-09-18,3.9946878
1997-09-19,7.6303144
1997-09-20,6.615136
1997-09-21,6.638945
1997-09-22,7.1539083
1997-09-23,6.2703834
1997-09-24,10.183362
1997-09-25,6.7268634
1997-09-26,5.6747003
1997-09-27,7.781438
1997-09-28,6.65203
1997-09-29,11.121787
1997-09-30,7.0267577
1997-10-01,5.570435
1997-10-02,5.3641534
1997-10-03,6.1507688
1997-10-04,5.3124075
1997-10-05,4.934253
1997-10-06,4.729401
1997-10-07,4.5607367
1997-10-08,4.688638
1997-10-09,4.482086
1997-10-10,5.2456527
1997-10-11,7.3140626
1997-10-12,4.1648364
1997-10-13,3.7724357
1997-10-14,3.9881322
1997-10-15,4.7854095
1997-10-16,3.8841922
1997-10-17,3.2801836
1997-10-18,3.2972918
1997-10-19,3.0554438
1997-10-20,2.9639075
1997-10-21,2.890075
1997-10-22,3.0355468
1997-10-23,4.3456497
1997-10-24,4.489984
1997-10-25,2.7546625
1997-10-26,2.6150248
1997-10-27,3.4452038
1997-10-28,2.572707
1997-10-29,2.5121381
1997-10-30,2.4842253
1997-10-31,2.289428
1997-11-01,3.0103009
1997-11-02,3.2144008
1997-11-03,2.1851745
1997-11-04,1.9380529
1997-11-05,2.0090263
1997-11-06,2.0601087
1997-11-07,3.1529675
1997-11-08,4.5348263
1997-11-09,2.381974
1997-11-10,2.5492442
1997-11-11,1.7978506
1997-11-12,1.6969713
1997-11-13,1.6547093
1997-11-14,1.6267822
1997-11-15,1.5905159
1997-11-16,1.5881276
1997-11-17,1.6111379
1997-11-18,1.6336793
1997-11-19,1.7921137
1997-11-20,1.5581702
1997-11-21,1.5483729
1997-11-22,1.468045
1997-11-23,1.3876715
1997-11-24,1.4200313
1997-11-25,1.4433239
1997-11-26,1.3907428
1997-11-27,1.2812828
1997-11-28,1.2446984
1997-11-29,1.2190182
1997-11-30,1.1997614
1997-12-01,1.2018737
1997-12-02,1.1698359
1997-12-03,1.1124156
1997-12-04,1.078776
1997-12-05,1.0644006
1997-12-06,1.0223497
1997-12-07,1.011127
1997-12-08,1.0319797
1997-12-09,1.0156236
1997-12-10,0.97158945
1997-12-11,0.90308136
1997-12-12,0.87030005
1997-12-13,0.8468985
1997-12-14,0.8199304
1997-12-15,0.79612476
1997-12-16,0.7701968
1997-12-17,0.744881
1997-12-18,0.7203983
1997-12-19,0.6967973
1997-12-20,0.6724128
1997-12-21,0.6502715
1997-12-22,0.6316232
1997-12-23,0.61015
1997-12-24,0.5911982
1997-12-25,0.57804507
1997-12-26,0.5606181
1997-12-27,0.53985274
1997-12-28,0.5262038
1997-12-29,0.50885856
1997-12-30,0.49309987
1997-12-31,0.47607258
1998-01-01,0.46204397
1998-01-02,0.42514727
1998-01-03,0.401456
1998-01-04,0.35198852
1998-01-05,0.28571683
1998-01-06,0.27302453
1998-01-07,0.26578128
1998-01-08,0.25644013
1998-01-09,0.24815607
1998-01-10,0.24725519
1998-01-11,0.24548373
1998-01-12,0.22841108
1998-01-13,0.21976909
1998-01-14,0.2126105
1998-01-15,0.2035503
1998-01-16,0.19169258
1998-01-17,0.089012474
1998-01-18,0.023625918
1998-01-19,0.016181182
1998-01-20,0.015206278
1998-01-21,0.014134948
1998-01-22,0.008994472
1998-01-23,0.0012703153
1998-01-24,5.059342e-05
1998-01-25,2.081683e-10
1998-01-26,8.565154e-16
1998-01-27,3.524161e-21
1998-01-28,1.4500276e-26
1998-01-29,5.966187e-32
1998-01-30,2.4548074e-37
1998-01-31,0.018823491
1998-02-01,0.05316501
1998-02-02,0.094394356
1998-02-03,0.008422543
1998-02-04,3.4654835e-08
1998-02-05,1.4258847e-13
1998-02-06,5.86685e-19
1998-02-07,0.073990345
1998-02-08,0.006958218
1998-02-09,0.19295739
1998-02-10,0.14837836
1998-02-11,0.012247405
1998-02-12,5.039235e-08
1998-02-13,0.013339081
1998-02-14,2.0709872
1998-02-15,0.2425372
1998-02-16,0.07418626
1998-02-17,0.016514156
1998-02-18,0.0017053016
1998-02-19,7.227586e-05
1998-02-20,2.9738143e-10
1998-02-21,1.2235858e-15
1998-02-22,5.034484e-21
1998-02-23,2.0714552000000002e-26
1998-02-24,8.523071e-32
1998-02-25,3.5068457999999996e-37
1998-02-26,1.443e-42
1998-02-27,0.0
1998-02-28,0.0
1998-03-01,0.0
1998-03-02,0.0
1998-03-03,0.0
1998-03-04,0.0
1998-03-05,0.0
1998-03-06,0.02524347
1998-03-07,0.050953418
1998-03-08,0.03885348
1998-03-09,0.0049778125
1998-03-10,0.00016492198
1998-03-11,6.78577e-10
1998-03-12,2.7920273e-15
1998-03-13,1.1487889e-20
1998-03-14,4.7267300000000005e-26
1998-03-15,1.9448287e-31
1998-03-16,8.002063e-37
1998-03-17,3.293e-42
1998-03-18,0.0
1998-03-19,0.0
1998-03-20,0.0020493488
1998-03-21,0.00019272536
1998-03-22,0.0011472096
1998-03-23,0.059000075
1998-03-24,0.005538354
1998-03-25,2.2787741e-08
1998-03-26,9.3760916e-14
1998-03-27,1.445412
1998-03-28,0.1359298
1998-03-29,5.592876e-07
1998-03-30,2.3012076e-12
1998-03-31,0.17975491
1998-04-01,0.45027715
1998-04-02,0.6108184
1998-04-03,0.18947415
1998-04-04,0.32932097
1998-04-05,0.21830325
1998-04-06,0.9808976
1998-04-07,0.42555577
1998-04-08,0.08227038
1998-04-09,0.1933166
1998-04-10,0.04366062
1998-04-11,0.04906668
1998-04-12,0.0043850234
1998-04-13,0.2190103
1998-04-14,3.270964
1998-04-15,2.4913754
1998-04-16,1.1213176
1998-04-17,4.8407655
1998-04-18,0.74404377
1998-04-19,0.08117176
1998-04-20,3.6825116
1998-04-21,1.9039254
1998-04-22,1.0949552
1998-04-23,0.09096652
1998-04-24,1.3301511
1998-04-25,2.5470288
1998-04-26,0.7985885
1998-04-27,0.31239146
1998-04-28,0.08483075
1998-04-29,0.013743592
1998-04-30,0.0023834817
1998-05-01,2.8345778
1998-05-02,16.374205
1998-05-03,5.276572
1998-05-04,2.583068
1998-05-05,1.3659768
1998-05-06,2.1370711
1998-05-07,3.6222167
1998-05-08,7.8587813
1998-05-09,5.895586
1998-05-10,0.6819944
1998-05-11,1.3651462
1998-05-12,4.852841
1998-05-13,3.4081619
1998-05-14,0.43643227
1998-05-15,0.25848573
1998-05-16,4.625488
1998-05-17,5.866417
1998-05-18,14.002204
1998-05-19,2.3283072
1998-05-20,1.453425
1998-05-21,1.1856831
1998-05-22,1.2055216
1998-05-23,1.1990858
1998-05-24,1.5226848
1998-05-25,1.2626368
1998-05-26,1.4479854
1998-05-27,3.1134958
1998-05-28,7.027181
1998-05-29,11.436821
1998-05-30,2.8568163
1998-05-31,3.2136967
1998-06-01,3.994275
1998-06-02,4.7784443
1998-06-03,5.2175403
1998-06-04,6.0016165
1998-06-05,5.234335
1998-06-06,4.578738
1998-06-07,4.5186915
1998-06-08,8.92502
1998-06-09,10.730678
1998-06-10,15.14639
1998-06-11,11.657244
1998-06-12,10.812202
1998-06-13,10.634031
1998-06-14,9.634721
1998-06-15,10.561571
1998-06-16,18.199917
1998-06-17,9.354534
1998-06-18,7.864878
1998-06-19,7.609042
1998-06-20,9.045436
1998-06-21,8.36856
1998-06-22,9.317146
1998-06-23,12.878903
1998-06-24,14.267463
1998-06-25,15.106332
1998-06-26,43.02687
1998-06-27,29.10822
1998-06-28,28.603268
1998-06-29,18.233206
1998-06-30,13.90314
1998-07-01,12.209011
1998-07-02,12.099131
1998-07-03,9.975255
1998-07-04,9.608393
1998-07-05,10.549503
1998-07-06,12.566627
1998-07-07,10.869162
1998-07-08,11.068765
1998-07-09,12.072853
1998-07-10,15.958573
1998-07-11,11.037255
1998-07-12,11.481785
1998-07-13,10.910071
1998-07-14,10.068562
1998-07-15,9.881873
1998-07-16,8.751337
1998-07-17,10.253912
1998-07-18,10.111478
1998-07-19,8.586474
1998-07-20,8.252299
1998-07-21,6.920467
1998-07-22,8.098714
1998-07-23,12.941472
1998-07-24,8.316228
1998-07-25,12.504275
1998-07-26,11.167569
1998-07-27,35.737995
1998-07-28,18.67379
1998-07-29,14.742345
1998-07-30,15.374098
1998-07-31,15.0122595
1998-08-01,11.402496
1998-08-02,10.476626
1998-08-03,12.995212
1998-08-04,9.863459
1998-08-05,11.824124
1998-08-06,9.001256
1998-08-07,10.890181
1998-08-08,14.495691
1998-08-09,9.156236
1998-08-10,7.621572
1998-08-11,10.254385
1998-08-12,7.1497254
1998-08-13,6.540469
1998-08-14,8.6373825
1998-08-15,10.643401
1998-08-16,7.1136794
1998-08-17,7.1402164
1998-08-18,5.9868565
1998-08-19,5.7766056
1998-08-20,5.8478866
1998-08-21,6.483955
1998-08-22,5.9408727
1998-08-23,5.5926666
1998-08-24,5.108489
1998-08-25,4.8063736
1998-08-26,5.768525
1998-08-27,8.568889
1998-08-28,4.965408
1998-08-29,4.6172237
1998-08-30,4.6923513
1998-08-31,5.794333
1998-09-01,4.508438
1998-09-02,4.139138
1998-09-03,4.665973
1998-09-04,4.031242
1998-09-05,3.8652449
1998-09-06,3.7660923
1998-09-07,3.7848842
1998-09-08,3.6003003
1998-09-09,4.171942
1998-09-10,3.7168913
1998-09-11,3.5126023
1998-09-12,4.892571
1998-09-13,3.693905
1998-09-14,6.3751235
1998-09-15,7.885391
1998-09-16,3.9208653
1998-09-17,4.917064
1998-09-18,4.12675
1998-09-19,6.1141696
1998-09-20,4.7980194
1998-09-21,9.471008
1998-09-22,12.720905
1998-09-23,9.122415
1998-09-24,10.256784
1998-09-25,8.360897
1998-09-26,8.70496
1998-09-27,8.351218
1998-09-28,7.076846
1998-09-29,6.74385
1998-09-30,6.389475
1998-10-01,6.058955
1998-10-02,29.791994
1998-10-03,8.045762
1998-10-04,5.77433
1998-10-05,5.3669286
1998-10-06,5.316118
1998-10-07,8.082085
1998-10-08,11.413211
1998-10-09,7.026089
1998-10-10,8.6807995
1998-10-11,5.54579
1998-10-12,5.1125083
1998-10-13,5.3456554
1998-10-14,7.9675326
1998-10-15,8.234618
1998-10-16,5.999627
1998-10-17,6.953884
1998-10-18,4.9047327
1998-10-19,4.653594
1998-10-20,4.691028
1998-10-21,5.3170977
1998-10-22,4.707589
1998-10-23,4.3139486
1998-10-24,4.2713704
1998-10-25,4.204162
1998-10-26,3.9527152
1998-10-27,3.8191469
1998-10-28,3.7375793
1998-10-29,3.61038
1998-10-30,6.5533404
1998-10-31,6.2924733
1998-11-01,3.5427618
1998-11-02,3.2297225
1998-11-03,3.229
1998-11-04,6.048213
1998-11-05,9.80983
1998-11-06,3.6748934
1998-11-07,3.259967
1998-11-08,5.799143
1998-11-09,3.2423792
1998-11-10,2.9143772
1998-11-11,2.8684406
1998-11-12,3.1257265
1998-11-13,2.76107
1998-11-14,2.701807
1998-11-15,2.6758966
1998-11-16,3.638948
1998-11-17,2.682258
1998-11-18,3.1554303
1998-11-19,3.54421
1998-11-20,2.6965551
1998-11-21,2.4052153
1998-11-22,2.3414292
1998-11-23,2.3549552
1998-11-24,2.224763
1998-11-25,2.1742744
1998-11-26,2.1278389
1998-11-27,2.080532
1998-11-28,2.041134
1998-11-29,1.9911296
1998-11-30,1.9781533
1998-12-01,2.0142097
1998-12-02,1.9050254
1998-12-03,1.8307527
1998-12-04,1.784159
1998-12-05,1.8432542
1998-12-06,1.8324425
1998-12-07,2.6521335
1998-12-08,2.8660984
1998-12-09,1.7544789
1998-12-10,1.6622337
1998-12-11,1.5508456
1998-12-12,1.5885749
1998-12-13,1.4978194
1998-12-14,1.8105383
1998-12-15,2.0228007
1998-12-16,1.5002921
1998-12-17,1.6189481
1998-12-18,1.3368646
1998-12-19,1.2873048
1998-12-20,1.2723948
1998-12-21,1.2336669
1998-12-22,1.196045
1998-12-23,1.1676805
1998-12-24,1.1381924
1998-12-25,1.1401142
1998-12-26,1.1064824
1998-12-27,1.0600766
1998-12-28,1.1086378
1998-12-29,1.1025248
1998-12-30,1.0252787
1998-12-31,1.185566
1999-01-01,1.0061511
1999-01-02,1.077379
1999-01-03,0.9339539
1999-01-04,0.8850837
1999-01-05,0.86355966
1999-01-06,0.84649247
1999-01-07,0.81631696
1999-01-08,0.7945486
1999-01-09,0.7698239
1999-01-10,0.74576104
1999-01-11,0.7267796
1999-01-12,0.70241326
1999-01-13,0.70428437
1999-01-14,0.66656
1999-01-15,0.64187604
1999-01-16,0.6188862
1999-01-17,0.59742457
1999-01-18,0.5777583
1999-01-19,0.5585438
1999-01-20,0.54196614
1999-01-21,0.5221939
1999-01-22,0.5093522
1999-01-23,0.9478306
1999-01-24,0.6406861
1999-01-25,0.59391624
1999-01-26,0.51912504
1999-01-27,0.46705198
1999-01-28,0.46775517
1999-01-29,0.4379767
1999-01-30,0.4237844
1999-01-31,0.4125847
1999-02-01,0.40094507
1999-02-02,0.39471117
1999-02-03,0.37765673
1999-02-04,0.35913634
1999-02-05,0.26740935
1999-02-06,0.18952294
1999-02-07,0.1773553
1999-02-08,0.17058504
1999-02-09,0.16492514
1999-02-10,0.1616644
1999-02-11,0.1703508
1999-02-12,0.10816136
1999-02-13,0.08667485
1999-02-14,0.0790044
1999-02-15,0.02036912
1999-02-16,0.02735165
1999-02-17,0.055960555
1999-02-18,0.013664986
1999-02-19,0.00081187626
1999-02-20,0.06377993
1999-02-21,0.29271382
1999-02-22,0.60814583
1999-02-23,0.49533176
1999-02-24,0.32321212
1999-02-25,0.1720934
1999-02-26,0.020870838
1999-02-27,0.0012771488
1999-02-28,0.00072265416
1999-03-01,6.2635976e-05
1999-03-02,2.577178e-10
1999-03-03,1.0603884e-15
1999-03-04,4.363003e-21
1999-03-05,0.000717272
1999-03-06,6.745387e-05
1999-03-07,2.7754118e-10
1999-03-08,1.1419523e-15
1999-03-09,4.6986008000000005e-21
1999-03-10,1.933255e-26
1999-03-11,7.954441600000001e-32
1999-03-12,3.2728811999999998e-37
1999-03-13,0.03862259
1999-03-14,0.27071628
1999-03-15,0.07633892
1999-03-16,0.13035181
1999-03-17,0.011805586
1999-03-18,4.8574474e-08
1999-03-19,1.9986129e-13
1999-03-20,8.223358699999999e-19
1999-03-21,3.383528e-24
1999-03-22,1.3921638999999998e-29
1999-03-23,5.728104e-35
1999-03-24,0.06755297
1999-03-25,0.021082064
1999-03-26,0.0013851961
1999-03-27,5.6994356e-09
1999-03-28,0.055413797
1999-03-29,0.3618745
1999-03-30,0.033541434
1999-03-31,1.3800734e-07
1999-04-01,5.6783576e-13
1999-04-02,0.07834476
1999-04-03,1.2892383
1999-04-04,1.5020789
1999-04-05,0.23560353
1999-04-06,4.4463873
1999-04-07,1.3337404
1999-04-08,0.25679386
1999-04-09,16.646618
1999-04-10,1.7299215
1999-04-11,4.198392
1999-04-12,0.53085274
1999-04-13,0.025684189
1999-04-14,0.40912154
1999-04-15,3.3281362
1999-04-16,1.5495758
1999-04-17,0.22520511
1999-04-18,0.015527425
1999-04-19,0.01214072
1999-04-20,0.021157408
1999-04-21,0.27903926
1999-04-22,2.4298434
1999-04-23,6.550001
1999-04-24,2.0457087
1999-04-25,1.7200253
1999-04-26,1.1264238
1999-04-27,2.8393111
1999-04-28,0.49316996
1999-04-29,1.14305
1999-04-30,0.5253008
1999-05-01,1.7170135
1999-05-02,0.6247587
1999-05-03,0.5041782
1999-05-04,0.47867632
1999-05-05,0.48657936
1999-05-06,0.42282242
1999-05-07,3.9228497
1999-05-08,0.9144509
1999-05-09,1.3097997
1999-05-10,2.1819851
1999-05-11,1.9417161
1999-05-12,1.1237112
1999-05-13,11.303156
1999-05-14,3.584746
1999-05-15,4.287025
1999-05-16,1.8734577
1999-05-17,2.7632415
1999-05-18,1.9550117
1999-05-19,1.9311085
1999-05-20,1.9682539
1999-05-21,3.521473
1999-05-22,4.673008
1999-05-23,2.5114958
1999-05-24,2.0407012
1999-05-25,1.9902673
1999-05-26,1.9621866
1999-05-27,1.9366767
1999-05-28,1.8931623
1999-05-29,2.0875742
1999-05-30,2.4808824
1999-05-31,2.3911178
1999-06-01,2.2596796
1999-06-02,1.8682555
1999-06-03,2.8884761
1999-06-04,11.854695
1999-06-05,2.6700702
1999-06-06,1.7359467
1999-06-07,1.6778467
1999-06-08,3.7360134
1999-06-09,1.8642243
1999-06-10,2.3233645
1999-06-11,2.1543274
1999-06-12,2.2059762
1999-06-13,2.1014116
1999-06-14,7.4956574
1999-06-15,4.0790896
1999-06-16,2.4935462
1999-06-17,2.5918548
1999-06-18,2.8188794
1999-06-19,8.609597
1999-06-20,6.78197
1999-06-21,8.010417
1999-06-22,8.933575
1999-06-23,11.668152
1999-06-24,9.858708
1999-06-25,13.077863
1999-06-26,15.569795
1999-06-27,16.525003
1999-06-28,16.464233
1999-06-29,15.052822
1999-06-30,15.03203
1999-07-01,11.373758
1999-07-02,11.484205
1999-07-03,9.742833
1999-07-04,10.455592
1999-07-05,8.602722
1999-07-06,10.056857
1999-07-07,16.192726
1999-07-08,16.20647
1999-07-09,9.17131
1999-07-10,8.501915
1999-07-11,12.165004
1999-07-12,8.733821
1999-07-13,8.331367
1999-07-14,7.429402
1999-07-15,6.670899
1999-07-16,7.1179886
1999-07-17,6.010309
1999-07-18,6.4324985
1999-07-19,7.9423623
1999-07-20,5.4542494
1999-07-21,7.0983686
1999-07-22,5.407115
1999-07-23,5.0967917
1999-07-24,5.770669
1999-07-25,12.573016
1999-07-26,11.0620985
1999-07-27,13.540868
1999-07-28,41.607376
1999-07-29,15.542181
1999-07-30,12.972113
1999-07-31,11.597981
1999-08-01,20.067173
1999-08-02,14.832959
1999-08-03,15.081017
1999-08-04,10.725678
1999-08-05,9.597241
1999-08-06,8.820176
1999-08-07,8.625207
1999-08-08,7.567905
1999-08-09,12.424271
1999-08-10,7.0046916
1999-08-11,10.067588
1999-08-12,6.7324247
1999-08-13,6.5146627
1999-08-14,10.115868
1999-08-15,10.946932
1999-08-16,8.824082
1999-08-17,7.9391136
1999-08-18,7.10751
1999-08-19,6.7611413
1999-08-20,6.4468617
1999-08-21,7.514601
1999-08-22,6.362093
1999-08-23,5.7956924
1999-08-24,11.79087
1999-08-25,5.654603
1999-08-26,5.962204
1999-08-27,6.9229145
1999-08-28,7.8532147
1999-08-29,5.022619
1999-08-30,5.6159506
1999-08-31,7.839734
1999-09-01,5.885267
1999-09-02,10.671728
1999-09-03,12.993552
1999-09-04,7.1311684
1999-09-05,5.6217766
1999-09-06,9.481193
1999-09-07,6.532258
1999-09-08,5.7183595
1999-09-09,5.806685
1999-09-10,5.5921006
1999-09-11,6.7518992
1999-09-12,8.390088
1999-09-13,6.0985003
1999-09-14,5.7564
1999-09-15,6.152741
1999-09-16,5.9971533
1999-09-17,5.731708
1999-09-18,6.8356047
1999-09-19,5.5765786
1999-09-20,5.5601006
1999-09-21,5.470778
1999-09-22,6.5858316
1999-09-23,5.9085107
1999-09-24,7.084605
1999-09-25,5.377378
1999-09-26,5.020323
1999-09-27,4.7941422
1999-09-28,7.447738
1999-09-29,5.0220375
1999-09-30,5.768485
1999-10-01,4.558404
1999-10-02,4.494168
1999-10-03,4.641566
1999-10-04,6.6240582
1999-10-05,10.638492
1999-10-06,10.329878
1999-10-07,7.6859426
1999-10-08,9.470581
1999-10-09,9.015866
1999-10-10,9.267455
1999-10-11,9.22661
1999-10-12,8.812203
1999-10-13,9.100496
1999-10-14,8.626316
1999-10-15,11.353368
1999-10-16,8.232672
1999-10-17,7.915914
1999-10-18,7.1319256
1999-10-19,6.7624545
1999-10-20,6.4381223
1999-10-21,6.131385
1999-10-22,5.9117413
1999-10-23,5.8238554
1999-10-24,8.312905
1999-10-25,5.390866
1999-10-26,4.8784976
1999-10-27,4.5843406
1999-10-28,4.344002
1999-10-29,5.288693
1999-10-30,4.399358
1999-10-31,6.4441686
1999-11-01,4.600661
1999-11-02,7.133622
1999-11-03,4.071722
1999-11-04,4.560247
1999-11-05,4.178576
1999-11-06,3.3087082
1999-11-07,3.301681
1999-11-08,3.1404889
1999-11-09,3.037222
1999-11-10,3.0091712
1999-11-11,5.7853327
1999-11-12,3.4895349
1999-11-13,2.9123006
1999-11-14,2.6903596
1999-11-15,2.6424575
1999-11-16,2.5692976
1999-11-17,2.5471697
1999-11-18,9.417977
1999-11-19,3.388265
1999-11-20,2.7693844
1999-11-21,2.3250253
1999-11-22,2.220069
1999-11-23,2.318283
1999-11-24,2.2023902
1999-11-25,2.1035318
1999-11-26,2.04074
1999-11-27,2.0165055
1999-11-28,1.9372827
1999-11-29,1.889993
1999-11-30,1.8414708
1999-12-01,1.8558493
1999-12-02,1.8161757
1999-12-03,1.8090925
1999-12-04,1.7691358
1999-12-05,1.840627
1999-12-06,1.6473289
1999-12-07,1.5574223
1999-12-08,1.5114416
1999-12-09,1.4682772
1999-12-10,1.6096412
1999-12-11,1.5649017
1999-12-12,2.3385236
1999-12-13,2.853389
1999-12-14,1.6055928
1999-12-15,1.3371533
1999-12-16,1.3656287
1999-12-17,2.0095317
1999-12-18,1.2887131
1999-12-19,1.1779337
1999-12-20,1.172196
1999-12-21,1.1190181
1999-12-22,1.0948454
1999-12-23,1.0647748
1999-12-24,1.036133
1999-12-25,1.0114874
1999-12-26,0.98251384
1999-12-27,0.9540985
1999-12-28,0.92583466
1999-12-29,0.89724684
1999-12-30,0.89678633
1999-12-31,0.8571084
2000-01-01,0.82187754
2000-01-02,0.89731544
2000-01-03,0.9132902
2000-01-04,0.8872381
2000-01-05,0.85932124
2000-01-06,0.83203423
2000-01-07,0.80444133
2000-01-08,0.7876525
2000-01-09,0.7556345
2000-01-10,0.7290166
2000-01-11,0.70482945
2000-01-12,0.6817669
2000-01-13,0.65567815
2000-01-14,0.6332236
2000-01-15,0.60922694
2000-01-16,0.58961654
2000-01-17,0.56524616
2000-01-18,0.545075
2000-01-19,0.52838504
2000-01-20,0.51396435
2000-01-21,0.5287595
2000-01-22,0.49216944
2000-01-23,0.46870208
2000-01-24,0.44991004
2000-01-25,0.4352607
2000-01-26,0.418677
2000-01-27,0.40530124
2000-01-28,0.38910118
2000-01-29,0.37574533
2000-01-30,0.36490723
2000-01-31,0.3512806
2000-02-01,0.34249115
2000-02-02,0.3438261
2000-02-03,0.35518542
2000-02-04,0.12959073
2000-02-05,0.038724083
2000-02-06,0.026065383
2000-02-07,0.024572503
2000-02-08,0.023814658
2000-02-09,0.023151992
2000-02-10,0.02230675
2000-02-11,0.017821237
2000-02-12,0.005897421
2000-02-13,0.00041390362
2000-02-14,1.7030202e-09
2000-02-15,7.007133e-15
2000-02-16,2.8831079999999997e-20
2000-02-17,1.1862644e-25
2000-02-18,4.880924e-31
2000-02-19,2.0082724e-36
2000-02-20,8.263e-42
2000-02-21,0.0
2000-02-22,0.0
2000-02-23,0.0
2000-02-24,0.021228457
2000-02-25,0.00362972
2000-02-26,0.00015361195
2000-02-27,6.320415e-10
2000-02-28,2.6005557e-15
2000-02-29,1.0700072e-20
2000-03-01,4.4025803000000005e-26
2000-03-02,0.0007685058
2000-03-03,7.227201e-05
2000-03-04,2.9736558e-10
2000-03-05,1.2235205e-15
2000-03-06,5.0342156e-21
2000-03-07,2.0713447e-26
2000-03-08,8.522617000000001e-32
2000-03-09,3.5066587999999995e-37
2000-03-10,1.443e-42
2000-03-11,0.0
2000-03-12,0.0
2000-03-13,0.0
2000-03-14,0.0
2000-03-15,0.0
2000-03-16,0.0
2000-03-17,0.0
2000-03-18,0.0
2000-03-19,0.0
2000-03-20,0.0
2000-03-21,0.0
2000-03-22,0.0
2000-03-23,0.0
2000-03-24,0.14266168
2000-03-25,0.19368003
2000-03-26,0.443096
2000-03-27,0.05873034
2000-03-28,0.012786076
2000-03-29,0.0010374412
2000-03-30,4.2685864e-09
2000-03-31,1.756324e-14
2000-04-01,7.2264534e-20
2000-04-02,2.9733481e-25
2000-04-03,1.223394e-30
2000-04-04,5.033695e-36
2000-04-05,0.033628315
2000-04-06,0.030604627
2000-04-07,1.3068349
2000-04-08,0.6041546
2000-04-09,0.058429934
2000-04-10,0.0012366654
2000-04-11,5.088301e-09
2000-04-12,0.05803381
2000-04-13,0.16103792
2000-04-14,0.054601915
2000-04-15,0.0037590016
2000-04-16,1.5466536e-08
2000-04-17,0.3748973
2000-04-18,0.03651141
2000-04-19,0.008281313
2000-04-20,0.00076767895
2000-04-21,3.1586405e-09
2000-04-22,0.00064042147
2000-04-23,0.098708026
2000-04-24,0.65481985
2000-04-25,2.1614447
2000-04-26,0.19842273
2000-04-27,8.2114144e-05
2000-04-28,3.3786135e-10
2000-04-29,1.3901418e-15
2000-04-30,0.0027144155
2000-05-01,0.03458119
2000-05-02,0.0629808
2000-05-03,0.0056192926
2000-05-04,2.3120766e-08
2000-05-05,0.446862
2000-05-06,0.8004872
2000-05-07,0.158818
2000-05-08,0.008228072
2000-05-09,0.017622808
2000-05-10,0.68068427
2000-05-11,1.5699738
2000-05-12,2.879765
2000-05-13,1.7005107
2000-05-14,4.8446927
2000-05-15,6.3734155
2000-05-16,2.587716
2000-05-17,4.36178
2000-05-18,0.46373945
2000-05-19,0.5006239
2000-05-20,1.8426973
2000-05-21,3.339286
2000-05-22,5.355302
2000-05-23,3.2356968
2000-05-24,7.010197
2000-05-25,4.822616
2000-05-26,4.2143106
2000-05-27,1.9352967
2000-05-28,1.6279091
2000-05-29,7.7650733
2000-05-30,2.8792098
2000-05-31,1.9565827
2000-06-01,5.739461
2000-06-02,10.552392
2000-06-03,3.8372934
2000-06-04,3.5050135
2000-06-05,7.5792203
2000-06-06,11.147944
2000-06-07,10.544995
2000-06-08,11.093503
2000-06-09,10.897033
2000-06-10,12.285197
2000-06-11,12.480317
2000-06-12,13.012569
2000-06-13,11.600704
2000-06-14,12.989327
2000-06-15,14.406911
2000-06-16,19.187
2000-06-17,16.381697
2000-06-18,15.971962
2000-06-19,30.925987
2000-06-20,34.04572
2000-06-21,25.371271
2000-06-22,25.117168
2000-06-23,18.635067
2000-06-24,19.039911
2000-06-25,23.050406
2000-06-26,17.08379
2000-06-27,17.324331
2000-06-28,15.865448
2000-06-29,13.846582
2000-06-30,13.943783
2000-07-01,10.336358
2000-07-02,9.195396
2000-07-03,10.721801
2000-07-04,9.174725
2000-07-05,10.670655
2000-07-06,11.569352
2000-07-07,7.5749297
2000-07-08,6.6916018
2000-07-09,6.41658
2000-07-10,6.2274494
2000-07-11,5.9520016
2000-07-12,5.6647773
2000-07-13,10.249849
2000-07-14,8.441466
2000-07-15,56.43286
2000-07-16,18.477642
2000-07-17,12.360754
2000-07-18,10.861352
2000-07-19,9.808945
2000-07-20,8.789044
2000-07-21,9.413074
2000-07-22,12.73635
2000-07-23,8.4701805
2000-07-24,7.033864
2000-07-25,7.8925157
2000-07-26,9.2958765
2000-07-27,8.014505
2000-07-28,6.651591
2000-07-29,5.9766273
2000-07-30,5.8891473
2000-07-31,5.6325283
2000-08-01,5.5428934
2000-08-02,7.1395903
2000-08-03,5.7002387
2000-08-04,6.0462756
2000-08-05,8.237792
2000-08-06,7.4193745
2000-08-07,5.6738186
2000-08-08,7.2663956
2000-08-09,6.262907
2000-08-10,6.6521816
2000-08-11,6.7206764
2000-08-12,11.378172
2000-08-13,10.191317
2000-08-14,11.392246
2000-08-15,9.29166
2000-08-16,14.089188
2000-08-17,13.279646
2000-08-18,14.514859
2000-08-19,15.771606
2000-08-20,19.069788
2000-08-21,18.738241
2000-08-22,15.745598
2000-08-23,13.591105
2000-08-24,13.951873
2000-08-25,15.011514
2000-08-26,14.437788
2000-08-27,12.822233
2000-08-28,15.6854515
2000-08-29,15.477953
2000-08-30,8.560479
2000-08-31,9.791156
2000-09-01,12.106163
2000-09-02,8.189665
2000-09-03,7.554367
2000-09-04,7.293503
2000-09-05,11.466002
2000-09-06,8.069545
2000-09-07,8.966789
2000-09-08,7.5301538
2000-09-09,7.4840717
2000-09-10,8.32271
2000-09-11,9.0119295
2000-09-12,7.144448
2000-09-13,6.652825
2000-09-14,6.2745814
2000-09-15,6.0539446
2000-09-16,5.8914614
2000-09-17,5.796799
2000-09-18,5.7396173
2000-09-19,5.17205
2000-09-20,5.418752
2000-09-21,4.9320254
2000-09-22,4.662425
2000-09-23,4.7642565
2000-09-24,5.6329327
2000-09-25,8.40073
2000-09-26,4.4203234
2000-09-27,5.0732813
2000-09-28,7.9344497
2000-09-29,4.754906
2000-09-30,5.297271
2000-10-01,4.2210617
2000-10-02,6.2353992
2000-10-03,7.8829193
2000-10-04,8.084549
2000-10-05,6.5506973
2000-10-06,6.292987
2000-10-07,6.1283073
2000-10-08,6.059029
2000-10-09,5.9632416
2000-10-10,7.265526
2000-10-11,6.26292
2000-10-12,5.2211914
2000-10-13,8.038706
2000-10-14,5.1426024
2000-10-15,4.631327
2000-10-16,4.590865
2000-10-17,5.925858
2000-10-18,4.6157417
2000-10-19,4.1079135
2000-10-20,3.9501305
2000-10-21,3.8364272
2000-10-22,6.368024
2000-10-23,3.7720048
2000-10-24,3.4280033
2000-10-25,4.055373
2000-10-26,6.0469065
2000-10-27,3.4735682
2000-10-28,3.160744
2000-10-29,3.031211
2000-10-30,4.898625
2000-10-31,3.1785407
2000-11-01,3.1722822
2000-11-02,2.9830017
2000-11-03,2.7592702
2000-11-04,2.631569
2000-11-05,4.601896
2000-11-06,2.8854213
2000-11-07,2.4828868
2000-11-08,2.4247384
2000-11-09,2.3575416
2000-11-10,2.3040483
2000-11-11,2.2756078
2000-11-12,2.2220316
2000-11-13,2.178941
2000-11-14,2.0878377
2000-11-15,2.0228844
2000-11-16,1.9681302
2000-11-17,2.2160795
2000-11-18,3.6737251
2000-11-19,5.3741865
2000-11-20,2.3752954
2000-11-21,1.7795235
2000-11-22,1.7194594
2000-11-23,1.6794543
2000-11-24,1.8032591
2000-11-25,1.8392012
2000-11-26,1.6521606
2000-11-27,1.5933417
2000-11-28,1.529657
2000-11-29,1.7995595
2000-11-30,1.5690548
2000-12-01,1.5708575
2000-12-02,1.4644268
2000-12-03,1.6491207
2000-12-04,2.398824
2000-12-05,1.4088155
2000-12-06,1.2893686
2000-12-07,1.3849235
2000-12-08,1.3139434
2000-12-09,1.2342908
2000-12-10,1.2127994
2000-12-11,1.167623
2000-12-12,1.1473111
2000-12-13,1.1119934
2000-12-14,1.0836328
2000-12-15,1.0585107
2000-12-16,1.031232
2000-12-17,1.0022956
2000-12-18,0.97618234
2000-12-19,0.9503054
2000-12-20,0.9211826
2000-12-21,0.8963563
2000-12-22,0.87431306
2000-12-23,0.8638627
2000-12-24,0.9385189
2000-12-25,0.8700677
2000-12-26,0.84784544
2000-12-27,0.8849811
2000-12-28,1.0445498
2000-12-29,0.9419023
2000-12-30,0.9240055
2000-12-31,1.3156211
2001-01-01,1.0653147
2001-01-02,0.73608565
2001-01-03,0.6930505
2001-01-04,0.67550683
2001-01-05,0.6613079
2001-01-06,0.64545
2001-01-07,0.6313928
2001-01-08,0.6239076
2001-01-09,0.603827
2001-01-10,0.5884806
2001-01-11,0.5741262
2001-01-12,0.5585505
2001-01-13,0.542789
2001-01-14,0.52837414
2001-01-15,0.5109725
2001-01-16,0.49957985
2001-01-17,0.4860257
2001-01-18,0.47135922
2001-01-19,0.45868176
2001-01-20,0.44460514
2001-01-21,0.43178552
2001-01-22,0.41776294
2001-01-23,0.4063508
2001-01-24,0.3936774
2001-01-25,0.38268304
2001-01-26,0.36631298
2001-01-27,0.33825615
2001-01-28,0.23871471
2001-01-29,0.21263768
2001-01-30,0.20210825
2001-01-31,0.1685517
2001-02-01,0.13534135
2001-02-02,0.028912133
2001-02-03,0.018734293
2001-02-04,0.018155344
2001-02-05,0.017541183
2001-02-06,0.016834954
2001-02-07,0.016671054
2001-02-08,0.066451415
2001-02-09,0.027885485
2001-02-10,0.016200727
2001-02-11,0.0145237
2001-02-12,0.0124352425
2001-02-13,0.010364495
2001-02-14,0.0067931945
2001-02-15,0.00055649807
2001-02-16,2.2897297e-09
2001-02-17,9.421169e-15
2001-02-18,3.8763713e-20
2001-02-19,1.5949457e-25
2001-02-20,6.562457000000001e-31
2001-02-21,2.7001446999999998e-36
2001-02-22,1.1109999999999999e-41
2001-02-23,0.0
2001-02-24,0.0
2001-02-25,0.0
2001-02-26,0.0
2001-02-27,0.0
2001-02-28,0.0
2001-03-01,0.0
2001-03-02,0.0
2001-03-03,0.0
2001-03-04,0.0
2001-03-05,0.0343135
2001-03-06,0.0032269186
2001-03-07,1.3277264e-08
2001-03-08,0.046618097
2001-03-09,0.0043840706
2001-03-10,1.8038403e-08
2001-03-11,7.421961e-14
2001-03-12,3.0537902999999997e-19
2001-03-13,1.2564921e-24
2001-03-14,5.1698787000000005e-30
2001-03-15,2.1271637999999998e-35
2001-03-16,8.7522e-41
2001-03-17,0.0
2001-03-18,0.0
2001-03-19,0.0
2001-03-20,0.00081212365
2001-03-21,7.637393e-05
2001-03-22,0.04782151
2001-03-23,0.11278973
2001-03-24,0.10446074
2001-03-25,0.026476614
2001-03-26,0.0016561752
2001-03-27,6.814388e-09
2001-03-28,0.0022123407
2001-03-29,0.00020805349
2001-03-30,8.5604296e-10
2001-03-31,3.522217e-15
2001-04-01,1.4492279e-20
2001-04-02,5.962896e-26
2001-04-03,2.4534535e-31
2001-04-04,1.0094815e-36
2001-04-05,0.001191988
2001-04-06,0.020681567
2001-04-07,0.0019343996
2001-04-08,7.959151e-09
2001-04-09,3.274819e-14
2001-04-10,0.050704796
2001-04-11,0.048415147
2001-04-12,0.004873164
2001-04-13,0.06958939
2001-04-14,0.010047055
2001-04-15,0.008585868
2001-04-16,0.17481023
2001-04-17,0.064490676
2001-04-18,1.9505527
2001-04-19,0.18551922
2001-04-20,0.14054704
2001-04-21,0.013195087
2001-04-22,5.4291622e-08
2001-04-23,2.2338468e-13
2001-04-24,9.191237e-19
2001-04-25,3.781765e-24
2001-04-26,0.030827329
2001-04-27,0.9523208
2001-04-28,0.19567633
2001-04-29,5.5775313
2001-04-30,1.6848626
2001-05-01,1.4691252
2001-05-02,2.286934
2001-05-03,1.3682306
2001-05-04,2.396072
2001-05-05,0.82216066
2001-05-06,1.107589
2001-05-07,0.09919692
2001-05-08,6.137122
2001-05-09,3.6396687
2001-05-10,1.388159
2001-05-11,0.29962513
2001-05-12,1.4982307
2001-05-13,0.14565568
2001-05-14,3.6436253
2001-05-15,0.6512708
2001-05-16,1.2314565
2001-05-17,0.17674908
2001-05-18,1.5827516
2001-05-19,2.4933705
2001-05-20,1.7173455
2001-05-21,3.6059582
2001-05-22,2.285472
2001-05-23,3.0084684
2001-05-24,0.32527825
2001-05-25,0.18964319
2001-05-26,1.8918004
2001-05-27,0.47470155
2001-05-28,0.23633271
2001-05-29,8.227328
2001-05-30,1.7438041
2001-05-31,1.0922879
2001-06-01,6.1083293
2001-06-02,2.6050725
2001-06-03,2.1365016
2001-06-04,2.6744096
2001-06-05,2.4762714
2001-06-06,4.88418
2001-06-07,4.857961
2001-06-08,3.9280756
2001-06-09,1.3612903
2001-06-10,2.285419
2001-06-11,3.9437141
2001-06-12,3.5109458
2001-06-13,5.9896555
2001-06-14,2.7256835
2001-06-15,7.651271
2001-06-16,5.379855
2001-06-17,2.41869
2001-06-18,4.790304
2001-06-19,4.273243
2001-06-20,4.906866
2001-06-21,24.478146
2001-06-22,111.12344
2001-06-23,24.616514
2001-06-24,12.069739
2001-06-25,9.848109
2001-06-26,8.412247
2001-06-27,7.3241777
2001-06-28,8.109264
2001-06-29,14.565533
2001-06-30,8.399671
2001-07-01,8.112468
2001-07-02,6.314267
2001-07-03,6.594383
2001-07-04,5.5689735
2001-07-05,8.555354
2001-07-06,13.137503
2001-07-07,8.127801
2001-07-08,6.86137
2001-07-09,8.950106
2001-07-10,8.521103
2001-07-11,9.12933
2001-07-12,10.6712475
2001-07-13,11.236749
2001-07-14,13.989733
2001-07-15,11.643205
2001-07-16,13.981253
2001-07-17,12.118264
2001-07-18,13.805066
2001-07-19,11.420864
2001-07-20,12.253019
2001-07-21,12.865646
2001-07-22,12.681459
2001-07-23,14.654198
2001-07-24,11.469281
2001-07-25,9.901435
2001-07-26,15.271944
2001-07-27,9.404669
2001-07-28,8.520618
2001-07-29,8.018535
2001-07-30,7.3584204
2001-07-31,6.9796467
2001-08-01,6.744853
2001-08-02,6.962399
2001-08-03,10.782224
2001-08-04,6.977893
2001-08-05,9.47076
2001-08-06,9.320867
2001-08-07,5.9815335
2001-08-08,9.468495
2001-08-09,22.376823
2001-08-10,11.907186
2001-08-11,12.401901
2001-08-12,10.444411
2001-08-13,9.964898
2001-08-14,9.332909
2001-08-15,9.996884
2001-08-16,8.593195
2001-08-17,7.7063956
2001-08-18,7.887561
2001-08-19,8.658569
2001-08-20,7.752428
2001-08-21,9.376185
2001-08-22,6.969964
2001-08-23,5.942133
2001-08-24,5.6466994
2001-08-25,7.0266957
2001-08-26,7.652483
2001-08-27,5.548105
2001-08-28,5.06805
2001-08-29,9.164835
2001-08-30,6.465276
2001-08-31,4.951239
2001-09-01,8.175225
2001-09-02,4.96889
2001-09-03,4.9389772
2001-09-04,6.6611443
2001-09-05,4.5609813
2001-09-06,16.167913
2001-09-07,9.929028
2001-09-08,9.385103
2001-09-09,9.01578
2001-09-10,8.51999
2001-09-11,7.984003
2001-09-12,7.7684836
2001-09-13,10.116148
2001-09-14,7.807756
2001-09-15,9.246195
2001-09-16,6.5306683
2001-09-17,6.097053
2001-09-18,5.919972
2001-09-19,6.9990296
2001-09-20,6.334325
2001-09-21,7.99181
2001-09-22,5.7448044
2001-09-23,6.0853844
2001-09-24,9.680528
2001-09-25,6.537866
2001-09-26,5.1514373
2001-09-27,4.8999014
2001-09-28,4.8323455
2001-09-29,5.223167
2001-09-30,6.8932347
2001-10-01,4.5079074
2001-10-02,4.043206
2001-10-03,9.001633
2001-10-04,5.9195395
2001-10-05,4.187839
2001-10-06,4.2264977
2001-10-07,4.132851
2001-10-08,4.0478926
2001-10-09,4.0969267
2001-10-10,3.8459742
2001-10-11,3.7568018
2001-10-12,3.8538632
2001-10-13,3.9230685
2001-10-14,4.5405107
2001-10-15,5.4198127
2001-10-16,3.5694036
2001-10-17,5.2228065
2001-10-18,3.458383
2001-10-19,4.03345
2001-10-20,3.5477538
2001-10-21,3.2555902
2001-10-22,3.0469935
2001-10-23,2.9366798
2001-10-24,2.9432428
2001-10-25,3.182551
2001-10-26,2.9153872
2001-10-27,2.9805326
2001-10-28,2.7798274
2001-10-29,2.667496
2001-10-30,2.8187876
2001-10-31,2.6617265
2001-11-01,6.3333077
2001-11-02,6.78191
2001-11-03,3.1382027
2001-11-04,2.815207
2001-11-05,3.0206194
2001-11-06,3.1432683
2001-11-07,3.122629
2001-11-08,6.442727
2001-11-09,9.39567
2001-11-10,4.6317816
2001-11-11,4.988601
2001-11-12,5.167822
2001-11-13,6.3591228
2001-11-14,7.118262
2001-11-15,6.138354
2001-11-16,5.3708982
2001-11-17,5.176319
2001-11-18,5.142253
2001-11-19,5.8339744
2001-11-20,5.3080378
2001-11-21,4.741132
2001-11-22,4.842716
2001-11-23,5.532761
2001-11-24,4.205848
2001-11-25,3.9637477
2001-11-26,3.8134422
2001-11-27,3.701429
2001-11-28,3.6520221
2001-11-29,3.6136093
2001-11-30,3.2771635
2001-12-01,3.0895982
2001-12-02,2.9704695
2001-12-03,2.839099
2001-12-04,2.7240436
2001-12-05,2.6159506
2001-12-06,2.506429
2001-12-07,2.482893
2001-12-08,2.4191463
2001-12-09,2.4541955
2001-12-10,3.1695945
2001-12-11,2.3139565
2001-12-12,2.1190846
2001-12-13,2.025008
2001-12-14,1.9247367
2001-12-15,1.9515542
2001-12-16,1.949946
2001-12-17,2.049991
2001-12-18,2.1328728
2001-12-19,2.5700526
2001-12-20,2.258014
2001-12-21,5.5206175
2001-12-22,3.4554477
2001-12-23,2.411921
2001-12-24,1.5762362
2001-12-25,1.48566
2001-12-26,4.371793
2001-12-27,2.4315257
2001-12-28,2.4808147
2001-12-29,1.8320981
2001-12-30,1.4419131
2001-12-31,1.4013295
2002-01-01,1.3789905
2002-01-02,1.3568821
2002-01-03,1.3382118
2002-01-04,1.3159877
2002-01-05,1.2935306
2002-01-06,1.2745664
2002-01-07,1.2489895
2002-01-08,1.2181109
2002-01-09,1.1906111
2002-01-10,1.1595991
2002-01-11,1.1322252
2002-01-12,1.1010153
2002-01-13,1.0741198
2002-01-14,1.0482674
2002-01-15,1.0634644
2002-01-16,1.0026855
2002-01-17,0.9750322
2002-01-18,0.9368193
2002-01-19,0.90653956
2002-01-20,0.8809181
2002-01-21,0.8569163
2002-01-22,0.82849914
2002-01-23,0.80217004
2002-01-24,0.92450285
2002-01-25,0.77803046
2002-01-26,0.74013543
2002-01-27,0.7152674
2002-01-28,0.69079155
2002-01-29,0.66963184
2002-01-30,0.6558236
2002-01-31,0.63326144
2002-02-01,0.6155761
2002-02-02,0.5962364
2002-02-03,0.5775706
2002-02-04,0.5588645
2002-02-05,0.5407559
2002-02-06,0.5233658
2002-02-07,0.5066827
2002-02-08,0.4888043
2002-02-09,0.4755242
2002-02-10,0.45838103
2002-02-11,0.44272053
2002-02-12,0.42662695
2002-02-13,0.41220215
2002-02-14,0.39701933
2002-02-15,0.38592625
2002-02-16,0.37039024
2002-02-17,0.35703763
2002-02-18,0.3445862
2002-02-19,0.2340248
2002-02-20,0.16744813
2002-02-21,0.11422584
2002-02-22,0.033591643
2002-02-23,0.025409432
2002-02-24,0.024353465
2002-02-25,0.019438602
2002-02-26,0.016297571
2002-02-27,0.015609362
2002-02-28,0.015081687
2002-03-01,0.0141009
2002-03-02,0.009478784
2002-03-03,0.0029299497
2002-03-04,0.00020236483
2002-03-05,0.00061480544
2002-03-06,5.7817604e-05
2002-03-07,2.3789246e-10
2002-03-08,9.788163e-16
2002-03-09,4.0273724e-21
2002-03-10,1.6570757e-26
2002-03-11,6.818093e-32
2002-03-12,0.0062093446
2002-03-13,0.030310636
2002-03-14,0.0030837406
2002-03-15,0.0076609356
2002-03-16,0.13669388
2002-03-17,0.2810912
2002-03-18,0.044468455
2002-03-19,0.060221203
2002-03-20,0.0054932083
2002-03-21,0.03819362
2002-03-22,0.071775585
2002-03-23,0.30891234
2002-03-24,0.033990286
2002-03-25,0.00052134297
2002-03-26,2.1450828e-09
2002-03-27,8.826015e-15
2002-03-28,3.631493e-20
2002-03-29,0.061033696
2002-03-30,0.565799
2002-03-31,4.474307
2002-04-01,0.45387962
2002-04-02,0.22487843
2002-04-03,0.9739126
2002-04-04,0.28364518
2002-04-05,0.35849828
2002-04-06,0.12748468
2002-04-07,0.14990705
2002-04-08,0.18436359
2002-04-09,1.4820662
2002-04-10,0.1378636
2002-04-11,0.0038174791
2002-04-12,0.006396953
2002-04-13,0.0005678287
2002-04-14,2.33635e-09
2002-04-15,9.61299e-15
2002-04-16,0.1459537
2002-04-17,0.13124427
2002-04-18,1.5116285
2002-04-19,0.3825842
2002-04-20,0.64247566
2002-04-21,0.0777626
2002-04-22,3.3845193
2002-04-23,0.94478774
2002-04-24,3.9694748
2002-04-25,1.6611409
2002-04-26,0.20727192
2002-04-27,0.03400657
2002-04-28,2.3884614
2002-04-29,0.25499713
2002-04-30,2.0194705
2002-05-01,1.4405922
2002-05-02,2.8742015
2002-05-03,3.669563
2002-05-04,1.38121
2002-05-05,0.2928803
2002-05-06,0.1342184
2002-05-07,4.993988
2002-05-08,1.5953431
2002-05-09,2.7482672
2002-05-10,8.283582
2002-05-11,11.0890255
2002-05-12,2.7690916
2002-05-13,1.5249587
2002-05-14,7.512289
2002-05-15,11.73472
2002-05-16,3.5848298
2002-05-17,2.307344
2002-05-18,4.9378905
2002-05-19,7.581893
2002-05-20,2.6580179
2002-05-21,2.8487802
2002-05-22,5.008832
2002-05-23,4.2827125
2002-05-24,6.875063
2002-05-25,5.4147706
2002-05-26,6.937314
2002-05-27,7.7269535
2002-05-28,7.2935433
2002-05-29,6.8429956
2002-05-30,7.686038
2002-05-31,7.128881
2002-06-01,10.576693
2002-06-02,7.3745847
2002-06-03,6.308779
2002-06-04,7.550469
2002-06-05,6.948583
2002-06-06,14.3535385
2002-06-07,12.313437
2002-06-08,10.084339
2002-06-09,9.507114
2002-06-10,11.406957
2002-06-11,9.806326
2002-06-12,9.705914
2002-06-13,8.427606
2002-06-14,17.810514
2002-06-15,14.104167
2002-06-16,12.938645
2002-06-17,14.399056
2002-06-18,13.20419
2002-06-19,13.012624
2002-06-20,11.0138235
2002-06-21,13.035195
2002-06-22,11.431258
2002-06-23,10.337311
2002-06-24,9.93834
2002-06-25,9.391672
2002-06-26,9.127271
2002-06-27,8.42857
2002-06-28,7.8381453
2002-06-29,11.728335
2002-06-30,8.9166975
2002-07-01,8.673841
2002-07-02,12.4774275
2002-07-03,11.259558
2002-07-04,13.737561
2002-07-05,15.561324
2002-07-06,16.380146
2002-07-07,15.307027
2002-07-08,16.053186
2002-07-09,11.867282
2002-07-10,10.909023
2002-07-11,10.791577
2002-07-12,13.400783
2002-07-13,11.897613
2002-07-14,14.825354
2002-07-15,16.959555
2002-07-16,20.415316
2002-07-17,20.599724
2002-07-18,38.067413
2002-07-19,22.726513
2002-07-20,15.381869
2002-07-21,16.835331
2002-07-22,11.414234
2002-07-23,8.880212
2002-07-24,8.858092
2002-07-25,11.297827
2002-07-26,13.035002
2002-07-27,6.918815
2002-07-28,14.678406
2002-07-29,7.503737
2002-07-30,5.978629
2002-07-31,5.832215
2002-08-01,8.13432
2002-08-02,6.251758
2002-08-03,6.907888
2002-08-04,6.182223
2002-08-05,7.70864
2002-08-06,6.2685018
2002-08-07,6.208568
2002-08-08,8.937584
2002-08-09,11.9982815
2002-08-10,43.58437
2002-08-11,16.027294
2002-08-12,10.794813
2002-08-13,10.576724
2002-08-14,10.685508
2002-08-15,9.897528
2002-08-16,11.758886
2002-08-17,10.09569
2002-08-18,7.5070853
2002-08-19,7.2194347
2002-08-20,8.159827
2002-08-21,7.341575
2002-08-22,6.590578
2002-08-23,8.295453
2002-08-24,7.8036466
2002-08-25,9.281524
2002-08-26,9.170338
2002-08-27,9.04582
2002-08-28,8.051921
2002-08-29,6.191986
2002-08-30,5.9731927
2002-08-31,9.318202
2002-09-01,7.697944
2002-09-02,18.502811
2002-09-03,10.545788
2002-09-04,10.261819
2002-09-05,10.647487
2002-09-06,14.829364
2002-09-07,11.718427
2002-09-08,11.5569
2002-09-09,8.97545
2002-09-10,9.397608
2002-09-11,8.392153
2002-09-12,7.9639664
2002-09-13,8.19381
2002-09-14,7.325761
2002-09-15,6.7431912
2002-09-16,6.45974
2002-09-17,7.0454354
2002-09-18,6.0871096
2002-09-19,7.010796
2002-09-20,10.604498
2002-09-21,5.6626344
2002-09-22,5.051444
2002-09-23,4.8963284
2002-09-24,4.8122697
2002-09-25,4.827982
2002-09-26,7.973446
2002-09-27,4.715933
2002-09-28,4.303154
2002-09-29,4.6791735
2002-09-30,5.3167834
2002-10-01,4.0324492
2002-10-02,3.8767548
2002-10-03,3.8130372
2002-10-04,3.792945
2002-10-05,3.5043135
2002-10-06,4.054103
2002-10-07,4.864894
2002-10-08,3.2948756
2002-10-09,3.0260608
2002-10-10,3.1989093
2002-10-11,3.7594562
2002-10-12,5.435183
2002-10-13,3.2347732
2002-10-14,2.6456246
2002-10-15,2.561032
2002-10-16,3.7875977
2002-10-17,2.67075
2002-10-18,2.5357444
2002-10-19,3.2295604
2002-10-20,2.422441
2002-10-21,2.3725953
2002-10-22,3.7197232
2002-10-23,5.0775247
2002-10-24,3.5622916
2002-10-25,2.9642208
2002-10-26,2.4835117
2002-10-27,2.645517
2002-10-28,2.9789855
2002-10-29,3.1908872
2002-10-30,3.6883874
2002-10-31,3.413478
2002-11-01,3.3389907
2002-11-02,3.3729331
2002-11-03,3.3849173
2002-11-04,3.3810785
2002-11-05,3.1986518
2002-11-06,3.1276422
2002-11-07,3.3480284
2002-11-08,3.8770375
2002-11-09,4.454816
2002-11-10,5.4146137
2002-11-11,3.1896932
2002-11-12,2.9577372
2002-11-13,2.8353908
2002-11-14,3.216295
2002-11-15,4.1533012
2002-11-16,3.7706804
2002-11-17,3.1294234
2002-11-18,3.0589201
2002-11-19,3.1184347
2002-11-20,3.5352378
2002-11-21,3.1810498
2002-11-22,3.1069818
2002-11-23,7.77361
2002-11-24,3.3674207
2002-11-25,2.9223526
2002-11-26,3.596947
2002-11-27,2.8515432
2002-11-28,2.7012703
2002-11-29,2.7718527
2002-11-30,2.6006134
2002-12-01,4.6883163
2002-12-02,2.7783701
2002-12-03,2.4124458
2002-12-04,2.343622
2002-12-05,2.2881382
2002-12-06,2.2251043
2002-12-07,2.2047818
2002-12-08,2.119652
2002-12-09,2.0596743
2002-12-10,1.9973071
2002-12-11,1.9388039
2002-12-12,1.8779864
2002-12-13,1.8153555
2002-12-14,1.7574617
2002-12-15,1.7017142
2002-12-16,1.6479241
2002-12-17,1.5876675
2002-12-18,1.5692904
2002-12-19,3.7978342
2002-12-20,1.6692435
2002-12-21,1.4098862
2002-12-22,1.3587742
2002-12-23,1.3311601
2002-12-24,1.2982621
2002-12-25,1.2304394
2002-12-26,1.1865399
2002-12-27,1.1435409
2002-12-28,1.1018693
2002-12-29,1.0589234
2002-12-30,1.0164013
2002-12-31,0.97662145
2003-01-01,0.93945557
2003-01-02,0.90230614
2003-01-03,0.86761636
2003-01-04,0.8323037
2003-01-05,0.8011091
2003-01-06,0.77411103
2003-01-07,0.7393328
2003-01-08,0.71027696
2003-01-09,0.6824633
2003-01-10,0.65918905
2003-01-11,0.63188416
2003-01-12,0.60344744
2003-01-13,0.5821069
2003-01-14,0.55391306
2003-01-15,0.5342308
2003-01-16,0.51179653
2003-01-17,0.4906163
2003-01-18,0.46921
2003-01-19,0.45298535
2003-01-20,0.43396744
2003-01-21,0.41817933
2003-01-22,0.40358135
2003-01-23,0.38928294
2003-01-24,0.37545428
2003-01-25,0.36060274
2003-01-26,0.3454711
2003-01-27,0.3081348
2003-01-28,0.19486965
2003-01-29,0.13561545
2003-01-30,0.033878405
2003-01-31,0.023924759
2003-02-01,0.021487592
2003-02-02,0.015737925
2003-02-03,0.014782598
2003-02-04,0.012705102
2003-02-05,0.006993148
2003-02-06,0.0005564989
2003-02-07,2.289733e-09
2003-02-08,9.421182e-15
2003-02-09,0.0005891877
2003-02-10,5.5408538e-05
2003-02-11,2.2798026e-10
2003-02-12,9.380323e-16
2003-02-13,3.8595654e-21
2003-02-14,1.588031e-26
2003-02-15,6.534006e-32
2003-02-16,2.6884384e-37
2003-02-17,1.106e-42
2003-02-18,0.0
2003-02-19,0.0
2003-02-20,0.0
2003-02-21,0.0
2003-02-22,0.0
2003-02-23,0.0
2003-02-24,0.01992992
2003-02-25,0.0022541187
2003-02-26,3.5731002e-05
2003-02-27,1.470164e-10
2003-02-28,6.049038e-16
2003-03-01,2.4888968e-21
2003-03-02,1.0240649e-26
2003-03-03,4.213549e-32
2003-03-04,1.7336785999999998e-37
2003-03-05,7.13e-43
2003-03-06,0.0
2003-03-07,0.0
2003-03-08,0.0
2003-03-09,0.0
2003-03-10,0.0
2003-03-11,0.0
2003-03-12,0.0
2003-03-13,0.0
2003-03-14,0.0
2003-03-15,0.0
2003-03-16,0.0
2003-03-17,0.022598807
2003-03-18,0.017021105
2003-03-19,0.06724855
2003-03-20,1.2398325
2003-03-21,0.11601431
2003-03-22,4.773447e-07
2003-03-23,1.9640507e-12
2003-03-24,8.081152e-18
2003-03-25,3.3250165e-23
2003-03-26,1.3680892e-28
2003-03-27,0.0746394
2003-03-28,0.0070192567
2003-03-29,2.8880965e-08
2003-03-30,0.106065124
2003-03-31,0.0894541
2003-04-01,0.057009265
2003-04-02,0.004658394
2003-04-03,1.9167116e-08
2003-04-04,0.0005239508
2003-04-05,0.0006128444
2003-04-06,5.2999672e-05
2003-04-07,0.018451393
2003-04-08,0.02370125
2003-04-09,0.0020657429
2003-04-10,8.499567e-09
2003-04-11,0.012548008
2003-04-12,0.29706776
2003-04-13,1.9699805
2003-04-14,0.6845481
2003-04-15,0.058962148
2003-04-16,0.08606942
2003-04-17,0.16284047
2003-04-18,0.08957879
2003-04-19,0.026411215
2003-04-20,2.1661415
2003-04-21,1.166297
2003-04-22,0.3246416
2003-04-23,0.7087154
2003-04-24,0.4246097
2003-04-25,0.06023135
2003-04-26,3.1050265
2003-04-27,3.0521116
2003-04-28,1.6935986
2003-04-29,0.3137571
2003-04-30,3.892138
2003-05-01,0.42679635
2003-05-02,2.0349758
2003-05-03,0.5593342
2003-05-04,2.732358
2003-05-05,6.3262334
2003-05-06,0.6151692
2003-05-07,0.044648446
2003-05-08,1.0647826
2003-05-09,11.874312
2003-05-10,8.854217
2003-05-11,3.1312544
2003-05-12,0.7630972
2003-05-13,11.54819
2003-05-14,6.389605
2003-05-15,1.2974737
2003-05-16,8.146604
2003-05-17,6.6136227
2003-05-18,9.226991
2003-05-19,1.4306716
2003-05-20,4.2892604
2003-05-21,1.4834894
2003-05-22,0.7804235
2003-05-23,1.0238781
2003-05-24,3.6590304
2003-05-25,6.5618453
2003-05-26,3.270908
2003-05-27,1.6196946
2003-05-28,1.625972
2003-05-29,2.3386717
2003-05-30,2.0265038
2003-05-31,2.2725763
2003-06-01,4.5113025
2003-06-02,4.1834254
2003-06-03,4.4837656
2003-06-04,4.4229927
2003-06-05,4.8655286
2003-06-06,6.376727
2003-06-07,9.0768
2003-06-08,9.275545
2003-06-09,12.475906
2003-06-10,10.904655
2003-06-11,11.351808
2003-06-12,10.374136
2003-06-13,11.134238
2003-06-14,9.492581
2003-06-15,8.873231
2003-06-16,12.238048
2003-06-17,10.727566
2003-06-18,11.7153635
2003-06-19,10.389822
2003-06-20,10.9342165
2003-06-21,12.080378
2003-06-22,13.121635
2003-06-23,11.45989
2003-06-24,8.747946
2003-06-25,8.046295
2003-06-26,13.02084
2003-06-27,8.868193
2003-06-28,11.615519
2003-06-29,13.494465
2003-06-30,10.195259
2003-07-01,8.738423
2003-07-02,49.432793
2003-07-03,21.35415
2003-07-04,13.831798
2003-07-05,20.558098
2003-07-06,16.385643
2003-07-07,10.741459
2003-07-08,9.651813
2003-07-09,10.813567
2003-07-10,19.151829
2003-07-11,10.152508
2003-07-12,10.742282
2003-07-13,16.11097
2003-07-14,13.510887
2003-07-15,12.439592
2003-07-16,10.793796
2003-07-17,9.007157
2003-07-18,11.416523
2003-07-19,8.091008
2003-07-20,7.3495946
2003-07-21,8.210716
2003-07-22,6.8206162
2003-07-23,10.7507925
2003-07-24,9.774746
2003-07-25,6.3968945
2003-07-26,7.1147776
2003-07-27,13.07808
2003-07-28,12.67871
2003-07-29,9.773995
2003-07-30,9.18519
2003-07-31,10.81009
2003-08-01,12.05155
2003-08-02,19.942154
2003-08-03,14.674341
2003-08-04,14.045098
2003-08-05,12.455641
2003-08-06,10.771018
2003-08-07,9.665541
2003-08-08,11.029039
2003-08-09,8.364307
2003-08-10,13.890367
2003-08-11,7.8043575
2003-08-12,6.6461377
2003-08-13,6.7087893
2003-08-14,8.724588
2003-08-15,6.919544
2003-08-16,5.9598365
2003-08-17,7.704574
2003-08-18,8.131093
2003-08-19,8.44231
2003-08-20,9.164213
2003-08-21,6.919752
2003-08-22,7.176726
2003-08-23,7.5063224
2003-08-24,7.8210573
2003-08-25,8.444895
2003-08-26,8.770343
2003-08-27,7.07116
2003-08-28,8.745635
2003-08-29,11.705537
2003-08-30,10.903862
2003-08-31,10.775442
2003-09-01,7.620537
2003-09-02,7.222867
2003-09-03,8.941425
2003-09-04,6.9452767
2003-09-05,6.772826
2003-09-06,7.0659137
2003-09-07,6.596563
2003-09-08,5.7754493
2003-09-09,8.19293
2003-09-10,7.5452876
2003-09-11,6.2442856
2003-09-12,7.796471
2003-09-13,5.9378757
2003-09-14,5.149968
2003-09-15,4.7050014
2003-09-16,4.5086446
2003-09-17,4.369641
2003-09-18,4.541082
2003-09-19,4.443349
2003-09-20,4.160717
2003-09-21,4.8993893
2003-09-22,4.2641106
2003-09-23,4.188865
2003-09-24,8.371141
2003-09-25,7.149876
2003-09-26,3.855364
2003-09-27,3.7610927
2003-09-28,10.459624
2003-09-29,8.097619
2003-09-30,4.584028
2003-10-01,6.4620275
2003-10-02,7.525451
2003-10-03,10.193507
2003-10-04,8.661565
2003-10-05,8.894956
2003-10-06,8.352919
2003-10-07,7.9460907
2003-10-08,8.051573
2003-10-09,7.094324
2003-10-10,6.6603007
2003-10-11,8.469725
2003-10-12,7.046265
2003-10-13,6.612954
2003-10-14,7.179373
2003-10-15,5.627863
2003-10-16,5.099881
2003-10-17,5.3703866
2003-10-18,4.9831457
2003-10-19,6.378746
2003-10-20,4.4779553
2003-10-21,5.9499407
2003-10-22,4.3193474
2003-10-23,3.921017
2003-10-24,4.0015197
2003-10-25,4.2919087
2003-10-26,3.9251094
2003-10-27,3.4585214
2003-10-28,3.3523598
2003-10-29,7.0613017
2003-10-30,3.7860162
2003-10-31,5.6567426
2003-11-01,3.3268864
2003-11-02,2.9956758
2003-11-03,3.6449697
2003-11-04,7.9776435
2003-11-05,3.7124217
2003-11-06,3.1386428
2003-11-07,2.890137
2003-11-08,3.0383775
2003-11-09,2.9131846
2003-11-10,2.7776344
2003-11-11,3.8038716
2003-11-12,5.7821393
2003-11-13,3.134928
2003-11-14,2.8450053
2003-11-15,3.3121977
2003-11-16,3.0960383
2003-11-17,2.8590229
2003-11-18,2.719539
2003-11-19,2.7892463
2003-11-20,2.7059355
2003-11-21,2.696014
2003-11-22,2.6810932
2003-11-23,2.7291543
2003-11-24,2.7142727
2003-11-25,2.6484306
2003-11-26,2.5349758
2003-11-27,2.617153
2003-11-28,2.5189087
2003-11-29,2.5966275
2003-11-30,4.1963496
2003-12-01,2.723632
2003-12-02,2.317496
2003-12-03,3.063672
2003-12-04,2.6849062
2003-12-05,2.3120651
2003-12-06,3.7114806
2003-12-07,2.241314
2003-12-08,2.1927412
2003-12-09,2.757626
2003-12-10,2.0512593
2003-12-11,1.9418603
2003-12-12,1.8997533
2003-12-13,2.7700007
2003-12-14,1.9557949
2003-12-15,1.8098037
2003-12-16,1.7606034
2003-12-17,1.782764
2003-12-18,1.7032012
2003-12-19,1.6761833
2003-12-20,2.888641
2003-12-21,1.8649908
2003-12-22,3.8465362
2003-12-23,1.7756948
2003-12-24,1.5144786
2003-12-25,1.4759991
2003-12-26,1.4463443
2003-12-27,1.4380368
2003-12-28,1.404882
2003-12-29,1.3456597
2003-12-30,1.3095438
2003-12-31,1.2702328
2004-01-01,1.2298155
2004-01-02,1.2049099
2004-01-03,1.17041
2004-01-04,1.1361575
2004-01-05,1.0963812
2004-01-06,1.0602704
2004-01-07,1.0274061
2004-01-08,1.0016309
2004-01-09,0.96451813
2004-01-10,0.9336612
2004-01-11,0.90236574
2004-01-12,0.8711105
2004-01-13,0.84424984
2004-01-14,0.81491625
2004-01-15,0.7843018
2004-01-16,0.7536568
2004-01-17,0.72916347
2004-01-18,0.704134
2004-01-19,0.68030095
2004-01-20,0.6553513
2004-01-21,0.63060725
2004-01-22,0.60957986
2004-01-23,0.5869027
2004-01-24,0.5640698
2004-01-25,0.5448403
2004-01-26,0.5262058
2004-01-27,0.50679785
2004-01-28,0.48857385
2004-01-29,0.47171956
2004-01-30,0.45575157
2004-01-31,0.4403963
2004-02-01,0.4256023
2004-02-02,0.41198602
2004-02-03,0.39740968
2004-02-04,0.38571024
2004-02-05,0.3727015
2004-02-06,0.36319038
2004-02-07,0.34704375
2004-02-08,0.32414818
2004-02-09,0.25973225
2004-02-10,0.17913674
2004-02-11,0.030535892
2004-02-12,0.016632805
2004-02-13,0.016129045
2004-02-14,0.022148613
2004-02-15,0.015824398
2004-02-16,0.014727752
2004-02-17,0.012713092
2004-02-18,0.0053804903
2004-02-19,0.00040472767
2004-02-20,1.6652654e-09
2004-02-21,6.8517897e-15
2004-02-22,2.8191915e-20
2004-02-23,1.1599657e-25
2004-02-24,4.7727172000000005e-31
2004-02-25,0.0136672435
2004-02-26,0.007972285
2004-02-27,0.0006288645
2004-02-28,2.5874838e-09
2004-02-29,0.023499612
2004-03-01,0.2896128
2004-03-02,0.027028017
2004-03-03,1.1120767e-07
2004-03-04,4.5756763e-13
2004-03-05,1.8826770999999997e-18
2004-03-06,7.746338e-24
2004-03-07,3.1872564e-29
2004-03-08,1.3114072e-34
2004-03-09,5.395830000000001e-40
2004-03-10,3e-45
2004-03-11,0.012213217
2004-03-12,0.07765204
2004-03-13,0.0071945633
2004-03-14,2.9602269e-08
2004-03-15,1.2179952e-13
2004-03-16,5.0114815e-19
2004-03-17,2.0619907e-24
2004-03-18,8.484129e-30
2004-03-19,3.490823e-35
2004-03-20,1.4363200000000002e-40
2004-03-21,0.0
2004-03-22,0.0
2004-03-23,0.0
2004-03-24,0.0
2004-03-25,0.08600274
2004-03-26,0.00808789
2004-03-27,3.3277892e-08
2004-03-28,1.36923e-13
2004-03-29,5.633742e-19
2004-03-30,0.0010118659
2004-03-31,0.0011458681
2004-04-01,0.023180772
2004-04-02,0.14982289
2004-04-03,0.14110497
2004-04-04,0.24530129
2004-04-05,0.99580514
2004-04-06,0.41775423
2004-04-07,0.030674137
2004-04-08,0.0049185627
2004-04-09,0.00743448
2004-04-10,0.052862942
2004-04-11,0.043894053
2004-04-12,1.6560395
2004-04-13,0.83869874
2004-04-14,0.80171204
2004-04-15,0.10293311
2004-04-16,0.019561702
2004-04-17,0.027611315
2004-04-18,0.08880141
2004-04-19,1.5633544
2004-04-20,1.8425956
2004-04-21,1.090681
2004-04-22,4.8104305
2004-04-23,1.3292661
2004-04-24,1.4260389
2004-04-25,1.146257
2004-04-26,3.2261848
2004-04-27,2.0249698
2004-04-28,0.9002648
2004-04-29,0.8753218
2004-04-30,1.8721873
2004-05-01,4.7595615
2004-05-02,6.4615
2004-05-03,5.796591
2004-05-04,3.6112182
2004-05-05,1.9917294
2004-05-06,0.86356163
2004-05-07,0.47700536
2004-05-08,11.980025
2004-05-09,2.5059144
2004-05-10,0.94080603
2004-05-11,3.9191804
2004-05-12,1.2291162
2004-05-13,2.8722231
2004-05-14,4.2548213
2004-05-15,1.5565453
2004-05-16,3.3559928
2004-05-17,2.056659
2004-05-18,7.6244802
2004-05-19,7.6718783
2004-05-20,7.398244
2004-05-21,5.7857785
2004-05-22,6.1515684
2004-05-23,6.0343556
2004-05-24,8.426768
2004-05-25,17.623793
2004-05-26,12.139743
2004-05-27,12.554633
2004-05-28,13.590968
2004-05-29,14.439273
2004-05-30,16.653831
2004-05-31,15.11276
2004-06-01,15.170554
2004-06-02,13.867172
2004-06-03,19.860703
2004-06-04,13.211409
2004-06-05,13.98072
2004-06-06,14.957226
2004-06-07,56.971607
2004-06-08,22.770493
2004-06-09,15.186962
2004-06-10,18.340195
2004-06-11,10.34616
2004-06-12,9.087631
2004-06-13,16.11372
2004-06-14,11.8507595
2004-06-15,13.655227
2004-06-16,8.222809
2004-06-17,7.349757
2004-06-18,7.619117
2004-06-19,9.139799
2004-06-20,10.778614
2004-06-21,9.773052
2004-06-22,10.3982525
2004-06-23,6.6535263
2004-06-24,10.113614
2004-06-25,10.772778
2004-06-26,8.045444
2004-06-27,7.648012
2004-06-28,8.561392
2004-06-29,10.574752
2004-06-30,15.2217045
2004-07-01,10.121834
2004-07-02,12.693455
2004-07-03,12.471097
2004-07-04,18.545372
2004-07-05,19.788458
2004-07-06,22.024961
2004-07-07,19.440926
2004-07-08,15.811581
2004-07-09,12.95173
2004-07-10,11.117514
2004-07-11,11.29043
2004-07-12,12.728577
2004-07-13,15.422224
2004-07-14,8.421607
2004-07-15,7.719127
2004-07-16,7.221301
2004-07-17,8.170121
2004-07-18,8.369019
2004-07-19,6.829535
2004-07-20,8.852786
2004-07-21,6.9827056
2004-07-22,7.1804695
2004-07-23,7.909979
2004-07-24,8.419854
2004-07-25,7.8569694
2004-07-26,9.269598
2004-07-27,11.261415
2004-07-28,14.448575
2004-07-29,13.873575
2004-07-30,12.931083
2004-07-31,11.841316
2004-08-01,12.830056
2004-08-02,12.599496
2004-08-03,13.7377
2004-08-04,10.656046
2004-08-05,11.66424
2004-08-06,8.238167
2004-08-07,11.296628
2004-08-08,7.8913383
2004-08-09,7.470305
2004-08-10,7.133413
2004-08-11,6.8085313
2004-08-12,6.5256777
2004-08-13,6.251122
2004-08-14,5.9374504
2004-08-15,6.3028746
2004-08-16,6.249362
2004-08-17,9.032361
2004-08-18,7.6388397
2004-08-19,10.957378
2004-08-20,9.754908
2004-08-21,7.161142
2004-08-22,7.6691217
2004-08-23,6.7224965
2004-08-24,6.4917545
2004-08-25,6.662201
2004-08-26,6.3502617
2004-08-27,5.836475
2004-08-28,6.2391133
2004-08-29,6.0416007
2004-08-30,5.355286
2004-08-31,5.4136176
2004-09-01,5.160371
2004-09-02,4.8614173
2004-09-03,4.8140936
2004-09-04,5.5285125
2004-09-05,8.2954235
2004-09-06,10.814526
2004-09-07,4.71589
2004-09-08,4.032775
2004-09-09,4.0468025
2004-09-10,4.5981855
2004-09-11,4.329815
2004-09-12,4.147469
2004-09-13,5.4469194
2004-09-14,3.70191
2004-09-15,3.366763
2004-09-16,3.311527
2004-09-17,3.8093812
2004-09-18,3.21792
2004-09-19,3.5498755
2004-09-20,3.969711
2004-09-21,3.9907846
2004-09-22,3.9205508
2004-09-23,3.2601812
2004-09-24,2.741544
2004-09-25,2.7088432
2004-09-26,4.0673614
2004-09-27,3.367008
2004-09-28,2.6390164
2004-09-29,4.1670804
2004-09-30,2.9233413
2004-10-01,3.5040572
2004-10-02,5.204107
2004-10-03,3.2367663
2004-10-04,2.7314022
2004-10-05,5.4190307
2004-10-06,6.893315
2004-10-07,4.4942656
2004-10-08,5.478337
2004-10-09,4.407224
2004-10-10,4.096549
2004-10-11,3.9654627
2004-10-12,3.8762307
2004-10-13,3.755151
2004-10-14,3.664063
2004-10-15,3.5952828
2004-10-16,3.5172234
2004-10-17,3.2789443
2004-10-18,3.487765
2004-10-19,3.5898168
2004-10-20,2.9933915
2004-10-21,3.7473717
2004-10-22,2.844498
2004-10-23,2.7151654
2004-10-24,2.5441947
2004-10-25,2.5058913
2004-10-26,4.3874207
2004-10-27,2.6089668
2004-10-28,4.927965
2004-10-29,4.435249
2004-10-30,3.4333088
2004-10-31,2.807274
2004-11-01,2.3616586
2004-11-02,3.5526736
2004-11-03,3.2609918
2004-11-04,2.42634
2004-11-05,2.5810587
2004-11-06,2.3817582
2004-11-07,2.3462958
2004-11-08,2.738335
2004-11-09,2.2765226
2004-11-10,2.219027
2004-11-11,2.2614696
2004-11-12,3.0891383
2004-11-13,2.4192233
2004-11-14,2.146589
2004-11-15,2.271096
2004-11-16,2.1818125
2004-11-17,2.1386871
2004-11-18,2.1308541
2004-11-19,2.140527
2004-11-20,2.0072844
2004-11-21,2.167212
2004-11-22,2.639351
2004-11-23,1.9745601
2004-11-24,3.1212897
2004-11-25,3.0340025
2004-11-26,3.0338755
2004-11-27,2.604979
2004-11-28,2.4979994
2004-11-29,2.5414927
2004-11-30,2.6427903
2004-12-01,2.7260823
2004-12-02,2.7191517
2004-12-03,2.7030401
2004-12-04,2.6634848
2004-12-05,2.6824796
2004-12-06,2.5941608
2004-12-07,3.0749738
2004-12-08,3.428385
2004-12-09,2.4225714
2004-12-10,2.2449663
2004-12-11,2.2222633
2004-12-12,2.1712682
2004-12-13,2.2093797
2004-12-14,2.289013
2004-12-15,1.9888347
2004-12-16,1.9413435
2004-12-17,1.8430305
2004-12-18,1.770766
2004-12-19,1.7160517
2004-12-20,1.7014204
2004-12-21,1.7048479
2004-12-22,1.6137519
2004-12-23,1.5296308
2004-12-24,1.477994
2004-12-25,1.428284
2004-12-26,1.3804958
2004-12-27,1.3316795
2004-12-28,1.2873616
2004-12-29,1.246102
2004-12-30,1.1990765
2004-12-31,1.1570846
2005-01-01,1.1155386
2005-01-02,1.1845106
2005-01-03,1.1380942
2005-01-04,1.0295752
2005-01-05,0.9808243
2005-01-06,0.95397145
2005-01-07,0.9232416
2005-01-08,0.8886823
2005-01-09,1.040466
2005-01-10,0.9221707
2005-01-11,0.8243101
2005-01-12,0.7976874
2005-01-13,0.7783622
2005-01-14,0.768606
2005-01-15,0.7486702
2005-01-16,0.7542962
2005-01-17,0.69270295
2005-01-18,0.66603345
2005-01-19,0.6432122
2005-01-20,0.6169022
2005-01-21,0.5946481
2005-01-22,0.57072014
2005-01-23,0.55060923
2005-01-24,0.5345723
2005-01-25,0.53106767
2005-01-26,0.49687022
2005-01-27,0.47825566
2005-01-28,0.4598313
2005-01-29,0.44669965
2005-01-30,0.42959613
2005-01-31,0.4143566
2005-02-01,0.3986498
2005-02-02,0.38395864
2005-02-03,0.3716294
2005-02-04,0.35788327
2005-02-05,0.34761754
2005-02-06,0.34285194
2005-02-07,0.44929296
2005-02-08,0.3491583
2005-02-09,0.34141052
2005-02-10,0.456369
2005-02-11,0.3773425
2005-02-12,2.7817023
2005-02-13,0.6226525
2005-02-14,0.3022241
2005-02-15,0.2836584
2005-02-16,0.27322358
2005-02-17,0.26717225
2005-02-18,0.2565979
2005-02-19,0.25086418
2005-02-20,0.24227044
2005-02-21,0.23376852
2005-02-22,0.22592318
2005-02-23,0.21836685
2005-02-24,0.20864248
2005-02-25,0.20154968
2005-02-26,0.19271353
2005-02-27,0.18957219
2005-02-28,0.18364708
2005-03-01,0.17331241
2005-03-02,0.1645423
2005-03-03,0.16775775
2005-03-04,0.19229057
2005-03-05,0.15438415
2005-03-06,0.14414676
2005-03-07,0.13914324
2005-03-08,0.13649045
2005-03-09,0.12924905
2005-03-10,0.12062607
2005-03-11,0.1156933
2005-03-12,0.110296376
2005-03-13,0.10454019
2005-03-14,0.099533625
2005-03-15,0.096540384
2005-03-16,0.08915505
2005-03-17,0.08584108
2005-03-18,0.08390351
2005-03-19,0.079747945
2005-03-20,0.07812011
2005-03-21,0.07629359
2005-03-22,0.07287128
2005-03-23,0.07113423
2005-03-24,0.07211756
2005-03-25,0.21715592
2005-03-26,0.088362925
2005-03-27,0.08857924
2005-03-28,0.066626415
2005-03-29,0.061733384
2005-03-30,0.05880966
2005-03-31,0.05907327
2005-04-01,0.054980773
2005-04-02,0.16939685
2005-04-03,0.14874785
2005-04-04,0.24703024
2005-04-05,0.21214105
2005-04-06,5.150661
2005-04-07,3.838571
2005-04-08,1.0143813
2005-04-09,0.1699908
2005-04-10,4.830071
2005-04-11,0.54138017
2005-04-12,0.11062592
2005-04-13,2.5604327
2005-04-14,0.46294436
2005-04-15,1.3238086
2005-04-16,6.4811816
2005-04-17,1.057608
2005-04-18,0.18229307
2005-04-19,0.30134985
2005-04-20,0.16581178
2005-04-21,0.47169405
2005-04-22,0.15673706
2005-04-23,0.4979604
2005-04-24,1.9083667
2005-04-25,0.5954973
2005-04-26,2.8642664
2005-04-27,0.46103218
2005-04-28,0.08762279
2005-04-29,0.06113547
2005-04-30,0.07378361
2005-05-01,0.3817374
2005-05-02,0.23534833
2005-05-03,0.90121394
2005-05-04,0.3083787
2005-05-05,4.062026
2005-05-06,0.66070837
2005-05-07,5.1603036
2005-05-08,1.0802926
2005-05-09,0.20217758
2005-05-10,1.0051562
2005-05-11,1.5768487
2005-05-12,1.2563902
2005-05-13,0.48613703
2005-05-14,3.943199
2005-05-15,1.5897678
2005-05-16,0.4480848
2005-05-17,0.69642854
2005-05-18,1.9550396
2005-05-19,0.5921802
2005-05-20,1.8411987
2005-05-21,0.66334
2005-05-22,0.4177979
2005-05-23,1.1834931
2005-05-24,2.6835968
2005-05-25,0.68425775
2005-05-26,0.46772942
2005-05-27,1.1306006
2005-05-28,4.5246844
2005-05-29,1.4426719
2005-05-30,0.5805257
2005-05-31,1.2970111
2005-06-01,10.750845
2005-06-02,1.8524034
2005-06-03,2.9075973
2005-06-04,1.6737584
2005-06-05,2.5018597
2005-06-06,3.4709315
2005-06-07,3.2024858
2005-06-08,2.2553465
2005-06-09,1.6095935
2005-06-10,1.8791856
2005-06-11,2.3172932
2005-06-12,2.1650476
2005-06-13,1.9628628
2005-06-14,1.9113508
2005-06-15,1.9943923
2005-06-16,2.6379025
2005-06-17,2.0697355
2005-06-18,2.3514946
2005-06-19,5.8298936
2005-06-20,3.2649984
2005-06-21,3.9203367
2005-06-22,4.6084256
2005-06-23,2.8771925
2005-06-24,2.680389
2005-06-25,2.872005
2005-06-26,2.9164724
2005-06-27,7.7126155
2005-06-28,3.5047836
2005-06-29,3.944063
2005-06-30,8.149027
2005-07-01,14.5371
2005-07-02,6.6545157
2005-07-03,5.801212
2005-07-04,5.891966
2005-07-05,5.8169456
2005-07-06,5.685249
2005-07-07,11.801217
2005-07-08,6.863366
2005-07-09,5.948155
2005-07-10,5.2414584
2005-07-11,4.9534698
2005-07-12,4.879806
2005-07-13,4.6732707
2005-07-14,4.5155087
2005-07-15,4.3405976
2005-07-16,4.234127
2005-07-17,4.0547924
2005-07-18,5.441124
2005-07-19,4.9386706
2005-07-20,6.523375
2005-07-21,3.8340948
2005-07-22,3.8828974
2005-07-23,5.7630367
2005-07-24,4.6026287
2005-07-25,5.0969815
2005-07-26,3.6495495
2005-07-27,5.6322217
2005-07-28,3.8386676
2005-07-29,8.574214
2005-07-30,5.123045
2005-07-31,4.542612
2005-08-01,3.5803044
2005-08-02,4.0386453
2005-08-03,5.5603685
2005-08-04,11.359485
2005-08-05,8.883767
2005-08-06,9.482122
2005-08-07,7.117575
2005-08-08,13.976983
2005-08-09,9.6453
2005-08-10,9.250342
2005-08-11,9.599527
2005-08-12,8.345031
2005-08-13,7.7188115
2005-08-14,7.2864127
2005-08-15,6.724095
2005-08-16,6.38272
2005-08-17,6.0341988
2005-08-18,6.936572
2005-08-19,10.70099
2005-08-20,6.1801486
2005-08-21,5.0684767
2005-08-22,4.553399
2005-08-23,4.9650936
2005-08-24,4.2090955
2005-08-25,7.6329536
2005-08-26,4.757107
2005-08-27,3.7768464
2005-08-28,3.8859131
2005-08-29,3.6148834
2005-08-30,3.3694
2005-08-31,3.2801454
2005-09-01,3.1261516
2005-09-02,3.0508173
2005-09-03,2.9744518
2005-09-04,3.098241
2005-09-05,3.0728455
2005-09-06,2.727998
2005-09-07,2.6106832
2005-09-08,5.527503
2005-09-09,2.8206565
2005-09-10,4.4708786
2005-09-11,2.958598
2005-09-12,6.9905148
2005-09-13,4.6956367
2005-09-14,5.5840497
2005-09-15,3.0211952
2005-09-16,4.4723644
2005-09-17,2.2876382
2005-09-18,2.0152838
2005-09-19,1.9927347
2005-09-20,2.010667
2005-09-21,1.9677265
2005-09-22,1.9263711
2005-09-23,3.103208
2005-09-24,2.1106424
2005-09-25,2.2086864
2005-09-26,1.7743444
2005-09-27,1.7137029
2005-09-28,4.464014
2005-09-29,1.9098768
2005-09-30,1.6215783
2005-10-01,1.5882881
2005-10-02,2.3419201
2005-10-03,2.622842
2005-10-04,2.5500371
2005-10-05,2.646237
2005-10-06,2.4799118
2005-10-07,2.4433575
2005-10-08,2.3534303
2005-10-09,2.3071656
2005-10-10,2.5846303
2005-10-11,2.2769513
2005-10-12,2.2285306
2005-10-13,2.38056
2005-10-14,2.0517797
2005-10-15,2.0518823
2005-10-16,3.8859181
2005-10-17,2.1123903
2005-10-18,1.8465527
2005-10-19,1.9005891
2005-10-20,2.374615
2005-10-21,2.0245197
2005-10-22,1.7560354
2005-10-23,1.710872
2005-10-24,1.972835
2005-10-25,3.4794083
2005-10-26,3.0478847
2005-10-27,1.6125951
2005-10-28,1.501348
2005-10-29,3.2457948
2005-10-30,1.7712408
2005-10-31,1.5521909
2005-11-01,1.6496669
2005-11-02,3.1148584
2005-11-03,3.2578762
2005-11-04,10.757803
2005-11-05,2.952385
2005-11-06,1.5294101
2005-11-07,1.8003577
2005-11-08,1.5461594
2005-11-09,1.7833314
2005-11-10,1.5829713
2005-11-11,1.4541812
2005-11-12,1.553004
2005-11-13,1.7583464
2005-11-14,1.5702164
2005-11-15,1.9285272
2005-11-16,2.2464087
2005-11-17,1.829676
2005-11-18,1.6344439
2005-11-19,1.8147094
2005-11-20,1.7919954
2005-11-21,1.7540919
2005-11-22,5.7457786
2005-11-23,2.3700776
2005-11-24,1.7514582
2005-11-25,1.7447741
2005-11-26,1.7330431
2005-11-27,1.7134697
2005-11-28,1.6934185
2005-11-29,1.6671835
2005-11-30,1.6448636
2005-12-01,1.61355
2005-12-02,1.583141
2005-12-03,1.5551499
2005-12-04,1.5293814
2005-12-05,1.5128068
2005-12-06,1.5151368
2005-12-07,1.434198
2005-12-08,1.3864697
2005-12-09,1.3508584
2005-12-10,1.3132501
2005-12-11,1.3497052
2005-12-12,1.4114558
2005-12-13,1.3022981
2005-12-14,1.2437052
2005-12-15,1.1731255
2005-12-16,1.1396761
2005-12-17,1.1014664
2005-12-18,1.0858498
2005-12-19,1.040071
2005-12-20,1.001037
2005-12-21,0.9653256
2005-12-22,0.93437994
2005-12-23,0.90805507
2005-12-24,0.8782418
2005-12-25,0.8453696
2005-12-26,0.8234449
2005-12-27,0.8059277
2005-12-28,0.7648816
2005-12-29,0.7344712
2005-12-30,0.7086895
2005-12-31,0.6799971
2006-01-01,0.6530953
2006-01-02,0.628577
2006-01-03,0.60437554
2006-01-04,0.6017681
2006-01-05,0.7070655
2006-01-06,0.5833241
2006-01-07,0.5386425
2006-01-08,0.5197207
2006-01-09,0.510163
2006-01-10,0.4851383
2006-01-11,0.46684673
2006-01-12,0.44738925
2006-01-13,0.43247166
2006-01-14,0.4133227
2006-01-15,0.39816612
2006-01-16,0.38127378
2006-01-17,0.38822672
2006-01-18,0.3836746
2006-01-19,0.34510785
2006-01-20,0.32596624
2006-01-21,0.31247872
2006-01-22,0.30144218
2006-01-23,0.29897287
2006-01-24,0.36164424
2006-01-25,0.32585844
2006-01-26,0.34421352
2006-01-27,0.29397112
2006-01-28,0.76013184
2006-01-29,4.388061
2006-01-30,0.7051874
2006-01-31,0.25734296
2006-02-01,0.24325646
2006-02-02,0.23524956
2006-02-03,0.23366661
2006-02-04,0.25402743
2006-02-05,0.23551951
2006-02-06,0.21429639
2006-02-07,0.2079348
2006-02-08,0.20321427
2006-02-09,0.19656047
2006-02-10,0.19167367
2006-02-11,0.18383081
2006-02-12,0.1799617
2006-02-13,0.1747766
2006-02-14,0.16950247
2006-02-15,0.16004056
2006-02-16,0.15493463
2006-02-17,0.15224324
2006-02-18,0.14942676
2006-02-19,0.14273909
2006-02-20,0.13824654
2006-02-21,0.13004752
2006-02-22,0.12580152
2006-02-23,0.12316104
2006-02-24,0.118569985
2006-02-25,0.11522741
2006-02-26,0.11279969
2006-02-27,0.10641992
2006-02-28,0.10156211
2006-03-01,0.10077074
2006-03-02,0.0962964
2006-03-03,0.09425983
2006-03-04,0.09448129
2006-03-05,0.0895811
2006-03-06,0.10386841
2006-03-07,0.29246402
2006-03-08,0.13828367
2006-03-09,0.12477891
2006-03-10,0.10682676
2006-03-11,0.08064535
2006-03-12,0.07683532
2006-03-13,0.075919166
2006-03-14,0.0734618
2006-03-15,0.06941784
2006-03-16,0.068486966
2006-03-17,0.06981725
2006-03-18,0.06283625
2006-03-19,0.06133805
2006-03-20,0.057697024
2006-03-21,0.08263316
2006-03-22,0.16149537
2006-03-23,0.06994257
2006-03-24,0.31615585
2006-03-25,0.12715949
2006-03-26,0.17119496
2006-03-27,0.13113087
2006-03-28,0.18371354
2006-03-29,0.17140555
2006-03-30,0.06411403
2006-03-31,0.051492374
2006-04-01,0.05282255
2006-04-02,0.048366997
2006-04-03,0.097083844
2006-04-04,0.07196706
2006-04-05,0.046847876
2006-04-06,0.047346894
2006-04-07,0.042407844
2006-04-08,0.05681654
2006-04-09,0.052743748
2006-04-10,0.04021125
2006-04-11,0.038207956
2006-04-12,0.036544044
2006-04-13,0.034806367
2006-04-14,0.03861061
2006-04-15,0.3355365
2006-04-16,0.15962027
2006-04-17,0.105029576
2006-04-18,1.2635481
2006-04-19,0.55158687
2006-04-20,0.28430328
2006-04-21,0.12886609
2006-04-22,3.5645518
2006-04-23,2.306714
2006-04-24,0.37296453
2006-04-25,0.16942976
2006-04-26,1.269419
2006-04-27,4.4390397
2006-04-28,2.0242147
2006-04-29,1.2676147
2006-04-30,1.9645766
2006-05-01,0.2687205
2006-05-02,1.0200083
2006-05-03,1.6046901
2006-05-04,0.45173246
2006-05-05,2.1073756
2006-05-06,0.24845359
2006-05-07,0.30124307
2006-05-08,2.482044
2006-05-09,0.51639205
2006-05-10,3.8907168
2006-05-11,0.53228897
2006-05-12,0.10996549
2006-05-13,0.058109596
2006-05-14,0.06324176
2006-05-15,0.10531611
2006-05-16,0.13780521
2006-05-17,0.10074673
2006-05-18,0.0870257
2006-05-19,0.13030548
2006-05-20,0.45725718
2006-05-21,0.088253185
2006-05-22,0.041398346
2006-05-23,0.041433886
2006-05-24,1.0179427
2006-05-25,0.46728098
2006-05-26,0.4471237
2006-05-27,0.31740656
2006-05-28,2.0095615
2006-05-29,1.7255448
2006-05-30,3.182441
2006-05-31,1.2015611
2006-06-01,0.5431883
2006-06-02,8.54828
2006-06-03,0.89581597
2006-06-04,0.89657336
2006-06-05,0.364676
2006-06-06,1.8056515
2006-06-07,0.644996
2006-06-08,0.40222454
2006-06-09,5.4487023
2006-06-10,2.9026318
2006-06-11,4.1386833
2006-06-12,6.798956
2006-06-13,2.8729384
2006-06-14,4.299073
2006-06-15,2.1932173
2006-06-16,1.0521078
2006-06-17,0.7318021
2006-06-18,1.0569574
2006-06-19,0.9010941
2006-06-20,0.8339317
2006-06-21,4.1156063
2006-06-22,3.5634296
2006-06-23,1.1664739
2006-06-24,1.2399728
2006-06-25,1.1296487
2006-06-26,3.5432496
2006-06-27,1.4418478
2006-06-28,2.4678168
2006-06-29,9.405527
2006-06-30,4.8099904
2006-07-01,2.1586924
2006-07-02,2.691541
2006-07-03,7.1472054
2006-07-04,3.1464956
2006-07-05,2.9502463
2006-07-06,2.74654
2006-07-07,4.080807
2006-07-08,13.118984
2006-07-09,6.7024946
2006-07-10,6.126894
2006-07-11,22.876728
2006-07-12,47.607254
2006-07-13,14.578361
2006-07-14,11.122538
2006-07-15,14.274023
2006-07-16,10.537208
2006-07-17,10.65082
2006-07-18,8.333059
2006-07-19,7.55396
2006-07-20,7.7735157
2006-07-21,6.8582873
2006-07-22,6.536321
2006-07-23,6.558079
2006-07-24,6.202873
2006-07-25,8.723783
2006-07-26,11.819831
2006-07-27,6.5760603
2006-07-28,6.2431016
2006-07-29,8.561557
2006-07-30,5.3867807
2006-07-31,4.976638
2006-08-01,4.9811206
2006-08-02,5.539862
2006-08-03,4.847999
2006-08-04,4.6465216
2006-08-05,4.5727854
2006-08-06,5.0990496
2006-08-07,4.492112
2006-08-08,7.923459
2006-08-09,4.997024
2006-08-10,7.440704
2006-08-11,4.323629
2006-08-12,5.121679
2006-08-13,4.1536813
2006-08-14,3.9017408
2006-08-15,4.291336
2006-08-16,7.7075124
2006-08-17,8.285387
2006-08-18,4.57569
2006-08-19,8.279063
2006-08-20,9.097296
2006-08-21,7.1083407
2006-08-22,8.85546
2006-08-23,6.8187423
2006-08-24,7.467099
2006-08-25,10.47782
2006-08-26,11.545148
2006-08-27,8.570861
2006-08-28,7.9585986
2006-08-29,12.607235
2006-08-30,12.229066
2006-08-31,13.761847
2006-09-01,11.583075
2006-09-02,10.254268
2006-09-03,8.977168
2006-09-04,8.073703
2006-09-05,7.487068
2006-09-06,6.808739
2006-09-07,6.228766
2006-09-08,5.7955146
2006-09-09,5.3321877
2006-09-10,4.897926
2006-09-11,4.549619
2006-09-12,5.6907487
2006-09-13,7.8195043
2006-09-14,4.988514
2006-09-15,3.6991725
2006-09-16,3.4728312
2006-09-17,3.6865845
2006-09-18,4.6969
2006-09-19,3.3022406
2006-09-20,4.273653
2006-09-21,3.048119
2006-09-22,2.8234153
2006-09-23,2.7948236
2006-09-24,2.7753325
2006-09-25,2.754079
2006-09-26,3.014866
2006-09-27,2.8066916
2006-09-28,2.4369493
2006-09-29,2.5547993
2006-09-30,3.3815806
2006-10-01,2.5966685
2006-10-02,5.529592
2006-10-03,11.0021105
2006-10-04,10.959888
2006-10-05,3.6024513
2006-10-06,2.943764
2006-10-07,3.961844
2006-10-08,3.1557097
2006-10-09,3.0306342
2006-10-10,3.5949037
2006-10-11,3.0818036
2006-10-12,5.35779
2006-10-13,3.1730506
2006-10-14,3.1135058
2006-10-15,3.4545949
2006-10-16,2.8180985
2006-10-17,3.0241466
2006-10-18,3.1732104
2006-10-19,2.4975598
2006-10-20,2.4141185
2006-10-21,3.1933181
2006-10-22,2.4066656
2006-10-23,3.8725073
2006-10-24,11.409562
2006-10-25,3.764974
2006-10-26,2.5175695
2006-10-27,4.4668846
2006-10-28,2.7692199
2006-10-29,2.5888333
2006-10-30,2.763176
2006-10-31,2.4492002
2006-11-01,2.4700675
2006-11-02,2.3325605
2006-11-03,2.2785037
2006-11-04,2.2206426
2006-11-05,2.185214
2006-11-06,2.1139135
2006-11-07,2.062015
2006-11-08,2.01226
2006-11-09,2.0031817
2006-11-10,2.236282
2006-11-11,2.1104789
2006-11-12,1.9257184
2006-11-13,2.2748928
2006-11-14,3.5356562
2006-11-15,2.8891902
2006-11-16,4.8046727
2006-11-17,2.5037544
2006-11-18,1.872506
2006-11-19,2.2024372
2006-11-20,2.1780093
2006-11-21,3.7759094
2006-11-22,2.1608248
2006-11-23,5.377554
2006-11-24,2.1090791
2006-11-25,1.6983584
2006-11-26,1.7609364
2006-11-27,2.9117355
2006-11-28,5.292869
2006-11-29,2.0722244
2006-11-30,3.2717795
2006-12-01,1.7700232
2006-12-02,1.5783992
2006-12-03,1.5598979
2006-12-04,1.5377523
2006-12-05,1.5127654
2006-12-06,1.492387
2006-12-07,1.4940453
2006-12-08,1.8910404
2006-12-09,1.4593791
2006-12-10,1.5096415
2006-12-11,1.4749304
2006-12-12,1.4621263
2006-12-13,1.427875
2006-12-14,1.3163868
2006-12-15,1.2799317
2006-12-16,1.2530831
2006-12-17,1.2270738
2006-12-18,1.2060381
2006-12-19,1.1811576
2006-12-20,1.151215
2006-12-21,1.1250911
2006-12-22,1.0984242
2006-12-23,2.1918228
2006-12-24,2.7864666
2006-12-25,1.1971025
2006-12-26,1.0444762
2006-12-27,0.9984289
2006-12-28,0.9768074
2006-12-29,0.95488554
2006-12-30,0.935846
2006-12-31,0.9111351
2007-01-01,0.8911721
2007-01-02,0.87231
2007-01-03,0.8477838
2007-01-04,0.82725024
2007-01-05,0.8020198
2007-01-06,0.7778872
2007-01-07,0.7569815
2007-01-08,0.73225874
2007-01-09,0.7089165
2007-01-10,0.69030356
2007-01-11,0.66662776
2007-01-12,0.66478884
2007-01-13,0.6456176
2007-01-14,0.61624867
2007-01-15,0.5958977
2007-01-16,0.57985425
2007-01-17,0.56135046
2007-01-18,0.5427503
2007-01-19,0.53041905
2007-01-20,0.51635206
2007-01-21,0.49984583
2007-01-22,0.4820198
2007-01-23,0.4694348
2007-01-24,0.45047885
2007-01-25,0.43368697
2007-01-26,0.41762727
2007-01-27,0.40222454
2007-01-28,0.38646817
2007-01-29,0.3700987
2007-01-30,0.3575676
2007-01-31,0.34166414
2007-02-01,0.32814157
2007-02-02,0.31679597
2007-02-03,0.30453035
2007-02-04,0.29058462
2007-02-05,0.27935326
2007-02-06,0.26794395
2007-02-07,0.25608987
2007-02-08,0.24439426
2007-02-09,0.23576765
2007-02-10,0.22714935
2007-02-11,0.21525227
2007-02-12,0.2082036
2007-02-13,0.19840541
2007-02-14,0.19298288
2007-02-15,0.18273388
2007-02-16,0.18045199
2007-02-17,0.1710903
2007-02-18,0.16512671
2007-02-19,0.16031994
2007-02-20,0.15416312
2007-02-21,0.14819597
2007-02-22,0.14118905
2007-02-23,0.13661365
2007-02-24,0.1317733
2007-02-25,0.12598796
2007-02-26,0.26718092
2007-02-27,0.1551044
2007-02-28,0.12042323
2007-03-01,0.11620659
2007-03-02,0.11042595
2007-03-03,0.10854034
2007-03-04,0.10427512
2007-03-05,0.10029645
2007-03-06,0.09466703
2007-03-07,0.0950433
2007-03-08,0.13506162
2007-03-09,0.103901856
2007-03-10,0.22841005
2007-03-11,0.10414681
2007-03-12,0.080623016
2007-03-13,0.07728297
2007-03-14,0.07388114
2007-03-15,0.074002706
2007-03-16,0.06863032
2007-03-17,0.0645883
2007-03-18,0.063169606
2007-03-19,0.06266372
2007-03-20,0.06334769
2007-03-21,0.07292789
2007-03-22,0.06018023
2007-03-23,0.05630513
2007-03-24,0.055620078
2007-03-25,0.079469025
2007-03-26,0.25239027
2007-03-27,0.116112076
2007-03-28,0.2775925
2007-03-29,0.24244007
2007-03-30,1.6053964
2007-03-31,0.2112693
2007-04-01,0.5074348
2007-04-02,6.170383
2007-04-03,4.174957
2007-04-04,1.371633
2007-04-05,0.3109516
2007-04-06,0.221713
2007-04-07,14.257168
2007-04-08,1.6659621
2007-04-09,0.15190724
2007-04-10,2.0997174
2007-04-11,0.26249674
2007-04-12,0.05182675
2007-04-13,0.058558572
2007-04-14,0.051630914
2007-04-15,2.5125124
2007-04-16,0.29716805
2007-04-17,0.09582274
2007-04-18,0.11722401
2007-04-19,0.36576805
2007-04-20,0.9736664
2007-04-21,0.27824396
2007-04-22,0.0699278
2007-04-23,0.23597434
2007-04-24,0.217201
2007-04-25,5.901959
2007-04-26,2.4448185
2007-04-27,0.2991853
2007-04-28,0.06674879
2007-04-29,0.07120388
2007-04-30,0.12310196
2007-05-01,0.3167142
2007-05-02,0.18239553
2007-05-03,1.3548708
2007-05-04,2.5789275
2007-05-05,4.938612
2007-05-06,1.3480502
2007-05-07,0.41870135
2007-05-08,0.38694867
2007-05-09,7.2247133
2007-05-10,1.5192497
2007-05-11,3.1277814
2007-05-12,4.8132186
2007-05-13,0.8567343
2007-05-14,10.350463
2007-05-15,1.2975333
2007-05-16,0.44411486
2007-05-17,1.6989317
2007-05-18,0.70369506
2007-05-19,5.265195
2007-05-20,1.2868941
2007-05-21,5.288018
2007-05-22,1.0661196
2007-05-23,0.6359318
2007-05-24,0.6591207
2007-05-25,0.77599865
2007-05-26,2.3151217
2007-05-27,3.104965
2007-05-28,1.443809
2007-05-29,3.9618714
2007-05-30,2.0628695
2007-05-31,2.443707
2007-06-01,2.6890538
2007-06-02,3.721148
2007-06-03,2.670809
2007-06-04,9.431969
2007-06-05,4.9566264
2007-06-06,7.055283
2007-06-07,6.399261
2007-06-08,6.291624
2007-06-09,6.2228312
2007-06-10,5.2940555
2007-06-11,7.618838
2007-06-12,9.370924
2007-06-13,6.1762743
2007-06-14,5.894408
2007-06-15,8.6558695
2007-06-16,7.233075
2007-06-17,9.530414
2007-06-18,10.20462
2007-06-19,13.435338
2007-06-20,27.618134
2007-06-21,16.351257
2007-06-22,16.340872
2007-06-23,17.424463
2007-06-24,26.304028
2007-06-25,17.877058
2007-06-26,14.679368
2007-06-27,16.639458
2007-06-28,30.90645
2007-06-29,83.16354
2007-06-30,23.445879
2007-07-01,12.697796
2007-07-02,11.398702
2007-07-03,8.966355
2007-07-04,7.9332175
2007-07-05,7.1601963
2007-07-06,7.901763
2007-07-07,7.374139
2007-07-08,5.7535253
2007-07-09,5.9297385
2007-07-10,5.11712
2007-07-11,5.184208
2007-07-12,4.5512004
2007-07-13,11.756645
2007-07-14,10.605764
2007-07-15,6.1838403
2007-07-16,7.8191376
2007-07-17,8.8205595
2007-07-18,5.259062
2007-07-19,4.6853213
2007-07-20,5.420688
2007-07-21,10.294123
2007-07-22,4.9687214
2007-07-23,5.006858
2007-07-24,4.252471
2007-07-25,4.348378
2007-07-26,4.155165
2007-07-27,5.386256
2007-07-28,7.0433755
2007-07-29,4.572892
2007-07-30,5.8100877
2007-07-31,4.1571727
2007-08-01,5.335126
2007-08-02,4.375868
2007-08-03,4.16777
2007-08-04,9.355989
2007-08-05,5.042024
2007-08-06,7.8513947
2007-08-07,4.9153843
2007-08-08,4.8448167
2007-08-09,5.1285915
2007-08-10,4.668922
2007-08-11,7.198767
2007-08-12,6.8498673
2007-08-13,5.0113707
2007-08-14,5.5953655
2007-08-15,4.6300964
2007-08-16,6.6848536
2007-08-17,8.530351
2007-08-18,5.765896
2007-08-19,5.576589
2007-08-20,7.402405
2007-08-21,7.1246676
2007-08-22,5.677785
2007-08-23,5.2918825
2007-08-24,5.2079005
2007-08-25,5.203578
2007-08-26,5.8941255
2007-08-27,4.95975
2007-08-28,5.321684
2007-08-29,4.661203
2007-08-30,4.818
2007-08-31,11.240114
2007-09-01,4.9156756
2007-09-02,5.442697
2007-09-03,4.193018
2007-09-04,4.1409636
2007-09-05,4.3215055
2007-09-06,8.167813
2007-09-07,7.9552
2007-09-08,5.739193
2007-09-09,4.005152
2007-09-10,3.946909
2007-09-11,4.002712
2007-09-12,4.52576
2007-09-13,12.155448
2007-09-14,9.692783
2007-09-15,11.9397955
2007-09-16,9.510972
2007-09-17,8.879836
2007-09-18,7.765394
2007-09-19,7.732921
2007-09-20,11.292679
2007-09-21,9.01238
2007-09-22,6.8042183
2007-09-23,6.434707
2007-09-24,6.075537
2007-09-25,9.897324
2007-09-26,7.17393
2007-09-27,5.9879637
2007-09-28,5.438144
2007-09-29,7.729134
2007-09-30,5.9252515
2007-10-01,5.4172053
2007-10-02,5.8653455
2007-10-03,5.2187405
2007-10-04,5.3445735
2007-10-05,4.803842
2007-10-06,4.6102705
2007-10-07,4.465906
2007-10-08,4.333227
2007-10-09,6.1229463
2007-10-10,6.395236
2007-10-11,4.03739
2007-10-12,3.665374
2007-10-13,3.5521066
2007-10-14,4.0108414
2007-10-15,3.4528675
2007-10-16,3.9853282
2007-10-17,3.4432137
2007-10-18,3.148649
2007-10-19,2.9294565
2007-10-20,4.3815627
2007-10-21,3.984262
2007-10-22,3.3568287
2007-10-23,2.8724246
2007-10-24,2.9346826
2007-10-25,2.608164
2007-10-26,2.4982555
2007-10-27,2.593365
2007-10-28,3.0458703
2007-10-29,3.0089774
2007-10-30,2.509839
2007-10-31,2.698246
2007-11-01,4.0082455
2007-11-02,2.4962807
2007-11-03,2.3729608
2007-11-04,2.4201322
2007-11-05,2.3673825
2007-11-06,2.3075998
2007-11-07,2.3653984
2007-11-08,2.3657203
2007-11-09,2.7168086
2007-11-10,5.1361465
2007-11-11,2.441652
2007-11-12,2.338629
2007-11-13,2.3115046
2007-11-14,2.0687537
2007-11-15,2.0031426
2007-11-16,2.0081239
2007-11-17,2.182
2007-11-18,3.3779414
2007-11-19,12.406568
2007-11-20,2.8572469
2007-11-21,1.8389055
2007-11-22,1.9425344
2007-11-23,3.399768
2007-11-24,2.8541026
2007-11-25,2.6584275
2007-11-26,2.0761251
2007-11-27,1.8526709
2007-11-28,1.8318231
2007-11-29,1.812333
2007-11-30,1.7847142
2007-12-01,1.7565123
2007-12-02,1.726775
2007-12-03,1.6939139
2007-12-04,1.658231
2007-12-05,1.6213295
2007-12-06,1.5829443
2007-12-07,1.5418706
2007-12-08,1.5081801
2007-12-09,1.4736022
2007-12-10,1.4238647
2007-12-11,1.3797649
2007-12-12,1.3433218
2007-12-13,1.3048557
2007-12-14,1.3954222
2007-12-15,1.5152628
2007-12-16,1.3160852
2007-12-17,1.1980284
2007-12-18,1.1593941
2007-12-19,1.1289846
2007-12-20,1.0952077
2007-12-21,1.1046557
2007-12-22,1.060484
2007-12-23,1.3387969
2007-12-24,1.231486
2007-12-25,1.2528288
2007-12-26,1.149972
2007-12-27,0.95409316
2007-12-28,0.91907567
2007-12-29,0.90136003
2007-12-30,0.8735728
2007-12-31,0.85159427
2008-01-01,0.8278941
2008-01-02,0.64523816
2008-01-03,0.56221473
2008-01-04,0.5429661
2008-01-05,0.5315817
2008-01-06,0.5214637
2008-01-07,0.5106236
2008-01-08,0.4957513
2008-01-09,0.48367327
2008-01-10,0.47102028
2008-01-11,0.4570388
2008-01-12,0.44315222
2008-01-13,0.42956084
2008-01-14,0.42033204
2008-01-15,0.4354229
2008-01-16,0.39491832
2008-01-17,0.37891325
2008-01-18,0.36605412
2008-01-19,0.3539013
2008-01-20,0.34018305
2008-01-21,0.32996413
2008-01-22,0.31771928
2008-01-23,0.30842373
2008-01-24,0.29926494
2008-01-25,0.28924683
2008-01-26,0.2786883
2008-01-27,0.27016127
2008-01-28,0.25980374
2008-01-29,0.25083306
2008-01-30,0.24139062
2008-01-31,0.23205869
2008-02-01,0.22255993
2008-02-02,0.21838082
2008-02-03,0.21004826
2008-02-04,0.20175664
2008-02-05,0.1954436
2008-02-06,0.19034779
2008-02-07,0.1874774
2008-02-08,0.18207061
2008-02-09,0.17790228
2008-02-10,0.19912456
2008-02-11,0.17559652
2008-02-12,0.16928826
2008-02-13,0.16644448
2008-02-14,0.16466384
2008-02-15,0.15318476
2008-02-16,0.15952489
2008-02-17,0.14621677
2008-02-18,0.14167233
2008-02-19,0.14083308
2008-02-20,0.13569157
2008-02-21,0.13353954
2008-02-22,0.12462413
2008-02-23,0.1181655
2008-02-24,0.11405043
2008-02-25,0.11159544
2008-02-26,0.10957784
2008-02-27,0.1058965
2008-02-28,0.10439444
2008-02-29,0.10434104
2008-03-01,0.09609372
2008-03-02,0.09393954
2008-03-03,0.08762546
2008-03-04,0.086559236
2008-03-05,0.08464778
2008-03-06,0.08510508
2008-03-07,0.09281714
2008-03-08,0.07944168
2008-03-09,0.07517808
2008-03-10,0.073766574
2008-03-11,0.0704953
2008-03-12,0.0699133
2008-03-13,0.06940437
2008-03-14,0.13408485
2008-03-15,0.2933101
2008-03-16,0.092684984
2008-03-17,0.07463999
2008-03-18,0.062167846
2008-03-19,0.05897807
2008-03-20,0.057924826
2008-03-21,0.05640669
2008-03-22,0.057195008
2008-03-23,0.056176864
2008-03-24,0.0550157
2008-03-25,0.053450417
2008-03-26,0.053790096
2008-03-27,0.051818866
2008-03-28,0.0482891
2008-03-29,0.047776595
2008-03-30,0.042222727
2008-03-31,0.04109878
2008-04-01,0.0398366
2008-04-02,0.039241794
2008-04-03,0.03901307
2008-04-04,0.038293097
2008-04-05,0.036813155
2008-04-06,0.042729117
2008-04-07,0.044623032
2008-04-08,0.038369708
2008-04-09,0.03205595
2008-04-10,0.030683866
2008-04-11,0.032588456
2008-04-12,0.05502276
2008-04-13,0.04934896
2008-04-14,0.05900933
2008-04-15,0.13676815
2008-04-16,0.12030878
2008-04-17,0.03562889
2008-04-18,0.036749277
2008-04-19,0.084511824
2008-04-20,0.061218776
2008-04-21,0.14329293
2008-04-22,0.061783426
2008-04-23,0.11495285
2008-04-24,1.6303502
2008-04-25,0.61735123
2008-04-26,1.0583223
2008-04-27,0.24061823
2008-04-28,3.3956275
2008-04-29,0.34360778
2008-04-30,0.021945607
2008-05-01,0.019569265
2008-05-02,0.02225559
2008-05-03,0.12048323
2008-05-04,0.3045675
2008-05-05,0.16391952
2008-05-06,1.0187407
2008-05-07,5.5208817
2008-05-08,0.6217881
2008-05-09,1.1405964
2008-05-10,0.74968106
2008-05-11,4.2086515
2008-05-12,1.9819765
2008-05-13,0.5897963
2008-05-14,0.08615089
2008-05-15,0.18021068
2008-05-16,0.7193655
2008-05-17,1.9207356
2008-05-18,1.0408514
2008-05-19,1.4484651
2008-05-20,0.4587242
2008-05-21,0.9356168
2008-05-22,6.0664787
2008-05-23,0.68033606
2008-05-24,0.3111483
2008-05-25,3.520697
2008-05-26,1.9995522
2008-05-27,3.202202
2008-05-28,0.67309046
2008-05-29,3.5897226
2008-05-30,3.3378232
2008-05-31,6.2084284
2008-06-01,3.4702425
2008-06-02,1.3322731
2008-06-03,3.408472
2008-06-04,3.1770494
2008-06-05,1.1964515
2008-06-06,6.536984
2008-06-07,1.0686901
2008-06-08,0.757096
2008-06-09,3.1826348
2008-06-10,3.5297375
2008-06-11,5.1694975
2008-06-12,2.529036
2008-06-13,0.9195907
2008-06-14,2.606094
2008-06-15,1.0120418
2008-06-16,2.7510097
2008-06-17,16.077637
2008-06-18,2.49076
2008-06-19,2.0822015
2008-06-20,1.8931729
2008-06-21,1.5791779
2008-06-22,6.7782445
2008-06-23,3.4851992
2008-06-24,2.6633203
2008-06-25,10.048704
2008-06-26,5.3278046
2008-06-27,5.784216
2008-06-28,8.5006485
2008-06-29,13.154175
2008-06-30,7.856934
2008-07-01,10.172336
2008-07-02,9.125669
2008-07-03,12.916801
2008-07-04,15.713459
2008-07-05,14.689315
2008-07-06,11.894413
2008-07-07,9.856063
2008-07-08,9.052184
2008-07-09,11.383327
2008-07-10,10.090684
2008-07-11,12.109261
2008-07-12,13.41874
2008-07-13,12.645761
2008-07-14,16.004461
2008-07-15,14.364522
2008-07-16,16.617857
2008-07-17,15.855887
2008-07-18,14.582611
2008-07-19,13.872391
2008-07-20,17.361076
2008-07-21,16.048498
2008-07-22,14.182231
2008-07-23,11.7492075
2008-07-24,10.088595
2008-07-25,9.631666
2008-07-26,8.787031
2008-07-27,9.372259
2008-07-28,8.021364
2008-07-29,7.250031
2008-07-30,7.1003995
2008-07-31,6.4957056
2008-08-01,6.193728
2008-08-02,8.052555
2008-08-03,5.772975
2008-08-04,7.378116
2008-08-05,7.373808
2008-08-06,5.181196
2008-08-07,6.9628215
2008-08-08,5.332256
2008-08-09,4.5879173
2008-08-10,4.7647905
2008-08-11,5.8375363
2008-08-12,6.5096865
2008-08-13,4.777616
2008-08-14,4.172028
2008-08-15,4.2543035
2008-08-16,6.7324915
2008-08-17,5.424132
2008-08-18,4.1004806
2008-08-19,4.193046
2008-08-20,7.7077756
2008-08-21,4.5215735
2008-08-22,5.009203
2008-08-23,4.262484
2008-08-24,5.0345736
2008-08-25,4.4566355
2008-08-26,4.2230883
2008-08-27,4.1942163
2008-08-28,4.1277447
2008-08-29,4.039965
2008-08-30,4.1525583
2008-08-31,5.9151144
2008-09-01,4.002437
2008-09-02,4.1375294
2008-09-03,4.5337286
2008-09-04,4.053688
2008-09-05,3.5700595
2008-09-06,3.4327304
2008-09-07,3.315055
2008-09-08,3.3386073
2008-09-09,3.6134932
2008-09-10,3.3252301
2008-09-11,3.096619
2008-09-12,4.8441463
2008-09-13,3.0973952
2008-09-14,3.1375945
2008-09-15,3.0818527
2008-09-16,8.989124
2008-09-17,7.0845003
2008-09-18,8.065327
2008-09-19,3.5744197
2008-09-20,4.2191634
2008-09-21,3.2783756
2008-09-22,3.2790735
2008-09-23,7.1498694
2008-09-24,3.553586
2008-09-25,3.0727334
2008-09-26,3.9378066
2008-09-27,3.7835975
2008-09-28,3.0017781
2008-09-29,2.897492
2008-09-30,2.8319657
2008-10-01,3.0875661
2008-10-02,3.581375
2008-10-03,2.6971045
2008-10-04,2.6429543
2008-10-05,4.580382
2008-10-06,2.6458187
2008-10-07,3.6785793
2008-10-08,4.225196
2008-10-09,2.7171469
2008-10-10,2.6142504
2008-10-11,2.850074
2008-10-12,4.3697343
2008-10-13,3.044852
2008-10-14,3.0298152
2008-10-15,6.241954
2008-10-16,5.6759577
2008-10-17,3.5843487
2008-10-18,4.090997
2008-10-19,3.9373348
2008-10-20,4.033665
2008-10-21,5.982635
2008-10-22,3.9847598
2008-10-23,3.7030935
2008-10-24,3.6264544
2008-10-25,3.5972056
2008-10-26,5.127524
2008-10-27,5.693689
2008-10-28,3.7222493
2008-10-29,4.7541175
2008-10-30,3.4601257
2008-10-31,3.3085766
2008-11-01,3.405513
2008-11-02,3.9426494
2008-11-03,3.4400468
2008-11-04,10.049278
2008-11-05,4.0540323
2008-11-06,3.406544
2008-11-07,3.0132468
2008-11-08,2.948883
2008-11-09,2.8970416
2008-11-10,2.8479753
2008-11-11,2.7902193
2008-11-12,2.7519972
2008-11-13,2.986657
2008-11-14,2.7025244
2008-11-15,2.7173028
2008-11-16,2.5123234
2008-11-17,2.615786
2008-11-18,2.4258342
2008-11-19,5.8841524
2008-11-20,2.991139
2008-11-21,9.456797
2008-11-22,4.335461
2008-11-23,2.9014947
2008-11-24,3.1053333
2008-11-25,3.0236673
2008-11-26,3.0306983
2008-11-27,3.6204484
2008-11-28,3.9237974
2008-11-29,2.8746555
2008-11-30,2.8775518
2008-12-01,2.980106
2008-12-02,2.8944051
2008-12-03,2.8682168
2008-12-04,3.1582487
2008-12-05,2.7699254
2008-12-06,2.6797833
2008-12-07,2.670529
2008-12-08,3.6197994
2008-12-09,4.3252735
2008-12-10,2.7535183
2008-12-11,2.4726477
2008-12-12,2.4136043
2008-12-13,2.3650599
2008-12-14,2.3141563
2008-12-15,2.2598593
2008-12-16,2.2008638
2008-12-17,2.1465483
2008-12-18,2.084141
2008-12-19,2.019558
2008-12-20,1.957612
2008-12-21,1.8972129
2008-12-22,1.8322743
2008-12-23,1.8089378
2008-12-24,1.7128681
2008-12-25,1.6641384
2008-12-26,1.6048533
2008-12-27,1.5479848
2008-12-28,1.4887887
2008-12-29,1.431111
2008-12-30,1.3754513
2008-12-31,1.327881
2009-01-01,1.311226
2009-01-02,1.246291
2009-01-03,1.1967239
2009-01-04,1.1754555
2009-01-05,1.2409945
2009-01-06,1.2167389
2009-01-07,1.1195334
2009-01-08,1.2305648
2009-01-09,1.0208964
2009-01-10,0.9625924
2009-01-11,0.92981386
2009-01-12,0.9001813
2009-01-13,0.877458
2009-01-14,0.84291387
2009-01-15,0.81164366
2009-01-16,0.7811805
2009-01-17,0.75234354
2009-01-18,0.7247582
2009-01-19,0.7059583
2009-01-20,0.6760986
2009-01-21,0.64857346
2009-01-22,0.6289469
2009-01-23,0.63302606
2009-01-24,0.62758195
2009-01-25,0.5743425
2009-01-26,0.54779935
2009-01-27,0.52591586
2009-01-28,0.504819
2009-01-29,0.48780888
2009-01-30,0.46878073
2009-01-31,0.5196698
2009-02-01,0.5828309
2009-02-02,0.45689178
2009-02-03,0.43160135
2009-02-04,0.41238493
2009-02-05,0.40768477
2009-02-06,0.39179057
2009-02-07,0.36887532
2009-02-08,0.35287145
2009-02-09,0.3394019
2009-02-10,0.3247018
2009-02-11,0.31661114
2009-02-12,0.37042752
2009-02-13,0.30100188
2009-02-14,0.28283414
2009-02-15,0.27147263
2009-02-16,0.2613088
2009-02-17,0.251107
2009-02-18,0.24170442
2009-02-19,0.23705807
2009-02-20,0.22179736
2009-02-21,0.21475105
2009-02-22,0.20749193
2009-02-23,0.19952421
2009-02-24,0.18719347
2009-02-25,0.18120429
2009-02-26,0.17181648
2009-02-27,0.16511968
2009-02-28,0.15746516
2009-03-01,0.15119816
2009-03-02,0.1471344
2009-03-03,0.14105415
2009-03-04,0.23447156
2009-03-05,0.26467192
2009-03-06,0.14452764
2009-03-07,0.12790366
2009-03-08,0.12356656
2009-03-09,0.11630715
2009-03-10,0.114447065
2009-03-11,0.11232692
2009-03-12,0.11000574
2009-03-13,0.10437548
2009-03-14,0.10075476
2009-03-15,0.09999888
2009-03-16,0.09816716
2009-03-17,0.09773326
2009-03-18,0.119293824
2009-03-19,0.09260241
2009-03-20,0.09087109
2009-03-21,0.087293
2009-03-22,0.27888334
2009-03-23,0.58410746
2009-03-24,0.21300298
2009-03-25,0.15976728
2009-03-26,0.08864985
2009-03-27,0.077417016
2009-03-28,0.07593661
2009-03-29,0.092791535
2009-03-30,0.1193143
2009-03-31,0.07989436
2009-04-01,0.07780526
2009-04-02,0.07516285
2009-04-03,0.070162974
2009-04-04,0.06921069
2009-04-05,0.06539293
2009-04-06,0.063859664
2009-04-07,0.06147287
2009-04-08,0.06242073
2009-04-09,0.11798066
2009-04-10,0.1134126
2009-04-11,0.32474515
2009-04-12,0.13456205
2009-04-13,0.093225755
2009-04-14,0.06688018
2009-04-15,0.055516664
2009-04-16,0.053798016
2009-04-17,0.06294183
2009-04-18,0.07456615
2009-04-19,0.15666558
2009-04-20,0.10920288
2009-04-21,21.34229
2009-04-22,4.9674397
2009-04-23,3.1795998
2009-04-24,0.54799956
2009-04-25,0.14606188
2009-04-26,0.062184796
2009-04-27,0.05017946
2009-04-28,0.053747654
2009-04-29,0.098800726
2009-04-30,0.27030468
2009-05-01,0.42641702
2009-05-02,1.4696887
2009-05-03,1.1360723
2009-05-04,2.0317905
2009-05-05,3.2109249
2009-05-06,0.46168926
2009-05-07,0.38053995
2009-05-08,11.885787
2009-05-09,1.5395137
2009-05-10,0.2391239
2009-05-11,1.0507095
2009-05-12,0.42449224
2009-05-13,0.103177585
2009-05-14,0.061798334
2009-05-15,0.1008559
2009-05-16,0.26724106
2009-05-17,2.7823498
2009-05-18,1.706843
2009-05-19,3.0098293
2009-05-20,0.96929854
2009-05-21,0.24830057
2009-05-22,3.565507
2009-05-23,0.5107451
2009-05-24,0.53285503
2009-05-25,0.68061817
2009-05-26,0.43000376
2009-05-27,0.11895693
2009-05-28,2.3619075
2009-05-29,5.342908
2009-05-30,0.603103
2009-05-31,0.11412933
2009-06-01,0.092561916
2009-06-02,2.2177684
2009-06-03,0.70485115
2009-06-04,2.9025726
2009-06-05,3.5131888
2009-06-06,17.699982
2009-06-07,1.788892
2009-06-08,1.9640217
2009-06-09,3.4895177
2009-06-10,0.6227155
2009-06-11,8.155143
2009-06-12,9.552628
2009-06-13,2.341566
2009-06-14,3.307729
2009-06-15,0.7207254
2009-06-16,1.0779006
2009-06-17,0.66757303
2009-06-18,5.1421604
2009-06-19,2.88495
2009-06-20,0.8054634
2009-06-21,3.4159405
2009-06-22,4.2948375
2009-06-23,2.273895
2009-06-24,4.2532873
2009-06-25,1.454385
2009-06-26,14.012674
2009-06-27,4.541541
2009-06-28,3.104938
2009-06-29,2.8017673
2009-06-30,6.9745007
2009-07-01,7.4041486
2009-07-02,7.079526
2009-07-03,6.941043
2009-07-04,6.1354566
2009-07-05,33.985477
2009-07-06,17.446169
2009-07-07,20.377213
2009-07-08,15.598295
2009-07-09,15.236856
2009-07-10,11.018655
2009-07-11,11.825456
2009-07-12,11.626107
2009-07-13,18.800322
2009-07-14,13.383288
2009-07-15,10.839747
2009-07-16,9.934031
2009-07-17,12.499379
2009-07-18,9.804957
2009-07-19,12.287793
2009-07-20,8.364223
2009-07-21,11.339122
2009-07-22,9.172258
2009-07-23,8.170297
2009-07-24,8.960358
2009-07-25,7.445868
2009-07-26,7.1743417
2009-07-27,9.12849
2009-07-28,11.514519
2009-07-29,8.8063755
2009-07-30,8.388653
2009-07-31,7.80596
2009-08-01,7.9947543
2009-08-02,12.64446
2009-08-03,8.4143305
2009-08-04,7.704008
2009-08-05,10.669132
2009-08-06,9.410187
2009-08-07,10.742622
2009-08-08,10.940548
2009-08-09,10.995343
2009-08-10,21.511456
2009-08-11,17.224745
2009-08-12,19.134762
2009-08-13,14.066176
2009-08-14,12.801678
2009-08-15,13.368707
2009-08-16,10.087608
2009-08-17,10.13609
2009-08-18,9.968742
2009-08-19,13.816178
2009-08-20,8.088108
2009-08-21,8.661848
2009-08-22,9.493163
2009-08-23,6.71082
2009-08-24,6.3218713
2009-08-25,7.497957
2009-08-26,7.9093723
2009-08-27,12.4289255
2009-08-28,6.255968
2009-08-29,16.080332
2009-08-30,8.047473
2009-08-31,6.755341
2009-09-01,6.361944
2009-09-02,6.5996323
2009-09-03,6.4273124
2009-09-04,6.2704067
2009-09-05,6.391539
2009-09-06,5.9023657
2009-09-07,5.6430283
2009-09-08,6.1247044
2009-09-09,5.1619396
2009-09-10,4.950608
2009-09-11,4.58029
2009-09-12,4.901537
2009-09-13,4.3299546
2009-09-14,4.1145983
2009-09-15,3.8792422
2009-09-16,6.7612467
2009-09-17,4.9287553
2009-09-18,3.5101554
2009-09-19,3.3488588
2009-09-20,3.1910326
2009-09-21,3.1741314
2009-09-22,3.8916368
2009-09-23,3.3336887
2009-09-24,2.8626707
2009-09-25,2.7584298
2009-09-26,2.794127
2009-09-27,3.6547086
2009-09-28,2.8484156
2009-09-29,3.3048422
2009-09-30,2.5377378
2009-10-01,2.3295867
2009-10-02,2.4090102
2009-10-03,2.5014474
2009-10-04,3.2867997
2009-10-05,2.382732
2009-10-06,2.1677094
2009-10-07,2.0681653
2009-10-08,2.6799867
2009-10-09,2.5067785
2009-10-10,2.0072553
2009-10-11,4.5182133
2009-10-12,2.1531677
2009-10-13,1.8356243
2009-10-14,1.9835876
2009-10-15,1.9338913
2009-10-16,1.8562933
2009-10-17,2.005859
2009-10-18,1.6895908
2009-10-19,1.6566167
2009-10-20,1.5767016
2009-10-21,1.5406408
2009-10-22,1.5090432
2009-10-23,1.6002464
2009-10-24,2.6476152
2009-10-25,2.4306467
2009-10-26,1.6818721
2009-10-27,1.3608464
2009-10-28,1.3097893
2009-10-29,1.290581
2009-10-30,1.4633378
2009-10-31,1.4035157
2009-11-01,2.2932837
2009-11-02,1.2823079
2009-11-03,1.1529013
2009-11-04,1.253302
2009-11-05,1.1983087
2009-11-06,1.0952439
2009-11-07,1.0707976
2009-11-08,1.0757399
2009-11-09,1.0108678
2009-11-10,0.98376966
2009-11-11,1.0317177
2009-11-12,0.95749843
2009-11-13,1.0997951
2009-11-14,1.3863255
2009-11-15,1.0196742
2009-11-16,1.0179862
2009-11-17,0.8869403
2009-11-18,0.86416656
2009-11-19,0.83461946
2009-11-20,0.79927385
2009-11-21,0.78616446
2009-11-22,1.2381438
2009-11-23,0.7913498
2009-11-24,0.7797889
2009-11-25,0.7338636
2009-11-26,0.70834976
2009-11-27,0.6841424
2009-11-28,0.6650408
2009-11-29,0.64756805
2009-11-30,0.6331763
2009-12-01,0.6170757
2009-12-02,0.61131823
2009-12-03,0.5882246
2009-12-04,0.5735153
2009-12-05,0.5606557
2009-12-06,0.5404514
2009-12-07,0.5235696
2009-12-08,0.51405185
2009-12-09,0.5002709
2009-12-10,0.49951744
2009-12-11,0.478842
2009-12-12,0.4750507
2009-12-13,0.4486834
2009-12-14,0.43351844
2009-12-15,0.4194396
2009-12-16,0.40592825
2009-12-17,0.39376688
2009-12-18,0.384293
2009-12-19,0.3744831
2009-12-20,0.36860067
2009-12-21,0.38401082
2009-12-22,0.41770434
2009-12-23,0.39442894
2009-12-24,0.35092714
2009-12-25,0.3254095
2009-12-26,0.32684374
2009-12-27,0.31385654
2009-12-28,0.29547912
2009-12-29,0.2850699
2009-12-30,0.2750011
2009-12-31,0.26619902
2010-01-01,0.25669828
2010-01-02,0.25311145
2010-01-03,0.24269545
2010-01-04,0.23708238
2010-01-05,0.22769636
2010-01-06,0.21840271
2010-01-07,0.21656132
2010-01-08,0.20549409
2010-01-09,0.19932297
2010-01-10,0.19084744
2010-01-11,0.18186435
2010-01-12,0.17492642
2010-01-13,0.17241357
2010-01-14,0.16603519
2010-01-15,0.16035761
2010-01-16,0.15463187
2010-01-17,0.14579847
2010-01-18,0.14376529
2010-01-19,0.14319833
2010-01-20,0.13914616
2010-01-21,0.13188456
2010-01-22,0.12799998
2010-01-23,0.12409847
2010-01-24,0.117737785
2010-01-25,0.11809316
2010-01-26,0.112988085
2010-01-27,0.110039175
2010-01-28,0.105666384
2010-01-29,0.10358781
2010-01-30,0.10240345
2010-01-31,0.09948082
2010-02-01,0.09451448
2010-02-02,0.09336884
2010-02-03,0.09243027
2010-02-04,0.08890435
2010-02-05,0.087223224
2010-02-06,0.086548954
2010-02-07,0.07886841
2010-02-08,0.07316987
2010-02-09,0.07603702
2010-02-10,0.07264614
2010-02-11,0.07045565
2010-02-12,0.06794907
2010-02-13,0.06378548
2010-02-14,0.06289113
2010-02-15,0.061936744
2010-02-16,0.05872162
2010-02-17,0.05747909
2010-02-18,0.056099005
2010-02-19,0.057974264
2010-02-20,0.067470506
2010-02-21,0.07237963
2010-02-22,0.05181326
2010-02-23,0.050098382
2010-02-24,0.05038112
2010-02-25,0.09919598
2010-02-26,0.0826264
2010-02-27,0.11701891
2010-02-28,0.0676795
2010-03-01,0.048140194
2010-03-02,0.039401684
2010-03-03,0.06733141
2010-03-04,0.17703047
2010-03-05,0.06870969
2010-03-06,0.103952125
2010-03-07,0.06992535
2010-03-08,0.05959693
2010-03-09,0.15578899
2010-03-10,0.093578376
2010-03-11,3.622564
2010-03-12,0.40406224
2010-03-13,0.04438273
2010-03-14,0.04218548
2010-03-15,0.034014046
2010-03-16,0.035184123
2010-03-17,0.058165472
2010-03-18,0.55566514
2010-03-19,4.720263
2010-03-20,2.0962956
2010-03-21,0.44706464
2010-03-22,0.37223145
2010-03-23,0.061006695
2010-03-24,0.031082146
2010-03-25,0.031698354
2010-03-26,0.031638514
2010-03-27,0.031197391
2010-03-28,0.033343766
2010-03-29,0.30059877
2010-03-30,0.35749957
2010-03-31,0.09080776
2010-04-01,0.031184502
2010-04-02,0.030647418
2010-04-03,0.033164483
2010-04-04,0.048000634
2010-04-05,4.232055
2010-04-06,23.982473
2010-04-07,6.793135
2010-04-08,1.565992
2010-04-09,2.5500464
2010-04-10,1.3142214
2010-04-11,2.1974723
2010-04-12,10.9602165
2010-04-13,1.05637
2010-04-14,0.37994444
2010-04-15,0.51291966
2010-04-16,3.8271255
2010-04-17,2.4967313
2010-04-18,0.32099622
2010-04-19,3.7774732
2010-04-20,12.853263
2010-04-21,1.2590196
2010-04-22,0.8135609
2010-04-23,0.16235721
2010-04-24,10.251575
2010-04-25,5.3603806
2010-04-26,0.6547795
2010-04-27,2.4235003
2010-04-28,3.9999695
2010-04-29,1.7649695
2010-04-30,0.41701904
2010-05-01,0.33175516
2010-05-02,0.33114362
2010-05-03,1.8002024
2010-05-04,0.53414935
2010-05-05,0.3584555
2010-05-06,0.36859092
2010-05-07,0.40010193
2010-05-08,0.9252243
2010-05-09,2.7830832
2010-05-10,2.6604915
2010-05-11,5.430355
2010-05-12,11.960855
2010-05-13,14.113681
2010-05-14,2.9482818
2010-05-15,2.0217266
2010-05-16,2.2167342
2010-05-17,2.126334
2010-05-18,2.4416785
2010-05-19,4.0939393
2010-05-20,3.528661
2010-05-21,9.60046
2010-05-22,3.907876
2010-05-23,7.2318506
2010-05-24,4.5893974
2010-05-25,4.6743674
2010-05-26,5.942752
2010-05-27,5.2410574
2010-05-28,10.899815
2010-05-29,5.848504
2010-05-30,5.7662864
2010-05-31,6.398307
2010-06-01,8.100727
2010-06-02,6.7389913
2010-06-03,6.8819485
2010-06-04,9.017441
2010-06-05,14.475064
2010-06-06,12.500995
2010-06-07,11.01591
2010-06-08,10.462147
2010-06-09,12.608069
2010-06-10,13.137551
2010-06-11,9.833069
2010-06-12,9.406886
2010-06-13,13.267045
2010-06-14,8.714131
2010-06-15,15.454214
2010-06-16,10.83873
2010-06-17,7.612621
2010-06-18,11.222593
2010-06-19,10.266859
2010-06-20,7.7158012
2010-06-21,9.00004
2010-06-22,8.00912
2010-06-23,9.133363
2010-06-24,7.997468
2010-06-25,8.314015
2010-06-26,33.390186
2010-06-27,23.904919
2010-06-28,14.2142315
2010-06-29,11.745312
2010-06-30,12.20864
2010-07-01,9.567625
2010-07-02,11.02346
2010-07-03,19.227636
2010-07-04,9.771219
2010-07-05,10.3391075
2010-07-06,9.364991
2010-07-07,21.61611
2010-07-08,11.909807
2010-07-09,11.048434
2010-07-10,10.244478
2010-07-11,11.212246
2010-07-12,14.727431
2010-07-13,13.135582
2010-07-14,10.9910345
2010-07-15,10.94029
2010-07-16,9.766446
2010-07-17,9.842072
2010-07-18,9.081942
2010-07-19,9.143859
2010-07-20,8.21995
2010-07-21,7.8547435
2010-07-22,7.570155
2010-07-23,7.463289
2010-07-24,8.558256
2010-07-25,7.868682
2010-07-26,6.4685545
2010-07-27,9.814425
2010-07-28,13.850245
2010-07-29,7.510804
2010-07-30,9.800398
2010-07-31,10.59097
2010-08-01,10.541559
2010-08-02,12.143931
2010-08-03,13.193503
2010-08-04,10.321987
2010-08-05,9.130316
2010-08-06,8.484611
2010-08-07,7.977793
2010-08-08,7.3938007
2010-08-09,6.8591824
2010-08-10,6.3838177
2010-08-11,5.962868
2010-08-12,5.6870437
2010-08-13,5.249539
2010-08-14,4.8747354
2010-08-15,5.03595
2010-08-16,4.371264
2010-08-17,4.0557437
2010-08-18,3.830391
2010-08-19,4.716283
2010-08-20,3.9372451
2010-08-21,3.4356053
2010-08-22,3.6875358
2010-08-23,3.762553
2010-08-24,3.104277
2010-08-25,3.4062023
2010-08-26,5.0397716
2010-08-27,4.1713424
2010-08-28,5.066998
2010-08-29,2.9335866
2010-08-30,2.63662
2010-08-31,4.7779837
2010-09-01,2.7423031
2010-09-02,2.694455
2010-09-03,3.9250326
2010-09-04,3.7019348
2010-09-05,5.5420036
2010-09-06,4.0723414
2010-09-07,6.923771
2010-09-08,4.2664313
2010-09-09,2.4396703
2010-09-10,2.3277125
2010-09-11,2.3724713
2010-09-12,2.5422993
2010-09-13,2.8772726
2010-09-14,2.5068836
2010-09-15,2.2960672
2010-09-16,4.7533016
2010-09-17,2.9917116
2010-09-18,2.7076247
2010-09-19,2.2596571
2010-09-20,4.7013707
2010-09-21,2.8663807
2010-09-22,2.6356387
2010-09-23,2.5698326
2010-09-24,7.279389
2010-09-25,11.96177
2010-09-26,3.8261435
2010-09-27,3.198461
2010-09-28,3.368378
2010-09-29,3.2897866
2010-09-30,3.7186222
2010-10-01,3.2557817
2010-10-02,3.1704977
2010-10-03,3.5531836
2010-10-04,5.4346027
2010-10-05,5.2692437
2010-10-06,4.3918667
2010-10-07,3.05104
2010-10-08,3.0217667
2010-10-09,3.0209322
2010-10-10,4.8474793
2010-10-11,3.171492
2010-10-12,2.8318028
2010-10-13,4.4320884
2010-10-14,3.4628744
2010-10-15,3.660066
2010-10-16,7.401994
2010-10-17,9.730158
2010-10-18,7.2645636
2010-10-19,5.211417
2010-10-20,5.0929365
2010-10-21,6.4829288
2010-10-22,6.7991853
2010-10-23,5.152335
2010-10-24,4.96536
2010-10-25,4.799251
2010-10-26,4.6087756
2010-10-27,4.654198
2010-10-28,4.284595
2010-10-29,4.08057
2010-10-30,3.8360934
2010-10-31,3.6409965
2010-11-01,3.4493656
2010-11-02,5.814787
2010-11-03,5.766714
2010-11-04,3.8343961
2010-11-05,3.1125715
2010-11-06,2.8866763
2010-11-07,2.9870973
2010-11-08,4.030986
2010-11-09,3.1228137
2010-11-10,2.784878
2010-11-11,4.7142444
2010-11-12,2.6068518
2010-11-13,3.8021693
2010-11-14,4.5013504
2010-11-15,4.296334
2010-11-16,2.7875292
2010-11-17,5.583485
2010-11-18,2.8374717
2010-11-19,11.574374
2010-11-20,4.390472
2010-11-21,3.1282947
2010-11-22,3.1177175
2010-11-23,3.1660447
2010-11-24,3.050913
2010-11-25,2.994138
2010-11-26,2.9381666
2010-11-27,4.002896
2010-11-28,3.423498
2010-11-29,2.88041
2010-11-30,2.814179
2010-12-01,2.8660727
2010-12-02,2.8628492
2010-12-03,2.9254446
2010-12-04,5.9931483
2010-12-05,3.3796775
2010-12-06,2.7787967
2010-12-07,2.7217321
2010-12-08,2.7407112
2010-12-09,5.010683
2010-12-10,2.8100114
2010-12-11,2.5491753
2010-12-12,2.5435195
2010-12-13,2.5190897
2010-12-14,2.412295
2010-12-15,2.3381743
2010-12-16,2.2824495
2010-12-17,2.2497196
2010-12-18,2.3399217
2010-12-19,2.1489468
2010-12-20,2.0730247
2010-12-21,2.0171046
2010-12-22,1.9653974
2010-12-23,1.9187424
2010-12-24,1.8993468
2010-12-25,1.8890123
2010-12-26,1.906721
2010-12-27,1.8703221
2010-12-28,1.6866168
2010-12-29,1.747418
2010-12-30,1.6220939
2010-12-31,1.5377599
2011-01-01,1.4837219
2011-01-02,1.434658
2011-01-03,1.3936577
2011-01-04,1.3417559
2011-01-05,1.2952954
2011-01-06,1.2489074
2011-01-07,1.2747672
2011-01-08,1.3829365
2011-01-09,1.3345954
2011-01-10,1.2374004
2011-01-11,1.1563326
2011-01-12,1.1668895
2011-01-13,1.034811
2011-01-14,0.99548084
2011-01-15,0.9664682
2011-01-16,0.9379409
2011-01-17,0.90550244
2011-01-18,0.8766752
2011-01-19,0.84577996
2011-01-20,0.81666267
2011-01-21,0.7887648
2011-01-22,0.758893
2011-01-23,0.7319569
2011-01-24,0.70695436
2011-01-25,0.6818329
2011-01-26,0.65668035
2011-01-27,0.6329677
2011-01-28,0.61114085
2011-01-29,0.59066707
2011-01-30,0.5680158
2011-01-31,0.54863745
2011-02-01,0.53109807
2011-02-02,0.51356775
2011-02-03,0.4961325
2011-02-04,0.47846156
2011-02-05,0.46080074
2011-02-06,0.44390988
2011-02-07,0.42785046
2011-02-08,0.4106966
2011-02-09,0.39661327
2011-02-10,0.38378173
2011-02-11,0.37212688
2011-02-12,0.35892615
2011-02-13,0.37334645
2011-02-14,0.33952323
2011-02-15,0.32326397
2011-02-16,0.34830308
2011-02-17,0.30975348
2011-02-18,0.29360864
2011-02-19,0.2856161
2011-02-20,0.27804106
2011-02-21,0.264245
2011-02-22,0.25382572
2011-02-23,0.25065878
2011-02-24,0.24290386
2011-02-25,0.26163945
2011-02-26,0.26464358
2011-02-27,0.28377715
2011-02-28,1.1536832
2011-03-01,0.32522717
2011-03-02,0.2131418
2011-03-03,0.20984352
2011-03-04,0.20631373
2011-03-05,0.19376902
2011-03-06,0.22780748
2011-03-07,0.19495676
2011-03-08,0.18311553
2011-03-09,0.17658532
2011-03-10,0.2343194
2011-03-11,0.19328268
2011-03-12,0.19694917
2011-03-13,0.1640816
2011-03-14,0.15715435
2011-03-15,0.1526502
2011-03-16,0.14991708
2011-03-17,0.14925392
2011-03-18,0.15035288
2011-03-19,0.18335424
2011-03-20,0.14562003
2011-03-21,0.13074249
2011-03-22,0.13317886
2011-03-23,0.26324525
2011-03-24,0.13786523
2011-03-25,0.120253295
2011-03-26,0.20879006
2011-03-27,0.27559978
2011-03-28,0.12688151
2011-03-29,0.10884961
2011-03-30,0.101755425
2011-03-31,0.10071271
2011-04-01,0.18022844
2011-04-02,0.10493773
2011-04-03,0.09615249
2011-04-04,0.14901614
2011-04-05,0.09623502
2011-04-06,0.08643557
2011-04-07,0.083878994
2011-04-08,0.08358805
2011-04-09,0.10026866
2011-04-10,0.12438583
2011-04-11,0.31540573
2011-04-12,2.0436864
2011-04-13,0.4687825
2011-04-14,0.22566453
2011-04-15,0.2278256
2011-04-16,0.17025417
2011-04-17,5.484253
2011-04-18,1.3405375
2011-04-19,7.996878
2011-04-20,1.3307953
2011-04-21,0.641415
2011-04-22,0.25317124
2011-04-23,0.24620268
2011-04-24,0.8892681
2011-04-25,0.8121097
2011-04-26,0.29453138
2011-04-27,2.0741045
2011-04-28,11.338486
2011-04-29,1.8877336
2011-04-30,0.21222827
2011-05-01,0.34572253
2011-05-02,0.6474604
2011-05-03,1.5344063
2011-05-04,1.8193936
2011-05-05,0.36941445
2011-05-06,0.507571
2011-05-07,0.7296296
2011-05-08,3.5601468
2011-05-09,0.5108108
2011-05-10,0.17980026
2011-05-11,3.2930956
2011-05-12,0.6412815
2011-05-13,2.1346755
2011-05-14,3.4537659
2011-05-15,4.37176
2011-05-16,5.9599915
2011-05-17,4.614102
2011-05-18,6.5893145
2011-05-19,3.1684248
2011-05-20,1.9373296
2011-05-21,6.1735187
2011-05-22,5.476717
2011-05-23,2.763103
2011-05-24,4.5280337
2011-05-25,5.3970375
2011-05-26,3.2420125
2011-05-27,9.754424
2011-05-28,6.43273
2011-05-29,7.4601583
2011-05-30,5.2208986
2011-05-31,5.484149
2011-06-01,5.292751
2011-06-02,7.92026
2011-06-03,15.343071
2011-06-04,8.51047
2011-06-05,10.647459
2011-06-06,8.011675
2011-06-07,7.5633426
2011-06-08,8.2838125
2011-06-09,14.010162
2011-06-10,8.295468
2011-06-11,8.684489
2011-06-12,12.981724
2011-06-13,13.016242
2011-06-14,19.206224
2011-06-15,17.20083
2011-06-16,13.958709
2011-06-17,14.937339
2011-06-18,12.154411
2011-06-19,13.229018
2011-06-20,10.642855
2011-06-21,13.767779
2011-06-22,11.260322
2011-06-23,14.32342
2011-06-24,22.417202
2011-06-25,16.623947
2011-06-26,14.376744
2011-06-27,15.974687
2011-06-28,16.926008
2011-06-29,14.060496
2011-06-30,12.348114
2011-07-01,11.622993
2011-07-02,10.161854
2011-07-03,9.761444
2011-07-04,8.432454
2011-07-05,7.7478094
2011-07-06,9.811918
2011-07-07,12.530434
2011-07-08,8.62445
2011-07-09,6.391063
2011-07-10,5.998664
2011-07-11,19.024778
2011-07-12,8.573561
2011-07-13,9.308616
2011-07-14,12.251559
2011-07-15,12.837705
2011-07-16,9.886704
2011-07-17,8.448509
2011-07-18,8.07605
2011-07-19,7.7634506
2011-07-20,7.0055537
2011-07-21,15.143937
2011-07-22,7.3174043
2011-07-23,6.357982
2011-07-24,7.5048037
2011-07-25,8.473078
2011-07-26,6.5841055
2011-07-27,6.362524
2011-07-28,6.877099
2011-07-29,7.0348115
2011-07-30,8.198184
2011-07-31,7.9781
2011-08-01,7.5475383
2011-08-02,5.6520796
2011-08-03,5.3432927
2011-08-04,5.2801027
2011-08-05,9.90437
2011-08-06,5.38361
2011-08-07,7.767029
2011-08-08,6.155449
2011-08-09,4.9615984
2011-08-10,9.343335
2011-08-11,5.0666127
2011-08-12,7.9190283
2011-08-13,8.896815
2011-08-14,8.007496
2011-08-15,7.9059415
2011-08-16,7.897084
2011-08-17,7.574833
2011-08-18,9.720727
2011-08-19,7.1660748
2011-08-20,7.35638
2011-08-21,7.925841
2011-08-22,6.367783
2011-08-23,7.6783333
2011-08-24,6.2198315
2011-08-25,6.447228
2011-08-26,5.9974995
2011-08-27,5.346944
2011-08-28,5.0819206
2011-08-29,6.178865
2011-08-30,4.872555
2011-08-31,4.55618
2011-09-01,4.781159
2011-09-02,7.0557747
2011-09-03,4.5226626
2011-09-04,4.5709815
2011-09-05,3.9416037
2011-09-06,3.7099378
2011-09-07,3.6675973
2011-09-08,4.98144
2011-09-09,9.999564
2011-09-10,4.0738435
2011-09-11,3.206459
2011-09-12,8.18454
2011-09-13,3.5785613
2011-09-14,3.101591
2011-09-15,4.3880343
2011-09-16,3.1008437
2011-09-17,3.5338001
2011-09-18,3.145511
2011-09-19,2.8566692
2011-09-20,4.6292787
2011-09-21,4.305631
2011-09-22,3.666022
2011-09-23,3.1948702
2011-09-24,3.2276483
2011-09-25,3.3905354
2011-09-26,3.9249964
2011-09-27,3.2105813
2011-09-28,3.1547487
2011-09-29,3.4439762
2011-09-30,3.0664043
2011-10-01,3.1608658
2011-10-02,3.026131
2011-10-03,2.940349
2011-10-04,6.411778
2011-10-05,3.368271
2011-10-06,2.8595598
2011-10-07,3.5734196
2011-10-08,4.060083
2011-10-09,3.8638887
2011-10-10,2.9238985
2011-10-11,4.300299
2011-10-12,5.3136716
2011-10-13,4.105134
2011-10-14,2.7980182
2011-10-15,2.6774929
2011-10-16,2.9334946
2011-10-17,2.636789
2011-10-18,2.5582988
2011-10-19,5.8192315
2011-10-20,3.606419
2011-10-21,3.231048
2011-10-22,2.74105
2011-10-23,2.4411922
2011-10-24,2.4416964
2011-10-25,2.692057
2011-10-26,2.4286685
2011-10-27,2.3672693
2011-10-28,2.3913136
2011-10-29,3.6470222
2011-10-30,3.7867799
2011-10-31,2.3375862
2011-11-01,2.1898682
2011-11-02,2.3225393
2011-11-03,2.620251
2011-11-04,2.2567785
2011-11-05,4.80967
2011-11-06,2.4041998
2011-11-07,2.8641043
2011-11-08,3.646511
2011-11-09,6.533506
2011-11-10,7.0733523
2011-11-11,4.653345
2011-11-12,5.082138
2011-11-13,7.8574243
2011-11-14,5.247425
2011-11-15,4.967007
2011-11-16,5.009151
2011-11-17,5.016633
2011-11-18,5.645351
2011-11-19,5.5146713
2011-11-20,4.997873
2011-11-21,8.294529
2011-11-22,5.722215
2011-11-23,4.777347
2011-11-24,4.6677494
2011-11-25,9.143295
2011-11-26,6.789565
2011-11-27,4.5587378
2011-11-28,4.261678
2011-11-29,4.305264
2011-11-30,4.271645
2011-12-01,4.2947607
2011-12-02,4.044097
2011-12-03,3.980192
2011-12-04,4.856079
2011-12-05,3.9203181
2011-12-06,3.6701376
2011-12-07,3.688832
2011-12-08,5.265406
2011-12-09,3.7073944
2011-12-10,3.3689134
2011-12-11,3.2235951
2011-12-12,4.2368197
2011-12-13,5.888186
2011-12-14,3.3178594
2011-12-15,3.0429583
2011-12-16,3.0591211
2011-12-17,2.9779267
2011-12-18,2.9735143
2011-12-19,2.817028
2011-12-20,2.7357998
2011-12-21,2.673242
2011-12-22,2.6015146
2011-12-23,2.5388837
2011-12-24,2.4617262
2011-12-25,2.388918
2011-12-26,2.3063564
2011-12-27,2.2283702
2011-12-28,2.2026749
2011-12-29,2.1969166
2011-12-30,2.0458987
2011-12-31,1.9650868
2012-01-01,1.8983341
2012-01-02,1.8255178
2012-01-03,1.7573242
2012-01-04,1.687956
2012-01-05,1.6256683
2012-01-06,1.5755184
2012-01-07,1.5055119
2012-01-08,1.4421884
2012-01-09,1.3819839
2012-01-10,1.3280057
2012-01-11,1.2786132
2012-01-12,1.2281435
2012-01-13,1.1819934
2012-01-14,1.1333445
2012-01-15,1.0894327
2012-01-16,1.051856
2012-01-17,1.0102142
2012-01-18,0.9740029
2012-01-19,0.9309888
2012-01-20,0.8929242
2012-01-21,0.8586366
2012-01-22,0.8205544
2012-01-23,0.7879883
2012-01-24,0.76161873
2012-01-25,0.7354936
2012-01-26,0.7070964
2012-01-27,0.6800642
2012-01-28,0.6530226
2012-01-29,0.63900393
2012-01-30,0.6128105
2012-01-31,0.5997091
2012-02-01,0.5777097
2012-02-02,0.5612873
2012-02-03,0.5445904
2012-02-04,0.52427316
2012-02-05,0.50785434
2012-02-06,0.49854454
2012-02-07,0.625866
2012-02-08,0.5907836
2012-02-09,0.55024123
2012-02-10,0.45398706
2012-02-11,0.4345482
2012-02-12,0.42079628
2012-02-13,0.40704808
2012-02-14,0.3939342
2012-02-15,0.37803322
2012-02-16,0.3675495
2012-02-17,0.35387433
2012-02-18,0.33973095
2012-02-19,0.33011386
2012-02-20,0.32089445
2012-02-21,0.30630472
2012-02-22,0.29448897
2012-02-23,0.28289238
2012-02-24,0.274535
2012-02-25,0.2670623
2012-02-26,0.2650524
2012-02-27,0.24995327
2012-02-28,0.24218373
2012-02-29,0.23317742
2012-03-01,0.22714424
2012-03-02,0.21993956
2012-03-03,0.30057314
2012-03-04,0.35337865
2012-03-05,0.23650262
2012-03-06,0.20680293
2012-03-07,0.19520871
2012-03-08,0.1869204
2012-03-09,0.1796678
2012-03-10,0.1867774
2012-03-11,0.2013599
2012-03-12,0.20740433
2012-03-13,0.87229836
2012-03-14,0.2822998
2012-03-15,0.16329093
2012-03-16,0.15636855
2012-03-17,0.14940317
2012-03-18,0.14991705
2012-03-19,0.15244356
2012-03-20,0.13901068
2012-03-21,0.161825
2012-03-22,0.136434
2012-03-23,0.13834342
2012-03-24,0.23202531
2012-03-25,0.14558984
2012-03-26,0.27374464
2012-03-27,0.19369753
2012-03-28,0.1974163
2012-03-29,2.0906308
2012-03-30,5.245542
2012-03-31,0.66934794
2012-04-01,0.24352254
2012-04-02,0.15252806
2012-04-03,0.14993069
2012-04-04,0.13344689
2012-04-05,3.5844338
2012-04-06,2.7511773
2012-04-07,0.59966
2012-04-08,2.0303257
2012-04-09,1.660509
2012-04-10,2.0065868
2012-04-11,0.5292919
2012-04-12,2.1367986
2012-04-13,3.4767478
2012-04-14,4.822274
2012-04-15,1.0221992
2012-04-16,4.3097277
2012-04-17,0.5951427
2012-04-18,0.16152553
2012-04-19,3.5628178
2012-04-20,0.72279197
2012-04-21,0.281562
2012-04-22,1.3761367
2012-04-23,0.28775245
2012-04-24,4.657626
2012-04-25,0.81081164
2012-04-26,3.5789454
2012-04-27,7.1172643
2012-04-28,0.9585502
2012-04-29,0.3986452
2012-04-30,1.2276148
2012-05-01,2.1565037
2012-05-02,11.53111
2012-05-03,4.807162
2012-05-04,1.2514141
2012-05-05,1.5875123
2012-05-06,1.1637859
2012-05-07,1.0406073
2012-05-08,2.5250037
2012-05-09,1.452519
2012-05-10,1.2237313
2012-05-11,1.725892
2012-05-12,6.4328485
2012-05-13,4.5092688
2012-05-14,2.3070352
2012-05-15,2.1536548
2012-05-16,2.4810557
2012-05-17,7.1225014
2012-05-18,5.708843
2012-05-19,5.0393467
2012-05-20,13.002316
2012-05-21,6.1631107
2012-05-22,5.7185855
2012-05-23,7.446689
2012-05-24,11.108735
2012-05-25,8.5397
2012-05-26,8.855056
2012-05-27,30.310179
2012-05-28,19.231861
2012-05-29,20.403152
2012-05-30,17.591246
2012-05-31,14.171052
2012-06-01,11.421662
2012-06-02,12.407743
2012-06-03,10.035681
2012-06-04,8.337825
2012-06-05,7.498622
2012-06-06,6.938439
2012-06-07,8.171794
2012-06-08,7.6836133
2012-06-09,16.40376
2012-06-10,9.375803
2012-06-11,12.224727
2012-06-12,8.893089
2012-06-13,12.673698
2012-06-14,8.977668
2012-06-15,9.406177
2012-06-16,8.801063
2012-06-17,10.721697
2012-06-18,14.344867
2012-06-19,9.341925
2012-06-20,8.482469
2012-06-21,9.755026
2012-06-22,9.171069
2012-06-23,7.4609923
2012-06-24,7.809098
2012-06-25,9.203914
2012-06-26,6.9883313
2012-06-27,7.7393665
2012-06-28,9.112332
2012-06-29,6.9131303
2012-06-30,6.091584
2012-07-01,12.12286
2012-07-02,8.244719
2012-07-03,5.9187207
2012-07-04,6.1127224
2012-07-05,10.042778
2012-07-06,7.3870177
2012-07-07,10.388964
2012-07-08,10.48429
2012-07-09,7.9533863
2012-07-10,8.788847
2012-07-11,12.589189
2012-07-12,10.212918
2012-07-13,18.638527
2012-07-14,20.020237
2012-07-15,17.016403
2012-07-16,18.828775
2012-07-17,13.294687
2012-07-18,12.171141
2012-07-19,12.167903
2012-07-20,10.386758
2012-07-21,9.529854
2012-07-22,8.785615
2012-07-23,8.042255
2012-07-24,7.6204567
2012-07-25,17.386925
2012-07-26,7.9877877
2012-07-27,12.853567
2012-07-28,9.244693
2012-07-29,17.393003
2012-07-30,11.149504
2012-07-31,11.122175
2012-08-01,9.705439
2012-08-02,9.215901
2012-08-03,8.372763
2012-08-04,8.586106
2012-08-05,11.654256
2012-08-06,9.779839
2012-08-07,8.141844
2012-08-08,6.680776
2012-08-09,6.29528
2012-08-10,6.04204
2012-08-11,5.800383
2012-08-12,5.529235
2012-08-13,5.608222
2012-08-14,5.6985884
2012-08-15,11.223686
2012-08-16,5.349012
2012-08-17,4.643993
2012-08-18,7.9460444
2012-08-19,5.5380135
2012-08-20,4.529692
2012-08-21,4.3990517
2012-08-22,5.0663366
2012-08-23,6.695784
2012-08-24,4.423334
2012-08-25,4.5837216
2012-08-26,6.656282
2012-08-27,5.801761
2012-08-28,4.420858
2012-08-29,3.977457
2012-08-30,5.1466656
2012-08-31,5.3455095
2012-09-01,5.636969
2012-09-02,3.6350574
2012-09-03,3.4252229
2012-09-04,3.354033
2012-09-05,3.2062876
2012-09-06,4.0791826
2012-09-07,3.1558092
2012-09-08,3.0655968
2012-09-09,3.8160903
2012-09-10,3.7826219
2012-09-11,2.9157987
2012-09-12,3.1459138
2012-09-13,2.7482917
2012-09-14,3.5808508
2012-09-15,2.6155949
2012-09-16,3.19625
2012-09-17,2.46453
2012-09-18,2.552951
2012-09-19,2.3393877
2012-09-20,2.200904
2012-09-21,2.1640573
2012-09-22,2.2232983
2012-09-23,4.138813
2012-09-24,2.2820165
2012-09-25,5.69319
2012-09-26,2.2209897
2012-09-27,1.9543129
2012-09-28,2.3403115
2012-09-29,1.8562386
2012-09-30,2.3878086
2012-10-01,2.9999352
2012-10-02,1.9083736
2012-10-03,1.7222227
2012-10-04,1.6900202
2012-10-05,1.8392218
2012-10-06,1.6826677
2012-10-07,3.297394
2012-10-08,2.322756
2012-10-09,2.7321038
2012-10-10,1.6978204
2012-10-11,1.5103631
2012-10-12,1.4783952
2012-10-13,2.009617
2012-10-14,5.441262
2012-10-15,1.9167774
2012-10-16,1.7672094
2012-10-17,8.011303
2012-10-18,2.371282
2012-10-19,2.4817276
2012-10-20,3.0998237
2012-10-21,1.7214684
2012-10-22,1.818581
2012-10-23,1.9544212
2012-10-24,1.5395348
2012-10-25,1.4565195
2012-10-26,1.4464124
2012-10-27,1.7780797
2012-10-28,1.405259
2012-10-29,1.3649316
2012-10-30,1.6463088
2012-10-31,1.9685553
2012-11-01,1.4734738
2012-11-02,1.3333497
2012-11-03,1.7697349
2012-11-04,1.3569376
2012-11-05,1.405178
2012-11-06,1.5299182
2012-11-07,1.2676862
2012-11-08,1.229325
2012-11-09,1.4946655
2012-11-10,1.1987346
2012-11-11,1.1592532
2012-11-12,1.1798468
2012-11-13,1.1955765
2012-11-14,1.5659662
2012-11-15,3.9158802
2012-11-16,3.328132
2012-11-17,1.4934028
2012-11-18,1.1046616
2012-11-19,1.0692357
2012-11-20,1.0534544
2012-11-21,1.0399168
2012-11-22,1.0250318
2012-11-23,1.0148243
2012-11-24,1.0095294
2012-11-25,0.979592
2012-11-26,0.99262094
2012-11-27,1.1003076
2012-11-28,0.9922059
2012-11-29,0.927662
2012-11-30,0.90283316
2012-12-01,0.878434
2012-12-02,0.85679513
2012-12-03,0.83781403
2012-12-04,0.8191161
2012-12-05,0.7936819
2012-12-06,0.77801585
2012-12-07,0.75956386
2012-12-08,0.74473053
2012-12-09,0.72397536
2012-12-10,0.726743
2012-12-11,0.6970344
2012-12-12,0.701379
2012-12-13,0.6684106
2012-12-14,0.6658696
2012-12-15,0.6310436
2012-12-16,0.60532063
2012-12-17,0.5839826
2012-12-18,0.56942534
2012-12-19,0.56171846
2012-12-20,0.58866245
2012-12-21,0.5328187
2012-12-22,0.5118045
2012-12-23,0.5145745
2012-12-24,0.6030401
2012-12-25,0.5261856
2012-12-26,0.6047233
2012-12-27,0.5231116
2012-12-28,0.4572781
2012-12-29,0.44187966
2012-12-30,0.4289333
2012-12-31,0.42333466
2013-01-01,0.4080542
2013-01-02,0.39695686
2013-01-03,0.3850843
2013-01-04,0.37439486
2013-01-05,0.3608133
2013-01-06,0.34744188
2013-01-07,0.33799076
2013-01-08,0.32925186
2013-01-09,0.3181752
2013-01-10,0.3089925
2013-01-11,0.29674983
2013-01-12,0.28782853
2013-01-13,0.27838045
2013-01-14,0.26736152
2013-01-15,0.26179978
2013-01-16,0.25168422
2013-01-17,0.24629539
2013-01-18,0.2365988
2013-01-19,0.23005584
2013-01-20,0.22395292
2013-01-21,0.2150444
2013-01-22,0.2089827
2013-01-23,0.20153461
2013-01-24,0.1967615
2013-01-25,0.19095872
2013-01-26,0.18589956
2013-01-27,0.17722256
2013-01-28,0.17045012
2013-01-29,0.16579545
2013-01-30,0.16262284
2013-01-31,0.15637265
2013-02-01,0.15284951
2013-02-02,0.14835015
2013-02-03,0.14360419
2013-02-04,0.14005585
2013-02-05,0.13430367
2013-02-06,0.12955728
2013-02-07,0.12644435
2013-02-08,0.14048631
2013-02-09,0.12246728
2013-02-10,0.115517
2013-02-11,0.11313412
2013-02-12,0.113796726
2013-02-13,0.11143635
2013-02-14,0.10509837
2013-02-15,0.09982973
2013-02-16,0.09851919
2013-02-17,0.09736069
2013-02-18,0.09686293
2013-02-19,0.09180726
2013-02-20,0.088088796
2013-02-21,0.08792206
2013-02-22,0.08409042
2013-02-23,0.081623554
2013-02-24,0.08187431
2013-02-25,0.08194639
2013-02-26,0.07537178
2013-02-27,0.07427026
2013-02-28,0.0740577
2013-03-01,0.12945157
2013-03-02,0.077776186
2013-03-03,0.06990151
2013-03-04,0.07554229
2013-03-05,0.12937576
2013-03-06,0.07080953
2013-03-07,0.10277347
2013-03-08,0.06931591
2013-03-09,0.059563838
2013-03-10,0.06826075
2013-03-11,0.073607214
2013-03-12,0.05923728
2013-03-13,0.06533766
2013-03-14,0.06443619
2013-03-15,0.051542453
2013-03-16,0.051362954
2013-03-17,0.110206135
2013-03-18,0.0976055
2013-03-19,0.08913933
2013-03-20,0.05353143
2013-03-21,0.0443943
2013-03-22,0.0405229
2013-03-23,0.04348947
2013-03-24,0.14771059
2013-03-25,0.066445075
2013-03-26,0.043658063
2013-03-27,0.03965967
2013-03-28,0.037482567
2013-03-29,0.10400563
2013-03-30,0.7250552
2013-03-31,0.1139667
2013-04-01,0.120642714
2013-04-02,0.041713893
2013-04-03,0.034061402
2013-04-04,0.0322662
2013-04-05,0.032413274
2013-04-06,0.054512493
2013-04-07,0.038425975
2013-04-08,0.03389181
2013-04-09,0.031060707
2013-04-10,0.030015096
2013-04-11,0.041259963
2013-04-12,0.029037459
2013-04-13,0.026117012
2013-04-14,0.046725623
2013-04-15,0.24359474
2013-04-16,0.18244122
2013-04-17,0.093631186
2013-04-18,0.13356318
2013-04-19,0.30989608
2013-04-20,0.89137554
2013-04-21,1.5123233
2013-04-22,0.30002126
2013-04-23,0.2844857
2013-04-24,0.9458816
2013-04-25,0.28518507
2013-04-26,0.064559534
2013-04-27,0.032178245
2013-04-28,0.1205759
2013-04-29,0.3391712
2013-04-30,2.026898
2013-05-01,3.6914446
2013-05-02,1.9815531
2013-05-03,0.42821878
2013-05-04,0.2222568
2013-05-05,0.8047826
2013-05-06,1.7198626
2013-05-07,0.622743
2013-05-08,1.6264565
2013-05-09,1.5175909
2013-05-10,8.145021
2013-05-11,0.8875757
2013-05-12,0.036831647
2013-05-13,0.078192875
2013-05-14,7.8230615
2013-05-15,2.5673006
2013-05-16,2.616326
2013-05-17,15.417561
2013-05-18,5.7221637
2013-05-19,7.260999
2013-05-20,4.1980157
2013-05-21,7.302777
2013-05-22,6.1151395
2013-05-23,7.503575
2013-05-24,1.2077825
2013-05-25,0.43120313
2013-05-26,0.5600864
2013-05-27,2.9014063
2013-05-28,7.8522515
2013-05-29,1.646869
2013-05-30,2.9354439
2013-05-31,7.1062894
2013-06-01,3.0479236
2013-06-02,2.9904463
2013-06-03,3.6763134
2013-06-04,6.847126
2013-06-05,2.4361129
2013-06-06,4.207549
2013-06-07,2.577492
2013-06-08,1.925369
2013-06-09,1.921843
2013-06-10,2.4090664
2013-06-11,3.1015036
2013-06-12,3.362386
2013-06-13,3.8208475
2013-06-14,3.211739
2013-06-15,6.3914857
2013-06-16,3.1306539
2013-06-17,3.0859237
2013-06-18,3.1791992
2013-06-19,3.3445382
2013-06-20,4.648061
2013-06-21,5.1336102
2013-06-22,12.799965
2013-06-23,7.2737575
2013-06-24,10.564
2013-06-25,14.964104
2013-06-26,8.394065
2013-06-27,7.729654
2013-06-28,7.606872
2013-06-29,8.127136
2013-06-30,7.018191
2013-07-01,6.8325343
2013-07-02,10.290253
2013-07-03,6.631057
2013-07-04,5.936954
2013-07-05,5.721836
2013-07-06,6.877135
2013-07-07,5.829675
2013-07-08,5.5354714
2013-07-09,4.999396
2013-07-10,22.958984
2013-07-11,7.6087217
2013-07-12,6.1157784
2013-07-13,6.3897142
2013-07-14,6.3549237
2013-07-15,6.133751
2013-07-16,6.3419657
2013-07-17,8.562654
2013-07-18,8.976159
2013-07-19,5.810742
2013-07-20,8.204699
2013-07-21,8.312706
2013-07-22,6.411755
2013-07-23,9.006356
2013-07-24,10.105274
2013-07-25,6.614739
2013-07-26,7.1749163
2013-07-27,36.23258
2013-07-28,13.587524
2013-07-29,9.268894
2013-07-30,7.629424
2013-07-31,6.822725
2013-08-01,6.364313
2013-08-02,6.0804167
2013-08-03,8.1270685
2013-08-04,10.958625
2013-08-05,8.673228
2013-08-06,6.95669
2013-08-07,9.589789
2013-08-08,10.982124
2013-08-09,6.5354776
2013-08-10,6.0491967
2013-08-11,6.3679204
2013-08-12,7.575153
2013-08-13,7.2742443
2013-08-14,6.0085187
2013-08-15,7.453394
2013-08-16,9.680559
2013-08-17,8.236218
2013-08-18,8.058477
2013-08-19,8.137161
2013-08-20,6.8010626
2013-08-21,7.9346733
2013-08-22,7.755924
2013-08-23,6.5984015
2013-08-24,6.2389984
2013-08-25,7.7634673
2013-08-26,12.43
2013-08-27,6.260692
2013-08-28,8.379616
2013-08-29,6.0321236
2013-08-30,5.186849
2013-08-31,5.006797
2013-09-01,4.861355
2013-09-02,4.7289166
2013-09-03,4.5893254
2013-09-04,4.5639014
2013-09-05,7.0508356
2013-09-06,4.651981
2013-09-07,4.7693715
2013-09-08,4.789063
2013-09-09,3.936411
2013-09-10,5.9048257
2013-09-11,3.8719676
2013-09-12,4.853027
2013-09-13,3.5078018
2013-09-14,3.3356042
2013-09-15,3.4642618
2013-09-16,5.187991
2013-09-17,3.8240387
2013-09-18,4.010644
2013-09-19,3.98668
2013-09-20,3.1738853
2013-09-21,3.0157418
2013-09-22,2.9543831
2013-09-23,2.860336
2013-09-24,3.38705
2013-09-25,6.2065277
2013-09-26,4.996249
2013-09-27,2.9095273
2013-09-28,2.7961836
2013-09-29,2.711849
2013-09-30,2.8850212
2013-10-01,2.53105
2013-10-02,7.3117275
2013-10-03,3.3483582
2013-10-04,2.5798979
2013-10-05,4.892592
2013-10-06,2.6963804
2013-10-07,2.4817328
2013-10-08,3.042091
2013-10-09,3.6680806
2013-10-10,2.6657639
2013-10-11,2.5632434
2013-10-12,2.5834575
2013-10-13,3.2032912
2013-10-14,2.551114
2013-10-15,2.3991766
2013-10-16,2.3561893
2013-10-17,3.7149925
2013-10-18,2.726089
2013-10-19,2.3134236
2013-10-20,2.2070727
2013-10-21,4.336792
2013-10-22,2.3894124
2013-10-23,2.552229
2013-10-24,4.4547424
2013-10-25,2.238916
2013-10-26,2.1987216
2013-10-27,1.9597455
2013-10-28,3.2100537
2013-10-29,2.708504
2013-10-30,2.070729
2013-10-31,1.8652928
2013-11-01,1.7988021
2013-11-02,1.8647206
2013-11-03,1.8931682
2013-11-04,4.737682
2013-11-05,3.3095005
2013-11-06,2.7780464
2013-11-07,2.2401934
2013-11-08,5.8448467
2013-11-09,3.8245325
2013-11-10,7.1800075
2013-11-11,2.6405902
2013-11-12,4.756692
2013-11-13,2.4251912
2013-11-14,2.459651
2013-11-15,2.5044916
2013-11-16,2.5772293
2013-11-17,2.4205804
2013-11-18,2.377864
2013-11-19,2.3483636
2013-11-20,2.31347
2013-11-21,2.28968
2013-11-22,2.242174
2013-11-23,2.204213
2013-11-24,2.2734098
2013-11-25,2.163676
2013-11-26,2.2509866
2013-11-27,2.313917
2013-11-28,2.059551
2013-11-29,1.9535443
2013-11-30,1.9025925
2013-12-01,1.8441541
2013-12-02,1.7971852
2013-12-03,1.8920654
2013-12-04,1.7558416
2013-12-05,1.6900806
2013-12-06,1.7766683
2013-12-07,1.7917751
2013-12-08,1.576019
2013-12-09,1.5187784
2013-12-10,1.5487072
2013-12-11,1.4684551
2013-12-12,2.4286041
2013-12-13,1.6401988
2013-12-14,1.3653828
2013-12-15,1.3288689
2013-12-16,1.2892867
2013-12-17,1.2529
2013-12-18,1.2254796
2013-12-19,1.1904528
2013-12-20,1.1575042
2013-12-21,1.1237028
2013-12-22,1.088334
2013-12-23,1.0557021
2013-12-24,1.0239617
2013-12-25,0.99339867
2013-12-26,0.9615776
2013-12-27,0.9349927
2013-12-28,0.90813184
2013-12-29,0.8788396
2013-12-30,0.84789467
2013-12-31,0.81831104
2014-01-01,0.7919056
2014-01-02,0.7672661
2014-01-03,0.74141544
2014-01-04,0.7219041
2014-01-05,0.69964325
2014-01-06,0.6750089
2014-01-07,0.6511753
2014-01-08,0.628687
2014-01-09,0.61051905
2014-01-10,0.5903355
2014-01-11,0.5662104
2014-01-12,0.5438887
2014-01-13,0.52471846
2014-01-14,0.50393987
2014-01-15,0.48915347
2014-01-16,0.47141474
2014-01-17,0.4546154
2014-01-18,0.4467416
2014-01-19,0.4468589
2014-01-20,0.42837915
2014-01-21,0.39902648
2014-01-22,0.3815563
2014-01-23,0.36646748
2014-01-24,0.35238966
2014-01-25,0.34387767
2014-01-26,0.32816508
2014-01-27,0.31802765
2014-01-28,0.30553553
2014-01-29,0.29290268
2014-01-30,0.2838791
2014-01-31,0.27408972
2014-02-01,0.2650948
2014-02-02,0.2564331
2014-02-03,0.24711406
2014-02-04,0.23946223
2014-02-05,0.23440002
2014-02-06,0.22403194
2014-02-07,0.21712719
2014-02-08,0.21145707
2014-02-09,0.20565802
2014-02-10,0.20086955
2014-02-11,0.19162536
2014-02-12,0.18967187
2014-02-13,0.18196627
2014-02-14,0.17256789
2014-02-15,0.1696036
2014-02-16,0.16215603
2014-02-17,0.155192
2014-02-18,0.14852926
2014-02-19,0.14414056
2014-02-20,0.1403563
2014-02-21,0.13676187
2014-02-22,0.13045047
2014-02-23,0.124533854
2014-02-24,0.120877124
2014-02-25,0.118698604
2014-02-26,0.115138404
2014-02-27,0.11262955
2014-02-28,0.11721121
2014-03-01,0.20112628
2014-03-02,0.11397538
2014-03-03,0.101295374
2014-03-04,0.09918666
2014-03-05,0.09567466
2014-03-06,0.08966103
2014-03-07,0.08688676
2014-03-08,0.08575552
2014-03-09,0.082586706
2014-03-10,0.07912577
2014-03-11,0.07448302
2014-03-12,0.071444914
2014-03-13,0.07023432
2014-03-14,0.06985338
2014-03-15,0.101471685
2014-03-16,0.0694576
2014-03-17,0.06269671
2014-03-18,0.060385443
2014-03-19,0.06186567
2014-03-20,0.057168316
2014-03-21,0.05478745
2014-03-22,0.053067222
2014-03-23,0.050809514
2014-03-24,0.06451704
2014-03-25,0.07845559
2014-03-26,0.123115644
2014-03-27,0.05422732
2014-03-28,0.055122443
2014-03-29,0.04462433
2014-03-30,0.040799577
2014-03-31,0.03844375
2014-04-01,0.037176497
2014-04-02,0.03616926
2014-04-03,0.12414563
2014-04-04,0.17760141
2014-04-05,0.28275853
2014-04-06,0.17133278
2014-04-07,0.059029963
2014-04-08,2.101685
2014-04-09,0.24263328
2014-04-10,0.035629474
2014-04-11,0.03176885
2014-04-12,0.03142628
2014-04-13,0.031622104
2014-04-14,0.031604696
2014-04-15,0.04219393
2014-04-16,0.16236773
2014-04-17,0.11532962
2014-04-18,0.18164264
2014-04-19,0.1868693
2014-04-20,0.8003233
2014-04-21,0.20533364
2014-04-22,0.22868918
2014-04-23,0.7941383
2014-04-24,0.35907614
2014-04-25,47.865196
2014-04-26,4.5522256
2014-04-27,0.37713283
2014-04-28,4.0594296
2014-04-29,0.8792696
2014-04-30,2.5900524
2014-05-01,2.8060303
2014-05-02,0.32963347
2014-05-03,0.04510394
2014-05-04,0.13886923
2014-05-05,0.08345061
2014-05-06,0.25793546
2014-05-07,0.17034921
2014-05-08,0.16335681
2014-05-09,2.9657042
2014-05-10,3.690475
2014-05-11,1.4704669
2014-05-12,0.16571991
2014-05-13,0.108889624
2014-05-14,0.2501012
2014-05-15,0.40582466
2014-05-16,1.1676942
2014-05-17,1.0166106
2014-05-18,2.2505221
2014-05-19,19.325127
2014-05-20,3.8875
2014-05-21,0.4018405
2014-05-22,5.45628
2014-05-23,0.6438765
2014-05-24,0.14189276
2014-05-25,0.14383838
2014-05-26,0.15819061
2014-05-27,0.4751224
2014-05-28,12.951952
2014-05-29,8.591715
2014-05-30,1.8744164
2014-05-31,2.969622
2014-06-01,0.64930594
2014-06-02,3.4181657
2014-06-03,10.967736
2014-06-04,1.6121826
2014-06-05,0.7281673
2014-06-06,0.7924094
2014-06-07,1.015435
2014-06-08,5.4825015
2014-06-09,3.1685326
2014-06-10,1.3290638
2014-06-11,3.5094395
2014-06-12,24.795534
2014-06-13,7.986515
2014-06-14,6.9060555
2014-06-15,8.912969
2014-06-16,9.99505
2014-06-17,12.950185
2014-06-18,18.662807
2014-06-19,12.902294
2014-06-20,11.908555
2014-06-21,11.669021
2014-06-22,10.898153
2014-06-23,10.086782
2014-06-24,13.368149
2014-06-25,15.003208
2014-06-26,23.073538
2014-06-27,15.976026
2014-06-28,12.786408
2014-06-29,13.219085
2014-06-30,14.393616
2014-07-01,17.052692
2014-07-02,14.105343
2014-07-03,14.607114
2014-07-04,11.163197
2014-07-05,15.111516
2014-07-06,10.964776
2014-07-07,9.9700985
2014-07-08,15.766751
2014-07-09,12.929621
2014-07-10,10.216989
2014-07-11,8.94897
2014-07-12,8.329882
2014-07-13,8.411241
2014-07-14,8.481245
2014-07-15,10.7783785
2014-07-16,10.423404
2014-07-17,17.962389
2014-07-18,9.707861
2014-07-19,8.9455805
2014-07-20,7.989285
2014-07-21,10.879935
2014-07-22,11.633728
2014-07-23,8.03178
2014-07-24,9.365994
2014-07-25,6.99583
2014-07-26,6.3394437
2014-07-27,6.133123
2014-07-28,6.5307546
2014-07-29,5.604366
2014-07-30,6.411567
2014-07-31,5.84549
2014-08-01,5.11532
2014-08-02,4.7459626
2014-08-03,4.565068
2014-08-04,4.280942
2014-08-05,4.2109914
2014-08-06,3.9827816
2014-08-07,3.9649117
2014-08-08,4.0008283
2014-08-09,3.5195034
2014-08-10,5.7071533
2014-08-11,5.721401
2014-08-12,3.8056808
2014-08-13,3.7574325
2014-08-14,4.397605
2014-08-15,5.6931934
2014-08-16,3.6851642
2014-08-17,7.077181
2014-08-18,4.862219
2014-08-19,6.0616302
2014-08-20,5.8780003
2014-08-21,3.7887506
2014-08-22,3.6198664
2014-08-23,3.6111937
2014-08-24,3.8689024
2014-08-25,3.376289
2014-08-26,3.2960627
2014-08-27,4.297798
2014-08-28,3.2128274
2014-08-29,3.1561046
2014-08-30,2.9735856
2014-08-31,4.6711144
2014-09-01,2.9919534
2014-09-02,2.9970236
2014-09-03,3.0416
2014-09-04,6.396694
2014-09-05,2.9662921
2014-09-06,2.6707144
2014-09-07,5.0100617
2014-09-08,3.517864
2014-09-09,2.5649247
2014-09-10,4.515187
2014-09-11,3.7627757
2014-09-12,4.0347857
2014-09-13,4.73885
2014-09-14,5.9919925
2014-09-15,4.7691636
2014-09-16,7.0808806
2014-09-17,6.3849945
2014-09-18,8.965902
2014-09-19,7.200128
2014-09-20,5.839021
2014-09-21,5.7806907
2014-09-22,5.6389017
2014-09-23,5.208375
2014-09-24,5.1174507
2014-09-25,4.849024
2014-09-26,4.5619993
2014-09-27,4.5369263
2014-09-28,4.281459
2014-09-29,4.055033
2014-09-30,3.888181
2014-10-01,3.709125
2014-10-02,3.8474672
2014-10-03,6.6362863
2014-10-04,7.5997615
2014-10-05,3.5577893
2014-10-06,3.2537558
2014-10-07,6.5094824
2014-10-08,6.2434006
2014-10-09,3.1426973
2014-10-10,3.3659716
2014-10-11,2.9669685
2014-10-12,2.8543794
2014-10-13,2.6788714
2014-10-14,3.110351
2014-10-15,2.6000607
2014-10-16,2.8616276
2014-10-17,2.6292727
2014-10-18,3.653683
2014-10-19,2.5995383
2014-10-20,2.39872
2014-10-21,3.0469697
2014-10-22,2.5194793
2014-10-23,5.4692545
2014-10-24,2.5893788
2014-10-25,2.2859046
2014-10-26,2.3042486
2014-10-27,2.2988284
2014-10-28,3.9578667
2014-10-29,5.449631
2014-10-30,2.4010015
2014-10-31,2.0570595
2014-11-01,2.1033475
2014-11-02,2.255997
2014-11-03,2.0515168
2014-11-04,1.9341831
2014-11-05,1.8746467
2014-11-06,4.3502226
2014-11-07,2.2275126
2014-11-08,1.7992527
2014-11-09,2.5810666
2014-11-10,1.8577313
2014-11-11,3.08955
2014-11-12,1.9370055
2014-11-13,1.6888843
2014-11-14,1.605488
2014-11-15,1.5657468
2014-11-16,1.6532681
2014-11-17,1.6227595
2014-11-18,1.4878962
2014-11-19,1.4414061
2014-11-20,1.459442
2014-11-21,1.3819798
2014-11-22,1.3464029
2014-11-23,1.4261544
2014-11-24,3.4217021
2014-11-25,1.4569335
2014-11-26,1.2358439
2014-11-27,1.2006584
2014-11-28,1.1810364
2014-11-29,1.1591473
2014-11-30,1.1203434
2014-12-01,1.1078866
2014-12-02,1.1470863
2014-12-03,1.0458226
2014-12-04,1.0079572
2014-12-05,0.9788824
2014-12-06,0.9585536
2014-12-07,0.99061763
2014-12-08,0.94235915
2014-12-09,0.93963546
2014-12-10,0.8637567
2014-12-11,0.8731293
2014-12-12,0.91523963
2014-12-13,0.8084698
2014-12-14,0.7840886
2014-12-15,0.7574593
2014-12-16,0.7333414
2014-12-17,0.71105665
2014-12-18,0.6934451
2014-12-19,0.665312
2014-12-20,0.648823
2014-12-21,0.6274104
2014-12-22,0.60367805
2014-12-23,0.5802044
2014-12-24,0.56596214
2014-12-25,0.5458717
2014-12-26,0.53402334
2014-12-27,0.51165515
2014-12-28,0.4966254
2014-12-29,0.48004615
2014-12-30,0.46680072
2014-12-31,0.45498148
2015-01-01,0.4382968
2015-01-02,0.5026999
2015-01-03,0.5187779
2015-01-04,0.5017829
2015-01-05,0.49165
2015-01-06,0.4711428
2015-01-07,0.4543668
2015-01-08,0.44195095
2015-01-09,0.42655304
2015-01-10,0.41563657
2015-01-11,0.41475797
2015-01-12,0.40634555
2015-01-13,0.38531855
2015-01-14,0.37240285
2015-01-15,0.3598682
2015-01-16,0.3492839
2015-01-17,0.36963543
2015-01-18,0.3462252
2015-01-19,0.3309734
2015-01-20,0.30816793
2015-01-21,0.312153
2015-01-22,0.3057813
2015-01-23,0.3033611
2015-01-24,0.2814054
2015-01-25,0.27197996
2015-01-26,0.2631028
2015-01-27,0.25301886
2015-01-28,0.24376027
2015-01-29,0.23406228
2015-01-30,0.22499634
2015-01-31,0.22129513
2015-02-01,0.2575842
2015-02-02,0.28407452
2015-02-03,0.21634562
2015-02-04,0.2011277
2015-02-05,0.19549453
2015-02-06,0.18820359
2015-02-07,0.18168545
2015-02-08,0.17492154
2015-02-09,0.16914298
2015-02-10,0.16628987
2015-02-11,0.15929615
2015-02-12,0.16074151
2015-02-13,0.20702961
2015-02-14,0.36821234
2015-02-15,0.17318635
2015-02-16,0.14108199
2015-02-17,0.13740356
2015-02-18,0.13471992
2015-02-19,0.1304723
2015-02-20,0.12565704
2015-02-21,0.12126433
2015-02-22,0.11592729
2015-02-23,0.11537378
2015-02-24,0.11208525
2015-02-25,0.10844144
2015-02-26,0.10343585
2015-02-27,0.10012518
2015-02-28,0.10442025
2015-03-01,0.14277536
2015-03-02,0.10897711
2015-03-03,0.087491535
2015-03-04,0.08533033
2015-03-05,0.081746034
2015-03-06,0.08403935
2015-03-07,0.08126317
2015-03-08,0.0723789
2015-03-09,0.07474195
2015-03-10,0.06979556
2015-03-11,0.07263591
2015-03-12,0.07576269
2015-03-13,0.067530885
2015-03-14,0.06371512
2015-03-15,0.061727695
2015-03-16,0.05887303
2015-03-17,0.056557838
2015-03-18,0.059427764
2015-03-19,0.085912056
2015-03-20,0.06760676
2015-03-21,0.104500964
2015-03-22,0.058936585
2015-03-23,0.048439942
2015-03-24,0.049071267
2015-03-25,0.04717916
2015-03-26,0.044185266
2015-03-27,0.04266445
2015-03-28,0.042672206
2015-03-29,0.038274772
2015-03-30,0.042092703
2015-03-31,0.03809936
2015-04-01,0.037690457
2015-04-02,0.04482418
2015-04-03,0.11438582
2015-04-04,0.060439084
2015-04-05,0.037389692
2015-04-06,0.033943877
2015-04-07,0.03180251
2015-04-08,0.032280795
2015-04-09,0.03393666
2015-04-10,0.03999807
2015-04-11,0.0570919
2015-04-12,0.12537393
2015-04-13,0.14343874
2015-04-14,0.11255009
2015-04-15,0.7542442
2015-04-16,0.1001774
2015-04-17,0.043828517
2015-04-18,0.050020706
2015-04-19,0.16995992
2015-04-20,0.22478548
2015-04-21,0.22538704
2015-04-22,0.058027066
2015-04-23,0.033154387
2015-04-24,0.029417211
2015-04-25,0.06889962
2015-04-26,0.27031466
2015-04-27,0.06714098
2015-04-28,0.08084222
2015-04-29,0.03483602
2015-04-30,0.035797413
2015-05-01,0.038682852
2015-05-02,0.025689756
2015-05-03,0.031759832
2015-05-04,0.022472765
2015-05-05,0.018749755
2015-05-06,0.022594992
2015-05-07,0.018880269
2015-05-08,0.114873886
2015-05-09,2.9691226
2015-05-10,2.5290143
2015-05-11,0.23018312
2015-05-12,0.022809202
2015-05-13,0.12855682
2015-05-14,0.07985573
2015-05-15,3.2012348
2015-05-16,3.5183299
2015-05-17,1.5062811
2015-05-18,0.9082414
2015-05-19,0.3411865
2015-05-20,1.0056466
2015-05-21,0.8501104
2015-05-22,0.90387595
2015-05-23,8.478613
2015-05-24,2.1126878
2015-05-25,0.37530416
2015-05-26,1.3805844
2015-05-27,0.19877934
2015-05-28,0.031138178
2015-05-29,2.98953
2015-05-30,2.0429683
2015-05-31,2.4767761
2015-06-01,3.0869672
2015-06-02,4.5206857
2015-06-03,2.503285
2015-06-04,0.3329022
2015-06-05,0.7405288
2015-06-06,2.962972
2015-06-07,0.36209705
2015-06-08,2.5725417
2015-06-09,1.790264
2015-06-10,0.22991407
2015-06-11,2.4448087
2015-06-12,5.435021
2015-06-13,1.2588136
2015-06-14,3.0345435
2015-06-15,2.519431
2015-06-16,9.570268
2015-06-17,6.555665
2015-06-18,1.7291187
2015-06-19,2.8033195
2015-06-20,1.4201434
2015-06-21,12.25583
2015-06-22,6.4094768
2015-06-23,3.010534
2015-06-24,1.6314299
2015-06-25,1.2609388
2015-06-26,3.4462085
2015-06-27,1.6824464
2015-06-28,7.5138245
2015-06-29,1.9857295
2015-06-30,1.7035216
2015-07-01,2.314873
2015-07-02,5.4286532
2015-07-03,3.820813
2015-07-04,5.207409
2015-07-05,2.3573525
2015-07-06,2.931811
2015-07-07,5.1800594
2015-07-08,4.584479
2015-07-09,7.7356343
2015-07-10,5.719729
2015-07-11,8.448846
2015-07-12,6.144727
2015-07-13,5.4903965
2015-07-14,9.672019
2015-07-15,6.2914443
2015-07-16,9.568045
2015-07-17,12.355739
2015-07-18,11.019713
2015-07-19,10.770426
2015-07-20,12.046825
2015-07-21,56.36803
2015-07-22,30.136028
2015-07-23,21.255781
2015-07-24,24.479944
2015-07-25,15.713927
2015-07-26,12.8086815
2015-07-27,11.732396
2015-07-28,10.145725
2015-07-29,11.75526
2015-07-30,10.029721
2015-07-31,13.533225
2015-08-01,8.077489
2015-08-02,7.5081115
2015-08-03,12.175651
2015-08-04,8.098498
2015-08-05,13.923076
2015-08-06,7.708514
2015-08-07,8.274532
2015-08-08,8.63651
2015-08-09,40.73237
2015-08-10,11.033973
2015-08-11,7.703915
2015-08-12,9.004274
2015-08-13,8.574557
2015-08-14,8.065721
2015-08-15,14.156167
2015-08-16,9.950098
2015-08-17,12.873834
2015-08-18,8.146603
2015-08-19,7.7316785
2015-08-20,7.93647
2015-08-21,7.9683843
2015-08-22,6.7091937
2015-08-23,6.3348656
2015-08-24,8.23821
2015-08-25,5.8801126
2015-08-26,5.1978283
2015-08-27,4.9747305
2015-08-28,8.448569
2015-08-29,4.9106765
2015-08-30,4.4709854
2015-08-31,5.82846
2015-09-01,5.6844826
2015-09-02,4.170771
2015-09-03,5.1658645
2015-09-04,3.5904388
2015-09-05,3.3887627
2015-09-06,5.6999664
2015-09-07,8.544547
2015-09-08,3.9925508
2015-09-09,3.5579069
2015-09-10,3.692236
2015-09-11,6.2643933
2015-09-12,3.6986003
2015-09-13,3.3060696
2015-09-14,3.2681427
2015-09-15,3.1732004
2015-09-16,3.1024876
2015-09-17,4.27263
2015-09-18,3.09707
2015-09-19,3.621381
2015-09-20,2.8981476
2015-09-21,6.4810085
2015-09-22,3.0008442
2015-09-23,2.624189
2015-09-24,2.602906
2015-09-25,2.5371895
2015-09-26,2.5147617
2015-09-27,2.8510125
2015-09-28,2.3569303
2015-09-29,2.3475308
2015-09-30,2.2055192
2015-10-01,2.162906
2015-10-02,2.1099849
2015-10-03,2.2669053
2015-10-04,2.1065004
2015-10-05,1.9620582
2015-10-06,1.9608473
2015-10-07,1.9007967
2015-10-08,1.7767326
2015-10-09,3.9808838
2015-10-10,1.8934796
2015-10-11,2.2768345
2015-10-12,1.8692478
2015-10-13,2.2188568
2015-10-14,5.164782
2015-10-15,4.787715
2015-10-16,2.1901221
2015-10-17,1.5249064
2015-10-18,1.9986155
2015-10-19,1.560648
2015-10-20,1.5931852
2015-10-21,1.4682591
2015-10-22,1.4561421
2015-10-23,1.5296158
2015-10-24,1.6060092
2015-10-25,1.5595843
2015-10-26,3.1405249
2015-10-27,1.6501963
2015-10-28,1.4469837
2015-10-29,2.11798
2015-10-30,1.3818364
2015-10-31,1.4144765
2015-11-01,1.293595
2015-11-02,1.3184519
2015-11-03,1.3100787
2015-11-04,1.2672746
2015-11-05,1.5248914
2015-11-06,1.644059
2015-11-07,1.7405088
2015-11-08,2.6372395
2015-11-09,4.839205
2015-11-10,1.6315658
2015-11-11,1.9436892
2015-11-12,2.6064746
2015-11-13,1.749215
2015-11-14,2.019783
2015-11-15,3.2114727
2015-11-16,3.7106462
2015-11-17,4.6249027
2015-11-18,1.957388
2015-11-19,1.85615
2015-11-20,1.8591628
2015-11-21,1.7597647
2015-11-22,1.7339162
2015-11-23,2.0461056
2015-11-24,1.8227164
2015-11-25,1.6709937
2015-11-26,1.7089174
2015-11-27,1.6679195
2015-11-28,1.7700325
2015-11-29,1.6377823
2015-11-30,1.539998
2015-12-01,1.6949773
2015-12-02,1.4592495
2015-12-03,1.4703299
2015-12-04,5.3287935
2015-12-05,3.1079102
2015-12-06,1.5754476
2015-12-07,1.3351116
2015-12-08,1.3025917
2015-12-09,1.2763187
2015-12-10,1.2613194
2015-12-11,1.2291464
2015-12-12,1.2057054
2015-12-13,1.1786838
2015-12-14,1.1594344
2015-12-15,1.1380638
2015-12-16,1.159673
2015-12-17,1.124228
2015-12-18,1.2870233
2015-12-19,1.2761409
2015-12-20,1.0877994
2015-12-21,1.0024961
2015-12-22,0.98044086
2015-12-23,0.9564469
2015-12-24,0.93711144
2015-12-25,0.9078507
2015-12-26,0.8898029
2015-12-27,0.86898035
2015-12-28,0.848821
2015-12-29,0.8274005
2015-12-30,0.8177184
2015-12-31,0.81227905
2016-01-01,0.7706146
2016-01-02,0.7478557
2016-01-03,0.7295166
2016-01-04,0.7086309
2016-01-05,0.68965673
2016-01-06,0.67159075
2016-01-07,0.65179104
2016-01-08,0.63364667
2016-01-09,0.6166335
2016-01-10,0.59741515
2016-01-11,0.5775032
2016-01-12,0.5614443
2016-01-13,0.54010934
2016-01-14,0.5213908
2016-01-15,0.5048977
2016-01-16,0.48825893
2016-01-17,0.47006887
2016-01-18,0.45418683
2016-01-19,0.43560854
2016-01-20,0.42252895
2016-01-21,0.4081751
2016-01-22,0.39549458
2016-01-23,0.38491625
2016-01-24,0.37249422
2016-01-25,0.36235303
2016-01-26,0.35096392
2016-01-27,0.3350909
2016-01-28,0.3241826
2016-01-29,0.31801838
2016-01-30,0.30887857
2016-01-31,0.2987878
2016-02-01,0.2880899
2016-02-02,0.2812266
2016-02-03,0.27225527
2016-02-04,0.264332
2016-02-05,0.25590718
2016-02-06,0.24924842
2016-02-07,0.2429308
2016-02-08,0.23634358
2016-02-09,0.22941583
2016-02-10,0.22658016
2016-02-11,0.2295381
2016-02-12,0.2127891
2016-02-13,0.20555702
2016-02-14,0.20166196
2016-02-15,0.19393371
2016-02-16,0.19327302
2016-02-17,0.18971786
2016-02-18,0.18064071
2016-02-19,0.17480345
2016-02-20,0.17070492
2016-02-21,0.16215357
2016-02-22,0.15841755
2016-02-23,0.16030389
2016-02-24,0.15267646
2016-02-25,0.16052336
2016-02-26,0.14726575
2016-02-27,0.13970482
2016-02-28,0.13378645
2016-02-29,0.12679903
2016-03-01,0.1256227
2016-03-02,0.1242558
2016-03-03,0.117152825
2016-03-04,0.115043156
2016-03-05,0.11155682
2016-03-06,0.10818525
2016-03-07,0.10494372
2016-03-08,0.09963576
2016-03-09,0.094974935
2016-03-10,0.0930285
2016-03-11,0.09223449
2016-03-12,0.08877461
2016-03-13,0.08064803
2016-03-14,0.07790954
2016-03-15,0.07668862
2016-03-16,0.08787376
2016-03-17,0.14841464
2016-03-18,0.18950874
2016-03-19,0.1877719
2016-03-20,0.084621176
2016-03-21,0.092771545
2016-03-22,0.07271466
2016-03-23,0.07617468
2016-03-24,0.06453001
2016-03-25,0.06314201
2016-03-26,0.06279252
2016-03-27,0.061466854
2016-03-28,0.058385976
2016-03-29,0.061544333
2016-03-30,0.06565485
2016-03-31,0.11094171
2016-04-01,0.24326527
2016-04-02,1.4332803
2016-04-03,2.1113708
2016-04-04,0.73881346
2016-04-05,0.86421764
2016-04-06,2.879997
2016-04-07,1.2489196
2016-04-08,0.15169513
2016-04-09,5.182709
2016-04-10,3.803682
2016-04-11,0.5702166
2016-04-12,0.069234945
2016-04-13,0.05219945
2016-04-14,7.948048
2016-04-15,4.515468
2016-04-16,1.2327948
2016-04-17,0.22989736
2016-04-18,1.8298398
2016-04-19,0.31377253
2016-04-20,1.3959559
2016-04-21,6.525118
2016-04-22,1.2332588
2016-04-23,0.9574963
2016-04-24,0.22693892
2016-04-25,0.59105796
2016-04-26,0.16554564
2016-04-27,0.115587465
2016-04-28,1.1752999
2016-04-29,4.6069417
2016-04-30,1.6860876
2016-05-01,0.30493957
2016-05-02,0.18796115
2016-05-03,0.19311717
2016-05-04,0.353266
2016-05-05,3.1484303
2016-05-06,0.73104566
2016-05-07,0.59062624
2016-05-08,0.7093483
2016-05-09,0.9068345
2016-05-10,2.3472805
2016-05-11,4.8319883
2016-05-12,5.015131
2016-05-13,0.95891005
2016-05-14,6.1672597
2016-05-15,1.5789691
2016-05-16,2.0885394
2016-05-17,5.7312665
2016-05-18,4.0464296
2016-05-19,2.808805
2016-05-20,5.365858
2016-05-21,1.6212916
2016-05-22,1.6194873
2016-05-23,5.239664
2016-05-24,3.6936374
2016-05-25,6.489131
2016-05-26,3.815237
2016-05-27,5.283618
2016-05-28,8.998793
2016-05-29,6.7269316
2016-05-30,4.5397964
2016-05-31,4.3318076
2016-06-01,3.9766483
2016-06-02,4.1357856
2016-06-03,4.157028
2016-06-04,4.7902045
2016-06-05,4.0603123
2016-06-06,4.0002055
2016-06-07,4.2487335
2016-06-08,4.538951
2016-06-09,4.0374074
2016-06-10,14.069801
2016-06-11,10.063034
2016-06-12,9.797413
2016-06-13,6.8959613
2016-06-14,9.001062
2016-06-15,17.92203
2016-06-16,35.11298
2016-06-17,17.217377
2016-06-18,13.605236
2016-06-19,12.214973
2016-06-20,10.465505
2016-06-21,9.2204075
2016-06-22,8.583595
2016-06-23,8.169694
2016-06-24,7.2152762
2016-06-25,7.10121
2016-06-26,12.40102
2016-06-27,7.963758
2016-06-28,6.1443815
2016-06-29,8.7702465
2016-06-30,14.032887
2016-07-01,9.152752
2016-07-02,8.648224
2016-07-03,11.602455
2016-07-04,13.512214
2016-07-05,8.563596
2016-07-06,8.90756
2016-07-07,11.523343
2016-07-08,17.622679
2016-07-09,17.757875
2016-07-10,15.717186
2016-07-11,13.747861
2016-07-12,12.6159115
2016-07-13,10.244914
2016-07-14,11.653866
2016-07-15,10.576221
2016-07-16,9.650341
2016-07-17,15.377665
2016-07-18,9.321368
2016-07-19,8.062609
2016-07-20,9.410639
2016-07-21,11.381883
2016-07-22,7.9320498
2016-07-23,7.0698123
2016-07-24,6.709501
2016-07-25,7.8433957
2016-07-26,10.318209
2016-07-27,6.446145
2016-07-28,7.936909
2016-07-29,8.781894
2016-07-30,6.1513104
2016-07-31,5.6814365
2016-08-01,5.516146
2016-08-02,7.508395
2016-08-03,5.5178576
2016-08-04,5.885057
2016-08-05,5.2628202
2016-08-06,5.2504063
2016-08-07,4.7178454
2016-08-08,4.52228
2016-08-09,4.4025927
2016-08-10,7.345515
2016-08-11,5.4602265
2016-08-12,4.111907
2016-08-13,4.8694377
2016-08-14,6.684107
2016-08-15,3.8732426
2016-08-16,3.48293
2016-08-17,3.6462903
2016-08-18,3.3807967
2016-08-19,4.208047
2016-08-20,3.2183359
2016-08-21,2.9926107
2016-08-22,3.0740056
2016-08-23,8.658675
2016-08-24,3.445238
2016-08-25,2.8921006
2016-08-26,2.810767
2016-08-27,3.7031689
2016-08-28,2.772267
2016-08-29,2.5983064
2016-08-30,2.5642698
2016-08-31,3.7372496
2016-09-01,2.6089437
2016-09-02,2.5947769
2016-09-03,4.533254
2016-09-04,2.7416809
2016-09-05,5.99091
2016-09-06,4.2305837
2016-09-07,4.9048004
2016-09-08,4.7813225
2016-09-09,3.2942116
2016-09-10,3.2611659
2016-09-11,15.312423
2016-09-12,9.319042
2016-09-13,7.2955356
2016-09-14,8.200504
2016-09-15,11.424527
2016-09-16,10.344961
2016-09-17,8.75233
2016-09-18,9.107894
2016-09-19,7.899815
2016-09-20,10.274008
2016-09-21,10.362602
2016-09-22,10.802216
2016-09-23,8.809104
2016-09-24,8.346799
2016-09-25,7.8353477
2016-09-26,8.597378
2016-09-27,7.0036163
2016-09-28,6.257181
2016-09-29,5.839068
2016-09-30,5.472895
2016-10-01,5.1279736
2016-10-02,5.464171
2016-10-03,6.1105328
2016-10-04,4.9612613
2016-10-05,4.2444434
2016-10-06,4.02639
2016-10-07,3.9478676
2016-10-08,3.7782161
2016-10-09,3.640407
2016-10-10,5.698342
2016-10-11,3.7002692
2016-10-12,3.2774343
2016-10-13,3.0902922
2016-10-14,4.3255477
2016-10-15,8.480588
2016-10-16,4.047002
2016-10-17,2.793187
2016-10-18,2.6385367
2016-10-19,2.5851305
2016-10-20,2.4930296
2016-10-21,2.4228497
2016-10-22,2.34038
2016-10-23,2.2579105
2016-10-24,2.2253911
2016-10-25,2.142255
2016-10-26,2.1868334
2016-10-27,2.0411642
2016-10-28,2.080623
2016-10-29,3.8888893
2016-10-30,3.8321946
2016-10-31,1.9784446
2016-11-01,1.7518455
2016-11-02,1.7290977
2016-11-03,1.6593264
2016-11-04,1.6340878
2016-11-05,2.3306477
2016-11-06,1.6199952
2016-11-07,1.4858975
2016-11-08,1.440154
2016-11-09,2.3558073
2016-11-10,1.4713093
2016-11-11,2.345908
2016-11-12,1.5382352
2016-11-13,1.2999159
2016-11-14,1.270421
2016-11-15,1.2404398
2016-11-16,1.1957123
2016-11-17,1.1630106
2016-11-18,1.1646838
2016-11-19,1.4351785
2016-11-20,4.33761
2016-11-21,1.4459333
2016-11-22,1.10608
2016-11-23,1.12464
2016-11-24,1.0198649
2016-11-25,0.99471796
2016-11-26,1.0301687
2016-11-27,2.1757474
2016-11-28,1.2063537
2016-11-29,1.023344
2016-11-30,6.193995
2016-12-01,2.8134296
2016-12-02,2.1482475
2016-12-03,1.5596927
2016-12-04,1.6039283
2016-12-05,0.958494
2016-12-06,0.9004893
2016-12-07,0.9525898
2016-12-08,0.9566181
2016-12-09,0.9301779
2016-12-10,1.0692139
2016-12-11,1.0089599
2016-12-12,0.880075
2016-12-13,0.8585638
2016-12-14,0.8504063
2016-12-15,0.8367284
2016-12-16,0.8176311
2016-12-17,0.80661964
2016-12-18,0.800655
2016-12-19,0.7880511
2016-12-20,0.7724482
2016-12-21,0.7547359
2016-12-22,0.74217737
2016-12-23,0.7314344
2016-12-24,0.79962146
2016-12-25,0.9173905
2016-12-26,0.85422295
2016-12-27,0.7064985
2016-12-28,0.6824793
2016-12-29,0.6673221
2016-12-30,0.6719798
2016-12-31,0.7832975
2017-01-01,1.9683002
2017-01-02,0.76691103
2017-01-03,0.6165359
2017-01-04,0.60542834
2017-01-05,0.5981514
2017-01-06,0.59051514
2017-01-07,0.588573
2017-01-08,0.58725613
2017-01-09,0.6204212
2017-01-10,0.5555858
2017-01-11,0.53640705
2017-01-12,0.52448225
2017-01-13,0.5150609
2017-01-14,0.50399673
2017-01-15,0.49078938
2017-01-16,0.47883478
2017-01-17,0.46694112
2017-01-18,0.45419043
2017-01-19,0.4401708
2017-01-20,0.4300499
2017-01-21,0.41772255
2017-01-22,0.40622884
2017-01-23,0.39746103
2017-01-24,0.38978425
2017-01-25,0.37725163
2017-01-26,0.38714054
2017-01-27,0.3761102
2017-01-28,0.35098335
2017-01-29,0.3384398
2017-01-30,0.33026794
2017-01-31,0.33652425
2017-02-01,0.42924917
2017-02-02,0.32169348
2017-02-03,0.3026557
2017-02-04,0.29581207
2017-02-05,0.28673664
2017-02-06,0.27979583
2017-02-07,0.27108538
2017-02-08,0.26380008
2017-02-09,0.25502697
2017-02-10,0.24442635
2017-02-11,0.2400285
2017-02-12,0.23281372
2017-02-13,0.2250999
2017-02-14,0.21827258
2017-02-15,0.21414927
2017-02-16,0.20380323
2017-02-17,0.19864309
2017-02-18,0.193493
2017-02-19,0.18635061
2017-02-20,0.18244886
2017-02-21,0.17727646
2017-02-22,0.17174439
2017-02-23,0.17203377
2017-02-24,0.16349736
2017-02-25,0.1710938
2017-02-26,0.16347909
2017-02-27,0.15405756
2017-02-28,0.14660145
2017-03-01,0.14335807
2017-03-02,0.1377033
2017-03-03,0.13486722
2017-03-04,0.13221133
2017-03-05,0.13847342
2017-03-06,0.12510617
2017-03-07,0.124419145
2017-03-08,0.16322976
2017-03-09,0.1240446
2017-03-10,0.11224788
2017-03-11,0.11480076
2017-03-12,0.11545043
2017-03-13,1.932553
2017-03-14,0.2845592
2017-03-15,0.10352639
2017-03-16,0.099811405
2017-03-17,0.09916457
2017-03-18,0.095748946
2017-03-19,0.08987169
2017-03-20,0.09039379
2017-03-21,0.09374374
2017-03-22,0.09632646
2017-03-23,0.14876749
2017-03-24,0.12882996
2017-03-25,1.532211
2017-03-26,0.40427694
2017-03-27,1.495322
2017-03-28,0.9929784
2017-03-29,0.3679416
2017-03-30,3.080369
2017-03-31,2.291901
2017-04-01,0.33456218
2017-04-02,0.09183207
2017-04-03,0.08306393
2017-04-04,0.07824176
2017-04-05,0.073498376
2017-04-06,0.07212221
2017-04-07,0.07282555
2017-04-08,0.07333668
2017-04-09,0.06797715
2017-04-10,0.0667079
2017-04-11,0.0671103
2017-04-12,0.06585391
2017-04-13,0.1447102
2017-04-14,0.18443163
2017-04-15,0.2945911
2017-04-16,0.14497682
2017-04-17,0.12654024
2017-04-18,0.31159335
2017-04-19,2.4420362
2017-04-20,0.3733686
2017-04-21,4.927689
2017-04-22,0.5431636
2017-04-23,2.113472
2017-04-24,6.589093
2017-04-25,0.78641254
2017-04-26,0.20066702
2017-04-27,0.07502026
2017-04-28,0.10290462
2017-04-29,0.35135832
2017-04-30,2.2360609
2017-05-01,22.057335
2017-05-02,21.56882
2017-05-03,2.6578991
2017-05-04,2.1132987
2017-05-05,0.9863136
2017-05-06,9.460061
2017-05-07,6.842331
2017-05-08,8.482739
2017-05-09,5.4386396
2017-05-10,1.0475602
2017-05-11,1.2162732
2017-05-12,0.6885339
2017-05-13,0.6164919
2017-05-14,0.60912585
2017-05-15,0.5801992
2017-05-16,4.155488
2017-05-17,1.4516033
2017-05-18,1.1754557
2017-05-19,0.6727114
2017-05-20,1.9952672
2017-05-21,0.83574104
2017-05-22,1.0106852
2017-05-23,1.7958649
2017-05-24,5.833784
2017-05-25,3.793036
2017-05-26,1.1811454
2017-05-27,2.2601426
2017-05-28,6.1728973
2017-05-29,1.9982456
2017-05-30,3.2120893
2017-05-31,2.3330734
2017-06-01,4.0610466
2017-06-02,6.0667195
2017-06-03,2.3354895
2017-06-04,2.7189672
2017-06-05,5.314246
2017-06-06,2.787655
2017-06-07,2.5313032
2017-06-08,2.6852062
2017-06-09,6.6151066
2017-06-10,4.596038
2017-06-11,5.5132203
2017-06-12,10.417266
2017-06-13,16.455824
2017-06-14,18.757063
2017-06-15,14.651808
2017-06-16,49.449814
2017-06-17,16.738554
2017-06-18,18.46838
2017-06-19,14.172658
2017-06-20,16.142998
2017-06-21,13.484768
2017-06-22,13.770577
2017-06-23,9.996918
2017-06-24,9.042421
2017-06-25,8.530969
2017-06-26,8.601764
2017-06-27,8.023098
2017-06-28,7.20301
2017-06-29,6.677526
2017-06-30,8.094363
2017-07-01,6.538341
2017-07-02,5.793868
2017-07-03,5.9376016
2017-07-04,5.5914874
2017-07-05,6.7976956
2017-07-06,4.9418178
2017-07-07,4.63141
2017-07-08,4.4413986
2017-07-09,4.2251935
2017-07-10,4.854252
2017-07-11,4.6401625
2017-07-12,8.074408
2017-07-13,4.180897
2017-07-14,3.6678898
2017-07-15,3.5272512
2017-07-16,3.5751288
2017-07-17,4.238223
2017-07-18,3.3987417
2017-07-19,5.1053734
2017-07-20,4.5017233
2017-07-21,3.2970803
2017-07-22,3.2185872
2017-07-23,3.1284242
2017-07-24,3.1224437
2017-07-25,3.0341392
2017-07-26,3.0345697
2017-07-27,2.9061992
2017-07-28,2.8453014
2017-07-29,4.1999483
2017-07-30,3.0043628
2017-07-31,2.8447292
2017-08-01,2.9601567
2017-08-02,2.6522133
2017-08-03,2.5421236
2017-08-04,2.481325
2017-08-05,2.5913072
2017-08-06,3.1108294
2017-08-07,2.3993607
2017-08-08,2.41892
2017-08-09,2.3634455
2017-08-10,2.4441154
2017-08-11,2.379683
2017-08-12,2.156223
2017-08-13,2.0710223
2017-08-14,2.026698
2017-08-15,1.9620926
2017-08-16,1.9968694
2017-08-17,1.9285266
2017-08-18,1.8298888
2017-08-19,3.1092415
2017-08-20,2.557322
2017-08-21,5.221295
2017-08-22,4.1300044
2017-08-23,2.9558206
2017-08-24,1.7270714
2017-08-25,2.2629254
2017-08-26,1.6708024
2017-08-27,1.6012299
2017-08-28,2.77149
2017-08-29,1.7251348
2017-08-30,2.0380378
2017-08-31,2.4915612
2017-09-01,1.6836271
2017-09-02,1.5012143
2017-09-03,1.5870001
2017-09-04,2.6443331
2017-09-05,1.5484564
2017-09-06,2.0560505
2017-09-07,1.4624552
2017-09-08,1.915042
2017-09-09,5.365629
2017-09-10,1.7877038
2017-09-11,1.7771255
2017-09-12,1.3837515
2017-09-13,2.3393593
2017-09-14,1.5530392
2017-09-15,2.3996015
2017-09-16,1.3830366
2017-09-17,1.6404277
2017-09-18,2.0469887
2017-09-19,1.3250822
2017-09-20,1.2477818
2017-09-21,1.311052
2017-09-22,5.4713783
2017-09-23,3.5300543
2017-09-24,1.4852993
2017-09-25,3.881932
2017-09-26,1.4888464
2017-09-27,1.87043
2017-09-28,2.03587
2017-09-29,1.8457512
2017-09-30,5.2554736
2017-10-01,2.114215
2017-10-02,1.7323447
2017-10-03,1.8637458
2017-10-04,1.9412676
2017-10-05,2.7588763
2017-10-06,1.9242204
2017-10-07,1.8681836
2017-10-08,2.194486
2017-10-09,1.8113465
2017-10-10,1.8580645
2017-10-11,1.767605
2017-10-12,1.9315505
2017-10-13,1.7792372
2017-10-14,1.8414934
2017-10-15,2.0920308
2017-10-16,2.3119495
2017-10-17,1.7536111
2017-10-18,1.6197113
2017-10-19,1.8085936
2017-10-20,5.431219
2017-10-21,1.9360538
2017-10-22,7.160059
2017-10-23,2.098454
2017-10-24,1.5110915
2017-10-25,1.783187
2017-10-26,1.6455485
2017-10-27,1.6328521
2017-10-28,1.6314577
2017-10-29,3.8174853
2017-10-30,3.4550567
2017-10-31,1.7506131
2017-11-01,3.1183345
2017-11-02,2.032863
2017-11-03,1.5345843
2017-11-04,1.6907341
2017-11-05,1.6678535
2017-11-06,1.6168537
2017-11-07,1.7010021
2017-11-08,1.5348245
2017-11-09,1.4734422
2017-11-10,1.4386145
2017-11-11,1.4184625
2017-11-12,1.3938812
2017-11-13,1.4101905
2017-11-14,1.371069
2017-11-15,2.483703
2017-11-16,1.4821094
2017-11-17,1.3127255
2017-11-18,1.343083
2017-11-19,1.2771156
2017-11-20,1.2387924
2017-11-21,1.2133927
2017-11-22,1.1915454
2017-11-23,1.1675732
2017-11-24,1.1823088
2017-11-25,1.2392039
2017-11-26,1.4005519
2017-11-27,1.1147552
2017-11-28,1.0541881
2017-11-29,1.0421194
2017-11-30,1.0097767
2017-12-01,1.002474
2017-12-02,0.97008514
2017-12-03,0.9399936
2017-12-04,0.9194547
2017-12-05,0.95971924
2017-12-06,0.87828684
2017-12-07,0.8566843
2017-12-08,0.8426096
2017-12-09,0.80340546
2017-12-10,0.77908367
2017-12-11,0.7568998
2017-12-12,0.72880906
2017-12-13,0.7051182
2017-12-14,0.6813053
2017-12-15,0.6628641
2017-12-16,0.6387797
2017-12-17,0.619038
2017-12-18,0.5965804
2017-12-19,0.57522714
2017-12-20,0.55526817
2017-12-21,0.5386032
2017-12-22,0.5200314
2017-12-23,0.50172186
2017-12-24,0.48448992
2017-12-25,0.46947986
2017-12-26,0.45269915
2017-12-27,0.43698204
2017-12-28,0.4235815
2017-12-29,0.42635986
2017-12-30,0.4288532
2017-12-31,0.45703384
2018-01-01,0.4690566
2018-01-02,0.51483697
2018-01-03,1.7500472
2018-01-04,0.52925533
2018-01-05,0.35559526
2018-01-06,0.34458143
2018-01-07,0.33641803
2018-01-08,0.3255524
2018-01-09,0.3178677
2018-01-10,0.3083689
2018-01-11,0.29944843
2018-01-12,0.2921909
2018-01-13,0.28659958
2018-01-14,0.27768236
2018-01-15,0.2783173
2018-01-16,0.2601924
2018-01-17,0.2604931
2018-01-18,0.36013153
2018-01-19,0.38580787
2018-01-20,0.2629592
2018-01-21,0.26919863
2018-01-22,0.23270349
2018-01-23,0.22234273
2018-01-24,0.21646424
2018-01-25,0.20836365
2018-01-26,0.20074275
2018-01-27,0.19564757
2018-01-28,0.19189833
2018-01-29,0.18687668
2018-01-30,0.1811596
2018-01-31,0.17452857
2018-02-01,0.16801247
2018-02-02,0.16054125
2018-02-03,0.15772307
2018-02-04,0.1519596
2018-02-05,0.14660436
2018-02-06,0.14257903
2018-02-07,0.13872662
2018-02-08,0.13335048
2018-02-09,0.12836416
2018-02-10,0.12700495
2018-02-11,0.124303795
2018-02-12,0.11605207
2018-02-13,0.11268577
2018-02-14,0.10847029
2018-02-15,0.105514266
2018-02-16,0.103078455
2018-02-17,0.10254608
2018-02-18,0.098290704
2018-02-19,0.09537903
2018-02-20,0.09307844
2018-02-21,0.09082106
2018-02-22,0.08745609
2018-02-23,0.08118198
2018-02-24,0.08029609
2018-02-25,0.076524325
2018-02-26,0.072514154
2018-02-27,0.075279474
2018-02-28,0.06893649
2018-03-01,0.06556672
2018-03-02,0.064957835
2018-03-03,0.06373712
2018-03-04,0.063503005
2018-03-05,0.06443434
2018-03-06,0.25469133
2018-03-07,0.37646535
2018-03-08,0.13276769
2018-03-09,0.23833117
2018-03-10,0.07919861
2018-03-11,0.056835666
2018-03-12,0.051462162
2018-03-13,0.0535448
2018-03-14,0.049480382
2018-03-15,0.051488407
2018-03-16,0.049395677
2018-03-17,0.049110584
2018-03-18,0.042054307
2018-03-19,0.043209877
2018-03-20,0.043493964
2018-03-21,0.041804764
2018-03-22,0.04074724
2018-03-23,0.0670976
2018-03-24,0.06634074
2018-03-25,0.03524527
2018-03-26,0.032576256
2018-03-27,0.032930102
2018-03-28,0.04036447
2018-03-29,0.092783235
2018-03-30,0.16092241
2018-03-31,0.085276246
2018-04-01,0.04136596
2018-04-02,0.03289295
2018-04-03,0.0337783
2018-04-04,0.032599293
2018-04-05,0.47977334
2018-04-06,0.4039396
2018-04-07,0.20004651
2018-04-08,0.12205369
2018-04-09,0.08569326
2018-04-10,0.053796086
2018-04-11,0.22368744
2018-04-12,0.13683979
2018-04-13,0.046072323
2018-04-14,0.09359385
2018-04-15,0.2034902
2018-04-16,0.59903556
2018-04-17,0.50209045
2018-04-18,10.242076
2018-04-19,5.7961254
2018-04-20,2.3065171
2018-04-21,0.9794868
2018-04-22,0.103523165
2018-04-23,2.5175345
2018-04-24,0.28435826
2018-04-25,0.065829776
2018-04-26,2.5906432
2018-04-27,2.2245767
2018-04-28,2.1596968
2018-04-29,1.1126791
2018-04-30,0.79054505
2018-05-01,3.1181974
2018-05-02,1.3016064
2018-05-03,1.3009255
2018-05-04,1.8607113
2018-05-05,1.1668954
2018-05-06,1.0693467
2018-05-07,0.5614115
2018-05-08,2.4143362
2018-05-09,7.1887813
2018-05-10,6.169408
2018-05-11,3.4165103
2018-05-12,2.3738248
2018-05-13,2.0829043
2018-05-14,1.444644
2018-05-15,0.5917551
2018-05-16,0.95553046
2018-05-17,0.487145
2018-05-18,0.48593318
2018-05-19,0.8371204
2018-05-20,1.1686187
2018-05-21,2.0558739
2018-05-22,4.1179485
2018-05-23,1.6587408
2018-05-24,2.543265
2018-05-25,5.3462477
2018-05-26,1.514231
2018-05-27,1.2507397
2018-05-28,1.2505957
2018-05-29,5.776161
2018-05-30,5.574034
2018-05-31,6.1634398
2018-06-01,1.6721482
2018-06-02,1.8375884
2018-06-03,4.507635
2018-06-04,4.9770727
2018-06-05,2.2235856
2018-06-06,2.164576
2018-06-07,2.021971
2018-06-08,2.4929411
2018-06-09,4.6279526
2018-06-10,10.169861
2018-06-11,6.6588607
2018-06-12,7.845817
2018-06-13,6.4568114
2018-06-14,8.782268
2018-06-15,11.976586
2018-06-16,9.104452
2018-06-17,7.92574
2018-06-18,8.268192
2018-06-19,7.623021
2018-06-20,7.053233
2018-06-21,6.7825994
2018-06-22,6.2783594
2018-06-23,5.866696
2018-06-24,5.5982146
2018-06-25,8.801765
2018-06-26,5.525631
2018-06-27,4.8952875
2018-06-28,6.79006
2018-06-29,13.004915
2018-06-30,8.016927
2018-07-01,6.503813
2018-07-02,6.0558195
2018-07-03,6.9320216
2018-07-04,6.2369876
2018-07-05,8.40103
2018-07-06,8.557242
2018-07-07,6.96035
2018-07-08,7.6850395
2018-07-09,7.0775685
2018-07-10,6.5774302
2018-07-11,6.794385
2018-07-12,8.678486
2018-07-13,6.626943
2018-07-14,9.565658
2018-07-15,7.5369196
2018-07-16,6.4829693
2018-07-17,9.457719
2018-07-18,7.6604753
2018-07-19,7.360574
2018-07-20,6.6200323
2018-07-21,8.019134
2018-07-22,13.704094
2018-07-23,9.109572
2018-07-24,10.449076
2018-07-25,25.564648
2018-07-26,17.161337
2018-07-27,14.467406
2018-07-28,12.508759
2018-07-29,10.8752775
2018-07-30,10.232872
2018-07-31,9.748727
2018-08-01,11.203417
2018-08-02,9.546499
2018-08-03,6.8750873
2018-08-04,6.2903924
2018-08-05,6.257111
2018-08-06,7.0403867
2018-08-07,5.420264
2018-08-08,5.644341
2018-08-09,11.139739
2018-08-10,5.701191
2018-08-11,4.882815
2018-08-12,4.639813
2018-08-13,6.02693
2018-08-14,4.5677347
2018-08-15,5.5929337
2018-08-16,4.100147
2018-08-17,3.7532303
2018-08-18,5.261057
2018-08-19,3.662893
2018-08-20,3.378363
2018-08-21,3.5362134
2018-08-22,3.8363314
2018-08-23,3.9384754
2018-08-24,3.0615544
2018-08-25,2.888704
2018-08-26,3.0374887
2018-08-27,3.0075176
2018-08-28,2.798351
2018-08-29,2.6831498
2018-08-30,2.6425245
2018-08-31,2.7272701
2018-09-01,2.47411
2018-09-02,2.3727868
2018-09-03,3.5321193
2018-09-04,2.4424827
2018-09-05,2.899697
2018-09-06,3.6935883
2018-09-07,2.578936
2018-09-08,2.2105873
2018-09-09,2.1845913
2018-09-10,2.0139909
2018-09-11,1.962136
2018-09-12,1.9688638
2018-09-13,1.9271778
2018-09-14,1.9600122
2018-09-15,1.9011986
2018-09-16,3.527408
2018-09-17,1.906699
2018-09-18,3.1873472
2018-09-19,3.7807195
2018-09-20,2.2038207
2018-09-21,1.632049
2018-09-22,1.5857902
2018-09-23,2.2430663
2018-09-24,1.5929141
2018-09-25,2.2225227
2018-09-26,2.1422873
2018-09-27,1.8609545
2018-09-28,1.7193764
2018-09-29,1.7363169
2018-09-30,1.5053277
2018-10-01,1.4292835
2018-10-02,1.5672153
2018-10-03,1.792587
2018-10-04,1.3597913
2018-10-05,1.8108155
2018-10-06,5.201881
2018-10-07,8.398425
2018-10-08,2.5397213
2018-10-09,3.366896
2018-10-10,1.8696048
2018-10-11,1.6553504
2018-10-12,1.6673238
2018-10-13,1.7245189
2018-10-14,3.9901524
2018-10-15,2.272213
2018-10-16,6.2750425
2018-10-17,2.2795591
2018-10-18,1.8609711
2018-10-19,1.933491
2018-10-20,2.2986674
2018-10-21,2.8083682
2018-10-22,3.2162426
2018-10-23,3.8611698
2018-10-24,4.4789815
2018-10-25,2.6675377
2018-10-26,4.4074225
2018-10-27,4.253135
2018-10-28,4.511851
2018-10-29,4.3079715
2018-10-30,4.1486235
2018-10-31,4.033805
2018-11-01,3.9194856
2018-11-02,3.8229454
2018-11-03,3.8982806
2018-11-04,3.5682373
2018-11-05,3.4165864
2018-11-06,3.2658675
2018-11-07,3.1382413
2018-11-08,4.4142137
2018-11-09,3.2990844
2018-11-10,3.2703962
2018-11-11,2.9207573
2018-11-12,2.6985552
2018-11-13,2.60094
2018-11-14,2.5228612
2018-11-15,2.4593961
2018-11-16,2.4112015
2018-11-17,5.4412723
2018-11-18,5.389735
2018-11-19,3.0424528
2018-11-20,2.449788
2018-11-21,2.2224374
2018-11-22,2.1596103
2018-11-23,2.0063717
2018-11-24,1.9256269
2018-11-25,1.8631185
2018-11-26,1.8111097
2018-11-27,1.7747662
2018-11-28,1.7093061
2018-11-29,1.7196316
2018-11-30,1.6718496
2018-12-01,1.567853
2018-12-02,1.5116185
2018-12-03,1.463936
2018-12-04,1.4164671
2018-12-05,1.3664161
2018-12-06,1.3175771
2018-12-07,1.2729738
2018-12-08,1.2303562
2018-12-09,1.1884518
2018-12-10,1.1511428
2018-12-11,1.1139497
2018-12-12,1.0745785
2018-12-13,1.0412252
2018-12-14,1.0281663
2018-12-15,0.9748167
2018-12-16,0.94216603
2018-12-17,0.91040856
2018-12-18,0.8819365
2018-12-19,0.849823
2018-12-20,0.82199377
2018-12-21,0.79834986
2018-12-22,0.7712723
2018-12-23,0.7436504
2018-12-24,0.717315
2018-12-25,0.69568115
2018-12-26,0.66772735
2018-12-27,0.6453957
2018-12-28,0.6247105
2018-12-29,0.6017263
2018-12-30,0.58036786
2018-12-31,0.56117463
2019-01-01,0.5409589
2019-01-02,0.5101092
2019-01-03,0.49226588
2019-01-04,0.48002493
2019-01-05,0.46179312
2019-01-06,0.44833022
2019-01-07,0.43331134
2019-01-08,0.42154497
2019-01-09,0.41027835
2019-01-10,0.39572582
2019-01-11,0.3818256
2019-01-12,0.37071493
2019-01-13,0.3621095
2019-01-14,0.34756222
2019-01-15,0.33482686
2019-01-16,0.32164112
2019-01-17,0.31498948
2019-01-18,0.30692342
2019-01-19,0.29584113
2019-01-20,0.285332
2019-01-21,0.27760133
2019-01-22,0.26726612
2019-01-23,0.255826
2019-01-24,0.25009063
2019-01-25,0.24283497
2019-01-26,0.2345105
2019-01-27,0.22746867
2019-01-28,0.21981944
2019-01-29,0.21422924
2019-01-30,0.20770973
2019-01-31,0.1996872
2019-02-01,0.1967468
2019-02-02,0.1880047
2019-02-03,0.18430501
2019-02-04,0.1763005
2019-02-05,0.17446858
2019-02-06,0.17211401
2019-02-07,0.16532749
2019-02-08,0.15650332
2019-02-09,0.1544917
2019-02-10,0.15086427
2019-02-11,0.1442712
2019-02-12,0.13945925
2019-02-13,0.13470341
2019-02-14,0.13050804
2019-02-15,0.12473972
2019-02-16,0.12428395
2019-02-17,0.12827048
2019-02-18,0.11639148
2019-02-19,0.113501735
2019-02-20,0.11193798
2019-02-21,0.108580075
2019-02-22,0.106729895
2019-02-23,0.1015496
2019-02-24,0.09489839
2019-02-25,0.093621396
2019-02-26,0.0928858
2019-02-27,0.08928536
2019-02-28,0.08654472
2019-03-01,0.0819344
2019-03-02,0.07994867
2019-03-03,0.07792066
2019-03-04,0.074923374
2019-03-05,0.0767269
2019-03-06,0.07144292
2019-03-07,0.06675608
2019-03-08,0.063698605
2019-03-09,0.06439007
2019-03-10,0.13340978
2019-03-11,0.06907667
2019-03-12,0.06165903
2019-03-13,0.060444225
2019-03-14,0.061696272
2019-03-15,0.062246047
2019-03-16,0.055374093
2019-03-17,0.05260761
2019-03-18,0.050041858
2019-03-19,0.048520744
2019-03-20,0.047158442
2019-03-21,0.044990767
2019-03-22,0.044670135
2019-03-23,0.044870283
2019-03-24,0.04406709
2019-03-25,0.045303565
2019-03-26,0.038441718
2019-03-27,0.03746138
2019-03-28,0.034502532
2019-03-29,0.17964491
2019-03-30,0.25836697
2019-03-31,0.3697432
2019-04-01,1.3170019
2019-04-02,0.15381669
2019-04-03,0.0320652
2019-04-04,0.031405255
2019-04-05,0.031208975
2019-04-06,0.031186411
2019-04-07,0.031025833
2019-04-08,0.031591926
2019-04-09,0.032919865
2019-04-10,0.040629286
2019-04-11,0.042782463
2019-04-12,0.04232457
2019-04-13,0.032542672
2019-04-14,0.062333602
2019-04-15,0.037991025
2019-04-16,0.03177542
2019-04-17,0.057373352
2019-04-18,0.15773875
2019-04-19,0.09458068
2019-04-20,0.041829366
2019-04-21,1.1208925
2019-04-22,0.3381969
2019-04-23,0.09488787
2019-04-24,0.22705169
2019-04-25,0.13239805
2019-04-26,2.2884328
2019-04-27,2.823718
2019-04-28,0.8012165
2019-04-29,0.13303545
2019-04-30,0.0419505
2019-05-01,0.024835333
2019-05-02,0.024603464
2019-05-03,0.043035302
2019-05-04,0.056689277
2019-05-05,0.04341067
2019-05-06,0.044707883
2019-05-07,0.18326348
2019-05-08,0.27204877
2019-05-09,0.38561583
2019-05-10,0.16193259
2019-05-11,1.2011799
2019-05-12,8.637356
2019-05-13,4.1145244
2019-05-14,1.2338414
2019-05-15,2.0135565
2019-05-16,0.23887879
2019-05-17,0.0636831
2019-05-18,0.06430368
2019-05-19,1.8249233
2019-05-20,0.33444148
2019-05-21,2.0239828
2019-05-22,0.25931817
2019-05-23,3.250835
2019-05-24,0.37509418
2019-05-25,6.697701
2019-05-26,1.1734524
2019-05-27,4.915363
2019-05-28,0.72044677
2019-05-29,0.33977413
2019-05-30,9.319884
2019-05-31,2.4069257
2019-06-01,5.106161
2019-06-02,3.3429658
2019-06-03,2.055826
2019-06-04,4.092011
2019-06-05,0.7157491
2019-06-06,0.92868036
2019-06-07,0.96380186
2019-06-08,1.0871071
2019-06-09,2.6170692
2019-06-10,8.696294
2019-06-11,4.7834296
2019-06-12,1.1397465
2019-06-13,0.8034265
2019-06-14,5.250866
2019-06-15,1.4743319
2019-06-16,1.0633425
2019-06-17,1.4763037
2019-06-18,2.2736933
2019-06-19,9.842862
2019-06-20,6.092978
2019-06-21,14.960813
2019-06-22,13.677174
2019-06-23,4.0844035
2019-06-24,4.5990386
2019-06-25,7.887464
2019-06-26,5.0546
2019-06-27,5.000272
2019-06-28,4.9239106
2019-06-29,7.9690447
2019-06-30,5.3269706
2019-07-01,7.5227394
2019-07-02,14.694024
2019-07-03,7.3480573
2019-07-04,6.651031
2019-07-05,8.275139
2019-07-06,6.627963
2019-07-07,6.324609
2019-07-08,6.221064
2019-07-09,5.9425206
2019-07-10,5.861496
2019-07-11,6.088205
2019-07-12,5.232117
2019-07-13,5.484433
2019-07-14,5.081699
2019-07-15,4.706413
2019-07-16,4.711382
2019-07-17,5.171779
2019-07-18,4.335072
2019-07-19,5.089635
2019-07-20,6.268688
2019-07-21,4.547731
2019-07-22,9.430374
2019-07-23,5.1355224
2019-07-24,4.91077
2019-07-25,5.883028
2019-07-26,8.931209
2019-07-27,7.188571
2019-07-28,5.130973
2019-07-29,4.919249
2019-07-30,4.830712
2019-07-31,4.94543
2019-08-01,4.6290574
2019-08-02,4.4791527
2019-08-03,4.4598904
2019-08-04,4.438954
2019-08-05,4.3441057
2019-08-06,3.9376647
2019-08-07,3.7661593
2019-08-08,3.8266037
2019-08-09,3.4857082
2019-08-10,3.443013
2019-08-11,5.9209437
2019-08-12,3.3415968
2019-08-13,3.0747101
2019-08-14,3.077129
2019-08-15,2.7892978
2019-08-16,2.6835558
2019-08-17,3.04541
2019-08-18,2.5476692
2019-08-19,2.4227204
2019-08-20,2.3640828
2019-08-21,2.2769058
2019-08-22,2.1816256
2019-08-23,2.3661778
2019-08-24,2.1953578
2019-08-25,2.2139788
2019-08-26,1.9639258
2019-08-27,2.8546875
2019-08-28,2.4496758
2019-08-29,1.818464
2019-08-30,1.7141451
2019-08-31,1.6836767
2019-09-01,1.633378
2019-09-02,1.5888121
2019-09-03,1.5208511
2019-09-04,1.5242496
2019-09-05,1.5426304
2019-09-06,1.4469973
2019-09-07,1.3518635
2019-09-08,1.306692
2019-09-09,1.262105
2019-09-10,1.2211962
2019-09-11,1.1906266
2019-09-12,1.1729499
2019-09-13,1.1743783
2019-09-14,1.0852557
2019-09-15,1.0503798
2019-09-16,1.01511
2019-09-17,0.9877497
2019-09-18,0.95197207
2019-09-19,1.0152656
2019-09-20,1.1932709
2019-09-21,0.92456937
2019-09-22,0.86093205
2019-09-23,0.84491843
2019-09-24,0.90028405
2019-09-25,0.84959525
2019-09-26,1.1332076
2019-09-27,0.7901249
2019-09-28,0.73411316
2019-09-29,0.7760048
2019-09-30,0.8032617
2019-10-01,0.7402848
2019-10-02,0.66993093
2019-10-03,1.1692549
2019-10-04,0.6873292
2019-10-05,0.63895214
2019-10-06,0.64326286
2019-10-07,0.6054751
2019-10-08,0.6866978
2019-10-09,0.7283498
2019-10-10,0.58527297
2019-10-11,0.89622766
2019-10-12,0.6844989
2019-10-13,0.5472799
2019-10-14,0.5137976
2019-10-15,0.73431975
2019-10-16,1.0850512
2019-10-17,0.7369883
2019-10-18,1.3581437
2019-10-19,3.7848425
2019-10-20,1.0132381
2019-10-21,0.5739034
2019-10-22,0.45521918
2019-10-23,0.4795732
2019-10-24,2.2249498
2019-10-25,0.7585977
2019-10-26,0.53723806
2019-10-27,0.44589385
2019-10-28,0.51065004
2019-10-29,0.41530734
2019-10-30,0.42166895
2019-10-31,0.5318118
2019-11-01,1.0960124
2019-11-02,0.82666796
2019-11-03,1.459403
2019-11-04,0.52197903
2019-11-05,0.43694398
2019-11-06,0.4679363
2019-11-07,0.50298685
2019-11-08,0.4803578
2019-11-09,0.5652824
2019-11-10,0.79601324
2019-11-11,0.46211338
2019-11-12,0.739053
2019-11-13,0.47363165
2019-11-14,0.3822569
2019-11-15,0.36250976
2019-11-16,0.3618139
2019-11-17,0.35301447
2019-11-18,0.36006072
2019-11-19,0.34882757
2019-11-20,0.36402228
2019-11-21,0.48200098
2019-11-22,0.6158078
2019-11-23,0.4175748
2019-11-24,0.35042623
2019-11-25,0.408427
2019-11-26,0.35024005
2019-11-27,0.36828205
2019-11-28,0.3182585
2019-11-29,0.30757648
2019-11-30,0.30384067
2019-12-01,0.30223253
2019-12-02,0.31469214
2019-12-03,0.2963279
2019-12-04,0.28748915
2019-12-05,0.2796222
2019-12-06,0.27157345
2019-12-07,0.270888
2019-12-08,0.27057466
2019-12-09,0.25586998
2019-12-10,0.25555232
2019-12-11,0.2471793
2019-12-12,0.23899473
2019-12-13,0.23407784
2019-12-14,0.22992906
2019-12-15,0.24543904
2019-12-16,0.32850927
2019-12-17,0.24239032
2019-12-18,0.21463886
2019-12-19,0.23219498
2019-12-20,0.29560015
2019-12-21,0.39467835
2019-12-22,0.21748175
2019-12-23,0.19804761
2019-12-24,0.23034273
2019-12-25,0.19232704
2019-12-26,0.24528323
2019-12-27,0.20310093
2019-12-28,0.18780117
2019-12-29,0.17828296
2019-12-30,0.17074203
2019-12-31,0.16512129
2020-01-01,0.16113897
2020-01-02,0.15337485
2020-01-03,0.14975843
2020-01-04,0.14606403
2020-01-05,0.14332832
2020-01-06,0.13819458
2020-01-07,0.13508667
2020-01-08,0.1318681
2020-01-09,0.12744981
2020-01-10,0.12295497
2020-01-11,0.12229129
2020-01-12,0.11387403
2020-01-13,0.11207455
2020-01-14,0.112669684
2020-01-15,0.106096774
2020-01-16,0.12020327
2020-01-17,0.11181965
2020-01-18,0.10970413
2020-01-19,0.10492604
2020-01-20,0.09873577
2020-01-21,0.09601407
2020-01-22,0.09003617
2020-01-23,0.08615779
2020-01-24,0.08571032
2020-01-25,0.08220303
2020-01-26,0.07825767
2020-01-27,0.0762999
2020-01-28,0.07060967
2020-01-29,0.06980648
2020-01-30,0.0688866
2020-01-31,0.068443954
2020-02-01,0.06998782
2020-02-02,0.067696415
2020-02-03,0.06597378
2020-02-04,0.06271824
2020-02-05,0.05716141
2020-02-06,0.05514981
2020-02-07,0.055580217
2020-02-08,0.052070223
2020-02-09,0.051469285
2020-02-10,0.04842209
2020-02-11,0.046948843
2020-02-12,0.052814715
2020-02-13,0.04844961
2020-02-14,0.048468247
2020-02-15,0.046622466
2020-02-16,0.04358733
2020-02-17,0.037622202
2020-02-18,0.038803726
2020-02-19,0.040665824
2020-02-20,0.040296152
2020-02-21,0.03737785
2020-02-22,0.03923638
2020-02-23,0.037064876
2020-02-24,0.03500488
2020-02-25,0.03419497
2020-02-26,0.03305675
2020-02-27,0.033764664
2020-02-28,0.033623032
2020-02-29,0.03334639
2020-03-01,0.031988505
2020-03-02,0.027545858
2020-03-03,0.03279088
2020-03-04,0.032485757
2020-03-05,0.031495303
2020-03-06,0.02604862
2020-03-07,0.020574564
2020-03-08,0.025795583
2020-03-09,0.023187222
2020-03-10,0.022176452
2020-03-11,0.019904051
2020-03-12,0.024756435
2020-03-13,0.023687448
2020-03-14,0.039749075
2020-03-15,0.019156704
2020-03-16,0.021215523
2020-03-17,0.018816276
2020-03-18,0.018554045
2020-03-19,0.023573255
2020-03-20,0.019026062
2020-03-21,0.019669425
2020-03-22,0.01674953
2020-03-23,0.01613527
2020-03-24,0.015806751
2020-03-25,0.016330764
2020-03-26,0.012444667
2020-03-27,0.014670651
2020-03-28,0.014382741
2020-03-29,0.012961157
2020-03-30,0.011938023
2020-03-31,0.02157321
2020-04-01,0.018712496
2020-04-02,0.032015435
2020-04-03,0.027042154
2020-04-04,0.015031933
2020-04-05,0.13960433
2020-04-06,0.103318945
2020-04-07,0.11558226
2020-04-08,0.066181846
2020-04-09,0.03436261
2020-04-10,0.054030705
2020-04-11,0.037549127
2020-04-12,0.014209389
2020-04-13,0.010375797
2020-04-14,0.010472277
2020-04-15,0.0093819145
2020-04-16,0.012065473
2020-04-17,0.0128853945
2020-04-18,0.020551436
2020-04-19,0.028565833
2020-04-20,0.059862416
2020-04-21,0.05146226
2020-04-22,0.09567201
2020-04-23,0.03728077
2020-04-24,0.010808433
2020-04-25,0.0064215404
2020-04-26,0.0059449202
2020-04-27,0.0025316726
2020-04-28,0.006644338
2020-04-29,0.018199531
2020-04-30,0.03048922
2020-05-01,0.034013722
2020-05-02,0.02601039
2020-05-03,0.035758905
2020-05-04,0.05492008
2020-05-05,0.2990703
2020-05-06,0.23726444
2020-05-07,0.09780949
2020-05-08,1.3864309
2020-05-09,0.14435728
2020-05-10,0.009296663
2020-05-11,0.0077621364
2020-05-12,0.0041872724
2020-05-13,4.4668984
2020-05-14,0.5060585
2020-05-15,0.11464247
2020-05-16,0.7155414
2020-05-17,0.108478054
2020-05-18,3.1627371
2020-05-19,0.3050352
2020-05-20,0.003199973
2020-05-21,0.024584694
2020-05-22,0.44780773
2020-05-23,0.1164727
2020-05-24,0.022571603
2020-05-25,0.13702418
2020-05-26,0.88159704
2020-05-27,0.272071
2020-05-28,0.08395225
2020-05-29,0.012566313
2020-05-30,0.39379513
2020-05-31,0.52809745
2020-06-01,0.116953336
2020-06-02,0.034256693
2020-06-03,0.012643281
2020-06-04,0.11845077
2020-06-05,0.2886837
2020-06-06,1.6718057
2020-06-07,4.5953403
2020-06-08,0.8944969
2020-06-09,0.13727838
2020-06-10,0.04303235
2020-06-11,3.1005392
2020-06-12,0.34193122
2020-06-13,0.06564605
2020-06-14,0.026722485
2020-06-15,0.14066164
2020-06-16,0.066313155
2020-06-17,0.1342893
2020-06-18,0.7347369
2020-06-19,1.8825384
2020-06-20,3.820093
2020-06-21,10.035239
2020-06-22,1.9105104
2020-06-23,2.4729457
2020-06-24,0.2405856
2020-06-25,0.18966764
2020-06-26,0.8875752
2020-06-27,6.150612
2020-06-28,12.316245
2020-06-29,1.1740195
2020-06-30,0.10673863
2020-07-01,2.2802405
2020-07-02,1.1271914
2020-07-03,8.805862
2020-07-04,4.8210573
2020-07-05,1.3509201
2020-07-06,0.48199773
2020-07-07,0.31673855
2020-07-08,0.33353654
2020-07-09,1.6906679
2020-07-10,1.639102
2020-07-11,28.92849
2020-07-12,13.711727
2020-07-13,1.9653933
2020-07-14,1.0494431
2020-07-15,2.3506298
2020-07-16,0.8182182
2020-07-17,1.3306364
2020-07-18,0.81277996
2020-07-19,0.5800354
2020-07-20,0.65969294
2020-07-21,0.8233961
2020-07-22,6.164377
2020-07-23,7.1645546
2020-07-24,2.0052435
2020-07-25,0.93212193
2020-07-26,0.98629427
2020-07-27,0.8166698
2020-07-28,0.82464176
2020-07-29,0.89383554
2020-07-30,1.6939809
2020-07-31,0.9448184
2020-08-01,0.8905499
2020-08-02,0.85853416
2020-08-03,1.4279557
2020-08-04,0.9499377
2020-08-05,3.6002514
2020-08-06,1.1113195
2020-08-07,1.0561765
2020-08-08,0.881291
2020-08-09,0.82108265
2020-08-10,0.82332015
2020-08-11,0.7842588
2020-08-12,0.8848152
2020-08-13,4.929874
2020-08-14,1.6800917
2020-08-15,0.98807746
2020-08-16,5.632416
2020-08-17,5.2384934
2020-08-18,3.7172306
2020-08-19,4.649328
2020-08-20,2.1599927
2020-08-21,3.2511802
2020-08-22,101.428
2020-08-23,16.287766
2020-08-24,7.851669
2020-08-25,7.735406
2020-08-26,8.613811
2020-08-27,7.276721
2020-08-28,6.849124
2020-08-29,6.4787397
2020-08-30,6.086873
2020-08-31,5.7515025
2020-09-01,5.608159
2020-09-02,5.2038527
2020-09-03,4.95449
2020-09-04,4.599711
2020-09-05,4.488227
2020-09-06,4.110357
2020-09-07,4.036011
2020-09-08,3.7012095
2020-09-09,3.575208
2020-09-10,3.354435
2020-09-11,3.208359
2020-09-12,3.035263
2020-09-13,3.008924
2020-09-14,2.7973874
2020-09-15,2.8291407
2020-09-16,2.8782837
2020-09-17,2.5102942
2020-09-18,2.3920429
2020-09-19,2.875219
2020-09-20,5.7724404
2020-09-21,2.4101481
2020-09-22,2.0068555
2020-09-23,2.1480958
2020-09-24,1.9833976
2020-09-25,1.8530492
2020-09-26,1.9647213
2020-09-27,1.7626846
2020-09-28,1.7203467
2020-09-29,1.7153709
2020-09-30,1.6243771
2020-10-01,1.6333301
2020-10-02,1.5710115
2020-10-03,1.6510855
2020-10-04,1.7270811
2020-10-05,3.9185898
2020-10-06,1.6259881
2020-10-07,1.3713222
2020-10-08,1.5120147
2020-10-09,1.2769909
2020-10-10,1.3314976
2020-10-11,1.4363147
2020-10-12,4.3331876
2020-10-13,2.8195474
2020-10-14,1.256509
2020-10-15,1.0965817
2020-10-16,1.0992324
2020-10-17,2.0558767
2020-10-18,1.1939334
2020-10-19,1.045319
2020-10-20,1.3746556
2020-10-21,1.4202758
2020-10-22,2.354016
2020-10-23,1.3615043
2020-10-24,0.965737
2020-10-25,0.9213259
2020-10-26,0.9060949
2020-10-27,0.88651544
2020-10-28,0.87743056
2020-10-29,0.8553545
2020-10-30,0.83896315
2020-10-31,0.91081864
2020-11-01,2.1944115
2020-11-02,1.1139247
2020-11-03,2.5001006
2020-11-04,1.2476057
2020-11-05,3.261442
2020-11-06,1.2864045
2020-11-07,2.4252813
2020-11-08,3.0858212
2020-11-09,1.1286668
2020-11-10,6.4163475
2020-11-11,1.8718615
2020-11-12,1.5313022
2020-11-13,1.9240667
2020-11-14,1.189162
2020-11-15,1.2596201
2020-11-16,2.3162012
2020-11-17,4.6534915
2020-11-18,2.3016496
2020-11-19,1.6024799
2020-11-20,1.6346437
2020-11-21,1.6789105
2020-11-22,1.8359668
2020-11-23,1.7000793
2020-11-24,1.6736853
2020-11-25,1.6873434
2020-11-26,1.7520188
2020-11-27,5.8470416
2020-11-28,2.186213
2020-11-29,1.8805548
2020-11-30,1.8557209
2020-12-01,2.0533655
2020-12-02,1.9302101
2020-12-03,1.6504748
2020-12-04,1.5934079
2020-12-05,1.7067995
2020-12-06,1.5864444
2020-12-07,1.5790995
2020-12-08,1.6839817
2020-12-09,1.5560821
2020-12-10,1.5070481
2020-12-11,1.4725412
2020-12-12,1.4382764
2020-12-13,1.416936
2020-12-14,1.3883845
2020-12-15,1.3601894
2020-12-16,1.3398609
2020-12-17,1.3117964
2020-12-18,1.2761054
2020-12-19,1.2420835
2020-12-20,1.2089312
2020-12-21,1.174356
2020-12-22,1.1434312
2020-12-23,1.1094093
2020-12-24,1.087598
2020-12-25,1.0476638
2020-12-26,1.0146335
2020-12-27,0.98222333
2020-12-28,0.94798076
2020-12-29,0.9150366
2020-12-30,0.89283174
2020-12-31,0.8614266
2021-01-01,0.8617579
2021-01-02,0.8316578
2021-01-03,0.78796417
2021-01-04,0.75841844
2021-01-05,0.7286933
2021-01-06,0.7035913
2021-01-07,0.6973934
2021-01-08,0.90004796
2021-01-09,0.82603246
2021-01-10,2.1394503
2021-01-11,0.78684396
2021-01-12,0.6085284
2021-01-13,0.591082
2021-01-14,0.5761281
2021-01-15,0.5606091
2021-01-16,0.5428354
2021-01-17,0.52866745
2021-01-18,0.5134198
2021-01-19,0.49300733
2021-01-20,0.47889337
2021-01-21,0.464577
2021-01-22,0.4506546
2021-01-23,0.4360379
2021-01-24,0.42800167
2021-01-25,0.4088739
2021-01-26,0.3916897
2021-01-27,0.37691092
2021-01-28,0.36292285
2021-01-29,0.3491227
2021-01-30,0.33460906
2021-01-31,0.32226336
2021-02-01,0.31060123
2021-02-02,0.29952073
2021-02-03,0.2867341
2021-02-04,0.27485165
2021-02-05,0.2849924
2021-02-06,0.25848114
2021-02-07,0.24902378
2021-02-08,0.23744059
2021-02-09,0.22773711
2021-02-10,0.2212544
2021-02-11,0.20875143
2021-02-12,0.20141843
2021-02-13,0.19358632
2021-02-14,0.18659763
2021-02-15,0.18023624
2021-02-16,0.16967858
2021-02-17,0.16630453
2021-02-18,0.15919064
2021-02-19,0.15201032
2021-02-20,0.1494489
2021-02-21,0.14387196
2021-02-22,0.14141092
2021-02-23,0.13180204
2021-02-24,0.13970473
2021-02-25,0.12708054
2021-02-26,0.12192302
2021-02-27,0.1154657
2021-02-28,0.11249922
2021-03-01,0.10883875
2021-03-02,0.105360284
2021-03-03,0.10019008
2021-03-04,0.09487966
2021-03-05,0.09273091
2021-03-06,0.1934961
2021-03-07,0.13462408
2021-03-08,0.09041908
2021-03-09,0.08328705
2021-03-10,0.08391311
2021-03-11,0.07982474
2021-03-12,0.07531924
2021-03-13,0.081550375
2021-03-14,0.07359203
2021-03-15,0.10133906
2021-03-16,0.15721981
2021-03-17,0.11972768
2021-03-18,0.07496491
2021-03-19,0.06965053
2021-03-20,0.06371043
2021-03-21,0.061959628
2021-03-22,0.058892813
2021-03-23,0.059647717
2021-03-24,0.2235265
2021-03-25,0.18896519
2021-03-26,0.06862897
2021-03-27,0.057113253
2021-03-28,0.0958632
2021-03-29,0.06742474
2021-03-30,0.18069902
2021-03-31,0.07153875
2021-04-01,0.06466661
2021-04-02,0.05105539
2021-04-03,0.04938025
2021-04-04,0.04787679
2021-04-05,0.08929575
2021-04-06,0.14871292
2021-04-07,0.2736509
2021-04-08,0.0773219
2021-04-09,0.12148854
2021-04-10,1.1085294
2021-04-11,0.15406516
2021-04-12,0.32538283
2021-04-13,0.07686561
2021-04-14,0.97838706
2021-04-15,0.16280003
2021-04-16,1.3522578
2021-04-17,1.8272731
2021-04-18,0.20035991
2021-04-19,0.04442009
2021-04-20,0.044037767
2021-04-21,0.03859009
2021-04-22,0.037603673
2021-04-23,0.04237544
2021-04-24,0.03845817
2021-04-25,0.039551426
2021-04-26,0.046237968
2021-04-27,1.1037947
2021-04-28,0.18227816
2021-04-29,2.9721432
2021-04-30,0.78967917
2021-05-01,0.10759919
2021-05-02,0.556373
2021-05-03,3.266357
2021-05-04,4.2292686
2021-05-05,1.603561
2021-05-06,1.51419
2021-05-07,5.0380683
2021-05-08,1.3617743
2021-05-09,5.2286024
2021-05-10,5.5493827
2021-05-11,4.9744315
2021-05-12,10.380191
2021-05-13,1.475827
2021-05-14,0.2456991
2021-05-15,0.21134934
2021-05-16,9.5503435
2021-05-17,10.802878
2021-05-18,1.3914987
2021-05-19,3.3420691
2021-05-20,4.363856
2021-05-21,2.2468452
2021-05-22,1.2916644
2021-05-23,0.8918647
2021-05-24,1.0417511
2021-05-25,1.2853332
2021-05-26,0.98357797
2021-05-27,1.2902728
2021-05-28,1.8217077
2021-05-29,15.201312
2021-05-30,8.60706
2021-05-31,3.3933232
2021-06-01,4.1722775
2021-06-02,2.5113711
2021-06-03,2.910004
2021-06-04,5.418147
2021-06-05,5.0218973
2021-06-06,8.097783
2021-06-07,4.5717945
2021-06-08,4.44705
2021-06-09,4.2552724
2021-06-10,4.211176
2021-06-11,4.4990478
2021-06-12,4.5362425
2021-06-13,4.1264005
2021-06-14,3.8187296
2021-06-15,4.6124616
2021-06-16,5.6507974
2021-06-17,3.7540364
2021-06-18,3.545966
2021-06-19,4.4441357
2021-06-20,9.673469
2021-06-21,6.268183
2021-06-22,8.961593
2021-06-23,4.4995937
2021-06-24,6.9291053
2021-06-25,5.261972
2021-06-26,5.962034
2021-06-27,6.247299
2021-06-28,6.466833
2021-06-29,6.2160544
2021-06-30,7.6320047
2021-07-01,8.415171
2021-07-02,6.3654227
2021-07-03,6.1741247
2021-07-04,6.1026387
2021-07-05,5.941006
2021-07-06,5.8986607
2021-07-07,6.9220104
2021-07-08,7.7874303
2021-07-09,22.17303
2021-07-10,8.443212
2021-07-11,7.7255692
2021-07-12,6.3609776
2021-07-13,8.131733
2021-07-14,7.4315042
2021-07-15,8.310917
2021-07-16,9.928752
2021-07-17,6.7930517
2021-07-18,7.964431
2021-07-19,33.98012
2021-07-20,11.692959
2021-07-21,10.054547
2021-07-22,9.831793
2021-07-23,8.739411
2021-07-24,8.303625
2021-07-25,7.8869724
2021-07-26,7.450132
2021-07-27,7.3903904
2021-07-28,9.695636
2021-07-29,6.5743556
2021-07-30,20.50422
2021-07-31,7.173494
2021-08-01,5.8161807
2021-08-02,5.4168954
2021-08-03,5.2439504
2021-08-04,5.5987945
2021-08-05,8.186603
2021-08-06,5.252337
2021-08-07,4.965738
2021-08-08,5.3528376
2021-08-09,5.6544237
2021-08-10,4.866136
2021-08-11,5.518814
2021-08-12,9.855576
2021-08-13,6.5770135
2021-08-14,4.5395327
2021-08-15,4.5571504
2021-08-16,4.5348024
2021-08-17,4.505603
2021-08-18,10.304654
2021-08-19,9.25563
2021-08-20,6.5221825
2021-08-21,6.5642953
2021-08-22,9.210142
2021-08-23,6.300648
2021-08-24,6.1852736
2021-08-25,5.651739
2021-08-26,5.4145055
2021-08-27,5.424684
2021-08-28,7.5550203
2021-08-29,4.8813577
2021-08-30,4.4124837
2021-08-31,4.5612607
2021-09-01,4.0237117
2021-09-02,3.832865
2021-09-03,3.6342602
2021-09-04,3.60515
2021-09-05,3.447652
2021-09-06,8.962505
2021-09-07,4.0860047
2021-09-08,3.0551803
2021-09-09,2.9553466
2021-09-10,5.525134
2021-09-11,5.258281
2021-09-12,2.8695529
2021-09-13,2.6591063
2021-09-14,2.5574481
2021-09-15,6.0103297
2021-09-16,3.26143
2021-09-17,2.4421613
2021-09-18,4.037834
2021-09-19,2.5843685
2021-09-20,2.3251696
2021-09-21,4.7604947
2021-09-22,3.034169
2021-09-23,2.2871416
2021-09-24,4.5742407
2021-09-25,2.4150636
2021-09-26,2.1155186
2021-09-27,2.069921
2021-09-28,2.10091
2021-09-29,2.418434
2021-09-30,4.654466
2021-10-01,2.2239711
2021-10-02,1.8814458
2021-10-03,1.8485112
2021-10-04,2.0047836
2021-10-05,3.3457146
2021-10-06,3.9226234
2021-10-07,3.9131732
2021-10-08,1.9352332
2021-10-09,1.6937673
2021-10-10,1.6469692
2021-10-11,1.7288907
2021-10-12,1.7150452
2021-10-13,1.5979553
2021-10-14,1.5261517
2021-10-15,1.5253497
2021-10-16,1.5055172
2021-10-17,1.4662495
2021-10-18,1.4313824
2021-10-19,1.3951532
2021-10-20,1.3592623
2021-10-21,1.320804
2021-10-22,1.2918341
2021-10-23,1.2665879
2021-10-24,1.2587738
2021-10-25,1.2042663
2021-10-26,2.2901206
2021-10-27,1.6337907
2021-10-28,1.5172745
2021-10-29,1.8219883
2021-10-30,4.1572747
2021-10-31,1.4056675
2021-11-01,1.20579
2021-11-02,1.0753977
2021-11-03,1.0325792
2021-11-04,1.0179204
2021-11-05,0.9900223
2021-11-06,0.9746178
2021-11-07,0.9504664
2021-11-08,0.9540574
2021-11-09,0.9224022
2021-11-10,0.89072466
2021-11-11,0.86773705
2021-11-12,0.84904087
2021-11-13,0.8270099
2021-11-14,0.8110121
2021-11-15,0.79296416
2021-11-16,0.7705767
2021-11-17,0.7474092
2021-11-18,0.72875714
2021-11-19,0.71130055
2021-11-20,0.7270061
2021-11-21,2.2528353
2021-11-22,0.8840263
2021-11-23,1.0009967
2021-11-24,1.2081491
2021-11-25,1.8448175
2021-11-26,0.7511876
2021-11-27,0.6956138
2021-11-28,0.66462606
2021-11-29,0.7703985
2021-11-30,0.6136093
2021-12-01,0.5850526
2021-12-02,0.5963068
2021-12-03,0.56613845
2021-12-04,0.55960035
2021-12-05,0.54666346
2021-12-06,0.5348421
2021-12-07,0.5326555
2021-12-08,0.5214974
2021-12-09,0.50522286
2021-12-10,0.49661255
2021-12-11,0.4845277
2021-12-12,0.47244138
2021-12-13,0.45997012
2021-12-14,0.4720938
2021-12-15,0.45069692
2021-12-16,0.44480085
2021-12-17,0.43503144
2021-12-18,0.41587633
2021-12-19,0.40717787
2021-12-20,0.40130678
2021-12-21,0.39417705
2021-12-22,0.38296658
2021-12-23,0.37774983
2021-12-24,0.36488885
2021-12-25,0.35852873
2021-12-26,0.35135216
2021-12-27,0.34173122
2021-12-28,0.32947946
2021-12-29,0.32066798
2021-12-30,0.31297082
2021-12-31,0.30997428
2022-01-01,0.29793873
2022-01-02,0.29009172
2022-01-03,0.28455174
2022-01-04,0.27770013
2022-01-05,0.26731902
2022-01-06,0.25844356
2022-01-07,0.25401962
2022-01-08,0.24614821
2022-01-09,0.23859547
2022-01-10,0.23156738
2022-01-11,0.224768
2022-01-12,0.21775214
2022-01-13,0.21415256
2022-01-14,0.20569274
2022-01-15,0.20252855
2022-01-16,0.20244658
2022-01-17,0.26707098
2022-01-18,0.19690138
2022-01-19,0.18583567
2022-01-20,0.17832617
2022-01-21,0.17695117
2022-01-22,0.17513366
2022-01-23,0.16982286
2022-01-24,0.16330558
2022-01-25,0.15957128
2022-01-26,0.15555051
2022-01-27,0.14675961
2022-01-28,0.14540797
2022-01-29,0.14341427
2022-01-30,0.13654025
2022-01-31,0.13342507
2022-02-01,0.13075356
2022-02-02,0.1267738
2022-02-03,0.12312068
2022-02-04,0.1205235
2022-02-05,0.11858459
2022-02-06,0.11791828
2022-02-07,0.11440927
2022-02-08,0.18386035
2022-02-09,0.11583159
2022-02-10,0.10586821
2022-02-11,0.10537885
2022-02-12,0.10172242
2022-02-13,0.0987194
2022-02-14,0.09226176
2022-02-15,0.090605676
2022-02-16,0.08958358
2022-02-17,0.0895016
2022-02-18,0.08662079
2022-02-19,0.0865051
2022-02-20,0.083541654
2022-02-21,0.07909972
2022-02-22,0.07496517
2022-02-23,0.075923145
2022-02-24,0.0742639
2022-02-25,0.07253861
2022-02-26,0.07433567
2022-02-27,0.1257512
2022-02-28,0.09731763
2022-03-01,0.07526358
2022-03-02,0.09627187
2022-03-03,0.069312446
2022-03-04,0.067917235
2022-03-05,0.06526966
2022-03-06,0.061653234
2022-03-07,0.058552872
2022-03-08,0.060537916
2022-03-09,0.06141006
2022-03-10,0.060876593
2022-03-11,0.093978494
2022-03-12,0.07016626
2022-03-13,0.0960745
2022-03-14,0.058275983
2022-03-15,0.049492676
2022-03-16,0.09035924
2022-03-17,0.061932713
2022-03-18,0.049610164
2022-03-19,0.048856907
2022-03-20,0.048693683
2022-03-21,0.04776119
2022-03-22,0.047640167
2022-03-23,0.0439638
2022-03-24,0.040708058
2022-03-25,0.06080231
2022-03-26,0.045961764
2022-03-27,0.049160007
2022-03-28,0.03638317
2022-03-29,0.048050247
2022-03-30,0.03675071
2022-03-31,0.034435228
2022-04-01,0.033000674
2022-04-02,0.0327254
2022-04-03,0.20475732
2022-04-04,0.06491306
2022-04-05,3.4419603
2022-04-06,0.39667305
2022-04-07,0.15199973
2022-04-08,0.06648512
2022-04-09,0.036217917
2022-04-10,0.03864936
2022-04-11,0.035256837
2022-04-12,0.034982074
2022-04-13,0.030337978
2022-04-14,0.030350778
2022-04-15,0.03379311
2022-04-16,0.22146237
2022-04-17,0.1482465
2022-04-18,0.04749109
2022-04-19,0.032541923
2022-04-20,3.0538068
2022-04-21,4.3818445
2022-04-22,0.4167296
2022-04-23,0.056516424
2022-04-24,0.032779388
2022-04-25,0.04864031
2022-04-26,0.052184533
2022-04-27,6.815047
2022-04-28,1.2232915
2022-04-29,0.23945735
2022-04-30,4.221108
2022-05-01,0.4138144
2022-05-02,0.03431771
2022-05-03,0.027256157
2022-05-04,0.036024325
2022-05-05,2.6231875
2022-05-06,18.295774
2022-05-07,3.8612876
2022-05-08,0.62919503
2022-05-09,0.29600677
2022-05-10,0.24939089
2022-05-11,4.375594
2022-05-12,3.1224136
2022-05-13,0.6391691
2022-05-14,3.2710464
2022-05-15,0.4528339
2022-05-16,1.2961411
2022-05-17,3.197634
2022-05-18,5.3439765
2022-05-19,2.360225
2022-05-20,0.49473488
2022-05-21,0.45541695
2022-05-22,0.35765633
2022-05-23,0.6455639
2022-05-24,9.325337
2022-05-25,1.3551658
2022-05-26,4.467269
2022-05-27,5.583879
2022-05-28,1.207628
2022-05-29,0.8562843
2022-05-30,0.86870897
2022-05-31,1.0867614
2022-06-01,0.81860447
2022-06-02,0.9247886
2022-06-03,1.0994353
2022-06-04,1.019963
2022-06-05,1.2401453
2022-06-06,1.0847226
2022-06-07,0.9626789
2022-06-08,2.2996132
2022-06-09,2.4443252
2022-06-10,1.045954
2022-06-11,1.3279376
2022-06-12,6.5125704
2022-06-13,2.68006
2022-06-14,1.3673617
2022-06-15,1.4094821
2022-06-16,1.5941703
2022-06-17,6.648872
2022-06-18,2.6289341
2022-06-19,5.800583
2022-06-20,8.495818
2022-06-21,5.3839126
2022-06-22,5.349033
2022-06-23,6.539598
2022-06-24,6.5061164
2022-06-25,5.382251
2022-06-26,5.3959274
2022-06-27,5.1151123
2022-06-28,5.093926
2022-06-29,5.077377
2022-06-30,4.9978194
2022-07-01,6.5811286
2022-07-02,4.732569
2022-07-03,7.96896
2022-07-04,7.5030785
2022-07-05,4.6320305
2022-07-06,4.384446
2022-07-07,4.500177
2022-07-08,4.861688
2022-07-09,4.286694
2022-07-10,4.1673136
2022-07-11,9.943324
2022-07-12,4.920404
2022-07-13,4.200747
2022-07-14,4.155141
2022-07-15,3.99516
2022-07-16,4.0008497
2022-07-17,3.883206
2022-07-18,5.006448
2022-07-19,5.6231303
2022-07-20,5.502872
2022-07-21,4.389866
2022-07-22,3.779446
2022-07-23,3.7627554
2022-07-24,3.7636046
2022-07-25,5.1770535
2022-07-26,3.8503907
2022-07-27,4.3807473
2022-07-28,5.295242
2022-07-29,3.7189484
2022-07-30,5.0077825
2022-07-31,10.190603
2022-08-01,6.2699814
2022-08-02,6.3521814
2022-08-03,6.6306553
2022-08-04,6.619069
2022-08-05,6.8743305
2022-08-06,8.754203
2022-08-07,6.6246114
2022-08-08,6.197398
2022-08-09,6.5830183
2022-08-10,5.81626
2022-08-11,5.539939
2022-08-12,6.7808475
2022-08-13,6.6396947
2022-08-14,6.425337
2022-08-15,4.891451
2022-08-16,4.62174
2022-08-17,4.4216495
2022-08-18,4.227971
2022-08-19,4.1191926
2022-08-20,5.070328
2022-08-21,4.229564
2022-08-22,3.6949482
2022-08-23,3.5135374
2022-08-24,3.3786783
2022-08-25,3.2824528
2022-08-26,3.1451094
2022-08-27,3.4550328
2022-08-28,3.1634874
2022-08-29,6.1501217
2022-08-30,3.0687985
2022-08-31,2.7120662
2022-09-01,3.8121343
2022-09-02,2.696836
2022-09-03,5.2188277
2022-09-04,2.6184692
2022-09-05,4.1365685
2022-09-06,2.4240463
2022-09-07,2.162127
2022-09-08,2.102987
2022-09-09,2.053265
2022-09-10,3.098779
2022-09-11,2.015246
2022-09-12,1.9860468
2022-09-13,2.1786394
2022-09-14,1.8272611
2022-09-15,1.7000781
2022-09-16,5.613845
2022-09-17,1.9983987
2022-09-18,1.5864226
2022-09-19,1.5605329
2022-09-20,1.5275029
2022-09-21,1.9759514
2022-09-22,1.4813333
2022-09-23,1.3812066
2022-09-24,1.3716637
2022-09-25,1.3284734
2022-09-26,1.3091791
2022-09-27,1.2877129
2022-09-28,1.420453
2022-09-29,1.2313929
2022-09-30,4.7666984
2022-10-01,1.4003166
2022-10-02,1.3085549
2022-10-03,1.0953869
2022-10-04,1.0628678
2022-10-05,2.1605132
2022-10-06,2.9267278
2022-10-07,1.1607924
2022-10-08,1.2189226
2022-10-09,1.2836113
2022-10-10,0.9768764
2022-10-11,1.6304772
2022-10-12,0.9710192
2022-10-13,1.0236762
2022-10-14,0.9375975
2022-10-15,1.1296252
2022-10-16,2.825608
2022-10-17,2.3412023
2022-10-18,0.97173727
2022-10-19,0.8947265
2022-10-20,1.039418
2022-10-21,0.8351631
2022-10-22,0.7799788
2022-10-23,0.8103571
2022-10-24,0.94149756
2022-10-25,0.7961116
2022-10-26,0.74527836
2022-10-27,0.80707884
2022-10-28,0.87469256
2022-10-29,2.1484523
2022-10-30,3.4735675
2022-10-31,0.9769941
2022-11-01,1.6049628
2022-11-02,10.047602
2022-11-03,1.5546799
2022-11-04,0.6793229
2022-11-05,0.6758646
2022-11-06,0.67596257
2022-11-07,0.67845124
2022-11-08,0.87563616
2022-11-09,2.1596696
2022-11-10,0.8746954
2022-11-11,0.9976092
2022-11-12,0.80381185
2022-11-13,0.97118056
2022-11-14,0.6720485
2022-11-15,0.67139906
2022-11-16,2.982606
2022-11-17,2.386747
2022-11-18,3.4084356
2022-11-19,1.2953649
2022-11-20,0.6756375
2022-11-21,0.6389576
2022-11-22,0.641264
2022-11-23,0.647319
2022-11-24,0.6623782
2022-11-25,0.7139717
2022-11-26,0.69178694
2022-11-27,1.18712
2022-11-28,0.9860739
2022-11-29,0.6697167
2022-11-30,0.62152475
2022-12-01,0.5630891
2022-12-02,0.6118419
2022-12-03,0.6027914
2022-12-04,0.59390765
2022-12-05,0.5868881
2022-12-06,0.5762929
2022-12-07,0.56595635
2022-12-08,0.55601704
2022-12-09,0.5473729
2022-12-10,0.53987485
2022-12-11,0.5441738
2022-12-12,0.5334649
2022-12-13,0.53070885
2022-12-14,0.5321144
2022-12-15,0.50070894
2022-12-16,0.48645958
2022-12-17,0.47801375
2022-12-18,0.4663467
2022-12-19,0.45512944
2022-12-20,0.4472791
2022-12-21,0.43695566
2022-12-22,0.42501745
2022-12-23,0.41813642
2022-12-24,0.40922064
2022-12-25,0.39623404
2022-12-26,0.3869043
2022-12-27,0.37978107
2022-12-28,0.37068143
2022-12-29,0.35979068
2022-12-30,0.34967887
2022-12-31,0.3434138
2023-01-01,0.30671346
2023-01-02,0.32754737
2023-01-03,0.31636173
2023-01-04,0.30973893
2023-01-05,0.30344692
2023-01-06,0.29626626
2023-01-07,0.3201118
2023-01-08,0.3957754
2023-01-09,0.34479362
2023-01-10,0.30050072
2023-01-11,0.2741169
2023-01-12,0.28872132
2023-01-13,0.26331252
2023-01-14,0.2574433
2023-01-15,0.24654125
2023-01-16,0.2425073
2023-01-17,0.23902297
2023-01-18,0.23156565
2023-01-19,0.22483519
2023-01-20,0.22325017
2023-01-21,0.21662246
2023-01-22,0.21008977
2023-01-23,0.20827661
2023-01-24,0.20460588
2023-01-25,0.19627024
2023-01-26,0.19331752
2023-01-27,0.1902505
2023-01-28,0.1811532
2023-01-29,0.17862467
2023-01-30,0.17588243
2023-01-31,0.168046
2023-02-01,0.15012483
2023-02-02,0.16062044
2023-02-03,0.15792672
2023-02-04,0.15519166
2023-02-05,0.15006971
2023-02-06,0.14604293
2023-02-07,0.1429346
2023-02-08,0.14017199
2023-02-09,0.13857666
2023-02-10,0.13091986
2023-02-11,0.12948486
2023-02-12,0.12649985
2023-02-13,0.12293731
2023-02-14,0.12165953
2023-02-15,0.15519516
2023-02-16,0.1339947
2023-02-17,0.115672074
2023-02-18,0.11204702
2023-02-19,0.105558395
2023-02-20,0.10697923
2023-02-21,0.105180144
2023-02-22,0.1026813
2023-02-23,0.10082728
2023-02-24,0.09735597
2023-02-25,0.09582466
2023-02-26,0.09177046
2023-02-27,0.0902386
2023-02-28,0.08947216
2023-03-01,0.09295512
2023-03-02,0.09206738
2023-03-03,0.08746029
2023-03-04,0.08576081
2023-03-05,0.08210957
2023-03-06,0.07619454
2023-03-07,0.07359809
2023-03-08,0.07409217
2023-03-09,0.0994571
2023-03-10,0.18545258
2023-03-11,0.1676062
2023-03-12,0.15726742
2023-03-13,0.080130756
2023-03-14,0.072065614
2023-03-15,0.0712183
2023-03-16,0.06913328
2023-03-17,0.06506733
2023-03-18,0.064055696
2023-03-19,0.06325586
2023-03-20,0.06142533
2023-03-21,0.058953628
2023-03-22,0.05763681
2023-03-23,0.05729895
2023-03-24,0.057554644
2023-03-25,0.056116674
2023-03-26,0.053680986
2023-03-27,0.049890902
2023-03-28,0.04865677
2023-03-29,0.048238367
2023-03-30,0.047648348
2023-03-31,0.04941984
2023-04-01,0.057460934
2023-04-02,0.052619006
2023-04-03,0.04285679
2023-04-04,0.042900864
2023-04-05,0.040700275
2023-04-06,0.038938425
2023-04-07,0.04317094
2023-04-08,0.13772383
2023-04-09,0.0821638
2023-04-10,0.060658973
2023-04-11,0.0757973
2023-04-12,0.03953954
2023-04-13,0.0352557
2023-04-14,0.03286454
2023-04-15,0.03310476
2023-04-16,0.048058752
2023-04-17,0.10442306
2023-04-18,0.04029435
2023-04-19,0.031901285
2023-04-20,0.05011485
2023-04-21,0.056244873
2023-04-22,0.2588229
2023-04-23,0.08956092
2023-04-24,0.4382176
2023-04-25,0.5659188
2023-04-26,0.08896959
2023-04-27,0.03591935
2023-04-28,0.1407367
2023-04-29,0.33184776
2023-04-30,0.0659915
2023-05-01,0.040966563
2023-05-02,0.03299467
2023-05-03,0.030587696
2023-05-04,0.030857176
2023-05-05,0.031419583
2023-05-06,0.031248098
2023-05-07,0.031223075
2023-05-08,0.07552506
2023-05-09,0.09735886
2023-05-10,0.080873206
2023-05-11,0.05924874
2023-05-12,0.03385797
2023-05-13,1.0417411
2023-05-14,0.17723435
2023-05-15,0.19609535
2023-05-16,0.25242501
2023-05-17,0.102528214
2023-05-18,0.09075925
2023-05-19,0.109708406
2023-05-20,0.053972457
2023-05-21,3.097748
2023-05-22,0.73922443
2023-05-23,0.06685712
2023-05-24,1.2800152
2023-05-25,1.7545148
2023-05-26,1.8130244
2023-05-27,1.1149989
2023-05-28,0.1727682
2023-05-29,7.796197
2023-05-30,7.888045
2023-05-31,0.9299014
2023-06-01,3.5208113
2023-06-02,0.5468106
2023-06-03,0.07186527
2023-06-04,0.066449925
2023-06-05,4.9533167
2023-06-06,0.66080767
2023-06-07,0.12554696
2023-06-08,0.5935612
2023-06-09,0.13868731
2023-06-10,0.05551223
2023-06-11,0.49170128
2023-06-12,0.5975152
2023-06-13,0.11663512
2023-06-14,0.59416354
2023-06-15,1.4083903
2023-06-16,9.445938
2023-06-17,0.9829189
2023-06-18,0.20557371
2023-06-19,0.0994437
2023-06-20,0.09229157
2023-06-21,0.13825043
2023-06-22,0.91102105
2023-06-23,1.1892475
2023-06-24,2.3379078
2023-06-25,0.381651
2023-06-26,0.1958935
2023-06-27,0.14630929
2023-06-28,0.27828753
2023-06-29,2.4027848
2023-06-30,2.3363578
