datetime,streamflow_m^3/s
1979-01-01,0.0
1979-01-02,7.8426795
1979-01-03,21.312548
1979-01-04,22.284594
1979-01-05,21.845213
1979-01-06,22.212954
1979-01-07,25.927608
1979-01-08,26.054659
1979-01-09,32.76782
1979-01-10,38.46256
1979-01-11,30.912964
1979-01-12,24.242125
1979-01-13,18.07905
1979-01-14,17.000397
1979-01-15,17.60419
1979-01-16,23.805933
1979-01-17,27.03293
1979-01-18,20.776567
1979-01-19,16.89369
1979-01-20,18.30447
1979-01-21,18.390057
1979-01-22,15.036191
1979-01-23,15.176557
1979-01-24,16.049824
1979-01-25,24.725393
1979-01-26,25.437683
1979-01-27,15.650762
1979-01-28,22.25509
1979-01-29,33.662846
1979-01-30,30.289965
1979-01-31,17.21956
1979-02-01,11.746025
1979-02-02,11.370664
1979-02-03,11.155733
1979-02-04,10.40842
1979-02-05,10.084514
1979-02-06,9.919007
1979-02-07,9.715822
1979-02-08,9.35909
1979-02-09,9.127898
1979-02-10,8.911208
1979-02-11,9.000909
1979-02-12,9.700381
1979-02-13,9.99674
1979-02-14,8.726481
1979-02-15,11.090286
1979-02-16,12.907357
1979-02-17,10.321885
1979-02-18,9.986498
1979-02-19,11.274846
1979-02-20,9.2014675
1979-02-21,7.067176
1979-02-22,6.922505
1979-02-23,7.3535485
1979-02-24,10.448446
1979-02-25,26.753613
1979-02-26,42.65021
1979-02-27,43.02983
1979-02-28,36.261517
1979-03-01,26.69107
1979-03-02,17.238062
1979-03-03,112.65308
1979-03-04,160.35957
1979-03-05,73.40937
1979-03-06,67.934135
1979-03-07,141.8918
1979-03-08,178.55594
1979-03-09,159.35335
1979-03-10,96.76816
1979-03-11,17.712261
1979-03-12,7.653049
1979-03-13,7.869618
1979-03-14,13.897241
1979-03-15,15.015693
1979-03-16,10.859143
1979-03-17,14.226016
1979-03-18,23.811562
1979-03-19,52.150238
1979-03-20,70.58094
1979-03-21,59.55213
1979-03-22,108.100334
1979-03-23,139.79068
1979-03-24,86.033676
1979-03-25,82.78417
1979-03-26,465.6579
1979-03-27,528.2647
1979-03-28,162.0026
1979-03-29,40.973373
1979-03-30,16.419588
1979-03-31,15.350562
1979-04-01,15.038924
1979-04-02,14.624039
1979-04-03,14.591226
1979-04-04,17.61699
1979-04-05,22.139338
1979-04-06,27.048477
1979-04-07,27.93316
1979-04-08,21.36946
1979-04-09,17.623892
1979-04-10,20.058641
1979-04-11,21.369001
1979-04-12,18.621628
1979-04-13,17.74722
1979-04-14,17.233637
1979-04-15,26.657633
1979-04-16,55.628895
1979-04-17,55.068268
1979-04-18,23.657553
1979-04-19,35.13734
1979-04-20,56.035744
1979-04-21,67.42608
1979-04-22,87.402824
1979-04-23,99.35419
1979-04-24,102.91058
1979-04-25,98.239105
1979-04-26,74.74389
1979-04-27,77.06827
1979-04-28,82.5002
1979-04-29,111.03949
1979-04-30,117.149
1979-05-01,108.09447
1979-05-02,71.151955
1979-05-03,28.943502
1979-05-04,25.330193
1979-05-05,28.3742
1979-05-06,23.825348
1979-05-07,23.127468
1979-05-08,23.010958
1979-05-09,21.920103
1979-05-10,21.029287
1979-05-11,20.204397
1979-05-12,20.868813
1979-05-13,23.707321
1979-05-14,19.664934
1979-05-15,18.697208
1979-05-16,18.542147
1979-05-17,19.137295
1979-05-18,22.74509
1979-05-19,25.653553
1979-05-20,27.056927
1979-05-21,50.425823
1979-05-22,67.024826
1979-05-23,44.53236
1979-05-24,43.860077
1979-05-25,39.119728
1979-05-26,17.41349
1979-05-27,14.82027
1979-05-28,15.896162
1979-05-29,22.752457
1979-05-30,40.386322
1979-05-31,50.00549
1979-06-01,40.302155
1979-06-02,29.282469
1979-06-03,28.360723
1979-06-04,28.818834
1979-06-05,36.119217
1979-06-06,68.75808
1979-06-07,90.24361
1979-06-08,123.892624
1979-06-09,144.28299
1979-06-10,93.12321
1979-06-11,61.354397
1979-06-12,44.495037
1979-06-13,32.594765
1979-06-14,29.722483
1979-06-15,28.609436
1979-06-16,29.868814
1979-06-17,30.141603
1979-06-18,28.939566
1979-06-19,28.985199
1979-06-20,27.25203
1979-06-21,29.812506
1979-06-22,31.324444
1979-06-23,28.210321
1979-06-24,28.228756
1979-06-25,28.92864
1979-06-26,25.80201
1979-06-27,29.57833
1979-06-28,30.56513
1979-06-29,30.221817
1979-06-30,29.294657
1979-07-01,23.662243
1979-07-02,22.257942
1979-07-03,24.726007
1979-07-04,26.224577
1979-07-05,21.634254
1979-07-06,28.50222
1979-07-07,46.08786
1979-07-08,48.071945
1979-07-09,27.071077
1979-07-10,22.07676
1979-07-11,25.985548
1979-07-12,27.287815
1979-07-13,27.277594
1979-07-14,28.35464
1979-07-15,46.60838
1979-07-16,45.957153
1979-07-17,32.520985
1979-07-18,35.850533
1979-07-19,29.698513
1979-07-20,27.01133
1979-07-21,28.328306
1979-07-22,24.124605
1979-07-23,18.330004
1979-07-24,17.685684
1979-07-25,17.629862
1979-07-26,17.686735
1979-07-27,18.354797
1979-07-28,17.512823
1979-07-29,18.172028
1979-07-30,17.280985
1979-07-31,16.947832
1979-08-01,17.37728
1979-08-02,18.580114
1979-08-03,18.630836
1979-08-04,19.967005
1979-08-05,19.124601
1979-08-06,16.356953
1979-08-07,17.44626
1979-08-08,16.813625
1979-08-09,16.281334
1979-08-10,16.888592
1979-08-11,15.569759
1979-08-12,13.77293
1979-08-13,13.632641
1979-08-14,14.01357
1979-08-15,13.812404
1979-08-16,13.277028
1979-08-17,13.382859
1979-08-18,12.755378
1979-08-19,11.80452
1979-08-20,11.728241
1979-08-21,12.049704
1979-08-22,11.739491
1979-08-23,12.158075
1979-08-24,29.769352
1979-08-25,61.6683
1979-08-26,76.30055
1979-08-27,51.903473
1979-08-28,31.899054
1979-08-29,50.461258
1979-08-30,56.117603
1979-08-31,51.54272
1979-09-01,49.111824
1979-09-02,60.83338
1979-09-03,80.72613
1979-09-04,38.432316
1979-09-05,23.546186
1979-09-06,12.854943
1979-09-07,10.686657
1979-09-08,9.611922
1979-09-09,12.917788
1979-09-10,15.092213
1979-09-11,11.550757
1979-09-12,9.172975
1979-09-13,9.109404
1979-09-14,8.657641
1979-09-15,9.132426
1979-09-16,9.628267
1979-09-17,13.740337
1979-09-18,22.617289
1979-09-19,28.166864
1979-09-20,20.310404
1979-09-21,11.516593
1979-09-22,9.415748
1979-09-23,9.0705385
1979-09-24,8.50912
1979-09-25,8.050401
1979-09-26,7.703173
1979-09-27,7.7405457
1979-09-28,7.243661
1979-09-29,7.3432817
1979-09-30,7.241065
1979-10-01,6.7849917
1979-10-02,7.005983
1979-10-03,7.186941
1979-10-04,6.974278
1979-10-05,7.67511
1979-10-06,8.48683
1979-10-07,7.818443
1979-10-08,7.103843
1979-10-09,7.293365
1979-10-10,8.174897
1979-10-11,6.5873656
1979-10-12,6.5319743
1979-10-13,9.209905
1979-10-14,10.04797
1979-10-15,9.440438
1979-10-16,15.536741
1979-10-17,29.63705
1979-10-18,41.137188
1979-10-19,40.139626
1979-10-20,46.012714
1979-10-21,57.50096
1979-10-22,75.89846
1979-10-23,70.58868
1979-10-24,51.5418
1979-10-25,45.939743
1979-10-26,37.106606
1979-10-27,41.984615
1979-10-28,128.4841
1979-10-29,177.66447
1979-10-30,155.48642
1979-10-31,96.46801
1979-11-01,69.23434
1979-11-02,65.23388
1979-11-03,57.662373
1979-11-04,31.93265
1979-11-05,24.990128
1979-11-06,23.066442
1979-11-07,39.133472
1979-11-08,109.477516
1979-11-09,142.27129
1979-11-10,194.84802
1979-11-11,184.84976
1979-11-12,70.40594
1979-11-13,69.35805
1979-11-14,97.42823
1979-11-15,69.54681
1979-11-16,79.266426
1979-11-17,87.649315
1979-11-18,99.854065
1979-11-19,82.46044
1979-11-20,66.40664
1979-11-21,91.1448
1979-11-22,94.93603
1979-11-23,56.633064
1979-11-24,88.908005
1979-11-25,162.86353
1979-11-26,189.54216
1979-11-27,123.08878
1979-11-28,55.93866
1979-11-29,40.344055
1979-11-30,37.99386
1979-12-01,38.912415
1979-12-02,39.559536
1979-12-03,36.435455
1979-12-04,34.00678
1979-12-05,33.69325
1979-12-06,32.99324
1979-12-07,31.080153
1979-12-08,31.294052
1979-12-09,32.269863
1979-12-10,32.50475
1979-12-11,31.749495
1979-12-12,29.262217
1979-12-13,26.965343
1979-12-14,25.185575
1979-12-15,36.193382
1979-12-16,53.89988
1979-12-17,57.995834
1979-12-18,46.30203
1979-12-19,35.208485
1979-12-20,25.017809
1979-12-21,33.062714
1979-12-22,46.033356
1979-12-23,36.849266
1979-12-24,24.72518
1979-12-25,21.993338
1979-12-26,18.971884
1979-12-27,28.54703
1979-12-28,33.502476
1979-12-29,19.34381
1979-12-30,17.705801
1979-12-31,16.737827
1980-01-01,15.607065
1980-01-02,15.388743
1980-01-03,15.240049
1980-01-04,14.200596
1980-01-05,13.50861
1980-01-06,13.127546
1980-01-07,12.777236
1980-01-08,12.4515915
1980-01-09,12.143773
1980-01-10,11.758218
1980-01-11,11.638919
1980-01-12,16.195238
1980-01-13,16.912432
1980-01-14,11.229657
1980-01-15,11.418534
1980-01-16,12.338973
1980-01-17,13.63089
1980-01-18,16.296803
1980-01-19,23.41637
1980-01-20,28.535301
1980-01-21,18.307156
1980-01-22,11.2217655
1980-01-23,9.976849
1980-01-24,9.388126
1980-01-25,9.1456175
1980-01-26,8.633595
1980-01-27,7.9441833
1980-01-28,7.780673
1980-01-29,7.70756
1980-01-30,7.704684
1980-01-31,12.044021
1980-02-01,15.465006
1980-02-02,18.014849
1980-02-03,17.229454
1980-02-04,11.019192
1980-02-05,14.637539
1980-02-06,22.37812
1980-02-07,16.785593
1980-02-08,11.492755
1980-02-09,10.342647
1980-02-10,10.655649
1980-02-11,10.277234
1980-02-12,6.4723787
1980-02-13,5.739524
1980-02-14,5.621926
1980-02-15,5.461556
1980-02-16,6.8937855
1980-02-17,13.10781
1980-02-18,35.99387
1980-02-19,33.244778
1980-02-20,13.3460045
1980-02-21,21.892553
1980-02-22,289.59283
1980-02-23,381.5919
1980-02-24,139.30626
1980-02-25,38.199554
1980-02-26,22.372915
1980-02-27,13.440381
1980-02-28,12.07542
1980-02-29,17.065348
1980-03-01,25.696478
1980-03-02,21.167467
1980-03-03,13.232986
1980-03-04,20.420675
1980-03-05,22.725924
1980-03-06,24.09764
1980-03-07,21.929781
1980-03-08,12.499044
1980-03-09,12.229366
1980-03-10,6.082621
1980-03-11,4.6184034
1980-03-12,5.5869923
1980-03-13,5.5710278
1980-03-14,6.3449197
1980-03-15,6.0205836
1980-03-16,4.8112803
1980-03-17,4.2511454
1980-03-18,5.200245
1980-03-19,15.08266
1980-03-20,24.551012
1980-03-21,15.854949
1980-03-22,4.9983325
1980-03-23,3.9071732
1980-03-24,5.2483454
1980-03-25,7.350747
1980-03-26,9.327372
1980-03-27,6.956768
1980-03-28,4.969672
1980-03-29,5.136311
1980-03-30,4.9178743
1980-03-31,6.2431226
1980-04-01,6.377997
1980-04-02,3.4994674
1980-04-03,4.166277
1980-04-04,12.120644
1980-04-05,16.566477
1980-04-06,10.275819
1980-04-07,4.942191
1980-04-08,9.00499
1980-04-09,21.641846
1980-04-10,30.00323
1980-04-11,32.122166
1980-04-12,46.133026
1980-04-13,20.672028
1980-04-14,8.882012
1980-04-15,9.782892
1980-04-16,7.3388515
1980-04-17,4.3084497
1980-04-18,4.2422433
1980-04-19,5.751967
1980-04-20,10.329263
1980-04-21,14.578333
1980-04-22,12.957682
1980-04-23,11.602506
1980-04-24,12.975952
1980-04-25,11.437424
1980-04-26,9.824123
1980-04-27,13.466527
1980-04-28,16.289885
1980-04-29,7.493087
1980-04-30,6.484145
1980-05-01,9.061957
1980-05-02,9.114765
1980-05-03,11.437951
1980-05-04,9.108912
1980-05-05,3.1744635
1980-05-06,3.43921
1980-05-07,4.199301
1980-05-08,6.972796
1980-05-09,6.1186013
1980-05-10,4.3448706
1980-05-11,6.94226
1980-05-12,6.167871
1980-05-13,2.7841723
1980-05-14,11.980823
1980-05-15,20.661793
1980-05-16,6.8064127
1980-05-17,6.161014
1980-05-18,6.328058
1980-05-19,5.040689
1980-05-20,6.4659753
1980-05-21,3.6546493
1980-05-22,3.0657535
1980-05-23,3.8375778
1980-05-24,3.8960404
1980-05-25,3.842056
1980-05-26,5.9628725
1980-05-27,10.522614
1980-05-28,10.9274435
1980-05-29,4.3962193
1980-05-30,2.614257
1980-05-31,2.7878249
1980-06-01,3.5520554
1980-06-02,4.590806
1980-06-03,15.189467
1980-06-04,14.537065
1980-06-05,2.9410102
1980-06-06,2.9962494
1980-06-07,2.4684024
1980-06-08,2.7672281
1980-06-09,3.796673
1980-06-10,8.798608
1980-06-11,9.05742
1980-06-12,6.7555137
1980-06-13,5.7051377
1980-06-14,3.0051382
1980-06-15,2.5123086
1980-06-16,2.773543
1980-06-17,2.7270746
1980-06-18,2.3782828
1980-06-19,2.316967
1980-06-20,2.3873832
1980-06-21,3.3725948
1980-06-22,7.5187645
1980-06-23,10.932123
1980-06-24,3.5634475
1980-06-25,2.2542477
1980-06-26,1.6067181
1980-06-27,2.7309852
1980-06-28,5.655304
1980-06-29,6.476149
1980-06-30,3.209635
1980-07-01,3.440635
1980-07-02,2.829105
1980-07-03,2.3265948
1980-07-04,2.3847928
1980-07-05,2.5891254
1980-07-06,4.4618154
1980-07-07,5.2537165
1980-07-08,4.7288437
1980-07-09,3.7427826
1980-07-10,2.1826348
1980-07-11,6.128823
1980-07-12,8.9745865
1980-07-13,3.345798
1980-07-14,3.0921824
1980-07-15,1.7788789
1980-07-16,2.657411
1980-07-17,4.178748
1980-07-18,2.29734
1980-07-19,2.7740545
1980-07-20,3.4976594
1980-07-21,3.4831634
1980-07-22,5.1501894
1980-07-23,3.5814426
1980-07-24,3.8409972
1980-07-25,5.553885
1980-07-26,2.0077555
1980-07-27,1.4285684
1980-07-28,1.1940314
1980-07-29,1.204169
1980-07-30,1.3733072
1980-07-31,1.593914
1980-08-01,2.1397417
1980-08-02,4.130114
1980-08-03,5.8539963
1980-08-04,3.365977
1980-08-05,7.5039296
1980-08-06,8.518624
1980-08-07,3.900549
1980-08-08,2.4324307
1980-08-09,3.8841991
1980-08-10,3.5413392
1980-08-11,1.6995457
1980-08-12,1.7085072
1980-08-13,4.748912
1980-08-14,6.657067
1980-08-15,2.1142778
1980-08-16,1.5927603
1980-08-17,1.8606645
1980-08-18,1.3988478
1980-08-19,1.4800093
1980-08-20,1.6875985
1980-08-21,1.8106339
1980-08-22,1.2962679
1980-08-23,0.9893485
1980-08-24,1.3085641
1980-08-25,1.3057443
1980-08-26,0.88490266
1980-08-27,1.04852
1980-08-28,2.10813
1980-08-29,2.3592765
1980-08-30,1.8528669
1980-08-31,1.6743599
1980-09-01,1.761409
1980-09-02,1.843445
1980-09-03,1.788537
1980-09-04,1.8103144
1980-09-05,1.412277
1980-09-06,1.3718714
1980-09-07,1.8775526
1980-09-08,1.4418715
1980-09-09,1.3083082
1980-09-10,1.3915026
1980-09-11,2.0366178
1980-09-12,0.9044207
1980-09-13,0.9771624
1980-09-14,1.5809308
1980-09-15,1.5491066
1980-09-16,1.6980606
1980-09-17,2.1554043
1980-09-18,2.0280077
1980-09-19,2.7164228
1980-09-20,3.3037038
1980-09-21,1.8873984
1980-09-22,2.1609828
1980-09-23,2.180837
1980-09-24,1.1272068
1980-09-25,1.0099014
1980-09-26,0.78932995
1980-09-27,0.71071714
1980-09-28,1.7364037
1980-09-29,10.687057
1980-09-30,18.958878
1980-10-01,20.534771
1980-10-02,24.273865
1980-10-03,13.896418
1980-10-04,2.5022113
1980-10-05,31.14119
1980-10-06,42.5205
1980-10-07,43.422756
1980-10-08,78.34863
1980-10-09,72.60937
1980-10-10,28.609594
1980-10-11,6.113977
1980-10-12,2.8482757
1980-10-13,1.6939399
1980-10-14,1.1886694
1980-10-15,1.898549
1980-10-16,3.9574163
1980-10-17,5.052393
1980-10-18,14.571433
1980-10-19,18.722313
1980-10-20,7.811114
1980-10-21,3.0658436
1980-10-22,1.8951081
1980-10-23,1.3581909
1980-10-24,1.1573583
1980-10-25,1.1346391
1980-10-26,0.93432474
1980-10-27,1.9876666
1980-10-28,3.2260115
1980-10-29,2.5316737
1980-10-30,1.4489924
1980-10-31,1.3140523
1980-11-01,0.9181037
1980-11-02,1.8575827
1980-11-03,10.333795
1980-11-04,28.54537
1980-11-05,55.170414
1980-11-06,52.411568
1980-11-07,36.610474
1980-11-08,19.332956
1980-11-09,16.006876
1980-11-10,9.245236
1980-11-11,3.1554174
1980-11-12,2.3793063
1980-11-13,1.7242239
1980-11-14,3.052854
1980-11-15,3.8959994
1980-11-16,7.741008
1980-11-17,21.47963
1980-11-18,17.608679
1980-11-19,2.1051345
1980-11-20,4.0140615
1980-11-21,3.671616
1980-11-22,1.0275656
1980-11-23,1.2422416
1980-11-24,1.5364492
1980-11-25,11.302565
1980-11-26,11.951517
1980-11-27,2.3853912
1980-11-28,1.9400947
1980-11-29,1.5431273
1980-11-30,2.987804
1980-12-01,29.71007
1980-12-02,34.224213
1980-12-03,14.359125
1980-12-04,17.24171
1980-12-05,18.44513
1980-12-06,10.18127
1980-12-07,7.187639
1980-12-08,6.130619
1980-12-09,0.7977098
1980-12-10,1.1181657
1980-12-11,0.8850648
1980-12-12,1.1891514
1980-12-13,6.440716
1980-12-14,10.065313
1980-12-15,19.910261
1980-12-16,38.181755
1980-12-17,32.798584
1980-12-18,24.137259
1980-12-19,26.968773
1980-12-20,20.817856
1980-12-21,12.309778
1980-12-22,4.791859
1980-12-23,17.429094
1980-12-24,17.521612
1980-12-25,6.4899044
1980-12-26,23.234262
1980-12-27,25.525717
1980-12-28,14.757633
1980-12-29,16.381073
1980-12-30,16.962841
1980-12-31,15.5539055
1981-01-01,20.067478
1981-01-02,21.008703
1981-01-03,9.749369
1981-01-04,5.5284214
1981-01-05,0.6850963
1981-01-06,0.5892904
1981-01-07,2.029951
1981-01-08,7.1159477
1981-01-09,8.370906
1981-01-10,10.320908
1981-01-11,8.048596
1981-01-12,18.713512
1981-01-13,22.851002
1981-01-14,16.594688
1981-01-15,13.899686
1981-01-16,3.4176846
1981-01-17,0.87190276
1981-01-18,4.6446753
1981-01-19,10.205876
1981-01-20,15.633993
1981-01-21,15.18018
1981-01-22,27.189224
1981-01-23,26.079958
1981-01-24,8.937088
1981-01-25,9.051234
1981-01-26,15.975712
1981-01-27,23.206413
1981-01-28,16.062214
1981-01-29,6.100793
1981-01-30,15.559351
1981-01-31,23.909567
1981-02-01,14.736817
1981-02-02,12.310965
1981-02-03,7.797399
1981-02-04,12.679162
1981-02-05,23.502926
1981-02-06,20.23225
1981-02-07,10.014502
1981-02-08,2.832011
1981-02-09,10.251608
1981-02-10,16.604456
1981-02-11,8.2749
1981-02-12,4.2884207
1981-02-13,23.433231
1981-02-14,32.467777
1981-02-15,18.538076
1981-02-16,9.889348
1981-02-17,17.654934
1981-02-18,92.77056
1981-02-19,92.88848
1981-02-20,24.590559
1981-02-21,22.80663
1981-02-22,20.21539
1981-02-23,10.830287
1981-02-24,38.69606
1981-02-25,51.812466
1981-02-26,22.856806
1981-02-27,5.3497653
1981-02-28,2.2983902
1981-03-01,3.7321095
1981-03-02,4.6719217
1981-03-03,5.7983813
1981-03-04,3.7389047
1981-03-05,2.3673322
1981-03-06,8.514988
1981-03-07,29.364422
1981-03-08,98.85824
1981-03-09,134.69699
1981-03-10,103.56397
1981-03-11,178.61575
1981-03-12,203.87886
1981-03-13,72.381035
1981-03-14,8.369368
1981-03-15,34.167183
1981-03-16,44.680805
1981-03-17,12.112329
1981-03-18,6.397407
1981-03-19,6.639898
1981-03-20,6.720405
1981-03-21,13.844498
1981-03-22,17.514072
1981-03-23,14.612731
1981-03-24,20.264658
1981-03-25,16.104446
1981-03-26,6.2212443
1981-03-27,8.973712
1981-03-28,8.558904
1981-03-29,4.4535937
1981-03-30,33.04821
1981-03-31,35.88718
1981-04-01,15.259732
1981-04-02,9.316522
1981-04-03,10.069454
1981-04-04,71.668594
1981-04-05,136.93799
1981-04-06,94.33922
1981-04-07,46.58334
1981-04-08,51.34979
1981-04-09,47.342316
1981-04-10,33.885345
1981-04-11,10.375692
1981-04-12,4.9362063
1981-04-13,5.308074
1981-04-14,9.340119
1981-04-15,32.51087
1981-04-16,39.82124
1981-04-17,39.07758
1981-04-18,49.358673
1981-04-19,55.097622
1981-04-20,59.35396
1981-04-21,57.60146
1981-04-22,34.163795
1981-04-23,25.16971
1981-04-24,112.17422
1981-04-25,167.68456
1981-04-26,92.110756
1981-04-27,19.859814
1981-04-28,83.806915
1981-04-29,143.62842
1981-04-30,105.00255
1981-05-01,66.52227
1981-05-02,60.038563
1981-05-03,61.24511
1981-05-04,64.38599
1981-05-05,77.92839
1981-05-06,89.98994
1981-05-07,107.300735
1981-05-08,91.35876
1981-05-09,71.468124
1981-05-10,73.54012
1981-05-11,78.171165
1981-05-12,86.19102
1981-05-13,78.2374
1981-05-14,48.01199
1981-05-15,51.049984
1981-05-16,60.93403
1981-05-17,52.440716
1981-05-18,45.874676
1981-05-19,30.805582
1981-05-20,26.965384
1981-05-21,23.792648
1981-05-22,25.24334
1981-05-23,29.56496
1981-05-24,32.946907
1981-05-25,32.406914
1981-05-26,46.975307
1981-05-27,95.297646
1981-05-28,98.42564
1981-05-29,44.847523
1981-05-30,84.10094
1981-05-31,244.70772
1981-06-01,259.33234
1981-06-02,121.59255
1981-06-03,101.86972
1981-06-04,74.67487
1981-06-05,37.78411
1981-06-06,28.538416
1981-06-07,27.73455
1981-06-08,37.04244
1981-06-09,55.28562
1981-06-10,85.1075
1981-06-11,83.01887
1981-06-12,34.867954
1981-06-13,22.697071
1981-06-14,26.853216
1981-06-15,34.63694
1981-06-16,31.951317
1981-06-17,18.621435
1981-06-18,19.92879
1981-06-19,26.957169
1981-06-20,38.284676
1981-06-21,32.586113
1981-06-22,17.698606
1981-06-23,13.951524
1981-06-24,15.604182
1981-06-25,20.78871
1981-06-26,17.398052
1981-06-27,13.757109
1981-06-28,15.071888
1981-06-29,18.590263
1981-06-30,19.880594
1981-07-01,49.708298
1981-07-02,70.838165
1981-07-03,39.128345
1981-07-04,15.492171
1981-07-05,18.131996
1981-07-06,16.807165
1981-07-07,16.123112
1981-07-08,16.192032
1981-07-09,13.656282
1981-07-10,11.794854
1981-07-11,14.456379
1981-07-12,24.180834
1981-07-13,25.414213
1981-07-14,12.70612
1981-07-15,8.527358
1981-07-16,8.452391
1981-07-17,9.2354145
1981-07-18,9.578201
1981-07-19,13.064571
1981-07-20,12.394464
1981-07-21,10.208123
1981-07-22,12.498389
1981-07-23,8.635815
1981-07-24,7.7440577
1981-07-25,7.344119
1981-07-26,7.333595
1981-07-27,7.6341815
1981-07-28,7.482508
1981-07-29,7.4246
1981-07-30,7.564403
1981-07-31,7.202956
1981-08-01,7.4131184
1981-08-02,8.490556
1981-08-03,9.554578
1981-08-04,7.7370553
1981-08-05,6.86813
1981-08-06,6.6678925
1981-08-07,6.7793055
1981-08-08,6.1652927
1981-08-09,6.429777
1981-08-10,6.9018655
1981-08-11,7.0524864
1981-08-12,5.2001386
1981-08-13,6.234217
1981-08-14,7.739098
1981-08-15,8.294472
1981-08-16,6.499948
1981-08-17,6.916925
1981-08-18,8.267084
1981-08-19,7.3000097
1981-08-20,6.0920863
1981-08-21,7.2512207
1981-08-22,5.4108543
1981-08-23,7.394852
1981-08-24,16.823679
1981-08-25,23.668118
1981-08-26,40.784527
1981-08-27,34.70715
1981-08-28,8.624047
1981-08-29,6.6682324
1981-08-30,4.0883346
1981-08-31,8.162361
1981-09-01,12.553062
1981-09-02,17.064865
1981-09-03,28.852163
1981-09-04,26.734167
1981-09-05,10.81845
1981-09-06,10.944194
1981-09-07,5.5078855
1981-09-08,4.001867
1981-09-09,3.5977068
1981-09-10,3.4322245
1981-09-11,3.4852157
1981-09-12,5.841358
1981-09-13,8.290199
1981-09-14,15.062119
1981-09-15,15.289496
1981-09-16,4.8665786
1981-09-17,4.474105
1981-09-18,4.70434
1981-09-19,2.9452028
1981-09-20,5.6366677
1981-09-21,6.468819
1981-09-22,2.6712465
1981-09-23,1.9335473
1981-09-24,1.980011
1981-09-25,2.3082147
1981-09-26,2.2663333
1981-09-27,2.6527562
1981-09-28,2.4739003
1981-09-29,2.7301934
1981-09-30,2.295497
1981-10-01,2.0868726
1981-10-02,2.0796971
1981-10-03,2.1175318
1981-10-04,2.840261
1981-10-05,4.2701597
1981-10-06,4.346283
1981-10-07,2.5716674
1981-10-08,5.345506
1981-10-09,17.32365
1981-10-10,14.974261
1981-10-11,3.3658416
1981-10-12,20.109493
1981-10-13,36.057434
1981-10-14,31.798302
1981-10-15,27.768854
1981-10-16,32.677868
1981-10-17,31.767885
1981-10-18,11.888727
1981-10-19,3.641342
1981-10-20,2.8688858
1981-10-21,2.9484432
1981-10-22,3.9597712
1981-10-23,18.690306
1981-10-24,21.881227
1981-10-25,5.9211974
1981-10-26,4.043639
1981-10-27,4.8386474
1981-10-28,4.645394
1981-10-29,6.296111
1981-10-30,15.027141
1981-10-31,20.327488
1981-11-01,19.151016
1981-11-02,20.101952
1981-11-03,23.52896
1981-11-04,21.797981
1981-11-05,19.575216
1981-11-06,4.1978226
1981-11-07,2.6778526
1981-11-08,10.958413
1981-11-09,14.121329
1981-11-10,15.857056
1981-11-11,25.674835
1981-11-12,30.362274
1981-11-13,41.019913
1981-11-14,46.708702
1981-11-15,55.90607
1981-11-16,87.253296
1981-11-17,66.76008
1981-11-18,14.06011
1981-11-19,10.339837
1981-11-20,53.225628
1981-11-21,88.43513
1981-11-22,195.12027
1981-11-23,233.58426
1981-11-24,89.61406
1981-11-25,13.235775
1981-11-26,4.0339184
1981-11-27,3.4685113
1981-11-28,10.51623
1981-11-29,19.988333
1981-11-30,26.093899
1981-12-01,192.79999
1981-12-02,270.91736
1981-12-03,104.453636
1981-12-04,11.607596
1981-12-05,8.730055
1981-12-06,18.885279
1981-12-07,66.42906
1981-12-08,69.552795
1981-12-09,14.9256735
1981-12-10,5.7192745
1981-12-11,4.958946
1981-12-12,5.3795724
1981-12-13,6.1371636
1981-12-14,6.0069757
1981-12-15,5.4290605
1981-12-16,7.6495414
1981-12-17,6.872082
1981-12-18,4.1020603
1981-12-19,4.640701
1981-12-20,7.652334
1981-12-21,13.373734
1981-12-22,45.009727
1981-12-23,46.403835
1981-12-24,12.242276
1981-12-25,8.226614
1981-12-26,6.6063457
1981-12-27,22.068108
1981-12-28,23.703619
1981-12-29,6.3396406
1981-12-30,4.797922
1981-12-31,14.214718
1982-01-01,21.288113
1982-01-02,20.486765
1982-01-03,23.249586
1982-01-04,26.889297
1982-01-05,33.732765
1982-01-06,47.769257
1982-01-07,37.673454
1982-01-08,28.871983
1982-01-09,24.176464
1982-01-10,21.538868
1982-01-11,22.835781
1982-01-12,7.9116673
1982-01-13,8.741514
1982-01-14,8.656828
1982-01-15,5.412276
1982-01-16,8.147415
1982-01-17,9.524107
1982-01-18,17.081121
1982-01-19,16.452183
1982-01-20,5.5891933
1982-01-21,5.285177
1982-01-22,6.975589
1982-01-23,8.335311
1982-01-24,7.2147408
1982-01-25,10.192933
1982-01-26,14.043787
1982-01-27,16.701027
1982-01-28,25.649517
1982-01-29,25.583427
1982-01-30,33.274933
1982-01-31,30.138453
1982-02-01,6.9256644
1982-02-02,5.686323
1982-02-03,6.1149926
1982-02-04,9.260067
1982-02-05,14.942445
1982-02-06,12.876119
1982-02-07,9.1386595
1982-02-08,24.320705
1982-02-09,24.997437
1982-02-10,10.10208
1982-02-11,6.372105
1982-02-12,7.796714
1982-02-13,9.309444
1982-02-14,35.619144
1982-02-15,81.576385
1982-02-16,98.43548
1982-02-17,63.19275
1982-02-18,29.502394
1982-02-19,30.484732
1982-02-20,47.0971
1982-02-21,53.871548
1982-02-22,27.638103
1982-02-23,10.148765
1982-02-24,11.231848
1982-02-25,10.047912
1982-02-26,6.1417933
1982-02-27,5.1376324
1982-02-28,5.669431
1982-03-01,8.294688
1982-03-02,7.5671296
1982-03-03,19.69192
1982-03-04,26.755676
1982-03-05,11.183992
1982-03-06,10.416264
1982-03-07,15.420411
1982-03-08,14.299977
1982-03-09,13.9377165
1982-03-10,18.237885
1982-03-11,16.353956
1982-03-12,19.212446
1982-03-13,17.992203
1982-03-14,8.923827
1982-03-15,14.221603
1982-03-16,31.05689
1982-03-17,47.007755
1982-03-18,54.784172
1982-03-19,50.98003
1982-03-20,53.822403
1982-03-21,55.199078
1982-03-22,32.394928
1982-03-23,11.123487
1982-03-24,9.658994
1982-03-25,58.239567
1982-03-26,122.87467
1982-03-27,144.88199
1982-03-28,90.02493
1982-03-29,31.040257
1982-03-30,13.660788
1982-03-31,11.041633
1982-04-01,13.726626
1982-04-02,46.54441
1982-04-03,56.20428
1982-04-04,51.155735
1982-04-05,67.65341
1982-04-06,46.5149
1982-04-07,46.069046
1982-04-08,92.98085
1982-04-09,116.36503
1982-04-10,107.2086
1982-04-11,71.69806
1982-04-12,26.88038
1982-04-13,49.587425
1982-04-14,78.40486
1982-04-15,58.640575
1982-04-16,47.28286
1982-04-17,47.081486
1982-04-18,65.53828
1982-04-19,78.36841
1982-04-20,128.8004
1982-04-21,253.83409
1982-04-22,245.57874
1982-04-23,106.20134
1982-04-24,72.607376
1982-04-25,210.34622
1982-04-26,309.33542
1982-04-27,143.15533
1982-04-28,65.03165
1982-04-29,72.86809
1982-04-30,110.05121
1982-05-01,133.68257
1982-05-02,159.60114
1982-05-03,182.62659
1982-05-04,127.17296
1982-05-05,62.62763
1982-05-06,55.288883
1982-05-07,51.295578
1982-05-08,90.945656
1982-05-09,93.124405
1982-05-10,49.92459
1982-05-11,48.61086
1982-05-12,42.202812
1982-05-13,36.967842
1982-05-14,34.415066
1982-05-15,32.954166
1982-05-16,31.44952
1982-05-17,30.605385
1982-05-18,32.37812
1982-05-19,40.36278
1982-05-20,38.17121
1982-05-21,29.015726
1982-05-22,54.483955
1982-05-23,67.60755
1982-05-24,39.90678
1982-05-25,37.21654
1982-05-26,22.29256
1982-05-27,23.748178
1982-05-28,24.948908
1982-05-29,21.904291
1982-05-30,33.449383
1982-05-31,40.916145
1982-06-01,36.572227
1982-06-02,29.008276
1982-06-03,23.095821
1982-06-04,19.126657
1982-06-05,17.959684
1982-06-06,17.518486
1982-06-07,16.901102
1982-06-08,17.174927
1982-06-09,18.860235
1982-06-10,18.037167
1982-06-11,16.966473
1982-06-12,15.993363
1982-06-13,14.952119
1982-06-14,14.812333
1982-06-15,15.131288
1982-06-16,14.135157
1982-06-17,14.157376
1982-06-18,15.328966
1982-06-19,16.034176
1982-06-20,14.394851
1982-06-21,12.900045
1982-06-22,13.449096
1982-06-23,14.437412
1982-06-24,12.714302
1982-06-25,11.647572
1982-06-26,11.257355
1982-06-27,10.885976
1982-06-28,10.978379
1982-06-29,11.4393835
1982-06-30,11.7064
1982-07-01,12.199438
1982-07-02,15.664375
1982-07-03,19.169691
1982-07-04,17.142933
1982-07-05,13.821528
1982-07-06,14.741289
1982-07-07,11.872536
1982-07-08,11.146261
1982-07-09,10.020333
1982-07-10,8.85491
1982-07-11,8.4394655
1982-07-12,8.528717
1982-07-13,8.90383
1982-07-14,9.336543
1982-07-15,8.513275
1982-07-16,8.50443
1982-07-17,8.200493
1982-07-18,7.976766
1982-07-19,7.632102
1982-07-20,9.404083
1982-07-21,10.21499
1982-07-22,8.393195
1982-07-23,7.163201
1982-07-24,7.6516256
1982-07-25,7.677017
1982-07-26,7.1170144
1982-07-27,7.193757
1982-07-28,6.9415236
1982-07-29,8.233171
1982-07-30,9.345532
1982-07-31,9.3505
1982-08-01,9.699988
1982-08-02,7.230618
1982-08-03,6.584561
1982-08-04,8.220612
1982-08-05,8.004558
1982-08-06,5.606164
1982-08-07,5.357815
1982-08-08,6.5549073
1982-08-09,6.7329483
1982-08-10,5.862019
1982-08-11,5.0036464
1982-08-12,5.072731
1982-08-13,4.5724335
1982-08-14,4.336312
1982-08-15,4.418865
1982-08-16,4.036483
1982-08-17,3.9066083
1982-08-18,4.2325993
1982-08-19,4.241477
1982-08-20,4.68376
1982-08-21,4.8913817
1982-08-22,5.1643157
1982-08-23,4.3649693
1982-08-24,3.5474827
1982-08-25,3.4883785
1982-08-26,3.981948
1982-08-27,3.519947
1982-08-28,3.5389862
1982-08-29,4.1805477
1982-08-30,3.757018
1982-08-31,3.1691651
1982-09-01,3.3767931
1982-09-02,3.680696
1982-09-03,3.8167322
1982-09-04,3.8817158
1982-09-05,4.106984
1982-09-06,3.9927108
1982-09-07,4.1031327
1982-09-08,3.2168677
1982-09-09,3.2014754
1982-09-10,3.317883
1982-09-11,5.2264066
1982-09-12,8.247796
1982-09-13,7.3533297
1982-09-14,3.002382
1982-09-15,1.7235559
1982-09-16,1.1871588
1982-09-17,1.5149364
1982-09-18,4.8052225
1982-09-19,8.692258
1982-09-20,5.5812893
1982-09-21,1.2462208
1982-09-22,1.3752685
1982-09-23,1.4265803
1982-09-24,1.050357
1982-09-25,1.5580956
1982-09-26,7.19875
1982-09-27,18.855347
1982-09-28,17.014753
1982-09-29,12.259233
1982-09-30,10.644773
1982-10-01,6.5468993
1982-10-02,1.7023989
1982-10-03,2.025858
1982-10-04,4.144102
1982-10-05,3.902092
1982-10-06,4.8276687
1982-10-07,6.9099197
1982-10-08,6.533081
1982-10-09,7.0130906
1982-10-10,31.814924
1982-10-11,62.386703
1982-10-12,38.81063
1982-10-13,9.554601
1982-10-14,3.707343
1982-10-15,2.4722064
1982-10-16,1.9592732
1982-10-17,1.8088369
1982-10-18,2.8858073
1982-10-19,4.6776915
1982-10-20,6.7845373
1982-10-21,14.345306
1982-10-22,23.264214
1982-10-23,20.970493
1982-10-24,13.4746065
1982-10-25,30.956776
1982-10-26,29.780802
1982-10-27,7.4533157
1982-10-28,3.5260112
1982-10-29,4.715201
1982-10-30,5.878412
1982-10-31,7.2712245
1982-11-01,1.9625
1982-11-02,1.4569894
1982-11-03,11.181587
1982-11-04,26.963722
1982-11-05,28.86074
1982-11-06,25.405668
1982-11-07,20.530674
1982-11-08,5.662717
1982-11-09,1.6926066
1982-11-10,0.5819792
1982-11-11,1.3712751
1982-11-12,15.525455
1982-11-13,31.116787
1982-11-14,21.441212
1982-11-15,1.6654253
1982-11-16,0.6481079
1982-11-17,1.1567268
1982-11-18,1.5909698
1982-11-19,2.7622585
1982-11-20,6.790522
1982-11-21,12.174521
1982-11-22,16.517582
1982-11-23,15.550522
1982-11-24,10.327878
1982-11-25,7.295063
1982-11-26,2.0077293
1982-11-27,4.337495
1982-11-28,18.211601
1982-11-29,29.655884
1982-11-30,15.335266
1982-12-01,7.0914626
1982-12-02,1.7840687
1982-12-03,0.855396
1982-12-04,4.2433577
1982-12-05,13.976017
1982-12-06,34.985653
1982-12-07,35.87158
1982-12-08,12.719308
1982-12-09,2.6059294
1982-12-10,9.192292
1982-12-11,36.55495
1982-12-12,43.086433
1982-12-13,14.949479
1982-12-14,4.3620257
1982-12-15,1.1124319
1982-12-16,0.34133604
1982-12-17,1.0805897
1982-12-18,7.324168
1982-12-19,13.353657
1982-12-20,9.594216
1982-12-21,12.8955
1982-12-22,15.638372
1982-12-23,26.282522
1982-12-24,26.433125
1982-12-25,8.185713
1982-12-26,7.2714524
1982-12-27,5.1541057
1982-12-28,5.643401
1982-12-29,15.798918
1982-12-30,21.163305
1982-12-31,13.70927
1983-01-01,3.4514496
1983-01-02,1.4956808
1983-01-03,5.8530965
1983-01-04,20.899473
1983-01-05,26.033638
1983-01-06,27.582277
1983-01-07,24.249899
1983-01-08,1.2060095
1983-01-09,0.4969365
1983-01-10,0.17599687
1983-01-11,0.48571008
1983-01-12,1.0505844
1983-01-13,1.0821782
1983-01-14,4.4758697
1983-01-15,5.2064586
1983-01-16,1.8676192
1983-01-17,1.5380207
1983-01-18,0.62702113
1983-01-19,0.28401384
1983-01-20,0.06382988
1983-01-21,0.17458548
1983-01-22,0.28853643
1983-01-23,0.042135775
1983-01-24,0.0056023905
1983-01-25,0.0038395145
1983-01-26,0.07493286
1983-01-27,4.7713113
1983-01-28,8.121102
1983-01-29,4.865091
1983-01-30,10.069663
1983-01-31,9.023179
1983-02-01,1.3221982
1983-02-02,3.3348596
1983-02-03,3.129345
1983-02-04,4.7755985
1983-02-05,4.862178
1983-02-06,1.8716867
1983-02-07,7.0291657
1983-02-08,23.095806
1983-02-09,23.283081
1983-02-10,13.228936
1983-02-11,11.049273
1983-02-12,7.468265
1983-02-13,10.096178
1983-02-14,6.847682
1983-02-15,1.7871708
1983-02-16,11.603522
1983-02-17,11.045615
1983-02-18,0.8187153
1983-02-19,2.1039882
1983-02-20,5.691382
1983-02-21,4.336393
1983-02-22,1.6126957
1983-02-23,2.4430678
1983-02-24,1.0534807
1983-02-25,0.90293866
1983-02-26,1.6326915
1983-02-27,2.8737988
1983-02-28,2.530645
1983-03-01,0.493983
1983-03-02,0.32228696
1983-03-03,6.7893353
1983-03-04,17.668255
1983-03-05,12.5785265
1983-03-06,7.916441
1983-03-07,10.457694
1983-03-08,52.16762
1983-03-09,124.68172
1983-03-10,109.63856
1983-03-11,116.27519
1983-03-12,96.04401
1983-03-13,12.017531
1983-03-14,1.2698824
1983-03-15,4.1755486
1983-03-16,7.2454185
1983-03-17,5.663468
1983-03-18,15.175038
1983-03-19,28.069603
1983-03-20,19.332918
1983-03-21,2.1813335
1983-03-22,0.24316312
1983-03-23,0.6291806
1983-03-24,0.7569199
1983-03-25,0.17073004
1983-03-26,8.5613985
1983-03-27,12.013662
1983-03-28,24.305786
1983-03-29,24.51472
1983-03-30,31.65869
1983-03-31,63.64523
1983-04-01,37.51514
1983-04-02,0.9428868
1983-04-03,2.34371
1983-04-04,3.8816423
1983-04-05,2.52564
1983-04-06,7.0871363
1983-04-07,67.743
1983-04-08,142.81657
1983-04-09,110.44804
1983-04-10,62.62807
1983-04-11,66.915955
1983-04-12,52.219536
1983-04-13,48.696594
1983-04-14,195.2458
1983-04-15,320.32025
1983-04-16,281.8865
1983-04-17,139.96748
1983-04-18,33.448086
1983-04-19,8.612399
1983-04-20,6.6600037
1983-04-21,6.1081853
1983-04-22,21.393494
1983-04-23,42.849495
1983-04-24,26.33844
1983-04-25,10.093479
1983-04-26,6.787103
1983-04-27,5.4348507
1983-04-28,7.533024
1983-04-29,14.261179
1983-04-30,43.438442
1983-05-01,65.24515
1983-05-02,24.268734
1983-05-03,6.307029
1983-05-04,4.620054
1983-05-05,4.5988207
1983-05-06,5.3849597
1983-05-07,5.5318356
1983-05-08,5.2839866
1983-05-09,5.5252366
1983-05-10,4.6852775
1983-05-11,5.8306704
1983-05-12,8.614883
1983-05-13,8.450392
1983-05-14,6.949538
1983-05-15,4.398756
1983-05-16,4.4002695
1983-05-17,6.343379
1983-05-18,8.808624
1983-05-19,7.2513657
1983-05-20,18.365265
1983-05-21,40.391926
1983-05-22,51.039032
1983-05-23,51.52101
1983-05-24,75.374596
1983-05-25,70.42929
1983-05-26,20.475397
1983-05-27,5.6825614
1983-05-28,9.368444
1983-05-29,9.935746
1983-05-30,7.1609364
1983-05-31,6.9174404
1983-06-01,4.0920224
1983-06-02,3.7599108
1983-06-03,4.1712594
1983-06-04,4.646927
1983-06-05,18.157688
1983-06-06,25.449991
1983-06-07,12.371157
1983-06-08,4.5477934
1983-06-09,17.550035
1983-06-10,22.239218
1983-06-11,6.1011796
1983-06-12,4.1193957
1983-06-13,3.9711027
1983-06-14,4.0167193
1983-06-15,4.120032
1983-06-16,5.295787
1983-06-17,6.641234
1983-06-18,5.952706
1983-06-19,6.1577005
1983-06-20,3.4209943
1983-06-21,3.4426124
1983-06-22,4.1187744
1983-06-23,4.1335626
1983-06-24,3.5953846
1983-06-25,3.5390792
1983-06-26,2.8672404
1983-06-27,3.7997293
1983-06-28,4.886625
1983-06-29,3.460729
1983-06-30,4.4986496
1983-07-01,7.24636
1983-07-02,5.015607
1983-07-03,3.3022237
1983-07-04,2.9027302
1983-07-05,2.5078661
1983-07-06,2.9335263
1983-07-07,2.985728
1983-07-08,2.4616632
1983-07-09,2.4420195
1983-07-10,3.4904096
1983-07-11,6.0231895
1983-07-12,2.5430503
1983-07-13,2.0816097
1983-07-14,2.419506
1983-07-15,2.5408251
1983-07-16,2.1642148
1983-07-17,2.697851
1983-07-18,3.0228605
1983-07-19,3.3489752
1983-07-20,2.873177
1983-07-21,4.028551
1983-07-22,7.9002624
1983-07-23,6.807636
1983-07-24,5.042
1983-07-25,4.792226
1983-07-26,3.540203
1983-07-27,1.8003513
1983-07-28,1.6382443
1983-07-29,1.6407056
1983-07-30,2.022679
1983-07-31,2.0298204
1983-08-01,3.433396
1983-08-02,5.966929
1983-08-03,6.7850122
1983-08-04,4.4747195
1983-08-05,4.1126614
1983-08-06,2.2381165
1983-08-07,2.9357038
1983-08-08,7.9151096
1983-08-09,8.584939
1983-08-10,2.2255418
1983-08-11,2.0867677
1983-08-12,1.9402349
1983-08-13,1.2607211
1983-08-14,1.3046637
1983-08-15,1.3689786
1983-08-16,1.3136122
1983-08-17,1.7007172
1983-08-18,2.2102063
1983-08-19,2.908375
1983-08-20,2.1466465
1983-08-21,1.3789775
1983-08-22,1.1793399
1983-08-23,1.5021701
1983-08-24,1.4911956
1983-08-25,0.9679109
1983-08-26,1.1564302
1983-08-27,2.6672995
1983-08-28,3.6205068
1983-08-29,1.4292113
1983-08-30,3.1049075
1983-08-31,2.9768128
1983-09-01,0.5004766
1983-09-02,0.20296896
1983-09-03,0.54136294
1983-09-04,0.85188615
1983-09-05,0.51924294
1983-09-06,0.26391613
1983-09-07,0.8549771
1983-09-08,1.1153855
1983-09-09,0.3836615
1983-09-10,0.45848316
1983-09-11,0.29050195
1983-09-12,0.5955727
1983-09-13,0.83862203
1983-09-14,1.0772638
1983-09-15,0.9506861
1983-09-16,0.46818244
1983-09-17,0.15699287
1983-09-18,0.44174245
1983-09-19,0.56017005
1983-09-20,0.049992945
1983-09-21,0.0064167967
1983-09-22,0.049252413
1983-09-23,0.24794559
1983-09-24,0.43191653
1983-09-25,0.2002311
1983-09-26,0.010764773
1983-09-27,0.004839668
1983-09-28,0.004476372
1983-09-29,0.0045701964
1983-09-30,0.004372598
1983-10-01,0.0043400866
1983-10-02,0.032454975
1983-10-03,0.08598307
1983-10-04,2.127475
1983-10-05,4.8793154
1983-10-06,4.7046466
1983-10-07,1.7617399
1983-10-08,0.2028347
1983-10-09,0.32677466
1983-10-10,0.51638347
1983-10-11,0.7014763
1983-10-12,0.7628857
1983-10-13,0.29977748
1983-10-14,0.20932396
1983-10-15,0.3912575
1983-10-16,2.6311295
1983-10-17,13.056408
1983-10-18,16.173315
1983-10-19,11.051903
1983-10-20,24.110813
1983-10-21,59.239075
1983-10-22,71.891754
1983-10-23,78.047104
1983-10-24,70.00618
1983-10-25,14.991785
1983-10-26,7.84247
1983-10-27,21.607094
1983-10-28,20.32193
1983-10-29,3.0446734
1983-10-30,4.5843406
1983-10-31,13.733661
1983-11-01,28.22218
1983-11-02,42.820393
1983-11-03,33.718525
1983-11-04,7.0676074
1983-11-05,1.6654584
1983-11-06,0.567803
1983-11-07,2.2444916
1983-11-08,2.0759964
1983-11-09,0.49485537
1983-11-10,8.415546
1983-11-11,21.842436
1983-11-12,26.400612
1983-11-13,13.109335
1983-11-14,8.213436
1983-11-15,15.531538
1983-11-16,9.881412
1983-11-17,1.7600609
1983-11-18,2.7493174
1983-11-19,2.3567476
1983-11-20,0.22044417
1983-11-21,0.27274936
1983-11-22,0.48214582
1983-11-23,0.4968707
1983-11-24,0.8274526
1983-11-25,3.2867024
1983-11-26,3.7654948
1983-11-27,0.8190313
1983-11-28,1.3516288
1983-11-29,1.9996959
1983-11-30,20.450994
1983-12-01,47.811035
1983-12-02,41.887806
1983-12-03,17.235697
1983-12-04,2.8467782
1983-12-05,26.619955
1983-12-06,56.190002
1983-12-07,40.136494
1983-12-08,26.884443
1983-12-09,25.067856
1983-12-10,30.892553
1983-12-11,43.930515
1983-12-12,46.878338
1983-12-13,33.363274
1983-12-14,19.340963
1983-12-15,7.974022
1983-12-16,1.7896756
1983-12-17,0.9518182
1983-12-18,1.3443091
1983-12-19,8.141524
1983-12-20,18.038013
1983-12-21,76.40554
1983-12-22,78.767975
1983-12-23,10.099622
1983-12-24,0.20224705
1983-12-25,0.095486805
1983-12-26,0.4443975
1983-12-27,1.5972971
1983-12-28,1.3218473
1983-12-29,0.111556455
1983-12-30,0.018775638
1983-12-31,2.7357435
1984-01-01,10.399913
1984-01-02,11.332495
1984-01-03,7.2158914
1984-01-04,7.4897294
1984-01-05,16.808146
1984-01-06,21.632185
1984-01-07,14.707677
1984-01-08,33.86584
1984-01-09,57.54073
1984-01-10,58.899284
1984-01-11,20.302155
1984-01-12,15.889328
1984-01-13,11.92807
1984-01-14,5.4394073
1984-01-15,4.934213
1984-01-16,1.2037429
1984-01-17,10.248375
1984-01-18,12.637232
1984-01-19,4.5535717
1984-01-20,7.672508
1984-01-21,32.980907
1984-01-22,42.533665
1984-01-23,23.734842
1984-01-24,14.60264
1984-01-25,28.554535
1984-01-26,27.202164
1984-01-27,10.994413
1984-01-28,18.42022
1984-01-29,17.878866
1984-01-30,15.483388
1984-01-31,14.429072
1984-02-01,4.038194
1984-02-02,2.3128195
1984-02-03,3.375624
1984-02-04,3.9062886
1984-02-05,3.8176196
1984-02-06,7.9268813
1984-02-07,18.174103
1984-02-08,28.727606
1984-02-09,40.36958
1984-02-10,59.869087
1984-02-11,44.831238
1984-02-12,11.799312
1984-02-13,4.8923354
1984-02-14,10.184051
1984-02-15,34.19056
1984-02-16,55.228394
1984-02-17,50.644512
1984-02-18,35.360264
1984-02-19,12.026553
1984-02-20,4.9398193
1984-02-21,5.582808
1984-02-22,5.756991
1984-02-23,4.349978
1984-02-24,4.7848997
1984-02-25,5.6473265
1984-02-26,15.19132
1984-02-27,22.096273
1984-02-28,13.283029
1984-02-29,4.438113
1984-03-01,7.4315443
1984-03-02,11.049718
1984-03-03,9.069226
1984-03-04,5.4949994
1984-03-05,5.2557845
1984-03-06,4.447609
1984-03-07,5.453701
1984-03-08,9.405189
1984-03-09,8.231268
1984-03-10,8.380184
1984-03-11,11.410699
1984-03-12,8.669204
1984-03-13,5.9554796
1984-03-14,3.5707753
1984-03-15,3.037065
1984-03-16,11.153099
1984-03-17,22.66803
1984-03-18,20.845144
1984-03-19,18.03217
1984-03-20,21.560123
1984-03-21,27.315727
1984-03-22,32.9049
1984-03-23,33.523277
1984-03-24,39.218636
1984-03-25,58.059307
1984-03-26,32.857605
1984-03-27,13.926465
1984-03-28,13.749555
1984-03-29,34.02081
1984-03-30,40.174088
1984-03-31,34.465954
1984-04-01,32.218594
1984-04-02,56.70647
1984-04-03,63.81719
1984-04-04,17.58624
1984-04-05,27.31884
1984-04-06,40.624992
1984-04-07,26.473192
1984-04-08,16.763468
1984-04-09,13.344585
1984-04-10,33.879574
1984-04-11,37.819363
1984-04-12,19.058996
1984-04-13,29.982143
1984-04-14,37.114136
1984-04-15,26.776848
1984-04-16,18.70052
1984-04-17,34.938934
1984-04-18,41.436447
1984-04-19,29.704094
1984-04-20,23.35698
1984-04-21,12.5532
1984-04-22,37.832108
1984-04-23,41.091488
1984-04-24,60.97856
1984-04-25,105.23724
1984-04-26,66.33545
1984-04-27,28.490044
1984-04-28,39.67684
1984-04-29,44.556797
1984-04-30,39.016808
1984-05-01,51.383972
1984-05-02,53.815704
1984-05-03,27.87163
1984-05-04,33.335575
1984-05-05,26.011938
1984-05-06,11.423137
1984-05-07,11.256773
1984-05-08,12.197165
1984-05-09,28.426968
1984-05-10,41.654167
1984-05-11,38.007027
1984-05-12,40.2167
1984-05-13,47.612194
1984-05-14,58.21626
1984-05-15,60.38731
1984-05-16,53.02767
1984-05-17,76.20654
1984-05-18,103.53928
1984-05-19,58.94101
1984-05-20,23.853092
1984-05-21,19.394548
1984-05-22,18.923185
1984-05-23,23.353306
1984-05-24,34.512535
1984-05-25,35.41159
1984-05-26,25.359741
1984-05-27,28.033098
1984-05-28,35.091473
1984-05-29,26.172596
1984-05-30,19.681337
1984-05-31,15.4375105
1984-06-01,14.269243
1984-06-02,16.869486
1984-06-03,16.998878
1984-06-04,15.85906
1984-06-05,20.574566
1984-06-06,20.74542
1984-06-07,16.249222
1984-06-08,16.19331
1984-06-09,18.383665
1984-06-10,17.549454
1984-06-11,11.368482
1984-06-12,10.481055
1984-06-13,11.3354845
1984-06-14,10.529616
1984-06-15,9.730801
1984-06-16,9.858932
1984-06-17,9.598386
1984-06-18,13.006919
1984-06-19,19.157032
1984-06-20,13.991038
1984-06-21,9.272982
1984-06-22,8.170237
1984-06-23,7.789212
1984-06-24,9.543767
1984-06-25,10.332753
1984-06-26,8.474914
1984-06-27,7.1504393
1984-06-28,7.1170983
1984-06-29,7.1082993
1984-06-30,8.10995
1984-07-01,7.8419414
1984-07-02,6.4098516
1984-07-03,5.9357505
1984-07-04,7.605538
1984-07-05,7.7155952
1984-07-06,8.678559
1984-07-07,9.443421
1984-07-08,5.4280925
1984-07-09,4.8297153
1984-07-10,4.5562105
1984-07-11,4.9111156
1984-07-12,6.1177993
1984-07-13,8.313456
1984-07-14,7.6532283
1984-07-15,5.7227526
1984-07-16,4.9880695
1984-07-17,5.1212296
1984-07-18,5.0061483
1984-07-19,4.140673
1984-07-20,4.4598384
1984-07-21,4.7702994
1984-07-22,4.4369497
1984-07-23,3.895599
1984-07-24,3.6521795
1984-07-25,3.3368752
1984-07-26,3.475145
1984-07-27,4.5226426
1984-07-28,6.7348022
1984-07-29,6.3315535
1984-07-30,5.7629604
1984-07-31,6.158516
1984-08-01,6.027467
1984-08-02,6.0421815
1984-08-03,7.4442945
1984-08-04,11.673824
1984-08-05,9.366769
1984-08-06,3.4182646
1984-08-07,3.0254898
1984-08-08,2.6285322
1984-08-09,2.791228
1984-08-10,3.7810628
1984-08-11,5.0365644
1984-08-12,3.7387133
1984-08-13,3.399998
1984-08-14,3.5065167
1984-08-15,4.6796284
1984-08-16,3.987074
1984-08-17,2.5322924
1984-08-18,3.3736491
1984-08-19,7.709773
1984-08-20,10.0568075
1984-08-21,5.343187
1984-08-22,3.784669
1984-08-23,2.3484046
1984-08-24,1.8094587
1984-08-25,1.9314252
1984-08-26,1.651233
1984-08-27,1.7067426
1984-08-28,2.5477471
1984-08-29,2.2747376
1984-08-30,3.0607705
1984-08-31,2.5096164
1984-09-01,1.9449309
1984-09-02,2.6464133
1984-09-03,2.8369162
1984-09-04,4.16292
1984-09-05,4.2223687
1984-09-06,1.3626747
1984-09-07,0.5634353
1984-09-08,0.826488
1984-09-09,0.7875578
1984-09-10,2.488759
1984-09-11,5.080035
1984-09-12,4.381094
1984-09-13,1.958014
1984-09-14,0.6933072
1984-09-15,0.75943714
1984-09-16,5.240395
1984-09-17,7.915972
1984-09-18,3.2240276
1984-09-19,6.8321676
1984-09-20,16.313553
1984-09-21,22.226543
1984-09-22,99.62223
1984-09-23,95.50955
1984-09-24,8.131936
1984-09-25,3.0185738
1984-09-26,5.1950827
1984-09-27,13.307977
1984-09-28,11.829493
1984-09-29,0.9479322
1984-09-30,0.43286973
1984-10-01,1.2757993
1984-10-02,1.3017498
1984-10-03,0.8167606
1984-10-04,0.88634485
1984-10-05,2.2000713
1984-10-06,10.301816
1984-10-07,83.23212
1984-10-08,100.937935
1984-10-09,63.698383
1984-10-10,46.572945
1984-10-11,6.312196
1984-10-12,1.0731331
1984-10-13,1.0364206
1984-10-14,1.6089132
1984-10-15,2.2186587
1984-10-16,4.467345
1984-10-17,5.8293247
1984-10-18,6.1455474
1984-10-19,21.206951
1984-10-20,42.956203
1984-10-21,27.010868
1984-10-22,2.9945204
1984-10-23,4.2515197
1984-10-24,9.29215
1984-10-25,22.290478
1984-10-26,21.672077
1984-10-27,10.156658
1984-10-28,32.001804
1984-10-29,36.02669
1984-10-30,15.468081
1984-10-31,15.410369
1984-11-01,17.421242
1984-11-02,19.327576
1984-11-03,19.828619
1984-11-04,9.180497
1984-11-05,6.45355
1984-11-06,14.732071
1984-11-07,34.262367
1984-11-08,66.90223
1984-11-09,53.1876
1984-11-10,7.501785
1984-11-11,3.5606031
1984-11-12,13.840187
1984-11-13,23.0239
1984-11-14,33.872303
1984-11-15,25.639296
1984-11-16,6.732117
1984-11-17,1.476575
1984-11-18,3.6697233
1984-11-19,3.5598269
1984-11-20,1.4671488
1984-11-21,1.384027
1984-11-22,0.8876289
1984-11-23,0.6610953
1984-11-24,5.4958887
1984-11-25,9.078313
1984-11-26,22.335323
1984-11-27,24.284973
1984-11-28,12.423048
1984-11-29,32.214077
1984-11-30,43.79356
1984-12-01,23.477476
1984-12-02,6.1386576
1984-12-03,1.0797458
1984-12-04,0.6630049
1984-12-05,0.6051247
1984-12-06,1.1439291
1984-12-07,2.9120862
1984-12-08,5.1704545
1984-12-09,5.2693863
1984-12-10,7.204041
1984-12-11,6.1674275
1984-12-12,4.606371
1984-12-13,4.5793705
1984-12-14,3.3835924
1984-12-15,1.863581
1984-12-16,0.75452715
1984-12-17,11.406762
1984-12-18,17.81867
1984-12-19,92.13786
1984-12-20,119.7288
1984-12-21,16.893446
1984-12-22,3.8386827
1984-12-23,3.0040357
1984-12-24,19.796198
1984-12-25,22.973158
1984-12-26,4.131381
1984-12-27,1.8336496
1984-12-28,2.0719156
1984-12-29,2.6827664
1984-12-30,2.364785
1984-12-31,3.7214267
1985-01-01,5.097295
1985-01-02,4.2521553
1985-01-03,2.4849272
1985-01-04,1.9132521
1985-01-05,3.8262517
1985-01-06,18.554585
1985-01-07,23.817856
1985-01-08,13.4205675
1985-01-09,9.697851
1985-01-10,13.447544
1985-01-11,13.065321
1985-01-12,5.4284573
1985-01-13,16.297829
1985-01-14,24.395697
1985-01-15,15.971381
1985-01-16,21.957903
1985-01-17,23.245802
1985-01-18,12.615273
1985-01-19,14.847365
1985-01-20,29.94096
1985-01-21,29.829397
1985-01-22,43.729694
1985-01-23,45.9905
1985-01-24,18.77977
1985-01-25,29.565107
1985-01-26,29.252172
1985-01-27,43.573223
1985-01-28,44.228283
1985-01-29,14.271561
1985-01-30,10.499781
1985-01-31,11.299046
1985-02-01,19.398775
1985-02-02,17.50781
1985-02-03,13.434341
1985-02-04,19.40058
1985-02-05,14.457356
1985-02-06,7.978395
1985-02-07,3.8189268
1985-02-08,3.9394088
1985-02-09,5.393689
1985-02-10,6.4243493
1985-02-11,5.931181
1985-02-12,5.1676474
1985-02-13,4.6328945
1985-02-14,3.7868872
1985-02-15,3.5859876
1985-02-16,3.7009294
1985-02-17,3.653582
1985-02-18,3.4030669
1985-02-19,3.3510067
1985-02-20,3.3491352
1985-02-21,3.417354
1985-02-22,3.4783747
1985-02-23,3.8182065
1985-02-24,8.449426
1985-02-25,21.737219
1985-02-26,28.61065
1985-02-27,20.261742
1985-02-28,8.165881
1985-03-01,4.5614715
1985-03-02,4.19877
1985-03-03,3.960512
1985-03-04,3.5874977
1985-03-05,3.624432
1985-03-06,5.1592817
1985-03-07,6.362495
1985-03-08,5.8480186
1985-03-09,6.215869
1985-03-10,3.290553
1985-03-11,3.1850483
1985-03-12,12.559502
1985-03-13,14.296239
1985-03-14,6.7288985
1985-03-15,7.0687037
1985-03-16,5.841647
1985-03-17,7.063675
1985-03-18,8.859172
1985-03-19,17.720491
1985-03-20,38.335167
1985-03-21,31.757288
1985-03-22,14.869799
1985-03-23,3.9882138
1985-03-24,6.303845
1985-03-25,8.369524
1985-03-26,4.974998
1985-03-27,3.2672226
1985-03-28,5.8747864
1985-03-29,9.561422
1985-03-30,10.533575
1985-03-31,9.463051
1985-04-01,20.64778
1985-04-02,43.22949
1985-04-03,44.32311
1985-04-04,18.185038
1985-04-05,28.650267
1985-04-06,21.483006
1985-04-07,10.133585
1985-04-08,20.830414
1985-04-09,115.89989
1985-04-10,144.86905
1985-04-11,52.262157
1985-04-12,9.666869
1985-04-13,4.249208
1985-04-14,1.6184521
1985-04-15,1.5947735
1985-04-16,4.0938053
1985-04-17,4.43393
1985-04-18,2.4380121
1985-04-19,2.0049667
1985-04-20,4.2425127
1985-04-21,28.914665
1985-04-22,42.05613
1985-04-23,45.929897
1985-04-24,47.53796
1985-04-25,32.37605
1985-04-26,31.417936
1985-04-27,33.262486
1985-04-28,16.946487
1985-04-29,11.296882
1985-04-30,20.8815
1985-05-01,28.631878
1985-05-02,31.509562
1985-05-03,41.03717
1985-05-04,66.33608
1985-05-05,48.92026
1985-05-06,8.304232
1985-05-07,4.1629004
1985-05-08,3.769568
1985-05-09,4.3170953
1985-05-10,16.325695
1985-05-11,27.030226
1985-05-12,28.409266
1985-05-13,68.94955
1985-05-14,110.130165
1985-05-15,64.24962
1985-05-16,18.65106
1985-05-17,31.051882
1985-05-18,120.98257
1985-05-19,140.96704
1985-05-20,36.935005
1985-05-21,15.625073
1985-05-22,7.5943456
1985-05-23,9.411749
1985-05-24,13.430445
1985-05-25,13.240524
1985-05-26,8.489167
1985-05-27,7.635097
1985-05-28,7.95712
1985-05-29,9.322897
1985-05-30,11.484265
1985-05-31,11.908993
1985-06-01,11.683894
1985-06-02,22.058697
1985-06-03,41.976456
1985-06-04,58.760597
1985-06-05,54.237846
1985-06-06,35.613827
1985-06-07,21.157751
1985-06-08,16.202478
1985-06-09,16.973528
1985-06-10,15.451476
1985-06-11,20.238512
1985-06-12,14.137728
1985-06-13,12.847982
1985-06-14,10.681234
1985-06-15,10.440433
1985-06-16,8.805851
1985-06-17,9.652563
1985-06-18,10.791936
1985-06-19,12.116488
1985-06-20,10.359138
1985-06-21,8.69005
1985-06-22,9.661153
1985-06-23,12.177359
1985-06-24,11.14497
1985-06-25,10.441427
1985-06-26,15.72791
1985-06-27,30.629225
1985-06-28,15.820947
1985-06-29,14.295612
1985-06-30,13.761189
1985-07-01,8.794865
1985-07-02,6.0391383
1985-07-03,5.984105
1985-07-04,6.549511
1985-07-05,6.434551
1985-07-06,6.1293373
1985-07-07,6.04208
1985-07-08,5.959562
1985-07-09,8.731157
1985-07-10,10.895161
1985-07-11,6.7910347
1985-07-12,7.5935817
1985-07-13,8.869093
1985-07-14,7.081337
1985-07-15,7.322625
1985-07-16,9.716436
1985-07-17,10.579093
1985-07-18,10.62833
1985-07-19,10.206301
1985-07-20,11.065765
1985-07-21,11.763284
1985-07-22,9.4767275
1985-07-23,8.143248
1985-07-24,24.536453
1985-07-25,38.654457
1985-07-26,29.438581
1985-07-27,17.397896
1985-07-28,8.357599
1985-07-29,5.325459
1985-07-30,5.435623
1985-07-31,7.185547
1985-08-01,5.490817
1985-08-02,4.535334
1985-08-03,4.670814
1985-08-04,4.822232
1985-08-05,5.1762834
1985-08-06,5.3421235
1985-08-07,7.898929
1985-08-08,15.16999
1985-08-09,16.443169
1985-08-10,9.349591
1985-08-11,6.3322673
1985-08-12,5.1653233
1985-08-13,4.375594
1985-08-14,4.627225
1985-08-15,4.978824
1985-08-16,4.7649956
1985-08-17,4.8397045
1985-08-18,4.5558596
1985-08-19,4.3625307
1985-08-20,6.566678
1985-08-21,8.386332
1985-08-22,6.516018
1985-08-23,4.289443
1985-08-24,3.948211
1985-08-25,4.181729
1985-08-26,4.123292
1985-08-27,6.443076
1985-08-28,9.779854
1985-08-29,7.617894
1985-08-30,3.8630116
1985-08-31,3.544968
1985-09-01,3.9629068
1985-09-02,3.6076891
1985-09-03,3.145751
1985-09-04,3.326701
1985-09-05,3.3588676
1985-09-06,3.062736
1985-09-07,4.030564
1985-09-08,4.482857
1985-09-09,11.727497
1985-09-10,21.51564
1985-09-11,31.063372
1985-09-12,38.19768
1985-09-13,23.910053
1985-09-14,19.93449
1985-09-15,18.69967
1985-09-16,4.3878775
1985-09-17,2.8279102
1985-09-18,2.7077603
1985-09-19,2.4982855
1985-09-20,2.223332
1985-09-21,1.8496395
1985-09-22,1.7829982
1985-09-23,2.413007
1985-09-24,8.650523
1985-09-25,11.390705
1985-09-26,13.504107
1985-09-27,17.704868
1985-09-28,22.467447
1985-09-29,43.614246
1985-09-30,38.965107
1985-10-01,20.303917
1985-10-02,22.19704
1985-10-03,20.212423
1985-10-04,14.661264
1985-10-05,5.315133
1985-10-06,4.299166
1985-10-07,20.977468
1985-10-08,54.74259
1985-10-09,46.036224
1985-10-10,13.435032
1985-10-11,7.68944
1985-10-12,4.3714123
1985-10-13,2.2251666
1985-10-14,1.4196274
1985-10-15,1.5399632
1985-10-16,1.7954391
1985-10-17,5.230069
1985-10-18,12.498482
1985-10-19,19.722616
1985-10-20,27.423689
1985-10-21,31.842539
1985-10-22,33.1842
1985-10-23,36.389393
1985-10-24,37.525223
1985-10-25,23.742748
1985-10-26,26.045918
1985-10-27,31.271534
1985-10-28,21.638803
1985-10-29,35.115246
1985-10-30,50.84826
1985-10-31,49.882713
1985-11-01,37.183155
1985-11-02,30.385857
1985-11-03,6.754688
1985-11-04,4.782662
1985-11-05,7.6713557
1985-11-06,19.612358
1985-11-07,26.865646
1985-11-08,12.411969
1985-11-09,5.8055186
1985-11-10,5.4554343
1985-11-11,7.1631784
1985-11-12,7.2768006
1985-11-13,14.894265
1985-11-14,22.189335
1985-11-15,48.490135
1985-11-16,65.47419
1985-11-17,66.57488
1985-11-18,52.059334
1985-11-19,10.21617
1985-11-20,8.78206
1985-11-21,24.185276
1985-11-22,39.91633
1985-11-23,51.547237
1985-11-24,49.59402
1985-11-25,35.60187
1985-11-26,24.318804
1985-11-27,9.792688
1985-11-28,7.7107844
1985-11-29,9.551037
1985-11-30,11.144914
1985-12-01,16.205795
1985-12-02,27.355299
1985-12-03,43.12768
1985-12-04,32.455116
1985-12-05,25.600746
1985-12-06,32.045918
1985-12-07,55.277637
1985-12-08,51.347885
1985-12-09,57.200447
1985-12-10,37.576107
1985-12-11,11.484022
1985-12-12,14.919595
1985-12-13,15.22935
1985-12-14,15.19057
1985-12-15,15.115561
1985-12-16,9.476007
1985-12-17,8.485781
1985-12-18,6.6327887
1985-12-19,6.5764623
1985-12-20,6.491242
1985-12-21,6.692236
1985-12-22,12.014592
1985-12-23,13.675374
1985-12-24,9.081844
1985-12-25,8.821154
1985-12-26,10.834826
1985-12-27,11.174426
1985-12-28,13.102327
1985-12-29,15.208496
1985-12-30,10.736897
1985-12-31,9.488028
1986-01-01,9.956112
1986-01-02,8.729252
1986-01-03,5.90648
1986-01-04,8.4155855
1986-01-05,14.371623
1986-01-06,19.73182
1986-01-07,23.175629
1986-01-08,17.609262
1986-01-09,8.793742
1986-01-10,5.1256485
1986-01-11,5.199939
1986-01-12,5.3716125
1986-01-13,5.2034874
1986-01-14,4.971082
1986-01-15,10.127166
1986-01-16,19.852695
1986-01-17,22.585394
1986-01-18,20.266603
1986-01-19,23.22717
1986-01-20,26.668432
1986-01-21,26.81643
1986-01-22,24.399092
1986-01-23,16.215332
1986-01-24,26.220175
1986-01-25,37.406013
1986-01-26,44.407116
1986-01-27,40.13811
1986-01-28,29.957512
1986-01-29,21.871132
1986-01-30,6.7765403
1986-01-31,7.008624
1986-02-01,20.933477
1986-02-02,27.243717
1986-02-03,11.862696
1986-02-04,7.698008
1986-02-05,12.376218
1986-02-06,14.694974
1986-02-07,9.572833
1986-02-08,10.301935
1986-02-09,7.342852
1986-02-10,8.778697
1986-02-11,16.359676
1986-02-12,14.581388
1986-02-13,8.466253
1986-02-14,21.053675
1986-02-15,25.500467
1986-02-16,24.937626
1986-02-17,20.326227
1986-02-18,18.534712
1986-02-19,29.9363
1986-02-20,27.806221
1986-02-21,17.270073
1986-02-22,33.51183
1986-02-23,39.049446
1986-02-24,37.963974
1986-02-25,31.8745
1986-02-26,34.440235
1986-02-27,38.99139
1986-02-28,52.34314
1986-03-01,65.63741
1986-03-02,71.91043
1986-03-03,53.727383
1986-03-04,44.84348
1986-03-05,39.16522
1986-03-06,37.515152
1986-03-07,22.23806
1986-03-08,19.358212
1986-03-09,28.524122
1986-03-10,35.354374
1986-03-11,39.95399
1986-03-12,41.741753
1986-03-13,46.043816
1986-03-14,57.60226
1986-03-15,52.380417
1986-03-16,38.468456
1986-03-17,243.5577
1986-03-18,351.5695
1986-03-19,158.25739
1986-03-20,30.946415
1986-03-21,19.771086
1986-03-22,20.345251
1986-03-23,20.756107
1986-03-24,20.39807
1986-03-25,19.917686
1986-03-26,18.795666
1986-03-27,19.128815
1986-03-28,20.486034
1986-03-29,87.76349
1986-03-30,147.5586
1986-03-31,86.960785
1986-04-01,29.52004
1986-04-02,20.322863
1986-04-03,26.337648
1986-04-04,35.317444
1986-04-05,27.33857
1986-04-06,18.803556
1986-04-07,50.057205
1986-04-08,125.53905
1986-04-09,236.78688
1986-04-10,248.74374
1986-04-11,125.41276
1986-04-12,46.577793
1986-04-13,11.467594
1986-04-14,10.397031
1986-04-15,10.340084
1986-04-16,10.650264
1986-04-17,11.483823
1986-04-18,18.455631
1986-04-19,20.744946
1986-04-20,35.98916
1986-04-21,45.48406
1986-04-22,33.25568
1986-04-23,21.334984
1986-04-24,17.338041
1986-04-25,22.192255
1986-04-26,35.836082
1986-04-27,107.49844
1986-04-28,109.58087
1986-04-29,70.19197
1986-04-30,113.81614
1986-05-01,69.00343
1986-05-02,43.260548
1986-05-03,18.815418
1986-05-04,14.238177
1986-05-05,16.96722
1986-05-06,23.445766
1986-05-07,22.193762
1986-05-08,19.835064
1986-05-09,17.908169
1986-05-10,20.316708
1986-05-11,21.392433
1986-05-12,16.126484
1986-05-13,18.718004
1986-05-14,25.606447
1986-05-15,24.947094
1986-05-16,19.182934
1986-05-17,16.565102
1986-05-18,14.178594
1986-05-19,13.804559
1986-05-20,14.248362
1986-05-21,23.132246
1986-05-22,29.743738
1986-05-23,21.175127
1986-05-24,18.991175
1986-05-25,18.635382
1986-05-26,15.033273
1986-05-27,16.35599
1986-05-28,22.081314
1986-05-29,31.959608
1986-05-30,40.863182
1986-05-31,32.466206
1986-06-01,20.02899
1986-06-02,43.15376
1986-06-03,50.367626
1986-06-04,27.53722
1986-06-05,27.125223
1986-06-06,28.689936
1986-06-07,17.931814
1986-06-08,12.656686
1986-06-09,11.949126
1986-06-10,10.9107275
1986-06-11,11.615824
1986-06-12,12.798126
1986-06-13,10.82166
1986-06-14,9.735062
1986-06-15,9.619731
1986-06-16,10.704548
1986-06-17,12.816221
1986-06-18,11.794801
1986-06-19,13.174039
1986-06-20,15.624375
1986-06-21,21.196215
1986-06-22,23.988907
1986-06-23,14.287989
1986-06-24,11.017799
1986-06-25,13.886843
1986-06-26,16.84064
1986-06-27,15.074687
1986-06-28,16.442766
1986-06-29,15.715571
1986-06-30,12.480625
1986-07-01,15.080879
1986-07-02,13.615314
1986-07-03,10.62163
1986-07-04,14.399465
1986-07-05,11.968326
1986-07-06,11.177179
1986-07-07,14.096468
1986-07-08,15.920772
1986-07-09,15.412893
1986-07-10,10.833114
1986-07-11,11.276302
1986-07-12,12.746123
1986-07-13,12.639953
1986-07-14,9.599821
1986-07-15,8.800118
1986-07-16,9.939565
1986-07-17,9.563309
1986-07-18,9.598025
1986-07-19,14.64308
1986-07-20,13.1853895
1986-07-21,7.067526
1986-07-22,7.4408402
1986-07-23,11.709132
1986-07-24,23.356081
1986-07-25,31.684788
1986-07-26,10.238949
1986-07-27,7.391779
1986-07-28,8.026852
1986-07-29,9.7774105
1986-07-30,7.394125
1986-07-31,6.042775
1986-08-01,5.8337426
1986-08-02,6.3272343
1986-08-03,7.665675
1986-08-04,8.541694
1986-08-05,6.300519
1986-08-06,7.017472
1986-08-07,8.803874
1986-08-08,8.614842
1986-08-09,8.178569
1986-08-10,8.529091
1986-08-11,6.41539
1986-08-12,6.2655144
1986-08-13,6.026975
1986-08-14,5.7871294
1986-08-15,6.1656823
1986-08-16,5.595477
1986-08-17,5.3372326
1986-08-18,5.418744
1986-08-19,5.9713826
1986-08-20,6.295284
1986-08-21,5.5553966
1986-08-22,5.25308
1986-08-23,5.056088
1986-08-24,5.1328235
1986-08-25,5.1204634
1986-08-26,4.4299164
1986-08-27,3.8985014
1986-08-28,3.3848486
1986-08-29,3.3435168
1986-08-30,3.3035433
1986-08-31,3.614966
1986-09-01,3.3639553
1986-09-02,3.9521646
1986-09-03,4.5271916
1986-09-04,4.636243
1986-09-05,3.96967
1986-09-06,3.1471913
1986-09-07,2.6664925
1986-09-08,3.0355704
1986-09-09,4.602465
1986-09-10,5.0468407
1986-09-11,4.3934913
1986-09-12,6.478502
1986-09-13,4.5443697
1986-09-14,3.399021
1986-09-15,2.9766567
1986-09-16,2.6150813
1986-09-17,2.200835
1986-09-18,2.1097062
1986-09-19,2.3176591
1986-09-20,3.5328004
1986-09-21,5.9221234
1986-09-22,6.7384076
1986-09-23,4.5093403
1986-09-24,9.462905
1986-09-25,30.614021
1986-09-26,31.405113
1986-09-27,6.942792
1986-09-28,3.8921623
1986-09-29,23.53844
1986-09-30,29.076355
1986-10-01,7.6284266
1986-10-02,5.5886173
1986-10-03,14.077008
1986-10-04,23.060911
1986-10-05,18.361086
1986-10-06,17.16623
1986-10-07,15.973492
1986-10-08,60.30925
1986-10-09,94.127235
1986-10-10,51.44809
1986-10-11,31.69523
1986-10-12,39.610756
1986-10-13,48.312775
1986-10-14,54.27761
1986-10-15,39.00815
1986-10-16,51.342003
1986-10-17,54.441994
1986-10-18,36.04264
1986-10-19,30.500519
1986-10-20,28.98647
1986-10-21,13.543646
1986-10-22,12.616519
1986-10-23,8.028016
1986-10-24,4.4916763
1986-10-25,8.552745
1986-10-26,32.550163
1986-10-27,37.05647
1986-10-28,46.273617
1986-10-29,59.209316
1986-10-30,54.320824
1986-10-31,54.40721
1986-11-01,52.878857
1986-11-02,54.694714
1986-11-03,44.134083
1986-11-04,30.109236
1986-11-05,51.834538
1986-11-06,49.915123
1986-11-07,31.149807
1986-11-08,19.289658
1986-11-09,7.8378077
1986-11-10,14.387159
1986-11-11,55.480316
1986-11-12,63.055622
1986-11-13,21.833097
1986-11-14,18.11479
1986-11-15,19.562286
1986-11-16,9.73663
1986-11-17,8.863351
1986-11-18,7.7208867
1986-11-19,7.6853
1986-11-20,7.9156775
1986-11-21,8.063745
1986-11-22,12.032052
1986-11-23,23.10329
1986-11-24,29.648136
1986-11-25,25.368238
1986-11-26,29.410587
1986-11-27,31.592268
1986-11-28,25.601873
1986-11-29,31.335691
1986-11-30,10.220097
1986-12-01,7.6150274
1986-12-02,8.11625
1986-12-03,9.598437
1986-12-04,9.159624
1986-12-05,6.954899
1986-12-06,6.6193285
1986-12-07,7.0929704
1986-12-08,6.9331045
1986-12-09,6.901115
1986-12-10,6.85488
1986-12-11,6.7453513
1986-12-12,7.2896094
1986-12-13,7.185357
1986-12-14,7.0117455
1986-12-15,7.2581663
1986-12-16,16.47329
1986-12-17,21.45623
1986-12-18,8.695378
1986-12-19,6.705237
1986-12-20,6.138604
1986-12-21,5.9323697
1986-12-22,6.0422955
1986-12-23,5.547388
1986-12-24,5.5862575
1986-12-25,7.0939054
1986-12-26,7.987687
1986-12-27,6.682071
1986-12-28,5.314382
1986-12-29,6.0911865
1986-12-30,5.859411
1986-12-31,4.8993993
1987-01-01,6.4701247
1987-01-02,8.312269
1987-01-03,10.507845
1987-01-04,8.579938
1987-01-05,5.5394006
1987-01-06,8.167929
1987-01-07,10.831595
1987-01-08,14.963565
1987-01-09,16.303257
1987-01-10,23.355843
1987-01-11,25.697231
1987-01-12,8.617545
1987-01-13,4.1111655
1987-01-14,3.8022425
1987-01-15,3.7815614
1987-01-16,3.7542796
1987-01-17,3.706058
1987-01-18,3.8216968
1987-01-19,4.4527507
1987-01-20,5.1244054
1987-01-21,6.1878963
1987-01-22,7.630767
1987-01-23,7.118562
1987-01-24,11.803697
1987-01-25,11.8992
1987-01-26,5.495468
1987-01-27,3.6200004
1987-01-28,4.008564
1987-01-29,4.1799693
1987-01-30,3.1282098
1987-01-31,2.8444228
1987-02-01,4.3688617
1987-02-02,10.500237
1987-02-03,9.072609
1987-02-04,3.0786672
1987-02-05,2.9607673
1987-02-06,2.7526662
1987-02-07,2.77098
1987-02-08,3.0228024
1987-02-09,4.5274973
1987-02-10,4.3105054
1987-02-11,2.9906893
1987-02-12,3.3352165
1987-02-13,7.722104
1987-02-14,27.645512
1987-02-15,50.61646
1987-02-16,44.978924
1987-02-17,20.982903
1987-02-18,3.2306435
1987-02-19,2.2442398
1987-02-20,2.587507
1987-02-21,1.8491478
1987-02-22,1.3634237
1987-02-23,1.7873586
1987-02-24,1.6733236
1987-02-25,1.1313386
1987-02-26,1.7166531
1987-02-27,2.3183315
1987-02-28,1.5346327
1987-03-01,1.3870478
1987-03-02,1.6634128
1987-03-03,1.6946181
1987-03-04,3.5597606
1987-03-05,12.765359
1987-03-06,20.916317
1987-03-07,22.589245
1987-03-08,12.54249
1987-03-09,7.177094
1987-03-10,8.522377
1987-03-11,8.612353
1987-03-12,10.107615
1987-03-13,11.275258
1987-03-14,36.73968
1987-03-15,102.120705
1987-03-16,145.74791
1987-03-17,93.563675
1987-03-18,23.173164
1987-03-19,11.165284
1987-03-20,7.7382383
1987-03-21,1.411827
1987-03-22,0.8593949
1987-03-23,1.2119458
1987-03-24,2.468691
1987-03-25,3.7671409
1987-03-26,2.9336064
1987-03-27,8.716918
1987-03-28,29.676954
1987-03-29,61.379253
1987-03-30,59.759224
1987-03-31,54.199333
1987-04-01,49.74505
1987-04-02,26.8628
1987-04-03,23.831623
1987-04-04,17.083282
1987-04-05,8.073061
1987-04-06,9.087352
1987-04-07,13.25179
1987-04-08,9.25135
1987-04-09,4.54185
1987-04-10,2.4856188
1987-04-11,1.5519899
1987-04-12,2.1948702
1987-04-13,1.3226217
1987-04-14,0.10105808
1987-04-15,0.017998822
1987-04-16,0.4389563
1987-04-17,5.1070647
1987-04-18,8.194037
1987-04-19,4.674043
1987-04-20,2.9603615
1987-04-21,2.5160685
1987-04-22,4.654025
1987-04-23,6.065371
1987-04-24,3.7893426
1987-04-25,3.2580175
1987-04-26,4.035788
1987-04-27,9.608479
1987-04-28,20.179304
1987-04-29,77.11161
1987-04-30,91.81167
1987-05-01,58.95138
1987-05-02,67.159485
1987-05-03,50.108627
1987-05-04,23.912039
1987-05-05,23.058012
1987-05-06,49.78476
1987-05-07,105.92995
1987-05-08,93.90056
1987-05-09,20.196062
1987-05-10,3.3447015
1987-05-11,6.040283
1987-05-12,8.920364
1987-05-13,8.017326
1987-05-14,6.310266
1987-05-15,8.244047
1987-05-16,6.723984
1987-05-17,17.398748
1987-05-18,33.261482
1987-05-19,19.200474
1987-05-20,4.9057574
1987-05-21,13.70426
1987-05-22,111.321304
1987-05-23,115.70548
1987-05-24,26.228888
1987-05-25,45.245853
1987-05-26,28.915163
1987-05-27,14.285709
1987-05-28,15.415193
1987-05-29,11.970366
1987-05-30,5.9483185
1987-05-31,4.9974294
1987-06-01,4.9031057
1987-06-02,5.3487487
1987-06-03,4.8948402
1987-06-04,4.4092755
1987-06-05,4.84644
1987-06-06,5.816814
1987-06-07,10.322698
1987-06-08,12.19044
1987-06-09,6.316447
1987-06-10,6.6940527
1987-06-11,8.451919
1987-06-12,5.88417
1987-06-13,5.7898126
1987-06-14,4.949024
1987-06-15,4.8624754
1987-06-16,6.4351754
1987-06-17,4.2230363
1987-06-18,4.3553505
1987-06-19,4.3185534
1987-06-20,4.202008
1987-06-21,4.386773
1987-06-22,4.7153897
1987-06-23,4.2778006
1987-06-24,4.969872
1987-06-25,7.5625186
1987-06-26,7.1725354
1987-06-27,6.2602
1987-06-28,5.648285
1987-06-29,7.234111
1987-06-30,4.079215
1987-07-01,5.024803
1987-07-02,6.1771197
1987-07-03,4.2265706
1987-07-04,3.2229486
1987-07-05,4.487152
1987-07-06,6.7304797
1987-07-07,5.8798823
1987-07-08,4.405897
1987-07-09,2.801268
1987-07-10,2.8997557
1987-07-11,4.331827
1987-07-12,5.6902857
1987-07-13,3.6443405
1987-07-14,3.8782516
1987-07-15,2.9121997
1987-07-16,5.563145
1987-07-17,6.670969
1987-07-18,2.8904953
1987-07-19,2.9310665
1987-07-20,2.5266192
1987-07-21,2.6078475
1987-07-22,3.7238414
1987-07-23,3.5804732
1987-07-24,4.433025
1987-07-25,5.819187
1987-07-26,3.178782
1987-07-27,2.7071788
1987-07-28,2.5551028
1987-07-29,2.8301597
1987-07-30,3.9947095
1987-07-31,5.317798
1987-08-01,4.4806046
1987-08-02,5.8504767
1987-08-03,9.451161
1987-08-04,10.12665
1987-08-05,8.311758
1987-08-06,1.5984025
1987-08-07,2.933234
1987-08-08,3.6226194
1987-08-09,2.01982
1987-08-10,1.7682338
1987-08-11,1.201049
1987-08-12,1.014318
1987-08-13,0.9374325
1987-08-14,0.9339197
1987-08-15,0.93059707
1987-08-16,0.13595304
1987-08-17,0.24542725
1987-08-18,0.62283313
1987-08-19,1.9382812
1987-08-20,2.495143
1987-08-21,0.78314894
1987-08-22,2.1706913
1987-08-23,2.579578
1987-08-24,1.1602194
1987-08-25,0.98693186
1987-08-26,1.3682894
1987-08-27,2.2771604
1987-08-28,1.8459694
1987-08-29,0.6567704
1987-08-30,0.4000971
1987-08-31,0.4275522
1987-09-01,0.7283344
1987-09-02,0.39643976
1987-09-03,0.7307322
1987-09-04,2.060893
1987-09-05,4.1032405
1987-09-06,4.762949
1987-09-07,5.075298
1987-09-08,3.7272313
1987-09-09,1.1848682
1987-09-10,0.701206
1987-09-11,0.56938654
1987-09-12,1.8358102
1987-09-13,3.751549
1987-09-14,2.7543445
1987-09-15,1.7089678
1987-09-16,14.881545
1987-09-17,14.101773
1987-09-18,0.64383805
1987-09-19,0.05671894
1987-09-20,0.12701008
1987-09-21,0.24720198
1987-09-22,0.8222692
1987-09-23,1.5417538
1987-09-24,3.9030967
1987-09-25,3.9699178
1987-09-26,2.1852498
1987-09-27,3.0733442
1987-09-28,5.048106
1987-09-29,6.114698
1987-09-30,4.205985
1987-10-01,19.667835
1987-10-02,38.983173
1987-10-03,81.29898
1987-10-04,149.48631
1987-10-05,116.527176
1987-10-06,23.11451
1987-10-07,10.317559
1987-10-08,1.7942458
1987-10-09,1.1314003
1987-10-10,5.0855947
1987-10-11,5.2266717
1987-10-12,1.0834223
1987-10-13,9.693581
1987-10-14,17.521597
1987-10-15,16.886555
1987-10-16,12.592407
1987-10-17,9.859345
1987-10-18,30.072578
1987-10-19,47.977047
1987-10-20,73.736435
1987-10-21,76.3468
1987-10-22,25.808723
1987-10-23,5.58079
1987-10-24,4.953887
1987-10-25,3.8362684
1987-10-26,12.332263
1987-10-27,16.110012
1987-10-28,15.715443
1987-10-29,21.421486
1987-10-30,43.052265
1987-10-31,67.483864
1987-11-01,60.304016
1987-11-02,61.858402
1987-11-03,30.873043
1987-11-04,38.935223
1987-11-05,240.18938
1987-11-06,268.92096
1987-11-07,45.317486
1987-11-08,2.7645462
1987-11-09,0.18858764
1987-11-10,0.03835365
1987-11-11,0.035132427
1987-11-12,0.01522595
1987-11-13,0.03249505
1987-11-14,0.62198645
1987-11-15,1.7336465
1987-11-16,5.3913736
1987-11-17,5.469207
1987-11-18,9.814272
1987-11-19,36.93621
1987-11-20,84.53884
1987-11-21,94.227005
1987-11-22,57.051212
1987-11-23,31.92882
1987-11-24,23.736828
1987-11-25,10.825927
1987-11-26,9.015761
1987-11-27,13.733871
1987-11-28,26.29778
1987-11-29,40.394474
1987-11-30,30.276783
1987-12-01,27.417505
1987-12-02,44.862244
1987-12-03,45.269447
1987-12-04,18.203938
1987-12-05,13.087821
1987-12-06,19.043905
1987-12-07,18.212858
1987-12-08,11.100753
1987-12-09,2.9721887
1987-12-10,2.7726922
1987-12-11,8.568912
1987-12-12,12.65405
1987-12-13,8.204381
1987-12-14,4.120643
1987-12-15,2.3956015
1987-12-16,3.270371
1987-12-17,4.568668
1987-12-18,3.2173655
1987-12-19,1.8357192
1987-12-20,1.9509734
1987-12-21,2.3069465
1987-12-22,2.1490335
1987-12-23,1.7426937
1987-12-24,1.6988336
1987-12-25,1.687039
1987-12-26,1.2852727
1987-12-27,0.8499858
1987-12-28,0.68342626
1987-12-29,4.76381
1987-12-30,5.0789323
1987-12-31,1.1867715
1988-01-01,1.4191183
1988-01-02,1.093835
1988-01-03,0.7060128
1988-01-04,6.2596936
1988-01-05,28.41677
1988-01-06,24.6885
1988-01-07,1.092192
1988-01-08,0.29799032
1988-01-09,0.1779282
1988-01-10,0.6719828
1988-01-11,8.909719
1988-01-12,12.095514
1988-01-13,5.886456
1988-01-14,5.000518
1988-01-15,16.373955
1988-01-16,17.31341
1988-01-17,11.281237
1988-01-18,18.800127
1988-01-19,19.637117
1988-01-20,11.673737
1988-01-21,10.174052
1988-01-22,10.879154
1988-01-23,7.700882
1988-01-24,7.7523723
1988-01-25,3.8071644
1988-01-26,0.71361685
1988-01-27,3.5273042
1988-01-28,4.238236
1988-01-29,3.767388
1988-01-30,25.948544
1988-01-31,27.532951
1988-02-01,3.8470292
1988-02-02,0.69578964
1988-02-03,3.9291482
1988-02-04,14.356631
1988-02-05,55.580547
1988-02-06,82.948265
1988-02-07,49.744244
1988-02-08,15.366659
1988-02-09,5.7703676
1988-02-10,2.9099064
1988-02-11,12.151015
1988-02-12,24.634703
1988-02-13,28.171232
1988-02-14,22.099514
1988-02-15,12.111742
1988-02-16,3.9341228
1988-02-17,0.8382762
1988-02-18,0.6435658
1988-02-19,1.2539626
1988-02-20,1.5421963
1988-02-21,2.0280087
1988-02-22,1.714368
1988-02-23,4.4135914
1988-02-24,10.422634
1988-02-25,23.127937
1988-02-26,26.893047
1988-02-27,20.316172
1988-02-28,17.700974
1988-02-29,19.062004
1988-03-01,19.874777
1988-03-02,14.85027
1988-03-03,9.33798
1988-03-04,12.3862505
1988-03-05,10.595012
1988-03-06,6.5114665
1988-03-07,12.000738
1988-03-08,22.703653
1988-03-09,26.667553
1988-03-10,16.048294
1988-03-11,13.035343
1988-03-12,13.693387
1988-03-13,11.813933
1988-03-14,40.91418
1988-03-15,56.150497
1988-03-16,33.061527
1988-03-17,13.870811
1988-03-18,3.1165748
1988-03-19,0.89868295
1988-03-20,0.26821652
1988-03-21,0.2773511
1988-03-22,0.41551885
1988-03-23,0.034324367
1988-03-24,0.0061869565
1988-03-25,0.003987333
1988-03-26,0.0035386547
1988-03-27,0.025728844
1988-03-28,0.35655507
1988-03-29,0.91070116
1988-03-30,1.2612677
1988-03-31,12.072183
1988-04-01,25.505178
1988-04-02,27.222456
1988-04-03,155.52669
1988-04-04,319.0732
1988-04-05,261.455
1988-04-06,98.37524
1988-04-07,26.819677
1988-04-08,59.61514
1988-04-09,77.95738
1988-04-10,52.712234
1988-04-11,42.66569
1988-04-12,77.22599
1988-04-13,184.40022
1988-04-14,291.05783
1988-04-15,214.32127
1988-04-16,107.17407
1988-04-17,143.51509
1988-04-18,126.80683
1988-04-19,52.967052
1988-04-20,29.586594
1988-04-21,43.163544
1988-04-22,71.14095
1988-04-23,385.20294
1988-04-24,531.3074
1988-04-25,235.95937
1988-04-26,48.891235
1988-04-27,34.60921
1988-04-28,35.275387
1988-04-29,35.746258
1988-04-30,34.35709
1988-05-01,30.270514
1988-05-02,45.28969
1988-05-03,88.12406
1988-05-04,335.73248
1988-05-05,352.20316
1988-05-06,97.456215
1988-05-07,44.587128
1988-05-08,40.405792
1988-05-09,35.033493
1988-05-10,30.506952
1988-05-11,28.363697
1988-05-12,26.989138
1988-05-13,23.736994
1988-05-14,21.22213
1988-05-15,21.139755
1988-05-16,51.50001
1988-05-17,104.419235
1988-05-18,75.71972
1988-05-19,18.379
1988-05-20,16.057789
1988-05-21,15.1462965
1988-05-22,13.667196
1988-05-23,12.027941
1988-05-24,11.501843
1988-05-25,13.786703
1988-05-26,17.045156
1988-05-27,14.750574
1988-05-28,10.681673
1988-05-29,11.640481
1988-05-30,12.213841
1988-05-31,43.109737
1988-06-01,69.02485
1988-06-02,49.230846
1988-06-03,36.695168
1988-06-04,40.90092
1988-06-05,28.104929
1988-06-06,15.507702
1988-06-07,11.481329
1988-06-08,7.497092
1988-06-09,6.1632934
1988-06-10,7.299086
1988-06-11,12.237979
1988-06-12,16.901188
1988-06-13,14.614098
1988-06-14,11.3585825
1988-06-15,8.531038
1988-06-16,8.12012
1988-06-17,10.140053
1988-06-18,26.990042
1988-06-19,37.575676
1988-06-20,23.923275
1988-06-21,15.326289
1988-06-22,22.32758
1988-06-23,16.611727
1988-06-24,10.610177
1988-06-25,8.191011
1988-06-26,6.8239017
1988-06-27,6.1215887
1988-06-28,10.807158
1988-06-29,13.763925
1988-06-30,8.488128
1988-07-01,8.759333
1988-07-02,5.827402
1988-07-03,5.054871
1988-07-04,10.72081
1988-07-05,16.723337
1988-07-06,11.707293
1988-07-07,17.003553
1988-07-08,25.425367
1988-07-09,16.004955
1988-07-10,12.747198
1988-07-11,9.3158
1988-07-12,9.928244
1988-07-13,15.137917
1988-07-14,18.482073
1988-07-15,12.0606365
1988-07-16,7.0410185
1988-07-17,5.8867674
1988-07-18,6.612439
1988-07-19,6.145173
1988-07-20,6.427406
1988-07-21,6.148529
1988-07-22,7.536796
1988-07-23,9.041761
1988-07-24,10.928407
1988-07-25,21.182306
1988-07-26,16.68335
1988-07-27,6.705104
1988-07-28,8.808967
1988-07-29,6.107293
1988-07-30,4.7111154
1988-07-31,4.981997
1988-08-01,6.3998637
1988-08-02,11.155787
1988-08-03,26.923426
1988-08-04,22.179426
1988-08-05,5.223898
1988-08-06,8.321314
1988-08-07,10.171962
1988-08-08,7.3246446
1988-08-09,5.3696685
1988-08-10,7.355258
1988-08-11,10.317345
1988-08-12,9.899897
1988-08-13,6.9172792
1988-08-14,5.8718543
1988-08-15,4.7621055
1988-08-16,4.409329
1988-08-17,4.815872
1988-08-18,14.932638
1988-08-19,18.627483
1988-08-20,7.096152
1988-08-21,6.951929
1988-08-22,19.053144
1988-08-23,21.514845
1988-08-24,10.024789
1988-08-25,6.7388377
1988-08-26,9.423641
1988-08-27,14.2204895
1988-08-28,13.762997
1988-08-29,8.91822
1988-08-30,5.663899
1988-08-31,5.801502
1988-09-01,35.090176
1988-09-02,60.578632
1988-09-03,25.392063
1988-09-04,9.055815
1988-09-05,5.6440263
1988-09-06,4.9209886
1988-09-07,12.764204
1988-09-08,17.577116
1988-09-09,13.057373
1988-09-10,22.807928
1988-09-11,43.589
1988-09-12,37.40183
1988-09-13,16.481905
1988-09-14,8.990076
1988-09-15,5.1848583
1988-09-16,6.4339786
1988-09-17,6.7757087
1988-09-18,4.431432
1988-09-19,4.3845286
1988-09-20,8.277912
1988-09-21,13.0804825
1988-09-22,7.5218124
1988-09-23,7.8051124
1988-09-24,7.167022
1988-09-25,6.3414927
1988-09-26,2.9610214
1988-09-27,2.7223225
1988-09-28,2.5782483
1988-09-29,2.4299607
1988-09-30,3.4233034
1988-10-01,10.367019
1988-10-02,20.70496
1988-10-03,29.4474
1988-10-04,27.95394
1988-10-05,19.609636
1988-10-06,8.953926
1988-10-07,2.9917674
1988-10-08,2.7597444
1988-10-09,3.5978754
1988-10-10,3.6366737
1988-10-11,2.9561596
1988-10-12,3.083314
1988-10-13,6.1604824
1988-10-14,20.110561
1988-10-15,24.280796
1988-10-16,18.115276
1988-10-17,20.245361
1988-10-18,22.728807
1988-10-19,37.960068
1988-10-20,60.599277
1988-10-21,49.540443
1988-10-22,39.16137
1988-10-23,20.379501
1988-10-24,3.613604
1988-10-25,4.7389784
1988-10-26,22.09977
1988-10-27,33.22967
1988-10-28,163.92923
1988-10-29,222.52744
1988-10-30,95.430954
1988-10-31,183.36203
1988-11-01,272.38263
1988-11-02,144.97827
1988-11-03,42.758358
1988-11-04,26.171375
1988-11-05,12.872734
1988-11-06,8.178629
1988-11-07,22.599117
1988-11-08,43.090538
1988-11-09,35.961147
1988-11-10,21.495714
1988-11-11,14.035975
1988-11-12,11.097865
1988-11-13,11.517929
1988-11-14,14.133222
1988-11-15,39.135277
1988-11-16,67.35785
1988-11-17,66.46055
1988-11-18,65.21354
1988-11-19,51.836807
1988-11-20,47.158215
1988-11-21,56.79555
1988-11-22,78.70028
1988-11-23,66.26794
1988-11-24,77.343216
1988-11-25,82.56407
1988-11-26,93.43255
1988-11-27,94.21899
1988-11-28,53.389065
1988-11-29,33.264446
1988-11-30,41.09487
1988-12-01,45.171
1988-12-02,45.998333
1988-12-03,49.68953
1988-12-04,56.8671
1988-12-05,43.797768
1988-12-06,36.50051
1988-12-07,37.582253
1988-12-08,33.51283
1988-12-09,50.600216
1988-12-10,57.88202
1988-12-11,36.963642
1988-12-12,22.099514
1988-12-13,21.490263
1988-12-14,20.780657
1988-12-15,20.759869
1988-12-16,19.219152
1988-12-17,17.596155
1988-12-18,22.35342
1988-12-19,24.29387
1988-12-20,23.276936
1988-12-21,23.022621
1988-12-22,18.383947
1988-12-23,21.484747
1988-12-24,30.151388
1988-12-25,27.32823
1988-12-26,30.639828
1988-12-27,33.764076
1988-12-28,21.471252
1988-12-29,14.71005
1988-12-30,22.329601
1988-12-31,27.572329
1989-01-01,23.128344
1989-01-02,24.408064
1989-01-03,38.72585
1989-01-04,46.029583
1989-01-05,44.65753
1989-01-06,65.31175
1989-01-07,63.301533
1989-01-08,19.369581
1989-01-09,26.261395
1989-01-10,27.458887
1989-01-11,16.47053
1989-01-12,11.9690695
1989-01-13,10.450274
1989-01-14,13.906559
1989-01-15,16.470968
1989-01-16,14.070655
1989-01-17,10.738786
1989-01-18,10.075697
1989-01-19,11.394033
1989-01-20,11.353592
1989-01-21,9.733568
1989-01-22,9.203135
1989-01-23,8.809556
1989-01-24,8.490125
1989-01-25,7.9405065
1989-01-26,7.978981
1989-01-27,8.476448
1989-01-28,14.812131
1989-01-29,20.474068
1989-01-30,16.129093
1989-01-31,11.990758
1989-02-01,12.591406
1989-02-02,17.664038
1989-02-03,19.563728
1989-02-04,27.724436
1989-02-05,37.653393
1989-02-06,26.434093
1989-02-07,10.051944
1989-02-08,7.868962
1989-02-09,8.882856
1989-02-10,16.366648
1989-02-11,36.678772
1989-02-12,47.422222
1989-02-13,45.173557
1989-02-14,26.697433
1989-02-15,10.92815
1989-02-16,11.448636
1989-02-17,7.570579
1989-02-18,7.438941
1989-02-19,9.875691
1989-02-20,7.061088
1989-02-21,5.7927303
1989-02-22,6.1621222
1989-02-23,6.189045
1989-02-24,12.748198
1989-02-25,15.904037
1989-02-26,8.887039
1989-02-27,6.6636353
1989-02-28,7.1316915
1989-03-01,7.8454895
1989-03-02,6.4058475
1989-03-03,4.8373756
1989-03-04,5.796644
1989-03-05,12.13194
1989-03-06,14.025338
1989-03-07,29.388027
1989-03-08,54.37429
1989-03-09,37.71522
1989-03-10,23.992344
1989-03-11,22.53724
1989-03-12,30.277218
1989-03-13,44.953587
1989-03-14,61.46885
1989-03-15,54.154537
1989-03-16,197.11711
1989-03-17,322.95633
1989-03-18,335.1525
1989-03-19,272.52533
1989-03-20,159.2788
1989-03-21,98.03697
1989-03-22,47.071693
1989-03-23,50.76669
1989-03-24,41.414467
1989-03-25,28.97506
1989-03-26,19.383505
1989-03-27,10.220555
1989-03-28,12.416175
1989-03-29,17.82807
1989-03-30,18.435795
1989-03-31,16.447088
1989-04-01,18.64464
1989-04-02,29.646938
1989-04-03,208.27203
1989-04-04,282.14465
1989-04-05,116.08971
1989-04-06,19.673018
1989-04-07,8.229906
1989-04-08,6.7550783
1989-04-09,6.571512
1989-04-10,6.3805246
1989-04-11,6.153172
1989-04-12,6.117293
1989-04-13,6.695861
1989-04-14,9.796659
1989-04-15,16.353756
1989-04-16,14.181766
1989-04-17,11.463402
1989-04-18,11.734957
1989-04-19,15.324518
1989-04-20,16.485249
1989-04-21,8.971264
1989-04-22,6.8728733
1989-04-23,13.656641
1989-04-24,19.07717
1989-04-25,12.203693
1989-04-26,7.1546245
1989-04-27,10.33163
1989-04-28,50.297615
1989-04-29,62.044174
1989-04-30,39.128
1989-05-01,31.928009
1989-05-02,12.444017
1989-05-03,22.563797
1989-05-04,48.0697
1989-05-05,40.059265
1989-05-06,35.982044
1989-05-07,50.41624
1989-05-08,37.948277
1989-05-09,42.013996
1989-05-10,68.60766
1989-05-11,65.800804
1989-05-12,35.72773
1989-05-13,18.939825
1989-05-14,16.055098
1989-05-15,13.274384
1989-05-16,12.628042
1989-05-17,11.682671
1989-05-18,7.833783
1989-05-19,8.513331
1989-05-20,8.406772
1989-05-21,18.33468
1989-05-22,24.100689
1989-05-23,12.353175
1989-05-24,18.567276
1989-05-25,31.061749
1989-05-26,43.370377
1989-05-27,35.74685
1989-05-28,25.570837
1989-05-29,34.740654
1989-05-30,33.09965
1989-05-31,21.434324
1989-06-01,15.010427
1989-06-02,10.979226
1989-06-03,15.725614
1989-06-04,13.457252
1989-06-05,12.723643
1989-06-06,16.590715
1989-06-07,17.183973
1989-06-08,11.724394
1989-06-09,10.910948
1989-06-10,10.490993
1989-06-11,17.033821
1989-06-12,17.97862
1989-06-13,13.18534
1989-06-14,13.382719
1989-06-15,17.447441
1989-06-16,14.980332
1989-06-17,9.692586
1989-06-18,11.131521
1989-06-19,13.532917
1989-06-20,14.539569
1989-06-21,14.977418
1989-06-22,11.999183
1989-06-23,14.190899
1989-06-24,15.208263
1989-06-25,20.901726
1989-06-26,20.849545
1989-06-27,13.77047
1989-06-28,8.579128
1989-06-29,8.754288
1989-06-30,8.093183
1989-07-01,7.009283
1989-07-02,7.0882254
1989-07-03,7.097166
1989-07-04,7.414177
1989-07-05,6.725484
1989-07-06,7.0253863
1989-07-07,14.079643
1989-07-08,22.268425
1989-07-09,12.413981
1989-07-10,10.5603285
1989-07-11,7.702963
1989-07-12,6.9521093
1989-07-13,6.0878367
1989-07-14,6.697345
1989-07-15,9.23033
1989-07-16,10.998949
1989-07-17,13.345028
1989-07-18,16.523159
1989-07-19,14.8378725
1989-07-20,15.809337
1989-07-21,17.908642
1989-07-22,13.387312
1989-07-23,9.007936
1989-07-24,10.449224
1989-07-25,15.208382
1989-07-26,19.916098
1989-07-27,15.372063
1989-07-28,10.349016
1989-07-29,5.538501
1989-07-30,5.0384307
1989-07-31,6.300565
1989-08-01,9.151762
1989-08-02,9.783971
1989-08-03,6.5046887
1989-08-04,4.685913
1989-08-05,4.5063066
1989-08-06,4.6233153
1989-08-07,4.687122
1989-08-08,5.281577
1989-08-09,5.317526
1989-08-10,6.4318957
1989-08-11,9.885064
1989-08-12,7.573404
1989-08-13,6.724233
1989-08-14,5.437686
1989-08-15,4.7190137
1989-08-16,5.2493453
1989-08-17,5.16858
1989-08-18,4.9174523
1989-08-19,4.267837
1989-08-20,4.1944804
1989-08-21,4.185903
1989-08-22,6.6926217
1989-08-23,7.288448
1989-08-24,4.8965163
1989-08-25,5.1911664
1989-08-26,3.9779577
1989-08-27,3.5430288
1989-08-28,3.6287012
1989-08-29,3.5292757
1989-08-30,3.7516196
1989-08-31,5.945929
1989-09-01,6.4064107
1989-09-02,4.409406
1989-09-03,2.52309
1989-09-04,3.545655
1989-09-05,9.388457
1989-09-06,19.374964
1989-09-07,18.19325
1989-09-08,11.8202095
1989-09-09,7.8556757
1989-09-10,2.517695
1989-09-11,3.5535936
1989-09-12,4.2144065
1989-09-13,3.9023142
1989-09-14,3.230372
1989-09-15,2.2376404
1989-09-16,1.7474618
1989-09-17,1.7462451
1989-09-18,2.2336452
1989-09-19,3.6591275
1989-09-20,4.297452
1989-09-21,4.4457936
1989-09-22,8.240264
1989-09-23,15.8776655
1989-09-24,11.700906
1989-09-25,2.6521244
1989-09-26,2.942142
1989-09-27,5.667313
1989-09-28,14.503103
1989-09-29,23.911434
1989-09-30,21.495125
1989-10-01,4.874105
1989-10-02,2.9777524
1989-10-03,3.124177
1989-10-04,3.3144221
1989-10-05,15.709393
1989-10-06,27.402544
1989-10-07,15.53247
1989-10-08,1.8149948
1989-10-09,1.9734037
1989-10-10,2.4188874
1989-10-11,8.825604
1989-10-12,13.825028
1989-10-13,12.908031
1989-10-14,12.346467
1989-10-15,11.430172
1989-10-16,8.24427
1989-10-17,4.296084
1989-10-18,3.4918067
1989-10-19,4.6729383
1989-10-20,2.2639236
1989-10-21,1.4127492
1989-10-22,2.5433805
1989-10-23,6.6144457
1989-10-24,59.354095
1989-10-25,67.002174
1989-10-26,21.78525
1989-10-27,20.636375
1989-10-28,17.972252
1989-10-29,9.518238
1989-10-30,11.438449
1989-10-31,48.05818
1989-11-01,44.941574
1989-11-02,5.3114424
1989-11-03,8.135367
1989-11-04,64.12869
1989-11-05,98.12304
1989-11-06,50.778893
1989-11-07,38.674816
1989-11-08,35.480373
1989-11-09,7.395234
1989-11-10,10.144351
1989-11-11,20.799828
1989-11-12,23.329973
1989-11-13,24.421144
1989-11-14,33.887634
1989-11-15,26.429548
1989-11-16,11.357415
1989-11-17,12.640292
1989-11-18,32.349304
1989-11-19,27.8448
1989-11-20,5.4219604
1989-11-21,0.6991159
1989-11-22,0.9359564
1989-11-23,2.8392644
1989-11-24,3.0660224
1989-11-25,1.8887578
1989-11-26,3.2046354
1989-11-27,3.063101
1989-11-28,0.9740689
1989-11-29,0.81651646
1989-11-30,1.5621808
1989-12-01,6.925521
1989-12-02,18.823345
1989-12-03,37.20988
1989-12-04,30.918695
1989-12-05,17.790968
1989-12-06,26.103954
1989-12-07,31.375862
1989-12-08,20.041395
1989-12-09,1.1491654
1989-12-10,0.9376965
1989-12-11,4.6052513
1989-12-12,7.041374
1989-12-13,18.290699
1989-12-14,17.688885
1989-12-15,1.6429893
1989-12-16,0.23463362
1989-12-17,3.2131476
1989-12-18,3.565498
1989-12-19,0.43979377
1989-12-20,0.09884317
1989-12-21,0.20598389
1989-12-22,0.29858512
1989-12-23,0.3741131
1989-12-24,0.28827143
1989-12-25,1.2215326
1989-12-26,15.838779
1989-12-27,22.737944
1989-12-28,9.338227
1989-12-29,5.5428605
1989-12-30,1.9408686
1989-12-31,2.0316064
1990-01-01,2.1641767
1990-01-02,4.381008
1990-01-03,9.151713
1990-01-04,5.4557943
1990-01-05,0.58351666
1990-01-06,1.3196157
1990-01-07,11.392201
1990-01-08,21.448753
1990-01-09,29.283968
1990-01-10,33.106346
1990-01-11,28.252565
1990-01-12,24.021162
1990-01-13,14.015013
1990-01-14,27.820356
1990-01-15,24.93153
1990-01-16,2.951251
1990-01-17,0.6801199
1990-01-18,0.79695874
1990-01-19,2.8308847
1990-01-20,2.7726283
1990-01-21,1.0897018
1990-01-22,1.3553628
1990-01-23,3.5604935
1990-01-24,4.88019
1990-01-25,1.9255184
1990-01-26,1.2619414
1990-01-27,1.0393106
1990-01-28,2.189612
1990-01-29,1.9368447
1990-01-30,0.21900728
1990-01-31,0.15707
1990-02-01,0.46890888
1990-02-02,0.6471207
1990-02-03,1.6082006
1990-02-04,5.579256
1990-02-05,5.8889093
1990-02-06,12.763992
1990-02-07,20.953566
1990-02-08,14.044186
1990-02-09,9.712583
1990-02-10,22.09278
1990-02-11,21.158855
1990-02-12,6.1608176
1990-02-13,4.345387
1990-02-14,3.755333
1990-02-15,6.4418154
1990-02-16,7.990673
1990-02-17,4.612529
1990-02-18,2.956051
1990-02-19,3.6916418
1990-02-20,17.577694
1990-02-21,32.23355
1990-02-22,34.937107
1990-02-23,24.339067
1990-02-24,14.467279
1990-02-25,3.6914282
1990-02-26,1.2945819
1990-02-27,1.095817
1990-02-28,1.2713704
1990-03-01,4.8177276
1990-03-02,8.354175
1990-03-03,8.44561
1990-03-04,25.975822
1990-03-05,41.836803
1990-03-06,24.124662
1990-03-07,10.436966
1990-03-08,2.4518347
1990-03-09,1.6309085
1990-03-10,2.8766003
1990-03-11,4.5100136
1990-03-12,7.4612813
1990-03-13,8.300507
1990-03-14,7.3146358
1990-03-15,2.770339
1990-03-16,2.4871476
1990-03-17,3.4470816
1990-03-18,5.517561
1990-03-19,16.96489
1990-03-20,22.437586
1990-03-21,14.076641
1990-03-22,11.242421
1990-03-23,5.026756
1990-03-24,14.796063
1990-03-25,30.509827
1990-03-26,50.580055
1990-03-27,49.500877
1990-03-28,20.26312
1990-03-29,6.2492027
1990-03-30,6.074212
1990-03-31,3.9536161
1990-04-01,9.645878
1990-04-02,21.776669
1990-04-03,102.08938
1990-04-04,151.27824
1990-04-05,87.3797
1990-04-06,27.424805
1990-04-07,8.49641
1990-04-08,1.1133666
1990-04-09,0.2644282
1990-04-10,0.042684622
1990-04-11,0.17518577
1990-04-12,0.93509394
1990-04-13,1.8637298
1990-04-14,7.9293
1990-04-15,10.847905
1990-04-16,29.136147
1990-04-17,41.719975
1990-04-18,27.946774
1990-04-19,42.234695
1990-04-20,30.641678
1990-04-21,5.2494135
1990-04-22,73.265526
1990-04-23,108.88501
1990-04-24,90.79134
1990-04-25,101.68021
1990-04-26,62.639423
1990-04-27,19.018614
1990-04-28,8.98799
1990-04-29,36.138084
1990-04-30,59.717995
1990-05-01,59.476128
1990-05-02,84.710175
1990-05-03,89.108536
1990-05-04,81.91557
1990-05-05,78.86116
1990-05-06,54.844967
1990-05-07,35.96681
1990-05-08,9.543358
1990-05-09,6.8043146
1990-05-10,8.069996
1990-05-11,9.206049
1990-05-12,8.931854
1990-05-13,6.5852046
1990-05-14,6.320003
1990-05-15,6.6577373
1990-05-16,6.475832
1990-05-17,6.2863197
1990-05-18,6.321048
1990-05-19,7.3210506
1990-05-20,10.47228
1990-05-21,10.354141
1990-05-22,11.81404
1990-05-23,15.005061
1990-05-24,22.102076
1990-05-25,19.622602
1990-05-26,16.404175
1990-05-27,12.523382
1990-05-28,17.351267
1990-05-29,9.553997
1990-05-30,8.763973
1990-05-31,9.64662
1990-06-01,7.574429
1990-06-02,5.84924
1990-06-03,6.136002
1990-06-04,6.014415
1990-06-05,5.8262663
1990-06-06,7.426402
1990-06-07,8.99549
1990-06-08,7.019555
1990-06-09,6.1379104
1990-06-10,7.167571
1990-06-11,7.219258
1990-06-12,8.872525
1990-06-13,10.883091
1990-06-14,11.0892
1990-06-15,9.83563
1990-06-16,7.8359017
1990-06-17,9.257988
1990-06-18,14.704756
1990-06-19,9.267959
1990-06-20,6.208857
1990-06-21,6.353158
1990-06-22,8.298646
1990-06-23,9.328985
1990-06-24,7.499864
1990-06-25,5.932986
1990-06-26,5.3101172
1990-06-27,5.2385955
1990-06-28,6.613375
1990-06-29,8.6364355
1990-06-30,9.285624
1990-07-01,9.196153
1990-07-02,7.5303674
1990-07-03,5.8577275
1990-07-04,7.0891514
1990-07-05,6.1769648
1990-07-06,6.6460757
1990-07-07,10.459359
1990-07-08,7.333406
1990-07-09,5.081331
1990-07-10,5.7859626
1990-07-11,6.0745234
1990-07-12,4.9315844
1990-07-13,8.429996
1990-07-14,8.600405
1990-07-15,6.3176208
1990-07-16,6.205715
1990-07-17,4.6451073
1990-07-18,4.110457
1990-07-19,4.260378
1990-07-20,3.9750946
1990-07-21,3.698906
1990-07-22,3.4276395
1990-07-23,3.5085676
1990-07-24,4.048987
1990-07-25,4.196362
1990-07-26,3.0466413
1990-07-27,3.2472646
1990-07-28,4.3425636
1990-07-29,6.688349
1990-07-30,8.915302
1990-07-31,7.2228403
1990-08-01,6.9112377
1990-08-02,5.6775703
1990-08-03,2.897769
1990-08-04,3.4686518
1990-08-05,5.269726
1990-08-06,3.2625458
1990-08-07,2.5271087
1990-08-08,2.8661525
1990-08-09,3.827352
1990-08-10,3.629506
1990-08-11,4.5069613
1990-08-12,6.613487
1990-08-13,3.7557025
1990-08-14,4.636366
1990-08-15,6.6678133
1990-08-16,3.8834853
1990-08-17,3.0882258
1990-08-18,2.337184
1990-08-19,2.0050929
1990-08-20,2.2105894
1990-08-21,2.054872
1990-08-22,2.8089998
1990-08-23,2.7756546
1990-08-24,2.586062
1990-08-25,2.3369586
1990-08-26,5.885236
1990-08-27,6.1171527
1990-08-28,4.38214
1990-08-29,8.853893
1990-08-30,13.07086
1990-08-31,6.282295
1990-09-01,2.137187
1990-09-02,1.8665627
1990-09-03,1.9514804
1990-09-04,2.1205418
1990-09-05,2.429214
1990-09-06,2.0505562
1990-09-07,1.7582582
1990-09-08,1.7542804
1990-09-09,1.6815255
1990-09-10,1.8536665
1990-09-11,1.9057606
1990-09-12,2.211601
1990-09-13,2.4094965
1990-09-14,1.923491
1990-09-15,1.6156873
1990-09-16,2.6710582
1990-09-17,4.358961
1990-09-18,2.1558404
1990-09-19,1.5012822
1990-09-20,2.4994745
1990-09-21,3.802402
1990-09-22,3.5959451
1990-09-23,10.173011
1990-09-24,11.519095
1990-09-25,7.7175574
1990-09-26,3.0993137
1990-09-27,1.8738834
1990-09-28,2.033285
1990-09-29,2.5607212
1990-09-30,2.2221158
1990-10-01,1.7039618
1990-10-02,3.2593908
1990-10-03,3.4878252
1990-10-04,2.7395654
1990-10-05,3.678077
1990-10-06,7.732566
1990-10-07,9.30125
1990-10-08,13.187561
1990-10-09,17.538456
1990-10-10,10.261725
1990-10-11,8.493854
1990-10-12,21.82778
1990-10-13,23.723377
1990-10-14,14.668161
1990-10-15,10.707546
1990-10-16,4.4126782
1990-10-17,15.659302
1990-10-18,60.156055
1990-10-19,72.15123
1990-10-20,36.084553
1990-10-21,24.038427
1990-10-22,20.229416
1990-10-23,12.332825
1990-10-24,19.57403
1990-10-25,39.097572
1990-10-26,54.246044
1990-10-27,38.26647
1990-10-28,15.647171
1990-10-29,13.35445
1990-10-30,21.117609
1990-10-31,35.823433
1990-11-01,53.005222
1990-11-02,48.68266
1990-11-03,48.996418
1990-11-04,28.39554
1990-11-05,6.4349675
1990-11-06,7.274422
1990-11-07,14.258012
1990-11-08,11.505753
1990-11-09,1.4320099
1990-11-10,1.7637423
1990-11-11,2.1504896
1990-11-12,1.7011257
1990-11-13,1.060905
1990-11-14,1.3626151
1990-11-15,1.6897961
1990-11-16,1.9403616
1990-11-17,2.5784833
1990-11-18,2.2703557
1990-11-19,10.076692
1990-11-20,22.60609
1990-11-21,17.975124
1990-11-22,15.414727
1990-11-23,28.821325
1990-11-24,41.503647
1990-11-25,42.20352
1990-11-26,40.389935
1990-11-27,41.986443
1990-11-28,20.080967
1990-11-29,4.4983997
1990-11-30,2.3918822
1990-12-01,13.181066
1990-12-02,14.506954
1990-12-03,18.332977
1990-12-04,37.857906
1990-12-05,31.699986
1990-12-06,34.860252
1990-12-07,37.06018
1990-12-08,35.817142
1990-12-09,32.021584
1990-12-10,19.834642
1990-12-11,9.381092
1990-12-12,11.474771
1990-12-13,6.2192645
1990-12-14,1.4651821
1990-12-15,0.95311856
1990-12-16,0.96864617
1990-12-17,0.96185017
1990-12-18,1.1779954
1990-12-19,1.4938086
1990-12-20,1.4783543
1990-12-21,1.685603
1990-12-22,1.5195099
1990-12-23,1.5448474
1990-12-24,2.1863148
1990-12-25,3.2912505
1990-12-26,4.2034144
1990-12-27,3.2742794
1990-12-28,3.3869858
1990-12-29,21.642763
1990-12-30,36.470722
1990-12-31,33.46874
1991-01-01,35.64238
1991-01-02,49.514732
1991-01-03,44.295883
1991-01-04,14.399649
1991-01-05,6.618921
1991-01-06,2.590873
1991-01-07,2.25234
1991-01-08,17.86258
1991-01-09,20.850138
1991-01-10,5.294573
1991-01-11,6.710341
1991-01-12,8.464561
1991-01-13,13.202669
1991-01-14,14.327651
1991-01-15,10.492043
1991-01-16,10.263767
1991-01-17,5.677984
1991-01-18,6.04463
1991-01-19,5.474921
1991-01-20,10.140639
1991-01-21,12.85978
1991-01-22,9.088002
1991-01-23,5.717023
1991-01-24,4.1459613
1991-01-25,2.558026
1991-01-26,0.098219246
1991-01-27,0.013420428
1991-01-28,0.11601889
1991-01-29,0.33906174
1991-01-30,0.19378282
1991-01-31,0.0512524
1991-02-01,0.90428543
1991-02-02,4.0082
1991-02-03,13.458729
1991-02-04,24.438475
1991-02-05,27.821081
1991-02-06,15.92502
1991-02-07,11.103845
1991-02-08,14.193027
1991-02-09,10.510171
1991-02-10,6.350792
1991-02-11,3.5936995
1991-02-12,1.9749682
1991-02-13,2.3319836
1991-02-14,3.603404
1991-02-15,3.388598
1991-02-16,4.135721
1991-02-17,12.738702
1991-02-18,25.002718
1991-02-19,26.027817
1991-02-20,26.346727
1991-02-21,25.877289
1991-02-22,17.640816
1991-02-23,8.796659
1991-02-24,2.806545
1991-02-25,6.5409336
1991-02-26,6.4513063
1991-02-27,8.354879
1991-02-28,2.737824
1991-03-01,1.8791567
1991-03-02,1.9729302
1991-03-03,7.6781254
1991-03-04,18.221283
1991-03-05,26.24238
1991-03-06,30.946754
1991-03-07,39.289402
1991-03-08,43.892838
1991-03-09,117.73012
1991-03-10,148.1407
1991-03-11,75.76457
1991-03-12,65.13553
1991-03-13,88.11508
1991-03-14,101.67173
1991-03-15,70.084785
1991-03-16,24.09268
1991-03-17,4.576803
1991-03-18,14.891225
1991-03-19,15.621107
1991-03-20,4.842233
1991-03-21,10.265308
1991-03-22,9.831135
1991-03-23,3.949155
1991-03-24,6.7154007
1991-03-25,14.458083
1991-03-26,26.419823
1991-03-27,44.92743
1991-03-28,55.198483
1991-03-29,63.965942
1991-03-30,56.900265
1991-03-31,38.872177
1991-04-01,17.173872
1991-04-02,16.109663
1991-04-03,15.295593
1991-04-04,15.273086
1991-04-05,15.0491705
1991-04-06,11.46217
1991-04-07,16.966541
1991-04-08,18.293488
1991-04-09,16.78866
1991-04-10,99.94729
1991-04-11,161.31696
1991-04-12,107.991486
1991-04-13,103.137794
1991-04-14,118.674736
1991-04-15,117.62631
1991-04-16,108.93517
1991-04-17,69.85092
1991-04-18,57.281517
1991-04-19,66.37596
1991-04-20,142.89238
1991-04-21,175.44357
1991-04-22,82.9594
1991-04-23,29.066803
1991-04-24,28.805363
1991-04-25,39.042896
1991-04-26,41.38017
1991-04-27,25.063135
1991-04-28,24.02306
1991-04-29,22.672174
1991-04-30,23.586697
1991-05-01,29.31777
1991-05-02,32.562183
1991-05-03,24.934683
1991-05-04,18.9531
1991-05-05,26.325174
1991-05-06,29.069225
1991-05-07,23.198444
1991-05-08,16.353603
1991-05-09,14.605234
1991-05-10,13.891365
1991-05-11,16.994127
1991-05-12,25.039177
1991-05-13,25.07429
1991-05-14,29.523975
1991-05-15,30.475588
1991-05-16,12.861665
1991-05-17,11.396692
1991-05-18,13.620648
1991-05-19,24.258648
1991-05-20,64.135376
1991-05-21,73.92448
1991-05-22,50.08669
1991-05-23,51.325897
1991-05-24,32.13654
1991-05-25,16.33274
1991-05-26,18.772638
1991-05-27,28.301603
1991-05-28,21.300068
1991-05-29,12.570336
1991-05-30,12.291634
1991-05-31,14.092449
1991-06-01,22.976885
1991-06-02,45.845154
1991-06-03,44.68936
1991-06-04,21.44869
1991-06-05,11.719508
1991-06-06,10.050233
1991-06-07,11.110432
1991-06-08,10.200154
1991-06-09,10.160488
1991-06-10,13.784567
1991-06-11,16.546394
1991-06-12,18.307556
1991-06-13,14.228054
1991-06-14,17.643312
1991-06-15,20.576511
1991-06-16,23.87537
1991-06-17,20.134916
1991-06-18,18.81619
1991-06-19,22.597824
1991-06-20,19.924494
1991-06-21,9.808362
1991-06-22,11.210339
1991-06-23,10.574533
1991-06-24,8.526948
1991-06-25,11.160709
1991-06-26,17.835579
1991-06-27,13.080505
1991-06-28,9.520107
1991-06-29,13.419326
1991-06-30,19.931759
1991-07-01,24.298594
1991-07-02,18.829046
1991-07-03,26.457874
1991-07-04,21.59793
1991-07-05,14.580227
1991-07-06,18.164274
1991-07-07,17.473038
1991-07-08,29.663742
1991-07-09,49.18731
1991-07-10,15.574558
1991-07-11,10.81648
1991-07-12,10.103532
1991-07-13,8.255193
1991-07-14,7.5245514
1991-07-15,9.132364
1991-07-16,11.253351
1991-07-17,14.464952
1991-07-18,15.705096
1991-07-19,9.834221
1991-07-20,8.179239
1991-07-21,8.367327
1991-07-22,9.755729
1991-07-23,10.33578
1991-07-24,10.233451
1991-07-25,9.508081
1991-07-26,12.231779
1991-07-27,11.168327
1991-07-28,8.917705
1991-07-29,7.7134705
1991-07-30,8.930333
1991-07-31,7.944206
1991-08-01,7.647586
1991-08-02,11.815097
1991-08-03,14.255638
1991-08-04,11.411347
1991-08-05,12.411517
1991-08-06,8.583874
1991-08-07,11.160606
1991-08-08,10.057236
1991-08-09,8.400575
1991-08-10,5.85728
1991-08-11,5.7475796
1991-08-12,6.167821
1991-08-13,5.9371805
1991-08-14,5.5581594
1991-08-15,6.6424527
1991-08-16,8.165444
1991-08-17,8.044179
1991-08-18,8.797517
1991-08-19,8.709802
1991-08-20,9.322201
1991-08-21,7.8760166
1991-08-22,7.383866
1991-08-23,6.9135976
1991-08-24,6.8171
1991-08-25,7.230955
1991-08-26,6.0050592
1991-08-27,5.1830983
1991-08-28,4.4999676
1991-08-29,5.0602646
1991-08-30,6.138579
1991-08-31,5.7035413
1991-09-01,5.1571236
1991-09-02,8.532273
1991-09-03,10.607115
1991-09-04,4.5245085
1991-09-05,4.0588365
1991-09-06,4.3713593
1991-09-07,4.158382
1991-09-08,3.9922216
1991-09-09,3.4205098
1991-09-10,4.2957287
1991-09-11,7.2396865
1991-09-12,7.609319
1991-09-13,6.2637553
1991-09-14,3.8043315
1991-09-15,3.161593
1991-09-16,6.602185
1991-09-17,22.734339
1991-09-18,29.24551
1991-09-19,15.836946
1991-09-20,19.603952
1991-09-21,25.303812
1991-09-22,12.059336
1991-09-23,7.117799
1991-09-24,9.3377285
1991-09-25,8.892044
1991-09-26,6.5573287
1991-09-27,14.461904
1991-09-28,16.327063
1991-09-29,11.497481
1991-09-30,10.349293
1991-10-01,11.234108
1991-10-02,15.337921
1991-10-03,20.367943
1991-10-04,15.306837
1991-10-05,2.1938808
1991-10-06,8.819871
1991-10-07,14.971275
1991-10-08,14.894566
1991-10-09,52.39902
1991-10-10,68.28636
1991-10-11,31.043621
1991-10-12,11.984675
1991-10-13,9.23061
1991-10-14,10.955432
1991-10-15,13.423184
1991-10-16,19.530031
1991-10-17,25.771719
1991-10-18,18.214083
1991-10-19,8.208763
1991-10-20,7.365151
1991-10-21,4.591375
1991-10-22,2.612578
1991-10-23,1.9521508
1991-10-24,1.8384377
1991-10-25,1.9049964
1991-10-26,3.1263502
1991-10-27,10.761083
1991-10-28,11.180232
1991-10-29,2.7970068
1991-10-30,2.560225
1991-10-31,2.9083507
1991-11-01,3.911139
1991-11-02,4.479032
1991-11-03,3.685292
1991-11-04,9.980553
1991-11-05,13.812132
1991-11-06,12.972078
1991-11-07,20.49916
1991-11-08,32.8031
1991-11-09,57.616177
1991-11-10,69.927345
1991-11-11,54.53299
1991-11-12,38.202988
1991-11-13,33.055077
1991-11-14,20.458876
1991-11-15,18.733425
1991-11-16,32.459545
1991-11-17,36.90258
1991-11-18,41.385765
1991-11-19,19.38082
1991-11-20,6.4774656
1991-11-21,6.394785
1991-11-22,56.503193
1991-11-23,70.06281
1991-11-24,19.930815
1991-11-25,4.95895
1991-11-26,5.1485767
1991-11-27,6.546135
1991-11-28,5.8632183
1991-11-29,4.1848326
1991-11-30,4.457521
1991-12-01,4.7321544
1991-12-02,7.252189
1991-12-03,49.51409
1991-12-04,79.81009
1991-12-05,38.151005
1991-12-06,48.719265
1991-12-07,61.931793
1991-12-08,17.6463
1991-12-09,8.684004
1991-12-10,19.172266
1991-12-11,19.593946
1991-12-12,8.919656
1991-12-13,6.146201
1991-12-14,8.220011
1991-12-15,8.67782
1991-12-16,6.600279
1991-12-17,11.8423195
1991-12-18,31.313456
1991-12-19,36.248577
1991-12-20,30.272596
1991-12-21,31.4614
1991-12-22,23.218458
1991-12-23,9.842607
1991-12-24,12.640585
1991-12-25,12.831355
1991-12-26,8.658952
1991-12-27,8.649124
1991-12-28,7.451312
1991-12-29,5.13712
1991-12-30,11.5054035
1991-12-31,11.871271
1992-01-01,4.557941
1992-01-02,2.951996
1992-01-03,3.8889737
1992-01-04,7.855829
1992-01-05,7.771518
1992-01-06,4.8298655
1992-01-07,6.350318
1992-01-08,9.350251
1992-01-09,6.909366
1992-01-10,3.0870636
1992-01-11,2.7375774
1992-01-12,2.9546585
1992-01-13,4.40508
1992-01-14,7.885418
1992-01-15,8.517443
1992-01-16,6.0353823
1992-01-17,11.012496
1992-01-18,9.565601
1992-01-19,2.5654256
1992-01-20,2.5070903
1992-01-21,2.527666
1992-01-22,2.4650245
1992-01-23,2.7843804
1992-01-24,6.5277014
1992-01-25,10.508596
1992-01-26,11.241924
1992-01-27,9.424681
1992-01-28,11.689542
1992-01-29,14.276823
1992-01-30,13.167201
1992-01-31,13.744345
1992-02-01,15.556151
1992-02-02,17.68033
1992-02-03,11.439443
1992-02-04,7.032443
1992-02-05,6.973847
1992-02-06,7.8491416
1992-02-07,16.309183
1992-02-08,14.114612
1992-02-09,8.059374
1992-02-10,22.642593
1992-02-11,40.82735
1992-02-12,41.701885
1992-02-13,44.013165
1992-02-14,43.300808
1992-02-15,16.566109
1992-02-16,14.523157
1992-02-17,10.112993
1992-02-18,2.8847811
1992-02-19,2.0226336
1992-02-20,2.0167387
1992-02-21,4.1410084
1992-02-22,15.887444
1992-02-23,85.562546
1992-02-24,122.42217
1992-02-25,54.048107
1992-02-26,5.6397743
1992-02-27,4.131706
1992-02-28,4.867503
1992-02-29,3.8483849
1992-03-01,3.2588239
1992-03-02,7.2213087
1992-03-03,8.498191
1992-03-04,3.4143353
1992-03-05,3.930523
1992-03-06,14.669928
1992-03-07,17.516119
1992-03-08,20.054455
1992-03-09,23.3469
1992-03-10,10.813216
1992-03-11,2.7617252
1992-03-12,2.0962853
1992-03-13,2.6539416
1992-03-14,4.7183423
1992-03-15,8.523073
1992-03-16,13.4811325
1992-03-17,28.252335
1992-03-18,25.217733
1992-03-19,7.6798525
1992-03-20,2.9018981
1992-03-21,4.712592
1992-03-22,13.073045
1992-03-23,13.284301
1992-03-24,3.989598
1992-03-25,2.9093807
1992-03-26,10.961723
1992-03-27,16.843517
1992-03-28,13.777202
1992-03-29,6.8643346
1992-03-30,5.0481753
1992-03-31,12.939596
1992-04-01,26.899023
1992-04-02,29.811636
1992-04-03,61.537617
1992-04-04,53.72222
1992-04-05,12.283473
1992-04-06,14.045897
1992-04-07,13.212712
1992-04-08,7.200293
1992-04-09,3.0369859
1992-04-10,2.9810221
1992-04-11,4.251791
1992-04-12,5.674137
1992-04-13,5.8419986
1992-04-14,5.1857095
1992-04-15,14.598065
1992-04-16,28.468235
1992-04-17,72.907104
1992-04-18,142.77135
1992-04-19,118.91001
1992-04-20,90.949715
1992-04-21,106.083954
1992-04-22,63.56051
1992-04-23,24.78944
1992-04-24,9.121113
1992-04-25,9.271429
1992-04-26,10.547616
1992-04-27,11.564038
1992-04-28,19.546247
1992-04-29,22.044271
1992-04-30,17.16576
1992-05-01,45.183308
1992-05-02,46.132763
1992-05-03,32.2063
1992-05-04,31.500525
1992-05-05,28.783146
1992-05-06,30.135855
1992-05-07,18.972473
1992-05-08,21.199883
1992-05-09,13.245961
1992-05-10,12.66135
1992-05-11,11.044508
1992-05-12,7.086707
1992-05-13,8.437514
1992-05-14,9.75292
1992-05-15,9.697294
1992-05-16,8.04518
1992-05-17,9.234617
1992-05-18,8.734878
1992-05-19,7.3585987
1992-05-20,7.112668
1992-05-21,7.3571043
1992-05-22,7.693171
1992-05-23,7.5434713
1992-05-24,9.447005
1992-05-25,8.39015
1992-05-26,6.0847826
1992-05-27,5.210902
1992-05-28,6.739737
1992-05-29,15.156617
1992-05-30,28.937527
1992-05-31,33.988926
1992-06-01,19.80702
1992-06-02,8.406725
1992-06-03,8.161728
1992-06-04,5.670965
1992-06-05,9.815901
1992-06-06,12.864797
1992-06-07,5.019934
1992-06-08,4.0232906
1992-06-09,5.7713046
1992-06-10,8.532401
1992-06-11,7.124332
1992-06-12,4.4882145
1992-06-13,5.8558536
1992-06-14,7.1058555
1992-06-15,6.639106
1992-06-16,5.1516848
1992-06-17,4.6334305
1992-06-18,5.095285
1992-06-19,4.634174
1992-06-20,6.5867615
1992-06-21,10.128487
1992-06-22,10.485446
1992-06-23,7.5474834
1992-06-24,5.3827596
1992-06-25,3.311707
1992-06-26,5.4958577
1992-06-27,9.824934
1992-06-28,12.835767
1992-06-29,13.095259
1992-06-30,5.041744
1992-07-01,3.5663774
1992-07-02,2.7011974
1992-07-03,3.0729232
1992-07-04,5.438333
1992-07-05,6.798717
1992-07-06,4.68386
1992-07-07,3.7980754
1992-07-08,5.283688
1992-07-09,12.663825
1992-07-10,19.764692
1992-07-11,8.111496
1992-07-12,7.157711
1992-07-13,4.3766875
1992-07-14,5.5761037
1992-07-15,8.487981
1992-07-16,5.9435754
1992-07-17,3.0946572
1992-07-18,2.5411375
1992-07-19,2.387857
1992-07-20,2.3755507
1992-07-21,3.5804284
1992-07-22,6.4954863
1992-07-23,7.8817263
1992-07-24,13.816295
1992-07-25,13.208856
1992-07-26,3.797972
1992-07-27,3.2081044
1992-07-28,3.1929047
1992-07-29,3.897545
1992-07-30,2.9722743
1992-07-31,2.7050204
1992-08-01,2.5846813
1992-08-02,2.3462727
1992-08-03,5.3550353
1992-08-04,7.634212
1992-08-05,2.166547
1992-08-06,2.492756
1992-08-07,4.132121
1992-08-08,3.2156463
1992-08-09,2.5849686
1992-08-10,1.3452235
1992-08-11,3.1512077
1992-08-12,5.978564
1992-08-13,10.088676
1992-08-14,14.910772
1992-08-15,2.8209984
1992-08-16,1.761998
1992-08-17,4.197052
1992-08-18,11.575278
1992-08-19,13.800638
1992-08-20,1.5100393
1992-08-21,0.631937
1992-08-22,1.3121263
1992-08-23,0.3579283
1992-08-24,1.0186054
1992-08-25,2.739051
1992-08-26,1.0371822
1992-08-27,1.1392732
1992-08-28,1.8545806
1992-08-29,1.3470607
1992-08-30,0.85775065
1992-08-31,1.0080813
1992-09-01,2.8520074
1992-09-02,3.6205544
1992-09-03,0.78375614
1992-09-04,0.30065104
1992-09-05,1.3034997
1992-09-06,2.2392812
1992-09-07,0.36173287
1992-09-08,0.6810633
1992-09-09,2.0056198
1992-09-10,0.988539
1992-09-11,0.6670628
1992-09-12,0.081030004
1992-09-13,0.0069703166
1992-09-14,1.2755156
1992-09-15,2.5060267
1992-09-16,2.2580035
1992-09-17,1.2618303
1992-09-18,0.3021483
1992-09-19,0.15576242
1992-09-20,0.15338653
1992-09-21,0.39195296
1992-09-22,3.7242732
1992-09-23,16.737122
1992-09-24,23.588585
1992-09-25,14.541873
1992-09-26,25.591185
1992-09-27,28.612093
1992-09-28,11.54805
1992-09-29,1.3935455
1992-09-30,1.1024089
1992-10-01,1.1690766
1992-10-02,0.9419289
1992-10-03,1.4989607
1992-10-04,1.2616243
1992-10-05,0.96940225
1992-10-06,3.3311524
1992-10-07,13.191922
1992-10-08,12.608931
1992-10-09,20.665829
1992-10-10,24.74833
1992-10-11,6.3352766
1992-10-12,5.0564737
1992-10-13,2.1454744
1992-10-14,0.8711161
1992-10-15,0.23613906
1992-10-16,0.0753749
1992-10-17,0.10367637
1992-10-18,0.3417267
1992-10-19,0.9758221
1992-10-20,0.85593414
1992-10-21,1.0980191
1992-10-22,1.016421
1992-10-23,0.50608987
1992-10-24,1.834364
1992-10-25,3.5867767
1992-10-26,2.2475893
1992-10-27,0.5651264
1992-10-28,1.9198003
1992-10-29,4.252221
1992-10-30,3.7843153
1992-10-31,1.631449
1992-11-01,4.034514
1992-11-02,3.6859233
1992-11-03,0.43263048
1992-11-04,2.0835378
1992-11-05,3.409154
1992-11-06,4.9087195
1992-11-07,21.038036
1992-11-08,21.56296
1992-11-09,4.6466527
1992-11-10,2.8454611
1992-11-11,2.3211372
1992-11-12,1.7956195
1992-11-13,3.6700914
1992-11-14,16.177992
1992-11-15,30.46651
1992-11-16,29.47296
1992-11-17,23.567835
1992-11-18,25.044128
1992-11-19,31.939695
1992-11-20,32.47689
1992-11-21,9.514414
1992-11-22,7.926552
1992-11-23,6.5654564
1992-11-24,13.754749
1992-11-25,26.342611
1992-11-26,36.73126
1992-11-27,36.274666
1992-11-28,28.86591
1992-11-29,22.341852
1992-11-30,24.384802
1992-12-01,30.966816
1992-12-02,31.612528
1992-12-03,26.964437
1992-12-04,19.565414
1992-12-05,31.481546
1992-12-06,32.049503
1992-12-07,27.150621
1992-12-08,19.90956
1992-12-09,3.7100587
1992-12-10,13.978856
1992-12-11,18.673832
1992-12-12,21.671062
1992-12-13,37.113106
1992-12-14,40.134834
1992-12-15,24.80791
1992-12-16,7.827378
1992-12-17,15.227237
1992-12-18,27.02703
1992-12-19,12.2989025
1992-12-20,3.6204395
1992-12-21,3.967264
1992-12-22,18.068195
1992-12-23,19.090076
1992-12-24,3.2685227
1992-12-25,1.3580259
1992-12-26,1.0473552
1992-12-27,1.217995
1992-12-28,2.09039
1992-12-29,5.667547
1992-12-30,6.8864756
1992-12-31,4.7382865
1993-01-01,4.1387696
1993-01-02,2.9479814
1993-01-03,2.4448304
1993-01-04,4.9414415
1993-01-05,5.684698
1993-01-06,13.229374
1993-01-07,26.195013
1993-01-08,21.34938
1993-01-09,12.023064
1993-01-10,5.864031
1993-01-11,3.2634287
1993-01-12,3.2159905
1993-01-13,6.264019
1993-01-14,6.5476694
1993-01-15,5.4537454
1993-01-16,23.226334
1993-01-17,32.375202
1993-01-18,20.532972
1993-01-19,30.154316
1993-01-20,32.94018
1993-01-21,14.115101
1993-01-22,3.1572294
1993-01-23,1.4627872
1993-01-24,0.9195029
1993-01-25,0.96630204
1993-01-26,0.96128213
1993-01-27,1.0144364
1993-01-28,1.3592834
1993-01-29,2.73646
1993-01-30,2.4669867
1993-01-31,1.7309775
1993-02-01,14.857156
1993-02-02,22.582449
1993-02-03,56.00842
1993-02-04,80.70049
1993-02-05,49.798523
1993-02-06,17.83925
1993-02-07,3.6402538
1993-02-08,3.1221929
1993-02-09,1.6972859
1993-02-10,3.341867
1993-02-11,8.337859
1993-02-12,21.207655
1993-02-13,26.757198
1993-02-14,17.974092
1993-02-15,6.3312564
1993-02-16,2.8032646
1993-02-17,4.00151
1993-02-18,9.398133
1993-02-19,11.837456
1993-02-20,5.839011
1993-02-21,7.638316
1993-02-22,7.675639
1993-02-23,5.0789785
1993-02-24,5.680658
1993-02-25,12.631617
1993-02-26,22.704983
1993-02-27,20.907373
1993-02-28,15.85639
1993-03-01,16.230967
1993-03-02,26.02557
1993-03-03,22.295595
1993-03-04,9.758404
1993-03-05,19.836824
1993-03-06,15.990627
1993-03-07,15.288051
1993-03-08,18.522272
1993-03-09,5.3608165
1993-03-10,1.6223719
1993-03-11,2.3259034
1993-03-12,2.1891012
1993-03-13,2.127314
1993-03-14,2.4205172
1993-03-15,1.6526806
1993-03-16,0.9160546
1993-03-17,5.3005223
1993-03-18,28.46878
1993-03-19,45.760296
1993-03-20,36.201015
1993-03-21,36.410053
1993-03-22,118.39081
1993-03-23,197.19511
1993-03-24,201.47949
1993-03-25,176.34554
1993-03-26,111.410866
1993-03-27,76.779564
1993-03-28,81.1972
1993-03-29,96.812996
1993-03-30,99.46741
1993-03-31,49.42072
1993-04-01,26.931522
1993-04-02,23.34725
1993-04-03,14.55786
1993-04-04,11.660438
1993-04-05,12.408128
1993-04-06,39.583107
1993-04-07,99.22515
1993-04-08,91.410416
1993-04-09,45.828396
1993-04-10,50.062172
1993-04-11,75.51206
1993-04-12,63.69621
1993-04-13,25.500813
1993-04-14,30.10329
1993-04-15,60.811123
1993-04-16,73.10885
1993-04-17,70.211945
1993-04-18,114.6881
1993-04-19,165.4723
1993-04-20,168.25105
1993-04-21,108.3223
1993-04-22,61.03212
1993-04-23,47.119625
1993-04-24,45.44301
1993-04-25,49.526253
1993-04-26,38.77088
1993-04-27,32.771183
1993-04-28,64.79782
1993-04-29,96.24022
1993-04-30,117.993454
1993-05-01,124.43834
1993-05-02,136.82149
1993-05-03,159.54065
1993-05-04,139.50409
1993-05-05,70.539856
1993-05-06,192.02791
1993-05-07,346.16415
1993-05-08,217.82787
1993-05-09,40.339184
1993-05-10,23.307898
1993-05-11,23.308897
1993-05-12,26.830994
1993-05-13,49.471832
1993-05-14,106.11814
1993-05-15,130.00636
1993-05-16,83.25901
1993-05-17,28.817822
1993-05-18,23.6271
1993-05-19,23.447775
1993-05-20,26.837605
1993-05-21,37.669693
1993-05-22,60.326763
1993-05-23,67.93621
1993-05-24,79.67872
1993-05-25,69.7412
1993-05-26,61.952103
1993-05-27,84.4869
1993-05-28,81.848785
1993-05-29,52.33708
1993-05-30,37.489746
1993-05-31,39.436142
1993-06-01,25.450224
1993-06-02,20.113783
1993-06-03,19.262978
1993-06-04,18.843784
1993-06-05,18.879606
1993-06-06,19.266466
1993-06-07,18.981472
1993-06-08,18.583828
1993-06-09,17.223644
1993-06-10,16.453367
1993-06-11,17.393204
1993-06-12,19.88137
1993-06-13,26.513554
1993-06-14,27.569899
1993-06-15,21.220406
1993-06-16,15.805913
1993-06-17,14.984882
1993-06-18,14.586562
1993-06-19,14.2593565
1993-06-20,16.828577
1993-06-21,25.201368
1993-06-22,28.987831
1993-06-23,21.448385
1993-06-24,25.505732
1993-06-25,14.556206
1993-06-26,13.292011
1993-06-27,13.728892
1993-06-28,16.612392
1993-06-29,15.697028
1993-06-30,15.738742
1993-07-01,15.390816
1993-07-02,14.890357
1993-07-03,10.431867
1993-07-04,12.692901
1993-07-05,14.195551
1993-07-06,9.819778
1993-07-07,8.316843
1993-07-08,7.7341356
1993-07-09,7.604712
1993-07-10,8.725202
1993-07-11,18.323282
1993-07-12,25.031445
1993-07-13,15.521916
1993-07-14,9.442178
1993-07-15,12.73306
1993-07-16,13.524869
1993-07-17,13.732843
1993-07-18,10.387648
1993-07-19,6.8328648
1993-07-20,7.6526704
1993-07-21,11.247284
1993-07-22,10.68153
1993-07-23,7.647591
1993-07-24,7.6660647
1993-07-25,11.271936
1993-07-26,11.785868
1993-07-27,6.9183416
1993-07-28,5.897905
1993-07-29,5.8529415
1993-07-30,5.854111
1993-07-31,6.9023232
1993-08-01,9.029761
1993-08-02,9.82444
1993-08-03,6.572262
1993-08-04,6.6217694
1993-08-05,7.4983788
1993-08-06,8.849854
1993-08-07,8.0787945
1993-08-08,6.2281847
1993-08-09,4.875013
1993-08-10,7.1884866
1993-08-11,9.853541
1993-08-12,6.2506895
1993-08-13,5.165156
1993-08-14,6.5819964
1993-08-15,6.5711417
1993-08-16,6.0585737
1993-08-17,5.001301
1993-08-18,4.586
1993-08-19,4.7863355
1993-08-20,4.4332843
1993-08-21,3.981043
1993-08-22,3.854208
1993-08-23,4.0350866
1993-08-24,3.97499
1993-08-25,3.723215
1993-08-26,5.2079062
1993-08-27,6.385801
1993-08-28,4.3259664
1993-08-29,3.9474506
1993-08-30,3.75584
1993-08-31,2.7021601
1993-09-01,2.2890828
1993-09-02,2.3327034
1993-09-03,2.9018502
1993-09-04,3.2554755
1993-09-05,4.694256
1993-09-06,4.9564466
1993-09-07,3.8237867
1993-09-08,3.012972
1993-09-09,2.3710132
1993-09-10,2.6760247
1993-09-11,3.425258
1993-09-12,3.1045518
1993-09-13,5.4703913
1993-09-14,23.739796
1993-09-15,26.44286
1993-09-16,12.252448
1993-09-17,5.0776033
1993-09-18,5.166675
1993-09-19,5.1640506
1993-09-20,3.146837
1993-09-21,1.8901086
1993-09-22,1.6972095
1993-09-23,1.6471812
1993-09-24,1.9041343
1993-09-25,3.551291
1993-09-26,4.1842685
1993-09-27,2.3170276
1993-09-28,1.8277277
1993-09-29,2.9245396
1993-09-30,3.6481774
1993-10-01,3.858024
1993-10-02,3.193752
1993-10-03,1.4863828
1993-10-04,1.4476931
1993-10-05,1.6405079
1993-10-06,1.9901218
1993-10-07,2.1969268
1993-10-08,2.0455725
1993-10-09,2.0666928
1993-10-10,2.2558284
1993-10-11,1.993961
1993-10-12,1.8281537
1993-10-13,2.0838702
1993-10-14,1.8744687
1993-10-15,1.9962108
1993-10-16,1.6008786
1993-10-17,4.908275
1993-10-18,17.53627
1993-10-19,24.293077
1993-10-20,19.50259
1993-10-21,16.034716
1993-10-22,8.024795
1993-10-23,2.6877358
1993-10-24,2.1092865
1993-10-25,1.7593313
1993-10-26,1.2834063
1993-10-27,1.4535758
1993-10-28,1.4306655
1993-10-29,1.6039386
1993-10-30,4.8988624
1993-10-31,19.315731
1993-11-01,52.035507
1993-11-02,53.25162
1993-11-03,19.847122
1993-11-04,18.298344
1993-11-05,51.03999
1993-11-06,52.433945
1993-11-07,19.177057
1993-11-08,6.5291095
1993-11-09,1.8361781
1993-11-10,2.4742029
1993-11-11,8.869305
1993-11-12,59.846886
1993-11-13,71.703
1993-11-14,15.706345
1993-11-15,12.753657
1993-11-16,28.992727
1993-11-17,36.426334
1993-11-18,29.607643
1993-11-19,14.170479
1993-11-20,18.26677
1993-11-21,34.817097
1993-11-22,97.06358
1993-11-23,100.268585
1993-11-24,29.559725
1993-11-25,23.509098
1993-11-26,27.243687
1993-11-27,71.561226
1993-11-28,54.97159
1993-11-29,17.63098
1993-11-30,40.112476
1993-12-01,60.373535
1993-12-02,43.920895
1993-12-03,42.558495
1993-12-04,30.413475
1993-12-05,9.678116
1993-12-06,8.655681
1993-12-07,3.8093634
1993-12-08,1.4920086
1993-12-09,1.9001671
1993-12-10,2.3667538
1993-12-11,2.405662
1993-12-12,3.952018
1993-12-13,5.23205
1993-12-14,3.555352
1993-12-15,3.5157986
1993-12-16,3.8152537
1993-12-17,6.2725825
1993-12-18,8.735262
1993-12-19,12.523769
1993-12-20,19.204527
1993-12-21,13.13676
1993-12-22,2.832203
1993-12-23,2.3029997
1993-12-24,2.3330982
1993-12-25,5.0049224
1993-12-26,5.430083
1993-12-27,4.0630646
1993-12-28,4.018268
1993-12-29,2.2294862
1993-12-30,1.4857275
1993-12-31,1.2907898
1994-01-01,1.0862966
1994-01-02,1.0753942
1994-01-03,1.3796649
1994-01-04,8.359332
1994-01-05,12.592476
1994-01-06,8.462643
1994-01-07,6.431267
1994-01-08,8.62948
1994-01-09,28.03213
1994-01-10,81.94209
1994-01-11,89.2933
1994-01-12,42.24282
1994-01-13,17.107336
1994-01-14,7.467375
1994-01-15,6.1359053
1994-01-16,19.051828
1994-01-17,33.01018
1994-01-18,27.058784
1994-01-19,4.8934994
1994-01-20,2.8466172
1994-01-21,2.260386
1994-01-22,1.4946481
1994-01-23,5.5438647
1994-01-24,6.5646944
1994-01-25,2.5853941
1994-01-26,1.0753083
1994-01-27,0.880136
1994-01-28,1.2675877
1994-01-29,3.9585764
1994-01-30,11.58392
1994-01-31,18.280653
1994-02-01,14.656011
1994-02-02,12.557067
1994-02-03,19.808739
1994-02-04,35.80076
1994-02-05,53.11903
1994-02-06,48.329777
1994-02-07,35.79846
1994-02-08,19.202528
1994-02-09,2.2153199
1994-02-10,1.768675
1994-02-11,1.9923353
1994-02-12,1.0248182
1994-02-13,1.8910656
1994-02-14,3.2967098
1994-02-15,5.3908596
1994-02-16,5.9048743
1994-02-17,11.806819
1994-02-18,11.398269
1994-02-19,2.6304648
1994-02-20,3.3683517
1994-02-21,10.355664
1994-02-22,16.899464
1994-02-23,86.207115
1994-02-24,221.02986
1994-02-25,191.62729
1994-02-26,79.78228
1994-02-27,68.463615
1994-02-28,41.338997
1994-03-01,61.73775
1994-03-02,66.07442
1994-03-03,20.411945
1994-03-04,21.293612
1994-03-05,29.561365
1994-03-06,45.258514
1994-03-07,37.700905
1994-03-08,19.56143
1994-03-09,30.105452
1994-03-10,25.505978
1994-03-11,12.530429
1994-03-12,12.490291
1994-03-13,32.537807
1994-03-14,52.21123
1994-03-15,77.87291
1994-03-16,86.67527
1994-03-17,45.417027
1994-03-18,11.601586
1994-03-19,7.455797
1994-03-20,6.3625827
1994-03-21,6.7454824
1994-03-22,5.814811
1994-03-23,4.4840384
1994-03-24,11.743171
1994-03-25,41.016296
1994-03-26,36.923416
1994-03-27,8.078311
1994-03-28,30.554928
1994-03-29,58.24657
1994-03-30,70.43576
1994-03-31,149.21172
1994-04-01,193.80043
1994-04-02,150.07973
1994-04-03,114.16947
1994-04-04,137.45027
1994-04-05,111.2511
1994-04-06,77.0377
1994-04-07,75.304306
1994-04-08,43.010124
1994-04-09,40.96839
1994-04-10,41.711426
1994-04-11,36.536133
1994-04-12,29.605988
1994-04-13,31.857243
1994-04-14,65.31201
1994-04-15,83.355225
1994-04-16,62.69993
1994-04-17,38.76445
1994-04-18,25.946756
1994-04-19,27.760548
1994-04-20,61.1489
1994-04-21,80.22375
1994-04-22,41.568977
1994-04-23,18.627235
1994-04-24,18.381227
1994-04-25,18.757374
1994-04-26,18.97683
1994-04-27,38.742096
1994-04-28,56.234077
1994-04-29,69.43955
1994-04-30,85.10389
1994-05-01,75.95014
1994-05-02,69.387344
1994-05-03,33.927094
1994-05-04,18.902182
1994-05-05,16.661564
1994-05-06,18.232813
1994-05-07,24.662434
1994-05-08,38.874622
1994-05-09,37.375553
1994-05-10,18.350594
1994-05-11,15.668304
1994-05-12,15.67704
1994-05-13,16.541338
1994-05-14,17.49566
1994-05-15,20.191412
1994-05-16,19.440191
1994-05-17,16.001293
1994-05-18,15.339271
1994-05-19,59.358616
1994-05-20,122.57184
1994-05-21,88.07933
1994-05-22,21.877794
1994-05-23,13.547042
1994-05-24,12.406709
1994-05-25,13.149258
1994-05-26,13.265239
1994-05-27,27.17607
1994-05-28,55.850567
1994-05-29,48.50637
1994-05-30,20.343561
1994-05-31,13.25916
1994-06-01,13.222924
1994-06-02,19.719814
1994-06-03,26.727833
1994-06-04,24.968052
1994-06-05,23.011972
1994-06-06,30.06696
1994-06-07,29.588428
1994-06-08,16.802315
1994-06-09,13.650594
1994-06-10,15.261305
1994-06-11,14.294528
1994-06-12,12.298771
1994-06-13,13.519034
1994-06-14,20.801191
1994-06-15,22.514824
1994-06-16,15.526143
1994-06-17,17.451372
1994-06-18,13.657775
1994-06-19,11.408838
1994-06-20,11.528
1994-06-21,11.869551
1994-06-22,19.524931
1994-06-23,22.205763
1994-06-24,10.982516
1994-06-25,9.490534
1994-06-26,10.013176
1994-06-27,10.839113
1994-06-28,10.506037
1994-06-29,10.78267
1994-06-30,13.467148
1994-07-01,12.090448
1994-07-02,10.391608
1994-07-03,10.614436
1994-07-04,11.153209
1994-07-05,9.649421
1994-07-06,12.8053255
1994-07-07,20.675186
1994-07-08,24.322386
1994-07-09,17.582327
1994-07-10,12.367728
1994-07-11,14.981697
1994-07-12,15.111064
1994-07-13,16.9901
1994-07-14,18.46694
1994-07-15,14.309922
1994-07-16,12.553076
1994-07-17,16.291668
1994-07-18,15.70577
1994-07-19,13.462847
1994-07-20,8.694955
1994-07-21,7.8985825
1994-07-22,7.531702
1994-07-23,7.374384
1994-07-24,7.1091175
1994-07-25,8.423224
1994-07-26,10.325072
1994-07-27,7.2005506
1994-07-28,6.968357
1994-07-29,7.0526457
1994-07-30,7.574584
1994-07-31,8.349211
1994-08-01,9.273955
1994-08-02,9.331976
1994-08-03,9.302195
1994-08-04,10.842096
1994-08-05,9.223041
1994-08-06,7.611938
1994-08-07,8.252543
1994-08-08,11.939261
1994-08-09,8.741353
1994-08-10,8.965136
1994-08-11,9.992448
1994-08-12,8.563765
1994-08-13,13.205414
1994-08-14,12.244648
1994-08-15,6.9656076
1994-08-16,7.3255625
1994-08-17,7.8694553
1994-08-18,8.548669
1994-08-19,8.725369
1994-08-20,6.6981325
1994-08-21,7.632773
1994-08-22,9.076257
1994-08-23,7.3294134
1994-08-24,6.0575585
1994-08-25,6.02556
1994-08-26,6.0299783
1994-08-27,6.472651
1994-08-28,6.6638207
1994-08-29,5.965975
1994-08-30,4.6046124
1994-08-31,4.7724237
1994-09-01,5.395722
1994-09-02,5.5928907
1994-09-03,4.679478
1994-09-04,4.8998075
1994-09-05,5.148224
1994-09-06,4.563572
1994-09-07,4.310813
1994-09-08,3.9241621
1994-09-09,4.0844626
1994-09-10,4.124648
1994-09-11,4.3791986
1994-09-12,4.6977296
1994-09-13,4.7283773
1994-09-14,3.8974168
1994-09-15,3.4242442
1994-09-16,3.502937
1994-09-17,3.4428418
1994-09-18,4.324246
1994-09-19,4.063633
1994-09-20,3.7169929
1994-09-21,3.3981485
1994-09-22,2.682585
1994-09-23,6.105706
1994-09-24,19.30423
1994-09-25,40.28252
1994-09-26,43.536816
1994-09-27,37.785866
1994-09-28,22.64016
1994-09-29,5.648386
1994-09-30,3.7879262
1994-10-01,3.9625084
1994-10-02,3.765314
1994-10-03,2.5202181
1994-10-04,2.3079946
1994-10-05,2.4574177
1994-10-06,4.3814836
1994-10-07,6.0009685
1994-10-08,7.1213193
1994-10-09,21.074764
1994-10-10,32.67285
1994-10-11,34.666916
1994-10-12,36.26974
1994-10-13,37.117985
1994-10-14,111.647545
1994-10-15,115.99536
1994-10-16,31.196112
1994-10-17,12.584391
1994-10-18,19.569008
1994-10-19,28.292028
1994-10-20,30.10735
1994-10-21,34.02164
1994-10-22,38.831905
1994-10-23,42.14763
1994-10-24,40.42052
1994-10-25,87.179985
1994-10-26,88.59121
1994-10-27,26.2385
1994-10-28,9.823957
1994-10-29,7.996559
1994-10-30,6.2440257
1994-10-31,5.195635
1994-11-01,4.5107145
1994-11-02,6.6233544
1994-11-03,9.624622
1994-11-04,10.65065
1994-11-05,44.39416
1994-11-06,96.33565
1994-11-07,80.271736
1994-11-08,25.59081
1994-11-09,11.093386
1994-11-10,14.007642
1994-11-11,15.794139
1994-11-12,10.388614
1994-11-13,6.373311
1994-11-14,5.5852213
1994-11-15,6.4567633
1994-11-16,6.302877
1994-11-17,7.1483755
1994-11-18,11.343421
1994-11-19,13.693987
1994-11-20,15.001871
1994-11-21,29.671654
1994-11-22,29.872026
1994-11-23,21.318752
1994-11-24,15.478007
1994-11-25,11.548012
1994-11-26,26.018911
1994-11-27,32.97426
1994-11-28,30.94279
1994-11-29,40.33781
1994-11-30,34.598415
1994-12-01,10.153562
1994-12-02,8.32068
1994-12-03,11.471159
1994-12-04,21.19293
1994-12-05,17.000021
1994-12-06,6.206328
1994-12-07,5.3252277
1994-12-08,4.813132
1994-12-09,4.87611
1994-12-10,5.2018394
1994-12-11,5.755673
1994-12-12,6.1332273
1994-12-13,5.3651514
1994-12-14,5.023166
1994-12-15,6.338064
1994-12-16,12.011246
1994-12-17,11.618339
1994-12-18,5.1948276
1994-12-19,4.787346
1994-12-20,5.4482007
1994-12-21,14.430077
1994-12-22,19.366764
1994-12-23,13.366524
1994-12-24,8.16292
1994-12-25,13.876618
1994-12-26,21.941845
1994-12-27,26.472084
1994-12-28,26.549694
1994-12-29,9.924447
1994-12-30,6.6359982
1994-12-31,5.6264815
1995-01-01,5.8197403
1995-01-02,4.938972
1995-01-03,4.6300306
1995-01-04,4.0893474
1995-01-05,3.6487951
1995-01-06,4.0821986
1995-01-07,4.1964803
1995-01-08,4.0048785
1995-01-09,6.1247997
1995-01-10,8.034809
1995-01-11,9.407086
1995-01-12,10.038962
1995-01-13,13.15467
1995-01-14,13.038252
1995-01-15,4.411072
1995-01-16,3.5030165
1995-01-17,5.376472
1995-01-18,6.9832964
1995-01-19,5.0118895
1995-01-20,3.5192091
1995-01-21,3.863878
1995-01-22,4.431816
1995-01-23,4.5053625
1995-01-24,3.8445785
1995-01-25,2.9408383
1995-01-26,2.7629075
1995-01-27,2.7317994
1995-01-28,2.7111385
1995-01-29,2.6485612
1995-01-30,2.5995207
1995-01-31,2.6798139
1995-02-01,3.5514169
1995-02-02,10.731072
1995-02-03,10.502277
1995-02-04,4.006474
1995-02-05,8.060511
1995-02-06,12.646698
1995-02-07,15.925304
1995-02-08,10.207788
1995-02-09,1.3002936
1995-02-10,1.7174866
1995-02-11,1.7891328
1995-02-12,1.017867
1995-02-13,0.90941006
1995-02-14,0.9257852
1995-02-15,1.0862392
1995-02-16,1.0428182
1995-02-17,0.84261197
1995-02-18,1.1632854
1995-02-19,4.3924947
1995-02-20,4.604369
1995-02-21,9.688196
1995-02-22,16.160528
1995-02-23,20.033455
1995-02-24,20.43416
1995-02-25,12.114466
1995-02-26,23.805283
1995-02-27,51.375538
1995-02-28,45.832706
1995-03-01,17.90355
1995-03-02,9.396437
1995-03-03,5.323543
1995-03-04,4.182477
1995-03-05,2.790274
1995-03-06,3.8745942
1995-03-07,5.2967324
1995-03-08,8.295641
1995-03-09,17.093706
1995-03-10,26.713356
1995-03-11,77.61805
1995-03-12,117.24952
1995-03-13,119.98919
1995-03-14,101.33079
1995-03-15,22.749598
1995-03-16,1.6677202
1995-03-17,1.839492
1995-03-18,9.780193
1995-03-19,17.034723
1995-03-20,8.069073
1995-03-21,23.155975
1995-03-22,49.799034
1995-03-23,55.49153
1995-03-24,43.982735
1995-03-25,43.142223
1995-03-26,48.024067
1995-03-27,23.863344
1995-03-28,4.550848
1995-03-29,6.95866
1995-03-30,13.286892
1995-03-31,7.154373
1995-04-01,0.295529
1995-04-02,0.24387376
1995-04-03,1.2118229
1995-04-04,1.1184174
1995-04-05,0.15329769
1995-04-06,0.4261772
1995-04-07,0.8565672
1995-04-08,5.782223
1995-04-09,42.40426
1995-04-10,102.92216
1995-04-11,70.175186
1995-04-12,8.204871
1995-04-13,10.065849
1995-04-14,27.95823
1995-04-15,44.565285
1995-04-16,34.147465
1995-04-17,29.432903
1995-04-18,37.833496
1995-04-19,59.048405
1995-04-20,64.64251
1995-04-21,45.50933
1995-04-22,208.167
1995-04-23,241.94095
1995-04-24,60.149323
1995-04-25,17.829916
1995-04-26,27.815754
1995-04-27,23.272427
1995-04-28,25.850925
1995-04-29,27.343132
1995-04-30,43.850204
1995-05-01,52.71373
1995-05-02,209.10315
1995-05-03,249.87349
1995-05-04,61.60901
1995-05-05,16.15477
1995-05-06,19.307913
1995-05-07,90.683174
1995-05-08,134.225
1995-05-09,80.40215
1995-05-10,36.500816
1995-05-11,21.872637
1995-05-12,21.87112
1995-05-13,23.515745
1995-05-14,24.45545
1995-05-15,23.051582
1995-05-16,22.282167
1995-05-17,23.230371
1995-05-18,22.843658
1995-05-19,21.255398
1995-05-20,20.976528
1995-05-21,18.015106
1995-05-22,15.393868
1995-05-23,14.096097
1995-05-24,13.4162245
1995-05-25,12.682313
1995-05-26,14.564187
1995-05-27,20.224226
1995-05-28,54.29899
1995-05-29,108.32107
1995-05-30,88.425224
1995-05-31,36.256126
1995-06-01,34.715336
1995-06-02,25.379633
1995-06-03,15.015773
1995-06-04,11.336714
1995-06-05,12.242109
1995-06-06,22.92842
1995-06-07,53.018417
1995-06-08,88.261116
1995-06-09,90.7952
1995-06-10,59.413322
1995-06-11,19.523645
1995-06-12,16.296051
1995-06-13,10.544311
1995-06-14,12.087155
1995-06-15,17.262651
1995-06-16,23.772268
1995-06-17,20.635279
1995-06-18,13.405256
1995-06-19,11.911776
1995-06-20,13.844999
1995-06-21,12.098769
1995-06-22,10.588536
1995-06-23,11.120665
1995-06-24,13.462069
1995-06-25,14.485969
1995-06-26,11.105227
1995-06-27,10.291711
1995-06-28,13.730133
1995-06-29,13.846571
1995-06-30,12.018932
1995-07-01,14.836109
1995-07-02,12.327138
1995-07-03,8.9596195
1995-07-04,8.671683
1995-07-05,9.225952
1995-07-06,10.926856
1995-07-07,12.201749
1995-07-08,11.251942
1995-07-09,7.962499
1995-07-10,8.828147
1995-07-11,8.98498
1995-07-12,7.9726305
1995-07-13,7.5590754
1995-07-14,7.7492237
1995-07-15,7.5079
1995-07-16,7.0217104
1995-07-17,7.160091
1995-07-18,7.333296
1995-07-19,8.496246
1995-07-20,9.460447
1995-07-21,6.9594054
1995-07-22,11.919294
1995-07-23,15.102134
1995-07-24,9.275658
1995-07-25,6.998029
1995-07-26,6.4595113
1995-07-27,7.77555
1995-07-28,11.168788
1995-07-29,13.608806
1995-07-30,20.856052
1995-07-31,21.63992
1995-08-01,11.981635
1995-08-02,11.840956
1995-08-03,12.862615
1995-08-04,16.366411
1995-08-05,16.92952
1995-08-06,15.003274
1995-08-07,11.188104
1995-08-08,5.529225
1995-08-09,5.191677
1995-08-10,5.110148
1995-08-11,5.137259
1995-08-12,23.548159
1995-08-13,34.52229
1995-08-14,14.531072
1995-08-15,5.2498074
1995-08-16,6.99847
1995-08-17,19.556734
1995-08-18,22.030804
1995-08-19,11.1728325
1995-08-20,8.510967
1995-08-21,7.441055
1995-08-22,9.643402
1995-08-23,8.068237
1995-08-24,13.362593
1995-08-25,14.37244
1995-08-26,11.524771
1995-08-27,17.701271
1995-08-28,19.492794
1995-08-29,10.438729
1995-08-30,6.9321814
1995-08-31,4.851836
1995-09-01,3.394247
1995-09-02,3.3261907
1995-09-03,4.1208353
1995-09-04,5.301605
1995-09-05,4.1989822
1995-09-06,4.449709
1995-09-07,4.979886
1995-09-08,4.651792
1995-09-09,4.897044
1995-09-10,4.805115
1995-09-11,3.8634374
1995-09-12,5.1286917
1995-09-13,14.269424
1995-09-14,17.431992
1995-09-15,11.845382
1995-09-16,12.996919
1995-09-17,13.821094
1995-09-18,10.993078
1995-09-19,7.1599574
1995-09-20,3.234568
1995-09-21,2.9344673
1995-09-22,3.3684819
1995-09-23,8.347493
1995-09-24,11.915475
1995-09-25,5.1365857
1995-09-26,5.62547
1995-09-27,6.9811764
1995-09-28,2.9440675
1995-09-29,5.8191133
1995-09-30,30.620275
1995-10-01,40.094246
1995-10-02,13.841449
1995-10-03,3.449608
1995-10-04,4.7830343
1995-10-05,4.900673
1995-10-06,6.1270823
1995-10-07,4.67577
1995-10-08,4.071117
1995-10-09,20.310282
1995-10-10,31.854603
1995-10-11,24.606592
1995-10-12,25.366821
1995-10-13,43.57957
1995-10-14,56.00081
1995-10-15,27.60323
1995-10-16,5.885512
1995-10-17,3.7911425
1995-10-18,6.1863546
1995-10-19,7.1819596
1995-10-20,16.082598
1995-10-21,22.436054
1995-10-22,24.12569
1995-10-23,24.091383
1995-10-24,11.210141
1995-10-25,8.714418
1995-10-26,6.0264883
1995-10-27,16.335775
1995-10-28,29.71312
1995-10-29,19.65157
1995-10-30,3.9863575
1995-10-31,5.7306547
1995-11-01,10.097635
1995-11-02,15.532124
1995-11-03,19.486399
1995-11-04,25.291307
1995-11-05,24.91004
1995-11-06,8.234038
1995-11-07,2.8863785
1995-11-08,7.2141356
1995-11-09,15.702119
1995-11-10,22.948412
1995-11-11,18.767359
1995-11-12,8.923293
1995-11-13,21.496267
1995-11-14,29.804176
1995-11-15,12.45628
1995-11-16,11.014899
1995-11-17,8.446749
1995-11-18,9.025612
1995-11-19,20.035816
1995-11-20,24.856213
1995-11-21,15.712583
1995-11-22,17.678013
1995-11-23,26.432987
1995-11-24,18.701199
1995-11-25,5.402032
1995-11-26,13.859344
1995-11-27,15.957499
1995-11-28,6.484469
1995-11-29,5.3590865
1995-11-30,3.71172
1995-12-01,5.885809
1995-12-02,10.963491
1995-12-03,14.341079
1995-12-04,69.17114
1995-12-05,123.354904
1995-12-06,98.18691
1995-12-07,55.28371
1995-12-08,36.321335
1995-12-09,21.73261
1995-12-10,15.739312
1995-12-11,21.315998
1995-12-12,29.048973
1995-12-13,32.480988
1995-12-14,39.89758
1995-12-15,44.650227
1995-12-16,32.26666
1995-12-17,25.201927
1995-12-18,26.884443
1995-12-19,12.961386
1995-12-20,14.076677
1995-12-21,22.837198
1995-12-22,33.142345
1995-12-23,20.297384
1995-12-24,6.8305545
1995-12-25,6.5482345
1995-12-26,6.645768
1995-12-27,6.9185038
1995-12-28,6.5730286
1995-12-29,6.0135875
1995-12-30,8.005707
1995-12-31,11.382654
1996-01-01,10.266375
1996-01-02,6.886287
1996-01-03,15.242907
1996-01-04,14.844292
1996-01-05,6.1938076
1996-01-06,5.8011217
1996-01-07,5.447624
1996-01-08,5.3390627
1996-01-09,5.8392935
1996-01-10,12.636987
1996-01-11,12.996342
1996-01-12,5.86004
1996-01-13,6.926873
1996-01-14,15.903391
1996-01-15,23.43882
1996-01-16,25.171526
1996-01-17,28.144535
1996-01-18,27.178324
1996-01-19,20.524387
1996-01-20,9.121043
1996-01-21,11.762554
1996-01-22,16.363014
1996-01-23,22.097673
1996-01-24,30.497694
1996-01-25,28.330883
1996-01-26,24.067337
1996-01-27,18.149656
1996-01-28,18.693096
1996-01-29,21.738293
1996-01-30,21.375578
1996-01-31,14.077177
1996-02-01,11.064076
1996-02-02,6.052376
1996-02-03,5.195571
1996-02-04,12.292742
1996-02-05,20.38117
1996-02-06,27.97706
1996-02-07,57.424423
1996-02-08,82.580315
1996-02-09,60.83545
1996-02-10,17.002203
1996-02-11,8.180467
1996-02-12,8.187871
1996-02-13,9.95853
1996-02-14,8.759388
1996-02-15,7.4534526
1996-02-16,6.5360923
1996-02-17,7.0863914
1996-02-18,13.8396015
1996-02-19,27.515055
1996-02-20,26.099833
1996-02-21,10.454119
1996-02-22,15.859432
1996-02-23,24.529188
1996-02-24,18.53843
1996-02-25,10.79492
1996-02-26,10.097639
1996-02-27,7.0417266
1996-02-28,7.3697877
1996-02-29,9.227156
1996-03-01,11.071329
1996-03-02,12.650789
1996-03-03,29.535698
1996-03-04,45.58539
1996-03-05,45.153084
1996-03-06,56.490597
1996-03-07,67.90256
1996-03-08,57.69865
1996-03-09,48.614674
1996-03-10,43.469315
1996-03-11,46.433685
1996-03-12,46.54993
1996-03-13,47.466057
1996-03-14,50.49897
1996-03-15,51.786755
1996-03-16,41.5003
1996-03-17,182.54446
1996-03-18,257.65714
1996-03-19,119.30164
1996-03-20,24.70896
1996-03-21,13.621532
1996-03-22,16.797926
1996-03-23,17.864803
1996-03-24,13.985776
1996-03-25,12.024809
1996-03-26,13.0118475
1996-03-27,14.704204
1996-03-28,13.3928175
1996-03-29,11.2989435
1996-03-30,12.745251
1996-03-31,21.978186
1996-04-01,26.731647
1996-04-02,17.04761
1996-04-03,12.534941
1996-04-04,19.502487
1996-04-05,23.826176
1996-04-06,14.501446
1996-04-07,13.440417
1996-04-08,14.637757
1996-04-09,16.143671
1996-04-10,11.464009
1996-04-11,12.3809805
1996-04-12,15.849114
1996-04-13,25.158863
1996-04-14,28.43052
1996-04-15,20.793392
1996-04-16,18.40356
1996-04-17,11.245307
1996-04-18,9.32592
1996-04-19,14.9365225
1996-04-20,34.196693
1996-04-21,50.618763
1996-04-22,46.85718
1996-04-23,53.690422
1996-04-24,65.436424
1996-04-25,75.09811
1996-04-26,55.939476
1996-04-27,14.073277
1996-04-28,11.642213
1996-04-29,12.157292
1996-04-30,11.143554
1996-05-01,29.688648
1996-05-02,45.657383
1996-05-03,23.003088
1996-05-04,24.514349
1996-05-05,58.59772
1996-05-06,86.29674
1996-05-07,78.56255
1996-05-08,48.867054
1996-05-09,47.49818
1996-05-10,39.080097
1996-05-11,23.078243
1996-05-12,34.19909
1996-05-13,47.271942
1996-05-14,54.421383
1996-05-15,42.55978
1996-05-16,21.79402
1996-05-17,52.39461
1996-05-18,73.819496
1996-05-19,42.991318
1996-05-20,20.119116
1996-05-21,21.780378
1996-05-22,21.563631
1996-05-23,18.59662
1996-05-24,21.9219
1996-05-25,20.27358
1996-05-26,19.102736
1996-05-27,19.808388
1996-05-28,16.299232
1996-05-29,21.124697
1996-05-30,23.095263
1996-05-31,26.048391
1996-06-01,26.181942
1996-06-02,17.29009
1996-06-03,23.197433
1996-06-04,25.483316
1996-06-05,32.885117
1996-06-06,37.71488
1996-06-07,22.21866
1996-06-08,16.877264
1996-06-09,15.016154
1996-06-10,14.094218
1996-06-11,13.360575
1996-06-12,12.761649
1996-06-13,13.059639
1996-06-14,13.2566185
1996-06-15,13.349661
1996-06-16,12.426732
1996-06-17,12.687017
1996-06-18,16.316753
1996-06-19,15.670079
1996-06-20,12.543881
1996-06-21,11.068888
1996-06-22,11.522119
1996-06-23,11.218462
1996-06-24,15.685829
1996-06-25,17.075895
1996-06-26,10.741176
1996-06-27,11.991578
1996-06-28,30.15936
1996-06-29,47.756638
1996-06-30,51.431206
1996-07-01,38.595818
1996-07-02,21.447948
1996-07-03,17.316336
1996-07-04,18.653978
1996-07-05,11.798504
1996-07-06,10.03874
1996-07-07,9.573415
1996-07-08,8.629447
1996-07-09,32.508354
1996-07-10,45.048576
1996-07-11,21.565983
1996-07-12,11.8792
1996-07-13,14.499722
1996-07-14,19.247564
1996-07-15,14.613726
1996-07-16,11.150116
1996-07-17,15.28619
1996-07-18,15.437327
1996-07-19,13.513443
1996-07-20,14.597019
1996-07-21,25.734873
1996-07-22,32.8278
1996-07-23,24.708736
1996-07-24,33.240883
1996-07-25,13.131054
1996-07-26,30.841387
1996-07-27,52.13957
1996-07-28,34.43447
1996-07-29,14.169137
1996-07-30,14.417495
1996-07-31,10.509329
1996-08-01,9.024617
1996-08-02,8.828957
1996-08-03,8.592029
1996-08-04,8.59172
1996-08-05,9.479526
1996-08-06,9.980205
1996-08-07,9.0919695
1996-08-08,8.779717
1996-08-09,7.872718
1996-08-10,7.3377466
1996-08-11,7.7002673
1996-08-12,8.252796
1996-08-13,7.6727333
1996-08-14,6.871817
1996-08-15,6.6802096
1996-08-16,6.6012607
1996-08-17,6.8021717
1996-08-18,7.189836
1996-08-19,7.3112936
1996-08-20,7.2432656
1996-08-21,6.3910728
1996-08-22,6.2424984
1996-08-23,6.1674337
1996-08-24,6.157731
1996-08-25,6.188779
1996-08-26,6.812616
1996-08-27,10.991687
1996-08-28,12.140423
1996-08-29,8.384993
1996-08-30,7.471059
1996-08-31,6.3231225
1996-09-01,7.112755
1996-09-02,6.4356604
1996-09-03,5.5738373
1996-09-04,5.0431776
1996-09-05,4.7224298
1996-09-06,4.71978
1996-09-07,4.5942283
1996-09-08,4.4951725
1996-09-09,6.78768
1996-09-10,12.159139
1996-09-11,8.557808
1996-09-12,4.7236648
1996-09-13,4.8061624
1996-09-14,4.7683153
1996-09-15,4.501919
1996-09-16,4.6763783
1996-09-17,4.500198
1996-09-18,4.2116838
1996-09-19,4.518763
1996-09-20,6.056506
1996-09-21,5.7747064
1996-09-22,7.719788
1996-09-23,6.5784855
1996-09-24,3.3642526
1996-09-25,7.4118814
1996-09-26,7.6470857
1996-09-27,3.0028791
1996-09-28,2.8849704
1996-09-29,4.22216
1996-09-30,5.7429323
1996-10-01,4.4541945
1996-10-02,2.9561915
1996-10-03,3.5122712
1996-10-04,4.3824406
1996-10-05,4.0656333
1996-10-06,4.063164
1996-10-07,5.397001
1996-10-08,11.136366
1996-10-09,9.767026
1996-10-10,6.8830523
1996-10-11,18.253555
1996-10-12,25.148243
1996-10-13,27.434446
1996-10-14,34.861076
1996-10-15,38.593117
1996-10-16,36.877914
1996-10-17,40.751755
1996-10-18,19.876719
1996-10-19,10.85573
1996-10-20,15.081491
1996-10-21,10.645974
1996-10-22,20.398527
1996-10-23,15.0467615
1996-10-24,3.0788133
1996-10-25,9.921593
1996-10-26,18.379316
1996-10-27,14.808712
1996-10-28,6.322999
1996-10-29,20.140137
1996-10-30,23.931719
1996-10-31,8.255973
1996-11-01,4.041097
1996-11-02,2.2533848
1996-11-03,1.8679966
1996-11-04,2.051057
1996-11-05,1.6093223
1996-11-06,1.3496666
1996-11-07,1.063728
1996-11-08,1.2935586
1996-11-09,5.38344
1996-11-10,15.942597
1996-11-11,16.692339
1996-11-12,7.3316193
1996-11-13,3.2886941
1996-11-14,1.9143972
1996-11-15,8.047018
1996-11-16,15.949594
1996-11-17,19.550186
1996-11-18,14.839121
1996-11-19,5.3830833
1996-11-20,5.0564594
1996-11-21,8.320579
1996-11-22,8.965048
1996-11-23,12.934891
1996-11-24,15.79383
1996-11-25,8.402255
1996-11-26,1.3746146
1996-11-27,1.2301545
1996-11-28,2.063064
1996-11-29,12.890793
1996-11-30,25.301676
1996-12-01,15.8490305
1996-12-02,5.0871296
1996-12-03,9.471098
1996-12-04,20.286283
1996-12-05,21.242373
1996-12-06,25.458529
1996-12-07,31.450727
1996-12-08,10.128185
1996-12-09,4.5801344
1996-12-10,34.433804
1996-12-11,43.678856
1996-12-12,12.208988
1996-12-13,1.5997578
1996-12-14,2.481445
1996-12-15,1.9439297
1996-12-16,1.6885008
1996-12-17,1.2491622
1996-12-18,0.61004233
1996-12-19,0.18110703
1996-12-20,0.38837883
1996-12-21,0.35244888
1996-12-22,0.29880816
1996-12-23,1.007728
1996-12-24,0.93045145
1996-12-25,0.3792728
1996-12-26,0.16836461
1996-12-27,0.15010901
1996-12-28,1.2710593
1996-12-29,2.573627
1996-12-30,4.8797092
1996-12-31,8.097104
1997-01-01,10.045032
1997-01-02,15.873878
1997-01-03,22.057089
1997-01-04,12.069396
1997-01-05,2.9627504
1997-01-06,5.5096107
1997-01-07,7.448338
1997-01-08,5.3976483
1997-01-09,6.8723226
1997-01-10,7.6178226
1997-01-11,16.944971
1997-01-12,24.604425
1997-01-13,17.116325
1997-01-14,15.110128
1997-01-15,19.128105
1997-01-16,15.894524
1997-01-17,21.049696
1997-01-18,19.2915
1997-01-19,23.002775
1997-01-20,13.012128
1997-01-21,3.5562208
1997-01-22,1.9441793
1997-01-23,14.185592
1997-01-24,23.87314
1997-01-25,18.361336
1997-01-26,21.045578
1997-01-27,23.415543
1997-01-28,16.268358
1997-01-29,5.5779977
1997-01-30,14.285905
1997-01-31,25.917667
1997-02-01,25.271141
1997-02-02,25.136976
1997-02-03,20.568922
1997-02-04,4.086738
1997-02-05,2.1435423
1997-02-06,22.710363
1997-02-07,79.86755
1997-02-08,69.38415
1997-02-09,15.525866
1997-02-10,9.2751465
1997-02-11,9.634894
1997-02-12,8.553396
1997-02-13,8.833113
1997-02-14,7.788017
1997-02-15,2.567575
1997-02-16,3.3558247
1997-02-17,3.1568525
1997-02-18,7.844238
1997-02-19,12.954295
1997-02-20,9.375372
1997-02-21,3.0648959
1997-02-22,0.20761852
1997-02-23,0.73906094
1997-02-24,1.3148987
1997-02-25,1.7383678
1997-02-26,2.0778642
1997-02-27,3.0703773
1997-02-28,4.8479576
1997-03-01,3.570105
1997-03-02,1.2652996
1997-03-03,7.441205
1997-03-04,9.094519
1997-03-05,2.446125
1997-03-06,0.23658307
1997-03-07,0.0419686
1997-03-08,0.007625185
1997-03-09,0.0107244635
1997-03-10,0.3635472
1997-03-11,2.0229535
1997-03-12,2.6933568
1997-03-13,3.7025754
1997-03-14,9.20416
1997-03-15,22.813253
1997-03-16,20.757767
1997-03-17,171.49754
1997-03-18,270.72845
1997-03-19,123.37677
1997-03-20,29.72715
1997-03-21,24.744987
1997-03-22,7.9532313
1997-03-23,3.3022926
1997-03-24,7.0501757
1997-03-25,15.374294
1997-03-26,11.203079
1997-03-27,21.209782
1997-03-28,22.730658
1997-03-29,16.28055
1997-03-30,20.713346
1997-03-31,27.980473
1997-04-01,45.317307
1997-04-02,41.161304
1997-04-03,26.752136
1997-04-04,37.713116
1997-04-05,25.183544
1997-04-06,2.6773665
1997-04-07,12.156697
1997-04-08,19.769552
1997-04-09,15.987556
1997-04-10,14.382069
1997-04-11,19.779526
1997-04-12,137.62401
1997-04-13,193.27408
1997-04-14,84.35173
1997-04-15,10.81555
1997-04-16,8.008005
1997-04-17,6.45713
1997-04-18,3.063768
1997-04-19,4.0812783
1997-04-20,5.627806
1997-04-21,14.578984
1997-04-22,22.021105
1997-04-23,17.4385
1997-04-24,25.16816
1997-04-25,54.393517
1997-04-26,100.63183
1997-04-27,74.06885
1997-04-28,14.016861
1997-04-29,10.18479
1997-04-30,6.5259314
1997-05-01,3.6231241
1997-05-02,4.2836676
1997-05-03,6.2899556
1997-05-04,13.141149
1997-05-05,25.830513
1997-05-06,23.819695
1997-05-07,13.297873
1997-05-08,18.811823
1997-05-09,14.93786
1997-05-10,8.8166275
1997-05-11,10.058824
1997-05-12,11.097294
1997-05-13,15.399005
1997-05-14,15.531996
1997-05-15,12.217623
1997-05-16,6.116581
1997-05-17,4.9726224
1997-05-18,4.8177533
1997-05-19,4.848518
1997-05-20,4.824432
1997-05-21,5.4165597
1997-05-22,7.155724
1997-05-23,11.704419
1997-05-24,16.501854
1997-05-25,11.129935
1997-05-26,7.813834
1997-05-27,12.080826
1997-05-28,32.583344
1997-05-29,54.188175
1997-05-30,24.540264
1997-05-31,10.679114
1997-06-01,9.237097
1997-06-02,9.372152
1997-06-03,6.915913
1997-06-04,12.597352
1997-06-05,96.24352
1997-06-06,136.84048
1997-06-07,59.780598
1997-06-08,11.369385
1997-06-09,31.19599
1997-06-10,44.724533
1997-06-11,15.926542
1997-06-12,6.269567
1997-06-13,6.0955606
1997-06-14,6.5005264
1997-06-15,5.571243
1997-06-16,5.173058
1997-06-17,5.218945
1997-06-18,5.1324244
1997-06-19,5.5852857
1997-06-20,10.063352
1997-06-21,10.934338
1997-06-22,5.748423
1997-06-23,5.3840475
1997-06-24,5.5242677
1997-06-25,10.148525
1997-06-26,15.24329
1997-06-27,10.601977
1997-06-28,11.512488
1997-06-29,10.621024
1997-06-30,5.8052444
1997-07-01,6.333587
1997-07-02,7.8007646
1997-07-03,8.8190775
1997-07-04,6.1776414
1997-07-05,5.5670295
1997-07-06,7.3567
1997-07-07,10.420319
1997-07-08,15.030185
1997-07-09,21.173122
1997-07-10,12.929885
1997-07-11,11.009694
1997-07-12,11.344385
1997-07-13,16.009472
1997-07-14,19.371346
1997-07-15,9.494719
1997-07-16,14.382313
1997-07-17,13.535088
1997-07-18,10.876562
1997-07-19,8.097939
1997-07-20,7.457165
1997-07-21,6.6308365
1997-07-22,6.947645
1997-07-23,8.001856
1997-07-24,8.2436905
1997-07-25,8.794235
1997-07-26,8.572733
1997-07-27,7.880242
1997-07-28,7.418472
1997-07-29,7.102681
1997-07-30,6.905181
1997-07-31,5.57264
1997-08-01,5.2593656
1997-08-02,5.0883827
1997-08-03,5.3426547
1997-08-04,5.7083597
1997-08-05,5.6117797
1997-08-06,6.573286
1997-08-07,6.141947
1997-08-08,7.6810203
1997-08-09,7.897693
1997-08-10,7.02501
1997-08-11,6.978381
1997-08-12,8.060203
1997-08-13,5.178905
1997-08-14,5.9071407
1997-08-15,6.934045
1997-08-16,8.422323
1997-08-17,5.9031816
1997-08-18,5.0077543
1997-08-19,4.390885
1997-08-20,4.7717547
1997-08-21,4.330113
1997-08-22,4.0947943
1997-08-23,4.5693297
1997-08-24,5.6176577
1997-08-25,4.4346614
1997-08-26,4.140411
1997-08-27,4.3243628
1997-08-28,6.4100857
1997-08-29,8.119015
1997-08-30,7.714721
1997-08-31,3.0157526
1997-09-01,2.4871466
1997-09-02,2.560001
1997-09-03,2.8890686
1997-09-04,2.7560382
1997-09-05,2.6838026
1997-09-06,3.7238548
1997-09-07,6.9501734
1997-09-08,7.5383434
1997-09-09,8.476296
1997-09-10,13.683344
1997-09-11,10.584923
1997-09-12,5.6075754
1997-09-13,3.6354787
1997-09-14,3.472533
1997-09-15,1.9941818
1997-09-16,2.0974975
1997-09-17,2.6336474
1997-09-18,1.8348708
1997-09-19,1.7184827
1997-09-20,2.0650175
1997-09-21,2.7991729
1997-09-22,2.4637578
1997-09-23,3.6336067
1997-09-24,6.391777
1997-09-25,9.60873
1997-09-26,7.6723657
1997-09-27,4.771482
1997-09-28,2.7761996
1997-09-29,1.8642018
1997-09-30,1.7701964
1997-10-01,2.6569538
1997-10-02,13.516599
1997-10-03,15.207342
1997-10-04,4.3148794
1997-10-05,5.3048325
1997-10-06,2.79531
1997-10-07,1.4067656
1997-10-08,1.2604582
1997-10-09,1.2893891
1997-10-10,1.3555144
1997-10-11,3.7330222
1997-10-12,11.853408
1997-10-13,15.178405
1997-10-14,29.491476
1997-10-15,45.79127
1997-10-16,41.62482
1997-10-17,37.39474
1997-10-18,36.586838
1997-10-19,19.701004
1997-10-20,4.0858665
1997-10-21,3.0287433
1997-10-22,1.5745367
1997-10-23,1.6959815
1997-10-24,1.9743116
1997-10-25,1.5477983
1997-10-26,1.0306597
1997-10-27,0.99820215
1997-10-28,1.0215695
1997-10-29,1.3252896
1997-10-30,1.2610036
1997-10-31,0.96855927
1997-11-01,1.0572104
1997-11-02,1.3644332
1997-11-03,1.893512
1997-11-04,1.7286664
1997-11-05,1.8810241
1997-11-06,2.1209252
1997-11-07,1.9022554
1997-11-08,3.6106093
1997-11-09,13.420339
1997-11-10,22.881025
1997-11-11,31.915308
1997-11-12,20.376379
1997-11-13,6.296737
1997-11-14,15.62518
1997-11-15,21.108562
1997-11-16,13.71181
1997-11-17,11.079923
1997-11-18,8.83865
1997-11-19,4.9213185
1997-11-20,5.577304
1997-11-21,6.4412413
1997-11-22,10.3532915
1997-11-23,7.437028
1997-11-24,0.41279352
1997-11-25,1.6246172
1997-11-26,30.965984
1997-11-27,45.152092
1997-11-28,27.514135
1997-11-29,9.416458
1997-11-30,2.053187
1997-12-01,3.14243
1997-12-02,13.1125
1997-12-03,13.044252
1997-12-04,2.900046
1997-12-05,0.17056082
1997-12-06,0.09860712
1997-12-07,0.7003626
1997-12-08,1.3908864
1997-12-09,0.9264126
1997-12-10,0.60174143
1997-12-11,0.27168527
1997-12-12,0.11306914
1997-12-13,0.044261497
1997-12-14,0.10882038
1997-12-15,1.2538095
1997-12-16,4.0258145
1997-12-17,4.3523316
1997-12-18,0.595473
1997-12-19,0.23347291
1997-12-20,0.28198907
1997-12-21,0.23680142
1997-12-22,0.28626516
1997-12-23,0.0630491
1997-12-24,0.093969926
1997-12-25,0.2802244
1997-12-26,0.5783097
1997-12-27,0.10533942
1997-12-28,0.01491724
1997-12-29,0.004235706
1997-12-30,0.010081557
1997-12-31,0.5015049
1998-01-01,0.5623646
1998-01-02,0.26759985
1998-01-03,0.119002454
1998-01-04,0.018891124
1998-01-05,0.048601992
1998-01-06,0.35342184
1998-01-07,1.7343011
1998-01-08,3.4590015
1998-01-09,3.5875204
1998-01-10,2.5647113
1998-01-11,4.0767846
1998-01-12,2.1850643
1998-01-13,1.8185679
1998-01-14,1.9915416
1998-01-15,0.85125715
1998-01-16,2.0029926
1998-01-17,1.7184287
1998-01-18,0.11382481
1998-01-19,0.020999873
1998-01-20,0.49941197
1998-01-21,0.87482065
1998-01-22,0.3240651
1998-01-23,0.42182067
1998-01-24,0.1538288
1998-01-25,0.02390382
1998-01-26,0.010406404
1998-01-27,0.0030214074
1998-01-28,0.0018761795
1998-01-29,0.0017999489
1998-01-30,0.0019908587
1998-01-31,0.1157904
1998-02-01,0.834142
1998-02-02,1.4680737
1998-02-03,1.3174199
1998-02-04,1.1423769
1998-02-05,3.031772
1998-02-06,4.147726
1998-02-07,4.001019
1998-02-08,11.18335
1998-02-09,24.548283
1998-02-10,33.29182
1998-02-11,16.47071
1998-02-12,4.2702723
1998-02-13,1.8301355
1998-02-14,0.6108308
1998-02-15,7.4324784
1998-02-16,10.119823
1998-02-17,2.2831035
1998-02-18,0.60810024
1998-02-19,0.15742172
1998-02-20,2.1214032
1998-02-21,3.6955144
1998-02-22,2.1421
1998-02-23,0.9848035
1998-02-24,3.2992964
1998-02-25,5.6727114
1998-02-26,13.297509
1998-02-27,12.718935
1998-02-28,2.5443687
1998-03-01,1.6667032
1998-03-02,3.9719958
1998-03-03,3.9044626
1998-03-04,1.0317687
1998-03-05,0.8999534
1998-03-06,1.9230126
1998-03-07,1.4614701
1998-03-08,2.6423583
1998-03-09,2.1382496
1998-03-10,0.8559647
1998-03-11,4.271262
1998-03-12,16.012093
1998-03-13,15.492764
1998-03-14,5.690823
1998-03-15,4.247395
1998-03-16,1.230681
1998-03-17,5.90778
1998-03-18,6.9919543
1998-03-19,1.9906799
1998-03-20,0.5034847
1998-03-21,0.4096248
1998-03-22,0.8386711
1998-03-23,1.5131549
1998-03-24,2.9454372
1998-03-25,5.518947
1998-03-26,4.6471887
1998-03-27,1.1362839
1998-03-28,4.870572
1998-03-29,43.72417
1998-03-30,148.55154
1998-03-31,170.12856
1998-04-01,102.165436
1998-04-02,103.519394
1998-04-03,100.918625
1998-04-04,29.901188
1998-04-05,29.331125
1998-04-06,35.00429
1998-04-07,42.372646
1998-04-08,31.691723
1998-04-09,7.041927
1998-04-10,3.1867273
1998-04-11,1.3362962
1998-04-12,7.8533564
1998-04-13,217.88977
1998-04-14,332.64084
1998-04-15,208.79767
1998-04-16,123.039925
1998-04-17,76.651436
1998-04-18,133.87267
1998-04-19,308.37332
1998-04-20,381.4122
1998-04-21,195.42416
1998-04-22,59.897213
1998-04-23,11.461152
1998-04-24,3.560483
1998-04-25,2.3780572
1998-04-26,4.125593
1998-04-27,18.043951
1998-04-28,22.908787
1998-04-29,4.9126062
1998-04-30,3.428252
1998-05-01,3.5889156
1998-05-02,18.642328
1998-05-03,40.90451
1998-05-04,45.31375
1998-05-05,56.853024
1998-05-06,58.21125
1998-05-07,45.025898
1998-05-08,72.546974
1998-05-09,111.97346
1998-05-10,93.931984
1998-05-11,32.98549
1998-05-12,7.4074454
1998-05-13,12.46746
1998-05-14,13.464026
1998-05-15,5.507118
1998-05-16,3.7180514
1998-05-17,4.840859
1998-05-18,7.0254674
1998-05-19,23.66401
1998-05-20,31.119808
1998-05-21,8.240019
1998-05-22,5.667825
1998-05-23,7.3247933
1998-05-24,9.297899
1998-05-25,9.345475
1998-05-26,8.058898
1998-05-27,10.44535
1998-05-28,20.308594
1998-05-29,30.02283
1998-05-30,29.449183
1998-05-31,16.743835
1998-06-01,6.382652
1998-06-02,7.213915
1998-06-03,8.039437
1998-06-04,9.902924
1998-06-05,12.751911
1998-06-06,13.362241
1998-06-07,12.726506
1998-06-08,7.4886527
1998-06-09,9.419238
1998-06-10,8.638107
1998-06-11,6.168365
1998-06-12,4.47539
1998-06-13,4.7864723
1998-06-14,6.633696
1998-06-15,7.5442266
1998-06-16,8.46101
1998-06-17,10.841161
1998-06-18,9.4559355
1998-06-19,5.5875916
1998-06-20,4.5544405
1998-06-21,5.1739845
1998-06-22,7.99687
1998-06-23,9.68114
1998-06-24,8.149884
1998-06-25,7.622184
1998-06-26,9.209786
1998-06-27,8.0126295
1998-06-28,11.463784
1998-06-29,14.263276
1998-06-30,13.077708
1998-07-01,7.4833937
1998-07-02,4.7833033
1998-07-03,5.7107058
1998-07-04,6.018076
1998-07-05,5.56922
1998-07-06,5.8875933
1998-07-07,6.805505
1998-07-08,5.002153
1998-07-09,4.5869627
1998-07-10,5.1493278
1998-07-11,5.9595494
1998-07-12,9.609427
1998-07-13,11.104914
1998-07-14,8.664157
1998-07-15,4.667625
1998-07-16,4.601387
1998-07-17,4.869679
1998-07-18,9.534387
1998-07-19,15.187358
1998-07-20,10.228239
1998-07-21,6.3672495
1998-07-22,4.5478907
1998-07-23,4.249205
1998-07-24,4.8769946
1998-07-25,4.7060995
1998-07-26,5.338835
1998-07-27,4.9707413
1998-07-28,4.622644
1998-07-29,4.7167506
1998-07-30,6.521882
1998-07-31,7.554557
1998-08-01,8.91906
1998-08-02,5.1945806
1998-08-03,4.702791
1998-08-04,5.5125093
1998-08-05,5.713823
1998-08-06,4.4951577
1998-08-07,4.3463616
1998-08-08,3.7569425
1998-08-09,3.108365
1998-08-10,2.9538064
1998-08-11,3.1449015
1998-08-12,3.7219622
1998-08-13,3.0412166
1998-08-14,2.950341
1998-08-15,3.1516616
1998-08-16,4.191785
1998-08-17,4.6798735
1998-08-18,4.1965027
1998-08-19,2.740814
1998-08-20,3.3945317
1998-08-21,5.259578
1998-08-22,6.3984604
1998-08-23,4.985501
1998-08-24,2.8047247
1998-08-25,2.3874896
1998-08-26,2.8285587
1998-08-27,4.164728
1998-08-28,2.9189267
1998-08-29,2.3749895
1998-08-30,2.068915
1998-08-31,7.2430596
1998-09-01,10.796303
1998-09-02,5.836895
1998-09-03,5.077296
1998-09-04,6.0217414
1998-09-05,4.5306177
1998-09-06,2.0224125
1998-09-07,1.6709591
1998-09-08,2.1488118
1998-09-09,3.6588907
1998-09-10,3.457641
1998-09-11,2.0276654
1998-09-12,2.3570278
1998-09-13,7.5687094
1998-09-14,10.35348
1998-09-15,5.296918
1998-09-16,3.8793623
1998-09-17,3.2523623
1998-09-18,3.2204657
1998-09-19,5.7567687
1998-09-20,10.805596
1998-09-21,7.9984436
1998-09-22,4.780319
1998-09-23,5.7409554
1998-09-24,7.4893675
1998-09-25,7.8021307
1998-09-26,2.4195096
1998-09-27,3.766881
1998-09-28,8.480464
1998-09-29,8.737789
1998-09-30,3.1532004
1998-10-01,1.2755688
1998-10-02,1.2702993
1998-10-03,1.6129102
1998-10-04,1.686696
1998-10-05,5.4923596
1998-10-06,8.580515
1998-10-07,11.0260515
1998-10-08,9.200466
1998-10-09,6.8377547
1998-10-10,3.8470979
1998-10-11,1.9628587
1998-10-12,1.2860696
1998-10-13,1.6620568
1998-10-14,22.163204
1998-10-15,38.48537
1998-10-16,29.296453
1998-10-17,16.88193
1998-10-18,20.610783
1998-10-19,22.105434
1998-10-20,8.517781
1998-10-21,4.9540634
1998-10-22,4.881113
1998-10-23,2.441369
1998-10-24,8.427598
1998-10-25,11.663871
1998-10-26,33.539623
1998-10-27,43.34557
1998-10-28,55.182594
1998-10-29,145.60326
1998-10-30,116.97603
1998-10-31,15.079747
1998-11-01,6.8054595
1998-11-02,2.9990265
1998-11-03,8.935665
1998-11-04,36.661392
1998-11-05,31.189837
1998-11-06,14.930191
1998-11-07,16.323015
1998-11-08,10.765511
1998-11-09,25.597996
1998-11-10,31.66714
1998-11-11,19.986961
1998-11-12,7.4216695
1998-11-13,8.824034
1998-11-14,22.013094
1998-11-15,23.843332
1998-11-16,7.401177
1998-11-17,2.6296525
1998-11-18,1.3926486
1998-11-19,0.99562234
1998-11-20,2.904329
1998-11-21,22.63693
1998-11-22,55.61033
1998-11-23,76.84644
1998-11-24,48.214607
1998-11-25,4.9050198
1998-11-26,3.372179
1998-11-27,5.3776765
1998-11-28,8.951449
1998-11-29,6.1594095
1998-11-30,5.300951
1998-12-01,7.676154
1998-12-02,18.012724
1998-12-03,30.372313
1998-12-04,26.521538
1998-12-05,30.978281
1998-12-06,34.190174
1998-12-07,29.792679
1998-12-08,30.950075
1998-12-09,36.083622
1998-12-10,38.63939
1998-12-11,29.276155
1998-12-12,19.583284
1998-12-13,11.819423
1998-12-14,5.1356325
1998-12-15,3.6035285
1998-12-16,3.2565
1998-12-17,2.8078485
1998-12-18,1.8137586
1998-12-19,2.2601123
1998-12-20,2.6727815
1998-12-21,3.147945
1998-12-22,12.453056
1998-12-23,16.822086
1998-12-24,11.132288
1998-12-25,5.823024
1998-12-26,11.73926
1998-12-27,10.207322
1998-12-28,21.13534
1998-12-29,35.807873
1998-12-30,32.740776
1998-12-31,20.474016
1999-01-01,11.564463
1999-01-02,14.649199
1999-01-03,10.44024
1999-01-04,20.524874
1999-01-05,25.085886
1999-01-06,24.608149
1999-01-07,20.463923
1999-01-08,31.798206
1999-01-09,43.74794
1999-01-10,26.614609
1999-01-11,16.606955
1999-01-12,19.149511
1999-01-13,25.85079
1999-01-14,18.891634
1999-01-15,13.830188
1999-01-16,7.2428613
1999-01-17,5.9964156
1999-01-18,6.94233
1999-01-19,6.7501698
1999-01-20,6.6110606
1999-01-21,12.756303
1999-01-22,12.455172
1999-01-23,6.395385
1999-01-24,4.87709
1999-01-25,4.182582
1999-01-26,14.288078
1999-01-27,26.253487
1999-01-28,19.56821
1999-01-29,12.6416855
1999-01-30,7.4825263
1999-01-31,3.5968792
1999-02-01,3.090097
1999-02-02,5.2265506
1999-02-03,11.0452
1999-02-04,12.328948
1999-02-05,8.807703
1999-02-06,18.587387
1999-02-07,26.686213
1999-02-08,20.43522
1999-02-09,15.489841
1999-02-10,8.905777
1999-02-11,11.572064
1999-02-12,15.741107
1999-02-13,8.851751
1999-02-14,6.97201
1999-02-15,8.910551
1999-02-16,15.258309
1999-02-17,23.72326
1999-02-18,52.09164
1999-02-19,86.084785
1999-02-20,73.24145
1999-02-21,58.317978
1999-02-22,59.988297
1999-02-23,79.98629
1999-02-24,95.53481
1999-02-25,34.300465
1999-02-26,11.141211
1999-02-27,8.913863
1999-02-28,27.73278
1999-03-01,124.77037
1999-03-02,141.77222
1999-03-03,56.04096
1999-03-04,18.784445
1999-03-05,7.2117047
1999-03-06,8.025085
1999-03-07,8.476435
1999-03-08,20.55384
1999-03-09,24.479605
1999-03-10,19.081572
1999-03-11,15.561987
1999-03-12,7.8733325
1999-03-13,7.6855597
1999-03-14,9.240766
1999-03-15,10.179941
1999-03-16,9.178039
1999-03-17,16.296743
1999-03-18,133.26256
1999-03-19,219.43158
1999-03-20,156.59657
1999-03-21,91.10041
1999-03-22,36.289318
1999-03-23,28.206121
1999-03-24,25.233347
1999-03-25,18.3995
1999-03-26,17.974077
1999-03-27,14.685552
1999-03-28,13.632329
1999-03-29,15.311311
1999-03-30,17.476906
1999-03-31,16.030016
1999-04-01,19.508074
1999-04-02,19.391922
1999-04-03,12.761755
1999-04-04,29.776608
1999-04-05,56.132023
1999-04-06,65.6315
1999-04-07,78.1579
1999-04-08,94.99856
1999-04-09,95.409935
1999-04-10,110.64477
1999-04-11,114.23821
1999-04-12,90.166145
1999-04-13,35.743294
1999-04-14,15.076245
1999-04-15,13.034732
1999-04-16,14.631524
1999-04-17,14.295152
1999-04-18,12.52943
1999-04-19,10.888115
1999-04-20,10.893704
1999-04-21,11.1791315
1999-04-22,12.068502
1999-04-23,15.549942
1999-04-24,18.709639
1999-04-25,15.755184
1999-04-26,21.73051
1999-04-27,60.114212
1999-04-28,92.72857
1999-04-29,65.5792
1999-04-30,22.64591
1999-05-01,15.023488
1999-05-02,14.599661
1999-05-03,12.804737
1999-05-04,12.1492815
1999-05-05,15.769834
1999-05-06,19.968203
1999-05-07,17.625017
1999-05-08,15.072599
1999-05-09,14.052828
1999-05-10,16.601042
1999-05-11,32.59076
1999-05-12,47.88277
1999-05-13,50.891174
1999-05-14,41.93018
1999-05-15,29.203772
1999-05-16,24.667244
1999-05-17,16.82704
1999-05-18,10.436692
1999-05-19,9.826113
1999-05-20,10.44587
1999-05-21,11.742058
1999-05-22,13.238343
1999-05-23,15.177808
1999-05-24,12.946026
1999-05-25,10.8615465
1999-05-26,10.0937395
1999-05-27,10.706915
1999-05-28,10.10594
1999-05-29,9.647895
1999-05-30,10.004121
1999-05-31,14.075054
1999-06-01,15.286926
1999-06-02,11.177707
1999-06-03,9.299945
1999-06-04,8.959683
1999-06-05,11.947502
1999-06-06,15.052208
1999-06-07,9.503171
1999-06-08,8.816899
1999-06-09,10.600712
1999-06-10,12.114865
1999-06-11,9.3206215
1999-06-12,11.563344
1999-06-13,12.653875
1999-06-14,9.373489
1999-06-15,9.736113
1999-06-16,9.269016
1999-06-17,10.005914
1999-06-18,11.0852165
1999-06-19,10.465632
1999-06-20,9.62751
1999-06-21,8.418362
1999-06-22,13.94884
1999-06-23,17.634943
1999-06-24,8.023392
1999-06-25,6.249363
1999-06-26,6.5452085
1999-06-27,6.795663
1999-06-28,12.309142
1999-06-29,16.182972
1999-06-30,13.69013
1999-07-01,8.874166
1999-07-02,6.0640264
1999-07-03,5.9385524
1999-07-04,5.811352
1999-07-05,5.761785
1999-07-06,5.3019857
1999-07-07,5.677851
1999-07-08,7.670434
1999-07-09,7.7203836
1999-07-10,5.992403
1999-07-11,5.716741
1999-07-12,4.9166026
1999-07-13,5.3224816
1999-07-14,6.721051
1999-07-15,6.4869695
1999-07-16,6.019963
1999-07-17,4.605405
1999-07-18,4.500038
1999-07-19,4.6721344
1999-07-20,4.2379303
1999-07-21,3.827985
1999-07-22,3.9739392
1999-07-23,4.580077
1999-07-24,4.63447
1999-07-25,4.002505
1999-07-26,7.5819397
1999-07-27,8.139313
1999-07-28,4.8534822
1999-07-29,5.9813967
1999-07-30,7.3683743
1999-07-31,5.0099497
1999-08-01,7.0386086
1999-08-02,11.201872
1999-08-03,9.179746
1999-08-04,5.3447094
1999-08-05,6.662629
1999-08-06,7.242091
1999-08-07,6.419937
1999-08-08,5.9832163
1999-08-09,3.498329
1999-08-10,4.2135134
1999-08-11,3.7085593
1999-08-12,3.7738616
1999-08-13,3.024345
1999-08-14,2.5889745
1999-08-15,4.3639517
1999-08-16,5.5757647
1999-08-17,3.6737735
1999-08-18,2.9891756
1999-08-19,2.1357012
1999-08-20,2.120928
1999-08-21,2.2779784
1999-08-22,5.0158434
1999-08-23,8.135757
1999-08-24,9.365134
1999-08-25,19.947826
1999-08-26,31.662539
1999-08-27,24.823261
1999-08-28,11.723706
1999-08-29,10.276906
1999-08-30,4.96996
1999-08-31,2.7276633
1999-09-01,2.1518452
1999-09-02,2.3807251
1999-09-03,5.1859283
1999-09-04,6.5685334
1999-09-05,3.1080656
1999-09-06,2.2590792
1999-09-07,2.141412
1999-09-08,1.7139357
1999-09-09,3.0768511
1999-09-10,18.669016
1999-09-11,34.995632
1999-09-12,22.037518
1999-09-13,20.325207
1999-09-14,29.443617
1999-09-15,23.327833
1999-09-16,27.317617
1999-09-17,18.72119
1999-09-18,4.6606927
1999-09-19,2.7199218
1999-09-20,2.1959872
1999-09-21,1.9161081
1999-09-22,1.7107717
1999-09-23,2.943143
1999-09-24,6.9393044
1999-09-25,14.998569
1999-09-26,31.381826
1999-09-27,30.752779
1999-09-28,34.55015
1999-09-29,53.321075
1999-09-30,21.421171
1999-10-01,13.232382
1999-10-02,10.209515
1999-10-03,23.828665
1999-10-04,28.512814
1999-10-05,10.920964
1999-10-06,13.137416
1999-10-07,37.87243
1999-10-08,54.252583
1999-10-09,23.644905
1999-10-10,12.246443
1999-10-11,6.044099
1999-10-12,7.1116066
1999-10-13,9.401489
1999-10-14,8.488865
1999-10-15,3.0736353
1999-10-16,2.4058452
1999-10-17,3.2986262
1999-10-18,19.17879
1999-10-19,36.142925
1999-10-20,19.3872
1999-10-21,5.5303907
1999-10-22,35.15971
1999-10-23,49.36481
1999-10-24,68.126564
1999-10-25,86.10025
1999-10-26,101.631195
1999-10-27,69.79923
1999-10-28,25.963137
1999-10-29,35.09572
1999-10-30,38.422268
1999-10-31,66.1137
1999-11-01,48.168262
1999-11-02,25.806734
1999-11-03,40.08282
1999-11-04,44.658073
1999-11-05,48.291637
1999-11-06,40.244473
1999-11-07,17.99924
1999-11-08,15.040462
1999-11-09,25.664486
1999-11-10,18.389736
1999-11-11,8.714534
1999-11-12,9.0413265
1999-11-13,13.587519
1999-11-14,16.13963
1999-11-15,30.51789
1999-11-16,33.10463
1999-11-17,18.307816
1999-11-18,15.174016
1999-11-19,44.965714
1999-11-20,65.5971
1999-11-21,47.31899
1999-11-22,21.93133
1999-11-23,9.505871
1999-11-24,10.794112
1999-11-25,17.085455
1999-11-26,21.563631
1999-11-27,23.596582
1999-11-28,32.634155
1999-11-29,21.514008
1999-11-30,9.882513
1999-12-01,15.664614
1999-12-02,31.184937
1999-12-03,52.488888
1999-12-04,42.07952
1999-12-05,24.010529
1999-12-06,28.584972
1999-12-07,31.729614
1999-12-08,29.781652
1999-12-09,29.30177
1999-12-10,26.599783
1999-12-11,11.620524
1999-12-12,12.229549
1999-12-13,22.468657
1999-12-14,34.030872
1999-12-15,26.482641
1999-12-16,21.756887
1999-12-17,34.19137
1999-12-18,29.64293
1999-12-19,15.810452
1999-12-20,13.838131
1999-12-21,11.478067
1999-12-22,12.072819
1999-12-23,12.714071
1999-12-24,16.067678
1999-12-25,16.120333
1999-12-26,17.176764
1999-12-27,19.03561
1999-12-28,11.963649
1999-12-29,18.452414
1999-12-30,20.41648
1999-12-31,15.608851
2000-01-01,16.74401
2000-01-02,17.917343
2000-01-03,16.39162
2000-01-04,17.6069
2000-01-05,16.485966
2000-01-06,11.435745
2000-01-07,9.43057
2000-01-08,11.4777155
2000-01-09,9.565773
2000-01-10,11.47842
2000-01-11,17.554157
2000-01-12,17.994892
2000-01-13,14.574451
2000-01-14,6.888386
2000-01-15,7.0520344
2000-01-16,22.821583
2000-01-17,31.64964
2000-01-18,19.3946
2000-01-19,18.459366
2000-01-20,6.330544
2000-01-21,4.901938
2000-01-22,4.9107456
2000-01-23,4.0473604
2000-01-24,3.6713262
2000-01-25,6.6931148
2000-01-26,31.68288
2000-01-27,45.895103
2000-01-28,35.65087
2000-01-29,30.096512
2000-01-30,21.754608
2000-01-31,24.383898
2000-02-01,26.369614
2000-02-02,12.17759
2000-02-03,10.354089
2000-02-04,11.184407
2000-02-05,5.0035415
2000-02-06,4.841636
2000-02-07,5.3976507
2000-02-08,4.4296713
2000-02-09,3.9162493
2000-02-10,9.73668
2000-02-11,11.3128605
2000-02-12,13.1009035
2000-02-13,22.902689
2000-02-14,16.964405
2000-02-15,8.945882
2000-02-16,7.91343
2000-02-17,14.625847
2000-02-18,23.5523
2000-02-19,28.034708
2000-02-20,18.643541
2000-02-21,13.027752
2000-02-22,43.31659
2000-02-23,59.909492
2000-02-24,40.898415
2000-02-25,37.965523
2000-02-26,53.476505
2000-02-27,95.02355
2000-02-28,101.712616
2000-02-29,67.95542
2000-03-01,57.25486
2000-03-02,32.023155
2000-03-03,11.390998
2000-03-04,12.26001
2000-03-05,11.379922
2000-03-06,8.696315
2000-03-07,9.235024
2000-03-08,17.778955
2000-03-09,32.20251
2000-03-10,172.46863
2000-03-11,279.03885
2000-03-12,134.26202
2000-03-13,23.107676
2000-03-14,15.891841
2000-03-15,13.477496
2000-03-16,10.055996
2000-03-17,9.513425
2000-03-18,16.489693
2000-03-19,21.977674
2000-03-20,24.24457
2000-03-21,22.840322
2000-03-22,14.744214
2000-03-23,16.05536
2000-03-24,33.73012
2000-03-25,36.97004
2000-03-26,39.152348
2000-03-27,43.06675
2000-03-28,30.148613
2000-03-29,35.477173
2000-03-30,22.020517
2000-03-31,14.757169
2000-04-01,15.617674
2000-04-02,11.695578
2000-04-03,7.4426427
2000-04-04,9.540489
2000-04-05,28.148699
2000-04-06,50.271294
2000-04-07,36.993927
2000-04-08,19.996426
2000-04-09,15.123601
2000-04-10,8.505087
2000-04-11,10.138821
2000-04-12,18.06847
2000-04-13,33.826153
2000-04-14,62.40122
2000-04-15,94.07243
2000-04-16,71.69119
2000-04-17,19.766184
2000-04-18,10.492338
2000-04-19,11.135682
2000-04-20,10.407932
2000-04-21,9.241993
2000-04-22,8.524587
2000-04-23,9.722438
2000-04-24,11.23706
2000-04-25,11.138699
2000-04-26,13.648182
2000-04-27,11.400129
2000-04-28,7.976077
2000-04-29,7.7731853
2000-04-30,9.58753
2000-05-01,12.184091
2000-05-02,12.636973
2000-05-03,16.242407
2000-05-04,12.310625
2000-05-05,8.40407
2000-05-06,8.7639475
2000-05-07,21.631905
2000-05-08,29.316427
2000-05-09,15.367897
2000-05-10,9.017426
2000-05-11,11.242477
2000-05-12,13.637694
2000-05-13,14.205657
2000-05-14,17.716747
2000-05-15,17.584633
2000-05-16,20.328962
2000-05-17,16.888206
2000-05-18,11.84753
2000-05-19,10.905086
2000-05-20,9.805062
2000-05-21,9.824836
2000-05-22,11.60827
2000-05-23,11.67456
2000-05-24,8.614218
2000-05-25,8.063627
2000-05-26,6.9696226
2000-05-27,7.7643604
2000-05-28,9.386493
2000-05-29,7.6994033
2000-05-30,8.639212
2000-05-31,9.228938
2000-06-01,9.572106
2000-06-02,10.839871
2000-06-03,10.152601
2000-06-04,6.5084167
2000-06-05,8.000616
2000-06-06,7.3356185
2000-06-07,6.5080295
2000-06-08,6.038859
2000-06-09,8.849928
2000-06-10,17.155495
2000-06-11,15.982831
2000-06-12,6.8958273
2000-06-13,5.4830594
2000-06-14,5.4760118
2000-06-15,5.240533
2000-06-16,4.9165616
2000-06-17,5.142177
2000-06-18,6.845671
2000-06-19,7.2035236
2000-06-20,5.100044
2000-06-21,5.822506
2000-06-22,4.163576
2000-06-23,4.572123
2000-06-24,4.4790683
2000-06-25,7.399527
2000-06-26,9.002962
2000-06-27,5.3081617
2000-06-28,5.9221563
2000-06-29,4.9150443
2000-06-30,3.709805
2000-07-01,3.9041703
2000-07-02,4.311401
2000-07-03,3.9323049
2000-07-04,3.888931
2000-07-05,6.288421
2000-07-06,7.7573886
2000-07-07,5.3242264
2000-07-08,4.4170866
2000-07-09,3.4171188
2000-07-10,3.0025492
2000-07-11,2.6044166
2000-07-12,2.573811
2000-07-13,2.9703777
2000-07-14,9.805796
2000-07-15,15.5081415
2000-07-16,10.375724
2000-07-17,3.944896
2000-07-18,2.749114
2000-07-19,9.7414
2000-07-20,17.677927
2000-07-21,11.103333
2000-07-22,4.6661363
2000-07-23,5.9927425
2000-07-24,5.020242
2000-07-25,1.7866076
2000-07-26,5.366476
2000-07-27,12.301285
2000-07-28,14.341015
2000-07-29,8.143691
2000-07-30,6.209101
2000-07-31,4.809832
2000-08-01,2.6875236
2000-08-02,2.0111973
2000-08-03,4.0557075
2000-08-04,4.512582
2000-08-05,3.185001
2000-08-06,2.848222
2000-08-07,3.414631
2000-08-08,5.0405474
2000-08-09,4.5920935
2000-08-10,1.8684964
2000-08-11,1.8876255
2000-08-12,1.566316
2000-08-13,1.2407088
2000-08-14,1.3367848
2000-08-15,1.6424814
2000-08-16,1.5695095
2000-08-17,2.3286939
2000-08-18,3.4583716
2000-08-19,2.702948
2000-08-20,2.1653454
2000-08-21,1.7538877
2000-08-22,1.7472436
2000-08-23,1.5808429
2000-08-24,1.6522156
2000-08-25,1.9653124
2000-08-26,3.2122061
2000-08-27,4.071745
2000-08-28,1.4550798
2000-08-29,1.20725
2000-08-30,1.172621
2000-08-31,1.1028583
2000-09-01,1.5365044
2000-09-02,2.9396267
2000-09-03,3.8587215
2000-09-04,4.5537066
2000-09-05,3.5097835
2000-09-06,6.8314586
2000-09-07,21.721752
2000-09-08,27.000454
2000-09-09,12.023986
2000-09-10,10.563969
2000-09-11,8.804207
2000-09-12,5.298807
2000-09-13,2.7553794
2000-09-14,1.0994965
2000-09-15,1.3599234
2000-09-16,1.4070022
2000-09-17,1.2630782
2000-09-18,1.0533861
2000-09-19,1.1899271
2000-09-20,1.5628543
2000-09-21,1.998865
2000-09-22,5.471455
2000-09-23,12.831505
2000-09-24,61.307873
2000-09-25,90.149734
2000-09-26,42.190956
2000-09-27,3.8677557
2000-09-28,2.6885295
2000-09-29,3.4709873
2000-09-30,2.9005287
2000-10-01,11.368378
2000-10-02,12.698444
2000-10-03,2.964242
2000-10-04,2.4675198
2000-10-05,2.38856
2000-10-06,1.771493
2000-10-07,1.2338878
2000-10-08,1.18067
2000-10-09,1.465172
2000-10-10,1.9002881
2000-10-11,1.9642771
2000-10-12,1.9050364
2000-10-13,1.4810457
2000-10-14,1.299766
2000-10-15,1.4302218
2000-10-16,1.6729206
2000-10-17,1.9537929
2000-10-18,3.4691286
2000-10-19,3.9012022
2000-10-20,2.3972847
2000-10-21,1.8498893
2000-10-22,1.7411149
2000-10-23,5.2885504
2000-10-24,8.8069725
2000-10-25,11.440083
2000-10-26,25.635902
2000-10-27,74.96865
2000-10-28,75.97894
2000-10-29,21.314598
2000-10-30,7.1274366
2000-10-31,10.589479
2000-11-01,18.923645
2000-11-02,40.709957
2000-11-03,49.3577
2000-11-04,42.10331
2000-11-05,20.229366
2000-11-06,7.0867405
2000-11-07,5.6817274
2000-11-08,7.401892
2000-11-09,13.373299
2000-11-10,18.396557
2000-11-11,23.246286
2000-11-12,34.204983
2000-11-13,31.483356
2000-11-14,9.03124
2000-11-15,6.8696733
2000-11-16,4.3196735
2000-11-17,13.980507
2000-11-18,16.852283
2000-11-19,8.861541
2000-11-20,3.1336412
2000-11-21,4.8227053
2000-11-22,4.9387293
2000-11-23,0.9440242
2000-11-24,2.568523
2000-11-25,3.0402071
2000-11-26,2.011672
2000-11-27,0.5650066
2000-11-28,0.14582331
2000-11-29,0.6279372
2000-11-30,0.945047
2000-12-01,0.9294562
2000-12-02,0.42845336
2000-12-03,0.27342498
2000-12-04,1.4879295
2000-12-05,4.2427955
2000-12-06,3.473003
2000-12-07,1.2341273
2000-12-08,1.3375903
2000-12-09,1.4519181
2000-12-10,1.0021818
2000-12-11,0.80184925
2000-12-12,1.2612963
2000-12-13,0.8549116
2000-12-14,0.5905126
2000-12-15,4.2706914
2000-12-16,7.1574793
2000-12-17,4.5199094
2000-12-18,4.8162723
2000-12-19,5.2145214
2000-12-20,9.233629
2000-12-21,15.122296
2000-12-22,8.519161
2000-12-23,0.4677281
2000-12-24,0.14703523
2000-12-25,0.3300924
2000-12-26,1.0354358
2000-12-27,0.92618847
2000-12-28,3.3253431
2000-12-29,21.29802
2000-12-30,35.419456
2000-12-31,18.984814
2001-01-01,1.6921531
2001-01-02,0.28640553
2001-01-03,0.055889238
2001-01-04,0.15916215
2001-01-05,2.8636699
2001-01-06,4.047131
2001-01-07,17.128542
2001-01-08,17.987999
2001-01-09,1.7847521
2001-01-10,7.3854213
2001-01-11,17.750605
2001-01-12,13.473428
2001-01-13,4.5377192
2001-01-14,3.1053565
2001-01-15,0.37821606
2001-01-16,0.15087849
2001-01-17,2.3749256
2001-01-18,11.777456
2001-01-19,12.061941
2001-01-20,2.1962543
2001-01-21,1.4342186
2001-01-22,4.164213
2001-01-23,5.3526306
2001-01-24,7.295371
2001-01-25,5.737544
2001-01-26,0.20001304
2001-01-27,0.014402871
2001-01-28,0.0029833477
2001-01-29,0.002200693
2001-01-30,0.0021148084
2001-01-31,0.0020855519
2001-02-01,0.04821241
2001-02-02,0.28306472
2001-02-03,5.0776176
2001-02-04,7.284741
2001-02-05,3.189403
2001-02-06,0.9027437
2001-02-07,0.39413893
2001-02-08,0.9737944
2001-02-09,1.1005207
2001-02-10,1.4543574
2001-02-11,1.1615148
2001-02-12,0.48697746
2001-02-13,0.14649603
2001-02-14,0.01324953
2001-02-15,0.028130377
2001-02-16,0.0057187583
2001-02-17,0.0020699382
2001-02-18,0.0017424395
2001-02-19,0.3850654
2001-02-20,1.0883374
2001-02-21,5.0234537
2001-02-22,10.129635
2001-02-23,13.976168
2001-02-24,9.91556
2001-02-25,4.40099
2001-02-26,3.3057826
2001-02-27,8.947938
2001-02-28,17.274878
2001-03-01,18.460781
2001-03-02,19.254036
2001-03-03,13.292422
2001-03-04,5.222626
2001-03-05,1.8312966
2001-03-06,5.275195
2001-03-07,201.78824
2001-03-08,288.1298
2001-03-09,90.18358
2001-03-10,4.295709
2001-03-11,1.5279323
2001-03-12,0.5386166
2001-03-13,0.07266378
2001-03-14,0.003945382
2001-03-15,2.7727563
2001-03-16,17.590704
2001-03-17,31.641369
2001-03-18,29.82714
2001-03-19,20.07281
2001-03-20,35.693096
2001-03-21,269.88263
2001-03-22,363.6244
2001-03-23,174.59523
2001-03-24,89.0842
2001-03-25,40.140537
2001-03-26,3.9723716
2001-03-27,0.1903029
2001-03-28,0.7220055
2001-03-29,1.1073191
2001-03-30,0.63699955
2001-03-31,0.88928694
2001-04-01,1.7094035
2001-04-02,2.2559373
2001-04-03,8.036357
2001-04-04,7.5133247
2001-04-05,0.3396154
2001-04-06,2.4534588
2001-04-07,4.9912043
2001-04-08,2.8421516
2001-04-09,2.049339
2001-04-10,0.92192507
2001-04-11,0.82276094
2001-04-12,1.0030142
2001-04-13,1.8858525
2001-04-14,2.5611196
2001-04-15,2.25679
2001-04-16,2.0060246
2001-04-17,4.73741
2001-04-18,6.5057087
2001-04-19,3.9234614
2001-04-20,2.9065773
2001-04-21,4.3496566
2001-04-22,3.6412487
2001-04-23,5.240127
2001-04-24,11.0351305
2001-04-25,9.072369
2001-04-26,2.0140681
2001-04-27,1.8321702
2001-04-28,4.3688655
2001-04-29,4.488702
2001-04-30,6.1205
2001-05-01,2.0995495
2001-05-02,2.9550216
2001-05-03,6.8507853
2001-05-04,16.782602
2001-05-05,18.848118
2001-05-06,6.04016
2001-05-07,6.1187673
2001-05-08,13.453312
2001-05-09,19.249214
2001-05-10,21.731684
2001-05-11,15.060975
2001-05-12,4.7238283
2001-05-13,0.13646051
2001-05-14,1.2815534
2001-05-15,3.7578597
2001-05-16,3.3392425
2001-05-17,2.8647146
2001-05-18,1.6303575
2001-05-19,1.3311787
2001-05-20,2.0194426
2001-05-21,2.186526
2001-05-22,4.094412
2001-05-23,6.881378
2001-05-24,2.293324
2001-05-25,2.3230379
2001-05-26,9.754293
2001-05-27,9.728745
2001-05-28,3.1224582
2001-05-29,2.6748645
2001-05-30,0.8259732
2001-05-31,1.1440197
2001-06-01,1.7014947
2001-06-02,1.1419278
2001-06-03,4.1812115
2001-06-04,6.447771
2001-06-05,4.623465
2001-06-06,1.2470578
2001-06-07,0.38418826
2001-06-08,0.5918916
2001-06-09,1.7751683
2001-06-10,3.9275177
2001-06-11,1.7097659
2001-06-12,0.8044146
2001-06-13,2.0643442
2001-06-14,1.7257872
2001-06-15,0.6842779
2001-06-16,1.0472035
2001-06-17,0.85788083
2001-06-18,0.32385075
2001-06-19,0.8591906
2001-06-20,5.2550955
2001-06-21,6.3015604
2001-06-22,4.510976
2001-06-23,3.100544
2001-06-24,1.050595
2001-06-25,0.674969
2001-06-26,0.83661383
2001-06-27,2.15566
2001-06-28,3.584762
2001-06-29,6.064981
2001-06-30,5.5595665
2001-07-01,5.013714
2001-07-02,5.29801
2001-07-03,3.314821
2001-07-04,1.9222991
2001-07-05,1.0011991
2001-07-06,0.76638156
2001-07-07,3.1471884
2001-07-08,4.774815
2001-07-09,1.6096745
2001-07-10,0.9872681
2001-07-11,0.8710743
2001-07-12,0.79908437
2001-07-13,1.0502809
2001-07-14,0.64234555
2001-07-15,1.3997673
2001-07-16,5.178034
2001-07-17,5.1350355
2001-07-18,0.9524769
2001-07-19,0.33088967
2001-07-20,1.5720873
2001-07-21,3.1539505
2001-07-22,2.2725117
2001-07-23,2.160784
2001-07-24,1.3169837
2001-07-25,0.9292688
2001-07-26,0.38482094
2001-07-27,0.22037897
2001-07-28,0.7236323
2001-07-29,1.1685714
2001-07-30,1.5563136
2001-07-31,1.0237627
2001-08-01,1.7763884
2001-08-02,4.4687753
2001-08-03,4.374476
2001-08-04,4.4677825
2001-08-05,3.1409335
2001-08-06,2.718862
2001-08-07,2.8036168
2001-08-08,1.0317742
2001-08-09,2.0763845
2001-08-10,5.958435
2001-08-11,2.9407756
2001-08-12,2.7360203
2001-08-13,4.6451116
2001-08-14,1.7265509
2001-08-15,1.2297422
2001-08-16,1.0631547
2001-08-17,1.6957085
2001-08-18,2.614395
2001-08-19,1.6554492
2001-08-20,1.6495534
2001-08-21,3.8304381
2001-08-22,4.269494
2001-08-23,5.5169344
2001-08-24,2.4775612
2001-08-25,0.30105197
2001-08-26,0.2966258
2001-08-27,0.72503865
2001-08-28,0.4297149
2001-08-29,0.1398651
2001-08-30,1.2018921
2001-08-31,1.2226487
2001-09-01,0.1478498
2001-09-02,0.22159004
2001-09-03,0.5539135
2001-09-04,0.631568
2001-09-05,0.55719775
2001-09-06,0.8781266
2001-09-07,1.4464221
2001-09-08,1.0806146
2001-09-09,1.568162
2001-09-10,2.6899037
2001-09-11,2.5163147
2001-09-12,4.423267
2001-09-13,6.2308826
2001-09-14,10.872126
2001-09-15,20.017483
2001-09-16,18.146414
2001-09-17,2.3262804
2001-09-18,0.67648274
2001-09-19,0.37836763
2001-09-20,0.95509475
2001-09-21,1.2912091
2001-09-22,0.8899419
2001-09-23,0.4423612
2001-09-24,0.90573555
2001-09-25,1.2835298
2001-09-26,0.21666883
2001-09-27,0.9777529
2001-09-28,2.509018
2001-09-29,4.6015177
2001-09-30,3.527796
2001-10-01,0.24413157
2001-10-02,0.21266389
2001-10-03,0.03920371
2001-10-04,0.08872905
2001-10-05,0.31757405
2001-10-06,0.6495427
2001-10-07,0.6751657
2001-10-08,1.0274466
2001-10-09,0.99344605
2001-10-10,0.17986223
2001-10-11,0.24998528
2001-10-12,0.5460063
2001-10-13,0.7070872
2001-10-14,0.8928205
2001-10-15,1.6371044
2001-10-16,2.437162
2001-10-17,2.9749343
2001-10-18,4.444484
2001-10-19,20.013235
2001-10-20,37.52082
2001-10-21,17.794281
2001-10-22,2.8012078
2001-10-23,2.1555288
2001-10-24,4.0298324
2001-10-25,2.5373082
2001-10-26,0.3598414
2001-10-27,2.609123
2001-10-28,12.852628
2001-10-29,19.586538
2001-10-30,17.196835
2001-10-31,23.614504
2001-11-01,24.774836
2001-11-02,29.468267
2001-11-03,37.634743
2001-11-04,28.54928
2001-11-05,8.683278
2001-11-06,1.6568514
2001-11-07,0.83958966
2001-11-08,0.10947565
2001-11-09,0.079483874
2001-11-10,0.2935914
2001-11-11,0.4424698
2001-11-12,0.5753368
2001-11-13,1.3995763
2001-11-14,4.4300885
2001-11-15,5.863337
2001-11-16,5.561046
2001-11-17,3.739558
2001-11-18,0.44600004
2001-11-19,0.40595675
2001-11-20,2.5977283
2001-11-21,4.0562654
2001-11-22,11.788257
2001-11-23,10.406462
2001-11-24,0.8193315
2001-11-25,5.8306704
2001-11-26,10.36656
2001-11-27,10.974485
2001-11-28,34.16908
2001-11-29,40.855522
2001-11-30,28.490267
2001-12-01,22.498236
2001-12-02,5.756152
2001-12-03,7.543438
2001-12-04,7.812512
2001-12-05,5.442874
2001-12-06,6.238392
2001-12-07,6.309302
2001-12-08,8.387243
2001-12-09,8.979074
2001-12-10,23.923994
2001-12-11,19.505783
2001-12-12,2.311388
2001-12-13,4.68542
2001-12-14,12.835756
2001-12-15,14.707126
2001-12-16,4.1939096
2001-12-17,3.1673758
2001-12-18,5.518217
2001-12-19,5.892588
2001-12-20,3.2460895
2001-12-21,7.783509
2001-12-22,13.820576
2001-12-23,18.31554
2001-12-24,17.929266
2001-12-25,18.93976
2001-12-26,25.97249
2001-12-27,30.387772
2001-12-28,51.496994
2001-12-29,34.43107
2001-12-30,1.3137336
2001-12-31,1.9195036
2002-01-01,3.2021344
2002-01-02,3.3103645
2002-01-03,1.7596099
2002-01-04,0.5039944
2002-01-05,2.6835227
2002-01-06,3.3069875
2002-01-07,2.5201702
2002-01-08,17.255684
2002-01-09,22.940653
2002-01-10,9.395163
2002-01-11,5.6048913
2002-01-12,7.880758
2002-01-13,10.734184
2002-01-14,15.721193
2002-01-15,13.832156
2002-01-16,4.057112
2002-01-17,2.761128
2002-01-18,2.7115252
2002-01-19,0.5221902
2002-01-20,0.30259097
2002-01-21,0.71198696
2002-01-22,5.476927
2002-01-23,5.319179
2002-01-24,0.61150855
2002-01-25,0.6506652
2002-01-26,1.0269498
2002-01-27,0.55262053
2002-01-28,0.15338522
2002-01-29,0.026346222
2002-01-30,0.33995098
2002-01-31,1.3260051
2002-02-01,2.2087064
2002-02-02,1.5907106
2002-02-03,1.1502479
2002-02-04,5.771592
2002-02-05,16.689472
2002-02-06,17.846401
2002-02-07,4.831073
2002-02-08,11.626843
2002-02-09,29.799343
2002-02-10,217.04349
2002-02-11,226.62393
2002-02-12,25.98103
2002-02-13,3.7180862
2002-02-14,1.999765
2002-02-15,1.4302572
2002-02-16,1.0177393
2002-02-17,0.012879902
2002-02-18,0.0024757106
2002-02-19,0.25528735
2002-02-20,0.5736536
2002-02-21,0.46974468
2002-02-22,0.17784785
2002-02-23,0.10857513
2002-02-24,0.17859116
2002-02-25,0.14441617
2002-02-26,0.020168869
2002-02-27,2.423753
2002-02-28,8.5637865
2002-03-01,7.873862
2002-03-02,1.4657108
2002-03-03,0.042018577
2002-03-04,0.36069942
2002-03-05,3.4822423
2002-03-06,8.94686
2002-03-07,10.12569
2002-03-08,10.069845
2002-03-09,13.302149
2002-03-10,8.037223
2002-03-11,0.5100134
2002-03-12,0.56915706
2002-03-13,11.360827
2002-03-14,13.971116
2002-03-15,2.7429662
2002-03-16,3.775835
2002-03-17,10.425104
2002-03-18,12.617231
2002-03-19,12.908573
2002-03-20,15.081959
2002-03-21,19.063696
2002-03-22,26.809984
2002-03-23,23.104214
2002-03-24,17.185175
2002-03-25,11.345511
2002-03-26,1.4172828
2002-03-27,1.0006518
2002-03-28,3.7928815
2002-03-29,39.808334
2002-03-30,64.14133
2002-03-31,37.43371
2002-04-01,12.635638
2002-04-02,2.603896
2002-04-03,5.8400054
2002-04-04,11.551631
2002-04-05,9.270748
2002-04-06,2.6498704
2002-04-07,6.998356
2002-04-08,35.958344
2002-04-09,69.94882
2002-04-10,108.12589
2002-04-11,128.76797
2002-04-12,63.04989
2002-04-13,26.410822
2002-04-14,32.109695
2002-04-15,46.040894
2002-04-16,38.364685
2002-04-17,7.7517233
2002-04-18,3.2386556
2002-04-19,12.845495
2002-04-20,15.899812
2002-04-21,6.245373
2002-04-22,5.178432
2002-04-23,3.1169426
2002-04-24,14.236436
2002-04-25,30.382637
2002-04-26,58.792675
2002-04-27,83.84582
2002-04-28,162.60669
2002-04-29,189.12158
2002-04-30,72.554375
2002-05-01,11.909941
2002-05-02,3.9271326
2002-05-03,4.145221
2002-05-04,4.619005
2002-05-05,4.114239
2002-05-06,1.0551684
2002-05-07,1.1455623
2002-05-08,1.9603274
2002-05-09,2.7430918
2002-05-10,3.5582576
2002-05-11,4.2657566
2002-05-12,8.473851
2002-05-13,11.172368
2002-05-14,11.002672
2002-05-15,10.621364
2002-05-16,5.3347464
2002-05-17,5.5657997
2002-05-18,8.356816
2002-05-19,15.551197
2002-05-20,9.156573
2002-05-21,3.2594986
2002-05-22,2.1185136
2002-05-23,3.0516207
2002-05-24,5.058097
2002-05-25,6.0788307
2002-05-26,5.374875
2002-05-27,10.829707
2002-05-28,28.823175
2002-05-29,50.839855
2002-05-30,69.80531
2002-05-31,74.57746
2002-06-01,58.62096
2002-06-02,36.820137
2002-06-03,6.3941336
2002-06-04,3.2311258
2002-06-05,4.5016384
2002-06-06,18.588015
2002-06-07,32.140465
2002-06-08,28.065245
2002-06-09,18.331438
2002-06-10,6.402449
2002-06-11,6.265995
2002-06-12,3.6547623
2002-06-13,4.144375
2002-06-14,3.4276984
2002-06-15,3.442485
2002-06-16,2.9786258
2002-06-17,3.4461317
2002-06-18,5.692203
2002-06-19,8.941078
2002-06-20,7.2911654
2002-06-21,6.352812
2002-06-22,5.851357
2002-06-23,10.1741705
2002-06-24,18.460775
2002-06-25,16.377134
2002-06-26,15.438028
2002-06-27,15.600748
2002-06-28,13.584589
2002-06-29,8.534481
2002-06-30,9.273741
2002-07-01,9.711735
2002-07-02,9.059925
2002-07-03,7.639634
2002-07-04,4.0444045
2002-07-05,3.0816624
2002-07-06,4.5469694
2002-07-07,11.80231
2002-07-08,13.571142
2002-07-09,7.499016
2002-07-10,4.989978
2002-07-11,5.383814
2002-07-12,6.889908
2002-07-13,7.6533394
2002-07-14,5.989347
2002-07-15,4.7433224
2002-07-16,5.9054193
2002-07-17,7.057111
2002-07-18,5.325359
2002-07-19,6.664921
2002-07-20,8.443249
2002-07-21,5.046929
2002-07-22,5.804304
2002-07-23,6.2156844
2002-07-24,3.7053623
2002-07-25,3.6960535
2002-07-26,5.038236
2002-07-27,7.51477
2002-07-28,4.7362614
2002-07-29,4.2676554
2002-07-30,6.685374
2002-07-31,8.638751
2002-08-01,6.5709352
2002-08-02,6.8105435
2002-08-03,4.432931
2002-08-04,3.4907162
2002-08-05,4.290246
2002-08-06,5.201323
2002-08-07,3.7093725
2002-08-08,3.7658522
2002-08-09,6.668835
2002-08-10,9.285058
2002-08-11,7.418852
2002-08-12,6.801161
2002-08-13,6.849796
2002-08-14,5.283769
2002-08-15,4.9220037
2002-08-16,5.633283
2002-08-17,7.0841436
2002-08-18,8.02012
2002-08-19,5.6537085
2002-08-20,3.5368295
2002-08-21,4.14397
2002-08-22,3.7862391
2002-08-23,3.8295708
2002-08-24,4.6026864
2002-08-25,5.191085
2002-08-26,4.197429
2002-08-27,4.756402
2002-08-28,4.651813
2002-08-29,4.3112135
2002-08-30,5.541235
2002-08-31,7.8641653
2002-09-01,6.7765565
2002-09-02,3.150617
2002-09-03,6.6188693
2002-09-04,9.986718
2002-09-05,4.36265
2002-09-06,2.5280387
2002-09-07,2.6018384
2002-09-08,3.0850782
2002-09-09,2.5535316
2002-09-10,2.2849252
2002-09-11,2.5203764
2002-09-12,3.1665554
2002-09-13,4.1693788
2002-09-14,3.2352977
2002-09-15,2.658621
2002-09-16,2.7758512
2002-09-17,2.1862988
2002-09-18,2.377013
2002-09-19,3.724153
2002-09-20,5.6540504
2002-09-21,5.7376904
2002-09-22,2.4502616
2002-09-23,1.9365486
2002-09-24,2.1673806
2002-09-25,4.043004
2002-09-26,9.609245
2002-09-27,22.21837
2002-09-28,20.408405
2002-09-29,9.657754
2002-09-30,4.9211264
2002-10-01,2.1133528
2002-10-02,1.8298873
2002-10-03,1.4488732
2002-10-04,1.2106049
2002-10-05,1.2337741
2002-10-06,1.3185102
2002-10-07,1.2322327
2002-10-08,1.5566804
2002-10-09,1.7706492
2002-10-10,1.8354005
2002-10-11,1.4851762
2002-10-12,1.9549419
2002-10-13,2.6915877
2002-10-14,3.3417606
2002-10-15,3.452355
2002-10-16,5.9204783
2002-10-17,5.1137085
2002-10-18,1.8905278
2002-10-19,2.0983176
2002-10-20,1.9775354
2002-10-21,1.5866294
2002-10-22,2.0376043
2002-10-23,1.7279742
2002-10-24,1.4769399
2002-10-25,5.0111303
2002-10-26,13.470078
2002-10-27,35.49941
2002-10-28,41.75829
2002-10-29,29.790691
2002-10-30,30.518599
2002-10-31,28.751219
2002-11-01,12.356541
2002-11-02,3.4269648
2002-11-03,2.1470597
2002-11-04,2.471231
2002-11-05,6.0691156
2002-11-06,45.439186
2002-11-07,50.117706
2002-11-08,10.415611
2002-11-09,14.214458
2002-11-10,25.622753
2002-11-11,13.512782
2002-11-12,1.9317955
2002-11-13,0.8110461
2002-11-14,1.6938471
2002-11-15,8.059915
2002-11-16,9.373048
2002-11-17,2.3391852
2002-11-18,1.9436706
2002-11-19,1.1000069
2002-11-20,0.96524185
2002-11-21,1.1306255
2002-11-22,0.874923
2002-11-23,1.6640295
2002-11-24,0.7285703
2002-11-25,0.2392081
2002-11-26,0.42357618
2002-11-27,0.2499349
2002-11-28,0.51506424
2002-11-29,0.62703085
2002-11-30,0.75948423
2002-12-01,0.5663291
2002-12-02,0.33185104
2002-12-03,0.12824713
2002-12-04,0.13930357
2002-12-05,0.096890934
2002-12-06,0.31883264
2002-12-07,3.8962376
2002-12-08,6.4017396
2002-12-09,9.657799
2002-12-10,14.078149
2002-12-11,10.874782
2002-12-12,2.2032332
2002-12-13,0.11670452
2002-12-14,1.0704553
2002-12-15,7.669206
2002-12-16,17.91684
2002-12-17,41.26592
2002-12-18,73.59872
2002-12-19,49.20681
2002-12-20,4.967347
2002-12-21,2.5354052
2002-12-22,2.6929028
2002-12-23,0.7978035
2002-12-24,0.06531393
2002-12-25,0.056959167
2002-12-26,0.21958268
2002-12-27,0.062136218
2002-12-28,0.009217629
2002-12-29,0.0035698318
2002-12-30,0.3345074
2002-12-31,0.44753942
2003-01-01,0.10916333
2003-01-02,0.0038229728
2003-01-03,0.003079269
2003-01-04,0.02732892
2003-01-05,0.09909254
2003-01-06,0.01606405
2003-01-07,0.002998333
2003-01-08,0.0024936995
2003-01-09,0.0027835225
2003-01-10,0.0035744652
2003-01-11,0.004456071
2003-01-12,0.004932763
2003-01-13,0.0031315961
2003-01-14,0.0027584499
2003-01-15,0.063469455
2003-01-16,4.923491
2003-01-17,5.759276
2003-01-18,1.4538618
2003-01-19,1.1284049
2003-01-20,5.2912784
2003-01-21,6.133997
2003-01-22,2.1239765
2003-01-23,3.9055305
2003-01-24,4.0950694
2003-01-25,6.544081
2003-01-26,7.353195
2003-01-27,2.3985043
2003-01-28,1.9339088
2003-01-29,2.020607
2003-01-30,0.1750389
2003-01-31,0.054835696
2003-02-01,2.310055
2003-02-02,4.821191
2003-02-03,2.9993105
2003-02-04,0.53967375
2003-02-05,0.039508045
2003-02-06,0.05878635
2003-02-07,0.25333318
2003-02-08,0.5687716
2003-02-09,0.93249875
2003-02-10,0.7937848
2003-02-11,0.57313067
2003-02-12,0.2800571
2003-02-13,0.6362313
2003-02-14,0.65390384
2003-02-15,1.4945565
2003-02-16,7.4238386
2003-02-17,9.374853
2003-02-18,4.823664
2003-02-19,1.7934769
2003-02-20,4.248406
2003-02-21,5.460034
2003-02-22,1.899764
2003-02-23,10.631621
2003-02-24,10.264678
2003-02-25,0.29227182
2003-02-26,5.184088
2003-02-27,13.352081
2003-02-28,14.875145
2003-03-01,7.168833
2003-03-02,0.69815975
2003-03-03,0.2217339
2003-03-04,0.30154613
2003-03-05,0.19611612
2003-03-06,0.22818886
2003-03-07,0.032745473
2003-03-08,0.0029290118
2003-03-09,0.05910875
2003-03-10,0.096615456
2003-03-11,0.064196646
2003-03-12,0.027951643
2003-03-13,0.20625314
2003-03-14,0.8544301
2003-03-15,6.805301
2003-03-16,40.717567
2003-03-17,75.11026
2003-03-18,63.014996
2003-03-19,28.325392
2003-03-20,14.983438
2003-03-21,36.29246
2003-03-22,41.835014
2003-03-23,50.254436
2003-03-24,53.47989
2003-03-25,21.07315
2003-03-26,4.7523375
2003-03-27,7.966035
2003-03-28,33.585407
2003-03-29,28.716284
2003-03-30,4.9090476
2003-03-31,2.5680275
2003-04-01,4.702818
2003-04-02,3.0414147
2003-04-03,0.16549085
2003-04-04,0.44424337
2003-04-05,0.96691585
2003-04-06,0.7882861
2003-04-07,0.9444221
2003-04-08,1.7360908
2003-04-09,1.1328743
2003-04-10,16.990166
2003-04-11,48.14173
2003-04-12,38.17134
2003-04-13,11.573042
2003-04-14,27.807858
2003-04-15,49.552486
2003-04-16,70.82595
2003-04-17,86.1591
2003-04-18,62.160786
2003-04-19,52.200222
2003-04-20,45.271225
2003-04-21,29.618572
2003-04-22,15.941144
2003-04-23,20.742281
2003-04-24,19.890036
2003-04-25,13.895485
2003-04-26,9.974977
2003-04-27,17.091217
2003-04-28,12.125751
2003-04-29,8.63198
2003-04-30,5.2930336
2003-05-01,4.8629274
2003-05-02,5.022693
2003-05-03,0.64707965
2003-05-04,0.4504699
2003-05-05,1.540094
2003-05-06,1.4786388
2003-05-07,0.8639917
2003-05-08,0.6042563
2003-05-09,1.4256488
2003-05-10,7.433248
2003-05-11,11.231475
2003-05-12,4.0386195
2003-05-13,3.4938538
2003-05-14,2.593782
2003-05-15,1.7126362
2003-05-16,1.3342161
2003-05-17,4.600408
2003-05-18,8.72824
2003-05-19,13.494438
2003-05-20,20.840275
2003-05-21,16.247671
2003-05-22,6.64173
2003-05-23,1.877256
2003-05-24,2.6113696
2003-05-25,3.996113
2003-05-26,3.7053509
2003-05-27,3.4516797
2003-05-28,0.44307536
2003-05-29,0.34044608
2003-05-30,7.1762304
2003-05-31,15.211346
2003-06-01,2.978147
2003-06-02,1.8325413
2003-06-03,2.3689787
2003-06-04,3.5543783
2003-06-05,10.840381
2003-06-06,13.908843
2003-06-07,5.887323
2003-06-08,6.171474
2003-06-09,7.276601
2003-06-10,3.9009418
2003-06-11,1.1702061
2003-06-12,1.1282078
2003-06-13,1.774632
2003-06-14,2.3256614
2003-06-15,4.9997926
2003-06-16,6.0349545
2003-06-17,3.3125815
2003-06-18,2.667596
2003-06-19,4.068618
2003-06-20,3.2679114
2003-06-21,1.800252
2003-06-22,1.1950362
2003-06-23,1.6797264
2003-06-24,2.0938942
2003-06-25,0.99563
2003-06-26,0.5253751
2003-06-27,1.5341715
2003-06-28,2.6592903
2003-06-29,0.91147715
2003-06-30,1.5154685
2003-07-01,1.4876407
2003-07-02,1.6734008
2003-07-03,2.7125359
2003-07-04,2.3361757
2003-07-05,2.8147154
2003-07-06,4.3537097
2003-07-07,2.3963118
2003-07-08,0.64264286
2003-07-09,2.4578738
2003-07-10,3.5313904
2003-07-11,1.0631399
2003-07-12,1.6252022
2003-07-13,3.8246546
2003-07-14,4.9228287
2003-07-15,7.614485
2003-07-16,4.771398
2003-07-17,3.61255
2003-07-18,5.555069
2003-07-19,7.7365723
2003-07-20,6.1477933
2003-07-21,1.9162654
2003-07-22,2.7589777
2003-07-23,5.406307
2003-07-24,9.187294
2003-07-25,6.192839
2003-07-26,3.226036
2003-07-27,6.560184
2003-07-28,8.051772
2003-07-29,7.687444
2003-07-30,1.7267127
2003-07-31,2.9553826
2003-08-01,8.3236065
2003-08-02,12.372131
2003-08-03,9.248985
2003-08-04,7.6611104
2003-08-05,11.042101
2003-08-06,3.0780756
2003-08-07,1.7810456
2003-08-08,1.2813336
2003-08-09,1.2568375
2003-08-10,1.8706129
2003-08-11,3.4535887
2003-08-12,3.451243
2003-08-13,2.1702297
2003-08-14,3.0033202
2003-08-15,4.589094
2003-08-16,6.6901736
2003-08-17,2.6913369
2003-08-18,1.8051867
2003-08-19,2.4435954
2003-08-20,2.5867836
2003-08-21,3.3723679
2003-08-22,6.044261
2003-08-23,5.9708157
2003-08-24,3.501283
2003-08-25,2.2868845
2003-08-26,2.031047
2003-08-27,1.9641665
2003-08-28,2.922927
2003-08-29,8.0184145
2003-08-30,11.389061
2003-08-31,7.2534375
2003-09-01,5.267093
2003-09-02,3.1174963
2003-09-03,2.5443513
2003-09-04,2.494862
2003-09-05,2.301436
2003-09-06,3.0107672
2003-09-07,2.9737813
2003-09-08,7.1075006
2003-09-09,9.6717825
2003-09-10,7.055299
2003-09-11,6.348383
2003-09-12,4.5448017
2003-09-13,8.272208
2003-09-14,2.6586688
2003-09-15,3.7074118
2003-09-16,6.8664355
2003-09-17,4.292918
2003-09-18,2.6792765
2003-09-19,2.563056
2003-09-20,2.768945
2003-09-21,2.7743695
2003-09-22,3.1114705
2003-09-23,2.8459215
2003-09-24,2.1535268
2003-09-25,2.233271
2003-09-26,3.5730865
2003-09-27,11.920043
2003-09-28,12.466959
2003-09-29,16.14572
2003-09-30,15.765661
2003-10-01,4.686657
2003-10-02,3.270822
2003-10-03,3.7280138
2003-10-04,0.89578235
2003-10-05,2.1102247
2003-10-06,3.2363224
2003-10-07,9.15774
2003-10-08,9.622045
2003-10-09,12.16588
2003-10-10,27.873547
2003-10-11,38.152172
2003-10-12,28.42904
2003-10-13,10.416562
2003-10-14,8.569975
2003-10-15,17.198523
2003-10-16,37.140377
2003-10-17,51.1709
2003-10-18,35.35732
2003-10-19,19.847492
2003-10-20,16.897064
2003-10-21,8.457421
2003-10-22,8.445946
2003-10-23,3.1962268
2003-10-24,3.1856904
2003-10-25,2.1889124
2003-10-26,1.1285701
2003-10-27,6.394042
2003-10-28,37.86278
2003-10-29,55.4547
2003-10-30,42.961174
2003-10-31,43.995243
2003-11-01,39.766186
2003-11-02,41.26387
2003-11-03,35.030235
2003-11-04,63.13027
2003-11-05,90.23075
2003-11-06,11.518859
2003-11-07,4.276126
2003-11-08,5.743531
2003-11-09,7.1943207
2003-11-10,7.0576005
2003-11-11,12.424534
2003-11-12,21.896284
2003-11-13,29.73319
2003-11-14,25.17627
2003-11-15,5.161335
2003-11-16,2.7633479
2003-11-17,2.674748
2003-11-18,2.0738957
2003-11-19,3.0851085
2003-11-20,13.113116
2003-11-21,18.851387
2003-11-22,10.898336
2003-11-23,32.018993
2003-11-24,53.457073
2003-11-25,31.467648
2003-11-26,15.338914
2003-11-27,10.278275
2003-11-28,5.5043097
2003-11-29,2.7653813
2003-11-30,13.335729
2003-12-01,21.204306
2003-12-02,26.201921
2003-12-03,32.817192
2003-12-04,35.78163
2003-12-05,31.134838
2003-12-06,27.866272
2003-12-07,32.033504
2003-12-08,18.760084
2003-12-09,9.391679
2003-12-10,5.1000094
2003-12-11,2.7318983
2003-12-12,2.2737958
2003-12-13,3.3995728
2003-12-14,10.656201
2003-12-15,11.649125
2003-12-16,4.224484
2003-12-17,2.0219085
2003-12-18,1.8915981
2003-12-19,1.8998252
2003-12-20,2.0965009
2003-12-21,2.6631172
2003-12-22,3.0148678
2003-12-23,2.9618611
2003-12-24,2.560626
2003-12-25,2.1482282
2003-12-26,2.2390614
2003-12-27,5.6155734
2003-12-28,12.17291
2003-12-29,15.948471
2003-12-30,8.27775
2003-12-31,4.529236
2004-01-01,3.2869623
2004-01-02,3.1042078
2004-01-03,1.9771984
2004-01-04,1.8394634
2004-01-05,1.7792773
2004-01-06,2.2154825
2004-01-07,3.7348957
2004-01-08,20.380873
2004-01-09,24.960777
2004-01-10,9.9878435
2004-01-11,10.082384
2004-01-12,20.214787
2004-01-13,27.636774
2004-01-14,23.041601
2004-01-15,12.306337
2004-01-16,3.911481
2004-01-17,3.4676652
2004-01-18,4.095832
2004-01-19,4.274966
2004-01-20,4.329858
2004-01-21,4.7159777
2004-01-22,8.20126
2004-01-23,14.521086
2004-01-24,14.667265
2004-01-25,6.35472
2004-01-26,4.9734445
2004-01-27,7.508309
2004-01-28,4.40236
2004-01-29,2.4574845
2004-01-30,5.031648
2004-01-31,3.989727
2004-02-01,1.5443565
2004-02-02,1.5100389
2004-02-03,1.1280296
2004-02-04,1.1020722
2004-02-05,1.0836781
2004-02-06,1.0704044
2004-02-07,1.0476015
2004-02-08,1.1656886
2004-02-09,3.9632742
2004-02-10,3.92471
2004-02-11,1.0101432
2004-02-12,0.96503395
2004-02-13,0.9667108
2004-02-14,1.1163943
2004-02-15,3.4592404
2004-02-16,4.1315837
2004-02-17,1.9433572
2004-02-18,2.10229
2004-02-19,6.5335402
2004-02-20,18.209658
2004-02-21,22.460354
2004-02-22,15.723703
2004-02-23,13.32361
2004-02-24,15.51794
2004-02-25,25.16499
2004-02-26,32.093662
2004-02-27,18.763336
2004-02-28,5.781996
2004-02-29,2.3202677
2004-03-01,1.963011
2004-03-02,2.8929992
2004-03-03,3.6458344
2004-03-04,3.310351
2004-03-05,1.844685
2004-03-06,2.369291
2004-03-07,15.946619
2004-03-08,19.654512
2004-03-09,6.707644
2004-03-10,1.0823122
2004-03-11,1.1057597
2004-03-12,2.3474383
2004-03-13,2.2012627
2004-03-14,0.33184093
2004-03-15,0.13850194
2004-03-16,0.18540521
2004-03-17,0.3609577
2004-03-18,0.14162502
2004-03-19,0.17618865
2004-03-20,0.18652363
2004-03-21,0.16054828
2004-03-22,0.63570577
2004-03-23,2.8354836
2004-03-24,2.554072
2004-03-25,0.48077583
2004-03-26,2.9406645
2004-03-27,13.456689
2004-03-28,24.576939
2004-03-29,19.880753
2004-03-30,5.2790356
2004-03-31,2.9972243
2004-04-01,4.188633
2004-04-02,7.0461836
2004-04-03,12.449761
2004-04-04,11.470205
2004-04-05,5.5486484
2004-04-06,1.7300699
2004-04-07,0.5342517
2004-04-08,0.7778016
2004-04-09,0.62497574
2004-04-10,0.67567974
2004-04-11,1.9502922
2004-04-12,9.468962
2004-04-13,16.31612
2004-04-14,22.619349
2004-04-15,34.34584
2004-04-16,32.461178
2004-04-17,38.58365
2004-04-18,24.52623
2004-04-19,6.8432574
2004-04-20,1.5977578
2004-04-21,1.5294375
2004-04-22,2.0339963
2004-04-23,12.674501
2004-04-24,34.537693
2004-04-25,40.180614
2004-04-26,41.778767
2004-04-27,43.55933
2004-04-28,56.60137
2004-04-29,42.35015
2004-04-30,5.580031
2004-05-01,1.1790568
2004-05-02,7.475964
2004-05-03,25.686762
2004-05-04,40.516945
2004-05-05,30.760061
2004-05-06,6.8444567
2004-05-07,4.001016
2004-05-08,3.5196962
2004-05-09,2.3660958
2004-05-10,4.063696
2004-05-11,7.183997
2004-05-12,5.8015003
2004-05-13,7.1566377
2004-05-14,13.650632
2004-05-15,6.879734
2004-05-16,4.2303953
2004-05-17,7.7856364
2004-05-18,21.327652
2004-05-19,20.11254
2004-05-20,16.422625
2004-05-21,28.657228
2004-05-22,31.203442
2004-05-23,50.76289
2004-05-24,64.37834
2004-05-25,33.14754
2004-05-26,12.514524
2004-05-27,2.5922067
2004-05-28,2.3799613
2004-05-29,2.990978
2004-05-30,6.640366
2004-05-31,8.164924
2004-06-01,9.090667
2004-06-02,6.38434
2004-06-03,2.8207242
2004-06-04,3.2039886
2004-06-05,3.7947206
2004-06-06,2.9032972
2004-06-07,4.902681
2004-06-08,5.38964
2004-06-09,3.243123
2004-06-10,2.4020798
2004-06-11,1.584436
2004-06-12,0.7740585
2004-06-13,1.5611058
2004-06-14,5.248926
2004-06-15,6.267031
2004-06-16,7.4789586
2004-06-17,8.411745
2004-06-18,12.506452
2004-06-19,8.728781
2004-06-20,6.9891496
2004-06-21,8.876724
2004-06-22,8.19718
2004-06-23,5.5891037
2004-06-24,2.3700798
2004-06-25,2.4147973
2004-06-26,3.9364038
2004-06-27,1.685843
2004-06-28,1.4756049
2004-06-29,2.6354184
2004-06-30,5.205545
2004-07-01,4.183512
2004-07-02,2.8896337
2004-07-03,6.0977054
2004-07-04,7.939708
2004-07-05,3.4773788
2004-07-06,6.6385264
2004-07-07,5.571015
2004-07-08,3.841548
2004-07-09,4.0149345
2004-07-10,5.2551003
2004-07-11,4.2588663
2004-07-12,3.4008603
2004-07-13,4.829262
2004-07-14,3.3676667
2004-07-15,3.3606844
2004-07-16,2.8213408
2004-07-17,2.6148531
2004-07-18,2.1365342
2004-07-19,2.1660109
2004-07-20,2.430463
2004-07-21,2.6651275
2004-07-22,3.835203
2004-07-23,4.4477186
2004-07-24,2.2501743
2004-07-25,1.8186253
2004-07-26,2.0235708
2004-07-27,2.3476944
2004-07-28,3.0317936
2004-07-29,5.9677896
2004-07-30,7.069723
2004-07-31,4.6193843
2004-08-01,5.2023516
2004-08-02,7.5001116
2004-08-03,3.0824971
2004-08-04,3.0329797
2004-08-05,4.603312
2004-08-06,5.897367
2004-08-07,3.2077157
2004-08-08,4.471262
2004-08-09,5.680193
2004-08-10,5.3385944
2004-08-11,3.6160517
2004-08-12,3.8597848
2004-08-13,3.126247
2004-08-14,2.3500884
2004-08-15,2.6512523
2004-08-16,3.4273894
2004-08-17,2.9217582
2004-08-18,2.0609648
2004-08-19,2.4218502
2004-08-20,3.4023411
2004-08-21,3.8772008
2004-08-22,4.457387
2004-08-23,3.1326427
2004-08-24,1.7731185
2004-08-25,1.9709916
2004-08-26,1.9668084
2004-08-27,1.6991737
2004-08-28,1.4599775
2004-08-29,1.8193561
2004-08-30,2.2935247
2004-08-31,2.1041944
2004-09-01,1.6496273
2004-09-02,1.6457689
2004-09-03,1.8536488
2004-09-04,1.6008368
2004-09-05,2.2584262
2004-09-06,5.5899014
2004-09-07,3.9598
2004-09-08,3.7338753
2004-09-09,12.253148
2004-09-10,11.4395075
2004-09-11,8.741244
2004-09-12,12.546747
2004-09-13,6.593243
2004-09-14,7.665635
2004-09-15,5.292721
2004-09-16,2.7053778
2004-09-17,1.8140978
2004-09-18,1.317673
2004-09-19,1.6000024
2004-09-20,2.9492798
2004-09-21,5.80313
2004-09-22,9.011944
2004-09-23,13.138673
2004-09-24,8.120782
2004-09-25,2.7669368
2004-09-26,5.778033
2004-09-27,6.5282483
2004-09-28,2.6704264
2004-09-29,2.9953728
2004-09-30,3.1591845
2004-10-01,3.2624025
2004-10-02,3.3605957
2004-10-03,4.908336
2004-10-04,3.3534524
2004-10-05,5.4922485
2004-10-06,6.2850385
2004-10-07,7.075024
2004-10-08,7.125656
2004-10-09,9.111924
2004-10-10,13.270661
2004-10-11,7.803613
2004-10-12,4.498547
2004-10-13,6.555207
2004-10-14,8.39673
2004-10-15,4.8473744
2004-10-16,1.4209782
2004-10-17,3.3044338
2004-10-18,8.767551
2004-10-19,8.644212
2004-10-20,17.33468
2004-10-21,58.919724
2004-10-22,66.88281
2004-10-23,59.57717
2004-10-24,64.070854
2004-10-25,56.581383
2004-10-26,56.17058
2004-10-27,33.88588
2004-10-28,15.386931
2004-10-29,10.702675
2004-10-30,17.258047
2004-10-31,22.02818
2004-11-01,11.610781
2004-11-02,2.9462302
2004-11-03,2.1086924
2004-11-04,2.1395073
2004-11-05,6.975758
2004-11-06,29.212763
2004-11-07,32.297695
2004-11-08,19.066633
2004-11-09,20.840574
2004-11-10,7.521031
2004-11-11,12.341699
2004-11-12,18.814535
2004-11-13,10.681917
2004-11-14,16.846296
2004-11-15,18.1946
2004-11-16,17.651367
2004-11-17,27.74781
2004-11-18,30.919514
2004-11-19,18.432621
2004-11-20,12.789278
2004-11-21,9.690705
2004-11-22,2.1276886
2004-11-23,1.2917057
2004-11-24,1.5437752
2004-11-25,3.6135526
2004-11-26,3.9540355
2004-11-27,4.356964
2004-11-28,12.293243
2004-11-29,19.97865
2004-11-30,14.167695
2004-12-01,11.873183
2004-12-02,12.751256
2004-12-03,9.564182
2004-12-04,12.6716795
2004-12-05,7.6332817
2004-12-06,2.0251963
2004-12-07,1.4429277
2004-12-08,1.4845971
2004-12-09,1.63872
2004-12-10,11.150615
2004-12-11,15.006875
2004-12-12,12.532464
2004-12-13,24.22974
2004-12-14,24.89683
2004-12-15,15.963811
2004-12-16,17.011944
2004-12-17,17.15296
2004-12-18,18.878838
2004-12-19,26.56149
2004-12-20,13.230303
2004-12-21,9.246387
2004-12-22,7.786289
2004-12-23,6.5375514
2004-12-24,7.371665
2004-12-25,12.765488
2004-12-26,14.74553
2004-12-27,4.141927
2004-12-28,1.6465094
2004-12-29,2.369586
2004-12-30,4.5212307
2004-12-31,5.027885
2005-01-01,2.3438628
2005-01-02,1.0405461
2005-01-03,2.870247
2005-01-04,8.747075
2005-01-05,8.531308
2005-01-06,1.8979019
2005-01-07,1.3779373
2005-01-08,1.6344619
2005-01-09,1.2967457
2005-01-10,2.4155633
2005-01-11,3.8074112
2005-01-12,3.3430562
2005-01-13,5.0229664
2005-01-14,4.965384
2005-01-15,5.881982
2005-01-16,14.287809
2005-01-17,11.225471
2005-01-18,6.185818
2005-01-19,4.0910616
2005-01-20,2.708974
2005-01-21,2.7030778
2005-01-22,5.8583403
2005-01-23,6.488469
2005-01-24,4.9038525
2005-01-25,9.130112
2005-01-26,8.528201
2005-01-27,1.7482034
2005-01-28,0.88296664
2005-01-29,0.9259538
2005-01-30,4.8349047
2005-01-31,11.835756
2005-02-01,11.167009
2005-02-02,4.8488817
2005-02-03,3.5126286
2005-02-04,9.056023
2005-02-05,10.850528
2005-02-06,3.086006
2005-02-07,4.4861403
2005-02-08,4.9039736
2005-02-09,9.0208435
2005-02-10,9.120794
2005-02-11,5.741683
2005-02-12,17.63281
2005-02-13,38.64082
2005-02-14,28.292791
2005-02-15,5.653504
2005-02-16,8.9548235
2005-02-17,23.510368
2005-02-18,22.36683
2005-02-19,4.990902
2005-02-20,1.468713
2005-02-21,2.8916824
2005-02-22,4.144338
2005-02-23,3.3427753
2005-02-24,10.473562
2005-02-25,12.590933
2005-02-26,3.9279466
2005-02-27,0.9883667
2005-02-28,2.8023782
2005-03-01,4.3507476
2005-03-02,5.2219615
2005-03-03,10.12734
2005-03-04,19.411325
2005-03-05,15.606465
2005-03-06,10.742864
2005-03-07,15.21453
2005-03-08,26.133337
2005-03-09,36.94983
2005-03-10,21.525665
2005-03-11,5.261267
2005-03-12,3.2161546
2005-03-13,1.4071993
2005-03-14,1.3741351
2005-03-15,0.88594294
2005-03-16,0.5513501
2005-03-17,0.7297912
2005-03-18,2.2737288
2005-03-19,3.9735565
2005-03-20,3.9612896
2005-03-21,2.44111
2005-03-22,4.1705008
2005-03-23,3.4057584
2005-03-24,0.815315
2005-03-25,1.8694931
2005-03-26,2.10473
2005-03-27,2.2882807
2005-03-28,2.419663
2005-03-29,2.3024163
2005-03-30,7.3486123
2005-03-31,9.188217
2005-04-01,7.1978354
2005-04-02,5.850489
2005-04-03,3.6001816
2005-04-04,8.747945
2005-04-05,10.190102
2005-04-06,4.9727416
2005-04-07,8.6465645
2005-04-08,6.2567463
2005-04-09,2.727815
2005-04-10,14.923328
2005-04-11,21.136612
2005-04-12,3.4416342
2005-04-13,4.699761
2005-04-14,5.052271
2005-04-15,4.659292
2005-04-16,5.1496463
2005-04-17,7.2629523
2005-04-18,6.5199203
2005-04-19,8.797377
2005-04-20,3.1044128
2005-04-21,40.09564
2005-04-22,62.176235
2005-04-23,37.876984
2005-04-24,37.045116
2005-04-25,43.480007
2005-04-26,33.62324
2005-04-27,17.991379
2005-04-28,5.4115124
2005-04-29,20.532806
2005-04-30,26.56419
2005-05-01,12.083933
2005-05-02,7.479333
2005-05-03,13.496193
2005-05-04,24.385448
2005-05-05,45.252373
2005-05-06,47.13233
2005-05-07,10.826104
2005-05-08,5.264741
2005-05-09,1.5994232
2005-05-10,2.2513237
2005-05-11,3.141201
2005-05-12,4.7215676
2005-05-13,6.8729997
2005-05-14,8.006604
2005-05-15,12.376997
2005-05-16,16.791964
2005-05-17,8.874446
2005-05-18,11.876967
2005-05-19,16.63654
2005-05-20,56.755028
2005-05-21,70.55976
2005-05-22,42.55756
2005-05-23,48.04567
2005-05-24,64.66353
2005-05-25,50.873665
2005-05-26,18.027948
2005-05-27,2.5581858
2005-05-28,1.4712579
2005-05-29,2.0527868
2005-05-30,1.4326931
2005-05-31,2.03788
2005-06-01,4.2408023
2005-06-02,7.2754636
2005-06-03,6.817051
2005-06-04,3.2969332
2005-06-05,5.8110876
2005-06-06,11.087003
2005-06-07,13.847715
2005-06-08,18.14238
2005-06-09,13.949196
2005-06-10,9.22948
2005-06-11,10.163544
2005-06-12,12.770849
2005-06-13,3.7604737
2005-06-14,2.4796906
2005-06-15,3.2765968
2005-06-16,3.6848369
2005-06-17,5.145955
2005-06-18,5.708801
2005-06-19,3.184008
2005-06-20,2.366875
2005-06-21,3.1908214
2005-06-22,4.9831624
2005-06-23,5.767656
2005-06-24,4.6233296
2005-06-25,4.129851
2005-06-26,5.6454325
2005-06-27,3.2676468
2005-06-28,4.452068
2005-06-29,4.338397
2005-06-30,3.6718767
2005-07-01,5.758199
2005-07-02,4.543619
2005-07-03,4.433552
2005-07-04,2.7889838
2005-07-05,3.1875644
2005-07-06,7.9122314
2005-07-07,9.735969
2005-07-08,7.6817064
2005-07-09,7.6435933
2005-07-10,5.932834
2005-07-11,5.002974
2005-07-12,5.4516325
2005-07-13,5.810922
2005-07-14,9.516227
2005-07-15,17.977945
2005-07-16,21.352894
2005-07-17,5.9064584
2005-07-18,3.745222
2005-07-19,3.7933385
2005-07-20,6.847974
2005-07-21,14.54978
2005-07-22,10.495316
2005-07-23,8.708614
2005-07-24,11.431287
2005-07-25,6.2041407
2005-07-26,8.409007
2005-07-27,4.181194
2005-07-28,5.8765965
2005-07-29,7.7649374
2005-07-30,8.052426
2005-07-31,8.282482
2005-08-01,8.420733
2005-08-02,3.4448233
2005-08-03,2.9452038
2005-08-04,3.0173206
2005-08-05,4.5048995
2005-08-06,6.137595
2005-08-07,5.006415
2005-08-08,3.583602
2005-08-09,6.9805894
2005-08-10,11.169222
2005-08-11,7.519272
2005-08-12,4.846965
2005-08-13,4.465676
2005-08-14,6.9733996
2005-08-15,7.1310635
2005-08-16,5.642938
2005-08-17,10.380205
2005-08-18,16.393118
2005-08-19,8.347543
2005-08-20,5.1968617
2005-08-21,5.201916
2005-08-22,3.3554354
2005-08-23,5.3652754
2005-08-24,10.013877
2005-08-25,10.125275
2005-08-26,5.335259
2005-08-27,3.3887672
2005-08-28,3.0848591
2005-08-29,2.8769338
2005-08-30,2.940752
2005-08-31,2.4219952
2005-09-01,2.3542724
2005-09-02,2.1480572
2005-09-03,2.1366181
2005-09-04,2.3665009
2005-09-05,2.8399441
2005-09-06,3.1849964
2005-09-07,3.444572
2005-09-08,3.1949763
2005-09-09,3.4430401
2005-09-10,2.6103914
2005-09-11,2.6661599
2005-09-12,2.2101717
2005-09-13,2.8422139
2005-09-14,2.9751995
2005-09-15,2.6799192
2005-09-16,2.898396
2005-09-17,3.1952577
2005-09-18,3.2248547
2005-09-19,3.3134034
2005-09-20,4.0479627
2005-09-21,4.504632
2005-09-22,5.7039313
2005-09-23,4.347732
2005-09-24,4.925882
2005-09-25,4.4503345
2005-09-26,7.6657085
2005-09-27,16.165993
2005-09-28,11.817125
2005-09-29,5.1372614
2005-09-30,11.378366
2005-10-01,18.071054
2005-10-02,12.64639
2005-10-03,5.762972
2005-10-04,3.5437543
2005-10-05,5.851389
2005-10-06,8.27382
2005-10-07,7.635605
2005-10-08,6.4461746
2005-10-09,3.4585357
2005-10-10,3.0884223
2005-10-11,17.26025
2005-10-12,33.33545
2005-10-13,36.65519
2005-10-14,38.736538
2005-10-15,39.880566
2005-10-16,48.446163
2005-10-17,81.162
2005-10-18,64.77221
2005-10-19,14.713058
2005-10-20,2.6749463
2005-10-21,2.0633414
2005-10-22,2.793566
2005-10-23,3.6230545
2005-10-24,17.11954
2005-10-25,37.537037
2005-10-26,53.02515
2005-10-27,35.788815
2005-10-28,7.2926025
2005-10-29,20.897503
2005-10-30,45.21425
2005-10-31,45.923542
2005-11-01,15.01828
2005-11-02,3.8641524
2005-11-03,2.3889766
2005-11-04,2.5394738
2005-11-05,2.6273904
2005-11-06,3.0991998
2005-11-07,9.415796
2005-11-08,10.986046
2005-11-09,4.216171
2005-11-10,11.246668
2005-11-11,19.280148
2005-11-12,28.10192
2005-11-13,39.367577
2005-11-14,65.880516
2005-11-15,73.52588
2005-11-16,74.15333
2005-11-17,72.71456
2005-11-18,31.150433
2005-11-19,14.64617
2005-11-20,14.878275
2005-11-21,30.390896
2005-11-22,58.246147
2005-11-23,104.28569
2005-11-24,88.01823
2005-11-25,49.500458
2005-11-26,59.11249
2005-11-27,53.176357
2005-11-28,26.110546
2005-11-29,7.178761
2005-11-30,5.988856
2005-12-01,8.632869
2005-12-02,10.024744
2005-12-03,9.939997
2005-12-04,10.6522875
2005-12-05,13.273768
2005-12-06,32.543877
2005-12-07,42.144947
2005-12-08,33.0268
2005-12-09,41.817993
2005-12-10,34.77818
2005-12-11,12.3805275
2005-12-12,5.3882775
2005-12-13,7.1149507
2005-12-14,10.112452
2005-12-15,19.846329
2005-12-16,27.991117
2005-12-17,25.983208
2005-12-18,14.808976
2005-12-19,9.933533
2005-12-20,7.939992
2005-12-21,7.795919
2005-12-22,11.786875
2005-12-23,12.53102
2005-12-24,6.9125524
2005-12-25,5.412656
2005-12-26,5.080978
2005-12-27,14.599556
2005-12-28,18.129093
2005-12-29,11.977388
2005-12-30,11.924408
2005-12-31,9.822459
2006-01-01,6.2120833
2006-01-02,10.615955
2006-01-03,15.047801
2006-01-04,27.772333
2006-01-05,33.262024
2006-01-06,27.135126
2006-01-07,33.891308
2006-01-08,34.19843
2006-01-09,39.314304
2006-01-10,25.96206
2006-01-11,7.527698
2006-01-12,26.434866
2006-01-13,28.069675
2006-01-14,6.8624983
2006-01-15,3.8644905
2006-01-16,9.477717
2006-01-17,13.5553465
2006-01-18,9.051691
2006-01-19,5.32684
2006-01-20,5.147745
2006-01-21,11.058673
2006-01-22,10.629281
2006-01-23,4.6042786
2006-01-24,3.6349277
2006-01-25,3.5498464
2006-01-26,3.8805282
2006-01-27,4.7228346
2006-01-28,8.4449835
2006-01-29,11.821334
2006-01-30,10.109783
2006-01-31,7.6182356
2006-02-01,4.922687
2006-02-02,5.5439143
2006-02-03,10.141869
2006-02-04,18.027134
2006-02-05,19.302343
2006-02-06,21.582052
2006-02-07,14.172153
2006-02-08,22.84937
2006-02-09,24.433876
2006-02-10,8.182786
2006-02-11,7.79603
2006-02-12,4.684557
2006-02-13,3.4095445
2006-02-14,9.504804
2006-02-15,11.24941
2006-02-16,5.66691
2006-02-17,2.8346307
2006-02-18,2.8502233
2006-02-19,7.557465
2006-02-20,14.47989
2006-02-21,15.828525
2006-02-22,7.366892
2006-02-23,4.688999
2006-02-24,2.5405009
2006-02-25,2.2515914
2006-02-26,2.3054469
2006-02-27,2.4557781
2006-02-28,14.015558
2006-03-01,18.664852
2006-03-02,8.521428
2006-03-03,3.30813
2006-03-04,6.9037747
2006-03-05,15.365905
2006-03-06,11.948941
2006-03-07,11.627952
2006-03-08,26.223425
2006-03-09,47.68555
2006-03-10,87.90686
2006-03-11,74.76915
2006-03-12,24.449043
2006-03-13,19.180399
2006-03-14,21.00798
2006-03-15,14.629781
2006-03-16,80.506035
2006-03-17,105.994576
2006-03-18,67.90721
2006-03-19,115.67952
2006-03-20,117.726974
2006-03-21,45.849243
2006-03-22,9.28955
2006-03-23,8.3656
2006-03-24,14.422094
2006-03-25,27.987906
2006-03-26,49.38329
2006-03-27,52.03544
2006-03-28,20.640097
2006-03-29,10.946094
2006-03-30,11.472836
2006-03-31,5.6128826
2006-04-01,4.6826963
2006-04-02,10.731015
2006-04-03,71.42778
2006-04-04,88.51038
2006-04-05,60.383736
2006-04-06,81.03579
2006-04-07,86.688126
2006-04-08,56.959736
2006-04-09,19.866686
2006-04-10,8.719643
2006-04-11,25.590862
2006-04-12,47.812344
2006-04-13,59.74155
2006-04-14,85.37424
2006-04-15,93.77758
2006-04-16,76.129654
2006-04-17,53.40223
2006-04-18,17.542004
2006-04-19,27.294731
2006-04-20,41.757446
2006-04-21,35.824467
2006-04-22,23.214043
2006-04-23,17.51738
2006-04-24,20.041288
2006-04-25,29.014065
2006-04-26,31.609165
2006-04-27,52.825737
2006-04-28,104.84866
2006-04-29,100.62845
2006-04-30,83.59511
2006-05-01,133.22275
2006-05-02,126.15801
2006-05-03,98.32448
2006-05-04,203.2099
2006-05-05,257.65536
2006-05-06,155.30132
2006-05-07,98.87243
2006-05-08,70.7912
2006-05-09,82.347305
2006-05-10,119.988045
2006-05-11,143.33823
2006-05-12,94.77997
2006-05-13,72.756226
2006-05-14,51.430996
2006-05-15,47.67762
2006-05-16,45.88786
2006-05-17,48.7947
2006-05-18,62.650204
2006-05-19,72.11261
2006-05-20,56.68236
2006-05-21,42.39417
2006-05-22,36.805645
2006-05-23,31.654152
2006-05-24,28.58227
2006-05-25,27.577597
2006-05-26,29.649519
2006-05-27,32.04476
2006-05-28,27.113573
2006-05-29,24.680496
2006-05-30,23.268993
2006-05-31,25.591993
2006-06-01,24.821342
2006-06-02,27.124975
2006-06-03,31.824375
2006-06-04,25.453604
2006-06-05,19.967278
2006-06-06,17.676868
2006-06-07,17.497501
2006-06-08,17.794012
2006-06-09,26.224285
2006-06-10,33.805634
2006-06-11,24.469582
2006-06-12,19.354685
2006-06-13,18.665318
2006-06-14,15.6255865
2006-06-15,17.789543
2006-06-16,15.759243
2006-06-17,15.253248
2006-06-18,13.507602
2006-06-19,13.405066
2006-06-20,14.388871
2006-06-21,20.892693
2006-06-22,22.55334
2006-06-23,13.398638
2006-06-24,12.944353
2006-06-25,9.66363
2006-06-26,8.876757
2006-06-27,9.050182
2006-06-28,10.116925
2006-06-29,12.1763735
2006-06-30,12.054354
2006-07-01,10.501176
2006-07-02,8.842129
2006-07-03,9.696915
2006-07-04,11.16505
2006-07-05,15.279741
2006-07-06,16.400734
2006-07-07,11.190638
2006-07-08,9.142496
2006-07-09,8.6854105
2006-07-10,9.216868
2006-07-11,10.54407
2006-07-12,9.180353
2006-07-13,9.256471
2006-07-14,7.6548047
2006-07-15,8.324271
2006-07-16,14.644739
2006-07-17,19.352903
2006-07-18,13.516179
2006-07-19,10.876316
2006-07-20,10.136188
2006-07-21,9.518312
2006-07-22,8.91863
2006-07-23,8.053485
2006-07-24,10.055355
2006-07-25,9.16696
2006-07-26,6.730128
2006-07-27,6.097214
2006-07-28,6.7355437
2006-07-29,15.5385895
2006-07-30,21.939026
2006-07-31,9.308965
2006-08-01,5.0382137
2006-08-02,5.093487
2006-08-03,5.8356514
2006-08-04,6.1049523
2006-08-05,4.7802672
2006-08-06,4.981478
2006-08-07,4.858638
2006-08-08,4.6926937
2006-08-09,5.047687
2006-08-10,5.255059
2006-08-11,4.482948
2006-08-12,5.966608
2006-08-13,8.264885
2006-08-14,5.199438
2006-08-15,4.679171
2006-08-16,4.107674
2006-08-17,5.416312
2006-08-18,7.874067
2006-08-19,5.7553706
2006-08-20,7.412604
2006-08-21,6.567116
2006-08-22,5.6928663
2006-08-23,6.724983
2006-08-24,3.9178367
2006-08-25,4.971602
2006-08-26,5.699169
2006-08-27,6.137094
2006-08-28,7.0342236
2006-08-29,3.8145888
2006-08-30,4.5985074
2006-08-31,4.98712
2006-09-01,4.3102875
2006-09-02,3.472798
2006-09-03,3.3557649
2006-09-04,3.1100028
2006-09-05,3.644474
2006-09-06,3.980864
2006-09-07,3.7802773
2006-09-08,4.4199347
2006-09-09,6.389699
2006-09-10,3.8663874
2006-09-11,2.9335325
2006-09-12,2.5573857
2006-09-13,2.551113
2006-09-14,2.7661014
2006-09-15,3.0778608
2006-09-16,2.559003
2006-09-17,2.706356
2006-09-18,2.7941291
2006-09-19,3.3807323
2006-09-20,5.175629
2006-09-21,5.4247856
2006-09-22,2.4442635
2006-09-23,2.3278372
2006-09-24,2.400315
2006-09-25,2.4977987
2006-09-26,2.9228835
2006-09-27,2.325482
2006-09-28,1.9972621
2006-09-29,1.8127013
2006-09-30,1.833028
2006-10-01,2.1556878
2006-10-02,2.4202883
2006-10-03,2.8219814
2006-10-04,4.1549563
2006-10-05,6.257459
2006-10-06,4.835626
2006-10-07,2.9079528
2006-10-08,2.1275656
2006-10-09,2.0403721
2006-10-10,2.2377264
2006-10-11,4.395524
2006-10-12,7.368605
2006-10-13,17.115307
2006-10-14,28.023842
2006-10-15,30.821217
2006-10-16,28.72915
2006-10-17,46.372646
2006-10-18,48.614628
2006-10-19,31.423138
2006-10-20,27.586996
2006-10-21,33.669132
2006-10-22,37.754913
2006-10-23,41.411556
2006-10-24,25.438251
2006-10-25,6.3310018
2006-10-26,2.4363825
2006-10-27,2.2599711
2006-10-28,2.6590974
2006-10-29,5.937837
2006-10-30,7.5504394
2006-10-31,16.300968
2006-11-01,37.393085
2006-11-02,37.86704
2006-11-03,9.547256
2006-11-04,9.0767355
2006-11-05,3.800219
2006-11-06,2.7657075
2006-11-07,3.8705344
2006-11-08,8.08214
2006-11-09,19.816788
2006-11-10,28.641785
2006-11-11,18.246225
2006-11-12,3.7099488
2006-11-13,21.4865
2006-11-14,45.487324
2006-11-15,46.815617
2006-11-16,112.217674
2006-11-17,132.1432
2006-11-18,53.198227
2006-11-19,28.639479
2006-11-20,9.13706
2006-11-21,7.0386534
2006-11-22,5.348705
2006-11-23,5.9343443
2006-11-24,3.4432669
2006-11-25,8.468513
2006-11-26,9.835044
2006-11-27,3.3463044
2006-11-28,3.6722004
2006-11-29,3.6656246
2006-11-30,3.2847497
2006-12-01,2.6076062
2006-12-02,3.6506453
2006-12-03,7.4522142
2006-12-04,12.575183
2006-12-05,11.000859
2006-12-06,11.351677
2006-12-07,17.613209
2006-12-08,8.923392
2006-12-09,14.02638
2006-12-10,27.769594
2006-12-11,24.264164
2006-12-12,25.204475
2006-12-13,21.472403
2006-12-14,28.148352
2006-12-15,35.482014
2006-12-16,23.172617
2006-12-17,13.444119
2006-12-18,3.6323981
2006-12-19,2.7186334
2006-12-20,8.571316
2006-12-21,8.449938
2006-12-22,2.7425122
2006-12-23,2.9088347
2006-12-24,3.7045844
2006-12-25,3.4266427
2006-12-26,3.040975
2006-12-27,2.5965695
2006-12-28,3.0146842
2006-12-29,3.0140946
2006-12-30,2.6456354
2006-12-31,2.1508265
2007-01-01,2.0863163
2007-01-02,2.366822
2007-01-03,2.691494
2007-01-04,2.0521126
2007-01-05,2.0102987
2007-01-06,2.2387893
2007-01-07,2.3391237
2007-01-08,2.3600073
2007-01-09,2.3002255
2007-01-10,2.5200362
2007-01-11,3.5092828
2007-01-12,3.1919096
2007-01-13,2.225909
2007-01-14,2.0654938
2007-01-15,2.5722117
2007-01-16,2.747106
2007-01-17,2.1628132
2007-01-18,3.0060248
2007-01-19,7.1611376
2007-01-20,8.718287
2007-01-21,8.201959
2007-01-22,6.0169215
2007-01-23,2.3924973
2007-01-24,2.2675145
2007-01-25,2.061571
2007-01-26,5.841954
2007-01-27,28.206543
2007-01-28,27.07087
2007-01-29,4.294788
2007-01-30,1.6872772
2007-01-31,1.4858797
2007-02-01,2.0478005
2007-02-02,2.5650394
2007-02-03,1.9724641
2007-02-04,1.3969917
2007-02-05,1.3600372
2007-02-06,1.3406223
2007-02-07,1.5212413
2007-02-08,1.7768276
2007-02-09,2.0013862
2007-02-10,5.899643
2007-02-11,10.038108
2007-02-12,5.8919086
2007-02-13,1.5523909
2007-02-14,3.4283175
2007-02-15,8.873396
2007-02-16,15.485913
2007-02-17,15.670081
2007-02-18,9.404853
2007-02-19,9.8764515
2007-02-20,20.256857
2007-02-21,19.343702
2007-02-22,11.088261
2007-02-23,11.361202
2007-02-24,8.541951
2007-02-25,1.1567969
2007-02-26,1.6170079
2007-02-27,1.7832317
2007-02-28,1.2853988
2007-03-01,1.043832
2007-03-02,0.97611547
2007-03-03,0.9560901
2007-03-04,0.94367594
2007-03-05,1.1110289
2007-03-06,1.8511213
2007-03-07,1.9945116
2007-03-08,1.3658972
2007-03-09,1.9472183
2007-03-10,2.917079
2007-03-11,3.775563
2007-03-12,4.304706
2007-03-13,1.5900675
2007-03-14,6.906089
2007-03-15,12.541349
2007-03-16,22.779385
2007-03-17,29.321718
2007-03-18,16.116943
2007-03-19,11.981237
2007-03-20,13.767122
2007-03-21,5.7114134
2007-03-22,6.4528956
2007-03-23,20.093042
2007-03-24,68.80448
2007-03-25,93.375854
2007-03-26,46.267696
2007-03-27,19.733557
2007-03-28,20.427736
2007-03-29,29.524275
2007-03-30,26.052511
2007-03-31,12.380465
2007-04-01,15.139956
2007-04-02,20.122654
2007-04-03,29.527037
2007-04-04,37.842415
2007-04-05,76.490326
2007-04-06,149.61192
2007-04-07,116.21524
2007-04-08,54.956505
2007-04-09,35.59057
2007-04-10,9.981778
2007-04-11,7.9826593
2007-04-12,10.348426
2007-04-13,4.5484667
2007-04-14,1.4004942
2007-04-15,3.7682917
2007-04-16,5.012508
2007-04-17,5.2452655
2007-04-18,5.553355
2007-04-19,11.320138
2007-04-20,25.849752
2007-04-21,72.34056
2007-04-22,113.575005
2007-04-23,63.73166
2007-04-24,24.404724
2007-04-25,19.667942
2007-04-26,5.4134684
2007-04-27,11.492647
2007-04-28,14.125645
2007-04-29,7.0227304
2007-04-30,5.324033
2007-05-01,5.1578207
2007-05-02,6.250062
2007-05-03,5.082161
2007-05-04,6.065922
2007-05-05,9.080964
2007-05-06,9.384014
2007-05-07,6.2625713
2007-05-08,6.22564
2007-05-09,17.993624
2007-05-10,24.684488
2007-05-11,7.9869595
2007-05-12,5.6063657
2007-05-13,5.0875044
2007-05-14,8.251809
2007-05-15,10.200743
2007-05-16,5.458993
2007-05-17,3.869697
2007-05-18,3.6594281
2007-05-19,13.01791
2007-05-20,25.214806
2007-05-21,17.090057
2007-05-22,13.22167
2007-05-23,15.284845
2007-05-24,25.518248
2007-05-25,19.55062
2007-05-26,5.1968446
2007-05-27,36.14526
2007-05-28,52.64673
2007-05-29,42.718872
2007-05-30,32.01922
2007-05-31,20.187351
2007-06-01,32.713177
2007-06-02,19.485077
2007-06-03,6.3073206
2007-06-04,6.7736354
2007-06-05,8.484943
2007-06-06,8.687698
2007-06-07,7.107653
2007-06-08,6.284183
2007-06-09,5.9535356
2007-06-10,5.76611
2007-06-11,5.6565356
2007-06-12,5.3393865
2007-06-13,5.5129085
2007-06-14,4.42744
2007-06-15,4.7448187
2007-06-16,6.192143
2007-06-17,5.631887
2007-06-18,6.65011
2007-06-19,5.584972
2007-06-20,5.371208
2007-06-21,6.8692484
2007-06-22,9.813336
2007-06-23,7.3800898
2007-06-24,7.7357984
2007-06-25,10.821472
2007-06-26,13.894197
2007-06-27,13.469214
2007-06-28,17.429525
2007-06-29,12.011781
2007-06-30,11.173855
2007-07-01,9.851721
2007-07-02,8.850496
2007-07-03,6.1097417
2007-07-04,7.8854704
2007-07-05,7.654174
2007-07-06,4.5239353
2007-07-07,4.7695947
2007-07-08,4.617572
2007-07-09,4.3729253
2007-07-10,4.761694
2007-07-11,5.025013
2007-07-12,5.4283457
2007-07-13,5.1273828
2007-07-14,4.7580686
2007-07-15,4.0025964
2007-07-16,3.6037402
2007-07-17,3.7085264
2007-07-18,4.28435
2007-07-19,3.0442133
2007-07-20,3.0577304
2007-07-21,3.3173048
2007-07-22,3.4998617
2007-07-23,5.584972
2007-07-24,7.3785625
2007-07-25,6.6926775
2007-07-26,6.462023
2007-07-27,4.610429
2007-07-28,3.3365054
2007-07-29,3.612132
2007-07-30,4.1936193
2007-07-31,4.386911
2007-08-01,3.1909125
2007-08-02,3.3927639
2007-08-03,3.4103284
2007-08-04,4.7092943
2007-08-05,8.562034
2007-08-06,9.601378
2007-08-07,6.655409
2007-08-08,3.9157925
2007-08-09,6.0617857
2007-08-10,7.9715333
2007-08-11,6.796464
2007-08-12,4.0540924
2007-08-13,5.2263503
2007-08-14,6.177195
2007-08-15,5.1226025
2007-08-16,5.094213
2007-08-17,3.6921446
2007-08-18,4.199512
2007-08-19,4.8797
2007-08-20,4.5013747
2007-08-21,6.2975063
2007-08-22,13.236915
2007-08-23,15.329839
2007-08-24,7.6644106
2007-08-25,7.7596583
2007-08-26,7.4981565
2007-08-27,27.776741
2007-08-28,30.892593
2007-08-29,8.628055
2007-08-30,2.6139677
2007-08-31,3.346412
2007-09-01,5.6739364
2007-09-02,4.2144094
2007-09-03,7.067069
2007-09-04,8.928803
2007-09-05,8.640611
2007-09-06,3.2781925
2007-09-07,2.9468844
2007-09-08,2.8947318
2007-09-09,3.4463096
2007-09-10,4.152074
2007-09-11,5.2758875
2007-09-12,3.4129689
2007-09-13,2.7478645
2007-09-14,3.205233
2007-09-15,4.4454837
2007-09-16,7.7929792
2007-09-17,9.595402
2007-09-18,3.7332463
2007-09-19,2.2392673
2007-09-20,2.3682601
2007-09-21,3.072274
2007-09-22,3.5579302
2007-09-23,2.726623
2007-09-24,2.4396467
2007-09-25,2.5884278
2007-09-26,4.836515
2007-09-27,8.546526
2007-09-28,7.5595703
2007-09-29,3.7189977
2007-09-30,2.696443
2007-10-01,3.8877497
2007-10-02,5.3803315
2007-10-03,6.829905
2007-10-04,3.251579
2007-10-05,2.423894
2007-10-06,3.0196342
2007-10-07,7.7232213
2007-10-08,12.857867
2007-10-09,10.465726
2007-10-10,24.025272
2007-10-11,27.459816
2007-10-12,18.751415
2007-10-13,23.49154
2007-10-14,31.280695
2007-10-15,125.14677
2007-10-16,201.18576
2007-10-17,112.48068
2007-10-18,17.530243
2007-10-19,4.1247764
2007-10-20,7.1376357
2007-10-21,7.8530016
2007-10-22,9.466181
2007-10-23,18.577848
2007-10-24,20.962185
2007-10-25,25.777328
2007-10-26,32.006454
2007-10-27,33.010555
2007-10-28,47.101612
2007-10-29,96.4656
2007-10-30,97.33083
2007-10-31,27.23816
2007-11-01,37.716892
2007-11-02,69.18341
2007-11-03,63.045654
2007-11-04,46.23829
2007-11-05,25.06178
2007-11-06,30.968853
2007-11-07,22.55376
2007-11-08,22.014463
2007-11-09,19.531513
2007-11-10,40.423004
2007-11-11,51.121033
2007-11-12,22.899721
2007-11-13,8.195804
2007-11-14,11.457904
2007-11-15,16.14246
2007-11-16,13.040517
2007-11-17,5.557374
2007-11-18,6.1214476
2007-11-19,6.3553762
2007-11-20,6.625616
2007-11-21,4.5777354
2007-11-22,5.586607
2007-11-23,7.183928
2007-11-24,32.179073
2007-11-25,59.806717
2007-11-26,35.745132
2007-11-27,5.8718047
2007-11-28,4.840381
2007-11-29,20.726686
2007-11-30,27.162825
2007-12-01,11.29174
2007-12-02,5.5514617
2007-12-03,5.057912
2007-12-04,8.4062605
2007-12-05,14.025453
2007-12-06,12.753894
2007-12-07,10.0568905
2007-12-08,14.7001295
2007-12-09,20.373714
2007-12-10,20.239035
2007-12-11,9.844058
2007-12-12,12.379663
2007-12-13,14.131495
2007-12-14,21.013945
2007-12-15,33.780285
2007-12-16,28.43147
2007-12-17,22.403028
2007-12-18,35.761627
2007-12-19,43.83749
2007-12-20,49.058983
2007-12-21,27.557322
2007-12-22,17.08675
2007-12-23,17.964455
2007-12-24,10.593077
2007-12-25,10.136442
2007-12-26,9.899408
2007-12-27,6.0619097
2007-12-28,11.185851
2007-12-29,10.970229
2007-12-30,4.181545
2007-12-31,3.8321655
2008-01-01,3.8865447
2008-01-02,4.0760927
2008-01-03,7.371308
2008-01-04,13.154553
2008-01-05,10.486196
2008-01-06,4.6599526
2008-01-07,5.2764525
2008-01-08,5.697845
2008-01-09,10.573612
2008-01-10,25.46648
2008-01-11,39.230312
2008-01-12,28.236744
2008-01-13,13.568281
2008-01-14,7.3072934
2008-01-15,4.760327
2008-01-16,4.7584777
2008-01-17,4.9784975
2008-01-18,9.08292
2008-01-19,8.773233
2008-01-20,3.3831491
2008-01-21,3.5258706
2008-01-22,5.6602097
2008-01-23,6.39922
2008-01-24,3.8784316
2008-01-25,3.4763327
2008-01-26,12.581352
2008-01-27,19.852493
2008-01-28,12.986359
2008-01-29,8.260635
2008-01-30,4.326854
2008-01-31,12.618099
2008-02-01,16.369019
2008-02-02,8.045678
2008-02-03,4.3707495
2008-02-04,4.2417912
2008-02-05,4.8507323
2008-02-06,4.061261
2008-02-07,3.2035513
2008-02-08,3.3367627
2008-02-09,2.8973365
2008-02-10,3.1682014
2008-02-11,4.8693523
2008-02-12,7.5322576
2008-02-13,6.39946
2008-02-14,3.988527
2008-02-15,4.427348
2008-02-16,6.831931
2008-02-17,24.992655
2008-02-18,29.679169
2008-02-19,51.682507
2008-02-20,76.557144
2008-02-21,44.64903
2008-02-22,19.274876
2008-02-23,11.878065
2008-02-24,6.405151
2008-02-25,4.743952
2008-02-26,3.4054403
2008-02-27,8.309532
2008-02-28,13.847396
2008-02-29,18.360977
2008-03-01,14.874178
2008-03-02,6.130463
2008-03-03,28.913826
2008-03-04,35.86193
2008-03-05,22.802607
2008-03-06,36.03732
2008-03-07,36.06449
2008-03-08,23.455126
2008-03-09,25.63682
2008-03-10,20.369606
2008-03-11,24.31627
2008-03-12,42.999847
2008-03-13,47.97736
2008-03-14,49.615482
2008-03-15,58.88717
2008-03-16,42.142277
2008-03-17,10.499079
2008-03-18,3.549903
2008-03-19,2.9378245
2008-03-20,3.3825846
2008-03-21,10.057476
2008-03-22,15.723814
2008-03-23,13.208329
2008-03-24,4.4245067
2008-03-25,4.3587685
2008-03-26,4.8180447
2008-03-27,4.925998
2008-03-28,6.681743
2008-03-29,16.193008
2008-03-30,26.393452
2008-03-31,32.162994
2008-04-01,33.906963
2008-04-02,35.741505
2008-04-03,28.641365
2008-04-04,19.42373
2008-04-05,23.639963
2008-04-06,27.811153
2008-04-07,15.129514
2008-04-08,15.8560295
2008-04-09,14.747914
2008-04-10,11.735756
2008-04-11,42.164436
2008-04-12,85.783844
2008-04-13,121.62702
2008-04-14,94.511856
2008-04-15,29.465202
2008-04-16,16.296125
2008-04-17,7.8788395
2008-04-18,5.579012
2008-04-19,6.243957
2008-04-20,8.213661
2008-04-21,6.6611214
2008-04-22,7.9705667
2008-04-23,9.527636
2008-04-24,9.544467
2008-04-25,23.722038
2008-04-26,34.100693
2008-04-27,23.873053
2008-04-28,49.198288
2008-04-29,51.8829
2008-04-30,15.447545
2008-05-01,11.922778
2008-05-02,22.3634
2008-05-03,44.651093
2008-05-04,44.08721
2008-05-05,67.978584
2008-05-06,74.33827
2008-05-07,33.235596
2008-05-08,14.46101
2008-05-09,21.164091
2008-05-10,27.157595
2008-05-11,18.789001
2008-05-12,10.638614
2008-05-13,11.320629
2008-05-14,11.332036
2008-05-15,10.453172
2008-05-16,10.867302
2008-05-17,12.5147
2008-05-18,19.821022
2008-05-19,24.400345
2008-05-20,21.795618
2008-05-21,15.214884
2008-05-22,21.192696
2008-05-23,35.833324
2008-05-24,36.152374
2008-05-25,48.06242
2008-05-26,120.456505
2008-05-27,140.186
2008-05-28,60.899704
2008-05-29,34.58227
2008-05-30,46.28546
2008-05-31,46.738884
2008-06-01,42.92252
2008-06-02,19.403215
2008-06-03,20.331034
2008-06-04,29.836214
2008-06-05,31.570606
2008-06-06,20.941938
2008-06-07,34.383064
2008-06-08,46.427326
2008-06-09,26.546705
2008-06-10,20.1198
2008-06-11,26.580544
2008-06-12,30.49883
2008-06-13,21.201986
2008-06-14,16.328863
2008-06-15,16.678202
2008-06-16,17.750864
2008-06-17,18.971395
2008-06-18,16.342434
2008-06-19,18.540583
2008-06-20,25.260891
2008-06-21,21.95186
2008-06-22,16.406654
2008-06-23,27.684275
2008-06-24,35.818085
2008-06-25,17.241652
2008-06-26,18.383997
2008-06-27,28.921907
2008-06-28,30.85521
2008-06-29,26.488874
2008-06-30,26.686138
2008-07-01,31.572947
2008-07-02,22.304176
2008-07-03,22.068398
2008-07-04,21.471123
2008-07-05,20.350527
2008-07-06,20.782112
2008-07-07,16.373259
2008-07-08,14.692764
2008-07-09,15.60726
2008-07-10,18.256832
2008-07-11,19.861973
2008-07-12,21.71617
2008-07-13,16.75504
2008-07-14,14.630198
2008-07-15,13.816273
2008-07-16,15.876503
2008-07-17,18.76847
2008-07-18,21.602758
2008-07-19,28.271784
2008-07-20,31.548477
2008-07-21,19.178762
2008-07-22,14.861178
2008-07-23,12.3066225
2008-07-24,12.182879
2008-07-25,11.097384
2008-07-26,11.059774
2008-07-27,13.216252
2008-07-28,14.487555
2008-07-29,11.773677
2008-07-30,11.933132
2008-07-31,11.086603
2008-08-01,10.645979
2008-08-02,11.206657
2008-08-03,10.471995
2008-08-04,9.805558
2008-08-05,10.960662
2008-08-06,10.778059
2008-08-07,8.916518
2008-08-08,9.397245
2008-08-09,8.309883
2008-08-10,8.146764
2008-08-11,8.898639
2008-08-12,9.9091835
2008-08-13,13.415767
2008-08-14,14.94644
2008-08-15,8.417121
2008-08-16,8.372614
2008-08-17,8.442655
2008-08-18,11.155934
2008-08-19,13.566777
2008-08-20,11.686884
2008-08-21,8.069226
2008-08-22,8.715193
2008-08-23,10.191704
2008-08-24,23.74107
2008-08-25,63.77829
2008-08-26,80.09083
2008-08-27,36.634422
2008-08-28,14.453857
2008-08-29,27.54366
2008-08-30,31.335142
2008-08-31,17.259666
2008-09-01,13.820435
2008-09-02,8.036061
2008-09-03,7.705367
2008-09-04,15.939378
2008-09-05,28.935648
2008-09-06,23.313526
2008-09-07,7.573323
2008-09-08,4.9953957
2008-09-09,5.5062947
2008-09-10,6.9444895
2008-09-11,5.830707
2008-09-12,4.9646897
2008-09-13,5.0066543
2008-09-14,5.22107
2008-09-15,5.7410107
2008-09-16,6.453182
2008-09-17,6.484777
2008-09-18,10.096402
2008-09-19,10.595979
2008-09-20,26.659575
2008-09-21,29.80934
2008-09-22,7.5886807
2008-09-23,4.8042707
2008-09-24,9.077611
2008-09-25,18.321941
2008-09-26,17.50103
2008-09-27,9.316961
2008-09-28,9.419308
2008-09-29,10.377642
2008-09-30,10.947324
2008-10-01,8.473107
2008-10-02,6.355496
2008-10-03,5.605826
2008-10-04,6.9171925
2008-10-05,19.894756
2008-10-06,27.024794
2008-10-07,32.326717
2008-10-08,26.823761
2008-10-09,8.603862
2008-10-10,5.546191
2008-10-11,24.779947
2008-10-12,32.974815
2008-10-13,28.352802
2008-10-14,33.341034
2008-10-15,20.108181
2008-10-16,29.96724
2008-10-17,25.595608
2008-10-18,12.505398
2008-10-19,6.759636
2008-10-20,4.221875
2008-10-21,7.354398
2008-10-22,7.227883
2008-10-23,4.3480306
2008-10-24,5.822152
2008-10-25,5.6118565
2008-10-26,24.602283
2008-10-27,43.61008
2008-10-28,50.419933
2008-10-29,52.802406
2008-10-30,30.302116
2008-10-31,7.719622
2008-11-01,5.646292
2008-11-02,16.177458
2008-11-03,26.291779
2008-11-04,47.237926
2008-11-05,44.698997
2008-11-06,11.995876
2008-11-07,5.1407638
2008-11-08,7.8121986
2008-11-09,40.95414
2008-11-10,43.867783
2008-11-11,10.128811
2008-11-12,13.577734
2008-11-13,65.129814
2008-11-14,76.48952
2008-11-15,29.491192
2008-11-16,23.747585
2008-11-17,36.117878
2008-11-18,40.834465
2008-11-19,41.02907
2008-11-20,33.28566
2008-11-21,31.325983
2008-11-22,40.02763
2008-11-23,87.7203
2008-11-24,172.37224
2008-11-25,130.05301
2008-11-26,30.854792
2008-11-27,36.415947
2008-11-28,61.126926
2008-11-29,59.351513
2008-11-30,60.09658
2008-12-01,41.979736
2008-12-02,29.305777
2008-12-03,58.298534
2008-12-04,54.484093
2008-12-05,35.03874
2008-12-06,30.461449
2008-12-07,16.652655
2008-12-08,29.61111
2008-12-09,35.49586
2008-12-10,21.102362
2008-12-11,13.823975
2008-12-12,18.382538
2008-12-13,22.790897
2008-12-14,33.590347
2008-12-15,39.93131
2008-12-16,39.88305
2008-12-17,33.828926
2008-12-18,17.526669
2008-12-19,16.32148
2008-12-20,22.137018
2008-12-21,19.159273
2008-12-22,24.696262
2008-12-23,43.770447
2008-12-24,35.63417
2008-12-25,17.639162
2008-12-26,33.18731
2008-12-27,36.252705
2008-12-28,15.571747
2008-12-29,14.993148
2008-12-30,24.242207
2008-12-31,27.68301
2009-01-01,36.159042
2009-01-02,45.82139
2009-01-03,19.646925
2009-01-04,12.778212
2009-01-05,11.372533
2009-01-06,11.814049
2009-01-07,13.936231
2009-01-08,17.157003
2009-01-09,15.688764
2009-01-10,11.470413
2009-01-11,10.2417145
2009-01-12,9.692419
2009-01-13,9.431293
2009-01-14,9.953158
2009-01-15,9.903872
2009-01-16,10.499151
2009-01-17,24.363657
2009-01-18,35.20741
2009-01-19,29.92139
2009-01-20,46.166485
2009-01-21,48.952477
2009-01-22,27.243265
2009-01-23,12.358695
2009-01-24,36.876907
2009-01-25,71.17777
2009-01-26,61.7987
2009-01-27,26.84023
2009-01-28,10.142048
2009-01-29,7.903789
2009-01-30,7.8427324
2009-01-31,8.295414
2009-02-01,16.550226
2009-02-02,23.761494
2009-02-03,13.28215
2009-02-04,7.6703124
2009-02-05,6.565489
2009-02-06,6.8119426
2009-02-07,7.4312053
2009-02-08,10.771511
2009-02-09,12.864084
2009-02-10,10.5940075
2009-02-11,9.857023
2009-02-12,8.8936205
2009-02-13,8.675973
2009-02-14,9.872816
2009-02-15,23.541004
2009-02-16,30.957489
2009-02-17,17.887545
2009-02-18,16.53707
2009-02-19,14.099593
2009-02-20,12.417398
2009-02-21,13.891704
2009-02-22,8.131205
2009-02-23,5.831909
2009-02-24,5.6064324
2009-02-25,8.185978
2009-02-26,17.757856
2009-02-27,22.635456
2009-02-28,21.250908
2009-03-01,16.041197
2009-03-02,6.768433
2009-03-03,6.917832
2009-03-04,8.438925
2009-03-05,27.901525
2009-03-06,37.64015
2009-03-07,17.648409
2009-03-08,6.9287815
2009-03-09,4.9971576
2009-03-10,15.895599
2009-03-11,22.811296
2009-03-12,18.522625
2009-03-13,21.050148
2009-03-14,25.971308
2009-03-15,23.377312
2009-03-16,21.391151
2009-03-17,14.471454
2009-03-18,18.002195
2009-03-19,43.32149
2009-03-20,71.72955
2009-03-21,73.58412
2009-03-22,88.75201
2009-03-23,116.5294
2009-03-24,125.88851
2009-03-25,123.905495
2009-03-26,133.50914
2009-03-27,242.76393
2009-03-28,229.24356
2009-03-29,65.70148
2009-03-30,56.947124
2009-03-31,130.50307
2009-04-01,188.76532
2009-04-02,182.72195
2009-04-03,145.61368
2009-04-04,110.231125
2009-04-05,77.510826
2009-04-06,46.53842
2009-04-07,33.34507
2009-04-08,29.757254
2009-04-09,43.934963
2009-04-10,46.321438
2009-04-11,28.358408
2009-04-12,24.019026
2009-04-13,40.241997
2009-04-14,46.15983
2009-04-15,25.768822
2009-04-16,17.789507
2009-04-17,17.064882
2009-04-18,16.548044
2009-04-19,17.267466
2009-04-20,14.657622
2009-04-21,15.281188
2009-04-22,22.154713
2009-04-23,24.267382
2009-04-24,13.119313
2009-04-25,12.388963
2009-04-26,11.897717
2009-04-27,11.634111
2009-04-28,12.108079
2009-04-29,11.555761
2009-04-30,17.650934
2009-05-01,36.173622
2009-05-02,38.890285
2009-05-03,17.901587
2009-05-04,38.519207
2009-05-05,70.021416
2009-05-06,85.19692
2009-05-07,90.49054
2009-05-08,59.919033
2009-05-09,29.917326
2009-05-10,11.162769
2009-05-11,10.056778
2009-05-12,10.092348
2009-05-13,8.761975
2009-05-14,8.700323
2009-05-15,8.604879
2009-05-16,8.943759
2009-05-17,9.254578
2009-05-18,12.098071
2009-05-19,18.997799
2009-05-20,18.102774
2009-05-21,10.31037
2009-05-22,10.222125
2009-05-23,10.07117
2009-05-24,8.440568
2009-05-25,7.941073
2009-05-26,7.7977195
2009-05-27,7.3396883
2009-05-28,6.9712057
2009-05-29,7.0439305
2009-05-30,7.305233
2009-05-31,6.972708
2009-06-01,6.493248
2009-06-02,6.31908
2009-06-03,6.2177296
2009-06-04,8.095215
2009-06-05,13.104266
2009-06-06,16.017715
2009-06-07,19.479622
2009-06-08,15.017815
2009-06-09,12.522406
2009-06-10,10.175188
2009-06-11,9.8839245
2009-06-12,11.178991
2009-06-13,11.526703
2009-06-14,14.118029
2009-06-15,14.910346
2009-06-16,12.816108
2009-06-17,9.979127
2009-06-18,6.0888352
2009-06-19,6.799378
2009-06-20,9.1396
2009-06-21,6.795283
2009-06-22,6.0398846
2009-06-23,9.163158
2009-06-24,23.588594
2009-06-25,28.85464
2009-06-26,8.507047
2009-06-27,6.550621
2009-06-28,6.0286503
2009-06-29,7.268788
2009-06-30,7.663235
2009-07-01,6.533419
2009-07-02,8.151503
2009-07-03,10.686214
2009-07-04,9.694911
2009-07-05,6.771997
2009-07-06,6.622326
2009-07-07,5.6365294
2009-07-08,6.179594
2009-07-09,7.483499
2009-07-10,9.007653
2009-07-11,6.5680947
2009-07-12,5.3644094
2009-07-13,5.000853
2009-07-14,4.239777
2009-07-15,5.026694
2009-07-16,8.57573
2009-07-17,8.311531
2009-07-18,7.0246773
2009-07-19,8.278962
2009-07-20,7.8462963
2009-07-21,6.59098
2009-07-22,5.760615
2009-07-23,6.9707465
2009-07-24,6.211497
2009-07-25,4.2964892
2009-07-26,4.9310813
2009-07-27,3.9745443
2009-07-28,4.4529076
2009-07-29,5.6082506
2009-07-30,5.302006
2009-07-31,7.737295
2009-08-01,10.228054
2009-08-02,5.7757463
2009-08-03,4.7382407
2009-08-04,4.069828
2009-08-05,4.6528263
2009-08-06,7.1655793
2009-08-07,10.344662
2009-08-08,14.054226
2009-08-09,15.363398
2009-08-10,7.2452545
2009-08-11,8.530347
2009-08-12,4.199418
2009-08-13,4.841155
2009-08-14,6.784787
2009-08-15,9.56147
2009-08-16,6.1695714
2009-08-17,4.3427653
2009-08-18,5.6041455
2009-08-19,6.5730376
2009-08-20,5.4371877
2009-08-21,4.063187
2009-08-22,4.4844813
2009-08-23,4.544532
2009-08-24,4.1082425
2009-08-25,5.302895
2009-08-26,4.872629
2009-08-27,4.0124216
2009-08-28,4.2839365
2009-08-29,4.440091
2009-08-30,5.260506
2009-08-31,6.475108
2009-09-01,3.600229
2009-09-02,2.7156615
2009-09-03,4.194305
2009-09-04,6.575867
2009-09-05,5.092555
2009-09-06,4.115129
2009-09-07,3.3652132
2009-09-08,3.0775106
2009-09-09,3.8953207
2009-09-10,4.1849875
2009-09-11,3.8426082
2009-09-12,2.6348348
2009-09-13,4.725396
2009-09-14,7.181715
2009-09-15,6.542356
2009-09-16,11.6202345
2009-09-17,13.284982
2009-09-18,8.605294
2009-09-19,3.9997969
2009-09-20,2.583309
2009-09-21,2.1015778
2009-09-22,2.2206454
2009-09-23,2.6834311
2009-09-24,2.6585426
2009-09-25,2.037144
2009-09-26,1.9196876
2009-09-27,1.985873
2009-09-28,2.0843196
2009-09-29,2.50621
2009-09-30,2.4027252
2009-10-01,2.1229596
2009-10-02,1.8375528
2009-10-03,1.934099
2009-10-04,2.9056623
2009-10-05,5.5478535
2009-10-06,6.6009974
2009-10-07,2.819519
2009-10-08,2.158772
2009-10-09,3.0808668
2009-10-10,3.7372935
2009-10-11,2.2641518
2009-10-12,5.5618014
2009-10-13,12.763696
2009-10-14,11.84044
2009-10-15,7.167868
2009-10-16,16.269957
2009-10-17,17.501741
2009-10-18,6.8278956
2009-10-19,3.1262228
2009-10-20,9.734974
2009-10-21,28.992067
2009-10-22,37.44808
2009-10-23,26.301815
2009-10-24,16.108068
2009-10-25,10.969082
2009-10-26,11.642486
2009-10-27,3.5597823
2009-10-28,1.5488503
2009-10-29,1.3329636
2009-10-30,1.9929116
2009-10-31,4.262143
2009-11-01,9.770294
2009-11-02,12.326792
2009-11-03,13.39114
2009-11-04,10.483044
2009-11-05,9.573057
2009-11-06,15.1261015
2009-11-07,24.554022
2009-11-08,31.626009
2009-11-09,39.990932
2009-11-10,21.464293
2009-11-11,3.993326
2009-11-12,1.5485724
2009-11-13,1.9312378
2009-11-14,2.5504534
2009-11-15,2.2278314
2009-11-16,2.3169
2009-11-17,4.314155
2009-11-18,5.111425
2009-11-19,10.453404
2009-11-20,9.431452
2009-11-21,1.730199
2009-11-22,1.4850432
2009-11-23,1.6447562
2009-11-24,1.2649587
2009-11-25,1.2429827
2009-11-26,1.3039396
2009-11-27,1.5209222
2009-11-28,1.4895465
2009-11-29,3.006336
2009-11-30,8.9929
2009-12-01,9.579475
2009-12-02,3.5422578
2009-12-03,1.1063819
2009-12-04,1.1220438
2009-12-05,1.1449512
2009-12-06,1.597878
2009-12-07,2.5157638
2009-12-08,2.188343
2009-12-09,1.2369993
2009-12-10,1.6052967
2009-12-11,2.406408
2009-12-12,2.2165468
2009-12-13,1.4180479
2009-12-14,1.170405
2009-12-15,1.0307647
2009-12-16,0.9155226
2009-12-17,2.941524
2009-12-18,3.960286
2009-12-19,2.623185
2009-12-20,7.4659696
2009-12-21,10.131136
2009-12-22,12.078003
2009-12-23,18.943047
2009-12-24,11.556252
2009-12-25,2.085547
2009-12-26,4.3845186
2009-12-27,6.2188735
2009-12-28,5.8119845
2009-12-29,7.677485
2009-12-30,5.9487658
2009-12-31,1.3014879
2010-01-01,0.74049205
2010-01-02,0.87602234
2010-01-03,1.2919161
2010-01-04,1.4145651
2010-01-05,1.3002632
2010-01-06,1.2454101
2010-01-07,1.2624471
2010-01-08,1.3131232
2010-01-09,1.2884922
2010-01-10,1.4410326
2010-01-11,1.857022
2010-01-12,2.3112667
2010-01-13,2.0047812
2010-01-14,1.2753837
2010-01-15,1.1155323
2010-01-16,1.0888327
2010-01-17,1.0944954
2010-01-18,1.1423926
2010-01-19,1.0932128
2010-01-20,1.0897917
2010-01-21,1.0425115
2010-01-22,1.0193267
2010-01-23,0.9709409
2010-01-24,3.2420683
2010-01-25,10.060007
2010-01-26,8.793979
2010-01-27,2.0980618
2010-01-28,2.2777348
2010-01-29,2.1673152
2010-01-30,1.5023712
2010-01-31,1.0483973
2010-02-01,0.90640265
2010-02-02,1.2041183
2010-02-03,1.3705381
2010-02-04,1.1709527
2010-02-05,1.0958555
2010-02-06,1.0383991
2010-02-07,2.6894042
2010-02-08,3.46212
2010-02-09,1.6080556
2010-02-10,1.91525
2010-02-11,6.5787296
2010-02-12,5.6656733
2010-02-13,0.91167355
2010-02-14,0.7647929
2010-02-15,0.75377905
2010-02-16,0.81931144
2010-02-17,1.5077819
2010-02-18,2.6820564
2010-02-19,2.0254207
2010-02-20,0.9038543
2010-02-21,1.3204973
2010-02-22,1.4489083
2010-02-23,2.537588
2010-02-24,14.792368
2010-02-25,226.93597
2010-02-26,293.21802
2010-02-27,76.38018
2010-02-28,2.2985506
2010-03-01,0.94255364
2010-03-02,0.81020796
2010-03-03,0.8772249
2010-03-04,1.3482348
2010-03-05,2.1234143
2010-03-06,1.6437607
2010-03-07,0.9768838
2010-03-08,2.0621843
2010-03-09,2.3615484
2010-03-10,1.8665826
2010-03-11,1.9538213
2010-03-12,2.7984235
2010-03-13,3.521731
2010-03-14,5.7012033
2010-03-15,6.0317097
2010-03-16,1.9697467
2010-03-17,0.5874999
2010-03-18,1.8692741
2010-03-19,2.4943137
2010-03-20,5.9322305
2010-03-21,7.175189
2010-03-22,1.596363
2010-03-23,6.198959
2010-03-24,7.225525
2010-03-25,1.5245774
2010-03-26,0.74564177
2010-03-27,4.920654
2010-03-28,5.914902
2010-03-29,1.9368181
2010-03-30,0.8935254
2010-03-31,2.207501
2010-04-01,3.1696281
2010-04-02,3.0717726
2010-04-03,9.827225
2010-04-04,22.313406
2010-04-05,17.642859
2010-04-06,7.3767424
2010-04-07,16.767921
2010-04-08,26.456293
2010-04-09,35.603428
2010-04-10,68.982765
2010-04-11,100.66779
2010-04-12,87.46962
2010-04-13,105.2791
2010-04-14,84.999306
2010-04-15,99.19884
2010-04-16,111.048134
2010-04-17,98.22934
2010-04-18,144.66342
2010-04-19,192.25298
2010-04-20,119.50357
2010-04-21,44.34402
2010-04-22,17.77106
2010-04-23,10.132329
2010-04-24,0.90423244
2010-04-25,7.3779454
2010-04-26,16.305367
2010-04-27,18.875156
2010-04-28,15.664124
2010-04-29,11.946643
2010-04-30,16.674833
2010-05-01,21.448317
2010-05-02,16.983576
2010-05-03,13.0584545
2010-05-04,39.919327
2010-05-05,60.3146
2010-05-06,55.58968
2010-05-07,30.326292
2010-05-08,8.999203
2010-05-09,2.0191722
2010-05-10,8.850633
2010-05-11,16.610788
2010-05-12,13.409179
2010-05-13,13.595009
2010-05-14,13.555752
2010-05-15,7.185842
2010-05-16,11.293195
2010-05-17,7.600058
2010-05-18,3.963111
2010-05-19,6.551303
2010-05-20,9.737082
2010-05-21,6.439592
2010-05-22,14.220653
2010-05-23,35.694366
2010-05-24,73.92832
2010-05-25,95.09603
2010-05-26,141.90347
2010-05-27,206.31717
2010-05-28,166.44156
2010-05-29,135.68869
2010-05-30,60.34577
2010-05-31,63.854183
2010-06-01,119.27512
2010-06-02,142.83348
2010-06-03,29.80093
2010-06-04,7.5424395
2010-06-05,4.9728103
2010-06-06,5.5290165
2010-06-07,5.6043477
2010-06-08,6.3091664
2010-06-09,5.9708633
2010-06-10,5.8028684
2010-06-11,5.7497497
2010-06-12,6.365515
2010-06-13,9.125686
2010-06-14,11.276807
2010-06-15,9.198625
2010-06-16,10.213453
2010-06-17,9.932337
2010-06-18,10.690694
2010-06-19,11.156753
2010-06-20,7.5427923
2010-06-21,24.535345
2010-06-22,59.228745
2010-06-23,53.209484
2010-06-24,19.647135
2010-06-25,7.672032
2010-06-26,7.0878143
2010-06-27,13.666065
2010-06-28,15.877592
2010-06-29,8.26203
2010-06-30,9.758167
2010-07-01,11.448732
2010-07-02,7.143378
2010-07-03,8.223018
2010-07-04,8.54699
2010-07-05,20.962595
2010-07-06,24.538506
2010-07-07,13.557295
2010-07-08,28.455986
2010-07-09,40.21439
2010-07-10,28.777735
2010-07-11,12.763978
2010-07-12,9.200003
2010-07-13,10.631564
2010-07-14,8.432171
2010-07-15,7.521413
2010-07-16,30.089136
2010-07-17,65.15685
2010-07-18,65.239265
2010-07-19,37.048027
2010-07-20,17.77097
2010-07-21,8.672143
2010-07-22,6.8253455
2010-07-23,7.060488
2010-07-24,6.685439
2010-07-25,8.316674
2010-07-26,8.261325
2010-07-27,8.080612
2010-07-28,11.39184
2010-07-29,16.63403
2010-07-30,12.452668
2010-07-31,11.325106
2010-08-01,29.935461
2010-08-02,33.721397
2010-08-03,11.286203
2010-08-04,18.898096
2010-08-05,24.637161
2010-08-06,16.959843
2010-08-07,12.555229
2010-08-08,13.776146
2010-08-09,10.536556
2010-08-10,10.916359
2010-08-11,11.404064
2010-08-12,8.901316
2010-08-13,9.814192
2010-08-14,9.5086565
2010-08-15,11.857479
2010-08-16,12.541352
2010-08-17,9.610389
2010-08-18,7.710093
2010-08-19,9.996032
2010-08-20,12.854897
2010-08-21,11.700431
2010-08-22,13.363074
2010-08-23,11.585061
2010-08-24,8.391246
2010-08-25,7.775498
2010-08-26,8.037664
2010-08-27,11.3342495
2010-08-28,13.429448
2010-08-29,9.516982
2010-08-30,7.854653
2010-08-31,6.61953
2010-09-01,6.889837
2010-09-02,12.346343
2010-09-03,12.550709
2010-09-04,6.8481874
2010-09-05,6.0747914
2010-09-06,6.265995
2010-09-07,6.834876
2010-09-08,12.699108
2010-09-09,19.033232
2010-09-10,27.010704
2010-09-11,34.0472
2010-09-12,23.773664
2010-09-13,31.45528
2010-09-14,35.14948
2010-09-15,26.425035
2010-09-16,7.777118
2010-09-17,5.7249875
2010-09-18,6.1931286
2010-09-19,7.095607
2010-09-20,6.603038
2010-09-21,12.690864
2010-09-22,22.23104
2010-09-23,23.145256
2010-09-24,19.833538
2010-09-25,23.275532
2010-09-26,11.793363
2010-09-27,9.176276
2010-09-28,14.061459
2010-09-29,37.35274
2010-09-30,63.141285
2010-10-01,46.389233
2010-10-02,28.545996
2010-10-03,25.737814
2010-10-04,27.083578
2010-10-05,38.182423
2010-10-06,66.204445
2010-10-07,80.507645
2010-10-08,38.4796
2010-10-09,10.435389
2010-10-10,7.2958937
2010-10-11,6.2678914
2010-10-12,4.3596377
2010-10-13,4.367134
2010-10-14,4.411585
2010-10-15,4.847846
2010-10-16,6.3661385
2010-10-17,8.085021
2010-10-18,8.098531
2010-10-19,12.167401
2010-10-20,17.877066
2010-10-21,30.337135
2010-10-22,34.281986
2010-10-23,15.839497
2010-10-24,14.095306
2010-10-25,22.29192
2010-10-26,32.281986
2010-10-27,27.501263
2010-10-28,15.660687
2010-10-29,27.144148
2010-10-30,34.33219
2010-10-31,30.553976
2010-11-01,39.737568
2010-11-02,30.40232
2010-11-03,21.78746
2010-11-04,29.248196
2010-11-05,31.868717
2010-11-06,26.359768
2010-11-07,42.075043
2010-11-08,51.73279
2010-11-09,47.818836
2010-11-10,62.789566
2010-11-11,66.60242
2010-11-12,47.902096
2010-11-13,21.741673
2010-11-14,53.282276
2010-11-15,64.683655
2010-11-16,40.93065
2010-11-17,50.639095
2010-11-18,75.959984
2010-11-19,70.75677
2010-11-20,59.15992
2010-11-21,58.157444
2010-11-22,36.572884
2010-11-23,29.842813
2010-11-24,43.364174
2010-11-25,68.86125
2010-11-26,72.081764
2010-11-27,53.67024
2010-11-28,69.326775
2010-11-29,106.91092
2010-11-30,103.40376
2010-12-01,90.42977
2010-12-02,75.9068
2010-12-03,91.1121
2010-12-04,105.01149
2010-12-05,134.97414
2010-12-06,107.11549
2010-12-07,49.57605
2010-12-08,43.422855
2010-12-09,42.9494
2010-12-10,41.16114
2010-12-11,46.230103
2010-12-12,54.886486
2010-12-13,58.996902
2010-12-14,59.780582
2010-12-15,62.299553
2010-12-16,70.83848
2010-12-17,84.536896
2010-12-18,70.75473
2010-12-19,65.87032
2010-12-20,79.42011
2010-12-21,64.75835
2010-12-22,46.959644
2010-12-23,34.5797
2010-12-24,33.175888
2010-12-25,35.351963
2010-12-26,37.011974
2010-12-27,38.254356
2010-12-28,38.00356
2010-12-29,36.52005
2010-12-30,35.00591
2010-12-31,27.931332
2011-01-01,27.640606
2011-01-02,27.317034
2011-01-03,30.238926
2011-01-04,48.223537
2011-01-05,68.37999
2011-01-06,57.694996
2011-01-07,34.742115
2011-01-08,25.705252
2011-01-09,26.915363
2011-01-10,25.400827
2011-01-11,26.403316
2011-01-12,20.922583
2011-01-13,19.70806
2011-01-14,18.897245
2011-01-15,18.316555
2011-01-16,17.859726
2011-01-17,18.735933
2011-01-18,19.787323
2011-01-19,20.816442
2011-01-20,19.721943
2011-01-21,16.895546
2011-01-22,17.181084
2011-01-23,17.122911
2011-01-24,16.84042
2011-01-25,15.7374735
2011-01-26,13.905813
2011-01-27,14.324824
2011-01-28,20.743217
2011-01-29,26.166874
2011-01-30,25.079159
2011-01-31,20.11747
2011-02-01,13.062297
2011-02-02,11.54548
2011-02-03,10.985747
2011-02-04,9.963617
2011-02-05,9.994237
2011-02-06,17.123438
2011-02-07,21.233824
2011-02-08,20.99352
2011-02-09,35.752327
2011-02-10,48.18497
2011-02-11,69.13219
2011-02-12,72.62763
2011-02-13,52.77411
2011-02-14,49.68396
2011-02-15,76.76618
2011-02-16,71.39421
2011-02-17,47.55164
2011-02-18,64.58697
2011-02-19,52.554115
2011-02-20,31.135336
2011-02-21,15.198826
2011-02-22,12.811349
2011-02-23,10.729105
2011-02-24,14.730241
2011-02-25,35.59274
2011-02-26,68.70191
2011-02-27,76.92884
2011-02-28,60.649494
2011-03-01,41.93374
2011-03-02,49.404953
2011-03-03,69.75319
2011-03-04,54.092808
2011-03-05,116.01301
2011-03-06,189.85942
2011-03-07,161.68146
2011-03-08,88.28141
2011-03-09,90.09954
2011-03-10,139.4947
2011-03-11,125.91642
2011-03-12,65.85955
2011-03-13,23.585648
2011-03-14,22.675545
2011-03-15,22.916159
2011-03-16,29.945696
2011-03-17,34.458977
2011-03-18,29.016586
2011-03-19,29.74891
2011-03-20,30.512745
2011-03-21,29.735254
2011-03-22,46.54849
2011-03-23,53.537342
2011-03-24,69.03363
2011-03-25,58.324368
2011-03-26,27.3985
2011-03-27,29.209242
2011-03-28,25.556746
2011-03-29,16.429838
2011-03-30,14.88154
2011-03-31,13.72191
2011-04-01,13.451797
2011-04-02,13.632716
2011-04-03,13.863058
2011-04-04,15.012291
2011-04-05,15.516103
2011-04-06,17.13157
2011-04-07,22.584375
2011-04-08,23.063047
2011-04-09,29.528502
2011-04-10,35.833584
2011-04-11,83.38045
2011-04-12,153.74178
2011-04-13,133.49982
2011-04-14,111.073555
2011-04-15,58.838306
2011-04-16,69.10388
2011-04-17,93.08921
2011-04-18,144.12537
2011-04-19,184.32118
2011-04-20,229.16223
2011-04-21,273.32446
2011-04-22,247.98595
2011-04-23,156.72838
2011-04-24,250.46126
2011-04-25,312.8065
2011-04-26,183.2207
2011-04-27,117.194626
2011-04-28,88.958336
2011-04-29,86.57451
2011-04-30,106.62244
2011-05-01,137.84477
2011-05-02,184.3786
2011-05-03,171.50328
2011-05-04,102.89942
2011-05-05,84.11221
2011-05-06,130.8155
2011-05-07,108.224686
2011-05-08,59.484608
2011-05-09,66.26783
2011-05-10,63.716003
2011-05-11,53.439392
2011-05-12,49.206303
2011-05-13,87.02488
2011-05-14,160.50328
2011-05-15,177.65385
2011-05-16,157.53601
2011-05-17,156.55835
2011-05-18,162.15959
2011-05-19,105.606094
2011-05-20,114.207466
2011-05-21,118.564095
2011-05-22,71.585
2011-05-23,69.69281
2011-05-24,69.62944
2011-05-25,68.360054
2011-05-26,67.75127
2011-05-27,67.69437
2011-05-28,59.35555
2011-05-29,59.914932
2011-05-30,55.31368
2011-05-31,54.11009
2011-06-01,52.96351
2011-06-02,57.108406
2011-06-03,76.81385
2011-06-04,81.224846
2011-06-05,87.83836
2011-06-06,87.97697
2011-06-07,69.86764
2011-06-08,51.32897
2011-06-09,39.568596
2011-06-10,35.50104
2011-06-11,34.262287
2011-06-12,34.46579
2011-06-13,33.97895
2011-06-14,33.948063
2011-06-15,37.97563
2011-06-16,39.419804
2011-06-17,32.512432
2011-06-18,32.53002
2011-06-19,29.853802
2011-06-20,35.77111
2011-06-21,36.217033
2011-06-22,27.786736
2011-06-23,27.021036
2011-06-24,28.248299
2011-06-25,30.086397
2011-06-26,31.311705
2011-06-27,31.71879
2011-06-28,33.855526
2011-06-29,35.540527
2011-06-30,23.294847
2011-07-01,25.077385
2011-07-02,26.0453
2011-07-03,22.701956
2011-07-04,20.613066
2011-07-05,19.990223
2011-07-06,20.228424
2011-07-07,23.354143
2011-07-08,27.173637
2011-07-09,23.078493
2011-07-10,18.672983
2011-07-11,19.93666
2011-07-12,22.98939
2011-07-13,21.853115
2011-07-14,18.899616
2011-07-15,32.22867
2011-07-16,36.885277
2011-07-17,24.272434
2011-07-18,17.620419
2011-07-19,16.884726
2011-07-20,18.012938
2011-07-21,16.670048
2011-07-22,15.5755
2011-07-23,16.02438
2011-07-24,18.672628
2011-07-25,23.680502
2011-07-26,19.227575
2011-07-27,16.266512
2011-07-28,15.364778
2011-07-29,15.992687
2011-07-30,24.196743
2011-07-31,45.27493
2011-08-01,42.486553
2011-08-02,27.327835
2011-08-03,23.634325
2011-08-04,17.880007
2011-08-05,13.274751
2011-08-06,18.070805
2011-08-07,19.384892
2011-08-08,12.59721
2011-08-09,12.653003
2011-08-10,11.429035
2011-08-11,12.285911
2011-08-12,11.403882
2011-08-13,11.959798
2011-08-14,12.023247
2011-08-15,12.123633
2011-08-16,15.562445
2011-08-17,15.767112
2011-08-18,11.482635
2011-08-19,10.2538395
2011-08-20,16.236713
2011-08-21,26.161179
2011-08-22,21.009922
2011-08-23,11.206143
2011-08-24,16.396214
2011-08-25,33.195553
2011-08-26,33.287098
2011-08-27,17.204748
2011-08-28,12.028315
2011-08-29,8.759368
2011-08-30,8.938848
2011-08-31,8.625225
2011-09-01,7.506544
2011-09-02,7.5124254
2011-09-03,7.33835
2011-09-04,7.8139257
2011-09-05,8.923084
2011-09-06,8.06211
2011-09-07,6.9831066
2011-09-08,7.32957
2011-09-09,19.869785
2011-09-10,35.781624
2011-09-11,30.314394
2011-09-12,12.598766
2011-09-13,14.182018
2011-09-14,9.68575
2011-09-15,6.7507305
2011-09-16,6.9624557
2011-09-17,7.5088954
2011-09-18,7.4505706
2011-09-19,7.896195
2011-09-20,7.816833
2011-09-21,7.773911
2011-09-22,6.88854
2011-09-23,8.241897
2011-09-24,8.411554
2011-09-25,6.5040326
2011-09-26,8.016207
2011-09-27,11.148087
2011-09-28,9.627363
2011-09-29,5.570162
2011-09-30,5.4105754
2011-10-01,5.5366974
2011-10-02,6.3212557
2011-10-03,7.176934
2011-10-04,7.2883606
2011-10-05,19.282457
2011-10-06,41.41864
2011-10-07,45.923878
2011-10-08,46.409805
2011-10-09,45.857952
2011-10-10,19.213772
2011-10-11,7.5335727
2011-10-12,21.046274
2011-10-13,34.892467
2011-10-14,23.560493
2011-10-15,20.52165
2011-10-16,38.09225
2011-10-17,38.278706
2011-10-18,41.96164
2011-10-19,54.265682
2011-10-20,38.020943
2011-10-21,54.177853
2011-10-22,49.146847
2011-10-23,33.81476
2011-10-24,31.53726
2011-10-25,32.75944
2011-10-26,40.753666
2011-10-27,22.277178
2011-10-28,6.298682
2011-10-29,6.0736084
2011-10-30,21.792437
2011-10-31,28.059399
2011-11-01,11.229493
2011-11-02,5.0168614
2011-11-03,9.138646
2011-11-04,12.626039
2011-11-05,19.005116
2011-11-06,28.574139
2011-11-07,49.00836
2011-11-08,45.435863
2011-11-09,31.057325
2011-11-10,39.80463
2011-11-11,50.774303
2011-11-12,58.10016
2011-11-13,95.3809
2011-11-14,113.92607
2011-11-15,107.81606
2011-11-16,117.58961
2011-11-17,70.26091
2011-11-18,97.08915
2011-11-19,139.88216
2011-11-20,76.88134
2011-11-21,97.38333
2011-11-22,147.54129
2011-11-23,118.0518
2011-11-24,119.16302
2011-11-25,132.3697
2011-11-26,70.03048
2011-11-27,30.817898
2011-11-28,65.62759
2011-11-29,127.3287
2011-11-30,176.91634
2011-12-01,127.77451
2011-12-02,84.918396
2011-12-03,88.65749
2011-12-04,108.30765
2011-12-05,106.54671
2011-12-06,326.05847
2011-12-07,511.67166
2011-12-08,338.2776
2011-12-09,145.53712
2011-12-10,71.34425
2011-12-11,48.080795
2011-12-12,50.526566
2011-12-13,58.65423
2011-12-14,71.41195
2011-12-15,116.221565
2011-12-16,172.5616
2011-12-17,169.18327
2011-12-18,154.9892
2011-12-19,121.09339
2011-12-20,86.53973
2011-12-21,82.60357
2011-12-22,57.957024
2011-12-23,52.62053
2011-12-24,50.505875
2011-12-25,48.60605
2011-12-26,44.939194
2011-12-27,42.58275
2011-12-28,41.405704
2011-12-29,41.38156
2011-12-30,39.121788
2011-12-31,36.809395
2012-01-01,34.677895
2012-01-02,33.19381
2012-01-03,32.357716
2012-01-04,48.649876
2012-01-05,57.70693
2012-01-06,45.80553
2012-01-07,55.15316
2012-01-08,49.809673
2012-01-09,31.345053
2012-01-10,28.43843
2012-01-11,27.862385
2012-01-12,26.319818
2012-01-13,24.244745
2012-01-14,22.868704
2012-01-15,22.694366
2012-01-16,22.298367
2012-01-17,22.00134
2012-01-18,21.85818
2012-01-19,31.56041
2012-01-20,185.7146
2012-01-21,358.18237
2012-01-22,241.38435
2012-01-23,63.751545
2012-01-24,43.82335
2012-01-25,39.35091
2012-01-26,48.632374
2012-01-27,30.230059
2012-01-28,19.605522
2012-01-29,17.661062
2012-01-30,17.997368
2012-01-31,17.98513
2012-02-01,17.808155
2012-02-02,17.067078
2012-02-03,16.370531
2012-02-04,15.3948555
2012-02-05,14.351593
2012-02-06,14.66416
2012-02-07,23.248306
2012-02-08,25.389143
2012-02-09,15.292346
2012-02-10,14.152736
2012-02-11,14.319564
2012-02-12,18.302998
2012-02-13,29.252728
2012-02-14,27.857166
2012-02-15,18.479292
2012-02-16,15.560331
2012-02-17,15.2726345
2012-02-18,19.910563
2012-02-19,37.922104
2012-02-20,35.04826
2012-02-21,15.657477
2012-02-22,11.999566
2012-02-23,10.360124
2012-02-24,9.953371
2012-02-25,9.76819
2012-02-26,11.995238
2012-02-27,26.273876
2012-02-28,26.485607
2012-02-29,12.029205
2012-03-01,21.0654
2012-03-02,22.294691
2012-03-03,13.123186
2012-03-04,12.130196
2012-03-05,13.334877
2012-03-06,10.873871
2012-03-07,9.535221
2012-03-08,8.585213
2012-03-09,8.47199
2012-03-10,14.041077
2012-03-11,31.745855
2012-03-12,31.191345
2012-03-13,14.743552
2012-03-14,12.042971
2012-03-15,9.982368
2012-03-16,8.524445
2012-03-17,8.6089
2012-03-18,25.46684
2012-03-19,40.829075
2012-03-20,40.804985
2012-03-21,132.20944
2012-03-22,157.63284
2012-03-23,73.10147
2012-03-24,52.635773
2012-03-25,55.502644
2012-03-26,104.49179
2012-03-27,137.11554
2012-03-28,122.44481
2012-03-29,188.80606
2012-03-30,185.5762
2012-03-31,61.206623
2012-04-01,14.959857
2012-04-02,13.448871
2012-04-03,9.339794
2012-04-04,8.59548
2012-04-05,9.672541
2012-04-06,10.943593
2012-04-07,15.704616
2012-04-08,43.27454
2012-04-09,64.8689
2012-04-10,47.05006
2012-04-11,32.591717
2012-04-12,51.350002
2012-04-13,106.65907
2012-04-14,144.39357
2012-04-15,122.11284
2012-04-16,113.344215
2012-04-17,118.69574
2012-04-18,148.36687
2012-04-19,121.6446
2012-04-20,113.087364
2012-04-21,110.39072
2012-04-22,98.84199
2012-04-23,81.57228
2012-04-24,57.138897
2012-04-25,27.298136
2012-04-26,24.606993
2012-04-27,23.7712
2012-04-28,24.551464
2012-04-29,26.2718
2012-04-30,37.32603
2012-05-01,54.025833
2012-05-02,70.44717
2012-05-03,89.92993
2012-05-04,64.30457
2012-05-05,32.278187
2012-05-06,35.658543
2012-05-07,42.993748
2012-05-08,78.699524
2012-05-09,110.19224
2012-05-10,75.18017
2012-05-11,43.696312
2012-05-12,34.25606
2012-05-13,34.776955
2012-05-14,37.957172
2012-05-15,36.918953
2012-05-16,34.476276
2012-05-17,35.377277
2012-05-18,35.401077
2012-05-19,34.820705
2012-05-20,34.44167
2012-05-21,36.028767
2012-05-22,34.867134
2012-05-23,32.513924
2012-05-24,32.80947
2012-05-25,31.80506
2012-05-26,31.621513
2012-05-27,29.746109
2012-05-28,27.770603
2012-05-29,27.709715
2012-05-30,29.326893
2012-05-31,28.595436
2012-06-01,27.431013
2012-06-02,29.142529
2012-06-03,29.349457
2012-06-04,28.216145
2012-06-05,26.098429
2012-06-06,23.496656
2012-06-07,21.90216
2012-06-08,21.82281
2012-06-09,23.936916
2012-06-10,26.854269
2012-06-11,29.808313
2012-06-12,30.752054
2012-06-13,29.001661
2012-06-14,25.324396
2012-06-15,31.325699
2012-06-16,32.598854
2012-06-17,21.814428
2012-06-18,22.933058
2012-06-19,20.410654
2012-06-20,19.127573
2012-06-21,17.374546
2012-06-22,16.947641
2012-06-23,16.472658
2012-06-24,15.617681
2012-06-25,15.445884
2012-06-26,15.373047
2012-06-27,16.821507
2012-06-28,18.01762
2012-06-29,16.1541
2012-06-30,15.712187
2012-07-01,15.467056
2012-07-02,16.507769
2012-07-03,17.679369
2012-07-04,14.215876
2012-07-05,14.12831
2012-07-06,14.334713
2012-07-07,14.076351
2012-07-08,13.376577
2012-07-09,13.215272
2012-07-10,12.397092
2012-07-11,12.411661
2012-07-12,16.212751
2012-07-13,20.76963
2012-07-14,21.881317
2012-07-15,20.490864
2012-07-16,15.960886
2012-07-17,11.80537
2012-07-18,10.978558
2012-07-19,12.286343
2012-07-20,16.395094
2012-07-21,14.142306
2012-07-22,11.383247
2012-07-23,11.671138
2012-07-24,13.082246
2012-07-25,12.958175
2012-07-26,12.987446
2012-07-27,9.223631
2012-07-28,9.982946
2012-07-29,12.963626
2012-07-30,16.020868
2012-07-31,18.96491
2012-08-01,22.623646
2012-08-02,15.4815645
2012-08-03,12.543709
2012-08-04,15.356464
2012-08-05,17.839252
2012-08-06,13.037655
2012-08-07,13.557712
2012-08-08,13.177756
2012-08-09,16.163425
2012-08-10,10.446909
2012-08-11,8.604991
2012-08-12,13.9579115
2012-08-13,16.028872
2012-08-14,14.621193
2012-08-15,17.670832
2012-08-16,15.300233
2012-08-17,8.5032425
2012-08-18,8.069517
2012-08-19,12.730413
2012-08-20,14.376882
2012-08-21,8.999359
2012-08-22,7.645526
2012-08-23,12.684163
2012-08-24,16.52208
2012-08-25,14.359904
2012-08-26,14.641676
2012-08-27,17.228817
2012-08-28,12.114633
2012-08-29,8.962495
2012-08-30,8.22995
2012-08-31,7.995648
2012-09-01,8.353255
2012-09-02,8.849119
2012-09-03,6.7162275
2012-09-04,7.6814404
2012-09-05,7.973365
2012-09-06,8.673932
2012-09-07,8.517411
2012-09-08,6.8795533
2012-09-09,6.435261
2012-09-10,7.1304293
2012-09-11,7.1372976
2012-09-12,5.718711
2012-09-13,6.0041203
2012-09-14,7.319207
2012-09-15,8.126067
2012-09-16,5.9328117
2012-09-17,5.866746
2012-09-18,7.1964555
2012-09-19,7.996897
2012-09-20,8.992861
2012-09-21,6.858042
2012-09-22,5.193712
2012-09-23,5.1268263
2012-09-24,4.9696803
2012-09-25,8.522205
2012-09-26,11.229484
2012-09-27,8.506583
2012-09-28,6.0540037
2012-09-29,8.945064
2012-09-30,8.8517475
2012-10-01,6.3890405
2012-10-02,5.766596
2012-10-03,4.5651493
2012-10-04,4.26407
2012-10-05,5.385146
2012-10-06,12.010158
2012-10-07,23.031113
2012-10-08,32.56685
2012-10-09,23.473808
2012-10-10,5.764533
2012-10-11,5.218289
2012-10-12,9.213761
2012-10-13,19.522799
2012-10-14,26.837812
2012-10-15,23.41826
2012-10-16,26.322939
2012-10-17,39.25245
2012-10-18,47.34768
2012-10-19,53.38916
2012-10-20,59.5075
2012-10-21,49.946224
2012-10-22,50.432312
2012-10-23,47.863903
2012-10-24,33.003048
2012-10-25,11.219231
2012-10-26,8.744274
2012-10-27,4.303879
2012-10-28,3.999719
2012-10-29,3.7660837
2012-10-30,4.2539086
2012-10-31,5.698325
2012-11-01,6.484704
2012-11-02,4.802299
2012-11-03,4.2379317
2012-11-04,4.35804
2012-11-05,7.2518616
2012-11-06,8.38482
2012-11-07,5.63111
2012-11-08,4.459124
2012-11-09,3.9412727
2012-11-10,4.2290473
2012-11-11,4.329085
2012-11-12,3.7514966
2012-11-13,5.0611734
2012-11-14,169.14113
2012-11-15,300.33255
2012-11-16,187.79015
2012-11-17,65.02288
2012-11-18,61.25038
2012-11-19,37.042908
2012-11-20,11.761116
2012-11-21,6.8225937
2012-11-22,4.525633
2012-11-23,5.210175
2012-11-24,6.9980025
2012-11-25,5.390034
2012-11-26,3.9943638
2012-11-27,3.4571369
2012-11-28,4.241439
2012-11-29,19.585001
2012-11-30,26.294245
2012-12-01,24.137146
2012-12-02,25.264284
2012-12-03,13.648336
2012-12-04,7.5196624
2012-12-05,8.9218235
2012-12-06,8.116365
2012-12-07,6.4603543
2012-12-08,5.044933
2012-12-09,4.322593
2012-12-10,3.2961557
2012-12-11,3.1198719
2012-12-12,3.337255
2012-12-13,5.7722216
2012-12-14,12.753881
2012-12-15,19.798943
2012-12-16,16.078342
2012-12-17,9.083716
2012-12-18,10.321221
2012-12-19,12.049172
2012-12-20,8.803913
2012-12-21,4.0689874
2012-12-22,3.3800468
2012-12-23,3.4083931
2012-12-24,4.823148
2012-12-25,6.7853413
2012-12-26,5.5343847
2012-12-27,5.7664623
2012-12-28,4.067554
2012-12-29,3.5118246
2012-12-30,2.8200607
2012-12-31,2.6944282
2013-01-01,2.6712272
2013-01-02,2.6543756
2013-01-03,2.6305165
2013-01-04,2.6117394
2013-01-05,2.6008112
2013-01-06,2.5138588
2013-01-07,2.4303107
2013-01-08,2.3851192
2013-01-09,2.3566673
2013-01-10,2.3233716
2013-01-11,2.2869375
2013-01-12,2.2633445
2013-01-13,2.5336058
2013-01-14,5.941998
2013-01-15,14.879506
2013-01-16,15.755906
2013-01-17,8.609346
2013-01-18,6.4304886
2013-01-19,4.9246755
2013-01-20,3.8787928
2013-01-21,2.3933246
2013-01-22,2.3586226
2013-01-23,2.4781666
2013-01-24,3.387387
2013-01-25,5.6085014
2013-01-26,7.3275647
2013-01-27,6.99972
2013-01-28,2.6608152
2013-01-29,2.0562193
2013-01-30,1.9405433
2013-01-31,1.8934352
2013-02-01,1.9671212
2013-02-02,2.4188936
2013-02-03,3.5979369
2013-02-04,5.3778996
2013-02-05,12.509803
2013-02-06,20.32683
2013-02-07,17.9141
2013-02-08,15.601457
2013-02-09,22.955732
2013-02-10,22.043589
2013-02-11,28.985413
2013-02-12,129.73639
2013-02-13,193.58844
2013-02-14,98.40393
2013-02-15,22.933247
2013-02-16,17.45445
2013-02-17,3.4093196
2013-02-18,4.7955813
2013-02-19,6.9704366
2013-02-20,3.708241
2013-02-21,2.684528
2013-02-22,2.6513178
2013-02-23,2.7265468
2013-02-24,2.502969
2013-02-25,2.445499
2013-02-26,3.4334054
2013-02-27,2.821529
2013-02-28,2.9891322
2013-03-01,3.2711842
2013-03-02,4.0902753
2013-03-03,3.816072
2013-03-04,2.426026
2013-03-05,2.4225705
2013-03-06,2.8404024
2013-03-07,2.69211
2013-03-08,3.818734
2013-03-09,3.8325086
2013-03-10,1.7849215
2013-03-11,2.455477
2013-03-12,2.9796128
2013-03-13,2.5521035
2013-03-14,4.3239145
2013-03-15,6.402333
2013-03-16,6.931258
2013-03-17,7.243168
2013-03-18,7.429649
2013-03-19,10.244644
2013-03-20,33.864525
2013-03-21,41.335766
2013-03-22,27.121212
2013-03-23,53.188972
2013-03-24,41.61159
2013-03-25,6.842062
2013-03-26,3.017209
2013-03-27,2.8153872
2013-03-28,1.3254281
2013-03-29,1.2520107
2013-03-30,1.6630876
2013-03-31,2.7323916
2013-04-01,4.64507
2013-04-02,2.8185713
2013-04-03,2.0971594
2013-04-04,2.9632463
2013-04-05,3.3875878
2013-04-06,3.331347
2013-04-07,4.4501348
2013-04-08,5.273769
2013-04-09,1.8630131
2013-04-10,1.4909744
2013-04-11,1.3698112
2013-04-12,2.166869
2013-04-13,4.2801394
2013-04-14,5.942696
2013-04-15,4.472204
2013-04-16,3.3531957
2013-04-17,3.994847
2013-04-18,2.8624563
2013-04-19,5.4912086
2013-04-20,30.231827
2013-04-21,50.29362
2013-04-22,64.59986
2013-04-23,62.790443
2013-04-24,37.087513
2013-04-25,121.467636
2013-04-26,154.67738
2013-04-27,70.136406
2013-04-28,32.30932
2013-04-29,35.3628
2013-04-30,64.42194
2013-05-01,75.67408
2013-05-02,38.242474
2013-05-03,153.36726
2013-05-04,234.08908
2013-05-05,142.99492
2013-05-06,80.96758
2013-05-07,80.02165
2013-05-08,89.67739
2013-05-09,90.85889
2013-05-10,26.97719
2013-05-11,8.274682
2013-05-12,4.7807016
2013-05-13,3.3499885
2013-05-14,3.9983578
2013-05-15,8.7012415
2013-05-16,10.5526285
2013-05-17,10.796718
2013-05-18,18.505518
2013-05-19,14.98833
2013-05-20,6.171896
2013-05-21,26.838848
2013-05-22,70.668495
2013-05-23,72.00669
2013-05-24,35.31212
2013-05-25,27.646444
2013-05-26,9.8074
2013-05-27,9.364248
2013-05-28,10.710255
2013-05-29,6.2994184
2013-05-30,16.130503
2013-05-31,18.43221
2013-06-01,10.112289
2013-06-02,9.086262
2013-06-03,7.4906015
2013-06-04,7.874416
2013-06-05,6.841978
2013-06-06,4.936158
2013-06-07,5.786632
2013-06-08,10.123379
2013-06-09,11.560723
2013-06-10,6.532488
2013-06-11,5.3935866
2013-06-12,6.060215
2013-06-13,10.995898
2013-06-14,11.284259
2013-06-15,7.580489
2013-06-16,9.421844
2013-06-17,9.397576
2013-06-18,4.9994264
2013-06-19,4.5702467
2013-06-20,6.6400228
2013-06-21,8.876826
2013-06-22,5.482745
2013-06-23,5.537954
2013-06-24,5.4341145
2013-06-25,6.7148004
2013-06-26,7.5911713
2013-06-27,6.104562
2013-06-28,4.4993286
2013-06-29,5.0297995
2013-06-30,5.0198555
2013-07-01,4.283679
2013-07-02,6.449971
2013-07-03,8.05472
2013-07-04,5.7689204
2013-07-05,4.558705
2013-07-06,5.22163
2013-07-07,7.459986
2013-07-08,7.148934
2013-07-09,4.568867
2013-07-10,5.0845747
2013-07-11,7.8559074
2013-07-12,9.615445
2013-07-13,7.1391454
2013-07-14,3.6123452
2013-07-15,3.2573597
2013-07-16,6.705182
2013-07-17,13.344021
2013-07-18,11.325225
2013-07-19,7.567179
2013-07-20,4.138467
2013-07-21,4.7830887
2013-07-22,6.6991563
2013-07-23,4.813929
2013-07-24,7.1077547
2013-07-25,12.624787
2013-07-26,12.102298
2013-07-27,9.236162
2013-07-28,11.905568
2013-07-29,6.6128216
2013-07-30,5.98109
2013-07-31,9.436321
2013-08-01,9.167284
2013-08-02,5.2820225
2013-08-03,4.394359
2013-08-04,7.1917205
2013-08-05,6.0677557
2013-08-06,4.508022
2013-08-07,5.093144
2013-08-08,4.7613416
2013-08-09,14.330507
2013-08-10,19.352747
2013-08-11,12.997528
2013-08-12,20.362242
2013-08-13,28.387197
2013-08-14,23.86907
2013-08-15,13.539928
2013-08-16,5.377331
2013-08-17,7.8650727
2013-08-18,9.517155
2013-08-19,15.977013
2013-08-20,13.587718
2013-08-21,5.7217674
2013-08-22,8.919126
2013-08-23,9.361246
2013-08-24,4.4508734
2013-08-25,3.604528
2013-08-26,6.0470552
2013-08-27,11.540619
2013-08-28,11.480809
2013-08-29,9.634128
2013-08-30,11.428185
2013-08-31,9.181121
2013-09-01,6.977086
2013-09-02,3.6825068
2013-09-03,3.568155
2013-09-04,8.683256
2013-09-05,11.0485325
2013-09-06,6.466338
2013-09-07,6.3951025
2013-09-08,8.221648
2013-09-09,5.2575912
2013-09-10,4.123185
2013-09-11,3.9287844
2013-09-12,5.1818013
2013-09-13,8.455457
2013-09-14,6.907017
2013-09-15,7.581963
2013-09-16,5.7943583
2013-09-17,6.5611525
2013-09-18,4.7163715
2013-09-19,4.4016685
2013-09-20,4.3150253
2013-09-21,4.076318
2013-09-22,3.0422478
2013-09-23,3.2588024
2013-09-24,3.0346715
2013-09-25,3.6639748
2013-09-26,4.1004615
2013-09-27,4.4819007
2013-09-28,6.760299
2013-09-29,8.575736
2013-09-30,6.6580114
2013-10-01,3.7683887
2013-10-02,4.0288053
2013-10-03,4.7370663
2013-10-04,3.806721
2013-10-05,7.397622
2013-10-06,10.208708
2013-10-07,3.8875034
2013-10-08,2.174375
2013-10-09,2.2312932
2013-10-10,2.615358
2013-10-11,2.214409
2013-10-12,2.7004335
2013-10-13,6.0616713
2013-10-14,15.625274
2013-10-15,14.772476
2013-10-16,3.9266927
2013-10-17,9.21038
2013-10-18,16.189503
2013-10-19,5.2969995
2013-10-20,2.1979413
2013-10-21,2.0834496
2013-10-22,2.5897448
2013-10-23,5.6552553
2013-10-24,6.8288746
2013-10-25,4.5788317
2013-10-26,2.6037538
2013-10-27,2.0763257
2013-10-28,2.0475974
2013-10-29,4.8644943
2013-10-30,8.671927
2013-10-31,13.850404
2013-11-01,18.301205
2013-11-02,9.796873
2013-11-03,5.782484
2013-11-04,10.463196
2013-11-05,18.44181
2013-11-06,32.3237
2013-11-07,35.52646
2013-11-08,43.402153
2013-11-09,54.44427
2013-11-10,32.50851
2013-11-11,40.438087
2013-11-12,21.388569
2013-11-13,3.715859
2013-11-14,2.3403769
2013-11-15,2.0771537
2013-11-16,2.2425735
2013-11-17,2.140844
2013-11-18,4.004413
2013-11-19,11.154948
2013-11-20,15.122456
2013-11-21,9.695073
2013-11-22,14.433333
2013-11-23,18.078936
2013-11-24,10.621513
2013-11-25,24.046474
2013-11-26,33.23715
2013-11-27,28.443941
2013-11-28,21.242218
2013-11-29,13.345037
2013-11-30,27.795837
2013-12-01,33.319897
2013-12-02,45.875053
2013-12-03,56.981796
2013-12-04,43.293198
2013-12-05,18.475271
2013-12-06,4.5176387
2013-12-07,2.8332403
2013-12-08,3.3679452
2013-12-09,18.267199
2013-12-10,31.804407
2013-12-11,15.196861
2013-12-12,5.049073
2013-12-13,4.776496
2013-12-14,2.9332893
2013-12-15,2.4463096
2013-12-16,2.2070935
2013-12-17,2.7432437
2013-12-18,3.0325077
2013-12-19,16.785099
2013-12-20,25.948627
2013-12-21,8.774392
2013-12-22,6.5862675
2013-12-23,6.3677764
2013-12-24,14.131635
2013-12-25,27.613897
2013-12-26,31.657265
2013-12-27,20.654186
2013-12-28,5.6167865
2013-12-29,2.0880651
2013-12-30,1.7057022
2013-12-31,1.6717596
2014-01-01,1.6619017
2014-01-02,1.7363113
2014-01-03,1.8124632
2014-01-04,1.8952899
2014-01-05,2.388552
2014-01-06,3.5718203
2014-01-07,17.66412
2014-01-08,30.471018
2014-01-09,27.261206
2014-01-10,14.430489
2014-01-11,3.9454865
2014-01-12,3.7417395
2014-01-13,6.781297
2014-01-14,7.4320965
2014-01-15,2.6927867
2014-01-16,1.6912084
2014-01-17,1.964513
2014-01-18,2.4153278
2014-01-19,2.9693463
2014-01-20,2.5895104
2014-01-21,2.1703331
2014-01-22,3.2763457
2014-01-23,6.9098787
2014-01-24,9.183843
2014-01-25,3.3379288
2014-01-26,4.3177304
2014-01-27,8.012245
2014-01-28,8.581693
2014-01-29,18.088148
2014-01-30,17.724901
2014-01-31,10.718595
2014-02-01,9.685678
2014-02-02,2.8628721
2014-02-03,2.0807223
2014-02-04,5.374072
2014-02-05,12.658197
2014-02-06,14.611853
2014-02-07,8.601532
2014-02-08,8.4372
2014-02-09,6.5495896
2014-02-10,2.8620033
2014-02-11,2.2254827
2014-02-12,3.123054
2014-02-13,2.626545
2014-02-14,3.0847335
2014-02-15,3.8249502
2014-02-16,2.2398283
2014-02-17,1.5598426
2014-02-18,6.461606
2014-02-19,10.721063
2014-02-20,8.005073
2014-02-21,13.923167
2014-02-22,29.27845
2014-02-23,27.41955
2014-02-24,10.795163
2014-02-25,5.490192
2014-02-26,11.298917
2014-02-27,12.518108
2014-02-28,6.5589128
2014-03-01,18.37181
2014-03-02,38.53611
2014-03-03,38.242233
2014-03-04,34.22662
2014-03-05,35.56363
2014-03-06,48.57187
2014-03-07,48.476776
2014-03-08,28.09774
2014-03-09,49.594105
2014-03-10,52.43233
2014-03-11,17.09002
2014-03-12,7.0961695
2014-03-13,14.39245
2014-03-14,66.33973
2014-03-15,78.73556
2014-03-16,28.503344
2014-03-17,18.572855
2014-03-18,11.176288
2014-03-19,5.732612
2014-03-20,2.0070136
2014-03-21,1.8853045
2014-03-22,1.8575119
2014-03-23,1.5701956
2014-03-24,1.7631574
2014-03-25,2.482805
2014-03-26,4.044949
2014-03-27,6.928423
2014-03-28,4.2206144
2014-03-29,2.6517327
2014-03-30,2.143212
2014-03-31,10.349646
2014-04-01,11.345085
2014-04-02,2.7757285
2014-04-03,2.3969111
2014-04-04,11.161952
2014-04-05,25.128849
2014-04-06,25.489483
2014-04-07,10.39031
2014-04-08,4.7625
2014-04-09,3.460912
2014-04-10,1.8330258
2014-04-11,1.5008082
2014-04-12,1.5300617
2014-04-13,1.6012642
2014-04-14,1.6975191
2014-04-15,1.9699218
2014-04-16,4.6078405
2014-04-17,15.971343
2014-04-18,29.850647
2014-04-19,19.896317
2014-04-20,6.3865895
2014-04-21,6.3399644
2014-04-22,5.34705
2014-04-23,7.8003244
2014-04-24,13.159193
2014-04-25,22.653326
2014-04-26,24.992325
2014-04-27,10.5445
2014-04-28,6.7314706
2014-04-29,5.2848725
2014-04-30,4.3181925
2014-05-01,6.0540357
2014-05-02,6.978372
2014-05-03,4.820173
2014-05-04,2.6944227
2014-05-05,4.1725535
2014-05-06,18.306719
2014-05-07,21.810534
2014-05-08,26.51162
2014-05-09,51.439896
2014-05-10,75.186966
2014-05-11,82.080376
2014-05-12,58.211437
2014-05-13,59.57039
2014-05-14,28.387714
2014-05-15,7.319394
2014-05-16,3.1881998
2014-05-17,2.6459887
2014-05-18,6.3954144
2014-05-19,9.95599
2014-05-20,8.132466
2014-05-21,4.611923
2014-05-22,5.438789
2014-05-23,7.5273814
2014-05-24,8.458235
2014-05-25,2.4777317
2014-05-26,1.2453078
2014-05-27,1.2523121
2014-05-28,3.6034944
2014-05-29,8.883547
2014-05-30,10.79593
2014-05-31,7.668807
2014-06-01,3.107275
2014-06-02,2.5468404
2014-06-03,3.2314987
2014-06-04,4.812685
2014-06-05,3.41863
2014-06-06,1.8762844
2014-06-07,2.4582648
2014-06-08,4.609017
2014-06-09,5.553239
2014-06-10,4.085315
2014-06-11,3.5596793
2014-06-12,4.1191106
2014-06-13,2.2469797
2014-06-14,3.4545054
2014-06-15,6.5565104
2014-06-16,6.772925
2014-06-17,8.621277
2014-06-18,5.151576
2014-06-19,8.375529
2014-06-20,17.399591
2014-06-21,16.466454
2014-06-22,12.303497
2014-06-23,9.231742
2014-06-24,6.470744
2014-06-25,4.38382
2014-06-26,8.882568
2014-06-27,13.39095
2014-06-28,4.0416503
2014-06-29,4.6996183
2014-06-30,9.030771
2014-07-01,7.1105003
2014-07-02,6.193784
2014-07-03,6.8348083
2014-07-04,5.9243374
2014-07-05,3.167132
2014-07-06,2.8708658
2014-07-07,2.8522165
2014-07-08,8.709088
2014-07-09,17.366364
2014-07-10,13.094443
2014-07-11,9.3164425
2014-07-12,7.1105657
2014-07-13,10.938688
2014-07-14,15.889508
2014-07-15,22.767496
2014-07-16,13.045839
2014-07-17,7.632466
2014-07-18,5.3061757
2014-07-19,6.0083327
2014-07-20,6.282204
2014-07-21,6.1121454
2014-07-22,6.7226357
2014-07-23,5.283396
2014-07-24,6.4033256
2014-07-25,6.014446
2014-07-26,7.307236
2014-07-27,3.9339185
2014-07-28,4.0883775
2014-07-29,5.66169
2014-07-30,3.9771457
2014-07-31,5.07337
2014-08-01,7.962655
2014-08-02,7.1621494
2014-08-03,8.365695
2014-08-04,9.9008465
2014-08-05,4.3771963
2014-08-06,3.5926337
2014-08-07,5.833297
2014-08-08,8.791552
2014-08-09,6.141541
2014-08-10,5.74143
2014-08-11,4.608276
2014-08-12,4.4554205
2014-08-13,4.838079
2014-08-14,6.343363
2014-08-15,5.9677777
2014-08-16,4.788884
2014-08-17,4.1883593
2014-08-18,5.616491
2014-08-19,8.091441
2014-08-20,9.770388
2014-08-21,10.383978
2014-08-22,5.0255313
2014-08-23,4.2832346
2014-08-24,5.6725397
2014-08-25,7.596517
2014-08-26,4.4332995
2014-08-27,6.1106586
2014-08-28,10.997725
2014-08-29,7.1485424
2014-08-30,7.3237047
2014-08-31,3.4176643
2014-09-01,2.635462
2014-09-02,2.575853
2014-09-03,2.8869662
2014-09-04,3.462522
2014-09-05,4.523122
2014-09-06,5.069653
2014-09-07,3.4192262
2014-09-08,4.368201
2014-09-09,6.37025
2014-09-10,4.9353304
2014-09-11,3.4384778
2014-09-12,4.044922
2014-09-13,5.152903
2014-09-14,4.949586
2014-09-15,3.795161
2014-09-16,3.9192076
2014-09-17,3.9767575
2014-09-18,3.0347383
2014-09-19,3.5220835
2014-09-20,6.9112997
2014-09-21,28.262905
2014-09-22,34.534153
2014-09-23,13.489837
2014-09-24,7.330467
2014-09-25,7.769516
2014-09-26,3.5778506
2014-09-27,2.9583635
2014-09-28,5.072467
2014-09-29,4.7521687
2014-09-30,2.229659
2014-10-01,1.9292182
2014-10-02,2.015283
2014-10-03,2.634105
2014-10-04,3.7916472
2014-10-05,4.266747
2014-10-06,4.1618705
2014-10-07,8.184466
2014-10-08,7.9654865
2014-10-09,7.622215
2014-10-10,13.769437
2014-10-11,31.575512
2014-10-12,30.797228
2014-10-13,19.54579
2014-10-14,7.5569735
2014-10-15,7.443418
2014-10-16,5.7751975
2014-10-17,4.7507215
2014-10-18,3.4074395
2014-10-19,3.533556
2014-10-20,4.7062783
2014-10-21,5.758722
2014-10-22,5.401783
2014-10-23,4.2805357
2014-10-24,6.3756366
2014-10-25,6.489501
2014-10-26,13.346632
2014-10-27,21.95838
2014-10-28,16.01312
2014-10-29,17.27727
2014-10-30,23.048756
2014-10-31,29.969269
2014-11-01,43.036705
2014-11-02,34.375023
2014-11-03,12.38399
2014-11-04,3.300472
2014-11-05,5.858802
2014-11-06,14.685205
2014-11-07,31.464426
2014-11-08,44.90937
2014-11-09,48.932003
2014-11-10,32.5748
2014-11-11,14.784664
2014-11-12,29.80103
2014-11-13,48.055706
2014-11-14,50.801857
2014-11-15,25.57523
2014-11-16,7.1623535
2014-11-17,6.9005156
2014-11-18,6.2560997
2014-11-19,4.7493086
2014-11-20,22.255583
2014-11-21,28.094402
2014-11-22,12.293087
2014-11-23,9.740929
2014-11-24,12.592269
2014-11-25,4.706579
2014-11-26,2.7596376
2014-11-27,8.133673
2014-11-28,11.241259
2014-11-29,6.2299676
2014-11-30,2.4236975
2014-12-01,2.9968379
2014-12-02,3.4872649
2014-12-03,2.60511
2014-12-04,2.2442737
2014-12-05,2.4581845
2014-12-06,4.0190926
2014-12-07,9.045597
2014-12-08,16.929445
2014-12-09,17.527065
2014-12-10,11.553713
2014-12-11,77.7276
2014-12-12,131.8759
2014-12-13,70.409134
2014-12-14,19.690939
2014-12-15,32.38779
2014-12-16,36.580284
2014-12-17,17.969227
2014-12-18,17.2439
2014-12-19,9.129224
2014-12-20,9.910138
2014-12-21,11.58451
2014-12-22,13.695573
2014-12-23,4.3553305
2014-12-24,2.1972675
2014-12-25,2.3215308
2014-12-26,2.4368336
2014-12-27,2.107102
2014-12-28,2.0198345
2014-12-29,1.9612141
2014-12-30,1.9757814
2014-12-31,1.9326447
2015-01-01,1.9277849
2015-01-02,2.3230371
2015-01-03,3.2849374
2015-01-04,3.6236715
2015-01-05,3.6138098
2015-01-06,3.625828
2015-01-07,3.5624795
2015-01-08,3.4650652
2015-01-09,3.5716481
2015-01-10,3.838993
2015-01-11,4.3505034
2015-01-12,4.4866667
2015-01-13,4.050791
2015-01-14,3.894065
2015-01-15,3.9389353
2015-01-16,4.188882
2015-01-17,6.431947
2015-01-18,13.7255125
2015-01-19,18.419426
2015-01-20,13.531106
2015-01-21,8.610594
2015-01-22,4.6953435
2015-01-23,5.5321817
2015-01-24,12.387398
2015-01-25,14.988754
2015-01-26,12.736291
2015-01-27,8.362144
2015-01-28,6.966568
2015-01-29,7.396738
2015-01-30,3.7834492
2015-01-31,3.179237
2015-02-01,4.6053476
2015-02-02,7.169886
2015-02-03,7.060559
2015-02-04,4.350653
2015-02-05,3.9343104
2015-02-06,3.9586139
2015-02-07,5.430046
2015-02-08,11.6079855
2015-02-09,23.345575
2015-02-10,38.802414
2015-02-11,30.169624
2015-02-12,14.382311
2015-02-13,8.170642
2015-02-14,6.5485992
2015-02-15,6.6067243
2015-02-16,4.636333
2015-02-17,2.8871775
2015-02-18,2.6036818
2015-02-19,8.55445
2015-02-20,11.633525
2015-02-21,8.516516
2015-02-22,8.301118
2015-02-23,5.6592765
2015-02-24,2.397257
2015-02-25,6.285066
2015-02-26,9.324801
2015-02-27,7.3787165
2015-02-28,4.241018
2015-03-01,2.9009638
2015-03-02,8.539849
2015-03-03,15.662044
2015-03-04,12.343243
2015-03-05,6.042412
2015-03-06,3.5732265
2015-03-07,3.2007096
2015-03-08,3.0229583
2015-03-09,3.1626434
2015-03-10,3.346221
2015-03-11,4.1949363
2015-03-12,4.330509
2015-03-13,4.473435
2015-03-14,6.7330184
2015-03-15,11.861276
2015-03-16,12.451948
2015-03-17,18.80563
2015-03-18,39.82536
2015-03-19,53.336937
2015-03-20,37.43917
2015-03-21,51.834774
2015-03-22,62.696045
2015-03-23,40.03864
2015-03-24,19.169237
2015-03-25,11.006393
2015-03-26,11.276384
2015-03-27,7.7719336
2015-03-28,8.103499
2015-03-29,8.950513
2015-03-30,19.834347
2015-03-31,26.913157
2015-04-01,27.336649
2015-04-02,25.640202
2015-04-03,14.152262
2015-04-04,15.684065
2015-04-05,24.652325
2015-04-06,20.13846
2015-04-07,12.208641
2015-04-08,5.3574853
2015-04-09,14.415213
2015-04-10,17.93986
2015-04-11,9.509158
2015-04-12,7.0678525
2015-04-13,8.849191
2015-04-14,5.9728475
2015-04-15,8.002857
2015-04-16,14.646834
2015-04-17,20.022892
2015-04-18,50.588512
2015-04-19,67.3168
2015-04-20,39.710335
2015-04-21,24.922018
2015-04-22,26.90142
2015-04-23,19.910425
2015-04-24,4.1326013
2015-04-25,3.057536
2015-04-26,4.6742425
2015-04-27,6.8828406
2015-04-28,8.054057
2015-04-29,4.06803
2015-04-30,2.9025192
2015-05-01,2.3786962
2015-05-02,2.8550723
2015-05-03,4.221026
2015-05-04,7.1161985
2015-05-05,6.230524
2015-05-06,2.592755
2015-05-07,2.7094636
2015-05-08,3.044794
2015-05-09,4.008233
2015-05-10,5.7739515
2015-05-11,6.252293
2015-05-12,4.7753844
2015-05-13,2.9315486
2015-05-14,2.683723
2015-05-15,3.6567962
2015-05-16,5.7139764
2015-05-17,6.3034854
2015-05-18,5.3869514
2015-05-19,15.440371
2015-05-20,26.928753
2015-05-21,9.697971
2015-05-22,5.339247
2015-05-23,7.8398542
2015-05-24,6.9793453
2015-05-25,5.034738
2015-05-26,4.2504363
2015-05-27,6.418552
2015-05-28,4.598367
2015-05-29,4.924771
2015-05-30,9.413461
2015-05-31,13.010131
2015-06-01,9.229237
2015-06-02,5.3431153
2015-06-03,6.237034
2015-06-04,6.17785
2015-06-05,5.2092724
2015-06-06,7.968218
2015-06-07,11.278518
2015-06-08,7.7403836
2015-06-09,12.58859
2015-06-10,11.909249
2015-06-11,4.8961353
2015-06-12,3.8739285
2015-06-13,4.80216
2015-06-14,5.0454283
2015-06-15,4.2255273
2015-06-16,5.683709
2015-06-17,7.8224764
2015-06-18,7.2771225
2015-06-19,6.6164455
2015-06-20,10.766117
2015-06-21,14.134613
2015-06-22,8.510707
2015-06-23,10.349487
2015-06-24,16.006786
2015-06-25,17.874199
2015-06-26,18.812239
2015-06-27,18.00422
2015-06-28,24.883219
2015-06-29,25.785097
2015-06-30,27.100216
2015-07-01,18.014135
2015-07-02,11.774074
2015-07-03,13.114191
2015-07-04,12.2484255
2015-07-05,12.292965
2015-07-06,12.883579
2015-07-07,12.722624
2015-07-08,13.460708
2015-07-09,14.5604725
2015-07-10,13.520692
2015-07-11,12.410177
2015-07-12,16.901283
2015-07-13,20.587221
2015-07-14,12.975735
2015-07-15,11.483803
2015-07-16,13.970265
2015-07-17,16.652695
2015-07-18,11.067502
2015-07-19,12.450505
2015-07-20,16.66796
2015-07-21,23.519497
2015-07-22,27.006289
2015-07-23,20.666552
2015-07-24,26.72691
2015-07-25,14.700437
2015-07-26,9.641693
2015-07-27,8.630215
2015-07-28,12.308751
2015-07-29,16.74399
2015-07-30,12.545491
2015-07-31,20.190674
2015-08-01,23.275967
2015-08-02,17.324154
2015-08-03,10.098686
2015-08-04,9.752711
2015-08-05,8.995416
2015-08-06,9.145475
2015-08-07,7.738763
2015-08-08,7.6598873
2015-08-09,8.819874
2015-08-10,10.70089
2015-08-11,10.591033
2015-08-12,7.941557
2015-08-13,9.043619
2015-08-14,7.4345007
2015-08-15,9.630676
2015-08-16,11.654452
2015-08-17,12.533944
2015-08-18,9.602632
2015-08-19,8.631929
2015-08-20,8.566747
2015-08-21,9.432997
2015-08-22,9.666168
2015-08-23,7.2935915
2015-08-24,7.4825234
2015-08-25,9.281891
2015-08-26,11.890685
2015-08-27,8.837009
2015-08-28,7.5583715
2015-08-29,8.669487
2015-08-30,9.558
2015-08-31,5.9678755
2015-09-01,6.225752
2015-09-02,7.1743793
2015-09-03,5.9618964
2015-09-04,5.773359
2015-09-05,5.016087
2015-09-06,5.117895
2015-09-07,5.4101644
2015-09-08,7.102053
2015-09-09,8.071239
2015-09-10,4.8636775
2015-09-11,5.0320225
2015-09-12,5.7729597
2015-09-13,5.1406646
2015-09-14,4.159388
2015-09-15,4.003689
2015-09-16,4.1931562
2015-09-17,4.2231793
2015-09-18,4.492205
2015-09-19,6.3957076
2015-09-20,8.839913
2015-09-21,13.262411
2015-09-22,10.531414
2015-09-23,4.7462354
2015-09-24,3.605219
2015-09-25,3.548904
2015-09-26,3.348444
2015-09-27,3.2968056
2015-09-28,3.3177407
2015-09-29,3.1731021
2015-09-30,3.245776
2015-10-01,5.956974
2015-10-02,7.9123545
2015-10-03,9.455202
2015-10-04,7.8851643
2015-10-05,4.5093155
2015-10-06,3.9212294
2015-10-07,2.9588351
2015-10-08,2.7805989
2015-10-09,2.7353249
2015-10-10,2.7173455
2015-10-11,2.7017753
2015-10-12,2.873997
2015-10-13,3.2271142
2015-10-14,3.580588
2015-10-15,4.779551
2015-10-16,4.980738
2015-10-17,3.9795473
2015-10-18,2.923324
2015-10-19,2.9817846
2015-10-20,2.9429178
2015-10-21,2.7365422
2015-10-22,2.3903403
2015-10-23,2.7492697
2015-10-24,6.9024405
2015-10-25,7.2912292
2015-10-26,4.1697917
2015-10-27,6.872596
2015-10-28,4.7992983
2015-10-29,2.639339
2015-10-30,2.4259706
2015-10-31,2.354801
2015-11-01,4.2261953
2015-11-02,13.457477
2015-11-03,27.134016
2015-11-04,23.057951
2015-11-05,22.648062
2015-11-06,40.975643
2015-11-07,59.312153
2015-11-08,57.90033
2015-11-09,27.84737
2015-11-10,12.200329
2015-11-11,3.871398
2015-11-12,2.6090255
2015-11-13,2.4518352
2015-11-14,2.5094938
2015-11-15,2.9315133
2015-11-16,4.351117
2015-11-17,5.8933434
2015-11-18,9.737554
2015-11-19,11.6271925
2015-11-20,8.724187
2015-11-21,22.572313
2015-11-22,28.677483
2015-11-23,14.276882
2015-11-24,4.0609694
2015-11-25,4.17429
2015-11-26,4.426605
2015-11-27,2.244198
2015-11-28,1.8688492
2015-11-29,4.0990577
2015-11-30,17.62711
2015-12-01,31.999367
2015-12-02,10.927046
2015-12-03,5.6053367
2015-12-04,3.7012327
2015-12-05,4.0472994
2015-12-06,4.3556623
2015-12-07,2.3710833
2015-12-08,1.6866903
2015-12-09,2.0133965
2015-12-10,2.3849971
2015-12-11,1.7592874
2015-12-12,1.5411161
2015-12-13,1.51034
2015-12-14,1.688082
2015-12-15,3.691517
2015-12-16,5.0312634
2015-12-17,2.8437324
2015-12-18,3.6001155
2015-12-19,4.393271
2015-12-20,5.140613
2015-12-21,4.741162
2015-12-22,1.8963708
2015-12-23,1.5297294
2015-12-24,1.6016173
2015-12-25,1.5074435
2015-12-26,1.5106603
2015-12-27,1.6228398
2015-12-28,1.5109311
2015-12-29,1.5687282
2015-12-30,1.8793064
2015-12-31,1.9289716
2016-01-01,2.4179907
2016-01-02,3.1815548
2016-01-03,2.6177607
2016-01-04,3.5715218
2016-01-05,4.5472956
2016-01-06,4.908443
2016-01-07,10.683222
2016-01-08,16.999195
2016-01-09,15.751352
2016-01-10,4.4531226
2016-01-11,2.9034047
2016-01-12,4.240352
2016-01-13,4.4718633
2016-01-14,4.4003625
2016-01-15,4.798917
2016-01-16,2.7579532
2016-01-17,1.5376834
2016-01-18,1.2985603
2016-01-19,1.5395501
2016-01-20,1.5419106
2016-01-21,1.5980867
2016-01-22,2.0469265
2016-01-23,2.1705508
2016-01-24,2.6548712
2016-01-25,2.6225302
2016-01-26,7.6694775
2016-01-27,7.735167
2016-01-28,1.3446764
2016-01-29,1.2946504
2016-01-30,3.4465334
2016-01-31,4.6715097
2016-02-01,3.2581923
2016-02-02,3.3027391
2016-02-03,2.5484817
2016-02-04,1.359796
2016-02-05,7.4262223
2016-02-06,11.604733
2016-02-07,4.5054727
2016-02-08,1.7814567
2016-02-09,2.5424669
2016-02-10,3.6588092
2016-02-11,2.4521356
2016-02-12,1.6485502
2016-02-13,1.1946812
2016-02-14,1.5600481
2016-02-15,1.7892855
2016-02-16,1.9896426
2016-02-17,2.8550289
2016-02-18,2.3953876
2016-02-19,2.4139254
2016-02-20,1.4893943
2016-02-21,1.3711574
2016-02-22,2.7177331
2016-02-23,6.27993
2016-02-24,10.323705
2016-02-25,8.84995
2016-02-26,11.96734
2016-02-27,17.957455
2016-02-28,13.943403
2016-02-29,7.135933
2016-03-01,4.0922966
2016-03-02,1.6026665
2016-03-03,3.0154495
2016-03-04,4.375117
2016-03-05,3.9106205
2016-03-06,5.638624
2016-03-07,8.841683
2016-03-08,14.939506
2016-03-09,15.091078
2016-03-10,11.772904
2016-03-11,17.645325
2016-03-12,17.47308
2016-03-13,20.393637
2016-03-14,67.106155
2016-03-15,87.98365
2016-03-16,34.45612
2016-03-17,9.275323
2016-03-18,11.496911
2016-03-19,14.863208
2016-03-20,9.148857
2016-03-21,2.9088922
2016-03-22,1.6215303
2016-03-23,0.9223958
2016-03-24,0.79060054
2016-03-25,0.7321767
2016-03-26,0.6896275
2016-03-27,0.7360859
2016-03-28,3.7116928
2016-03-29,55.565777
2016-03-30,107.34554
2016-03-31,89.1197
2016-04-01,43.19665
2016-04-02,72.848785
2016-04-03,108.4699
2016-04-04,262.8997
2016-04-05,324.95657
2016-04-06,283.5161
2016-04-07,205.74939
2016-04-08,46.599987
2016-04-09,6.0414104
2016-04-10,8.456834
2016-04-11,11.227469
2016-04-12,12.173286
2016-04-13,25.26959
2016-04-14,39.53475
2016-04-15,58.218258
2016-04-16,51.21818
2016-04-17,20.51317
2016-04-18,29.558617
2016-04-19,16.000668
2016-04-20,3.8455582
2016-04-21,10.5558195
2016-04-22,11.48442
2016-04-23,4.895234
2016-04-24,5.842582
2016-04-25,7.583458
2016-04-26,45.897633
2016-04-27,83.70941
2016-04-28,101.446144
2016-04-29,65.402534
2016-04-30,30.842838
2016-05-01,51.363556
2016-05-02,54.225018
2016-05-03,43.825565
2016-05-04,23.146425
2016-05-05,23.36574
2016-05-06,22.899078
2016-05-07,21.263027
2016-05-08,25.030933
2016-05-09,21.89095
2016-05-10,18.104532
2016-05-11,32.153774
2016-05-12,30.829115
2016-05-13,7.9968176
2016-05-14,7.4719367
2016-05-15,9.318323
2016-05-16,10.415929
2016-05-17,7.322662
2016-05-18,7.9330726
2016-05-19,9.069169
2016-05-20,16.494608
2016-05-21,16.714502
2016-05-22,9.244241
2016-05-23,8.001608
2016-05-24,8.913771
2016-05-25,13.875603
2016-05-26,24.749866
2016-05-27,37.479244
2016-05-28,48.06772
2016-05-29,41.649483
2016-05-30,52.474808
2016-05-31,64.12508
2016-06-01,64.80487
2016-06-02,36.165977
2016-06-03,13.495024
2016-06-04,11.103747
2016-06-05,9.013703
2016-06-06,8.348331
2016-06-07,9.374345
2016-06-08,13.80568
2016-06-09,14.757968
2016-06-10,8.914861
2016-06-11,7.181021
2016-06-12,11.787528
2016-06-13,13.702047
2016-06-14,8.234889
2016-06-15,11.186421
2016-06-16,16.622211
2016-06-17,15.599315
2016-06-18,9.470849
2016-06-19,8.21161
2016-06-20,10.825173
2016-06-21,13.135744
2016-06-22,15.572505
2016-06-23,12.698015
2016-06-24,7.7380514
2016-06-25,14.611978
2016-06-26,17.246948
2016-06-27,15.061134
2016-06-28,14.956515
2016-06-29,8.374645
2016-06-30,8.108816
2016-07-01,12.098876
2016-07-02,18.39771
2016-07-03,18.468191
2016-07-04,17.408731
2016-07-05,13.212399
2016-07-06,16.023726
2016-07-07,23.658405
2016-07-08,17.535557
2016-07-09,14.782582
2016-07-10,8.31662
2016-07-11,6.888819
2016-07-12,9.652071
2016-07-13,9.641348
2016-07-14,8.166142
2016-07-15,8.809134
2016-07-16,11.681209
2016-07-17,9.950662
2016-07-18,10.974605
2016-07-19,9.114085
2016-07-20,8.457444
2016-07-21,9.831387
2016-07-22,10.519078
2016-07-23,8.675125
2016-07-24,8.5319605
2016-07-25,10.007915
2016-07-26,11.61537
2016-07-27,8.963186
2016-07-28,9.099269
2016-07-29,12.849043
2016-07-30,14.310863
2016-07-31,10.05518
2016-08-01,10.593752
2016-08-02,8.652702
2016-08-03,12.712828
2016-08-04,18.493967
2016-08-05,16.174297
2016-08-06,17.476679
2016-08-07,13.461508
2016-08-08,6.930511
2016-08-09,5.819188
2016-08-10,5.826595
2016-08-11,8.382183
2016-08-12,10.391944
2016-08-13,6.43185
2016-08-14,6.549006
2016-08-15,7.82049
2016-08-16,5.8844423
2016-08-17,6.130969
2016-08-18,6.1767387
2016-08-19,6.242056
2016-08-20,7.634935
2016-08-21,5.93228
2016-08-22,4.923562
2016-08-23,5.458852
2016-08-24,6.6788263
2016-08-25,8.008241
2016-08-26,8.723427
2016-08-27,8.14174
2016-08-28,8.76607
2016-08-29,7.5556917
2016-08-30,5.9409103
2016-08-31,4.522463
2016-09-01,4.57595
2016-09-02,4.649136
2016-09-03,4.9308724
2016-09-04,5.7840376
2016-09-05,7.0420823
2016-09-06,7.561976
2016-09-07,7.210782
2016-09-08,7.2249928
2016-09-09,6.6776347
2016-09-10,7.62209
2016-09-11,7.938102
2016-09-12,12.585049
2016-09-13,17.119116
2016-09-14,17.525677
2016-09-15,24.452076
2016-09-16,14.445115
2016-09-17,6.239903
2016-09-18,5.322832
2016-09-19,5.4408817
2016-09-20,5.629354
2016-09-21,8.080908
2016-09-22,4.9956465
2016-09-23,4.68587
2016-09-24,4.4958577
2016-09-25,4.141484
2016-09-26,4.370684
2016-09-27,3.8187087
2016-09-28,3.2870862
2016-09-29,3.4040012
2016-09-30,4.696028
2016-10-01,72.94911
2016-10-02,107.7353
2016-10-03,76.7907
2016-10-04,56.88236
2016-10-05,23.049944
2016-10-06,20.697935
2016-10-07,19.413876
2016-10-08,13.460326
2016-10-09,24.179773
2016-10-10,18.622051
2016-10-11,8.895295
2016-10-12,12.6867
2016-10-13,6.08407
2016-10-14,5.2918987
2016-10-15,8.27817
2016-10-16,8.112005
2016-10-17,4.618078
2016-10-18,4.236224
2016-10-19,3.8787475
2016-10-20,2.8035555
2016-10-21,2.856916
2016-10-22,2.969654
2016-10-23,3.0064583
2016-10-24,3.3158662
2016-10-25,7.786856
2016-10-26,18.838402
2016-10-27,28.760553
2016-10-28,25.622742
2016-10-29,26.22974
2016-10-30,29.271505
2016-10-31,22.333382
2016-11-01,6.2603846
2016-11-02,15.092157
2016-11-03,25.830273
2016-11-04,17.274715
2016-11-05,8.806998
2016-11-06,9.958902
2016-11-07,6.149212
2016-11-08,13.512724
2016-11-09,26.91478
2016-11-10,24.74807
2016-11-11,16.816029
2016-11-12,21.881668
2016-11-13,30.501137
2016-11-14,24.028027
2016-11-15,22.079052
2016-11-16,15.449696
2016-11-17,10.893774
2016-11-18,16.010366
2016-11-19,26.994772
2016-11-20,24.012629
2016-11-21,54.637928
2016-11-22,67.02069
2016-11-23,12.190411
2016-11-24,7.4974117
2016-11-25,5.5025034
2016-11-26,5.6257067
2016-11-27,9.278513
2016-11-28,24.033777
2016-11-29,43.941727
2016-11-30,59.428024
2016-12-01,83.75297
2016-12-02,74.60292
2016-12-03,92.56963
2016-12-04,158.03629
2016-12-05,117.55289
2016-12-06,22.657764
2016-12-07,12.55597
2016-12-08,10.524248
2016-12-09,9.604502
2016-12-10,25.683374
2016-12-11,193.56764
2016-12-12,287.61398
2016-12-13,103.405914
2016-12-14,11.089113
2016-12-15,12.604885
2016-12-16,16.695059
2016-12-17,26.191418
2016-12-18,31.211788
2016-12-19,22.429974
2016-12-20,18.99714
2016-12-21,17.419224
2016-12-22,25.688404
2016-12-23,40.766518
2016-12-24,39.15179
2016-12-25,24.57082
2016-12-26,19.597046
2016-12-27,24.090387
2016-12-28,69.976295
2016-12-29,87.99397
2016-12-30,21.62207
2016-12-31,14.311551
2017-01-01,18.766031
2017-01-02,14.063985
2017-01-03,12.035873
2017-01-04,10.971995
2017-01-05,21.863895
2017-01-06,46.732403
2017-01-07,36.352386
2017-01-08,14.852568
2017-01-09,25.583424
2017-01-10,47.121445
2017-01-11,57.763557
2017-01-12,79.478874
2017-01-13,122.200775
2017-01-14,115.09439
2017-01-15,64.065575
2017-01-16,30.33365
2017-01-17,23.01319
2017-01-18,28.692942
2017-01-19,56.06551
2017-01-20,76.03729
2017-01-21,71.140594
2017-01-22,45.54717
2017-01-23,22.274584
2017-01-24,19.291773
2017-01-25,19.80813
2017-01-26,19.988499
2017-01-27,19.941782
2017-01-28,19.59603
2017-01-29,19.49949
2017-01-30,20.559326
2017-01-31,27.432522
2017-02-01,29.03192
2017-02-02,21.658243
2017-02-03,18.9182
2017-02-04,17.34377
2017-02-05,16.312016
2017-02-06,15.735784
2017-02-07,15.32493
2017-02-08,14.837895
2017-02-09,14.4207
2017-02-10,14.878799
2017-02-11,15.991709
2017-02-12,17.210075
2017-02-13,22.23172
2017-02-14,24.124348
2017-02-15,15.178293
2017-02-16,14.248537
2017-02-17,14.636415
2017-02-18,15.893224
2017-02-19,16.6705
2017-02-20,29.28352
2017-02-21,44.78377
2017-02-22,36.17867
2017-02-23,18.312775
2017-02-24,22.394604
2017-02-25,38.44928
2017-02-26,45.027508
2017-02-27,42.962948
2017-02-28,38.599083
2017-03-01,28.646538
2017-03-02,281.62012
2017-03-03,421.04785
2017-03-04,189.02805
2017-03-05,24.246153
2017-03-06,11.416961
2017-03-07,11.871105
2017-03-08,25.614416
2017-03-09,40.758156
2017-03-10,37.202625
2017-03-11,24.479027
2017-03-12,86.16061
2017-03-13,137.9436
2017-03-14,120.24692
2017-03-15,293.8216
2017-03-16,313.37646
2017-03-17,96.16093
2017-03-18,53.6939
2017-03-19,85.39626
2017-03-20,148.99478
2017-03-21,111.827644
2017-03-22,85.88406
2017-03-23,87.15569
2017-03-24,57.17833
2017-03-25,66.50724
2017-03-26,103.09116
2017-03-27,95.06196
2017-03-28,78.92446
2017-03-29,99.07256
2017-03-30,79.47408
2017-03-31,37.18498
2017-04-01,30.335592
2017-04-02,25.479286
2017-04-03,22.081917
2017-04-04,20.771984
2017-04-05,20.44039
2017-04-06,20.095661
2017-04-07,19.680035
2017-04-08,19.706953
2017-04-09,30.998964
2017-04-10,62.539913
2017-04-11,78.72704
2017-04-12,82.00855
2017-04-13,104.74032
2017-04-14,138.04852
2017-04-15,161.85983
2017-04-16,104.99486
2017-04-17,34.034374
2017-04-18,23.651012
2017-04-19,27.2113
2017-04-20,28.454838
2017-04-21,97.54601
2017-04-22,149.14966
2017-04-23,74.962456
2017-04-24,26.325027
2017-04-25,24.287092
2017-04-26,23.466373
2017-04-27,37.710823
2017-04-28,38.896976
2017-04-29,20.54511
2017-04-30,20.791927
2017-05-01,22.040758
2017-05-02,28.768757
2017-05-03,52.23312
2017-05-04,88.64392
2017-05-05,80.056786
2017-05-06,59.85908
2017-05-07,111.21393
2017-05-08,107.38547
2017-05-09,83.785324
2017-05-10,71.072556
2017-05-11,40.73787
2017-05-12,40.51088
2017-05-13,49.85256
2017-05-14,73.3874
2017-05-15,295.02875
2017-05-16,441.9746
2017-05-17,232.39853
2017-05-18,61.344078
2017-05-19,44.34667
2017-05-20,40.92405
2017-05-21,39.518387
2017-05-22,39.068245
2017-05-23,38.63402
2017-05-24,37.976482
2017-05-25,35.17181
2017-05-26,34.546772
2017-05-27,33.153732
2017-05-28,30.511213
2017-05-29,29.462114
2017-05-30,28.73154
2017-05-31,27.971395
2017-06-01,28.319101
2017-06-02,27.83254
2017-06-03,25.821106
2017-06-04,24.413168
2017-06-05,23.8702
2017-06-06,25.657715
2017-06-07,24.614412
2017-06-08,35.602177
2017-06-09,62.78715
2017-06-10,77.076355
2017-06-11,53.70418
2017-06-12,37.843742
2017-06-13,59.31122
2017-06-14,60.835514
2017-06-15,41.67239
2017-06-16,22.009068
2017-06-17,20.033983
2017-06-18,19.247494
2017-06-19,33.67567
2017-06-20,40.24769
2017-06-21,20.03388
2017-06-22,19.56709
2017-06-23,19.839327
2017-06-24,16.229273
2017-06-25,15.338577
2017-06-26,15.468923
2017-06-27,16.013365
2017-06-28,23.088411
2017-06-29,65.34678
2017-06-30,81.021225
2017-07-01,36.812206
2017-07-02,17.475359
2017-07-03,16.713299
2017-07-04,17.181139
2017-07-05,14.992913
2017-07-06,12.53582
2017-07-07,12.199973
2017-07-08,12.779128
2017-07-09,13.630322
2017-07-10,15.034663
2017-07-11,15.315699
2017-07-12,19.778015
2017-07-13,28.959066
2017-07-14,26.005398
2017-07-15,14.39555
2017-07-16,26.268604
2017-07-17,37.36252
2017-07-18,23.491587
2017-07-19,14.39624
2017-07-20,21.209291
2017-07-21,21.003277
2017-07-22,12.509225
2017-07-23,11.840781
2017-07-24,13.094895
2017-07-25,13.031512
2017-07-26,13.198822
2017-07-27,15.359468
2017-07-28,14.101382
2017-07-29,17.160799
2017-07-30,15.422921
2017-07-31,14.393243
2017-08-01,15.288178
2017-08-02,14.435336
2017-08-03,11.5726595
2017-08-04,10.236622
2017-08-05,12.077754
2017-08-06,17.180279
2017-08-07,11.387629
2017-08-08,9.405413
2017-08-09,9.7213335
2017-08-10,8.253847
2017-08-11,8.52713
2017-08-12,9.503043
2017-08-13,13.828734
2017-08-14,14.179612
2017-08-15,8.487093
2017-08-16,7.4156766
2017-08-17,9.004564
2017-08-18,13.329885
2017-08-19,24.233204
2017-08-20,53.074677
2017-08-21,53.910763
2017-08-22,17.936987
2017-08-23,8.425291
2017-08-24,7.0782113
2017-08-25,7.644308
2017-08-26,8.931974
2017-08-27,8.312374
2017-08-28,11.718723
2017-08-29,12.08988
2017-08-30,7.3034062
2017-08-31,6.6170907
2017-09-01,6.7238474
2017-09-02,6.3579917
2017-09-03,5.9462094
2017-09-04,6.4787073
2017-09-05,6.854072
2017-09-06,6.0175505
2017-09-07,5.738828
2017-09-08,6.6910877
2017-09-09,13.740642
2017-09-10,19.522709
2017-09-11,13.024745
2017-09-12,6.1217012
2017-09-13,6.133985
2017-09-14,7.3997383
2017-09-15,8.114825
2017-09-16,6.9251285
2017-09-17,6.7156825
2017-09-18,6.820734
2017-09-19,9.167153
2017-09-20,14.777881
2017-09-21,24.25041
2017-09-22,21.462898
2017-09-23,7.962824
2017-09-24,5.914772
2017-09-25,5.8552704
2017-09-26,4.884524
2017-09-27,5.2957416
2017-09-28,7.1221447
2017-09-29,8.652218
2017-09-30,11.521761
2017-10-01,7.803828
2017-10-02,5.0697575
2017-10-03,11.764083
2017-10-04,19.01602
2017-10-05,34.548866
2017-10-06,38.922424
2017-10-07,8.740509
2017-10-08,5.263312
2017-10-09,4.8580794
2017-10-10,6.579749
2017-10-11,9.382136
2017-10-12,13.446592
2017-10-13,13.073206
2017-10-14,5.303871
2017-10-15,3.860307
2017-10-16,3.405233
2017-10-17,3.7257612
2017-10-18,4.1052217
2017-10-19,4.2806306
2017-10-20,4.1702385
2017-10-21,4.8538103
2017-10-22,8.724552
2017-10-23,12.072807
2017-10-24,11.933777
2017-10-25,8.423179
2017-10-26,4.529996
2017-10-27,8.140325
2017-10-28,23.130562
2017-10-29,44.6581
2017-10-30,42.71481
2017-10-31,16.620218
2017-11-01,11.9312
2017-11-02,18.135702
2017-11-03,41.375637
2017-11-04,43.238438
2017-11-05,30.78917
2017-11-06,46.959312
2017-11-07,40.880608
2017-11-08,35.18899
2017-11-09,59.618378
2017-11-10,68.52074
2017-11-11,96.63294
2017-11-12,130.0139
2017-11-13,80.904465
2017-11-14,16.866463
2017-11-15,19.96336
2017-11-16,47.463787
2017-11-17,61.93482
2017-11-18,65.344734
2017-11-19,65.32811
2017-11-20,138.5461
2017-11-21,194.54044
2017-11-22,101.84555
2017-11-23,19.58955
2017-11-24,15.7733135
2017-11-25,13.077779
2017-11-26,35.240593
2017-11-27,35.641846
2017-11-28,6.2891455
2017-11-29,4.95483
2017-11-30,4.6073065
2017-12-01,8.545321
2017-12-02,15.519665
2017-12-03,17.461145
2017-12-04,11.941622
2017-12-05,5.979118
2017-12-06,5.2009625
2017-12-07,4.6734776
2017-12-08,4.7681284
2017-12-09,5.060702
2017-12-10,12.127851
2017-12-11,24.407475
2017-12-12,18.775135
2017-12-13,7.4030004
2017-12-14,7.0159235
2017-12-15,6.0942945
2017-12-16,5.330119
2017-12-17,5.186336
2017-12-18,5.270418
2017-12-19,4.8872204
2017-12-20,3.9854476
2017-12-21,3.9190986
2017-12-22,4.4354215
2017-12-23,7.6003885
2017-12-24,9.066497
2017-12-25,9.327056
2017-12-26,31.110544
2017-12-27,38.77833
2017-12-28,15.988759
2017-12-29,13.220672
2017-12-30,29.140425
2017-12-31,49.620235
2018-01-01,44.48415
2018-01-02,31.963205
2018-01-03,17.020773
2018-01-04,14.975879
2018-01-05,16.773262
2018-01-06,25.59441
2018-01-07,24.918674
2018-01-08,13.342777
2018-01-09,13.022858
2018-01-10,79.857216
2018-01-11,104.40998
2018-01-12,44.498627
2018-01-13,35.30237
2018-01-14,27.680325
2018-01-15,54.816387
2018-01-16,47.855915
2018-01-17,23.571701
2018-01-18,16.57599
2018-01-19,9.742352
2018-01-20,8.377689
2018-01-21,6.6683474
2018-01-22,4.2914495
2018-01-23,4.0624404
2018-01-24,4.13919
2018-01-25,4.0942497
2018-01-26,4.001278
2018-01-27,4.004602
2018-01-28,4.155115
2018-01-29,4.4695745
2018-01-30,4.5573764
2018-01-31,4.3983235
2018-02-01,4.422965
2018-02-02,4.4978843
2018-02-03,12.114688
2018-02-04,18.048946
2018-02-05,16.927694
2018-02-06,13.9566
2018-02-07,19.7751
2018-02-08,22.750725
2018-02-09,11.479021
2018-02-10,9.542078
2018-02-11,5.413604
2018-02-12,3.8235188
2018-02-13,3.7565105
2018-02-14,8.495424
2018-02-15,141.5682
2018-02-16,251.38205
2018-02-17,139.9897
2018-02-18,29.340277
2018-02-19,31.139917
2018-02-20,26.917105
2018-02-21,10.079111
2018-02-22,9.872823
2018-02-23,35.492603
2018-02-24,45.812244
2018-02-25,27.07954
2018-02-26,24.272291
2018-02-27,13.579522
2018-02-28,9.541478
2018-03-01,7.4306674
2018-03-02,9.358644
2018-03-03,21.141842
2018-03-04,19.856848
2018-03-05,18.193203
2018-03-06,26.408838
2018-03-07,23.195004
2018-03-08,6.8491893
2018-03-09,4.4377193
2018-03-10,4.156214
2018-03-11,3.155805
2018-03-12,3.098001
2018-03-13,2.9138465
2018-03-14,2.8230345
2018-03-15,2.811122
2018-03-16,3.1522498
2018-03-17,3.7080882
2018-03-18,4.763264
2018-03-19,16.339996
2018-03-20,24.026375
2018-03-21,54.408398
2018-03-22,87.26336
2018-03-23,41.06483
2018-03-24,15.472438
2018-03-25,33.9361
2018-03-26,74.91235
2018-03-27,79.8436
2018-03-28,38.481625
2018-03-29,64.70601
2018-03-30,75.14087
2018-03-31,15.554046
2018-04-01,44.520557
2018-04-02,85.72028
2018-04-03,79.51485
2018-04-04,77.15229
2018-04-05,150.26524
2018-04-06,165.1425
2018-04-07,61.55894
2018-04-08,61.959393
2018-04-09,44.117435
2018-04-10,41.354164
2018-04-11,63.74371
2018-04-12,79.180275
2018-04-13,87.82082
2018-04-14,91.75011
2018-04-15,209.05191
2018-04-16,192.68904
2018-04-17,29.937601
2018-04-18,42.95212
2018-04-19,49.143536
2018-04-20,38.164593
2018-04-21,33.31652
2018-04-22,27.315365
2018-04-23,27.2271
2018-04-24,35.204044
2018-04-25,32.073063
2018-04-26,23.11933
2018-04-27,24.487747
2018-04-28,38.250988
2018-04-29,49.062374
2018-04-30,50.458206
2018-05-01,40.468086
2018-05-02,21.937763
2018-05-03,20.607107
2018-05-04,30.437624
2018-05-05,60.737564
2018-05-06,73.961754
2018-05-07,57.491512
2018-05-08,67.577
2018-05-09,101.491615
2018-05-10,128.33011
2018-05-11,76.66658
2018-05-12,40.701168
2018-05-13,35.655426
2018-05-14,58.30131
2018-05-15,78.01596
2018-05-16,112.135956
2018-05-17,114.486145
2018-05-18,41.998623
2018-05-19,42.776875
2018-05-20,40.89021
2018-05-21,37.106888
2018-05-22,35.07106
2018-05-23,34.77876
2018-05-24,35.980953
2018-05-25,37.02653
2018-05-26,32.93081
2018-05-27,33.708366
2018-05-28,40.384407
2018-05-29,50.61324
2018-05-30,47.07628
2018-05-31,33.679367
2018-06-01,32.22937
2018-06-02,28.632551
2018-06-03,27.171274
2018-06-04,29.57996
2018-06-05,33.671204
2018-06-06,34.635906
2018-06-07,33.962536
2018-06-08,31.079628
2018-06-09,23.859617
2018-06-10,26.524479
2018-06-11,27.611101
2018-06-12,24.952856
2018-06-13,26.632635
2018-06-14,25.914518
2018-06-15,28.955046
2018-06-16,30.844206
2018-06-17,24.811892
2018-06-18,23.287815
2018-06-19,22.359947
2018-06-20,27.835712
2018-06-21,29.240875
2018-06-22,26.106258
2018-06-23,21.616772
2018-06-24,22.37638
2018-06-25,19.007189
2018-06-26,17.136234
2018-06-27,17.086323
2018-06-28,17.096846
2018-06-29,20.009125
2018-06-30,25.39189
2018-07-01,22.067783
2018-07-02,16.542814
2018-07-03,17.837017
2018-07-04,21.3603
2018-07-05,20.219635
2018-07-06,16.935835
2018-07-07,17.449455
2018-07-08,17.489408
2018-07-09,17.425901
2018-07-10,20.677263
2018-07-11,26.013962
2018-07-12,18.845457
2018-07-13,18.698496
2018-07-14,19.035152
2018-07-15,17.61038
2018-07-16,14.569326
2018-07-17,14.372799
2018-07-18,14.521007
2018-07-19,13.710107
2018-07-20,11.676062
2018-07-21,12.111555
2018-07-22,21.748014
2018-07-23,29.37648
2018-07-24,14.420388
2018-07-25,21.678154
2018-07-26,30.11639
2018-07-27,27.946648
2018-07-28,36.569057
2018-07-29,27.157343
2018-07-30,17.952776
2018-07-31,14.48266
2018-08-01,16.694525
2018-08-02,24.880396
2018-08-03,23.239603
2018-08-04,13.504026
2018-08-05,15.95461
2018-08-06,22.257643
2018-08-07,19.071493
2018-08-08,10.388369
2018-08-09,9.613443
2018-08-10,12.14994
2018-08-11,14.769902
2018-08-12,9.37052
2018-08-13,9.340381
2018-08-14,11.344201
2018-08-15,19.950314
2018-08-16,25.819675
2018-08-17,11.521935
2018-08-18,9.051628
2018-08-19,10.428241
2018-08-20,10.424923
2018-08-21,9.556849
2018-08-22,9.971604
2018-08-23,10.770098
2018-08-24,10.514928
2018-08-25,10.153463
2018-08-26,10.779054
2018-08-27,8.792763
2018-08-28,9.013105
2018-08-29,9.775019
2018-08-30,9.773856
2018-08-31,9.9625635
2018-09-01,9.283444
2018-09-02,8.133376
2018-09-03,7.536553
2018-09-04,7.848736
2018-09-05,9.896049
2018-09-06,23.96014
2018-09-07,31.296284
2018-09-08,26.876656
2018-09-09,21.417603
2018-09-10,15.449967
2018-09-11,7.941323
2018-09-12,10.572547
2018-09-13,19.195698
2018-09-14,26.16918
2018-09-15,29.126383
2018-09-16,46.068615
2018-09-17,52.6599
2018-09-18,24.661913
2018-09-19,8.108213
2018-09-20,7.2405496
2018-09-21,6.598267
2018-09-22,5.939317
2018-09-23,6.1649237
2018-09-24,6.809381
2018-09-25,6.495503
2018-09-26,6.0092444
2018-09-27,6.207376
2018-09-28,8.237585
2018-09-29,8.9107275
2018-09-30,7.807747
2018-10-01,7.9756484
2018-10-02,10.011064
2018-10-03,27.416117
2018-10-04,59.799522
2018-10-05,44.53479
2018-10-06,20.85347
2018-10-07,42.361526
2018-10-08,52.30597
2018-10-09,15.475735
2018-10-10,34.407158
2018-10-11,88.28738
2018-10-12,152.35165
2018-10-13,186.71198
2018-10-14,75.28323
2018-10-15,39.5138
2018-10-16,33.392464
2018-10-17,25.814058
2018-10-18,11.918557
2018-10-19,16.956327
2018-10-20,57.051903
2018-10-21,75.64877
2018-10-22,21.70638
2018-10-23,19.795387
2018-10-24,22.068184
2018-10-25,27.588263
2018-10-26,27.05453
2018-10-27,32.342762
2018-10-28,27.209703
2018-10-29,14.940474
2018-10-30,13.347727
2018-10-31,13.274554
2018-11-01,16.008352
2018-11-02,16.408203
2018-11-03,14.324011
2018-11-04,15.230136
2018-11-05,24.673313
2018-11-06,42.239594
2018-11-07,39.297836
2018-11-08,43.381622
2018-11-09,40.429775
2018-11-10,35.353077
2018-11-11,179.15561
2018-11-12,197.279
2018-11-13,54.600594
2018-11-14,17.54797
2018-11-15,14.424157
2018-11-16,18.55863
2018-11-17,27.56805
2018-11-18,25.17442
2018-11-19,16.805483
2018-11-20,14.101293
2018-11-21,12.651155
2018-11-22,12.939321
2018-11-23,33.454865
2018-11-24,53.873604
2018-11-25,47.920906
2018-11-26,30.58717
2018-11-27,18.267338
2018-11-28,23.884201
2018-11-29,37.2889
2018-11-30,39.966965
2018-12-01,74.6862
2018-12-02,90.544205
2018-12-03,21.76795
2018-12-04,14.355189
2018-12-05,15.258555
2018-12-06,13.461919
2018-12-07,11.524372
2018-12-08,11.04393
2018-12-09,10.630404
2018-12-10,10.615591
2018-12-11,10.434438
2018-12-12,10.456458
2018-12-13,10.886085
2018-12-14,10.742332
2018-12-15,10.680335
2018-12-16,10.816456
2018-12-17,9.757513
2018-12-18,9.294421
2018-12-19,9.421351
2018-12-20,9.816733
2018-12-21,9.85537
2018-12-22,12.35863
2018-12-23,12.236241
2018-12-24,8.508373
2018-12-25,8.286263
2018-12-26,8.145242
2018-12-27,7.985896
2018-12-28,7.812972
2018-12-29,7.7361174
2018-12-30,7.584378
2018-12-31,7.3960037
2019-01-01,7.2440624
2019-01-02,7.024117
2019-01-03,7.3371563
2019-01-04,7.974804
2019-01-05,7.6777844
2019-01-06,13.697898
2019-01-07,18.260956
2019-01-08,12.276671
2019-01-09,9.183303
2019-01-10,12.047611
2019-01-11,14.603278
2019-01-12,14.882435
2019-01-13,26.736681
2019-01-14,33.536392
2019-01-15,23.055468
2019-01-16,6.8320985
2019-01-17,6.1098866
2019-01-18,5.8606815
2019-01-19,5.6678734
2019-01-20,6.119977
2019-01-21,6.3386283
2019-01-22,5.4950533
2019-01-23,5.270118
2019-01-24,5.2372665
2019-01-25,5.734191
2019-01-26,5.8796024
2019-01-27,7.8602796
2019-01-28,16.794228
2019-01-29,18.160316
2019-01-30,8.945646
2019-01-31,6.703512
2019-02-01,10.195924
2019-02-02,27.41113
2019-02-03,34.77553
2019-02-04,9.551217
2019-02-05,7.119445
2019-02-06,8.463613
2019-02-07,13.046083
2019-02-08,19.060806
2019-02-09,21.501774
2019-02-10,14.391436
2019-02-11,7.5484686
2019-02-12,4.7119675
2019-02-13,4.6268945
2019-02-14,5.0058026
2019-02-15,5.432511
2019-02-16,7.768939
2019-02-17,8.839434
2019-02-18,17.48352
2019-02-19,24.125444
2019-02-20,102.69803
2019-02-21,205.34183
2019-02-22,117.30573
2019-02-23,10.7601385
2019-02-24,36.553524
2019-02-25,128.04291
2019-02-26,137.96523
2019-02-27,52.945675
2019-02-28,9.720677
2019-03-01,6.7080593
2019-03-02,33.142487
2019-03-03,54.996
2019-03-04,34.201237
2019-03-05,31.094322
2019-03-06,55.6122
2019-03-07,46.17177
2019-03-08,10.03454
2019-03-09,7.4444876
2019-03-10,8.887128
2019-03-11,11.4403105
2019-03-12,21.172373
2019-03-13,23.60931
2019-03-14,18.607603
2019-03-15,184.67044
2019-03-16,265.31244
2019-03-17,93.20912
2019-03-18,8.600692
2019-03-19,10.377186
2019-03-20,49.78772
2019-03-21,81.69742
2019-03-22,51.7696
2019-03-23,34.188007
2019-03-24,29.21417
2019-03-25,27.199795
2019-03-26,20.054728
2019-03-27,9.892727
2019-03-28,10.883678
2019-03-29,78.29616
2019-03-30,125.28719
2019-03-31,58.617603
2019-04-01,14.994242
2019-04-02,29.08053
2019-04-03,30.725805
2019-04-04,27.244705
2019-04-05,33.88717
2019-04-06,22.939812
2019-04-07,109.54842
2019-04-08,114.05282
2019-04-09,37.585686
2019-04-10,96.05617
2019-04-11,125.632034
2019-04-12,54.80273
2019-04-13,14.020369
2019-04-14,10.823931
2019-04-15,20.32762
2019-04-16,24.413916
2019-04-17,28.747833
2019-04-18,191.55252
2019-04-19,310.28976
2019-04-20,208.75389
2019-04-21,134.24353
2019-04-22,115.551186
2019-04-23,122.84843
2019-04-24,165.94733
2019-04-25,159.53197
2019-04-26,65.02188
2019-04-27,53.740177
2019-04-28,38.29886
2019-04-29,34.573143
2019-04-30,32.234043
2019-05-01,31.051529
2019-05-02,30.10039
2019-05-03,29.632368
2019-05-04,30.51387
2019-05-05,30.805445
2019-05-06,28.810955
2019-05-07,27.204376
2019-05-08,28.214043
2019-05-09,46.675972
2019-05-10,78.25634
2019-05-11,65.3348
2019-05-12,31.57668
2019-05-13,26.4694
2019-05-14,33.205925
2019-05-15,41.85933
2019-05-16,42.49302
2019-05-17,39.49866
2019-05-18,27.485632
2019-05-19,38.0313
2019-05-20,65.63664
2019-05-21,53.88336
2019-05-22,23.550627
2019-05-23,39.912956
2019-05-24,117.525185
2019-05-25,139.95685
2019-05-26,67.45913
2019-05-27,35.854763
2019-05-28,24.630136
2019-05-29,24.933231
2019-05-30,35.09691
2019-05-31,58.32556
2019-06-01,114.606186
2019-06-02,106.69533
2019-06-03,33.727066
2019-06-04,26.401335
2019-06-05,30.624224
2019-06-06,33.604042
2019-06-07,30.717604
2019-06-08,31.74066
2019-06-09,27.320482
2019-06-10,36.563313
2019-06-11,61.628265
2019-06-12,68.700356
2019-06-13,51.91175
2019-06-14,44.51814
2019-06-15,29.042032
2019-06-16,22.661278
2019-06-17,23.521671
2019-06-18,28.917824
2019-06-19,30.526758
2019-06-20,31.613234
2019-06-21,36.51962
2019-06-22,36.16561
2019-06-23,29.66498
2019-06-24,30.602602
2019-06-25,42.422802
2019-06-26,36.486942
2019-06-27,23.63528
2019-06-28,20.866966
2019-06-29,23.13705
2019-06-30,23.160135
2019-07-01,25.852026
2019-07-02,30.176676
2019-07-03,30.762527
2019-07-04,26.67911
2019-07-05,27.688906
2019-07-06,38.65685
2019-07-07,30.119036
2019-07-08,19.66974
2019-07-09,21.265581
2019-07-10,22.05876
2019-07-11,20.351942
2019-07-12,21.489037
2019-07-13,19.892502
2019-07-14,19.90856
2019-07-15,19.50736
2019-07-16,16.956202
2019-07-17,17.871922
2019-07-18,18.330044
2019-07-19,16.860949
2019-07-20,18.202002
2019-07-21,18.642145
2019-07-22,18.685514
2019-07-23,18.517324
2019-07-24,21.874422
2019-07-25,22.303043
2019-07-26,18.285221
2019-07-27,21.52836
2019-07-28,17.80589
2019-07-29,14.4565735
2019-07-30,13.710707
2019-07-31,13.418739
2019-08-01,13.458626
2019-08-02,18.188812
2019-08-03,28.107296
2019-08-04,29.429028
2019-08-05,24.760944
2019-08-06,24.221382
2019-08-07,13.559362
2019-08-08,12.762856
2019-08-09,13.284457
2019-08-10,14.852864
2019-08-11,14.852858
2019-08-12,15.953422
2019-08-13,18.745533
2019-08-14,21.160465
2019-08-15,21.728474
2019-08-16,15.849474
2019-08-17,28.658842
2019-08-18,37.823425
2019-08-19,21.332756
2019-08-20,12.17418
2019-08-21,12.004633
2019-08-22,10.342687
2019-08-23,10.4279995
2019-08-24,10.982245
2019-08-25,11.886452
2019-08-26,11.219007
2019-08-27,9.932389
2019-08-28,10.414247
2019-08-29,10.863131
2019-08-30,8.973079
2019-08-31,9.080332
2019-09-01,10.4490795
2019-09-02,11.474506
2019-09-03,10.876182
2019-09-04,10.129256
2019-09-05,10.78957
2019-09-06,15.016678
2019-09-07,17.41368
2019-09-08,8.665299
2019-09-09,7.772747
2019-09-10,8.660366
2019-09-11,8.561286
2019-09-12,7.8489943
2019-09-13,8.084263
2019-09-14,8.80291
2019-09-15,9.750491
2019-09-16,7.938109
2019-09-17,8.163595
2019-09-18,28.707645
2019-09-19,47.503086
2019-09-20,31.59185
2019-09-21,19.335964
2019-09-22,23.342142
2019-09-23,16.024633
2019-09-24,22.339373
2019-09-25,35.18297
2019-09-26,24.707365
2019-09-27,9.837755
2019-09-28,9.2602
2019-09-29,22.466494
2019-09-30,27.075348
2019-10-01,17.200447
2019-10-02,16.96762
2019-10-03,17.545084
2019-10-04,8.961771
2019-10-05,6.7303114
2019-10-06,12.665939
2019-10-07,13.109948
2019-10-08,8.212827
2019-10-09,9.084565
2019-10-10,12.824602
2019-10-11,30.991314
2019-10-12,36.19467
2019-10-13,22.089409
2019-10-14,8.563865
2019-10-15,6.901996
2019-10-16,7.1868386
2019-10-17,10.305212
2019-10-18,12.447555
2019-10-19,25.915222
2019-10-20,32.38434
2019-10-21,15.61591
2019-10-22,34.51521
2019-10-23,57.160725
2019-10-24,43.98277
2019-10-25,13.857214
2019-10-26,10.088354
2019-10-27,7.219608
2019-10-28,6.589245
2019-10-29,5.544528
2019-10-30,4.8202667
2019-10-31,4.9767485
2019-11-01,7.4018855
2019-11-02,19.222576
2019-11-03,21.662075
2019-11-04,6.7451286
2019-11-05,5.508901
2019-11-06,4.8863335
2019-11-07,4.453227
2019-11-08,4.466341
2019-11-09,11.952752
2019-11-10,29.214674
2019-11-11,87.75118
2019-11-12,179.51686
2019-11-13,140.5481
2019-11-14,88.935936
2019-11-15,80.92787
2019-11-16,42.616673
2019-11-17,10.731912
2019-11-18,6.944288
2019-11-19,18.544552
2019-11-20,42.959137
2019-11-21,42.663933
2019-11-22,43.323063
2019-11-23,27.075176
2019-11-24,12.945692
2019-11-25,10.743716
2019-11-26,8.588478
2019-11-27,8.614538
2019-11-28,7.9786863
2019-11-29,10.4684
2019-11-30,12.976212
2019-12-01,12.6972
2019-12-02,13.214094
2019-12-03,9.074658
2019-12-04,7.943264
2019-12-05,9.678545
2019-12-06,10.325952
2019-12-07,14.474763
2019-12-08,17.581865
2019-12-09,15.418496
2019-12-10,9.736354
2019-12-11,14.738216
2019-12-12,14.990298
2019-12-13,8.601082
2019-12-14,18.789675
2019-12-15,42.089657
2019-12-16,29.789251
2019-12-17,8.623527
2019-12-18,7.149871
2019-12-19,7.212062
2019-12-20,6.8696194
2019-12-21,6.773593
2019-12-22,7.4645147
2019-12-23,6.937611
2019-12-24,6.136826
2019-12-25,6.558275
2019-12-26,7.275721
2019-12-27,7.281937
2019-12-28,6.220484
2019-12-29,6.2937784
2019-12-30,11.508232
2019-12-31,26.71706
2020-01-01,23.318306
2020-01-02,10.578062
2020-01-03,13.395158
2020-01-04,15.869492
2020-01-05,8.876959
2020-01-06,6.199108
2020-01-07,7.8213654
2020-01-08,7.083106
2020-01-09,4.8776016
2020-01-10,4.7655783
2020-01-11,4.7300043
2020-01-12,4.822924
2020-01-13,4.8413014
2020-01-14,4.831748
2020-01-15,4.97652
2020-01-16,5.011296
2020-01-17,6.202275
2020-01-18,8.49167
2020-01-19,6.0040817
2020-01-20,4.883388
2020-01-21,25.441269
2020-01-22,43.423973
2020-01-23,28.377224
2020-01-24,10.095703
2020-01-25,7.6525097
2020-01-26,15.697209
2020-01-27,29.151293
2020-01-28,25.387157
2020-01-29,9.236254
2020-01-30,6.3448167
2020-01-31,6.4097924
2020-02-01,5.5155163
2020-02-02,4.639451
2020-02-03,4.272734
2020-02-04,3.8003235
2020-02-05,3.5693054
2020-02-06,3.5002346
2020-02-07,3.4887037
2020-02-08,8.788748
2020-02-09,11.993965
2020-02-10,6.3527317
2020-02-11,4.8559465
2020-02-12,3.3136709
2020-02-13,3.1775732
2020-02-14,3.707635
2020-02-15,4.450394
2020-02-16,4.103393
2020-02-17,3.6616218
2020-02-18,3.10974
2020-02-19,3.4662998
2020-02-20,4.208483
2020-02-21,12.012972
2020-02-22,25.414614
2020-02-23,32.45576
2020-02-24,70.978516
2020-02-25,75.85624
2020-02-26,27.753824
2020-02-27,18.045795
2020-02-28,17.008377
2020-02-29,15.769791
2020-03-01,11.600245
2020-03-02,7.527782
2020-03-03,10.378747
2020-03-04,12.350804
2020-03-05,7.225206
2020-03-06,3.1130548
2020-03-07,5.8191657
2020-03-08,10.19721
2020-03-09,12.309148
2020-03-10,22.042795
2020-03-11,58.45732
2020-03-12,96.387505
2020-03-13,168.61084
2020-03-14,194.89687
2020-03-15,100.31101
2020-03-16,25.622864
2020-03-17,9.965747
2020-03-18,6.213534
2020-03-19,12.658569
2020-03-20,31.09004
2020-03-21,31.735561
2020-03-22,9.494735
2020-03-23,39.315426
2020-03-24,55.83058
2020-03-25,26.253635
2020-03-26,26.785381
2020-03-27,27.898308
2020-03-28,6.4100432
2020-03-29,6.9575906
2020-03-30,6.1512604
2020-03-31,9.706021
2020-04-01,29.151876
2020-04-02,66.74966
2020-04-03,46.007584
2020-04-04,11.371947
2020-04-05,5.899868
2020-04-06,7.048599
2020-04-07,10.253687
2020-04-08,11.033535
2020-04-09,5.9606156
2020-04-10,5.6171436
2020-04-11,6.717591
2020-04-12,7.6976314
2020-04-13,6.7466345
2020-04-14,14.538043
2020-04-15,22.88928
2020-04-16,21.27694
2020-04-17,15.841659
2020-04-18,7.7992053
2020-04-19,8.551492
2020-04-20,13.015869
2020-04-21,21.280907
2020-04-22,28.148937
2020-04-23,19.743002
2020-04-24,18.10562
2020-04-25,13.309224
2020-04-26,6.1792865
2020-04-27,6.9149804
2020-04-28,8.913411
2020-04-29,4.680973
2020-04-30,7.3946805
2020-05-01,14.24208
2020-05-02,19.682587
2020-05-03,11.087049
2020-05-04,8.39671
2020-05-05,5.681697
2020-05-06,4.6893187
2020-05-07,8.2516775
2020-05-08,14.95097
2020-05-09,14.200758
2020-05-10,8.102399
2020-05-11,4.2803364
2020-05-12,18.63133
2020-05-13,40.375835
2020-05-14,41.055977
2020-05-15,18.153276
2020-05-16,9.173931
2020-05-17,8.372778
2020-05-18,10.237557
2020-05-19,11.996116
2020-05-20,5.999147
2020-05-21,4.3645663
2020-05-22,5.043672
2020-05-23,5.208641
2020-05-24,5.1800823
2020-05-25,6.6441455
2020-05-26,10.769767
2020-05-27,14.004811
2020-05-28,15.51535
2020-05-29,14.69328
2020-05-30,21.358164
2020-05-31,22.47627
2020-06-01,15.603568
2020-06-02,6.878781
2020-06-03,4.9989095
2020-06-04,4.906704
2020-06-05,5.2116904
2020-06-06,5.6450706
2020-06-07,6.5050225
2020-06-08,5.0605707
2020-06-09,4.79456
2020-06-10,10.60759
2020-06-11,33.408855
2020-06-12,50.833504
2020-06-13,33.837215
2020-06-14,7.85673
2020-06-15,7.9004927
2020-06-16,9.005263
2020-06-17,7.50509
2020-06-18,9.372254
2020-06-19,9.999736
2020-06-20,11.001108
2020-06-21,8.064363
2020-06-22,12.097885
2020-06-23,13.315504
2020-06-24,7.018502
2020-06-25,5.314046
2020-06-26,6.430523
2020-06-27,6.365353
2020-06-28,6.0240335
2020-06-29,7.9070225
2020-06-30,6.498421
2020-07-01,6.0308943
2020-07-02,6.5744324
2020-07-03,7.820467
2020-07-04,6.8004394
2020-07-05,9.443435
2020-07-06,12.326409
2020-07-07,13.465177
2020-07-08,9.655735
2020-07-09,6.339253
2020-07-10,5.9818835
2020-07-11,6.2379723
2020-07-12,6.9358826
2020-07-13,9.129105
2020-07-14,6.8627634
2020-07-15,6.134697
2020-07-16,6.493051
2020-07-17,6.2219014
2020-07-18,6.8888826
2020-07-19,7.090625
2020-07-20,7.9276347
2020-07-21,7.4145265
2020-07-22,10.737851
2020-07-23,9.599894
2020-07-24,9.659213
2020-07-25,12.259373
2020-07-26,11.648279
2020-07-27,7.422568
2020-07-28,5.944016
2020-07-29,4.8052387
2020-07-30,9.005056
2020-07-31,19.371115
2020-08-01,13.962702
2020-08-02,4.997273
2020-08-03,4.1443067
2020-08-04,4.45282
2020-08-05,5.592528
2020-08-06,6.1969075
2020-08-07,7.3186383
2020-08-08,9.701988
2020-08-09,6.9495153
2020-08-10,5.639635
2020-08-11,5.2675457
2020-08-12,5.2047353
2020-08-13,6.693496
2020-08-14,11.289011
2020-08-15,10.707478
2020-08-16,6.581481
2020-08-17,4.9243426
2020-08-18,8.883407
2020-08-19,22.46481
2020-08-20,20.671158
2020-08-21,6.0309067
2020-08-22,5.3037343
2020-08-23,9.568437
2020-08-24,11.148789
2020-08-25,4.698989
2020-08-26,4.583955
2020-08-27,4.4710183
2020-08-28,4.001234
2020-08-29,5.590704
2020-08-30,9.43949
2020-08-31,9.262749
2020-09-01,8.67206
2020-09-02,21.768732
2020-09-03,28.684315
2020-09-04,9.916888
2020-09-05,9.384278
2020-09-06,4.231474
2020-09-07,4.973507
2020-09-08,18.086397
2020-09-09,23.568605
2020-09-10,5.622522
2020-09-11,4.852716
2020-09-12,5.71097
2020-09-13,7.9532657
2020-09-14,7.011824
2020-09-15,4.612251
2020-09-16,9.593134
2020-09-17,18.247652
2020-09-18,33.60028
2020-09-19,44.63822
2020-09-20,33.524456
2020-09-21,14.615439
2020-09-22,4.662765
2020-09-23,3.9864767
2020-09-24,5.9692583
2020-09-25,6.9254093
2020-09-26,4.6475024
2020-09-27,4.9848943
2020-09-28,4.83042
2020-09-29,4.59898
2020-09-30,5.9677663
2020-10-01,5.2404637
2020-10-02,3.9930844
2020-10-03,5.1091495
2020-10-04,7.767055
2020-10-05,7.047041
2020-10-06,6.781416
2020-10-07,7.102333
2020-10-08,6.5898237
2020-10-09,9.518478
2020-10-10,8.936396
2020-10-11,6.335033
2020-10-12,4.882083
2020-10-13,8.93054
2020-10-14,10.899031
2020-10-15,6.945806
2020-10-16,4.669607
2020-10-17,4.913185
2020-10-18,4.4956107
2020-10-19,5.108536
2020-10-20,5.619141
2020-10-21,7.081092
2020-10-22,8.18341
2020-10-23,4.3837714
2020-10-24,3.3858104
2020-10-25,3.9363225
2020-10-26,9.43118
2020-10-27,17.284103
2020-10-28,24.655878
2020-10-29,28.734509
2020-10-30,23.689962
2020-10-31,17.454416
2020-11-01,31.085417
2020-11-02,48.094627
2020-11-03,15.589118
2020-11-04,21.885824
2020-11-05,44.281517
2020-11-06,55.739155
2020-11-07,28.5604
2020-11-08,47.763798
2020-11-09,91.16273
2020-11-10,97.085075
2020-11-11,78.2816
2020-11-12,82.199394
2020-11-13,96.50299
2020-11-14,83.30009
2020-11-15,87.87764
2020-11-16,93.28996
2020-11-17,70.54046
2020-11-18,77.10387
2020-11-19,104.544235
2020-11-20,80.07032
2020-11-21,35.352047
2020-11-22,28.432625
2020-11-23,26.751974
2020-11-24,25.845083
2020-11-25,34.27253
2020-11-26,43.324856
2020-11-27,55.15877
2020-11-28,89.05327
2020-11-29,78.85741
2020-11-30,36.674305
2020-12-01,27.107445
2020-12-02,18.2913
2020-12-03,17.723263
2020-12-04,17.10659
2020-12-05,14.594296
2020-12-06,13.32821
2020-12-07,12.739743
2020-12-08,14.277855
2020-12-09,15.535592
2020-12-10,13.447951
2020-12-11,13.430472
2020-12-12,13.044989
2020-12-13,10.052538
2020-12-14,9.597009
2020-12-15,9.739655
2020-12-16,10.059316
2020-12-17,9.682393
2020-12-18,8.710245
2020-12-19,20.189526
2020-12-20,22.767006
2020-12-21,10.490304
2020-12-22,8.785884
2020-12-23,10.385096
2020-12-24,29.912046
2020-12-25,46.388775
2020-12-26,27.965681
2020-12-27,8.885525
2020-12-28,7.6506577
2020-12-29,21.045113
2020-12-30,41.25817
2020-12-31,49.512478
2021-01-01,33.59375
2021-01-02,11.319584
2021-01-03,9.525303
2021-01-04,9.172704
2021-01-05,7.4822073
2021-01-06,14.740886
2021-01-07,14.5702
2021-01-08,6.3058167
2021-01-09,8.575584
2021-01-10,10.03974
2021-01-11,8.249665
2021-01-12,5.896361
2021-01-13,4.7857785
2021-01-14,4.6616673
2021-01-15,5.1477227
2021-01-16,9.440728
2021-01-17,10.44731
2021-01-18,5.8184466
2021-01-19,4.1907167
2021-01-20,4.034387
2021-01-21,3.9705398
2021-01-22,3.9899979
2021-01-23,4.561438
2021-01-24,5.1385555
2021-01-25,4.3481026
2021-01-26,3.9407802
2021-01-27,3.5688357
2021-01-28,3.862143
2021-01-29,5.4558616
2021-01-30,5.021285
2021-01-31,3.2670717
2021-02-01,3.7200842
2021-02-02,4.0462537
2021-02-03,3.483779
2021-02-04,3.1644862
2021-02-05,3.0548668
2021-02-06,3.4550366
2021-02-07,3.8272314
2021-02-08,4.151342
2021-02-09,11.489643
2021-02-10,18.645332
2021-02-11,11.900317
2021-02-12,28.122486
2021-02-13,36.99679
2021-02-14,22.59887
2021-02-15,22.192606
2021-02-16,17.308977
2021-02-17,6.516189
2021-02-18,5.209161
2021-02-19,17.8164
2021-02-20,20.889727
2021-02-21,10.865525
2021-02-22,29.959846
2021-02-23,27.462648
2021-02-24,5.031099
2021-02-25,3.6724532
2021-02-26,4.604164
2021-02-27,52.636032
2021-02-28,141.70537
2021-03-01,122.94873
2021-03-02,113.96912
2021-03-03,102.44933
2021-03-04,60.2263
2021-03-05,23.54355
2021-03-06,9.326224
2021-03-07,7.638467
2021-03-08,5.550671
2021-03-09,5.386809
2021-03-10,20.908716
2021-03-11,31.657848
2021-03-12,31.38361
2021-03-13,40.316364
2021-03-14,69.16119
2021-03-15,80.67086
2021-03-16,51.269894
2021-03-17,80.15829
2021-03-18,121.32868
2021-03-19,74.34347
2021-03-20,58.29894
2021-03-21,39.924046
2021-03-22,10.189995
2021-03-23,15.624015
2021-03-24,27.499231
2021-03-25,23.264309
2021-03-26,23.338179
2021-03-27,46.229755
2021-03-28,37.710667
2021-03-29,11.881432
2021-03-30,7.510098
2021-03-31,7.045455
2021-04-01,7.880514
2021-04-02,11.065583
2021-04-03,21.625607
2021-04-04,20.429602
2021-04-05,30.06775
2021-04-06,40.177338
2021-04-07,25.046198
2021-04-08,14.796273
2021-04-09,13.003443
2021-04-10,15.178276
2021-04-11,8.560492
2021-04-12,10.385678
2021-04-13,13.456965
2021-04-14,7.592981
2021-04-15,10.300873
2021-04-16,9.13396
2021-04-17,6.2125826
2021-04-18,7.5021954
2021-04-19,5.518192
2021-04-20,3.883623
2021-04-21,3.8109524
2021-04-22,4.1150675
2021-04-23,4.2872334
2021-04-24,6.8924966
2021-04-25,9.896278
2021-04-26,12.894501
2021-04-27,41.914387
2021-04-28,57.83664
2021-04-29,52.254154
2021-04-30,80.792755
2021-05-01,74.44969
2021-05-02,88.28908
2021-05-03,120.4903
2021-05-04,116.83252
2021-05-05,88.28675
2021-05-06,69.967285
2021-05-07,124.83354
2021-05-08,100.276054
2021-05-09,54.855507
2021-05-10,39.74252
2021-05-11,53.763416
2021-05-12,27.764584
2021-05-13,25.593012
2021-05-14,25.432646
2021-05-15,22.171305
2021-05-16,24.061201
2021-05-17,56.680008
2021-05-18,73.39298
2021-05-19,42.2411
2021-05-20,21.879671
2021-05-21,19.204203
2021-05-22,19.501701
2021-05-23,19.183462
2021-05-24,18.97678
2021-05-25,21.605429
2021-05-26,21.918274
2021-05-27,20.503029
2021-05-28,28.370676
2021-05-29,42.644146
2021-05-30,59.726597
2021-05-31,50.102364
2021-06-01,34.953197
2021-06-02,23.259546
2021-06-03,18.773703
2021-06-04,19.226017
2021-06-05,16.703821
2021-06-06,16.488167
2021-06-07,20.014053
2021-06-08,22.814434
2021-06-09,24.115273
2021-06-10,28.36573
2021-06-11,50.42278
2021-06-12,62.909378
2021-06-13,44.44326
2021-06-14,28.687805
2021-06-15,27.541874
2021-06-16,26.416304
2021-06-17,14.417417
2021-06-18,16.406893
2021-06-19,16.461626
2021-06-20,23.71242
2021-06-21,30.484642
2021-06-22,19.494421
2021-06-23,16.078432
2021-06-24,19.812061
2021-06-25,21.754208
2021-06-26,15.843288
2021-06-27,14.345183
2021-06-28,13.626996
2021-06-29,12.6827345
2021-06-30,13.794403
2021-07-01,14.498007
2021-07-02,14.019504
2021-07-03,13.486844
2021-07-04,14.751299
2021-07-05,12.963256
2021-07-06,12.615444
2021-07-07,13.712377
2021-07-08,12.3503
2021-07-09,19.084948
2021-07-10,21.676167
2021-07-11,17.504047
2021-07-12,19.069937
2021-07-13,14.189482
2021-07-14,14.180151
2021-07-15,12.517922
2021-07-16,11.871023
2021-07-17,11.285013
2021-07-18,11.376853
2021-07-19,13.890545
2021-07-20,15.700558
2021-07-21,13.466748
2021-07-22,18.833319
2021-07-23,18.845968
2021-07-24,21.33592
2021-07-25,29.385117
2021-07-26,24.137266
2021-07-27,17.366423
2021-07-28,18.18358
2021-07-29,13.808019
2021-07-30,14.125414
2021-07-31,15.10434
2021-08-01,13.540884
2021-08-02,16.131327
2021-08-03,19.083624
2021-08-04,14.513691
2021-08-05,11.25332
2021-08-06,10.914125
2021-08-07,10.9348135
2021-08-08,19.139677
2021-08-09,25.562038
2021-08-10,19.012665
2021-08-11,13.870425
2021-08-12,13.166488
2021-08-13,13.421981
2021-08-14,13.739721
2021-08-15,19.21053
2021-08-16,18.065168
2021-08-17,13.555397
2021-08-18,13.806782
2021-08-19,13.129748
2021-08-20,37.295822
2021-08-21,52.41917
2021-08-22,16.805193
2021-08-23,17.372013
2021-08-24,17.416609
2021-08-25,13.158192
2021-08-26,11.809552
2021-08-27,8.918744
2021-08-28,8.9936
2021-08-29,9.917126
2021-08-30,11.198168
2021-08-31,12.136813
2021-09-01,22.83026
2021-09-02,22.510805
2021-09-03,9.625014
2021-09-04,8.3252325
2021-09-05,10.17176
2021-09-06,12.710314
2021-09-07,17.171257
2021-09-08,19.54955
2021-09-09,12.123866
2021-09-10,10.366551
2021-09-11,9.475741
2021-09-12,12.549614
2021-09-13,12.358748
2021-09-14,7.8549914
2021-09-15,7.9304914
2021-09-16,10.306327
2021-09-17,12.556097
2021-09-18,8.15202
2021-09-19,11.024739
2021-09-20,13.849201
2021-09-21,11.42166
2021-09-22,15.471821
2021-09-23,19.159584
2021-09-24,24.685846
2021-09-25,20.304363
2021-09-26,15.172812
2021-09-27,7.810885
2021-09-28,9.69025
2021-09-29,15.301774
2021-09-30,27.972307
2021-10-01,28.900412
2021-10-02,16.235239
2021-10-03,8.347172
2021-10-04,7.2219977
2021-10-05,8.287277
2021-10-06,9.773434
2021-10-07,9.308228
2021-10-08,7.9706388
2021-10-09,10.761031
2021-10-10,20.401852
2021-10-11,29.888777
2021-10-12,30.862267
2021-10-13,12.387426
2021-10-14,14.352953
2021-10-15,21.766718
2021-10-16,20.183435
2021-10-17,19.007618
2021-10-18,16.639582
2021-10-19,8.657796
2021-10-20,8.714657
2021-10-21,27.954401
2021-10-22,38.686253
2021-10-23,29.726368
2021-10-24,32.21035
2021-10-25,34.81613
2021-10-26,46.60994
2021-10-27,39.114674
2021-10-28,33.32727
2021-10-29,81.03108
2021-10-30,101.93365
2021-10-31,74.36986
2021-11-01,78.76279
2021-11-02,76.46885
2021-11-03,60.533916
2021-11-04,60.152325
2021-11-05,49.06651
2021-11-06,17.935608
2021-11-07,11.722073
2021-11-08,13.744323
2021-11-09,17.278639
2021-11-10,23.062748
2021-11-11,21.558952
2021-11-12,14.436422
2021-11-13,20.090244
2021-11-14,19.896658
2021-11-15,17.133451
2021-11-16,18.718283
2021-11-17,15.151033
2021-11-18,12.413025
2021-11-19,11.732445
2021-11-20,18.706722
2021-11-21,19.897797
2021-11-22,11.4444
2021-11-23,13.5720215
2021-11-24,29.430902
2021-11-25,41.36121
2021-11-26,61.732956
2021-11-27,50.056805
2021-11-28,12.286022
2021-11-29,11.938821
2021-11-30,9.770619
2021-12-01,9.964086
2021-12-02,10.281297
2021-12-03,10.070924
2021-12-04,8.1905575
2021-12-05,7.827312
2021-12-06,7.9396014
2021-12-07,7.8664494
2021-12-08,7.5729694
2021-12-09,14.517389
2021-12-10,24.031652
2021-12-11,28.080664
2021-12-12,22.522842
2021-12-13,10.280596
2021-12-14,8.224567
2021-12-15,14.708513
2021-12-16,17.67526
2021-12-17,15.13433
2021-12-18,16.090538
2021-12-19,18.938225
2021-12-20,19.818121
2021-12-21,31.57792
2021-12-22,35.295048
2021-12-23,22.333876
2021-12-24,16.713894
2021-12-25,11.025305
2021-12-26,8.494806
2021-12-27,8.784712
2021-12-28,9.546318
2021-12-29,7.6552134
2021-12-30,7.890351
2021-12-31,10.559284
2022-01-01,8.405225
2022-01-02,5.9585934
2022-01-03,6.4457407
2022-01-04,10.720185
2022-01-05,12.45517
2022-01-06,10.787478
2022-01-07,8.471011
2022-01-08,7.5589147
2022-01-09,17.724789
2022-01-10,15.7832775
2022-01-11,6.984336
2022-01-12,8.568832
2022-01-13,11.824878
2022-01-14,12.378518
2022-01-15,7.8347573
2022-01-16,4.439644
2022-01-17,4.6421046
2022-01-18,7.083948
2022-01-19,6.723796
2022-01-20,3.861013
2022-01-21,3.780664
2022-01-22,4.5238643
2022-01-23,7.0531197
2022-01-24,14.240134
2022-01-25,28.090492
2022-01-26,29.973492
2022-01-27,24.837059
2022-01-28,23.124186
2022-01-29,10.791433
2022-01-30,4.536743
2022-01-31,4.1720076
2022-02-01,4.3896666
2022-02-02,4.8617916
2022-02-03,3.6239398
2022-02-04,6.8068714
2022-02-05,22.173409
2022-02-06,33.3441
2022-02-07,20.509398
2022-02-08,10.782381
2022-02-09,22.640314
2022-02-10,39.01502
2022-02-11,30.958994
2022-02-12,14.509095
2022-02-13,21.59029
2022-02-14,31.007896
2022-02-15,24.145563
2022-02-16,14.363244
2022-02-17,6.993334
2022-02-18,18.620321
2022-02-19,31.657852
2022-02-20,24.863995
2022-02-21,21.129549
2022-02-22,13.626881
2022-02-23,16.221052
2022-02-24,25.20513
2022-02-25,23.19866
2022-02-26,13.498798
2022-02-27,20.085718
2022-02-28,34.399723
2022-03-01,23.991653
2022-03-02,12.651742
2022-03-03,12.277027
2022-03-04,12.738464
2022-03-05,39.770496
2022-03-06,88.82534
2022-03-07,78.75877
2022-03-08,17.906988
2022-03-09,10.325891
2022-03-10,17.606504
2022-03-11,32.32473
2022-03-12,61.890297
2022-03-13,61.921215
2022-03-14,55.58551
2022-03-15,60.021046
2022-03-16,36.747677
2022-03-17,33.89131
2022-03-18,21.610956
2022-03-19,9.476074
2022-03-20,8.830149
2022-03-21,15.2153
2022-03-22,15.715999
2022-03-23,11.684437
2022-03-24,8.10646
2022-03-25,7.270036
2022-03-26,9.72586
2022-03-27,24.970377
2022-03-28,25.66683
2022-03-29,9.328173
2022-03-30,9.395204
2022-03-31,8.931991
2022-04-01,7.713807
2022-04-02,6.459292
2022-04-03,7.9419537
2022-04-04,10.4099865
2022-04-05,11.971298
2022-04-06,14.5833025
2022-04-07,12.962644
2022-04-08,8.837763
2022-04-09,8.158023
2022-04-10,6.9213614
2022-04-11,6.669221
2022-04-12,7.1039114
2022-04-13,6.6458554
2022-04-14,5.590982
2022-04-15,6.0099916
2022-04-16,11.423129
2022-04-17,62.132828
2022-04-18,109.41686
2022-04-19,69.102135
2022-04-20,76.48418
2022-04-21,77.59509
2022-04-22,88.01599
2022-04-23,77.207245
2022-04-24,70.79331
2022-04-25,71.07212
2022-04-26,46.836964
2022-04-27,38.658504
2022-04-28,46.000965
2022-04-29,40.028877
2022-04-30,26.317015
2022-05-01,21.094948
2022-05-02,12.955822
2022-05-03,11.278533
2022-05-04,10.622853
2022-05-05,11.367135
2022-05-06,38.47886
2022-05-07,78.34671
2022-05-08,109.46245
2022-05-09,82.246025
2022-05-10,65.57372
2022-05-11,77.01501
2022-05-12,71.16178
2022-05-13,57.823277
2022-05-14,24.687227
2022-05-15,21.83336
2022-05-16,22.657225
2022-05-17,40.16604
2022-05-18,59.90553
2022-05-19,63.311546
2022-05-20,53.442154
2022-05-21,25.315208
2022-05-22,21.853266
2022-05-23,21.805885
2022-05-24,23.731089
2022-05-25,27.437912
2022-05-26,30.11009
2022-05-27,30.93612
2022-05-28,26.93779
2022-05-29,24.165564
2022-05-30,22.96478
2022-05-31,23.08978
2022-06-01,8.8082
2022-06-02,22.135263
2022-06-03,28.3031
2022-06-04,42.261654
2022-06-05,43.32076
2022-06-06,39.264484
2022-06-07,42.403374
2022-06-08,61.509705
2022-06-09,63.646416
2022-06-10,33.957283
2022-06-11,21.026653
2022-06-12,24.699417
2022-06-13,33.685036
2022-06-14,28.976858
2022-06-15,21.433573
2022-06-16,20.617552
2022-06-17,25.157598
2022-06-18,26.474445
2022-06-19,21.242092
2022-06-20,23.111317
2022-06-21,28.992203
2022-06-22,27.336594
2022-06-23,19.695496
2022-06-24,26.661524
2022-06-25,35.80558
2022-06-26,36.69186
2022-06-27,41.04763
2022-06-28,44.975914
2022-06-29,43.951336
2022-06-30,24.143347
2022-07-01,5.156029
2022-07-02,17.464003
2022-07-03,18.648733
2022-07-04,21.420525
2022-07-05,23.110481
2022-07-06,17.119562
2022-07-07,16.860909
2022-07-08,24.558432
2022-07-09,36.25232
2022-07-10,22.932823
2022-07-11,20.818356
2022-07-12,23.998905
2022-07-13,20.253647
2022-07-14,21.81096
2022-07-15,23.83846
2022-07-16,22.381971
2022-07-17,19.41167
2022-07-18,19.766922
2022-07-19,16.910358
2022-07-20,15.683103
2022-07-21,16.694181
2022-07-22,15.904023
2022-07-23,15.025131
2022-07-24,14.783216
2022-07-25,15.563631
2022-07-26,16.119658
2022-07-27,14.975807
2022-07-28,24.209568
2022-07-29,31.649889
2022-07-30,19.706434
2022-07-31,14.249912
2022-08-01,4.050082
2022-08-02,15.913059
2022-08-03,20.529497
2022-08-04,16.346983
2022-08-05,16.860096
2022-08-06,22.241331
2022-08-07,22.896524
2022-08-08,12.742592
2022-08-09,22.123665
2022-08-10,42.741093
2022-08-11,36.382545
2022-08-12,14.53533
2022-08-13,14.7483
2022-08-14,18.192114
2022-08-15,18.13254
2022-08-16,14.290973
2022-08-17,11.206054
2022-08-18,10.481296
2022-08-19,9.881851
2022-08-20,10.640724
2022-08-21,14.229356
2022-08-22,18.567022
2022-08-23,14.619564
2022-08-24,10.436875
2022-08-25,10.077108
2022-08-26,11.081225
2022-08-27,13.013242
2022-08-28,11.050573
2022-08-29,15.540471
2022-08-30,23.396566
2022-08-31,14.69614
2022-09-01,4.204177
2022-09-02,20.69895
2022-09-03,25.61967
2022-09-04,16.672647
2022-09-05,18.19782
2022-09-06,12.375323
2022-09-07,10.754982
2022-09-08,9.072983
2022-09-09,9.745076
2022-09-10,12.72215
2022-09-11,13.660788
2022-09-12,13.998803
2022-09-13,18.637472
2022-09-14,15.40843
2022-09-15,12.000457
2022-09-16,10.295429
2022-09-17,10.925606
2022-09-18,9.799378
2022-09-19,10.749131
2022-09-20,17.86444
2022-09-21,28.723064
2022-09-22,35.491055
2022-09-23,27.555124
2022-09-24,25.03855
2022-09-25,24.536562
2022-09-26,10.087872
2022-09-27,7.9937453
2022-09-28,12.431684
2022-09-29,35.286053
2022-09-30,44.57941
2022-10-01,5.228302
2022-10-02,15.076259
2022-10-03,9.29026
2022-10-04,7.8395305
2022-10-05,16.303144
2022-10-06,43.612373
2022-10-07,45.273594
2022-10-08,21.227245
2022-10-09,18.297531
2022-10-10,10.333154
2022-10-11,7.8125415
2022-10-12,7.6694775
2022-10-13,15.488937
2022-10-14,23.982811
2022-10-15,24.376026
2022-10-16,20.537079
2022-10-17,26.569933
2022-10-18,46.256023
2022-10-19,48.23229
2022-10-20,40.820473
2022-10-21,33.200783
2022-10-22,34.315113
2022-10-23,27.243225
2022-10-24,13.612399
2022-10-25,18.111738
2022-10-26,35.34058
2022-10-27,49.95836
2022-10-28,48.459084
2022-10-29,61.60552
2022-10-30,60.206287
2022-10-31,16.33819
2022-11-01,3.2867124
2022-11-02,12.984559
2022-11-03,20.69973
2022-11-04,21.406471
2022-11-05,32.968845
2022-11-06,56.655064
2022-11-07,72.97243
2022-11-08,79.53022
2022-11-09,117.65916
2022-11-10,166.98492
2022-11-11,154.28839
2022-11-12,83.478294
2022-11-13,79.50623
2022-11-14,75.05361
2022-11-15,57.23386
2022-11-16,41.30515
2022-11-17,41.252827
2022-11-18,59.29964
2022-11-19,87.06767
2022-11-20,83.87812
2022-11-21,68.38125
2022-11-22,74.88035
2022-11-23,64.88509
2022-11-24,41.921856
2022-11-25,56.792004
2022-11-26,62.345375
2022-11-27,70.41911
2022-11-28,86.63429
2022-11-29,86.72172
2022-11-30,77.401794
2022-12-01,7.7731457
2022-12-02,28.660236
2022-12-03,39.513317
2022-12-04,58.860775
2022-12-05,83.72719
2022-12-06,84.30064
2022-12-07,67.96417
2022-12-08,57.36195
2022-12-09,37.472664
2022-12-10,29.039736
2022-12-11,28.841005
2022-12-12,29.634115
2022-12-13,32.230232
2022-12-14,32.43064
2022-12-15,25.882805
2022-12-16,23.87412
2022-12-17,23.73259
2022-12-18,24.001339
2022-12-19,23.371517
2022-12-20,21.784176
2022-12-21,21.184238
2022-12-22,20.729647
2022-12-23,20.281082
2022-12-24,19.760101
2022-12-25,19.768768
2022-12-26,27.536608
2022-12-27,27.165617
2022-12-28,24.6718
2022-12-29,49.30002
2022-12-30,46.11664
2022-12-31,26.70513
2023-01-01,7.013054
2023-01-02,29.593182
2023-01-03,38.844223
2023-01-04,37.879066
2023-01-05,32.72428
2023-01-06,21.568884
2023-01-07,22.277948
2023-01-08,29.880295
2023-01-09,28.18806
2023-01-10,32.474575
2023-01-11,43.828754
2023-01-12,33.679268
2023-01-13,16.08179
2023-01-14,25.840517
2023-01-15,27.501108
2023-01-16,16.008389
2023-01-17,17.689125
2023-01-18,20.675556
2023-01-19,26.017923
2023-01-20,30.80607
2023-01-21,20.21666
2023-01-22,11.702958
2023-01-23,11.014204
2023-01-24,11.750604
2023-01-25,10.709783
2023-01-26,9.678771
2023-01-27,10.634447
2023-01-28,10.727122
2023-01-29,9.204911
2023-01-30,11.422177
2023-01-31,16.032135
2023-02-01,3.175591
2023-02-02,9.860619
2023-02-03,9.864711
2023-02-04,9.0273285
2023-02-05,8.491232
2023-02-06,7.4311285
2023-02-07,7.5078564
2023-02-08,7.716842
2023-02-09,7.5702267
2023-02-10,7.3991857
2023-02-11,7.589274
2023-02-12,7.5562673
2023-02-13,7.3390403
2023-02-14,7.50943
2023-02-15,7.6730337
2023-02-16,11.862824
2023-02-17,26.62183
2023-02-18,35.548748
2023-02-19,20.704622
2023-02-20,7.5434117
2023-02-21,15.833682
2023-02-22,30.1929
2023-02-23,23.791594
2023-02-24,8.985837
2023-02-25,16.726717
2023-02-26,16.622957
2023-02-27,9.951721
2023-02-28,9.994753
2023-03-01,2.7452238
2023-03-02,7.885892
2023-03-03,6.7745533
2023-03-04,8.05636
2023-03-05,12.502139
2023-03-06,12.101699
2023-03-07,67.33899
2023-03-08,123.789856
2023-03-09,119.6699
2023-03-10,93.97884
2023-03-11,80.799644
2023-03-12,105.376686
2023-03-13,109.66722
2023-03-14,78.41214
2023-03-15,48.049427
2023-03-16,59.40958
2023-03-17,90.89872
2023-03-18,106.321785
2023-03-19,58.473312
2023-03-20,27.867733
2023-03-21,21.052183
2023-03-22,23.219072
2023-03-23,30.704805
2023-03-24,32.67226
2023-03-25,18.29005
2023-03-26,13.425523
2023-03-27,11.313663
2023-03-28,21.80269
2023-03-29,57.6017
2023-03-30,52.8826
2023-03-31,20.884424
2023-04-01,4.817768
2023-04-02,14.047536
2023-04-03,12.716114
2023-04-04,9.268177
2023-04-05,38.908077
2023-04-06,64.767494
2023-04-07,53.31481
2023-04-08,56.36466
2023-04-09,58.70394
2023-04-10,40.025326
2023-04-11,31.241642
2023-04-12,14.844153
2023-04-13,12.192297
2023-04-14,9.889134
2023-04-15,10.140456
2023-04-16,50.52253
2023-04-17,127.77308
2023-04-18,142.77287
2023-04-19,85.324165
2023-04-20,30.504461
2023-04-21,41.388416
2023-04-22,89.00247
2023-04-23,123.25873
2023-04-24,87.67697
2023-04-25,73.80152
2023-04-26,78.48107
2023-04-27,61.091076
2023-04-28,70.902
2023-04-29,91.31379
2023-04-30,39.580715
2023-05-01,8.257666
2023-05-02,28.321318
2023-05-03,30.409016
2023-05-04,30.61829
2023-05-05,30.401571
2023-05-06,29.470804
2023-05-07,28.833435
2023-05-08,28.886707
2023-05-09,33.081192
2023-05-10,38.932873
2023-05-11,45.713684
2023-05-12,40.851185
2023-05-13,29.784838
2023-05-14,32.720615
2023-05-15,41.03998
2023-05-16,40.70703
2023-05-17,31.835272
2023-05-18,27.715849
2023-05-19,27.67097
2023-05-20,25.991598
2023-05-21,26.519768
2023-05-22,42.968643
2023-05-23,75.951706
2023-05-24,130.61986
2023-05-25,202.42844
2023-05-26,186.05779
2023-05-27,54.185364
2023-05-28,39.793327
2023-05-29,39.798363
2023-05-30,31.505817
2023-05-31,46.58703
2023-06-01,15.198129
2023-06-02,41.00408
2023-06-03,26.665094
2023-06-04,24.08223
2023-06-05,25.20809
2023-06-06,36.649944
2023-06-07,43.826393
2023-06-08,31.799541
2023-06-09,38.05973
2023-06-10,33.43133
2023-06-11,26.545252
2023-06-12,24.862988
2023-06-13,24.149137
2023-06-14,26.15495
2023-06-15,35.322765
2023-06-16,39.59478
2023-06-17,32.49936
2023-06-18,27.655926
2023-06-19,24.34838
2023-06-20,21.86285
2023-06-21,22.222635
2023-06-22,28.294294
2023-06-23,28.982977
2023-06-24,23.8324
2023-06-25,28.001652
2023-06-26,31.121979
2023-06-27,26.453968
2023-06-28,25.654076
2023-06-29,21.634272
2023-06-30,25.015203
