datetime,streamflow_m^3/s
1979-01-01,0.0
1979-01-02,0.79464114
1979-01-03,0.91024536
1979-01-04,0.8937603
1979-01-05,0.8676606
1979-01-06,0.88444513
1979-01-07,0.8679859
1979-01-08,0.8295023
1979-01-09,0.89601165
1979-01-10,0.89224005
1979-01-11,1.3917133
1979-01-12,0.84483933
1979-01-13,0.7421954
1979-01-14,0.72852886
1979-01-15,0.74070144
1979-01-16,0.8256042
1979-01-17,0.7651949
1979-01-18,0.68356895
1979-01-19,0.65758866
1979-01-20,0.6287355
1979-01-21,0.61864156
1979-01-22,0.6016064
1979-01-23,0.60602206
1979-01-24,0.59303623
1979-01-25,0.7197041
1979-01-26,0.98693347
1979-01-27,0.69954324
1979-01-28,0.96309066
1979-01-29,2.002687
1979-01-30,0.8936136
1979-01-31,0.6256888
1979-02-01,0.5022421
1979-02-02,0.48989886
1979-02-03,0.46978986
1979-02-04,0.45657688
1979-02-05,0.4465537
1979-02-06,0.43889397
1979-02-07,0.42893925
1979-02-08,0.4224894
1979-02-09,0.41158926
1979-02-10,0.40390643
1979-02-11,0.40252236
1979-02-12,0.4289562
1979-02-13,0.403077
1979-02-14,0.39045098
1979-02-15,0.39741185
1979-02-16,0.66148037
1979-02-17,0.38921592
1979-02-18,0.36041
1979-02-19,0.3698792
1979-02-20,0.33538455
1979-02-21,0.35391423
1979-02-22,0.32339215
1979-02-23,0.3423369
1979-02-24,0.32625118
1979-02-25,1.0081155
1979-02-26,0.36470777
1979-02-27,0.31126603
1979-02-28,0.48957548
1979-03-01,1.7927
1979-03-02,2.3117554
1979-03-03,2.442153
1979-03-04,6.6400924
1979-03-05,5.0513463
1979-03-06,4.8501167
1979-03-07,2.4089606
1979-03-08,2.0582533
1979-03-09,5.834248
1979-03-10,1.7805077
1979-03-11,0.387148
1979-03-12,0.29862514
1979-03-13,0.33197844
1979-03-14,0.3257753
1979-03-15,0.40171582
1979-03-16,0.9357526
1979-03-17,1.1255306
1979-03-18,0.9045435
1979-03-19,0.43599468
1979-03-20,1.1452823
1979-03-21,7.7387547
1979-03-22,7.285259
1979-03-23,2.4872887
1979-03-24,5.261891
1979-03-25,3.05452
1979-03-26,7.205535
1979-03-27,2.3102846
1979-03-28,3.0861864
1979-03-29,1.2022147
1979-03-30,0.9440715
1979-03-31,0.96144456
1979-04-01,0.9250237
1979-04-02,0.9317744
1979-04-03,0.9997464
1979-04-04,1.1030629
1979-04-05,1.1014051
1979-04-06,3.0516274
1979-04-07,1.3778704
1979-04-08,1.9869171
1979-04-09,1.5257279
1979-04-10,2.175046
1979-04-11,1.8610545
1979-04-12,8.363465
1979-04-13,3.4163916
1979-04-14,2.4843051
1979-04-15,10.101063
1979-04-16,30.08595
1979-04-17,6.154706
1979-04-18,5.872303
1979-04-19,5.9130993
1979-04-20,5.1317225
1979-04-21,3.143472
1979-04-22,4.374336
1979-04-23,3.6976209
1979-04-24,3.556924
1979-04-25,5.3942356
1979-04-26,7.9100327
1979-04-27,7.348218
1979-04-28,6.7565823
1979-04-29,10.148937
1979-04-30,4.5845675
1979-05-01,5.1652203
1979-05-02,5.021841
1979-05-03,3.9495075
1979-05-04,7.0256844
1979-05-05,4.5232797
1979-05-06,4.814196
1979-05-07,4.785123
1979-05-08,3.97194
1979-05-09,3.5655348
1979-05-10,3.8644493
1979-05-11,5.551624
1979-05-12,4.2275953
1979-05-13,3.6825254
1979-05-14,3.8272378
1979-05-15,3.5307877
1979-05-16,3.1668024
1979-05-17,5.6412377
1979-05-18,6.5685387
1979-05-19,4.6176558
1979-05-20,3.7935967
1979-05-21,3.9623823
1979-05-22,21.439314
1979-05-23,5.196981
1979-05-24,5.0184603
1979-05-25,2.580604
1979-05-26,2.496106
1979-05-27,2.9665902
1979-05-28,3.79898
1979-05-29,3.3981001
1979-05-30,2.9798777
1979-05-31,2.7326286
1979-06-01,4.236523
1979-06-02,5.398237
1979-06-03,2.0341742
1979-06-04,1.9069197
1979-06-05,2.0087242
1979-06-06,5.467084
1979-06-07,15.777667
1979-06-08,5.038313
1979-06-09,5.7259774
1979-06-10,3.8803947
1979-06-11,5.568428
1979-06-12,4.977954
1979-06-13,4.073658
1979-06-14,5.2445245
1979-06-15,8.303359
1979-06-16,4.497258
1979-06-17,3.0522192
1979-06-18,5.2566595
1979-06-19,13.569531
1979-06-20,38.736584
1979-06-21,9.67246
1979-06-22,6.295285
1979-06-23,6.54916
1979-06-24,6.313093
1979-06-25,5.8824463
1979-06-26,8.657537
1979-06-27,7.7605376
1979-06-28,6.6086855
1979-06-29,7.1356483
1979-06-30,4.937327
1979-07-01,5.165152
1979-07-02,7.0233335
1979-07-03,9.003802
1979-07-04,7.98754
1979-07-05,5.225687
1979-07-06,16.034943
1979-07-07,8.552284
1979-07-08,5.9443007
1979-07-09,4.375254
1979-07-10,4.6289053
1979-07-11,5.4281707
1979-07-12,5.0801535
1979-07-13,5.7706103
1979-07-14,6.2854257
1979-07-15,8.448287
1979-07-16,6.8006573
1979-07-17,8.931163
1979-07-18,9.897219
1979-07-19,5.846709
1979-07-20,8.300483
1979-07-21,12.382857
1979-07-22,6.965652
1979-07-23,6.3305807
1979-07-24,6.2909517
1979-07-25,5.6707997
1979-07-26,5.642478
1979-07-27,6.1545405
1979-07-28,8.80145
1979-07-29,5.514726
1979-07-30,5.229399
1979-07-31,4.268402
1979-08-01,5.1858864
1979-08-02,6.329122
1979-08-03,7.2791657
1979-08-04,7.6280212
1979-08-05,4.698652
1979-08-06,4.11438
1979-08-07,5.2613034
1979-08-08,4.7369056
1979-08-09,5.80102
1979-08-10,3.9033995
1979-08-11,3.4109638
1979-08-12,5.792087
1979-08-13,3.5822098
1979-08-14,3.8953657
1979-08-15,3.0450487
1979-08-16,3.2771437
1979-08-17,2.970063
1979-08-18,2.5957687
1979-08-19,2.731145
1979-08-20,3.4581442
1979-08-21,3.485805
1979-08-22,3.891591
1979-08-23,3.2271407
1979-08-24,2.306708
1979-08-25,3.551307
1979-08-26,3.2956276
1979-08-27,4.1643353
1979-08-28,3.8509767
1979-08-29,3.643084
1979-08-30,4.5184536
1979-08-31,8.559018
1979-09-01,3.794123
1979-09-02,2.8275776
1979-09-03,3.8010855
1979-09-04,3.1757283
1979-09-05,5.3782887
1979-09-06,4.409087
1979-09-07,3.5352356
1979-09-08,3.5804708
1979-09-09,3.6166947
1979-09-10,3.0378265
1979-09-11,2.756113
1979-09-12,2.5031679
1979-09-13,2.8861048
1979-09-14,2.8015964
1979-09-15,3.274237
1979-09-16,2.5133483
1979-09-17,3.2257586
1979-09-18,2.9739995
1979-09-19,3.1899614
1979-09-20,4.285974
1979-09-21,3.2312663
1979-09-22,4.434067
1979-09-23,3.0950098
1979-09-24,3.293263
1979-09-25,2.5919294
1979-09-26,2.7237186
1979-09-27,2.374289
1979-09-28,2.1906517
1979-09-29,2.061868
1979-09-30,1.7866102
1979-10-01,1.8061494
1979-10-02,2.9083107
1979-10-03,2.8649113
1979-10-04,2.514378
1979-10-05,2.345588
1979-10-06,3.1696165
1979-10-07,2.4372203
1979-10-08,3.3054268
1979-10-09,2.7294202
1979-10-10,2.441578
1979-10-11,2.192689
1979-10-12,1.7217326
1979-10-13,2.6653235
1979-10-14,2.09273
1979-10-15,1.7435416
1979-10-16,1.605067
1979-10-17,3.7831652
1979-10-18,5.374279
1979-10-19,6.399692
1979-10-20,5.2255406
1979-10-21,5.7514315
1979-10-22,8.059532
1979-10-23,10.546046
1979-10-24,10.02475
1979-10-25,6.089504
1979-10-26,5.643387
1979-10-27,9.365477
1979-10-28,6.9917893
1979-10-29,9.120101
1979-10-30,9.007198
1979-10-31,9.882291
1979-11-01,7.8857584
1979-11-02,5.8749914
1979-11-03,8.449709
1979-11-04,16.490866
1979-11-05,13.845
1979-11-06,7.6357884
1979-11-07,6.051402
1979-11-08,5.249983
1979-11-09,6.418763
1979-11-10,5.76116
1979-11-11,4.885279
1979-11-12,5.396095
1979-11-13,11.549086
1979-11-14,10.375447
1979-11-15,7.3100166
1979-11-16,8.817483
1979-11-17,11.392628
1979-11-18,7.4343567
1979-11-19,5.479523
1979-11-20,5.556976
1979-11-21,6.770446
1979-11-22,4.8199415
1979-11-23,10.9513
1979-11-24,6.4276657
1979-11-25,6.7426863
1979-11-26,7.8087926
1979-11-27,7.0343685
1979-11-28,6.9245014
1979-11-29,4.508016
1979-11-30,5.2895517
1979-12-01,5.131846
1979-12-02,4.0233507
1979-12-03,3.264347
1979-12-04,3.318205
1979-12-05,3.3582373
1979-12-06,2.8726606
1979-12-07,3.3385046
1979-12-08,4.137376
1979-12-09,3.6666646
1979-12-10,2.7877624
1979-12-11,3.2740467
1979-12-12,2.4382317
1979-12-13,2.1701765
1979-12-14,2.1306524
1979-12-15,2.5618987
1979-12-16,3.6332626
1979-12-17,2.3668406
1979-12-18,4.2493377
1979-12-19,4.09729
1979-12-20,7.4683332
1979-12-21,7.753315
1979-12-22,9.993158
1979-12-23,9.297845
1979-12-24,6.253943
1979-12-25,4.952251
1979-12-26,4.449354
1979-12-27,3.5762453
1979-12-28,3.2412012
1979-12-29,3.2983794
1979-12-30,3.5052328
1979-12-31,3.9067366
1980-01-01,3.57154
1980-01-02,3.1542058
1980-01-03,2.8658
1980-01-04,2.720833
1980-01-05,2.5950544
1980-01-06,2.4765527
1980-01-07,2.39312
1980-01-08,2.2624238
1980-01-09,2.0849223
1980-01-10,1.9788193
1980-01-11,1.8845247
1980-01-12,1.8080493
1980-01-13,1.7924109
1980-01-14,2.1480908
1980-01-15,2.2374206
1980-01-16,1.699172
1980-01-17,1.5255725
1980-01-18,1.5056374
1980-01-19,1.6925088
1980-01-20,1.5224252
1980-01-21,2.1527739
1980-01-22,2.2503338
1980-01-23,1.4471012
1980-01-24,1.3379413
1980-01-25,1.3872597
1980-01-26,1.1288185
1980-01-27,1.0363849
1980-01-28,1.0000346
1980-01-29,1.0022426
1980-01-30,1.0286202
1980-01-31,0.968089
1980-02-01,0.8760144
1980-02-02,0.872985
1980-02-03,0.9756994
1980-02-04,0.8228537
1980-02-05,0.8399663
1980-02-06,1.1398418
1980-02-07,1.1200019
1980-02-08,0.77630347
1980-02-09,0.7591712
1980-02-10,0.71949756
1980-02-11,0.69833857
1980-02-12,0.6491611
1980-02-13,0.6190491
1980-02-14,0.60706055
1980-02-15,0.59539706
1980-02-16,0.57096994
1980-02-17,0.5494694
1980-02-18,0.5379249
1980-02-19,0.53964376
1980-02-20,0.5432251
1980-02-21,0.52601415
1980-02-22,0.4847492
1980-02-23,0.46528843
1980-02-24,0.4539271
1980-02-25,0.4402684
1980-02-26,0.4363872
1980-02-27,0.4259911
1980-02-28,0.4044637
1980-02-29,0.39148247
1980-03-01,0.38085344
1980-03-02,0.37011048
1980-03-03,0.36216897
1980-03-04,0.35434023
1980-03-05,0.34442273
1980-03-06,0.33848813
1980-03-07,0.33453783
1980-03-08,0.31944203
1980-03-09,0.3116429
1980-03-10,0.30250308
1980-03-11,0.29658324
1980-03-12,0.34430087
1980-03-13,0.34397072
1980-03-14,0.47488964
1980-03-15,0.41637778
1980-03-16,0.3553778
1980-03-17,0.2886272
1980-03-18,0.26240098
1980-03-19,0.25498992
1980-03-20,0.5855613
1980-03-21,0.28312004
1980-03-22,0.23049815
1980-03-23,0.22825207
1980-03-24,0.30107677
1980-03-25,0.66489017
1980-03-26,1.3894786
1980-03-27,0.8502046
1980-03-28,1.0754051
1980-03-29,1.4925686
1980-03-30,0.93812317
1980-03-31,2.0552847
1980-04-01,0.657832
1980-04-02,0.3191552
1980-04-03,0.22433072
1980-04-04,0.19494481
1980-04-05,0.19091055
1980-04-06,0.18342319
1980-04-07,0.2053781
1980-04-08,0.40809053
1980-04-09,1.0570425
1980-04-10,1.240763
1980-04-11,0.32384223
1980-04-12,0.1996039
1980-04-13,0.52216
1980-04-14,0.62762
1980-04-15,0.52055764
1980-04-16,0.5817629
1980-04-17,0.82242733
1980-04-18,1.952146
1980-04-19,1.0077177
1980-04-20,8.7454
1980-04-21,6.740988
1980-04-22,2.3811522
1980-04-23,4.204473
1980-04-24,1.5659539
1980-04-25,6.2027707
1980-04-26,5.2766795
1980-04-27,1.9462548
1980-04-28,2.35671
1980-04-29,2.2720244
1980-04-30,1.7374599
1980-05-01,2.559357
1980-05-02,1.8209809
1980-05-03,1.9680344
1980-05-04,1.1875979
1980-05-05,1.0892767
1980-05-06,2.914831
1980-05-07,2.0863144
1980-05-08,6.281368
1980-05-09,4.544531
1980-05-10,2.4897232
1980-05-11,2.1419294
1980-05-12,2.4022958
1980-05-13,1.7335042
1980-05-14,9.778271
1980-05-15,4.631297
1980-05-16,2.8979275
1980-05-17,3.1442995
1980-05-18,3.758239
1980-05-19,2.5650487
1980-05-20,2.7200418
1980-05-21,3.8772502
1980-05-22,3.7925239
1980-05-23,3.6508048
1980-05-24,3.4900398
1980-05-25,3.3331003
1980-05-26,3.8447843
1980-05-27,3.6218507
1980-05-28,1.3710587
1980-05-29,2.114956
1980-05-30,3.8227394
1980-05-31,4.1288
1980-06-01,2.2262125
1980-06-02,3.2247565
1980-06-03,1.6683309
1980-06-04,1.5480223
1980-06-05,3.2458081
1980-06-06,2.5520892
1980-06-07,2.340911
1980-06-08,6.433425
1980-06-09,23.739515
1980-06-10,10.230197
1980-06-11,5.596662
1980-06-12,4.3234153
1980-06-13,2.7975397
1980-06-14,4.1197624
1980-06-15,2.5409663
1980-06-16,2.4091225
1980-06-17,4.556726
1980-06-18,2.9257483
1980-06-19,3.261149
1980-06-20,3.4927762
1980-06-21,2.6530714
1980-06-22,4.7321944
1980-06-23,2.6167703
1980-06-24,2.6957455
1980-06-25,3.0137265
1980-06-26,1.9343003
1980-06-27,2.9603753
1980-06-28,3.2673206
1980-06-29,7.51424
1980-06-30,5.2791758
1980-07-01,2.409404
1980-07-02,2.4037378
1980-07-03,3.8519878
1980-07-04,4.4383874
1980-07-05,3.317475
1980-07-06,13.315665
1980-07-07,3.4523795
1980-07-08,3.0036256
1980-07-09,2.8665295
1980-07-10,3.00098
1980-07-11,5.464092
1980-07-12,3.4658573
1980-07-13,7.426734
1980-07-14,4.2989674
1980-07-15,4.639771
1980-07-16,4.0524206
1980-07-17,4.3652883
1980-07-18,5.0666423
1980-07-19,4.6005383
1980-07-20,31.110218
1980-07-21,14.508513
1980-07-22,7.925885
1980-07-23,7.238222
1980-07-24,10.492173
1980-07-25,5.1381755
1980-07-26,5.421113
1980-07-27,5.232191
1980-07-28,3.658714
1980-07-29,3.704393
1980-07-30,4.394564
1980-07-31,4.52444
1980-08-01,4.7958035
1980-08-02,9.1494
1980-08-03,6.0734534
1980-08-04,3.6346197
1980-08-05,3.1195633
1980-08-06,2.7411816
1980-08-07,3.1103883
1980-08-08,3.5393865
1980-08-09,4.142965
1980-08-10,6.726497
1980-08-11,4.9253564
1980-08-12,9.4319315
1980-08-13,5.9459395
1980-08-14,3.9411442
1980-08-15,3.3114579
1980-08-16,4.1263733
1980-08-17,3.1712744
1980-08-18,3.5629022
1980-08-19,5.1380877
1980-08-20,2.7693186
1980-08-21,2.5125568
1980-08-22,2.844932
1980-08-23,3.416797
1980-08-24,2.755099
1980-08-25,2.53142
1980-08-26,2.641793
1980-08-27,2.6316833
1980-08-28,3.7204342
1980-08-29,4.8511915
1980-08-30,4.559005
1980-08-31,4.179165
1980-09-01,3.2059562
1980-09-02,3.7372215
1980-09-03,2.9536858
1980-09-04,4.0501866
1980-09-05,2.6278872
1980-09-06,4.9619336
1980-09-07,3.0915723
1980-09-08,2.7910903
1980-09-09,3.4816957
1980-09-10,4.2066207
1980-09-11,1.740662
1980-09-12,2.4573903
1980-09-13,4.699708
1980-09-14,3.4482694
1980-09-15,5.794758
1980-09-16,3.0468001
1980-09-17,2.634682
1980-09-18,2.9933224
1980-09-19,2.4204912
1980-09-20,3.3922975
1980-09-21,2.658808
1980-09-22,2.3739223
1980-09-23,2.9007518
1980-09-24,3.1157846
1980-09-25,2.7787733
1980-09-26,2.9478152
1980-09-27,1.6504632
1980-09-28,1.9361475
1980-09-29,2.355726
1980-09-30,3.564473
1980-10-01,3.033836
1980-10-02,1.7998157
1980-10-03,1.6232558
1980-10-04,2.5546849
1980-10-05,3.7949362
1980-10-06,3.8876612
1980-10-07,4.105771
1980-10-08,3.4853776
1980-10-09,7.151941
1980-10-10,3.912357
1980-10-11,1.9837824
1980-10-12,1.871713
1980-10-13,1.7982311
1980-10-14,3.2638412
1980-10-15,1.9461079
1980-10-16,1.9059666
1980-10-17,1.6491942
1980-10-18,3.1798453
1980-10-19,3.0029309
1980-10-20,2.0595067
1980-10-21,2.2336605
1980-10-22,2.129384
1980-10-23,2.7909925
1980-10-24,1.7071356
1980-10-25,2.451541
1980-10-26,2.7467856
1980-10-27,3.8693078
1980-10-28,3.2537768
1980-10-29,2.9355273
1980-10-30,2.926218
1980-10-31,1.693933
1980-11-01,1.731133
1980-11-02,2.402522
1980-11-03,2.254657
1980-11-04,6.476065
1980-11-05,3.0979974
1980-11-06,3.9116855
1980-11-07,8.386839
1980-11-08,26.78333
1980-11-09,18.41687
1980-11-10,7.8800917
1980-11-11,6.524418
1980-11-12,6.338707
1980-11-13,9.474981
1980-11-14,8.110932
1980-11-15,5.9322534
1980-11-16,4.87112
1980-11-17,4.0705705
1980-11-18,3.647114
1980-11-19,3.7819016
1980-11-20,3.1954792
1980-11-21,3.3588703
1980-11-22,2.9309928
1980-11-23,3.2472577
1980-11-24,4.1800838
1980-11-25,2.6907153
1980-11-26,3.4122987
1980-11-27,2.2543774
1980-11-28,2.3492627
1980-11-29,2.0743883
1980-11-30,1.9249531
1980-12-01,1.8551366
1980-12-02,1.8658433
1980-12-03,3.9297502
1980-12-04,1.7874541
1980-12-05,1.5051593
1980-12-06,1.6274886
1980-12-07,1.4553293
1980-12-08,1.3984286
1980-12-09,1.6768924
1980-12-10,1.5456889
1980-12-11,1.3851548
1980-12-12,1.7533201
1980-12-13,1.3125639
1980-12-14,1.2341869
1980-12-15,1.2267754
1980-12-16,1.2286382
1980-12-17,1.2166995
1980-12-18,1.8326836
1980-12-19,2.1526601
1980-12-20,1.6687235
1980-12-21,1.1979911
1980-12-22,0.94931287
1980-12-23,0.92977965
1980-12-24,0.94548714
1980-12-25,0.9553589
1980-12-26,1.0102886
1980-12-27,2.1473436
1980-12-28,1.6963238
1980-12-29,3.249052
1980-12-30,2.5738482
1980-12-31,1.0872144
1981-01-01,2.7113676
1981-01-02,1.0526927
1981-01-03,0.78451943
1981-01-04,0.732395
1981-01-05,0.7184873
1981-01-06,0.69746435
1981-01-07,0.7060219
1981-01-08,0.7619018
1981-01-09,1.2903222
1981-01-10,0.798306
1981-01-11,0.6157663
1981-01-12,0.59077436
1981-01-13,0.59292775
1981-01-14,1.1156934
1981-01-15,0.65981317
1981-01-16,0.4963022
1981-01-17,0.4808375
1981-01-18,0.47155645
1981-01-19,0.4691829
1981-01-20,0.49368042
1981-01-21,0.4516747
1981-01-22,0.4385356
1981-01-23,0.43606317
1981-01-24,0.43256664
1981-01-25,0.42682981
1981-01-26,0.4117718
1981-01-27,0.4206042
1981-01-28,0.3936544
1981-01-29,0.38270152
1981-01-30,0.37803036
1981-01-31,0.38154748
1981-02-01,0.37649453
1981-02-02,0.38067946
1981-02-03,0.35655084
1981-02-04,0.35585192
1981-02-05,0.36865368
1981-02-06,0.34428355
1981-02-07,0.32668695
1981-02-08,0.3198303
1981-02-09,0.34063816
1981-02-10,0.3135653
1981-02-11,0.3006945
1981-02-12,0.32060614
1981-02-13,0.30807617
1981-02-14,0.28443906
1981-02-15,0.48913577
1981-02-16,0.3158128
1981-02-17,0.4723928
1981-02-18,1.1404461
1981-02-19,1.723535
1981-02-20,1.3745846
1981-02-21,2.169967
1981-02-22,1.5054724
1981-02-23,3.8976672
1981-02-24,1.8443376
1981-02-25,4.0682187
1981-02-26,2.1448905
1981-02-27,1.1425958
1981-02-28,2.386738
1981-03-01,2.5698967
1981-03-02,3.101879
1981-03-03,2.3234403
1981-03-04,1.2026062
1981-03-05,2.164283
1981-03-06,1.9237362
1981-03-07,1.8140472
1981-03-08,3.9973702
1981-03-09,2.040496
1981-03-10,4.6083097
1981-03-11,3.955303
1981-03-12,1.7953527
1981-03-13,0.52408713
1981-03-14,0.4498258
1981-03-15,0.46904695
1981-03-16,1.2387041
1981-03-17,1.2096725
1981-03-18,0.6910821
1981-03-19,0.59726757
1981-03-20,0.74702877
1981-03-21,0.5772479
1981-03-22,0.5945929
1981-03-23,0.6556398
1981-03-24,0.5296291
1981-03-25,0.52171373
1981-03-26,0.47082737
1981-03-27,0.48105615
1981-03-28,0.582578
1981-03-29,0.46395126
1981-03-30,0.44830734
1981-03-31,0.44562504
1981-04-01,0.4454028
1981-04-02,0.43401965
1981-04-03,0.5003379
1981-04-04,1.2504638
1981-04-05,1.4711577
1981-04-06,3.7602646
1981-04-07,1.585958
1981-04-08,2.9690454
1981-04-09,3.4798064
1981-04-10,2.7919357
1981-04-11,1.8913358
1981-04-12,1.0437794
1981-04-13,2.1279955
1981-04-14,2.0204835
1981-04-15,3.0290182
1981-04-16,2.0760252
1981-04-17,4.311316
1981-04-18,7.751613
1981-04-19,4.5864573
1981-04-20,19.663141
1981-04-21,11.539603
1981-04-22,12.3307495
1981-04-23,10.089262
1981-04-24,6.9782643
1981-04-25,6.3868794
1981-04-26,5.7052045
1981-04-27,5.697897
1981-04-28,6.317685
1981-04-29,6.2852325
1981-04-30,4.2892714
1981-05-01,14.005078
1981-05-02,41.00354
1981-05-03,16.8465
1981-05-04,37.53249
1981-05-05,16.753428
1981-05-06,10.785771
1981-05-07,7.099104
1981-05-08,5.631575
1981-05-09,7.7920794
1981-05-10,7.6572
1981-05-11,16.327566
1981-05-12,9.974481
1981-05-13,6.680893
1981-05-14,6.7448187
1981-05-15,7.8169928
1981-05-16,8.456289
1981-05-17,6.8708477
1981-05-18,8.001289
1981-05-19,3.8403172
1981-05-20,3.6963644
1981-05-21,4.242913
1981-05-22,2.8837261
1981-05-23,4.0266967
1981-05-24,4.520355
1981-05-25,6.4303784
1981-05-26,5.3184423
1981-05-27,6.698056
1981-05-28,5.8281755
1981-05-29,6.3571324
1981-05-30,6.4872923
1981-05-31,10.74173
1981-06-01,11.688073
1981-06-02,4.8074594
1981-06-03,7.461149
1981-06-04,5.1096654
1981-06-05,3.9613202
1981-06-06,3.7035966
1981-06-07,3.6441567
1981-06-08,5.191234
1981-06-09,9.040699
1981-06-10,47.241947
1981-06-11,7.8729324
1981-06-12,4.943311
1981-06-13,7.1799626
1981-06-14,5.9705577
1981-06-15,7.2127123
1981-06-16,5.0115123
1981-06-17,4.9332275
1981-06-18,7.8976035
1981-06-19,9.587221
1981-06-20,6.892312
1981-06-21,5.8100104
1981-06-22,4.2692986
1981-06-23,4.2901773
1981-06-24,16.656872
1981-06-25,6.706063
1981-06-26,5.335391
1981-06-27,7.22153
1981-06-28,9.723983
1981-06-29,29.082926
1981-06-30,17.781101
1981-07-01,12.466644
1981-07-02,12.617034
1981-07-03,9.7662735
1981-07-04,10.14943
1981-07-05,11.822454
1981-07-06,11.165092
1981-07-07,9.46226
1981-07-08,9.98727
1981-07-09,7.312926
1981-07-10,10.067323
1981-07-11,6.3477793
1981-07-12,11.5814495
1981-07-13,7.8007307
1981-07-14,5.323383
1981-07-15,6.5667872
1981-07-16,7.906489
1981-07-17,5.583882
1981-07-18,6.1788535
1981-07-19,5.0956907
1981-07-20,7.6029496
1981-07-21,14.872803
1981-07-22,5.229666
1981-07-23,4.3814325
1981-07-24,4.4060984
1981-07-25,4.326231
1981-07-26,4.149256
1981-07-27,4.2029915
1981-07-28,4.0135193
1981-07-29,4.1514506
1981-07-30,5.015748
1981-07-31,5.3635
1981-08-01,8.560457
1981-08-02,5.4842587
1981-08-03,7.2229404
1981-08-04,4.0601506
1981-08-05,4.3334804
1981-08-06,4.58174
1981-08-07,4.3424516
1981-08-08,3.9840636
1981-08-09,3.7872748
1981-08-10,2.9427996
1981-08-11,2.6832585
1981-08-12,3.8116324
1981-08-13,3.4034116
1981-08-14,2.8754354
1981-08-15,2.9634247
1981-08-16,3.5136483
1981-08-17,2.5365384
1981-08-18,2.575112
1981-08-19,3.1771896
1981-08-20,3.1911936
1981-08-21,2.0312257
1981-08-22,2.9492543
1981-08-23,3.14993
1981-08-24,5.045376
1981-08-25,6.1374965
1981-08-26,6.5390534
1981-08-27,3.6515818
1981-08-28,2.8260944
1981-08-29,1.9758446
1981-08-30,2.4656246
1981-08-31,3.1252527
1981-09-01,4.674706
1981-09-02,1.9060243
1981-09-03,2.7865734
1981-09-04,1.8319981
1981-09-05,2.9898615
1981-09-06,2.9100258
1981-09-07,2.2700672
1981-09-08,3.1342452
1981-09-09,2.7429876
1981-09-10,3.8439345
1981-09-11,2.2908883
1981-09-12,3.5469806
1981-09-13,2.6206763
1981-09-14,1.7812778
1981-09-15,3.133181
1981-09-16,2.6585643
1981-09-17,2.5240614
1981-09-18,4.9037256
1981-09-19,3.9080865
1981-09-20,4.7759795
1981-09-21,2.7059577
1981-09-22,4.0554547
1981-09-23,1.987049
1981-09-24,1.9435202
1981-09-25,3.6545146
1981-09-26,1.8947929
1981-09-27,1.92372
1981-09-28,3.3278582
1981-09-29,2.4146543
1981-09-30,2.132789
1981-10-01,1.9307443
1981-10-02,1.8388774
1981-10-03,2.5572512
1981-10-04,2.657849
1981-10-05,2.5590856
1981-10-06,1.6138759
1981-10-07,1.3799782
1981-10-08,1.4389907
1981-10-09,2.3690531
1981-10-10,4.103718
1981-10-11,2.4675863
1981-10-12,2.0552983
1981-10-13,3.8615682
1981-10-14,3.932795
1981-10-15,8.200847
1981-10-16,2.3578513
1981-10-17,3.3274233
1981-10-18,2.124365
1981-10-19,1.7110424
1981-10-20,3.4750886
1981-10-21,1.4551446
1981-10-22,1.4770463
1981-10-23,5.7171955
1981-10-24,2.7451668
1981-10-25,2.4715865
1981-10-26,2.2149346
1981-10-27,2.0772388
1981-10-28,2.6871886
1981-10-29,1.528136
1981-10-30,1.6083502
1981-10-31,1.8554721
1981-11-01,2.2229803
1981-11-02,6.8483734
1981-11-03,3.4334855
1981-11-04,3.1799676
1981-11-05,3.5280783
1981-11-06,1.9689459
1981-11-07,1.6136204
1981-11-08,2.8134751
1981-11-09,2.1462142
1981-11-10,1.4857289
1981-11-11,2.5965288
1981-11-12,3.5235672
1981-11-13,5.877316
1981-11-14,3.183634
1981-11-15,2.8755171
1981-11-16,2.5452716
1981-11-17,2.2446113
1981-11-18,2.0913236
1981-11-19,2.1787546
1981-11-20,2.8036878
1981-11-21,4.051973
1981-11-22,4.439566
1981-11-23,4.341967
1981-11-24,4.8454676
1981-11-25,4.977524
1981-11-26,2.4446006
1981-11-27,2.2242181
1981-11-28,3.1039534
1981-11-29,4.7363663
1981-11-30,3.148358
1981-12-01,3.737201
1981-12-02,2.5582588
1981-12-03,2.3855426
1981-12-04,2.1152546
1981-12-05,2.3474925
1981-12-06,27.859291
1981-12-07,6.7237267
1981-12-08,3.890382
1981-12-09,3.0100057
1981-12-10,2.558349
1981-12-11,2.726549
1981-12-12,2.626288
1981-12-13,3.119464
1981-12-14,3.4869354
1981-12-15,2.475696
1981-12-16,1.9109834
1981-12-17,1.6858501
1981-12-18,1.6352998
1981-12-19,1.7948258
1981-12-20,1.8303055
1981-12-21,1.7277879
1981-12-22,1.6031845
1981-12-23,1.8571823
1981-12-24,1.64206
1981-12-25,1.4878483
1981-12-26,1.3760588
1981-12-27,1.6935285
1981-12-28,2.6089084
1981-12-29,2.2975676
1981-12-30,2.2205822
1981-12-31,2.1914783
1982-01-01,6.8246675
1982-01-02,4.081323
1982-01-03,2.7761316
1982-01-04,6.501026
1982-01-05,6.0640216
1982-01-06,18.359371
1982-01-07,6.1887383
1982-01-08,7.5998664
1982-01-09,4.8165545
1982-01-10,2.424943
1982-01-11,2.103334
1982-01-12,2.0872583
1982-01-13,2.3558543
1982-01-14,2.1519082
1982-01-15,1.98883
1982-01-16,2.0448873
1982-01-17,1.9984199
1982-01-18,1.7899809
1982-01-19,1.779246
1982-01-20,1.6587012
1982-01-21,1.5897613
1982-01-22,1.5558368
1982-01-23,1.5558482
1982-01-24,1.4695946
1982-01-25,1.6921011
1982-01-26,1.6582702
1982-01-27,1.3784851
1982-01-28,1.4693491
1982-01-29,1.279832
1982-01-30,1.3756016
1982-01-31,1.2886692
1982-02-01,1.2997853
1982-02-02,1.1403018
1982-02-03,1.362887
1982-02-04,1.1475525
1982-02-05,1.2537111
1982-02-06,1.4872558
1982-02-07,1.347259
1982-02-08,2.0398486
1982-02-09,1.1348072
1982-02-10,1.2018253
1982-02-11,1.4211211
1982-02-12,2.3401568
1982-02-13,2.1402588
1982-02-14,1.5868893
1982-02-15,1.8897455
1982-02-16,1.3460685
1982-02-17,3.1609342
1982-02-18,1.5433711
1982-02-19,1.8540498
1982-02-20,1.4746428
1982-02-21,7.9938674
1982-02-22,4.6693983
1982-02-23,1.9134657
1982-02-24,1.2411413
1982-02-25,1.3696244
1982-02-26,1.5973705
1982-02-27,2.1057975
1982-02-28,2.0392249
1982-03-01,1.4828259
1982-03-02,1.7124579
1982-03-03,2.4803414
1982-03-04,4.9854765
1982-03-05,1.5960567
1982-03-06,1.1734953
1982-03-07,1.0998747
1982-03-08,1.0363525
1982-03-09,1.0509893
1982-03-10,1.1398866
1982-03-11,1.1663358
1982-03-12,1.0909563
1982-03-13,1.0890555
1982-03-14,1.5467702
1982-03-15,2.5617
1982-03-16,2.6788468
1982-03-17,2.592051
1982-03-18,1.4513098
1982-03-19,1.9273143
1982-03-20,2.798777
1982-03-21,6.200039
1982-03-22,3.524149
1982-03-23,1.4737651
1982-03-24,3.6117141
1982-03-25,7.317119
1982-03-26,6.2176733
1982-03-27,6.2752633
1982-03-28,4.8468127
1982-03-29,4.055538
1982-03-30,2.83526
1982-03-31,4.006533
1982-04-01,5.4399447
1982-04-02,9.172649
1982-04-03,4.2074714
1982-04-04,5.4846563
1982-04-05,5.1297603
1982-04-06,4.3034706
1982-04-07,6.100744
1982-04-08,6.259787
1982-04-09,4.8043785
1982-04-10,6.2200656
1982-04-11,2.9994307
1982-04-12,2.392969
1982-04-13,3.1886406
1982-04-14,5.0051455
1982-04-15,4.8805513
1982-04-16,5.6487284
1982-04-17,5.447996
1982-04-18,5.6010146
1982-04-19,17.996994
1982-04-20,14.170552
1982-04-21,7.7367234
1982-04-22,6.8600807
1982-04-23,6.3586354
1982-04-24,7.093915
1982-04-25,12.889247
1982-04-26,19.971571
1982-04-27,6.8553205
1982-04-28,4.205713
1982-04-29,6.4420414
1982-04-30,12.146361
1982-05-01,36.488464
1982-05-02,14.395449
1982-05-03,8.552792
1982-05-04,8.655691
1982-05-05,6.251702
1982-05-06,6.65448
1982-05-07,6.2854853
1982-05-08,6.2285333
1982-05-09,9.308833
1982-05-10,7.104661
1982-05-11,4.3864093
1982-05-12,2.7905679
1982-05-13,2.6616492
1982-05-14,2.550512
1982-05-15,3.4047093
1982-05-16,4.0355783
1982-05-17,3.0560243
1982-05-18,3.111563
1982-05-19,3.7659676
1982-05-20,3.9264252
1982-05-21,5.5558496
1982-05-22,5.8175087
1982-05-23,4.262496
1982-05-24,7.1174297
1982-05-25,3.1885653
1982-05-26,2.7953176
1982-05-27,5.3771973
1982-05-28,3.9516428
1982-05-29,4.0784483
1982-05-30,4.2500343
1982-05-31,8.916927
1982-06-01,4.419621
1982-06-02,2.8971899
1982-06-03,1.9924904
1982-06-04,2.3664587
1982-06-05,3.228174
1982-06-06,3.4359205
1982-06-07,4.983322
1982-06-08,6.220279
1982-06-09,2.4347982
1982-06-10,3.2482467
1982-06-11,3.0313137
1982-06-12,3.2108126
1982-06-13,2.7783105
1982-06-14,2.2046127
1982-06-15,3.7889621
1982-06-16,3.9272294
1982-06-17,4.3108597
1982-06-18,4.8977523
1982-06-19,19.771173
1982-06-20,3.9511564
1982-06-21,3.146459
1982-06-22,4.4578023
1982-06-23,3.275694
1982-06-24,3.286671
1982-06-25,2.410201
1982-06-26,2.713739
1982-06-27,2.3237224
1982-06-28,3.8953416
1982-06-29,4.046382
1982-06-30,2.9243503
1982-07-01,2.7731364
1982-07-02,11.708323
1982-07-03,6.54122
1982-07-04,9.246045
1982-07-05,17.764944
1982-07-06,6.3157825
1982-07-07,6.5065327
1982-07-08,5.9278684
1982-07-09,4.891207
1982-07-10,4.706747
1982-07-11,4.48733
1982-07-12,5.328854
1982-07-13,5.3107734
1982-07-14,5.5116467
1982-07-15,4.756012
1982-07-16,3.514748
1982-07-17,3.1127472
1982-07-18,2.9754038
1982-07-19,2.7064338
1982-07-20,5.7960644
1982-07-21,4.571694
1982-07-22,2.962344
1982-07-23,3.269928
1982-07-24,2.9600909
1982-07-25,2.9083889
1982-07-26,3.800362
1982-07-27,2.4979088
1982-07-28,7.895
1982-07-29,4.4518332
1982-07-30,3.6439478
1982-07-31,3.3392434
1982-08-01,3.6829057
1982-08-02,3.724451
1982-08-03,2.9520366
1982-08-04,2.5894258
1982-08-05,2.480225
1982-08-06,2.6257148
1982-08-07,2.6895416
1982-08-08,3.5180025
1982-08-09,2.947276
1982-08-10,2.6073103
1982-08-11,2.4556112
1982-08-12,4.9643836
1982-08-13,2.647088
1982-08-14,4.1687965
1982-08-15,4.601222
1982-08-16,3.4621985
1982-08-17,3.7562888
1982-08-18,4.587038
1982-08-19,2.9616227
1982-08-20,10.508426
1982-08-21,6.6902704
1982-08-22,4.3157864
1982-08-23,3.312844
1982-08-24,4.897788
1982-08-25,5.2956734
1982-08-26,4.929096
1982-08-27,3.5483074
1982-08-28,3.5539944
1982-08-29,3.5063703
1982-08-30,3.3747299
1982-08-31,3.1948147
1982-09-01,4.2800393
1982-09-02,3.1658278
1982-09-03,3.635198
1982-09-04,4.8270454
1982-09-05,3.5268698
1982-09-06,3.706793
1982-09-07,3.692175
1982-09-08,3.8385556
1982-09-09,5.996697
1982-09-10,4.533648
1982-09-11,3.3118663
1982-09-12,3.8189545
1982-09-13,2.8491235
1982-09-14,2.2752144
1982-09-15,2.280868
1982-09-16,2.8789666
1982-09-17,2.6055303
1982-09-18,2.4907618
1982-09-19,2.0116913
1982-09-20,3.0777755
1982-09-21,2.5841208
1982-09-22,2.7024357
1982-09-23,2.5879266
1982-09-24,2.0674589
1982-09-25,2.0507221
1982-09-26,3.0227575
1982-09-27,3.6431363
1982-09-28,1.9214624
1982-09-29,2.4822786
1982-09-30,1.9421095
1982-10-01,2.2090225
1982-10-02,2.347733
1982-10-03,2.366178
1982-10-04,1.9443529
1982-10-05,1.3598859
1982-10-06,1.4944726
1982-10-07,2.5153422
1982-10-08,2.7628226
1982-10-09,2.0324109
1982-10-10,2.321506
1982-10-11,1.7642467
1982-10-12,1.7711484
1982-10-13,1.6201628
1982-10-14,2.1869397
1982-10-15,2.7387857
1982-10-16,1.297262
1982-10-17,1.6713244
1982-10-18,2.0295117
1982-10-19,1.5241445
1982-10-20,1.4724256
1982-10-21,1.6170756
1982-10-22,4.0298834
1982-10-23,2.0323498
1982-10-24,2.614394
1982-10-25,3.8050241
1982-10-26,1.426864
1982-10-27,1.5088581
1982-10-28,1.1412714
1982-10-29,1.8698847
1982-10-30,1.4309629
1982-10-31,1.1896724
1982-11-01,2.0868752
1982-11-02,2.358791
1982-11-03,2.429942
1982-11-04,4.3451915
1982-11-05,5.913935
1982-11-06,4.665255
1982-11-07,3.2597911
1982-11-08,1.7642982
1982-11-09,1.7198387
1982-11-10,1.9717642
1982-11-11,2.2167292
1982-11-12,3.0143545
1982-11-13,3.4617507
1982-11-14,1.9707023
1982-11-15,2.125846
1982-11-16,2.4801338
1982-11-17,2.3348181
1982-11-18,2.6407394
1982-11-19,1.9507126
1982-11-20,1.9395872
1982-11-21,2.9348147
1982-11-22,4.5083804
1982-11-23,3.5292532
1982-11-24,4.292872
1982-11-25,2.2329829
1982-11-26,3.2686677
1982-11-27,3.3523886
1982-11-28,4.4792824
1982-11-29,7.346243
1982-11-30,2.6391454
1982-12-01,2.0495157
1982-12-02,3.030518
1982-12-03,4.046594
1982-12-04,4.5176945
1982-12-05,9.052186
1982-12-06,6.299698
1982-12-07,3.497214
1982-12-08,3.026939
1982-12-09,3.7956417
1982-12-10,4.27255
1982-12-11,4.5198417
1982-12-12,3.436991
1982-12-13,5.0304766
1982-12-14,3.8319592
1982-12-15,3.0129678
1982-12-16,2.7706082
1982-12-17,2.639994
1982-12-18,2.5404685
1982-12-19,2.39062
1982-12-20,2.7123272
1982-12-21,2.5271053
1982-12-22,2.5114472
1982-12-23,2.8617258
1982-12-24,2.3568985
1982-12-25,1.9264653
1982-12-26,1.9085637
1982-12-27,1.7837884
1982-12-28,1.6112827
1982-12-29,2.1438854
1982-12-30,1.6254772
1982-12-31,1.5547522
1983-01-01,1.7128386
1983-01-02,1.5164583
1983-01-03,2.0654109
1983-01-04,4.2499294
1983-01-05,2.4863462
1983-01-06,2.0536165
1983-01-07,2.0704696
1983-01-08,1.4289851
1983-01-09,1.3640237
1983-01-10,1.2717274
1983-01-11,1.6155463
1983-01-12,1.6228814
1983-01-13,1.298449
1983-01-14,1.3012207
1983-01-15,1.1113135
1983-01-16,1.085852
1983-01-17,1.0207152
1983-01-18,1.028192
1983-01-19,1.0523992
1983-01-20,1.1491518
1983-01-21,1.0553778
1983-01-22,0.9357207
1983-01-23,0.8955054
1983-01-24,0.86973757
1983-01-25,0.8472393
1983-01-26,0.8305901
1983-01-27,0.8192591
1983-01-28,0.8085618
1983-01-29,0.78929913
1983-01-30,0.76913404
1983-01-31,0.76477027
1983-02-01,0.74012995
1983-02-02,0.7203859
1983-02-03,0.70726264
1983-02-04,0.68901193
1983-02-05,0.6916339
1983-02-06,0.72603357
1983-02-07,0.74553126
1983-02-08,0.66372776
1983-02-09,0.62304753
1983-02-10,0.6162405
1983-02-11,0.6060427
1983-02-12,0.5798151
1983-02-13,0.56621915
1983-02-14,0.5517885
1983-02-15,0.56280994
1983-02-16,0.54680747
1983-02-17,0.5218969
1983-02-18,0.5025969
1983-02-19,0.5218543
1983-02-20,1.185581
1983-02-21,0.6252089
1983-02-22,0.7246518
1983-02-23,1.2033632
1983-02-24,3.378496
1983-02-25,2.100791
1983-02-26,6.678745
1983-02-27,1.4557029
1983-02-28,0.5159078
1983-03-01,1.3025671
1983-03-02,0.858869
1983-03-03,1.1523646
1983-03-04,1.2084584
1983-03-05,1.0610174
1983-03-06,0.49396008
1983-03-07,0.39972633
1983-03-08,0.44084057
1983-03-09,0.3795458
1983-03-10,0.40827674
1983-03-11,0.6683741
1983-03-12,0.45373973
1983-03-13,0.38725364
1983-03-14,0.5671317
1983-03-15,4.995501
1983-03-16,1.2643771
1983-03-17,0.53227186
1983-03-18,0.9757501
1983-03-19,0.8363026
1983-03-20,0.62353617
1983-03-21,0.3860186
1983-03-22,0.56201535
1983-03-23,1.3626703
1983-03-24,1.2891959
1983-03-25,0.76715374
1983-03-26,0.56864476
1983-03-27,1.5415435
1983-03-28,1.0543633
1983-03-29,0.4067458
1983-03-30,0.29917082
1983-03-31,0.28390875
1983-04-01,0.27009708
1983-04-02,0.2935467
1983-04-03,0.50181234
1983-04-04,1.2682009
1983-04-05,0.93490666
1983-04-06,3.7530055
1983-04-07,1.8460203
1983-04-08,3.7453928
1983-04-09,6.045057
1983-04-10,5.8965406
1983-04-11,6.4274583
1983-04-12,10.202924
1983-04-13,15.234664
1983-04-14,11.908458
1983-04-15,10.3998165
1983-04-16,4.0878754
1983-04-17,2.5088239
1983-04-18,4.2680864
1983-04-19,3.4348016
1983-04-20,2.638132
1983-04-21,2.6749208
1983-04-22,51.63337
1983-04-23,7.449291
1983-04-24,4.170101
1983-04-25,2.124326
1983-04-26,2.5238352
1983-04-27,2.8609705
1983-04-28,5.8685594
1983-04-29,3.0126054
1983-04-30,2.9452188
1983-05-01,2.3154085
1983-05-02,1.5752207
1983-05-03,4.0768065
1983-05-04,2.7442746
1983-05-05,3.9105294
1983-05-06,2.56146
1983-05-07,3.1750853
1983-05-08,3.9153318
1983-05-09,4.047791
1983-05-10,3.1424608
1983-05-11,4.966006
1983-05-12,2.9420803
1983-05-13,4.1023197
1983-05-14,2.5630298
1983-05-15,2.473011
1983-05-16,3.992136
1983-05-17,7.523482
1983-05-18,6.7912316
1983-05-19,3.3890266
1983-05-20,3.5493383
1983-05-21,3.692895
1983-05-22,4.3198714
1983-05-23,4.6147423
1983-05-24,3.9978235
1983-05-25,4.438986
1983-05-26,2.9620228
1983-05-27,3.528045
1983-05-28,4.567052
1983-05-29,4.419736
1983-05-30,3.9939024
1983-05-31,2.1616595
1983-06-01,3.2917378
1983-06-02,3.4511511
1983-06-03,2.734725
1983-06-04,8.725737
1983-06-05,4.679781
1983-06-06,12.816838
1983-06-07,3.461866
1983-06-08,3.415652
1983-06-09,4.233466
1983-06-10,2.517782
1983-06-11,2.2887068
1983-06-12,2.6936836
1983-06-13,2.4249077
1983-06-14,2.3774385
1983-06-15,2.9368653
1983-06-16,2.7936819
1983-06-17,2.891041
1983-06-18,4.4691734
1983-06-19,1.6985987
1983-06-20,2.455318
1983-06-21,2.5971007
1983-06-22,2.4934413
1983-06-23,2.494616
1983-06-24,2.739106
1983-06-25,1.5970023
1983-06-26,3.8942611
1983-06-27,3.5885558
1983-06-28,3.5448895
1983-06-29,3.909785
1983-06-30,13.221686
1983-07-01,3.1868722
1983-07-02,2.9942887
1983-07-03,2.760975
1983-07-04,2.0366356
1983-07-05,2.9234889
1983-07-06,1.8172237
1983-07-07,1.7766736
1983-07-08,2.5392978
1983-07-09,3.9551728
1983-07-10,4.6989856
1983-07-11,1.8717133
1983-07-12,1.836667
1983-07-13,1.8080949
1983-07-14,2.154156
1983-07-15,2.3742561
1983-07-16,3.2155015
1983-07-17,2.3916905
1983-07-18,3.6100972
1983-07-19,4.270252
1983-07-20,5.780361
1983-07-21,10.465918
1983-07-22,3.902872
1983-07-23,5.141725
1983-07-24,3.2597628
1983-07-25,3.8083067
1983-07-26,2.0606122
1983-07-27,4.0138626
1983-07-28,3.214735
1983-07-29,3.5886338
1983-07-30,4.7818084
1983-07-31,3.9799724
1983-08-01,5.8349743
1983-08-02,4.691325
1983-08-03,4.185855
1983-08-04,9.87826
1983-08-05,5.5802913
1983-08-06,8.614532
1983-08-07,7.114962
1983-08-08,15.87374
1983-08-09,7.0188427
1983-08-10,9.00071
1983-08-11,9.447933
1983-08-12,5.481531
1983-08-13,5.3892007
1983-08-14,4.893044
1983-08-15,4.0401993
1983-08-16,4.611296
1983-08-17,6.3844995
1983-08-18,4.2851987
1983-08-19,4.197574
1983-08-20,4.225312
1983-08-21,4.494023
1983-08-22,3.658787
1983-08-23,6.210597
1983-08-24,4.1019917
1983-08-25,3.2735906
1983-08-26,3.7300792
1983-08-27,9.062141
1983-08-28,3.747521
1983-08-29,4.513023
1983-08-30,3.5266373
1983-08-31,3.8726213
1983-09-01,2.455307
1983-09-02,2.7164724
1983-09-03,2.5680857
1983-09-04,2.6383572
1983-09-05,2.3024006
1983-09-06,3.1201553
1983-09-07,2.9184833
1983-09-08,2.3731263
1983-09-09,2.6796827
1983-09-10,2.773308
1983-09-11,2.698033
1983-09-12,4.1143584
1983-09-13,3.0309582
1983-09-14,6.8117313
1983-09-15,2.693422
1983-09-16,2.1384547
1983-09-17,2.4754434
1983-09-18,2.361934
1983-09-19,1.8080933
1983-09-20,2.2220201
1983-09-21,1.8014133
1983-09-22,2.3199599
1983-09-23,2.4355514
1983-09-24,1.7309458
1983-09-25,2.0830681
1983-09-26,1.6256391
1983-09-27,1.7164096
1983-09-28,1.5413837
1983-09-29,1.779811
1983-09-30,1.4859407
1983-10-01,1.8903108
1983-10-02,1.7140987
1983-10-03,2.5956419
1983-10-04,3.6309824
1983-10-05,2.603232
1983-10-06,1.492149
1983-10-07,1.4072291
1983-10-08,1.5002447
1983-10-09,1.668662
1983-10-10,1.9280324
1983-10-11,1.6835518
1983-10-12,1.9041913
1983-10-13,2.197563
1983-10-14,1.915326
1983-10-15,1.3457739
1983-10-16,1.0567276
1983-10-17,1.4232523
1983-10-18,2.9156947
1983-10-19,1.560758
1983-10-20,5.177922
1983-10-21,2.0625346
1983-10-22,1.900467
1983-10-23,1.4018373
1983-10-24,1.2626927
1983-10-25,1.3401356
1983-10-26,1.3624371
1983-10-27,4.2284303
1983-10-28,1.8881508
1983-10-29,1.3308791
1983-10-30,2.0673802
1983-10-31,2.9885342
1983-11-01,6.44104
1983-11-02,7.36015
1983-11-03,2.8125398
1983-11-04,1.4290026
1983-11-05,1.3890975
1983-11-06,1.4379529
1983-11-07,2.0395837
1983-11-08,2.318469
1983-11-09,1.595969
1983-11-10,1.7710794
1983-11-11,2.2798963
1983-11-12,4.4635468
1983-11-13,2.6734688
1983-11-14,1.6579145
1983-11-15,2.022878
1983-11-16,1.9431295
1983-11-17,2.3344953
1983-11-18,1.8425533
1983-11-19,1.9380603
1983-11-20,2.009799
1983-11-21,1.9382875
1983-11-22,1.6322064
1983-11-23,1.4395431
1983-11-24,1.4063579
1983-11-25,1.5324212
1983-11-26,2.079405
1983-11-27,1.771461
1983-11-28,2.0290208
1983-11-29,1.9055315
1983-11-30,3.4547813
1983-12-01,1.8768314
1983-12-02,1.4092714
1983-12-03,1.4226214
1983-12-04,1.4214995
1983-12-05,4.1917987
1983-12-06,2.3366969
1983-12-07,3.9497814
1983-12-08,4.6050377
1983-12-09,1.5557913
1983-12-10,2.1428673
1983-12-11,2.935
1983-12-12,3.274775
1983-12-13,5.81624
1983-12-14,4.2723994
1983-12-15,2.532866
1983-12-16,2.2366686
1983-12-17,2.005231
1983-12-18,2.1186602
1983-12-19,2.8629532
1983-12-20,4.9958506
1983-12-21,3.8465269
1983-12-22,4.9168463
1983-12-23,2.3050086
1983-12-24,1.9516268
1983-12-25,1.9282387
1983-12-26,2.4988437
1983-12-27,4.607031
1983-12-28,2.947567
1983-12-29,1.9670892
1983-12-30,1.70144
1983-12-31,1.6306616
1984-01-01,1.6128322
1984-01-02,2.6538491
1984-01-03,5.1428585
1984-01-04,4.397827
1984-01-05,2.4604394
1984-01-06,3.1725168
1984-01-07,1.9964722
1984-01-08,3.5314012
1984-01-09,1.8134927
1984-01-10,2.5998526
1984-01-11,1.6889338
1984-01-12,1.7424989
1984-01-13,8.559783
1984-01-14,2.3686376
1984-01-15,1.4497768
1984-01-16,1.4628704
1984-01-17,2.8510928
1984-01-18,3.1773417
1984-01-19,3.0475008
1984-01-20,3.0140502
1984-01-21,2.2266247
1984-01-22,3.4394555
1984-01-23,4.2414756
1984-01-24,1.9760482
1984-01-25,2.7773635
1984-01-26,2.761938
1984-01-27,2.1558437
1984-01-28,1.886423
1984-01-29,1.7770014
1984-01-30,1.7022582
1984-01-31,1.6434842
1984-02-01,1.5983143
1984-02-02,1.6980425
1984-02-03,2.147512
1984-02-04,2.190582
1984-02-05,1.6633655
1984-02-06,2.8014054
1984-02-07,2.3957055
1984-02-08,2.1159337
1984-02-09,3.640769
1984-02-10,2.2359896
1984-02-11,1.5638262
1984-02-12,1.509776
1984-02-13,1.3388896
1984-02-14,1.3451642
1984-02-15,1.4949033
1984-02-16,2.28726
1984-02-17,10.292928
1984-02-18,6.2416916
1984-02-19,1.9405196
1984-02-20,5.851091
1984-02-21,4.433949
1984-02-22,2.3778636
1984-02-23,4.8843822
1984-02-24,2.7815213
1984-02-25,3.865394
1984-02-26,2.442475
1984-02-27,2.2625387
1984-02-28,2.038284
1984-02-29,1.9928832
1984-03-01,2.046294
1984-03-02,2.682574
1984-03-03,2.1268985
1984-03-04,2.5626748
1984-03-05,2.0491314
1984-03-06,3.5349112
1984-03-07,5.092704
1984-03-08,2.4325607
1984-03-09,1.8278381
1984-03-10,1.7943944
1984-03-11,1.648367
1984-03-12,1.5870234
1984-03-13,1.5113531
1984-03-14,1.4520396
1984-03-15,1.3990928
1984-03-16,1.3717874
1984-03-17,1.3161507
1984-03-18,1.3721615
1984-03-19,1.4422638
1984-03-20,3.0427856
1984-03-21,3.3623483
1984-03-22,3.0541823
1984-03-23,1.6369017
1984-03-24,2.151441
1984-03-25,2.0111094
1984-03-26,1.3436025
1984-03-27,1.109302
1984-03-28,1.0345767
1984-03-29,1.1199324
1984-03-30,1.5032259
1984-03-31,3.5653293
1984-04-01,1.80416
1984-04-02,8.228894
1984-04-03,1.873391
1984-04-04,0.99607044
1984-04-05,0.94259447
1984-04-06,1.0710645
1984-04-07,1.2771641
1984-04-08,2.141147
1984-04-09,2.2916768
1984-04-10,2.9489143
1984-04-11,3.6078541
1984-04-12,1.4676871
1984-04-13,4.2685466
1984-04-14,5.9090915
1984-04-15,3.1960356
1984-04-16,1.3527479
1984-04-17,3.8927524
1984-04-18,1.1845394
1984-04-19,0.8962239
1984-04-20,0.79436153
1984-04-21,0.8664219
1984-04-22,0.87282974
1984-04-23,2.562395
1984-04-24,1.7183748
1984-04-25,2.81711
1984-04-26,2.0718546
1984-04-27,4.842958
1984-04-28,1.433454
1984-04-29,14.089231
1984-04-30,14.467756
1984-05-01,37.07922
1984-05-02,25.589529
1984-05-03,11.268632
1984-05-04,8.981667
1984-05-05,5.160026
1984-05-06,4.081417
1984-05-07,3.5638592
1984-05-08,3.3838677
1984-05-09,3.1590962
1984-05-10,2.8262262
1984-05-11,3.9221196
1984-05-12,3.7520044
1984-05-13,5.8031087
1984-05-14,9.455554
1984-05-15,8.729247
1984-05-16,6.196894
1984-05-17,4.1296177
1984-05-18,2.9290714
1984-05-19,3.1086714
1984-05-20,4.17556
1984-05-21,3.1271095
1984-05-22,2.6939878
1984-05-23,2.3682556
1984-05-24,2.693422
1984-05-25,3.7475686
1984-05-26,2.757264
1984-05-27,3.7630615
1984-05-28,4.1962786
1984-05-29,5.311479
1984-05-30,3.6296887
1984-05-31,3.6716745
1984-06-01,3.6795857
1984-06-02,3.9650488
1984-06-03,3.7895446
1984-06-04,4.4694567
1984-06-05,4.48303
1984-06-06,3.9454284
1984-06-07,3.4534788
1984-06-08,3.3855796
1984-06-09,4.560808
1984-06-10,2.1700244
1984-06-11,2.0081823
1984-06-12,3.7872965
1984-06-13,3.170756
1984-06-14,3.1917484
1984-06-15,5.375165
1984-06-16,3.7397494
1984-06-17,4.5218334
1984-06-18,3.5397072
1984-06-19,3.2326446
1984-06-20,2.623792
1984-06-21,1.9289839
1984-06-22,3.3893006
1984-06-23,5.2256866
1984-06-24,2.7700222
1984-06-25,2.8082428
1984-06-26,4.68561
1984-06-27,3.9119465
1984-06-28,2.8988233
1984-06-29,4.510992
1984-06-30,4.652493
1984-07-01,3.3437805
1984-07-02,3.6952364
1984-07-03,3.8123717
1984-07-04,2.6880453
1984-07-05,2.596049
1984-07-06,3.127567
1984-07-07,3.3901877
1984-07-08,3.5897362
1984-07-09,2.9753714
1984-07-10,3.1348832
1984-07-11,1.7703722
1984-07-12,2.1708832
1984-07-13,1.6203984
1984-07-14,1.9873341
1984-07-15,1.715753
1984-07-16,2.5861936
1984-07-17,2.6956263
1984-07-18,1.6703463
1984-07-19,3.8579366
1984-07-20,4.3614717
1984-07-21,4.58562
1984-07-22,1.6893796
1984-07-23,2.6090825
1984-07-24,2.89571
1984-07-25,4.9264884
1984-07-26,2.882998
1984-07-27,2.804325
1984-07-28,1.8007686
1984-07-29,2.5459073
1984-07-30,2.5197537
1984-07-31,1.968163
1984-08-01,1.4095086
1984-08-02,3.6304507
1984-08-03,4.11778
1984-08-04,2.3718698
1984-08-05,1.9815761
1984-08-06,1.7298595
1984-08-07,2.2682548
1984-08-08,1.6993096
1984-08-09,1.894853
1984-08-10,2.9243743
1984-08-11,1.0715573
1984-08-12,13.732443
1984-08-13,2.8977485
1984-08-14,4.2004027
1984-08-15,3.5580046
1984-08-16,2.622968
1984-08-17,1.8125584
1984-08-18,1.6952661
1984-08-19,2.7423804
1984-08-20,7.566634
1984-08-21,4.8986297
1984-08-22,3.0877554
1984-08-23,1.9875536
1984-08-24,1.6039431
1984-08-25,1.8297343
1984-08-26,1.8701147
1984-08-27,2.03391
1984-08-28,3.273375
1984-08-29,2.1130795
1984-08-30,1.7816416
1984-08-31,1.6384698
1984-09-01,1.3988967
1984-09-02,1.694788
1984-09-03,1.0802752
1984-09-04,3.2224503
1984-09-05,2.1144466
1984-09-06,1.5417386
1984-09-07,1.7182964
1984-09-08,2.3294108
1984-09-09,1.5289856
1984-09-10,1.1535938
1984-09-11,2.6149158
1984-09-12,4.2181315
1984-09-13,2.726528
1984-09-14,1.9143056
1984-09-15,1.5722965
1984-09-16,2.616731
1984-09-17,2.6063716
1984-09-18,2.0689893
1984-09-19,1.7862823
1984-09-20,3.7424898
1984-09-21,3.4901814
1984-09-22,2.120472
1984-09-23,1.3051107
1984-09-24,1.0758477
1984-09-25,1.192089
1984-09-26,1.3341991
1984-09-27,1.6410279
1984-09-28,1.3054389
1984-09-29,1.1277274
1984-09-30,1.3880864
1984-10-01,1.1574236
1984-10-02,1.5811267
1984-10-03,1.1516942
1984-10-04,1.9716941
1984-10-05,1.7669139
1984-10-06,1.1505412
1984-10-07,2.7088003
1984-10-08,2.7037897
1984-10-09,1.1949449
1984-10-10,1.6937609
1984-10-11,0.95151544
1984-10-12,1.1502433
1984-10-13,2.5699003
1984-10-14,1.9960134
1984-10-15,2.1224656
1984-10-16,1.0565948
1984-10-17,1.2475789
1984-10-18,1.1106293
1984-10-19,1.2915511
1984-10-20,1.2948606
1984-10-21,1.2573143
1984-10-22,1.623263
1984-10-23,0.7458352
1984-10-24,1.8199193
1984-10-25,1.6000779
1984-10-26,0.8703934
1984-10-27,1.5860407
1984-10-28,1.2073367
1984-10-29,7.5056896
1984-10-30,15.623306
1984-10-31,8.265631
1984-11-01,7.933686
1984-11-02,7.3038716
1984-11-03,5.2547216
1984-11-04,3.9954422
1984-11-05,15.450921
1984-11-06,13.638368
1984-11-07,5.374951
1984-11-08,5.9735622
1984-11-09,17.639946
1984-11-10,9.451409
1984-11-11,10.480532
1984-11-12,14.244296
1984-11-13,14.220072
1984-11-14,13.315193
1984-11-15,8.192793
1984-11-16,6.3702354
1984-11-17,5.7384644
1984-11-18,5.013549
1984-11-19,5.0203657
1984-11-20,5.8603034
1984-11-21,4.609555
1984-11-22,3.4264903
1984-11-23,2.990942
1984-11-24,3.0676079
1984-11-25,3.1753173
1984-11-26,3.341244
1984-11-27,5.1732583
1984-11-28,3.8651314
1984-11-29,8.981195
1984-11-30,6.826748
1984-12-01,3.1171715
1984-12-02,2.1774952
1984-12-03,2.1282325
1984-12-04,1.9435443
1984-12-05,1.9691775
1984-12-06,2.03733
1984-12-07,2.0404737
1984-12-08,1.8412142
1984-12-09,1.8107678
1984-12-10,1.7678957
1984-12-11,1.7360419
1984-12-12,1.7627066
1984-12-13,1.8184551
1984-12-14,1.8185433
1984-12-15,1.5667351
1984-12-16,1.4262897
1984-12-17,1.4940397
1984-12-18,1.6135335
1984-12-19,3.8880103
1984-12-20,1.5931141
1984-12-21,1.4234179
1984-12-22,1.8697137
1984-12-23,1.5613825
1984-12-24,2.9590707
1984-12-25,2.136277
1984-12-26,1.240649
1984-12-27,1.0690852
1984-12-28,1.3329458
1984-12-29,1.0837885
1984-12-30,1.0317714
1984-12-31,1.1621321
1985-01-01,0.9844615
1985-01-02,0.9078251
1985-01-03,0.8773424
1985-01-04,0.86034757
1985-01-05,0.9557249
1985-01-06,0.96581167
1985-01-07,1.6378664
1985-01-08,1.0338476
1985-01-09,1.2027844
1985-01-10,1.0072898
1985-01-11,0.83368826
1985-01-12,0.7699723
1985-01-13,0.71273434
1985-01-14,0.752298
1985-01-15,0.75829613
1985-01-16,0.74561805
1985-01-17,0.6692789
1985-01-18,0.60823643
1985-01-19,0.6900513
1985-01-20,0.8018918
1985-01-21,0.6011055
1985-01-22,0.55245066
1985-01-23,0.5859595
1985-01-24,1.4449983
1985-01-25,0.6416163
1985-01-26,0.5330061
1985-01-27,0.53073674
1985-01-28,0.53282315
1985-01-29,0.56351423
1985-01-30,0.82914525
1985-01-31,0.54351074
1985-02-01,0.45613202
1985-02-02,0.43618923
1985-02-03,0.42506453
1985-02-04,0.42046055
1985-02-05,0.40626663
1985-02-06,0.39510924
1985-02-07,0.3849626
1985-02-08,0.3760502
1985-02-09,0.83540267
1985-02-10,0.9183516
1985-02-11,0.962852
1985-02-12,0.49725145
1985-02-13,0.3621171
1985-02-14,0.34287316
1985-02-15,0.34732547
1985-02-16,0.33488274
1985-02-17,0.32254443
1985-02-18,0.31354287
1985-02-19,0.3217345
1985-02-20,0.31444997
1985-02-21,0.32560584
1985-02-22,0.2994508
1985-02-23,0.2892805
1985-02-24,0.3382567
1985-02-25,0.36577946
1985-02-26,0.3106704
1985-02-27,0.2964194
1985-02-28,0.27263674
1985-03-01,0.2966196
1985-03-02,0.2896535
1985-03-03,0.9756156
1985-03-04,0.67648727
1985-03-05,0.78733724
1985-03-06,1.0003853
1985-03-07,0.9034131
1985-03-08,1.834036
1985-03-09,0.51330835
1985-03-10,0.23854995
1985-03-11,0.23032323
1985-03-12,0.2654756
1985-03-13,1.0413527
1985-03-14,1.305103
1985-03-15,1.4358815
1985-03-16,0.5378153
1985-03-17,0.3274297
1985-03-18,0.29948723
1985-03-19,2.9435034
1985-03-20,1.8533778
1985-03-21,9.527021
1985-03-22,1.4891855
1985-03-23,0.29789475
1985-03-24,0.30620196
1985-03-25,0.23577742
1985-03-26,0.22033189
1985-03-27,0.3085795
1985-03-28,1.8690593
1985-03-29,2.3212876
1985-03-30,1.1762938
1985-03-31,2.10707
1985-04-01,1.7326537
1985-04-02,7.2620974
1985-04-03,7.3535833
1985-04-04,11.590554
1985-04-05,6.393476
1985-04-06,2.7415853
1985-04-07,2.5215597
1985-04-08,1.3632933
1985-04-09,1.6535403
1985-04-10,1.1870805
1985-04-11,3.2096741
1985-04-12,2.753452
1985-04-13,0.94638246
1985-04-14,0.79072154
1985-04-15,0.811584
1985-04-16,0.8576505
1985-04-17,0.88215756
1985-04-18,0.8734657
1985-04-19,1.0729421
1985-04-20,2.2033758
1985-04-21,2.185197
1985-04-22,4.427197
1985-04-23,3.0068955
1985-04-24,3.40262
1985-04-25,24.720234
1985-04-26,9.604575
1985-04-27,34.276165
1985-04-28,17.708235
1985-04-29,15.493585
1985-04-30,10.969502
1985-05-01,10.784817
1985-05-02,12.664075
1985-05-03,8.420889
1985-05-04,17.924442
1985-05-05,8.200887
1985-05-06,7.2606883
1985-05-07,6.6733785
1985-05-08,6.334976
1985-05-09,5.742658
1985-05-10,6.109412
1985-05-11,4.9794393
1985-05-12,13.469718
1985-05-13,7.7798786
1985-05-14,5.090565
1985-05-15,4.556529
1985-05-16,3.914935
1985-05-17,7.278901
1985-05-18,4.9212914
1985-05-19,5.24702
1985-05-20,4.4534965
1985-05-21,3.3524754
1985-05-22,3.8507078
1985-05-23,3.9894795
1985-05-24,4.332167
1985-05-25,3.6783478
1985-05-26,4.266162
1985-05-27,3.243149
1985-05-28,3.0216413
1985-05-29,4.902984
1985-05-30,4.1234093
1985-05-31,4.8559303
1985-06-01,5.701476
1985-06-02,7.236611
1985-06-03,7.237984
1985-06-04,4.945876
1985-06-05,4.6374607
1985-06-06,6.4570775
1985-06-07,6.919388
1985-06-08,12.350424
1985-06-09,9.520051
1985-06-10,13.017547
1985-06-11,6.6854954
1985-06-12,4.5057364
1985-06-13,3.240929
1985-06-14,4.3361754
1985-06-15,5.6511335
1985-06-16,5.085227
1985-06-17,4.46625
1985-06-18,4.626633
1985-06-19,3.8747241
1985-06-20,4.117662
1985-06-21,3.9891222
1985-06-22,10.60876
1985-06-23,5.7896504
1985-06-24,43.67365
1985-06-25,12.96471
1985-06-26,35.50289
1985-06-27,11.984178
1985-06-28,10.960907
1985-06-29,8.111978
1985-06-30,7.086724
1985-07-01,2.8176978
1985-07-02,2.4763572
1985-07-03,3.9545496
1985-07-04,2.7584307
1985-07-05,3.061639
1985-07-06,3.5916324
1985-07-07,2.6546774
1985-07-08,3.5404215
1985-07-09,7.4400063
1985-07-10,4.2659616
1985-07-11,4.741187
1985-07-12,8.75837
1985-07-13,13.89392
1985-07-14,11.345537
1985-07-15,8.441097
1985-07-16,5.499419
1985-07-17,4.6618114
1985-07-18,5.705332
1985-07-19,5.331021
1985-07-20,5.5244007
1985-07-21,9.389383
1985-07-22,4.5272493
1985-07-23,3.6945667
1985-07-24,6.793722
1985-07-25,6.179535
1985-07-26,7.2855167
1985-07-27,8.073215
1985-07-28,5.723584
1985-07-29,3.6785402
1985-07-30,3.939239
1985-07-31,4.600096
1985-08-01,5.113957
1985-08-02,5.548837
1985-08-03,3.5492756
1985-08-04,3.201073
1985-08-05,4.3053637
1985-08-06,4.390333
1985-08-07,4.9302287
1985-08-08,4.8598375
1985-08-09,7.034175
1985-08-10,3.3758788
1985-08-11,3.100664
1985-08-12,4.211283
1985-08-13,4.7208667
1985-08-14,3.7897842
1985-08-15,5.9691224
1985-08-16,7.61213
1985-08-17,6.5179467
1985-08-18,3.7690392
1985-08-19,4.4991245
1985-08-20,7.09314
1985-08-21,5.017751
1985-08-22,5.133319
1985-08-23,4.6857133
1985-08-24,5.4043694
1985-08-25,4.818819
1985-08-26,3.9457278
1985-08-27,3.3369753
1985-08-28,3.5360177
1985-08-29,2.9495957
1985-08-30,3.424986
1985-08-31,3.52632
1985-09-01,3.1517067
1985-09-02,3.1363204
1985-09-03,2.8795428
1985-09-04,3.8118672
1985-09-05,4.5479083
1985-09-06,4.970396
1985-09-07,5.0016665
1985-09-08,3.7413414
1985-09-09,5.1465926
1985-09-10,10.832291
1985-09-11,6.3931355
1985-09-12,4.147212
1985-09-13,2.8119535
1985-09-14,4.9709973
1985-09-15,4.73272
1985-09-16,4.185058
1985-09-17,3.9651275
1985-09-18,3.2310536
1985-09-19,3.235818
1985-09-20,3.3157241
1985-09-21,3.1220646
1985-09-22,3.0379777
1985-09-23,2.9599056
1985-09-24,2.9064581
1985-09-25,3.5536487
1985-09-26,3.1150885
1985-09-27,3.8200133
1985-09-28,4.7227006
1985-09-29,3.9959342
1985-09-30,3.4800153
1985-10-01,5.491327
1985-10-02,5.703967
1985-10-03,6.7545114
1985-10-04,4.777178
1985-10-05,3.1543782
1985-10-06,2.329303
1985-10-07,3.8499484
1985-10-08,6.3831906
1985-10-09,3.6900384
1985-10-10,2.694985
1985-10-11,7.0418925
1985-10-12,2.7092474
1985-10-13,1.9242065
1985-10-14,2.048147
1985-10-15,2.518994
1985-10-16,2.8684678
1985-10-17,2.5212169
1985-10-18,2.0727937
1985-10-19,2.856899
1985-10-20,3.0996475
1985-10-21,5.4390063
1985-10-22,6.0773697
1985-10-23,3.8437552
1985-10-24,3.0368724
1985-10-25,2.769712
1985-10-26,8.722381
1985-10-27,4.731701
1985-10-28,4.2566886
1985-10-29,5.5429735
1985-10-30,10.998274
1985-10-31,8.617234
1985-11-01,10.530611
1985-11-02,10.496516
1985-11-03,10.061188
1985-11-04,9.895533
1985-11-05,8.304101
1985-11-06,10.339292
1985-11-07,7.2803245
1985-11-08,6.618908
1985-11-09,4.861939
1985-11-10,4.6119285
1985-11-11,4.605635
1985-11-12,4.4101753
1985-11-13,4.0871162
1985-11-14,4.3558774
1985-11-15,4.899584
1985-11-16,3.1814609
1985-11-17,2.952314
1985-11-18,3.0183465
1985-11-19,2.870941
1985-11-20,3.5266674
1985-11-21,3.0329847
1985-11-22,5.758799
1985-11-23,5.7044845
1985-11-24,7.6115603
1985-11-25,6.6526585
1985-11-26,7.80182
1985-11-27,4.347301
1985-11-28,2.7717893
1985-11-29,2.9210079
1985-11-30,3.1863136
1985-12-01,4.3955455
1985-12-02,4.556696
1985-12-03,7.4751525
1985-12-04,11.367613
1985-12-05,10.325447
1985-12-06,12.105388
1985-12-07,8.641179
1985-12-08,13.624298
1985-12-09,12.279966
1985-12-10,9.2660675
1985-12-11,6.610327
1985-12-12,5.4040875
1985-12-13,5.285009
1985-12-14,4.893987
1985-12-15,4.829628
1985-12-16,3.9476075
1985-12-17,3.3655105
1985-12-18,3.0927954
1985-12-19,2.8197594
1985-12-20,2.6240034
1985-12-21,2.5142217
1985-12-22,2.5593956
1985-12-23,2.65462
1985-12-24,2.8411422
1985-12-25,2.0835783
1985-12-26,2.0187113
1985-12-27,2.0750456
1985-12-28,1.8032964
1985-12-29,1.9148827
1985-12-30,1.833568
1985-12-31,2.8288949
1986-01-01,2.2006829
1986-01-02,1.5166298
1986-01-03,1.3957574
1986-01-04,1.5212135
1986-01-05,1.4928204
1986-01-06,1.2268038
1986-01-07,1.2778324
1986-01-08,1.1528015
1986-01-09,1.0781162
1986-01-10,1.0529224
1986-01-11,1.0038242
1986-01-12,0.9652074
1986-01-13,0.9821715
1986-01-14,0.91223955
1986-01-15,1.7032615
1986-01-16,1.4497235
1986-01-17,0.98611045
1986-01-18,0.8522282
1986-01-19,0.830637
1986-01-20,0.8135862
1986-01-21,0.82577163
1986-01-22,0.766383
1986-01-23,0.8147359
1986-01-24,0.90825254
1986-01-25,0.7912214
1986-01-26,0.7882632
1986-01-27,0.9188584
1986-01-28,3.167191
1986-01-29,2.4119093
1986-01-30,0.8923113
1986-01-31,0.7547864
1986-02-01,0.9909296
1986-02-02,1.995437
1986-02-03,1.4144473
1986-02-04,1.0659149
1986-02-05,0.78969806
1986-02-06,0.66164994
1986-02-07,1.0438588
1986-02-08,0.6434658
1986-02-09,0.5699385
1986-02-10,0.60137653
1986-02-11,0.78323424
1986-02-12,0.57779366
1986-02-13,0.5611804
1986-02-14,0.896255
1986-02-15,1.3376144
1986-02-16,0.60220635
1986-02-17,0.428775
1986-02-18,0.40709952
1986-02-19,1.1983162
1986-02-20,2.228545
1986-02-21,1.2229433
1986-02-22,1.9658111
1986-02-23,1.900037
1986-02-24,3.6752725
1986-02-25,5.5610104
1986-02-26,9.21559
1986-02-27,18.707745
1986-02-28,17.732172
1986-03-01,6.6857967
1986-03-02,5.6113415
1986-03-03,26.73763
1986-03-04,9.864115
1986-03-05,4.907463
1986-03-06,4.3863997
1986-03-07,4.57797
1986-03-08,4.180434
1986-03-09,4.965493
1986-03-10,5.113062
1986-03-11,3.2330472
1986-03-12,2.8554182
1986-03-13,5.0914783
1986-03-14,8.6302595
1986-03-15,3.8793447
1986-03-16,8.930659
1986-03-17,6.4308734
1986-03-18,5.8010726
1986-03-19,2.751509
1986-03-20,2.2764192
1986-03-21,3.4368339
1986-03-22,2.614319
1986-03-23,2.810836
1986-03-24,2.5773964
1986-03-25,2.3465016
1986-03-26,2.0561693
1986-03-27,1.9528089
1986-03-28,2.56754
1986-03-29,4.5494437
1986-03-30,2.9792569
1986-03-31,2.8968594
1986-04-01,3.3568263
1986-04-02,3.1299584
1986-04-03,2.9646437
1986-04-04,2.1119192
1986-04-05,1.7103726
1986-04-06,2.2023382
1986-04-07,3.8737845
1986-04-08,9.089998
1986-04-09,5.2802873
1986-04-10,6.080862
1986-04-11,4.7931743
1986-04-12,4.427614
1986-04-13,4.3373504
1986-04-14,3.3969429
1986-04-15,2.8025854
1986-04-16,2.4833598
1986-04-17,4.1516476
1986-04-18,3.8084466
1986-04-19,4.1931744
1986-04-20,2.4920652
1986-04-21,2.2201831
1986-04-22,3.2339768
1986-04-23,4.46573
1986-04-24,4.424001
1986-04-25,3.2615483
1986-04-26,2.9914346
1986-04-27,2.0667856
1986-04-28,1.9659462
1986-04-29,4.4621167
1986-04-30,3.6736042
1986-05-01,3.7102475
1986-05-02,3.5790288
1986-05-03,3.32847
1986-05-04,5.5811615
1986-05-05,5.393987
1986-05-06,5.46111
1986-05-07,7.369198
1986-05-08,3.020454
1986-05-09,3.0245483
1986-05-10,5.752561
1986-05-11,2.5442238
1986-05-12,2.7608984
1986-05-13,4.716497
1986-05-14,2.7753034
1986-05-15,2.5837555
1986-05-16,3.6159852
1986-05-17,2.503352
1986-05-18,2.5671875
1986-05-19,2.8197346
1986-05-20,3.5851607
1986-05-21,5.9720573
1986-05-22,6.738477
1986-05-23,4.373876
1986-05-24,5.527924
1986-05-25,4.573714
1986-05-26,2.778885
1986-05-27,5.102767
1986-05-28,5.569825
1986-05-29,3.1429276
1986-05-30,19.967165
1986-05-31,16.029493
1986-06-01,11.107258
1986-06-02,13.561733
1986-06-03,7.890942
1986-06-04,5.8720255
1986-06-05,5.4182596
1986-06-06,6.7655435
1986-06-07,11.171145
1986-06-08,5.993737
1986-06-09,5.686249
1986-06-10,7.5862007
1986-06-11,5.10249
1986-06-12,5.4895515
1986-06-13,4.038319
1986-06-14,3.6547184
1986-06-15,4.8891463
1986-06-16,10.389802
1986-06-17,3.8754592
1986-06-18,4.925483
1986-06-19,98.50867
1986-06-20,16.787918
1986-06-21,13.181347
1986-06-22,6.5845494
1986-06-23,7.1284285
1986-06-24,8.324315
1986-06-25,7.8956947
1986-06-26,8.242663
1986-06-27,10.641265
1986-06-28,12.874502
1986-06-29,13.625307
1986-06-30,8.564565
1986-07-01,9.566198
1986-07-02,6.450404
1986-07-03,8.058243
1986-07-04,6.573053
1986-07-05,11.599124
1986-07-06,12.563242
1986-07-07,12.712426
1986-07-08,8.722429
1986-07-09,6.598295
1986-07-10,10.248318
1986-07-11,8.969475
1986-07-12,7.131318
1986-07-13,12.823713
1986-07-14,9.131805
1986-07-15,8.661468
1986-07-16,6.924305
1986-07-17,6.5870867
1986-07-18,10.526129
1986-07-19,5.949876
1986-07-20,5.3894815
1986-07-21,4.9610696
1986-07-22,5.3252892
1986-07-23,8.563913
1986-07-24,28.631813
1986-07-25,9.585652
1986-07-26,6.7405214
1986-07-27,7.584212
1986-07-28,93.85065
1986-07-29,18.72219
1986-07-30,7.904534
1986-07-31,7.6409435
1986-08-01,6.150769
1986-08-02,5.8828187
1986-08-03,5.3177176
1986-08-04,5.372661
1986-08-05,4.8990316
1986-08-06,4.8814845
1986-08-07,5.546851
1986-08-08,5.064256
1986-08-09,8.562874
1986-08-10,7.46931
1986-08-11,8.178033
1986-08-12,5.9201794
1986-08-13,4.520167
1986-08-14,4.1931043
1986-08-15,3.6201298
1986-08-16,4.527478
1986-08-17,4.7076993
1986-08-18,3.8312688
1986-08-19,4.431936
1986-08-20,3.3320699
1986-08-21,3.526453
1986-08-22,3.3093855
1986-08-23,2.9649613
1986-08-24,2.9879947
1986-08-25,3.1262743
1986-08-26,2.776362
1986-08-27,2.414339
1986-08-28,2.6057484
1986-08-29,2.8448179
1986-08-30,3.5624285
1986-08-31,3.1122148
1986-09-01,3.6401033
1986-09-02,3.9735904
1986-09-03,3.3690245
1986-09-04,2.8817632
1986-09-05,2.499527
1986-09-06,2.646746
1986-09-07,2.826184
1986-09-08,2.5883348
1986-09-09,4.515608
1986-09-10,2.7766826
1986-09-11,4.072744
1986-09-12,4.406282
1986-09-13,3.380324
1986-09-14,2.5270483
1986-09-15,2.6292279
1986-09-16,1.6591737
1986-09-17,1.6842574
1986-09-18,2.2273557
1986-09-19,2.1092606
1986-09-20,20.343681
1986-09-21,3.9013786
1986-09-22,3.2490423
1986-09-23,2.5170941
1986-09-24,2.8885162
1986-09-25,4.4997334
1986-09-26,3.4377246
1986-09-27,2.0809424
1986-09-28,3.1906354
1986-09-29,4.331202
1986-09-30,2.5769746
1986-10-01,2.842018
1986-10-02,2.4970016
1986-10-03,4.014461
1986-10-04,4.1417246
1986-10-05,4.0410147
1986-10-06,4.0643544
1986-10-07,3.8826919
1986-10-08,2.1021373
1986-10-09,2.8578882
1986-10-10,4.0697927
1986-10-11,4.5067716
1986-10-12,13.212242
1986-10-13,31.513258
1986-10-14,39.037136
1986-10-15,75.14503
1986-10-16,20.99591
1986-10-17,14.905772
1986-10-18,12.699082
1986-10-19,9.207853
1986-10-20,9.513696
1986-10-21,8.637694
1986-10-22,8.400009
1986-10-23,7.482915
1986-10-24,6.643546
1986-10-25,7.226705
1986-10-26,5.711143
1986-10-27,5.8618016
1986-10-28,6.617398
1986-10-29,5.8377075
1986-10-30,4.9533744
1986-10-31,4.316217
1986-11-01,4.635696
1986-11-02,4.467271
1986-11-03,4.62828
1986-11-04,7.7238636
1986-11-05,5.047688
1986-11-06,5.1373043
1986-11-07,4.393281
1986-11-08,3.707309
1986-11-09,3.4787586
1986-11-10,3.3521144
1986-11-11,5.3504877
1986-11-12,6.6580453
1986-11-13,4.629561
1986-11-14,5.6191344
1986-11-15,2.9808419
1986-11-16,3.5177748
1986-11-17,2.7181087
1986-11-18,3.3013687
1986-11-19,3.770367
1986-11-20,3.7773576
1986-11-21,2.919981
1986-11-22,2.880862
1986-11-23,7.4023175
1986-11-24,4.1751513
1986-11-25,3.314347
1986-11-26,11.40649
1986-11-27,4.479626
1986-11-28,4.117547
1986-11-29,5.5918813
1986-11-30,5.4053464
1986-12-01,5.664534
1986-12-02,4.153987
1986-12-03,3.9391055
1986-12-04,3.472812
1986-12-05,3.397473
1986-12-06,3.927568
1986-12-07,3.647358
1986-12-08,4.190805
1986-12-09,4.0783544
1986-12-10,3.7661915
1986-12-11,3.0870404
1986-12-12,2.8960705
1986-12-13,3.320689
1986-12-14,2.6950123
1986-12-15,2.4775436
1986-12-16,2.7800024
1986-12-17,3.6861181
1986-12-18,2.5422566
1986-12-19,2.106636
1986-12-20,2.0814822
1986-12-21,3.0002604
1986-12-22,2.235616
1986-12-23,1.8930924
1986-12-24,2.0683234
1986-12-25,1.9718044
1986-12-26,1.8660021
1986-12-27,1.7307976
1986-12-28,1.6298077
1986-12-29,1.6281251
1986-12-30,1.5124863
1986-12-31,1.4548603
1987-01-01,1.4011401
1987-01-02,1.4441191
1987-01-03,1.376183
1987-01-04,1.2635106
1987-01-05,1.2505336
1987-01-06,1.3466808
1987-01-07,1.736072
1987-01-08,14.419931
1987-01-09,9.883582
1987-01-10,7.9984756
1987-01-11,2.5862112
1987-01-12,1.3010011
1987-01-13,1.0389444
1987-01-14,1.0025239
1987-01-15,1.0508828
1987-01-16,1.0902754
1987-01-17,1.2816892
1987-01-18,1.9027504
1987-01-19,1.5194265
1987-01-20,1.4988745
1987-01-21,1.2184535
1987-01-22,0.9623178
1987-01-23,0.92725265
1987-01-24,0.9334847
1987-01-25,0.9935369
1987-01-26,0.88709193
1987-01-27,0.88286257
1987-01-28,0.8466186
1987-01-29,0.8164423
1987-01-30,0.8226765
1987-01-31,0.8343268
1987-02-01,0.81111306
1987-02-02,0.8138938
1987-02-03,0.7652268
1987-02-04,0.80828214
1987-02-05,0.8831449
1987-02-06,0.7398078
1987-02-07,0.7349546
1987-02-08,0.69840693
1987-02-09,0.70668775
1987-02-10,0.79514605
1987-02-11,1.3035557
1987-02-12,22.466717
1987-02-13,3.3174598
1987-02-14,2.9437234
1987-02-15,2.3954985
1987-02-16,2.7660944
1987-02-17,1.3886436
1987-02-18,0.97122633
1987-02-19,1.6377541
1987-02-20,1.8433021
1987-02-21,0.75492907
1987-02-22,0.5294601
1987-02-23,0.5108514
1987-02-24,0.5094533
1987-02-25,0.49818248
1987-02-26,0.84282005
1987-02-27,0.61207837
1987-02-28,0.56862324
1987-03-01,0.54027826
1987-03-02,0.6122314
1987-03-03,0.5496191
1987-03-04,0.57606244
1987-03-05,0.53827536
1987-03-06,0.6046174
1987-03-07,0.5089763
1987-03-08,0.48990256
1987-03-09,0.47519112
1987-03-10,0.4451544
1987-03-11,0.48706514
1987-03-12,0.9081072
1987-03-13,0.7620846
1987-03-14,3.5103028
1987-03-15,4.7956176
1987-03-16,4.249317
1987-03-17,5.9893456
1987-03-18,3.018571
1987-03-19,1.2076352
1987-03-20,1.0316516
1987-03-21,0.96739006
1987-03-22,1.6050434
1987-03-23,0.79337
1987-03-24,2.079193
1987-03-25,0.71457756
1987-03-26,0.6212222
1987-03-27,1.0655402
1987-03-28,1.3118862
1987-03-29,1.854649
1987-03-30,4.601433
1987-03-31,3.441313
1987-04-01,8.625195
1987-04-02,7.1448727
1987-04-03,1.5285623
1987-04-04,0.81842595
1987-04-05,5.1854544
1987-04-06,1.5277683
1987-04-07,1.7968532
1987-04-08,2.4923327
1987-04-09,1.2055414
1987-04-10,2.519432
1987-04-11,2.267607
1987-04-12,2.0400822
1987-04-13,1.1860299
1987-04-14,0.9817684
1987-04-15,0.9074018
1987-04-16,0.89841413
1987-04-17,0.97492063
1987-04-18,1.7478995
1987-04-19,2.495654
1987-04-20,1.7555072
1987-04-21,2.2204123
1987-04-22,5.5460753
1987-04-23,3.3220115
1987-04-24,3.971422
1987-04-25,4.3253093
1987-04-26,4.132719
1987-04-27,3.0442634
1987-04-28,2.520731
1987-04-29,1.3457646
1987-04-30,0.9854962
1987-05-01,1.5075159
1987-05-02,4.0016327
1987-05-03,3.3271635
1987-05-04,4.1305494
1987-05-05,2.2842088
1987-05-06,4.73274
1987-05-07,5.182553
1987-05-08,2.8716848
1987-05-09,2.9434125
1987-05-10,2.6158268
1987-05-11,3.6522298
1987-05-12,8.062585
1987-05-13,5.7916675
1987-05-14,6.2172265
1987-05-15,8.408023
1987-05-16,5.193904
1987-05-17,5.14101
1987-05-18,3.5793324
1987-05-19,4.0453925
1987-05-20,2.783956
1987-05-21,6.7822247
1987-05-22,4.249366
1987-05-23,2.7545855
1987-05-24,8.262989
1987-05-25,11.997662
1987-05-26,5.577903
1987-05-27,5.3253508
1987-05-28,3.2795136
1987-05-29,2.331014
1987-05-30,2.0728693
1987-05-31,2.4040978
1987-06-01,2.9166694
1987-06-02,5.3171124
1987-06-03,5.64365
1987-06-04,3.0875084
1987-06-05,2.683025
1987-06-06,3.385831
1987-06-07,6.8497906
1987-06-08,3.5089934
1987-06-09,3.1742976
1987-06-10,10.867771
1987-06-11,4.24146
1987-06-12,10.0462675
1987-06-13,4.0339527
1987-06-14,2.2757664
1987-06-15,4.0217037
1987-06-16,3.0335784
1987-06-17,2.8576365
1987-06-18,3.004057
1987-06-19,3.7281306
1987-06-20,2.0732179
1987-06-21,1.9587619
1987-06-22,1.5918462
1987-06-23,2.9320364
1987-06-24,12.854023
1987-06-25,7.5299616
1987-06-26,21.632244
1987-06-27,6.763269
1987-06-28,5.8814397
1987-06-29,2.4952726
1987-06-30,3.1615267
1987-07-01,6.7097588
1987-07-02,5.3010917
1987-07-03,3.2684312
1987-07-04,4.4743323
1987-07-05,3.5659485
1987-07-06,6.0364637
1987-07-07,4.0791597
1987-07-08,3.1728928
1987-07-09,3.8109274
1987-07-10,5.450088
1987-07-11,5.831443
1987-07-12,5.887131
1987-07-13,5.7964854
1987-07-14,4.236376
1987-07-15,3.8142745
1987-07-16,8.745604
1987-07-17,6.121792
1987-07-18,10.736575
1987-07-19,5.4466853
1987-07-20,4.6467614
1987-07-21,5.775723
1987-07-22,5.666484
1987-07-23,6.1478715
1987-07-24,7.2579594
1987-07-25,4.8327255
1987-07-26,5.559671
1987-07-27,5.1297064
1987-07-28,4.5265245
1987-07-29,4.5636573
1987-07-30,6.2727838
1987-07-31,6.2092743
1987-08-01,5.294948
1987-08-02,10.197216
1987-08-03,19.83056
1987-08-04,7.875314
1987-08-05,6.8395348
1987-08-06,6.29245
1987-08-07,5.484001
1987-08-08,7.2013154
1987-08-09,6.9403105
1987-08-10,6.764545
1987-08-11,5.430618
1987-08-12,6.6992116
1987-08-13,5.2647696
1987-08-14,4.492732
1987-08-15,3.8126748
1987-08-16,4.5366282
1987-08-17,4.4943686
1987-08-18,4.0466633
1987-08-19,3.902843
1987-08-20,4.2993407
1987-08-21,3.658761
1987-08-22,8.983103
1987-08-23,5.763379
1987-08-24,3.6666389
1987-08-25,4.2466407
1987-08-26,9.733782
1987-08-27,5.369093
1987-08-28,3.458793
1987-08-29,3.9801676
1987-08-30,4.6734304
1987-08-31,4.0895796
1987-09-01,4.3180714
1987-09-02,4.0122585
1987-09-03,3.3312805
1987-09-04,3.5474591
1987-09-05,4.229899
1987-09-06,5.160622
1987-09-07,3.4171257
1987-09-08,3.049684
1987-09-09,2.6461692
1987-09-10,2.8989594
1987-09-11,2.222564
1987-09-12,2.2340312
1987-09-13,2.951617
1987-09-14,2.250882
1987-09-15,2.3412414
1987-09-16,3.0465124
1987-09-17,3.0418327
1987-09-18,2.405607
1987-09-19,2.4396749
1987-09-20,3.874157
1987-09-21,3.3152554
1987-09-22,2.103063
1987-09-23,2.3805263
1987-09-24,1.7988051
1987-09-25,2.5522065
1987-09-26,2.8500817
1987-09-27,5.49021
1987-09-28,3.9772365
1987-09-29,2.6019502
1987-09-30,3.231578
1987-10-01,3.8075342
1987-10-02,4.8333316
1987-10-03,3.5449958
1987-10-04,2.8267367
1987-10-05,1.914698
1987-10-06,3.0787237
1987-10-07,2.2736144
1987-10-08,2.0109148
1987-10-09,2.3829136
1987-10-10,1.8372697
1987-10-11,1.8820918
1987-10-12,1.9746785
1987-10-13,2.3305204
1987-10-14,1.7041111
1987-10-15,1.4404904
1987-10-16,3.9065588
1987-10-17,2.965033
1987-10-18,2.196258
1987-10-19,1.9405493
1987-10-20,5.829918
1987-10-21,2.7514782
1987-10-22,1.2322274
1987-10-23,2.5597594
1987-10-24,2.024384
1987-10-25,1.349827
1987-10-26,1.5220635
1987-10-27,2.0669525
1987-10-28,2.7638886
1987-10-29,2.0895934
1987-10-30,3.0863957
1987-10-31,4.8520527
1987-11-01,3.176057
1987-11-02,5.776715
1987-11-03,6.550284
1987-11-04,22.78884
1987-11-05,5.479538
1987-11-06,2.5702121
1987-11-07,2.8447864
1987-11-08,2.1449828
1987-11-09,2.090991
1987-11-10,2.1627493
1987-11-11,2.0307486
1987-11-12,2.9551153
1987-11-13,2.2262275
1987-11-14,3.0739486
1987-11-15,2.0849378
1987-11-16,1.8379298
1987-11-17,1.8587693
1987-11-18,2.4956598
1987-11-19,4.5264907
1987-11-20,5.2356176
1987-11-21,8.088652
1987-11-22,18.998121
1987-11-23,11.904458
1987-11-24,7.859648
1987-11-25,4.40779
1987-11-26,4.9320283
1987-11-27,10.618985
1987-11-28,9.486011
1987-11-29,9.5369625
1987-11-30,7.9973555
1987-12-01,6.142635
1987-12-02,7.3090873
1987-12-03,5.5352654
1987-12-04,4.2798285
1987-12-05,5.0260878
1987-12-06,7.5169997
1987-12-07,5.8833127
1987-12-08,3.6695476
1987-12-09,3.2242455
1987-12-10,3.1598327
1987-12-11,4.688541
1987-12-12,4.298933
1987-12-13,4.1310945
1987-12-14,4.518457
1987-12-15,2.8127124
1987-12-16,2.6365783
1987-12-17,3.412306
1987-12-18,2.3453774
1987-12-19,2.1170328
1987-12-20,2.046605
1987-12-21,2.058657
1987-12-22,1.8859714
1987-12-23,1.7839979
1987-12-24,1.7076873
1987-12-25,1.6430978
1987-12-26,1.5690626
1987-12-27,1.5042913
1987-12-28,1.4418362
1987-12-29,1.4202694
1987-12-30,1.3679817
1987-12-31,1.3403976
1988-01-01,1.2945088
1988-01-02,1.2289355
1988-01-03,1.2034636
1988-01-04,1.1687015
1988-01-05,1.1011853
1988-01-06,1.046878
1988-01-07,0.9121219
1988-01-08,0.84785765
1988-01-09,0.8190922
1988-01-10,0.7962374
1988-01-11,0.7650175
1988-01-12,0.7304474
1988-01-13,0.71360946
1988-01-14,0.708835
1988-01-15,0.66256243
1988-01-16,0.6350875
1988-01-17,0.618354
1988-01-18,0.8823138
1988-01-19,1.9813012
1988-01-20,1.0049547
1988-01-21,0.6745833
1988-01-22,0.60725284
1988-01-23,0.54475415
1988-01-24,0.53639543
1988-01-25,0.49471205
1988-01-26,0.47489327
1988-01-27,0.46796823
1988-01-28,0.4517358
1988-01-29,0.47527322
1988-01-30,0.5138178
1988-01-31,0.47683924
1988-02-01,0.43523216
1988-02-02,0.4300415
1988-02-03,1.0539737
1988-02-04,0.78349745
1988-02-05,0.49162763
1988-02-06,0.4373739
1988-02-07,0.3935137
1988-02-08,0.42390147
1988-02-09,0.81150484
1988-02-10,0.5895971
1988-02-11,0.5847665
1988-02-12,1.6945423
1988-02-13,0.6565686
1988-02-14,0.77023715
1988-02-15,0.46476364
1988-02-16,0.4124252
1988-02-17,0.32402834
1988-02-18,0.29805884
1988-02-19,0.27893874
1988-02-20,0.29382157
1988-02-21,0.29529554
1988-02-22,0.26068592
1988-02-23,0.29056758
1988-02-24,0.35704064
1988-02-25,0.4412639
1988-02-26,0.33713064
1988-02-27,0.38424742
1988-02-28,1.0090568
1988-02-29,0.71429616
1988-03-01,0.5383914
1988-03-02,0.37141925
1988-03-03,0.2736906
1988-03-04,0.31436467
1988-03-05,0.23038952
1988-03-06,0.22661665
1988-03-07,0.23193105
1988-03-08,0.2231166
1988-03-09,0.20251508
1988-03-10,0.23064245
1988-03-11,0.3940319
1988-03-12,0.21172182
1988-03-13,0.2248348
1988-03-14,0.24582179
1988-03-15,1.4988538
1988-03-16,1.3135761
1988-03-17,0.79456955
1988-03-18,0.2861027
1988-03-19,0.20527335
1988-03-20,0.17075141
1988-03-21,0.1655586
1988-03-22,0.16922961
1988-03-23,0.16354425
1988-03-24,0.15827373
1988-03-25,0.1545769
1988-03-26,0.15228164
1988-03-27,0.15805617
1988-03-28,0.17208134
1988-03-29,0.17877555
1988-03-30,0.8194558
1988-03-31,1.7146
1988-04-01,4.1586256
1988-04-02,2.3884888
1988-04-03,3.4955337
1988-04-04,5.2882805
1988-04-05,1.8860284
1988-04-06,1.5106641
1988-04-07,2.9341347
1988-04-08,2.604725
1988-04-09,2.7027874
1988-04-10,2.5401218
1988-04-11,3.0314832
1988-04-12,3.1279714
1988-04-13,3.3035355
1988-04-14,2.1800313
1988-04-15,1.1535553
1988-04-16,0.6437749
1988-04-17,0.4577367
1988-04-18,0.54438007
1988-04-19,0.8190269
1988-04-20,0.5212446
1988-04-21,0.76567864
1988-04-22,1.3558125
1988-04-23,3.2764153
1988-04-24,4.0781507
1988-04-25,1.1390721
1988-04-26,0.63226956
1988-04-27,1.4810681
1988-04-28,2.1025784
1988-04-29,4.672374
1988-04-30,5.5954876
1988-05-01,2.7086797
1988-05-02,2.610862
1988-05-03,4.2170863
1988-05-04,2.9211948
1988-05-05,4.1223326
1988-05-06,1.4003416
1988-05-07,4.9915223
1988-05-08,2.2794118
1988-05-09,2.6613722
1988-05-10,2.7003958
1988-05-11,4.6363096
1988-05-12,3.3208005
1988-05-13,1.2291977
1988-05-14,2.2978766
1988-05-15,2.6427932
1988-05-16,4.262583
1988-05-17,6.0999813
1988-05-18,5.1417623
1988-05-19,3.652415
1988-05-20,5.4685626
1988-05-21,2.1567445
1988-05-22,3.3900454
1988-05-23,3.6535347
1988-05-24,3.2650132
1988-05-25,6.782713
1988-05-26,3.95507
1988-05-27,2.6419318
1988-05-28,1.7666568
1988-05-29,1.7184908
1988-05-30,2.08506
1988-05-31,2.4485955
1988-06-01,3.5067947
1988-06-02,6.2318816
1988-06-03,3.7071452
1988-06-04,4.1395035
1988-06-05,5.7253566
1988-06-06,9.735693
1988-06-07,4.0935073
1988-06-08,3.3373833
1988-06-09,2.7312877
1988-06-10,7.504069
1988-06-11,5.189641
1988-06-12,5.6887016
1988-06-13,2.1864252
1988-06-14,2.1806445
1988-06-15,3.4384263
1988-06-16,2.5514865
1988-06-17,4.179492
1988-06-18,3.6974814
1988-06-19,3.659876
1988-06-20,3.2831993
1988-06-21,1.888062
1988-06-22,3.4689271
1988-06-23,3.286823
1988-06-24,4.5043507
1988-06-25,3.4689403
1988-06-26,2.127534
1988-06-27,2.6055923
1988-06-28,3.5033102
1988-06-29,4.5150356
1988-06-30,5.7201242
1988-07-01,2.1558337
1988-07-02,4.4672766
1988-07-03,4.9956307
1988-07-04,5.867088
1988-07-05,4.3352237
1988-07-06,2.0635922
1988-07-07,4.512156
1988-07-08,3.6014807
1988-07-09,5.918322
1988-07-10,2.3122418
1988-07-11,2.7635765
1988-07-12,3.045086
1988-07-13,12.668978
1988-07-14,9.102519
1988-07-15,2.2751422
1988-07-16,3.4808683
1988-07-17,3.151826
1988-07-18,3.1419544
1988-07-19,5.2707753
1988-07-20,4.71198
1988-07-21,5.9657335
1988-07-22,4.2249236
1988-07-23,2.8686035
1988-07-24,8.914794
1988-07-25,17.164883
1988-07-26,5.1577373
1988-07-27,5.5404873
1988-07-28,3.7899494
1988-07-29,4.0364914
1988-07-30,6.802406
1988-07-31,6.638309
1988-08-01,4.9578457
1988-08-02,6.037881
1988-08-03,5.241715
1988-08-04,4.405205
1988-08-05,3.9263694
1988-08-06,6.725898
1988-08-07,5.4402943
1988-08-08,3.3338919
1988-08-09,3.951803
1988-08-10,6.8914905
1988-08-11,3.696174
1988-08-12,3.238138
1988-08-13,2.8718657
1988-08-14,4.293982
1988-08-15,3.7622347
1988-08-16,3.5659778
1988-08-17,3.4523184
1988-08-18,4.487835
1988-08-19,5.247277
1988-08-20,4.7411313
1988-08-21,7.0080633
1988-08-22,7.3280883
1988-08-23,6.7770314
1988-08-24,4.415497
1988-08-25,3.8831048
1988-08-26,3.4281743
1988-08-27,3.9245021
1988-08-28,5.042555
1988-08-29,5.1395
1988-08-30,3.2497678
1988-08-31,3.9961073
1988-09-01,10.92133
1988-09-02,3.9038188
1988-09-03,2.9994721
1988-09-04,5.2410054
1988-09-05,2.9170344
1988-09-06,2.7283819
1988-09-07,3.0990324
1988-09-08,2.3114774
1988-09-09,3.2968652
1988-09-10,3.6663222
1988-09-11,5.164694
1988-09-12,4.228279
1988-09-13,5.041549
1988-09-14,2.7342925
1988-09-15,2.5882463
1988-09-16,3.38046
1988-09-17,3.1553907
1988-09-18,3.3592057
1988-09-19,2.982164
1988-09-20,9.356171
1988-09-21,5.0944805
1988-09-22,3.5764544
1988-09-23,2.365613
1988-09-24,2.525282
1988-09-25,2.598087
1988-09-26,1.8413007
1988-09-27,2.4250286
1988-09-28,1.8959352
1988-09-29,3.3256855
1988-09-30,2.366606
1988-10-01,2.8857074
1988-10-02,4.608536
1988-10-03,3.3559532
1988-10-04,5.2838445
1988-10-05,3.5284503
1988-10-06,1.9159554
1988-10-07,2.216364
1988-10-08,2.1117625
1988-10-09,3.0923262
1988-10-10,2.0209014
1988-10-11,1.849243
1988-10-12,1.8341744
1988-10-13,2.0521467
1988-10-14,4.058897
1988-10-15,7.391141
1988-10-16,14.048716
1988-10-17,21.312344
1988-10-18,14.84935
1988-10-19,10.274295
1988-10-20,10.700875
1988-10-21,8.861102
1988-10-22,6.8658137
1988-10-23,4.498504
1988-10-24,4.6459312
1988-10-25,3.9802296
1988-10-26,3.8367753
1988-10-27,4.375831
1988-10-28,6.89695
1988-10-29,4.4612064
1988-10-30,3.3367143
1988-10-31,4.3895044
1988-11-01,5.3625984
1988-11-02,5.1352205
1988-11-03,4.308549
1988-11-04,4.352436
1988-11-05,5.0446835
1988-11-06,3.847164
1988-11-07,7.882176
1988-11-08,5.906315
1988-11-09,4.2128077
1988-11-10,4.4144263
1988-11-11,2.6786532
1988-11-12,4.258527
1988-11-13,3.3428807
1988-11-14,4.013249
1988-11-15,4.396659
1988-11-16,2.7523475
1988-11-17,10.816369
1988-11-18,3.2044585
1988-11-19,6.146117
1988-11-20,6.867092
1988-11-21,24.050474
1988-11-22,16.222952
1988-11-23,8.430033
1988-11-24,7.302855
1988-11-25,8.901656
1988-11-26,11.772202
1988-11-27,6.7888236
1988-11-28,6.2512994
1988-11-29,4.9183617
1988-11-30,6.6227655
1988-12-01,8.337442
1988-12-02,5.071369
1988-12-03,6.177092
1988-12-04,7.738516
1988-12-05,7.1310186
1988-12-06,5.9569182
1988-12-07,5.294215
1988-12-08,4.2797594
1988-12-09,4.9765086
1988-12-10,4.632476
1988-12-11,3.650191
1988-12-12,3.457308
1988-12-13,3.1488283
1988-12-14,3.284391
1988-12-15,3.1669302
1988-12-16,2.8981173
1988-12-17,2.7036633
1988-12-18,2.5522141
1988-12-19,2.8506799
1988-12-20,3.1966155
1988-12-21,2.4654891
1988-12-22,2.2326214
1988-12-23,3.2723026
1988-12-24,3.910156
1988-12-25,2.5569463
1988-12-26,2.4148338
1988-12-27,2.0161238
1988-12-28,1.9164753
1988-12-29,2.027652
1988-12-30,2.0810883
1988-12-31,2.4462285
1989-01-01,2.635076
1989-01-02,3.790727
1989-01-03,2.6717894
1989-01-04,3.537177
1989-01-05,2.4099405
1989-01-06,10.560081
1989-01-07,3.4938571
1989-01-08,1.7974608
1989-01-09,1.7505797
1989-01-10,1.45913
1989-01-11,1.3694314
1989-01-12,1.335873
1989-01-13,1.444617
1989-01-14,1.4011412
1989-01-15,1.4217927
1989-01-16,1.8020194
1989-01-17,1.2986577
1989-01-18,1.6633215
1989-01-19,1.3910047
1989-01-20,1.1972448
1989-01-21,1.0991324
1989-01-22,1.1929916
1989-01-23,1.7608873
1989-01-24,1.3079462
1989-01-25,0.9648009
1989-01-26,0.93767446
1989-01-27,0.9204671
1989-01-28,0.88151306
1989-01-29,0.90489995
1989-01-30,0.98305047
1989-01-31,0.84213173
1989-02-01,0.8064905
1989-02-02,1.1424732
1989-02-03,1.0559072
1989-02-04,0.8562641
1989-02-05,0.8958497
1989-02-06,0.97163796
1989-02-07,0.83660054
1989-02-08,1.1390603
1989-02-09,0.81203467
1989-02-10,0.71448743
1989-02-11,0.6890066
1989-02-12,0.63616705
1989-02-13,0.6163314
1989-02-14,0.6179173
1989-02-15,0.63744235
1989-02-16,0.63533497
1989-02-17,0.57324564
1989-02-18,0.55971354
1989-02-19,0.56996685
1989-02-20,0.52162623
1989-02-21,0.80760247
1989-02-22,1.2829863
1989-02-23,0.6161359
1989-02-24,0.59465575
1989-02-25,0.5870063
1989-02-26,0.85078156
1989-02-27,1.5252143
1989-02-28,1.4007218
1989-03-01,2.306978
1989-03-02,0.6859161
1989-03-03,0.4919669
1989-03-04,0.4699473
1989-03-05,0.57472736
1989-03-06,1.0334178
1989-03-07,5.379209
1989-03-08,3.1720035
1989-03-09,3.1498895
1989-03-10,1.210099
1989-03-11,3.5011444
1989-03-12,2.5229874
1989-03-13,6.2379518
1989-03-14,5.2880306
1989-03-15,7.0932336
1989-03-16,4.451916
1989-03-17,5.477244
1989-03-18,3.8043258
1989-03-19,4.833272
1989-03-20,2.902949
1989-03-21,6.284779
1989-03-22,13.030026
1989-03-23,8.4601555
1989-03-24,8.208671
1989-03-25,9.36362
1989-03-26,7.5219526
1989-03-27,4.4552965
1989-03-28,4.0337706
1989-03-29,5.7674894
1989-03-30,16.418667
1989-03-31,6.7884784
1989-04-01,5.533676
1989-04-02,7.9621744
1989-04-03,6.0055
1989-04-04,7.2127
1989-04-05,4.3368344
1989-04-06,3.3795469
1989-04-07,4.6164823
1989-04-08,3.1049764
1989-04-09,4.5564027
1989-04-10,3.0681396
1989-04-11,2.5643804
1989-04-12,2.377275
1989-04-13,2.5588248
1989-04-14,4.0354743
1989-04-15,4.7877812
1989-04-16,5.308371
1989-04-17,2.960304
1989-04-18,3.1479173
1989-04-19,2.1879122
1989-04-20,1.7954607
1989-04-21,1.778246
1989-04-22,2.2326539
1989-04-23,3.133277
1989-04-24,4.2744117
1989-04-25,3.4861848
1989-04-26,2.5073993
1989-04-27,2.4437242
1989-04-28,2.0486913
1989-04-29,6.096892
1989-04-30,4.775677
1989-05-01,2.236845
1989-05-02,1.6134485
1989-05-03,3.3931503
1989-05-04,5.306313
1989-05-05,4.881419
1989-05-06,5.1290317
1989-05-07,5.4451923
1989-05-08,2.475153
1989-05-09,3.5523627
1989-05-10,3.2493515
1989-05-11,3.6668408
1989-05-12,5.9728384
1989-05-13,2.6078818
1989-05-14,3.7264926
1989-05-15,3.9867058
1989-05-16,4.4537325
1989-05-17,2.3588498
1989-05-18,2.1994123
1989-05-19,5.482994
1989-05-20,4.845058
1989-05-21,8.383
1989-05-22,5.3457723
1989-05-23,3.716526
1989-05-24,20.182919
1989-05-25,9.127756
1989-05-26,4.9376435
1989-05-27,4.009986
1989-05-28,5.1211805
1989-05-29,4.0500793
1989-05-30,3.2871563
1989-05-31,3.075004
1989-06-01,3.087768
1989-06-02,7.3549657
1989-06-03,5.681057
1989-06-04,4.551269
1989-06-05,3.045713
1989-06-06,4.2972064
1989-06-07,2.5772855
1989-06-08,4.360605
1989-06-09,4.1181984
1989-06-10,3.551581
1989-06-11,5.059035
1989-06-12,5.0340934
1989-06-13,4.201766
1989-06-14,4.6145115
1989-06-15,5.467422
1989-06-16,2.7935379
1989-06-17,2.2205749
1989-06-18,3.4025104
1989-06-19,5.3671513
1989-06-20,8.220776
1989-06-21,4.2639894
1989-06-22,8.251724
1989-06-23,6.7325068
1989-06-24,10.816093
1989-06-25,5.1207566
1989-06-26,7.876341
1989-06-27,4.331854
1989-06-28,3.562991
1989-06-29,2.5768728
1989-06-30,2.4422667
1989-07-01,3.321244
1989-07-02,2.7141201
1989-07-03,3.8983707
1989-07-04,3.6089075
1989-07-05,5.1759405
1989-07-06,5.7456784
1989-07-07,24.54244
1989-07-08,10.400894
1989-07-09,4.7042537
1989-07-10,3.9586515
1989-07-11,3.7099125
1989-07-12,3.6680584
1989-07-13,3.634105
1989-07-14,4.3426414
1989-07-15,16.456404
1989-07-16,22.383787
1989-07-17,13.594134
1989-07-18,6.99767
1989-07-19,5.6821885
1989-07-20,6.2698183
1989-07-21,12.62803
1989-07-22,7.304234
1989-07-23,9.785718
1989-07-24,7.7086835
1989-07-25,6.140038
1989-07-26,8.641525
1989-07-27,6.599792
1989-07-28,4.669735
1989-07-29,4.3211613
1989-07-30,4.272485
1989-07-31,4.2529287
1989-08-01,5.0492167
1989-08-02,4.6870346
1989-08-03,3.930748
1989-08-04,3.806103
1989-08-05,3.5447893
1989-08-06,3.2586718
1989-08-07,3.5165737
1989-08-08,3.4992707
1989-08-09,5.57329
1989-08-10,4.990666
1989-08-11,4.1105285
1989-08-12,4.333891
1989-08-13,6.6948204
1989-08-14,4.407817
1989-08-15,24.729563
1989-08-16,5.1070237
1989-08-17,6.599292
1989-08-18,5.898088
1989-08-19,3.275757
1989-08-20,3.3807592
1989-08-21,3.773359
1989-08-22,3.1793392
1989-08-23,4.2953157
1989-08-24,4.8036323
1989-08-25,3.152397
1989-08-26,2.7567446
1989-08-27,3.506827
1989-08-28,3.6871915
1989-08-29,3.0557413
1989-08-30,4.566963
1989-08-31,7.3087096
1989-09-01,3.4503927
1989-09-02,3.887808
1989-09-03,3.7922719
1989-09-04,3.4967265
1989-09-05,3.132771
1989-09-06,3.5030942
1989-09-07,4.459738
1989-09-08,3.2685409
1989-09-09,2.6711688
1989-09-10,2.6322536
1989-09-11,3.0133045
1989-09-12,3.0007033
1989-09-13,2.5920827
1989-09-14,2.3730054
1989-09-15,1.9872829
1989-09-16,1.8851161
1989-09-17,2.9770086
1989-09-18,2.3715594
1989-09-19,2.0761797
1989-09-20,2.0896668
1989-09-21,2.8210588
1989-09-22,5.6068983
1989-09-23,2.5581934
1989-09-24,1.6820745
1989-09-25,2.8773134
1989-09-26,2.5905674
1989-09-27,2.723841
1989-09-28,4.4819975
1989-09-29,7.382054
1989-09-30,3.297912
1989-10-01,2.1692638
1989-10-02,5.3884172
1989-10-03,3.1829867
1989-10-04,4.7094646
1989-10-05,3.530071
1989-10-06,3.176696
1989-10-07,1.9516665
1989-10-08,3.341693
1989-10-09,2.9879844
1989-10-10,3.8808312
1989-10-11,2.7765932
1989-10-12,3.1429367
1989-10-13,3.6843219
1989-10-14,3.2495441
1989-10-15,3.3330324
1989-10-16,3.7366898
1989-10-17,3.5412614
1989-10-18,2.883588
1989-10-19,2.141471
1989-10-20,2.7643938
1989-10-21,2.718385
1989-10-22,1.9604744
1989-10-23,1.7034687
1989-10-24,2.6938803
1989-10-25,3.062063
1989-10-26,2.9591048
1989-10-27,3.371839
1989-10-28,2.5154223
1989-10-29,2.890639
1989-10-30,2.6558187
1989-10-31,2.292299
1989-11-01,2.6707232
1989-11-02,2.4016168
1989-11-03,3.4827483
1989-11-04,2.8061893
1989-11-05,2.111565
1989-11-06,9.125621
1989-11-07,6.7193694
1989-11-08,4.3743525
1989-11-09,5.544292
1989-11-10,7.224367
1989-11-11,5.28154
1989-11-12,4.911558
1989-11-13,14.4656
1989-11-14,7.646561
1989-11-15,6.3852963
1989-11-16,5.3214407
1989-11-17,5.7889614
1989-11-18,5.9047427
1989-11-19,7.073963
1989-11-20,4.099299
1989-11-21,3.7676716
1989-11-22,3.948212
1989-11-23,4.1735168
1989-11-24,5.2654004
1989-11-25,5.680102
1989-11-26,3.2037904
1989-11-27,3.180995
1989-11-28,2.9419026
1989-11-29,4.146913
1989-11-30,3.3606467
1989-12-01,3.7738433
1989-12-02,7.405037
1989-12-03,7.191847
1989-12-04,8.84895
1989-12-05,9.901249
1989-12-06,16.560308
1989-12-07,8.090003
1989-12-08,3.6381712
1989-12-09,3.3001816
1989-12-10,3.491524
1989-12-11,4.2116923
1989-12-12,3.3901498
1989-12-13,3.070683
1989-12-14,2.7624784
1989-12-15,2.5977652
1989-12-16,2.4455597
1989-12-17,2.293113
1989-12-18,2.247505
1989-12-19,2.1477425
1989-12-20,1.9706197
1989-12-21,1.90905
1989-12-22,1.8025886
1989-12-23,1.6858648
1989-12-24,1.6042511
1989-12-25,1.5551039
1989-12-26,1.6615845
1989-12-27,4.0728126
1989-12-28,1.7572778
1989-12-29,1.3652966
1989-12-30,1.5604004
1989-12-31,1.8816105
1990-01-01,1.4883538
1990-01-02,1.2554836
1990-01-03,1.1613767
1990-01-04,1.1501905
1990-01-05,1.0923779
1990-01-06,1.0993309
1990-01-07,1.8356543
1990-01-08,1.7942173
1990-01-09,1.0327886
1990-01-10,0.93843496
1990-01-11,0.92588323
1990-01-12,0.8913938
1990-01-13,0.87810016
1990-01-14,0.94387484
1990-01-15,1.594582
1990-01-16,0.9517381
1990-01-17,0.8209464
1990-01-18,0.84169084
1990-01-19,0.77399683
1990-01-20,0.72517276
1990-01-21,1.1532552
1990-01-22,1.3353572
1990-01-23,1.8393865
1990-01-24,1.1271191
1990-01-25,1.2260164
1990-01-26,0.87436444
1990-01-27,1.4046543
1990-01-28,1.1670096
1990-01-29,0.7860631
1990-01-30,0.62778807
1990-01-31,0.54583704
1990-02-01,0.57610524
1990-02-02,0.53735054
1990-02-03,0.95094573
1990-02-04,1.7035285
1990-02-05,2.174657
1990-02-06,2.4356587
1990-02-07,2.5447369
1990-02-08,2.3981657
1990-02-09,2.9041877
1990-02-10,1.1829687
1990-02-11,0.6804331
1990-02-12,0.5675256
1990-02-13,0.50889325
1990-02-14,0.4819134
1990-02-15,0.5835296
1990-02-16,0.63365364
1990-02-17,0.54716164
1990-02-18,0.44361305
1990-02-19,0.48982286
1990-02-20,0.6977984
1990-02-21,0.6535654
1990-02-22,0.81023866
1990-02-23,1.2801971
1990-02-24,0.9348389
1990-02-25,1.2727364
1990-02-26,0.6404089
1990-02-27,0.7863564
1990-02-28,0.444926
1990-03-01,0.46815482
1990-03-02,0.45028952
1990-03-03,1.1365898
1990-03-04,0.9007237
1990-03-05,0.84687084
1990-03-06,1.5850885
1990-03-07,0.6098748
1990-03-08,0.49443513
1990-03-09,0.40924913
1990-03-10,0.5577078
1990-03-11,2.2605443
1990-03-12,0.7628503
1990-03-13,1.4463937
1990-03-14,1.4804925
1990-03-15,0.8623987
1990-03-16,1.1768378
1990-03-17,1.5202247
1990-03-18,0.89593536
1990-03-19,1.1244171
1990-03-20,0.9311802
1990-03-21,0.41837856
1990-03-22,0.541561
1990-03-23,1.1442032
1990-03-24,2.1986096
1990-03-25,2.4216034
1990-03-26,3.3567805
1990-03-27,8.694348
1990-03-28,3.0683427
1990-03-29,1.4364465
1990-03-30,0.67107373
1990-03-31,0.6281159
1990-04-01,2.341022
1990-04-02,2.1320133
1990-04-03,5.481296
1990-04-04,5.263695
1990-04-05,2.2210557
1990-04-06,1.8759103
1990-04-07,1.2804445
1990-04-08,1.9966294
1990-04-09,1.1728318
1990-04-10,1.0327927
1990-04-11,1.0235057
1990-04-12,1.0571501
1990-04-13,1.1028932
1990-04-14,2.8115118
1990-04-15,4.077484
1990-04-16,3.6133335
1990-04-17,3.1610208
1990-04-18,6.48949
1990-04-19,3.151678
1990-04-20,2.9493425
1990-04-21,3.0143578
1990-04-22,4.549556
1990-04-23,28.394373
1990-04-24,15.872963
1990-04-25,8.259541
1990-04-26,7.695477
1990-04-27,5.437295
1990-04-28,4.78422
1990-04-29,5.0036464
1990-04-30,7.9360137
1990-05-01,9.210405
1990-05-02,11.592173
1990-05-03,15.105166
1990-05-04,6.969281
1990-05-05,6.969396
1990-05-06,5.6173882
1990-05-07,6.0652976
1990-05-08,4.893639
1990-05-09,5.8175306
1990-05-10,3.3141756
1990-05-11,3.5889347
1990-05-12,4.281177
1990-05-13,3.2455478
1990-05-14,3.4610865
1990-05-15,3.9908924
1990-05-16,4.684819
1990-05-17,4.6589947
1990-05-18,4.221682
1990-05-19,4.5952754
1990-05-20,4.2068267
1990-05-21,3.5235357
1990-05-22,9.588881
1990-05-23,6.46547
1990-05-24,6.1695576
1990-05-25,7.3543057
1990-05-26,10.744935
1990-05-27,22.017498
1990-05-28,8.165915
1990-05-29,4.7431483
1990-05-30,5.39971
1990-05-31,3.744886
1990-06-01,2.492713
1990-06-02,3.9552557
1990-06-03,4.047593
1990-06-04,2.3303976
1990-06-05,2.683208
1990-06-06,4.2284417
1990-06-07,3.643325
1990-06-08,4.3580456
1990-06-09,5.589614
1990-06-10,4.9248667
1990-06-11,5.3360357
1990-06-12,4.8132586
1990-06-13,6.2549567
1990-06-14,5.75277
1990-06-15,6.509716
1990-06-16,5.8166494
1990-06-17,16.96735
1990-06-18,3.8329976
1990-06-19,5.2666554
1990-06-20,4.9810944
1990-06-21,7.8431673
1990-06-22,6.971011
1990-06-23,5.462368
1990-06-24,4.874423
1990-06-25,4.0896654
1990-06-26,2.8830705
1990-06-27,6.062502
1990-06-28,3.781014
1990-06-29,4.8098807
1990-06-30,4.008807
1990-07-01,4.789277
1990-07-02,4.9886227
1990-07-03,13.047543
1990-07-04,4.192382
1990-07-05,4.6045756
1990-07-06,5.2115803
1990-07-07,4.4082317
1990-07-08,5.6073575
1990-07-09,3.8810923
1990-07-10,3.4641874
1990-07-11,3.252914
1990-07-12,5.2649183
1990-07-13,4.7300673
1990-07-14,6.215788
1990-07-15,4.7026176
1990-07-16,4.695073
1990-07-17,6.385929
1990-07-18,4.4254365
1990-07-19,3.6164715
1990-07-20,3.6271927
1990-07-21,4.085906
1990-07-22,4.009795
1990-07-23,6.6678762
1990-07-24,5.5498104
1990-07-25,3.471135
1990-07-26,4.7483563
1990-07-27,2.910686
1990-07-28,2.8735616
1990-07-29,3.1146874
1990-07-30,3.5097337
1990-07-31,5.448077
1990-08-01,7.71173
1990-08-02,3.1307971
1990-08-03,2.777045
1990-08-04,2.4897976
1990-08-05,3.2820244
1990-08-06,4.1803846
1990-08-07,3.2078526
1990-08-08,5.5047827
1990-08-09,6.939892
1990-08-10,7.04553
1990-08-11,8.634887
1990-08-12,2.8963308
1990-08-13,2.700654
1990-08-14,2.5695312
1990-08-15,3.6147738
1990-08-16,4.2932177
1990-08-17,3.2699635
1990-08-18,2.6095407
1990-08-19,2.7819977
1990-08-20,2.2879124
1990-08-21,3.1035678
1990-08-22,4.6981688
1990-08-23,4.3050237
1990-08-24,2.9517787
1990-08-25,2.1200733
1990-08-26,3.1011202
1990-08-27,3.3592584
1990-08-28,3.554725
1990-08-29,7.086199
1990-08-30,5.6512156
1990-08-31,3.9935634
1990-09-01,2.20699
1990-09-02,2.5103695
1990-09-03,2.2310872
1990-09-04,1.9566516
1990-09-05,2.6229105
1990-09-06,3.0808647
1990-09-07,3.645398
1990-09-08,2.6506217
1990-09-09,2.0327775
1990-09-10,2.5138278
1990-09-11,2.398544
1990-09-12,2.2967298
1990-09-13,2.0787067
1990-09-14,1.6021247
1990-09-15,3.160161
1990-09-16,6.049018
1990-09-17,2.072447
1990-09-18,1.6284757
1990-09-19,1.9954232
1990-09-20,3.798454
1990-09-21,2.531844
1990-09-22,2.2848058
1990-09-23,3.6577685
1990-09-24,3.3570006
1990-09-25,2.0720751
1990-09-26,2.88538
1990-09-27,1.7749025
1990-09-28,2.591201
1990-09-29,2.9928312
1990-09-30,3.781678
1990-10-01,2.2874954
1990-10-02,1.8887143
1990-10-03,4.021945
1990-10-04,2.165039
1990-10-05,1.5449854
1990-10-06,2.8343465
1990-10-07,1.6485689
1990-10-08,3.3941236
1990-10-09,2.4055865
1990-10-10,2.231582
1990-10-11,3.129914
1990-10-12,2.756013
1990-10-13,2.44104
1990-10-14,4.4479456
1990-10-15,1.7184767
1990-10-16,1.0520033
1990-10-17,1.7565645
1990-10-18,1.6918454
1990-10-19,2.3362956
1990-10-20,2.2557945
1990-10-21,1.3642918
1990-10-22,2.3211353
1990-10-23,4.270079
1990-10-24,5.6203985
1990-10-25,2.3010755
1990-10-26,5.2719364
1990-10-27,2.1586607
1990-10-28,1.6653138
1990-10-29,1.561296
1990-10-30,1.5112977
1990-10-31,2.5581632
1990-11-01,3.3960085
1990-11-02,2.870768
1990-11-03,2.6422005
1990-11-04,1.1788949
1990-11-05,1.5974767
1990-11-06,2.6930175
1990-11-07,1.5778543
1990-11-08,2.114064
1990-11-09,2.520703
1990-11-10,1.8770871
1990-11-11,3.2402396
1990-11-12,1.2885314
1990-11-13,1.2047598
1990-11-14,1.5613768
1990-11-15,2.249911
1990-11-16,2.0052443
1990-11-17,1.374952
1990-11-18,2.112614
1990-11-19,1.5381035
1990-11-20,3.9078987
1990-11-21,1.9261158
1990-11-22,1.470858
1990-11-23,3.0707567
1990-11-24,2.923541
1990-11-25,2.5006065
1990-11-26,2.661559
1990-11-27,4.733043
1990-11-28,3.0408177
1990-11-29,1.2715359
1990-11-30,1.7531203
1990-12-01,6.0475426
1990-12-02,3.139656
1990-12-03,6.417116
1990-12-04,4.2720785
1990-12-05,5.0126066
1990-12-06,17.619335
1990-12-07,10.71205
1990-12-08,5.0482593
1990-12-09,4.6764193
1990-12-10,8.9619875
1990-12-11,6.7534113
1990-12-12,6.0164495
1990-12-13,4.589508
1990-12-14,4.5774035
1990-12-15,5.051402
1990-12-16,4.2274346
1990-12-17,4.0911517
1990-12-18,4.6286454
1990-12-19,4.741808
1990-12-20,4.254782
1990-12-21,3.9820087
1990-12-22,3.2864432
1990-12-23,2.9969232
1990-12-24,2.9071512
1990-12-25,2.504069
1990-12-26,2.3655994
1990-12-27,2.5799253
1990-12-28,2.5202055
1990-12-29,2.3330178
1990-12-30,2.1631978
1990-12-31,3.6645834
1991-01-01,4.26925
1991-01-02,4.6900334
1991-01-03,4.284817
1991-01-04,2.9330983
1991-01-05,1.902129
1991-01-06,1.7580326
1991-01-07,1.7605858
1991-01-08,1.6292119
1991-01-09,1.5074518
1991-01-10,1.5778137
1991-01-11,1.5759326
1991-01-12,1.4924098
1991-01-13,1.6377044
1991-01-14,1.4288874
1991-01-15,1.4503117
1991-01-16,1.316776
1991-01-17,1.2097816
1991-01-18,1.1866741
1991-01-19,1.1060619
1991-01-20,1.0573661
1991-01-21,1.0249431
1991-01-22,0.9902213
1991-01-23,0.9622326
1991-01-24,0.8713008
1991-01-25,0.78389996
1991-01-26,0.7533425
1991-01-27,0.72867584
1991-01-28,0.6995284
1991-01-29,0.6853189
1991-01-30,0.64849555
1991-01-31,0.5678246
1991-02-01,0.54479176
1991-02-02,0.5459668
1991-02-03,0.540367
1991-02-04,0.5102083
1991-02-05,0.7822283
1991-02-06,0.51227057
1991-02-07,0.46755353
1991-02-08,0.6917197
1991-02-09,0.5818117
1991-02-10,0.5465142
1991-02-11,0.4651583
1991-02-12,0.58129317
1991-02-13,0.8623429
1991-02-14,0.61342114
1991-02-15,0.63788694
1991-02-16,0.4917851
1991-02-17,1.5359327
1991-02-18,2.481706
1991-02-19,0.8410071
1991-02-20,0.44905096
1991-02-21,0.7522728
1991-02-22,0.42986682
1991-02-23,0.33619383
1991-02-24,0.5939248
1991-02-25,1.8698171
1991-02-26,4.6462755
1991-02-27,2.3636348
1991-02-28,0.7349227
1991-03-01,1.3794602
1991-03-02,0.44268993
1991-03-03,0.3820685
1991-03-04,2.7511704
1991-03-05,1.2187475
1991-03-06,1.0333096
1991-03-07,0.73298943
1991-03-08,6.024901
1991-03-09,4.0639396
1991-03-10,2.4598308
1991-03-11,3.7399044
1991-03-12,2.8027642
1991-03-13,11.84352
1991-03-14,3.5134802
1991-03-15,2.8134766
1991-03-16,0.94129956
1991-03-17,1.215872
1991-03-18,1.0159217
1991-03-19,1.7831995
1991-03-20,2.1566179
1991-03-21,1.4853749
1991-03-22,0.8445114
1991-03-23,0.9147597
1991-03-24,0.98422503
1991-03-25,1.0190816
1991-03-26,0.9162097
1991-03-27,1.1972631
1991-03-28,6.9577823
1991-03-29,17.409544
1991-03-30,5.387137
1991-03-31,1.3652704
1991-04-01,1.5619015
1991-04-02,3.135162
1991-04-03,1.4394045
1991-04-04,2.103245
1991-04-05,1.2724879
1991-04-06,1.5939101
1991-04-07,2.4454706
1991-04-08,2.0534053
1991-04-09,2.2286427
1991-04-10,4.758225
1991-04-11,2.708829
1991-04-12,5.6358986
1991-04-13,3.7879827
1991-04-14,3.898
1991-04-15,5.863009
1991-04-16,7.0039983
1991-04-17,4.6715803
1991-04-18,3.3450553
1991-04-19,7.656232
1991-04-20,7.038452
1991-04-21,4.2929025
1991-04-22,4.124678
1991-04-23,3.7280114
1991-04-24,5.733572
1991-04-25,6.378916
1991-04-26,3.045483
1991-04-27,4.089497
1991-04-28,4.0242386
1991-04-29,3.5631194
1991-04-30,3.2498822
1991-05-01,6.213834
1991-05-02,4.574116
1991-05-03,2.895602
1991-05-04,3.206706
1991-05-05,2.808584
1991-05-06,5.119128
1991-05-07,3.4578907
1991-05-08,4.7502656
1991-05-09,3.535815
1991-05-10,5.120529
1991-05-11,4.238175
1991-05-12,5.4348497
1991-05-13,5.5298376
1991-05-14,4.44462
1991-05-15,4.087622
1991-05-16,3.3969522
1991-05-17,4.82352
1991-05-18,4.868453
1991-05-19,4.139538
1991-05-20,5.0814176
1991-05-21,4.1929436
1991-05-22,6.1322846
1991-05-23,4.8420634
1991-05-24,5.1938314
1991-05-25,4.396948
1991-05-26,6.4584985
1991-05-27,4.256459
1991-05-28,4.64697
1991-05-29,4.1862545
1991-05-30,3.947753
1991-05-31,5.342271
1991-06-01,6.6032033
1991-06-02,6.7232156
1991-06-03,5.378807
1991-06-04,3.8941185
1991-06-05,3.314821
1991-06-06,3.5046337
1991-06-07,5.2443666
1991-06-08,2.4927545
1991-06-09,5.004979
1991-06-10,5.951923
1991-06-11,12.428316
1991-06-12,3.480612
1991-06-13,6.230057
1991-06-14,3.5444481
1991-06-15,5.5654593
1991-06-16,4.5331297
1991-06-17,5.067691
1991-06-18,4.6258187
1991-06-19,3.0142467
1991-06-20,4.0138135
1991-06-21,3.5295112
1991-06-22,2.9417117
1991-06-23,3.4063802
1991-06-24,5.288805
1991-06-25,4.015411
1991-06-26,4.546706
1991-06-27,4.182378
1991-06-28,4.9305964
1991-06-29,5.018878
1991-06-30,6.449993
1991-07-01,3.3814583
1991-07-02,5.5722113
1991-07-03,4.5368323
1991-07-04,5.462721
1991-07-05,5.6103153
1991-07-06,8.374362
1991-07-07,5.53319
1991-07-08,35.650837
1991-07-09,6.1088495
1991-07-10,8.841768
1991-07-11,4.7226405
1991-07-12,4.349625
1991-07-13,3.3367403
1991-07-14,3.7691963
1991-07-15,8.544707
1991-07-16,5.548793
1991-07-17,9.277181
1991-07-18,4.3790574
1991-07-19,3.8765194
1991-07-20,3.5051968
1991-07-21,6.2212763
1991-07-22,4.6422377
1991-07-23,5.539352
1991-07-24,3.8880656
1991-07-25,13.400917
1991-07-26,5.274878
1991-07-27,5.4829073
1991-07-28,4.385088
1991-07-29,5.232846
1991-07-30,4.51509
1991-07-31,6.6557207
1991-08-01,4.4735193
1991-08-02,6.672926
1991-08-03,5.127898
1991-08-04,14.389107
1991-08-05,5.2557178
1991-08-06,94.33081
1991-08-07,20.792496
1991-08-08,11.446885
1991-08-09,10.20676
1991-08-10,9.949037
1991-08-11,7.292073
1991-08-12,7.893996
1991-08-13,6.5456696
1991-08-14,5.4880238
1991-08-15,5.133337
1991-08-16,4.7197685
1991-08-17,5.302298
1991-08-18,4.487139
1991-08-19,4.10458
1991-08-20,4.086385
1991-08-21,3.8524668
1991-08-22,3.8759825
1991-08-23,3.616966
1991-08-24,4.458356
1991-08-25,3.490305
1991-08-26,5.809819
1991-08-27,3.3092203
1991-08-28,3.3412302
1991-08-29,3.6315205
1991-08-30,4.124159
1991-08-31,4.865436
1991-09-01,9.300155
1991-09-02,11.535778
1991-09-03,4.68418
1991-09-04,4.0196757
1991-09-05,2.5574934
1991-09-06,2.6129258
1991-09-07,3.6204865
1991-09-08,3.5293198
1991-09-09,2.6543853
1991-09-10,19.149637
1991-09-11,5.8005786
1991-09-12,2.678579
1991-09-13,2.1180344
1991-09-14,2.5226026
1991-09-15,2.9520342
1991-09-16,4.0069633
1991-09-17,4.1719217
1991-09-18,3.1292398
1991-09-19,4.0293903
1991-09-20,4.6134906
1991-09-21,5.1573267
1991-09-22,2.9390967
1991-09-23,3.4448092
1991-09-24,3.8077414
1991-09-25,3.826248
1991-09-26,3.5695505
1991-09-27,4.290678
1991-09-28,2.9534457
1991-09-29,2.5351374
1991-09-30,2.934305
1991-10-01,2.092751
1991-10-02,2.0028224
1991-10-03,3.3682315
1991-10-04,2.9105992
1991-10-05,1.9098113
1991-10-06,1.9860276
1991-10-07,3.0197973
1991-10-08,3.3587062
1991-10-09,3.7067125
1991-10-10,3.2210956
1991-10-11,2.975262
1991-10-12,3.2885923
1991-10-13,4.0688744
1991-10-14,2.863165
1991-10-15,2.3086472
1991-10-16,3.5055938
1991-10-17,3.7093325
1991-10-18,2.5116706
1991-10-19,3.0574248
1991-10-20,1.9441797
1991-10-21,2.2426317
1991-10-22,2.4200852
1991-10-23,2.2284427
1991-10-24,2.0961628
1991-10-25,1.6317351
1991-10-26,1.7605009
1991-10-27,2.980807
1991-10-28,2.2537217
1991-10-29,3.2918293
1991-10-30,3.5080743
1991-10-31,3.71648
1991-11-01,2.3520133
1991-11-02,2.4495451
1991-11-03,1.5475192
1991-11-04,2.6054888
1991-11-05,3.718971
1991-11-06,4.8457384
1991-11-07,3.8804996
1991-11-08,4.0363655
1991-11-09,3.7827458
1991-11-10,2.4673405
1991-11-11,3.548918
1991-11-12,3.8351588
1991-11-13,2.6026082
1991-11-14,2.4298837
1991-11-15,4.4718246
1991-11-16,5.8683457
1991-11-17,5.374543
1991-11-18,5.9062867
1991-11-19,4.3692327
1991-11-20,4.4757447
1991-11-21,5.4566097
1991-11-22,5.68869
1991-11-23,6.2314167
1991-11-24,4.7980165
1991-11-25,3.9618855
1991-11-26,3.9757478
1991-11-27,4.487504
1991-11-28,4.2927537
1991-11-29,4.8333197
1991-11-30,3.7498395
1991-12-01,3.6134777
1991-12-02,3.7488465
1991-12-03,3.4652324
1991-12-04,3.0350654
1991-12-05,2.616299
1991-12-06,2.5332725
1991-12-07,2.3240464
1991-12-08,2.3098948
1991-12-09,2.3238914
1991-12-10,2.9759808
1991-12-11,2.75414
1991-12-12,2.0826044
1991-12-13,2.0417056
1991-12-14,2.097049
1991-12-15,2.085455
1991-12-16,1.8963432
1991-12-17,2.195993
1991-12-18,1.8033932
1991-12-19,1.9452912
1991-12-20,3.0638106
1991-12-21,2.7976623
1991-12-22,1.6577872
1991-12-23,1.3408136
1991-12-24,1.5291476
1991-12-25,1.4821628
1991-12-26,1.3909415
1991-12-27,1.3329115
1991-12-28,1.4503955
1991-12-29,1.3213258
1991-12-30,1.4574407
1991-12-31,1.1585159
1992-01-01,1.0124271
1992-01-02,0.99851143
1992-01-03,1.0487953
1992-01-04,1.1952299
1992-01-05,1.0590502
1992-01-06,1.0656204
1992-01-07,1.7616739
1992-01-08,1.6779175
1992-01-09,1.0140301
1992-01-10,0.9020039
1992-01-11,0.7054809
1992-01-12,0.6788914
1992-01-13,0.69281787
1992-01-14,0.6601522
1992-01-15,0.65864605
1992-01-16,0.7846546
1992-01-17,0.6273517
1992-01-18,0.5967056
1992-01-19,0.57282555
1992-01-20,0.5556099
1992-01-21,0.5503879
1992-01-22,0.5581929
1992-01-23,0.55242753
1992-01-24,0.5838804
1992-01-25,1.3968431
1992-01-26,1.8857352
1992-01-27,0.7188765
1992-01-28,0.64630485
1992-01-29,0.5352921
1992-01-30,0.5130332
1992-01-31,0.7489458
1992-02-01,0.68819064
1992-02-02,0.56933594
1992-02-03,0.43984982
1992-02-04,0.43274716
1992-02-05,0.4770467
1992-02-06,0.44949096
1992-02-07,0.4211044
1992-02-08,0.41224036
1992-02-09,0.8363607
1992-02-10,0.55720377
1992-02-11,0.5242773
1992-02-12,0.3880556
1992-02-13,1.0078576
1992-02-14,4.303071
1992-02-15,0.7753599
1992-02-16,0.36053824
1992-02-17,0.33772245
1992-02-18,0.3411794
1992-02-19,0.39334244
1992-02-20,0.34411696
1992-02-21,0.3222833
1992-02-22,0.37697348
1992-02-23,0.58386314
1992-02-24,0.6325459
1992-02-25,0.35711515
1992-02-26,0.42695838
1992-02-27,0.9186264
1992-02-28,0.43831542
1992-02-29,0.38523376
1992-03-01,0.9658608
1992-03-02,2.4010334
1992-03-03,0.5542774
1992-03-04,0.30059895
1992-03-05,0.802383
1992-03-06,0.5126556
1992-03-07,0.42496908
1992-03-08,3.5970013
1992-03-09,8.1265135
1992-03-10,1.5948658
1992-03-11,0.49743938
1992-03-12,0.62365437
1992-03-13,0.9476212
1992-03-14,1.7615356
1992-03-15,2.630956
1992-03-16,1.7202228
1992-03-17,1.7668283
1992-03-18,1.3024162
1992-03-19,0.3699458
1992-03-20,0.2818359
1992-03-21,0.3442302
1992-03-22,0.7772191
1992-03-23,0.35959107
1992-03-24,0.28752315
1992-03-25,0.27902272
1992-03-26,0.28461358
1992-03-27,0.27724954
1992-03-28,0.35306555
1992-03-29,0.324487
1992-03-30,0.27628767
1992-03-31,0.39817154
1992-04-01,2.4898942
1992-04-02,3.5048685
1992-04-03,3.0986166
1992-04-04,1.7114497
1992-04-05,1.9128698
1992-04-06,1.4386073
1992-04-07,3.2604773
1992-04-08,1.0501502
1992-04-09,3.1757643
1992-04-10,1.9212841
1992-04-11,3.645331
1992-04-12,2.2386084
1992-04-13,0.601917
1992-04-14,0.45131013
1992-04-15,0.7032174
1992-04-16,5.2753253
1992-04-17,2.3386235
1992-04-18,4.0284595
1992-04-19,3.478836
1992-04-20,5.786953
1992-04-21,1.9322774
1992-04-22,5.122102
1992-04-23,3.8405643
1992-04-24,1.9776539
1992-04-25,2.1474636
1992-04-26,3.694081
1992-04-27,5.713529
1992-04-28,5.8521295
1992-04-29,1.8245335
1992-04-30,1.5528269
1992-05-01,3.0234087
1992-05-02,1.5221453
1992-05-03,1.4411402
1992-05-04,2.249657
1992-05-05,1.7527806
1992-05-06,2.2936428
1992-05-07,4.2045827
1992-05-08,1.7615572
1992-05-09,1.4499584
1992-05-10,3.4229984
1992-05-11,2.3339558
1992-05-12,1.8027729
1992-05-13,1.7152034
1992-05-14,1.4924339
1992-05-15,2.3512766
1992-05-16,4.5944824
1992-05-17,2.7284865
1992-05-18,2.2930765
1992-05-19,1.8678377
1992-05-20,1.8600464
1992-05-21,2.1905875
1992-05-22,2.9844058
1992-05-23,3.9478102
1992-05-24,1.790569
1992-05-25,2.2831311
1992-05-26,1.7831789
1992-05-27,1.3875567
1992-05-28,2.1480553
1992-05-29,2.4050987
1992-05-30,2.1635392
1992-05-31,3.2004552
1992-06-01,1.2455812
1992-06-02,1.661043
1992-06-03,3.0877342
1992-06-04,2.0629733
1992-06-05,42.528465
1992-06-06,5.2354565
1992-06-07,1.243542
1992-06-08,1.5685556
1992-06-09,1.7399352
1992-06-10,2.6397543
1992-06-11,1.6717167
1992-06-12,3.3309958
1992-06-13,5.5495367
1992-06-14,2.175292
1992-06-15,3.0459263
1992-06-16,2.3194268
1992-06-17,52.046963
1992-06-18,7.6247697
1992-06-19,15.931248
1992-06-20,4.9285455
1992-06-21,5.022344
1992-06-22,5.0347643
1992-06-23,4.161114
1992-06-24,2.529534
1992-06-25,6.7657075
1992-06-26,6.8407845
1992-06-27,4.7480307
1992-06-28,6.740272
1992-06-29,6.084112
1992-06-30,2.754318
1992-07-01,3.4116833
1992-07-02,3.0424702
1992-07-03,4.4778233
1992-07-04,7.4717054
1992-07-05,4.5192075
1992-07-06,5.0906034
1992-07-07,5.772009
1992-07-08,7.063468
1992-07-09,36.422745
1992-07-10,8.956546
1992-07-11,18.984465
1992-07-12,9.153223
1992-07-13,9.58158
1992-07-14,9.640189
1992-07-15,8.617085
1992-07-16,6.703923
1992-07-17,6.9383426
1992-07-18,6.6968703
1992-07-19,6.188769
1992-07-20,5.204296
1992-07-21,7.66182
1992-07-22,5.808759
1992-07-23,8.768165
1992-07-24,10.994434
1992-07-25,4.1335406
1992-07-26,4.8869624
1992-07-27,3.7458582
1992-07-28,5.837588
1992-07-29,8.066387
1992-07-30,15.8306675
1992-07-31,9.115144
1992-08-01,6.724111
1992-08-02,5.1230593
1992-08-03,13.809762
1992-08-04,6.5416327
1992-08-05,5.4526496
1992-08-06,6.2141685
1992-08-07,4.056108
1992-08-08,3.7463927
1992-08-09,4.675354
1992-08-10,9.585775
1992-08-11,5.068015
1992-08-12,4.7967253
1992-08-13,9.766934
1992-08-14,5.0550814
1992-08-15,7.0519266
1992-08-16,5.505812
1992-08-17,4.7857933
1992-08-18,4.943611
1992-08-19,3.7471623
1992-08-20,4.025241
1992-08-21,4.1768374
1992-08-22,3.0828454
1992-08-23,6.4990335
1992-08-24,3.6722043
1992-08-25,3.7348716
1992-08-26,3.0150971
1992-08-27,3.7811944
1992-08-28,3.2904382
1992-08-29,3.4836724
1992-08-30,3.2173967
1992-08-31,4.878911
1992-09-01,3.4456646
1992-09-02,3.0292935
1992-09-03,2.2162924
1992-09-04,3.2269137
1992-09-05,3.4981608
1992-09-06,2.5581489
1992-09-07,2.7386658
1992-09-08,2.61271
1992-09-09,3.0205832
1992-09-10,1.9941554
1992-09-11,2.4141147
1992-09-12,1.7706373
1992-09-13,1.6112634
1992-09-14,3.0659447
1992-09-15,2.7920692
1992-09-16,2.3498895
1992-09-17,2.085794
1992-09-18,1.9773828
1992-09-19,2.0203068
1992-09-20,1.877504
1992-09-21,1.7907474
1992-09-22,2.1744208
1992-09-23,1.8799571
1992-09-24,2.3882124
1992-09-25,4.421923
1992-09-26,1.8218974
1992-09-27,2.3295443
1992-09-28,1.4810061
1992-09-29,3.7083786
1992-09-30,3.0161674
1992-10-01,4.1296344
1992-10-02,2.6413136
1992-10-03,1.6592685
1992-10-04,1.7771274
1992-10-05,1.1846473
1992-10-06,1.8719848
1992-10-07,1.9476594
1992-10-08,1.4362938
1992-10-09,5.3728933
1992-10-10,2.6403432
1992-10-11,1.4738485
1992-10-12,1.2605304
1992-10-13,1.842092
1992-10-14,1.0254118
1992-10-15,1.3574727
1992-10-16,2.2733228
1992-10-17,1.5564657
1992-10-18,1.0928898
1992-10-19,1.3637155
1992-10-20,1.513924
1992-10-21,1.4091973
1992-10-22,0.90133965
1992-10-23,1.2278551
1992-10-24,1.6411698
1992-10-25,0.907197
1992-10-26,0.78853995
1992-10-27,1.2629812
1992-10-28,1.3680706
1992-10-29,2.0761888
1992-10-30,1.5337638
1992-10-31,0.80895656
1992-11-01,0.75573814
1992-11-02,0.8770671
1992-11-03,0.72603434
1992-11-04,0.71882975
1992-11-05,0.85129637
1992-11-06,1.157616
1992-11-07,19.646297
1992-11-08,38.966846
1992-11-09,9.181397
1992-11-10,2.1581855
1992-11-11,1.823071
1992-11-12,1.6293952
1992-11-13,1.7784418
1992-11-14,2.3015516
1992-11-15,2.5008996
1992-11-16,2.618614
1992-11-17,2.2863986
1992-11-18,5.6107945
1992-11-19,11.375849
1992-11-20,6.479125
1992-11-21,3.4625204
1992-11-22,2.6754837
1992-11-23,3.6142952
1992-11-24,4.6347656
1992-11-25,3.071602
1992-11-26,3.76231
1992-11-27,6.800202
1992-11-28,9.21175
1992-11-29,11.489786
1992-11-30,10.785416
1992-12-01,40.239876
1992-12-02,14.000489
1992-12-03,8.733065
1992-12-04,11.338926
1992-12-05,6.408676
1992-12-06,4.9944506
1992-12-07,5.409798
1992-12-08,4.478707
1992-12-09,3.6432068
1992-12-10,4.509488
1992-12-11,4.658087
1992-12-12,3.414711
1992-12-13,3.2632134
1992-12-14,3.1355662
1992-12-15,2.6195796
1992-12-16,2.5683222
1992-12-17,2.6687076
1992-12-18,7.629665
1992-12-19,4.8442645
1992-12-20,3.0689638
1992-12-21,1.9903212
1992-12-22,1.8099774
1992-12-23,1.9663177
1992-12-24,2.1621275
1992-12-25,1.8237197
1992-12-26,1.6155844
1992-12-27,2.2076206
1992-12-28,1.9155805
1992-12-29,2.192377
1992-12-30,1.774057
1992-12-31,1.3908803
1993-01-01,1.3396624
1993-01-02,1.3778158
1993-01-03,1.9213597
1993-01-04,2.01114
1993-01-05,2.5009444
1993-01-06,2.1287313
1993-01-07,3.1479592
1993-01-08,4.9034114
1993-01-09,5.0447803
1993-01-10,2.6916106
1993-01-11,1.5083759
1993-01-12,1.4549266
1993-01-13,1.6928447
1993-01-14,1.4591105
1993-01-15,1.3428057
1993-01-16,1.1733031
1993-01-17,1.1439351
1993-01-18,1.5712126
1993-01-19,1.8711863
1993-01-20,1.9274799
1993-01-21,1.0928817
1993-01-22,0.96502376
1993-01-23,0.9430787
1993-01-24,0.97465086
1993-01-25,0.89163953
1993-01-26,0.8674068
1993-01-27,0.9577962
1993-01-28,1.7635854
1993-01-29,1.784513
1993-01-30,1.1625129
1993-01-31,0.87111884
1993-02-01,0.8634372
1993-02-02,1.5508565
1993-02-03,3.084045
1993-02-04,11.510573
1993-02-05,3.8180077
1993-02-06,1.4519175
1993-02-07,1.1243795
1993-02-08,1.1150601
1993-02-09,1.0005953
1993-02-10,1.0111072
1993-02-11,1.0394226
1993-02-12,1.0190536
1993-02-13,1.0653144
1993-02-14,1.1934214
1993-02-15,1.071317
1993-02-16,0.99692196
1993-02-17,1.081804
1993-02-18,2.35788
1993-02-19,1.6314286
1993-02-20,1.0757824
1993-02-21,0.9649496
1993-02-22,1.0434471
1993-02-23,1.1218562
1993-02-24,1.2509849
1993-02-25,3.2184856
1993-02-26,6.571839
1993-02-27,2.489985
1993-02-28,1.14988
1993-03-01,0.9323719
1993-03-02,1.2453314
1993-03-03,1.3024648
1993-03-04,1.3647552
1993-03-05,1.5496858
1993-03-06,2.3749158
1993-03-07,2.5082407
1993-03-08,1.3725414
1993-03-09,1.0244503
1993-03-10,1.4985473
1993-03-11,3.6759365
1993-03-12,2.1729739
1993-03-13,1.852928
1993-03-14,2.2974584
1993-03-15,1.8003389
1993-03-16,1.002131
1993-03-17,0.92864805
1993-03-18,1.4107171
1993-03-19,2.0636275
1993-03-20,2.1669526
1993-03-21,5.5700083
1993-03-22,3.474811
1993-03-23,7.03879
1993-03-24,6.5483074
1993-03-25,4.3687882
1993-03-26,4.9140205
1993-03-27,6.6097703
1993-03-28,5.3041115
1993-03-29,3.3663294
1993-03-30,5.502456
1993-03-31,3.506444
1993-04-01,2.5954657
1993-04-02,2.7725801
1993-04-03,3.4304304
1993-04-04,2.5623596
1993-04-05,2.3127377
1993-04-06,3.407919
1993-04-07,5.5424056
1993-04-08,2.4422503
1993-04-09,2.4235444
1993-04-10,3.159751
1993-04-11,7.361138
1993-04-12,3.0137475
1993-04-13,2.870533
1993-04-14,2.9814422
1993-04-15,2.965822
1993-04-16,3.2066276
1993-04-17,2.0427313
1993-04-18,2.6788154
1993-04-19,3.6267092
1993-04-20,3.8524225
1993-04-21,5.0361695
1993-04-22,2.339239
1993-04-23,2.3978856
1993-04-24,26.578623
1993-04-25,7.43339
1993-04-26,4.4108047
1993-04-27,3.767313
1993-04-28,3.8872488
1993-04-29,3.5675154
1993-04-30,3.59859
1993-05-01,5.203555
1993-05-02,4.7511873
1993-05-03,6.902851
1993-05-04,7.9173384
1993-05-05,3.6078248
1993-05-06,5.374021
1993-05-07,9.36641
1993-05-08,4.6866665
1993-05-09,4.524605
1993-05-10,7.8803663
1993-05-11,5.1120825
1993-05-12,4.697792
1993-05-13,5.2711105
1993-05-14,4.6252656
1993-05-15,7.551887
1993-05-16,3.9276254
1993-05-17,4.0182486
1993-05-18,4.67774
1993-05-19,5.4760756
1993-05-20,3.2149587
1993-05-21,4.6455894
1993-05-22,5.174846
1993-05-23,5.0086737
1993-05-24,3.1628218
1993-05-25,3.8655078
1993-05-26,4.675922
1993-05-27,5.4928875
1993-05-28,3.7768114
1993-05-29,3.3151293
1993-05-30,4.235761
1993-05-31,3.7809803
1993-06-01,4.1617904
1993-06-02,2.924751
1993-06-03,1.8944857
1993-06-04,1.9201976
1993-06-05,5.355461
1993-06-06,4.335103
1993-06-07,4.851864
1993-06-08,2.5107543
1993-06-09,2.449461
1993-06-10,2.328651
1993-06-11,4.0266986
1993-06-12,13.5184965
1993-06-13,6.2652674
1993-06-14,7.452721
1993-06-15,7.37006
1993-06-16,11.638787
1993-06-17,11.373467
1993-06-18,6.6898155
1993-06-19,6.402894
1993-06-20,12.939048
1993-06-21,5.9617515
1993-06-22,5.2552476
1993-06-23,8.762278
1993-06-24,6.0737467
1993-06-25,4.9004354
1993-06-26,6.7853327
1993-06-27,10.238011
1993-06-28,6.00157
1993-06-29,5.028593
1993-06-30,3.448883
1993-07-01,4.03278
1993-07-02,4.3251443
1993-07-03,4.09877
1993-07-04,3.7864108
1993-07-05,3.81697
1993-07-06,3.0549822
1993-07-07,3.1240318
1993-07-08,2.9452655
1993-07-09,4.5086164
1993-07-10,3.9286828
1993-07-11,6.77333
1993-07-12,14.691533
1993-07-13,4.4753275
1993-07-14,5.46384
1993-07-15,8.710283
1993-07-16,9.912443
1993-07-17,5.078402
1993-07-18,3.5617523
1993-07-19,4.121894
1993-07-20,11.518095
1993-07-21,11.168996
1993-07-22,7.3810487
1993-07-23,7.0264206
1993-07-24,16.237326
1993-07-25,8.266064
1993-07-26,7.2523775
1993-07-27,8.747587
1993-07-28,6.010467
1993-07-29,5.8212833
1993-07-30,6.34529
1993-07-31,5.245668
1993-08-01,8.611215
1993-08-02,7.615691
1993-08-03,6.353688
1993-08-04,7.730788
1993-08-05,8.588576
1993-08-06,3.3973904
1993-08-07,2.713116
1993-08-08,2.818199
1993-08-09,3.3032897
1993-08-10,4.964142
1993-08-11,4.99939
1993-08-12,3.2708185
1993-08-13,3.7029712
1993-08-14,6.5346923
1993-08-15,6.197659
1993-08-16,6.3464956
1993-08-17,6.928287
1993-08-18,5.5449204
1993-08-19,3.497666
1993-08-20,3.688591
1993-08-21,3.833391
1993-08-22,5.0532084
1993-08-23,4.994067
1993-08-24,2.8785787
1993-08-25,4.240492
1993-08-26,4.673778
1993-08-27,4.1309257
1993-08-28,3.1102035
1993-08-29,2.793397
1993-08-30,2.983727
1993-08-31,2.5811162
1993-09-01,2.8063827
1993-09-02,2.6589618
1993-09-03,3.292077
1993-09-04,5.2430034
1993-09-05,6.667182
1993-09-06,5.14482
1993-09-07,4.896853
1993-09-08,2.7111452
1993-09-09,2.2863517
1993-09-10,3.3051867
1993-09-11,3.798811
1993-09-12,2.5819716
1993-09-13,5.185736
1993-09-14,6.696303
1993-09-15,2.7979698
1993-09-16,4.132702
1993-09-17,4.073599
1993-09-18,4.820856
1993-09-19,2.493231
1993-09-20,2.1172013
1993-09-21,2.0550504
1993-09-22,1.9856914
1993-09-23,2.0135565
1993-09-24,2.109704
1993-09-25,2.3523905
1993-09-26,1.8385367
1993-09-27,1.8209251
1993-09-28,1.8360604
1993-09-29,2.670049
1993-09-30,1.9649285
1993-10-01,2.7138667
1993-10-02,1.657799
1993-10-03,3.2919464
1993-10-04,3.1653004
1993-10-05,2.0701995
1993-10-06,1.5909376
1993-10-07,2.083661
1993-10-08,3.5172722
1993-10-09,2.1021507
1993-10-10,2.7734847
1993-10-11,2.7851062
1993-10-12,2.3782344
1993-10-13,1.7003572
1993-10-14,1.9966351
1993-10-15,2.329047
1993-10-16,3.1983328
1993-10-17,2.3211613
1993-10-18,2.8153386
1993-10-19,3.3005514
1993-10-20,2.2769692
1993-10-21,1.4887892
1993-10-22,2.801571
1993-10-23,2.3907313
1993-10-24,1.6941767
1993-10-25,1.9396427
1993-10-26,1.347818
1993-10-27,1.828521
1993-10-28,1.8343278
1993-10-29,2.0370104
1993-10-30,2.4196184
1993-10-31,2.9299777
1993-11-01,3.0992103
1993-11-02,1.831826
1993-11-03,2.3896346
1993-11-04,1.5007524
1993-11-05,3.3179808
1993-11-06,3.121469
1993-11-07,1.8761351
1993-11-08,1.3504415
1993-11-09,2.3234847
1993-11-10,2.9038596
1993-11-11,4.3818746
1993-11-12,5.512963
1993-11-13,9.166308
1993-11-14,3.4979901
1993-11-15,5.8404174
1993-11-16,5.427708
1993-11-17,6.52507
1993-11-18,4.116105
1993-11-19,5.479288
1993-11-20,5.1023574
1993-11-21,8.259499
1993-11-22,6.084772
1993-11-23,4.6338053
1993-11-24,11.336491
1993-11-25,17.266577
1993-11-26,21.873304
1993-11-27,10.926985
1993-11-28,7.5181627
1993-11-29,6.463423
1993-11-30,7.1323605
1993-12-01,6.7986655
1993-12-02,7.7124186
1993-12-03,4.734445
1993-12-04,4.1775007
1993-12-05,3.9141355
1993-12-06,4.4959917
1993-12-07,3.3630748
1993-12-08,3.2182944
1993-12-09,3.7463877
1993-12-10,2.8145497
1993-12-11,3.9478073
1993-12-12,3.6254165
1993-12-13,3.1771703
1993-12-14,2.2785337
1993-12-15,2.0306044
1993-12-16,1.96565
1993-12-17,1.9210273
1993-12-18,1.7892687
1993-12-19,2.299269
1993-12-20,2.85295
1993-12-21,1.9143099
1993-12-22,1.5301231
1993-12-23,1.4742087
1993-12-24,1.3331412
1993-12-25,1.3263731
1993-12-26,1.2099245
1993-12-27,1.1587375
1993-12-28,1.1188955
1993-12-29,1.0831422
1993-12-30,1.0414155
1993-12-31,1.0005357
1994-01-01,0.9641293
1994-01-02,0.9283139
1994-01-03,0.8944127
1994-01-04,0.9206783
1994-01-05,1.3939292
1994-01-06,1.7054278
1994-01-07,1.3688787
1994-01-08,0.8538262
1994-01-09,0.84040254
1994-01-10,1.1477695
1994-01-11,0.8637341
1994-01-12,0.8464274
1994-01-13,0.7898616
1994-01-14,0.75890523
1994-01-15,0.82083535
1994-01-16,1.4543136
1994-01-17,1.5355774
1994-01-18,0.7849481
1994-01-19,0.5878492
1994-01-20,0.5608963
1994-01-21,0.54524404
1994-01-22,0.5313401
1994-01-23,0.520937
1994-01-24,0.53515226
1994-01-25,0.4955644
1994-01-26,0.4774998
1994-01-27,0.46585873
1994-01-28,0.5105974
1994-01-29,0.50910103
1994-01-30,0.45438465
1994-01-31,0.5997737
1994-02-01,0.4761723
1994-02-02,0.4623837
1994-02-03,0.41759363
1994-02-04,0.3927642
1994-02-05,0.748932
1994-02-06,1.0997626
1994-02-07,0.9336047
1994-02-08,0.43289998
1994-02-09,0.37126684
1994-02-10,0.36144006
1994-02-11,0.3366226
1994-02-12,0.36190313
1994-02-13,0.334065
1994-02-14,0.31465164
1994-02-15,0.33007163
1994-02-16,0.32689056
1994-02-17,0.31776464
1994-02-18,0.31631163
1994-02-19,0.29714707
1994-02-20,0.8826621
1994-02-21,2.2693563
1994-02-22,0.6735004
1994-02-23,2.2935808
1994-02-24,1.7388332
1994-02-25,0.55686265
1994-02-26,1.1403894
1994-02-27,1.6497606
1994-02-28,2.7670705
1994-03-01,2.2402973
1994-03-02,2.4457772
1994-03-03,0.4629276
1994-03-04,0.27070525
1994-03-05,0.6241877
1994-03-06,5.7900615
1994-03-07,1.0521212
1994-03-08,0.34822005
1994-03-09,0.53501225
1994-03-10,0.37709916
1994-03-11,0.28193563
1994-03-12,1.5828551
1994-03-13,4.72677
1994-03-14,5.9393206
1994-03-15,4.295677
1994-03-16,1.2207572
1994-03-17,0.5267792
1994-03-18,1.3238176
1994-03-19,1.4762218
1994-03-20,0.8305073
1994-03-21,1.3055725
1994-03-22,0.5268576
1994-03-23,0.47625688
1994-03-24,2.4163516
1994-03-25,6.2589793
1994-03-26,1.0641408
1994-03-27,0.8439458
1994-03-28,2.632375
1994-03-29,4.150322
1994-03-30,2.7135606
1994-03-31,1.6474013
1994-04-01,2.6748006
1994-04-02,7.8463607
1994-04-03,6.285444
1994-04-04,5.4319854
1994-04-05,3.091594
1994-04-06,5.1807957
1994-04-07,3.1587029
1994-04-08,3.2433798
1994-04-09,6.221162
1994-04-10,2.47993
1994-04-11,1.7920977
1994-04-12,1.5713902
1994-04-13,2.2745123
1994-04-14,3.690226
1994-04-15,5.5932026
1994-04-16,2.5446954
1994-04-17,1.6591207
1994-04-18,2.270534
1994-04-19,2.632301
1994-04-20,4.037862
1994-04-21,1.8513429
1994-04-22,2.2738097
1994-04-23,2.529112
1994-04-24,2.7817388
1994-04-25,3.7457867
1994-04-26,3.5953844
1994-04-27,5.6448207
1994-04-28,3.906208
1994-04-29,3.039697
1994-04-30,5.4917383
1994-05-01,2.0453308
1994-05-02,3.177175
1994-05-03,2.7865157
1994-05-04,1.8187685
1994-05-05,3.484948
1994-05-06,4.2504272
1994-05-07,6.3297496
1994-05-08,3.163716
1994-05-09,3.386606
1994-05-10,2.4854858
1994-05-11,2.8242986
1994-05-12,3.8200555
1994-05-13,3.0728087
1994-05-14,3.8298821
1994-05-15,4.697745
1994-05-16,4.8187327
1994-05-17,5.952117
1994-05-18,4.668898
1994-05-19,4.2461457
1994-05-20,4.461144
1994-05-21,2.043629
1994-05-22,2.3427415
1994-05-23,3.0089443
1994-05-24,2.087898
1994-05-25,2.916954
1994-05-26,3.3332903
1994-05-27,5.383034
1994-05-28,4.148988
1994-05-29,2.9223201
1994-05-30,2.4977772
1994-05-31,3.554913
1994-06-01,3.523893
1994-06-02,4.2730737
1994-06-03,4.702437
1994-06-04,3.9961631
1994-06-05,9.987055
1994-06-06,4.166325
1994-06-07,2.4167557
1994-06-08,2.3919435
1994-06-09,3.1617117
1994-06-10,5.9991336
1994-06-11,9.141511
1994-06-12,8.14046
1994-06-13,7.385219
1994-06-14,9.177041
1994-06-15,4.570188
1994-06-16,5.2346992
1994-06-17,7.711174
1994-06-18,3.2640176
1994-06-19,4.2442493
1994-06-20,4.2597055
1994-06-21,3.893796
1994-06-22,4.898783
1994-06-23,3.4600825
1994-06-24,1.9923375
1994-06-25,1.8436996
1994-06-26,2.431622
1994-06-27,3.6140232
1994-06-28,4.9073944
1994-06-29,7.4908624
1994-06-30,6.48991
1994-07-01,4.663189
1994-07-02,4.1817746
1994-07-03,4.7220573
1994-07-04,6.3296237
1994-07-05,11.112492
1994-07-06,5.0069304
1994-07-07,3.518237
1994-07-08,4.1218643
1994-07-09,5.190122
1994-07-10,12.115295
1994-07-11,17.017052
1994-07-12,9.855477
1994-07-13,14.642053
1994-07-14,8.627398
1994-07-15,8.348006
1994-07-16,14.644384
1994-07-17,57.12989
1994-07-18,18.509142
1994-07-19,9.95512
1994-07-20,9.150029
1994-07-21,9.084622
1994-07-22,7.4813604
1994-07-23,5.509677
1994-07-24,7.1713033
1994-07-25,7.201914
1994-07-26,5.711208
1994-07-27,5.547841
1994-07-28,5.147031
1994-07-29,5.1398563
1994-07-30,5.2998524
1994-07-31,8.11251
1994-08-01,8.953607
1994-08-02,4.594441
1994-08-03,6.5382934
1994-08-04,5.5424767
1994-08-05,5.2006965
1994-08-06,5.95575
1994-08-07,53.15862
1994-08-08,11.203531
1994-08-09,6.503534
1994-08-10,6.438489
1994-08-11,9.604182
1994-08-12,7.46786
1994-08-13,8.844629
1994-08-14,6.8649063
1994-08-15,6.5380864
1994-08-16,5.636707
1994-08-17,4.7874374
1994-08-18,6.2595963
1994-08-19,5.530892
1994-08-20,4.488777
1994-08-21,5.9638014
1994-08-22,6.7157044
1994-08-23,6.318563
1994-08-24,6.6740046
1994-08-25,4.7501063
1994-08-26,3.7664888
1994-08-27,5.8106437
1994-08-28,5.173629
1994-08-29,5.1372848
1994-08-30,4.5422378
1994-08-31,4.879528
1994-09-01,3.8702605
1994-09-02,3.403887
1994-09-03,5.3947897
1994-09-04,4.734319
1994-09-05,3.4922729
1994-09-06,3.2502317
1994-09-07,4.683356
1994-09-08,6.811647
1994-09-09,3.5327768
1994-09-10,4.938058
1994-09-11,3.7890394
1994-09-12,2.869179
1994-09-13,3.4782822
1994-09-14,3.1470373
1994-09-15,3.3695588
1994-09-16,2.612135
1994-09-17,2.678542
1994-09-18,2.9298823
1994-09-19,2.8915882
1994-09-20,3.7468607
1994-09-21,3.5295362
1994-09-22,2.524308
1994-09-23,2.6484883
1994-09-24,7.518393
1994-09-25,2.7898407
1994-09-26,6.9527936
1994-09-27,3.2286112
1994-09-28,4.30818
1994-09-29,5.3362913
1994-09-30,3.9947932
1994-10-01,4.5766826
1994-10-02,3.4311535
1994-10-03,2.879803
1994-10-04,2.9195752
1994-10-05,2.5718577
1994-10-06,3.4177656
1994-10-07,3.4938498
1994-10-08,3.7005959
1994-10-09,4.692488
1994-10-10,3.547112
1994-10-11,8.015948
1994-10-12,7.400043
1994-10-13,11.643998
1994-10-14,6.7229943
1994-10-15,9.3142395
1994-10-16,3.1819801
1994-10-17,3.042672
1994-10-18,3.0680988
1994-10-19,3.1805208
1994-10-20,2.559651
1994-10-21,3.0931041
1994-10-22,2.3489594
1994-10-23,4.3481936
1994-10-24,6.5780835
1994-10-25,2.9615831
1994-10-26,2.6402745
1994-10-27,2.4418797
1994-10-28,3.0225775
1994-10-29,3.0486522
1994-10-30,2.7628064
1994-10-31,2.3881967
1994-11-01,2.658908
1994-11-02,3.337543
1994-11-03,5.300305
1994-11-04,3.5015502
1994-11-05,3.7063518
1994-11-06,4.181773
1994-11-07,2.3074524
1994-11-08,2.663059
1994-11-09,2.7441955
1994-11-10,4.0365076
1994-11-11,4.3078313
1994-11-12,2.5898645
1994-11-13,4.256366
1994-11-14,2.355891
1994-11-15,1.931189
1994-11-16,1.7955642
1994-11-17,1.7999598
1994-11-18,1.9279058
1994-11-19,2.265101
1994-11-20,2.183896
1994-11-21,1.7010692
1994-11-22,3.2167692
1994-11-23,2.519815
1994-11-24,2.5690799
1994-11-25,3.7041962
1994-11-26,4.049116
1994-11-27,5.3289943
1994-11-28,6.9816823
1994-11-29,2.4122674
1994-11-30,1.5891757
1994-12-01,1.4550687
1994-12-02,1.4747657
1994-12-03,1.397368
1994-12-04,1.5592629
1994-12-05,1.6556146
1994-12-06,1.3898339
1994-12-07,1.297425
1994-12-08,1.881805
1994-12-09,1.9438577
1994-12-10,2.4358315
1994-12-11,1.4556669
1994-12-12,1.3007567
1994-12-13,1.2637572
1994-12-14,1.4080491
1994-12-15,2.0216134
1994-12-16,2.8307562
1994-12-17,1.3917688
1994-12-18,1.1157163
1994-12-19,1.2252367
1994-12-20,1.534587
1994-12-21,2.1074169
1994-12-22,2.5920699
1994-12-23,1.6049792
1994-12-24,1.6485066
1994-12-25,1.9470371
1994-12-26,1.6853029
1994-12-27,1.4415162
1994-12-28,3.9110425
1994-12-29,6.319319
1994-12-30,1.7616135
1994-12-31,1.4094853
1995-01-01,1.3151597
1995-01-02,1.3748647
1995-01-03,1.4752146
1995-01-04,1.327829
1995-01-05,1.2511626
1995-01-06,1.2241557
1995-01-07,1.201052
1995-01-08,1.1733553
1995-01-09,1.147481
1995-01-10,1.1273732
1995-01-11,1.1985328
1995-01-12,1.1614879
1995-01-13,1.0733236
1995-01-14,1.0420723
1995-01-15,0.9998723
1995-01-16,0.9800428
1995-01-17,1.0944254
1995-01-18,1.0461851
1995-01-19,0.92158294
1995-01-20,1.2131917
1995-01-21,1.6980009
1995-01-22,1.9712605
1995-01-23,1.0981289
1995-01-24,0.7380689
1995-01-25,0.6929494
1995-01-26,0.6758778
1995-01-27,0.6579005
1995-01-28,0.64197177
1995-01-29,0.62606746
1995-01-30,0.6117723
1995-01-31,0.6046776
1995-02-01,0.58325297
1995-02-02,0.5684497
1995-02-03,0.55232936
1995-02-04,0.5389938
1995-02-05,0.52765673
1995-02-06,0.51702416
1995-02-07,0.50707525
1995-02-08,0.49492761
1995-02-09,0.48365042
1995-02-10,0.4734696
1995-02-11,0.46401513
1995-02-12,0.45380744
1995-02-13,0.4442456
1995-02-14,0.4343004
1995-02-15,0.42494485
1995-02-16,0.41573948
1995-02-17,0.40509722
1995-02-18,0.39522156
1995-02-19,0.38841268
1995-02-20,0.37872392
1995-02-21,0.37018147
1995-02-22,0.41381294
1995-02-23,1.2959075
1995-02-24,1.2883916
1995-02-25,0.63181394
1995-02-26,0.44447204
1995-02-27,0.39749423
1995-02-28,0.5756975
1995-03-01,1.8743615
1995-03-02,0.75593877
1995-03-03,0.5612125
1995-03-04,0.49874693
1995-03-05,1.3095968
1995-03-06,0.81167084
1995-03-07,0.47185853
1995-03-08,0.3345055
1995-03-09,0.41359338
1995-03-10,0.5586621
1995-03-11,0.9686537
1995-03-12,2.9318113
1995-03-13,7.4699516
1995-03-14,5.2286606
1995-03-15,1.4887204
1995-03-16,1.4710724
1995-03-17,0.631964
1995-03-18,1.0920781
1995-03-19,0.61074847
1995-03-20,0.83922243
1995-03-21,0.9618656
1995-03-22,3.6861517
1995-03-23,2.5406172
1995-03-24,7.628712
1995-03-25,9.898657
1995-03-26,4.991789
1995-03-27,1.240129
1995-03-28,0.93588376
1995-03-29,0.8862532
1995-03-30,0.9050892
1995-03-31,0.87217706
1995-04-01,0.8381354
1995-04-02,0.8113787
1995-04-03,0.82366717
1995-04-04,0.79766965
1995-04-05,0.78478056
1995-04-06,0.78208953
1995-04-07,0.8045233
1995-04-08,0.9151939
1995-04-09,1.4189663
1995-04-10,1.3879998
1995-04-11,0.8205965
1995-04-12,1.249812
1995-04-13,1.6478076
1995-04-14,4.3092375
1995-04-15,29.414762
1995-04-16,24.945814
1995-04-17,6.336346
1995-04-18,2.3760166
1995-04-19,3.7735167
1995-04-20,3.7675817
1995-04-21,6.6176305
1995-04-22,4.90509
1995-04-23,7.907756
1995-04-24,4.4936814
1995-04-25,5.102235
1995-04-26,4.82491
1995-04-27,3.2457755
1995-04-28,4.8211308
1995-04-29,4.8684664
1995-04-30,4.037113
1995-05-01,3.596381
1995-05-02,6.8272295
1995-05-03,3.8748636
1995-05-04,3.7355776
1995-05-05,3.9403
1995-05-06,4.7651052
1995-05-07,2.9074085
1995-05-08,2.4322648
1995-05-09,2.3814723
1995-05-10,4.4974403
1995-05-11,3.644367
1995-05-12,4.2259927
1995-05-13,4.63204
1995-05-14,3.954783
1995-05-15,3.1635947
1995-05-16,3.3830113
1995-05-17,3.4811106
1995-05-18,5.1541905
1995-05-19,4.836752
1995-05-20,3.6559458
1995-05-21,3.480066
1995-05-22,3.4047194
1995-05-23,3.083316
1995-05-24,3.2379496
1995-05-25,3.7318623
1995-05-26,5.314918
1995-05-27,5.6912274
1995-05-28,3.8721766
1995-05-29,3.94623
1995-05-30,3.5155926
1995-05-31,5.2290483
1995-06-01,2.8834262
1995-06-02,3.72687
1995-06-03,2.6570559
1995-06-04,3.8542092
1995-06-05,3.9034014
1995-06-06,5.360134
1995-06-07,4.1487417
1995-06-08,3.0853167
1995-06-09,5.303021
1995-06-10,3.5810416
1995-06-11,2.8925657
1995-06-12,5.0819397
1995-06-13,4.6424556
1995-06-14,5.206155
1995-06-15,8.4735155
1995-06-16,4.256995
1995-06-17,2.618687
1995-06-18,3.0937915
1995-06-19,5.6852574
1995-06-20,4.1463976
1995-06-21,5.134488
1995-06-22,5.846972
1995-06-23,40.717663
1995-06-24,15.589735
1995-06-25,5.1756454
1995-06-26,2.7412539
1995-06-27,3.9368212
1995-06-28,5.1000547
1995-06-29,5.8338747
1995-06-30,7.123812
1995-07-01,4.480372
1995-07-02,3.771598
1995-07-03,4.591951
1995-07-04,4.41325
1995-07-05,4.849552
1995-07-06,6.320399
1995-07-07,4.4470425
1995-07-08,3.3966737
1995-07-09,4.5185437
1995-07-10,4.6740947
1995-07-11,3.381002
1995-07-12,3.5557466
1995-07-13,2.9693775
1995-07-14,3.8469696
1995-07-15,3.6639698
1995-07-16,5.1679587
1995-07-17,6.2936087
1995-07-18,5.690859
1995-07-19,6.6181774
1995-07-20,4.417123
1995-07-21,4.721811
1995-07-22,17.43306
1995-07-23,4.9832387
1995-07-24,4.2061276
1995-07-25,4.133892
1995-07-26,3.9771938
1995-07-27,5.559764
1995-07-28,5.2327213
1995-07-29,3.8979757
1995-07-30,4.468026
1995-07-31,4.878487
1995-08-01,3.455305
1995-08-02,4.9162664
1995-08-03,4.479038
1995-08-04,5.2752113
1995-08-05,4.421005
1995-08-06,8.741518
1995-08-07,3.5762012
1995-08-08,3.6601462
1995-08-09,4.754447
1995-08-10,4.940616
1995-08-11,3.7242582
1995-08-12,6.1207795
1995-08-13,9.027154
1995-08-14,4.2976584
1995-08-15,3.0004456
1995-08-16,2.8435755
1995-08-17,3.79137
1995-08-18,4.5234137
1995-08-19,6.4410295
1995-08-20,3.0313673
1995-08-21,3.9180849
1995-08-22,2.6546872
1995-08-23,2.9797356
1995-08-24,4.3323965
1995-08-25,2.7532966
1995-08-26,2.5088174
1995-08-27,2.436262
1995-08-28,2.338246
1995-08-29,2.1739078
1995-08-30,3.146542
1995-08-31,4.1612234
1995-09-01,2.2727406
1995-09-02,2.4803762
1995-09-03,2.6946876
1995-09-04,1.7623577
1995-09-05,3.9238555
1995-09-06,2.4671397
1995-09-07,1.7729385
1995-09-08,1.9722973
1995-09-09,2.633245
1995-09-10,2.802559
1995-09-11,2.2446048
1995-09-12,2.0746026
1995-09-13,2.061257
1995-09-14,2.1900687
1995-09-15,1.7311746
1995-09-16,2.1632826
1995-09-17,1.9787648
1995-09-18,2.4269176
1995-09-19,1.370958
1995-09-20,1.8456143
1995-09-21,1.978017
1995-09-22,2.766924
1995-09-23,3.0852246
1995-09-24,2.5297647
1995-09-25,1.4051543
1995-09-26,3.4713323
1995-09-27,1.9230782
1995-09-28,1.4333318
1995-09-29,1.6858908
1995-09-30,1.8060538
1995-10-01,2.4147494
1995-10-02,1.2602359
1995-10-03,1.3714838
1995-10-04,1.9694622
1995-10-05,1.4028043
1995-10-06,1.2264086
1995-10-07,1.7062172
1995-10-08,0.99808854
1995-10-09,2.3939595
1995-10-10,4.102368
1995-10-11,4.8639956
1995-10-12,5.473083
1995-10-13,2.1658814
1995-10-14,2.4246225
1995-10-15,1.7696073
1995-10-16,1.2701497
1995-10-17,0.7732123
1995-10-18,2.0462763
1995-10-19,1.0807093
1995-10-20,1.1808158
1995-10-21,1.7122675
1995-10-22,1.2814276
1995-10-23,2.3319337
1995-10-24,2.2492707
1995-10-25,1.5510908
1995-10-26,1.0306559
1995-10-27,2.0377488
1995-10-28,0.74654007
1995-10-29,0.7147314
1995-10-30,2.1324959
1995-10-31,1.8753213
1995-11-01,2.5706084
1995-11-02,2.6007035
1995-11-03,1.7044601
1995-11-04,2.8755326
1995-11-05,3.704011
1995-11-06,2.474033
1995-11-07,1.0778284
1995-11-08,2.7426505
1995-11-09,2.1426547
1995-11-10,3.660888
1995-11-11,1.2646389
1995-11-12,0.94523513
1995-11-13,1.123645
1995-11-14,5.601986
1995-11-15,4.584235
1995-11-16,2.0142665
1995-11-17,2.2245998
1995-11-18,1.721549
1995-11-19,3.7599683
1995-11-20,2.3720138
1995-11-21,1.5376289
1995-11-22,2.2094367
1995-11-23,2.0534136
1995-11-24,1.591361
1995-11-25,1.2074244
1995-11-26,1.1895875
1995-11-27,1.875153
1995-11-28,1.5994205
1995-11-29,2.465448
1995-11-30,1.453019
1995-12-01,1.1677576
1995-12-02,1.2191803
1995-12-03,1.1518409
1995-12-04,1.1250468
1995-12-05,1.6294782
1995-12-06,3.006325
1995-12-07,2.517628
1995-12-08,2.3359008
1995-12-09,1.735029
1995-12-10,1.347615
1995-12-11,1.1985877
1995-12-12,1.2479541
1995-12-13,1.7679175
1995-12-14,1.1154898
1995-12-15,1.6272686
1995-12-16,1.2174156
1995-12-17,1.0643486
1995-12-18,0.92608774
1995-12-19,0.85495555
1995-12-20,1.3702811
1995-12-21,2.016957
1995-12-22,1.8687887
1995-12-23,1.192966
1995-12-24,1.6442199
1995-12-25,2.8590775
1995-12-26,2.1328013
1995-12-27,0.9827402
1995-12-28,0.7990192
1995-12-29,0.779388
1995-12-30,0.8126015
1995-12-31,1.1033292
1996-01-01,0.8069112
1996-01-02,0.7298546
1996-01-03,0.72067255
1996-01-04,0.78392404
1996-01-05,0.72850573
1996-01-06,0.69360155
1996-01-07,0.66284287
1996-01-08,0.64691263
1996-01-09,0.6388803
1996-01-10,0.6271272
1996-01-11,0.6089107
1996-01-12,0.6102678
1996-01-13,0.6403628
1996-01-14,0.8155548
1996-01-15,0.6357335
1996-01-16,0.6150074
1996-01-17,0.5747806
1996-01-18,0.5846354
1996-01-19,2.2671852
1996-01-20,2.125108
1996-01-21,0.6804654
1996-01-22,0.73179865
1996-01-23,2.0351093
1996-01-24,0.77158356
1996-01-25,0.5351755
1996-01-26,0.4915098
1996-01-27,0.53024006
1996-01-28,0.5263466
1996-01-29,0.90214956
1996-01-30,0.4849829
1996-01-31,0.44277197
1996-02-01,0.43040955
1996-02-02,0.42629805
1996-02-03,0.64807457
1996-02-04,0.9254837
1996-02-05,0.74240863
1996-02-06,1.2691648
1996-02-07,0.5582994
1996-02-08,0.41043913
1996-02-09,0.45612568
1996-02-10,0.5608878
1996-02-11,1.0653589
1996-02-12,1.1516762
1996-02-13,1.6324608
1996-02-14,2.094443
1996-02-15,0.61217195
1996-02-16,0.46054077
1996-02-17,0.8432205
1996-02-18,1.0435194
1996-02-19,2.9250817
1996-02-20,1.2672389
1996-02-21,0.45789534
1996-02-22,0.4152642
1996-02-23,0.37211254
1996-02-24,0.34204537
1996-02-25,0.33688068
1996-02-26,0.65805906
1996-02-27,0.6215277
1996-02-28,0.5012571
1996-02-29,0.54440475
1996-03-01,0.39576954
1996-03-02,0.75920695
1996-03-03,0.5332262
1996-03-04,0.78296137
1996-03-05,0.509079
1996-03-06,0.7796349
1996-03-07,0.95830834
1996-03-08,0.3940317
1996-03-09,0.31747586
1996-03-10,0.37282375
1996-03-11,2.7266412
1996-03-12,5.5350437
1996-03-13,8.463556
1996-03-14,6.3966656
1996-03-15,2.0669725
1996-03-16,0.80487084
1996-03-17,1.3291346
1996-03-18,0.76422805
1996-03-19,0.9540445
1996-03-20,0.43078473
1996-03-21,0.35501644
1996-03-22,0.36401126
1996-03-23,0.3885904
1996-03-24,0.35612378
1996-03-25,0.37533653
1996-03-26,0.42705336
1996-03-27,0.4827983
1996-03-28,0.36765444
1996-03-29,0.34193805
1996-03-30,0.33398387
1996-03-31,0.8153488
1996-04-01,1.4089057
1996-04-02,0.85024756
1996-04-03,0.8121352
1996-04-04,0.7057399
1996-04-05,1.0774788
1996-04-06,0.87462467
1996-04-07,0.9482179
1996-04-08,1.92446
1996-04-09,0.64376503
1996-04-10,0.4773036
1996-04-11,0.8738099
1996-04-12,1.5254369
1996-04-13,5.3976874
1996-04-14,1.8924725
1996-04-15,0.5010163
1996-04-16,0.34660074
1996-04-17,0.36113784
1996-04-18,0.3705254
1996-04-19,0.3885806
1996-04-20,0.63469374
1996-04-21,0.99308914
1996-04-22,1.494869
1996-04-23,2.0271635
1996-04-24,1.2571445
1996-04-25,2.1662502
1996-04-26,3.2658815
1996-04-27,1.6435286
1996-04-28,1.8497783
1996-04-29,2.169547
1996-04-30,3.2600825
1996-05-01,4.1846256
1996-05-02,3.0401714
1996-05-03,1.4305911
1996-05-04,2.5140915
1996-05-05,2.1786726
1996-05-06,13.349946
1996-05-07,4.535748
1996-05-08,4.2382126
1996-05-09,6.4607944
1996-05-10,3.006685
1996-05-11,2.4329011
1996-05-12,4.142627
1996-05-13,7.3385797
1996-05-14,4.1219482
1996-05-15,3.0999148
1996-05-16,6.49103
1996-05-17,5.0875664
1996-05-18,5.2684274
1996-05-19,6.6288652
1996-05-20,4.2045
1996-05-21,4.2962127
1996-05-22,2.8471835
1996-05-23,3.8085976
1996-05-24,3.6206684
1996-05-25,3.602405
1996-05-26,2.725642
1996-05-27,3.7261503
1996-05-28,4.1659894
1996-05-29,4.0329165
1996-05-30,3.7232072
1996-05-31,4.411198
1996-06-01,5.072101
1996-06-02,4.479039
1996-06-03,4.635271
1996-06-04,5.269312
1996-06-05,6.0559525
1996-06-06,4.0679393
1996-06-07,3.0785458
1996-06-08,2.2514138
1996-06-09,2.8894985
1996-06-10,2.6549308
1996-06-11,3.6197188
1996-06-12,4.863517
1996-06-13,3.3148856
1996-06-14,3.726068
1996-06-15,4.196624
1996-06-16,3.6927438
1996-06-17,4.9422746
1996-06-18,4.5210223
1996-06-19,4.400252
1996-06-20,3.5488758
1996-06-21,5.7724915
1996-06-22,3.7739592
1996-06-23,4.7319965
1996-06-24,11.860798
1996-06-25,5.1728287
1996-06-26,3.3976235
1996-06-27,3.1574302
1996-06-28,3.8918428
1996-06-29,2.7578275
1996-06-30,4.6717033
1996-07-01,30.000118
1996-07-02,4.5884285
1996-07-03,2.5826964
1996-07-04,2.9671366
1996-07-05,5.054325
1996-07-06,9.097506
1996-07-07,2.993211
1996-07-08,2.8060591
1996-07-09,4.8934846
1996-07-10,3.620173
1996-07-11,4.0743604
1996-07-12,2.2018483
1996-07-13,2.2167776
1996-07-14,3.7374232
1996-07-15,2.488047
1996-07-16,2.564218
1996-07-17,3.6295595
1996-07-18,2.1063209
1996-07-19,2.2966383
1996-07-20,3.0917315
1996-07-21,20.273174
1996-07-22,5.568039
1996-07-23,12.543572
1996-07-24,2.495255
1996-07-25,2.5841508
1996-07-26,5.8634977
1996-07-27,8.868758
1996-07-28,3.9706273
1996-07-29,8.045697
1996-07-30,6.058863
1996-07-31,3.9811258
1996-08-01,4.27001
1996-08-02,5.856147
1996-08-03,3.8653362
1996-08-04,3.6461515
1996-08-05,2.6975913
1996-08-06,4.5750656
1996-08-07,3.2297554
1996-08-08,3.3271453
1996-08-09,2.437573
1996-08-10,2.6831737
1996-08-11,3.0708766
1996-08-12,2.657565
1996-08-13,2.2576118
1996-08-14,2.3701417
1996-08-15,1.9174398
1996-08-16,2.3017633
1996-08-17,2.1186476
1996-08-18,1.8090265
1996-08-19,2.0018208
1996-08-20,2.7327545
1996-08-21,2.8140602
1996-08-22,2.3642035
1996-08-23,1.8415794
1996-08-24,2.3207278
1996-08-25,2.1818633
1996-08-26,2.455583
1996-08-27,2.8002827
1996-08-28,2.5258873
1996-08-29,1.6958275
1996-08-30,2.9631608
1996-08-31,4.8501034
1996-09-01,2.1338444
1996-09-02,2.542428
1996-09-03,2.5984704
1996-09-04,3.5321634
1996-09-05,1.4129807
1996-09-06,1.9196119
1996-09-07,1.438476
1996-09-08,1.3869891
1996-09-09,1.303893
1996-09-10,1.6729369
1996-09-11,1.7071507
1996-09-12,1.8729278
1996-09-13,1.5763253
1996-09-14,1.8462563
1996-09-15,3.2662659
1996-09-16,1.7366394
1996-09-17,2.7679682
1996-09-18,5.2355247
1996-09-19,2.4082818
1996-09-20,1.4992453
1996-09-21,1.7295161
1996-09-22,1.6811835
1996-09-23,1.1920713
1996-09-24,1.7390679
1996-09-25,2.0938375
1996-09-26,1.3966571
1996-09-27,3.2284694
1996-09-28,1.7187672
1996-09-29,2.8557718
1996-09-30,3.4112208
1996-10-01,5.053811
1996-10-02,2.8646195
1996-10-03,1.3169491
1996-10-04,1.5993035
1996-10-05,1.3746707
1996-10-06,1.9335866
1996-10-07,1.8340739
1996-10-08,1.2135772
1996-10-09,1.5809081
1996-10-10,2.0522058
1996-10-11,1.5037562
1996-10-12,3.1746283
1996-10-13,4.9812937
1996-10-14,8.71146
1996-10-15,5.2085037
1996-10-16,10.233287
1996-10-17,5.1693287
1996-10-18,2.6932392
1996-10-19,3.2004843
1996-10-20,3.8709471
1996-10-21,2.6663773
1996-10-22,3.600467
1996-10-23,3.0420263
1996-10-24,2.1373544
1996-10-25,3.907031
1996-10-26,4.732241
1996-10-27,2.3456855
1996-10-28,2.9889274
1996-10-29,2.8529108
1996-10-30,2.8279934
1996-10-31,3.3163877
1996-11-01,2.5568516
1996-11-02,3.3244758
1996-11-03,2.566759
1996-11-04,1.9100894
1996-11-05,1.8197951
1996-11-06,1.7011226
1996-11-07,1.8527389
1996-11-08,2.0030622
1996-11-09,2.3192565
1996-11-10,4.617356
1996-11-11,2.8874838
1996-11-12,3.7998128
1996-11-13,4.001155
1996-11-14,2.1287718
1996-11-15,2.7627666
1996-11-16,5.9238887
1996-11-17,11.936013
1996-11-18,20.218788
1996-11-19,13.342575
1996-11-20,28.574337
1996-11-21,13.375223
1996-11-22,22.047026
1996-11-23,9.739644
1996-11-24,8.703871
1996-11-25,5.8027024
1996-11-26,4.938335
1996-11-27,4.347434
1996-11-28,4.2649865
1996-11-29,4.528703
1996-11-30,4.7913203
1996-12-01,3.8211336
1996-12-02,3.7618766
1996-12-03,3.2317803
1996-12-04,5.7408996
1996-12-05,8.942848
1996-12-06,7.921662
1996-12-07,5.1197186
1996-12-08,3.0720112
1996-12-09,2.4512405
1996-12-10,3.116215
1996-12-11,2.5141966
1996-12-12,2.9460757
1996-12-13,2.2375338
1996-12-14,2.4468725
1996-12-15,2.4136758
1996-12-16,3.376969
1996-12-17,3.0455956
1996-12-18,2.3234792
1996-12-19,2.4478047
1996-12-20,2.1928685
1996-12-21,2.2023385
1996-12-22,1.7305535
1996-12-23,1.5898709
1996-12-24,1.5634258
1996-12-25,1.6435217
1996-12-26,1.4670489
1996-12-27,1.4122427
1996-12-28,1.4577845
1996-12-29,1.3985105
1996-12-30,1.3927529
1996-12-31,1.3607035
1997-01-01,1.4482661
1997-01-02,1.7574623
1997-01-03,1.4350533
1997-01-04,1.5251065
1997-01-05,2.638667
1997-01-06,1.6076189
1997-01-07,1.4851733
1997-01-08,1.7908458
1997-01-09,1.9837182
1997-01-10,1.4159163
1997-01-11,1.67711
1997-01-12,2.2678595
1997-01-13,3.9601486
1997-01-14,2.57811
1997-01-15,1.3345741
1997-01-16,0.97933465
1997-01-17,2.7098
1997-01-18,2.4943328
1997-01-19,1.3691456
1997-01-20,1.163323
1997-01-21,0.79950976
1997-01-22,0.8000775
1997-01-23,0.7655256
1997-01-24,0.9111986
1997-01-25,1.442044
1997-01-26,0.85938585
1997-01-27,0.7543673
1997-01-28,0.8284111
1997-01-29,0.7467449
1997-01-30,0.7847992
1997-01-31,0.92881966
1997-02-01,2.571549
1997-02-02,1.8071309
1997-02-03,1.12502
1997-02-04,0.74320596
1997-02-05,0.98198855
1997-02-06,2.2305515
1997-02-07,2.1906254
1997-02-08,1.44077
1997-02-09,1.9888566
1997-02-10,2.1820693
1997-02-11,2.1730602
1997-02-12,2.1463785
1997-02-13,4.1156015
1997-02-14,3.370194
1997-02-15,1.7362548
1997-02-16,1.0934951
1997-02-17,1.0005617
1997-02-18,1.0623358
1997-02-19,1.5684983
1997-02-20,1.0275029
1997-02-21,0.9069349
1997-02-22,0.92654103
1997-02-23,1.141951
1997-02-24,1.8642515
1997-02-25,1.4496754
1997-02-26,1.072424
1997-02-27,1.172684
1997-02-28,1.2757471
1997-03-01,0.897538
1997-03-02,0.84729904
1997-03-03,0.8211641
1997-03-04,0.81104386
1997-03-05,0.7989256
1997-03-06,0.77978003
1997-03-07,0.7629832
1997-03-08,0.751076
1997-03-09,0.73391306
1997-03-10,0.7254718
1997-03-11,0.76244545
1997-03-12,0.7511896
1997-03-13,1.3600978
1997-03-14,3.2101285
1997-03-15,3.9610443
1997-03-16,2.617306
1997-03-17,2.1340783
1997-03-18,1.449298
1997-03-19,1.2637204
1997-03-20,2.4437659
1997-03-21,3.7355678
1997-03-22,2.699569
1997-03-23,0.9890202
1997-03-24,0.7242096
1997-03-25,0.72596216
1997-03-26,0.6538742
1997-03-27,0.94787174
1997-03-28,0.73865515
1997-03-29,0.712461
1997-03-30,0.61318564
1997-03-31,0.6055419
1997-04-01,0.7461865
1997-04-02,3.8714213
1997-04-03,1.5627842
1997-04-04,1.0136375
1997-04-05,0.6567387
1997-04-06,1.1540912
1997-04-07,2.5187905
1997-04-08,8.466154
1997-04-09,5.367862
1997-04-10,3.4790294
1997-04-11,2.4515958
1997-04-12,7.2913604
1997-04-13,3.6397374
1997-04-14,2.6238554
1997-04-15,2.638002
1997-04-16,1.6197547
1997-04-17,1.2803309
1997-04-18,1.4468201
1997-04-19,1.435497
1997-04-20,3.107773
1997-04-21,3.7984126
1997-04-22,4.0906596
1997-04-23,2.9091032
1997-04-24,4.8317
1997-04-25,7.6750817
1997-04-26,7.393598
1997-04-27,4.5260663
1997-04-28,3.0659907
1997-04-29,2.6720128
1997-04-30,2.510358
1997-05-01,2.3471336
1997-05-02,3.463353
1997-05-03,3.1467242
1997-05-04,4.639662
1997-05-05,16.447325
1997-05-06,3.5811605
1997-05-07,5.800481
1997-05-08,4.329593
1997-05-09,3.9672449
1997-05-10,4.435077
1997-05-11,4.8126554
1997-05-12,3.5996614
1997-05-13,3.9263518
1997-05-14,2.958664
1997-05-15,2.9895744
1997-05-16,3.2230296
1997-05-17,2.6547458
1997-05-18,2.1976452
1997-05-19,2.2063103
1997-05-20,2.2554207
1997-05-21,2.6802366
1997-05-22,4.1942654
1997-05-23,6.1148276
1997-05-24,3.8931334
1997-05-25,3.8827665
1997-05-26,28.472925
1997-05-27,7.7565145
1997-05-28,29.712698
1997-05-29,6.088104
1997-05-30,6.3197904
1997-05-31,4.44313
1997-06-01,9.837373
1997-06-02,4.090933
1997-06-03,3.82218
1997-06-04,2.930517
1997-06-05,5.4798856
1997-06-06,5.194037
1997-06-07,3.7158272
1997-06-08,2.3550267
1997-06-09,6.1370907
1997-06-10,3.5922556
1997-06-11,3.6030972
1997-06-12,3.4876602
1997-06-13,2.74239
1997-06-14,2.4887886
1997-06-15,1.9154131
1997-06-16,2.6530304
1997-06-17,1.9931829
1997-06-18,1.7229435
1997-06-19,1.8721085
1997-06-20,4.0454574
1997-06-21,2.9386246
1997-06-22,1.9959996
1997-06-23,2.511332
1997-06-24,4.0053678
1997-06-25,6.6108537
1997-06-26,4.534971
1997-06-27,4.601579
1997-06-28,3.9547806
1997-06-29,3.424222
1997-06-30,3.8456187
1997-07-01,2.5570407
1997-07-02,5.1430626
1997-07-03,2.4527664
1997-07-04,4.4150963
1997-07-05,7.4582305
1997-07-06,2.9846847
1997-07-07,3.4838138
1997-07-08,42.35206
1997-07-09,6.99876
1997-07-10,11.010169
1997-07-11,8.562764
1997-07-12,7.5356417
1997-07-13,11.443757
1997-07-14,3.690245
1997-07-15,32.291447
1997-07-16,11.089984
1997-07-17,15.321034
1997-07-18,9.940518
1997-07-19,9.695371
1997-07-20,9.440576
1997-07-21,7.1574073
1997-07-22,8.264066
1997-07-23,7.1609874
1997-07-24,7.4218464
1997-07-25,6.891258
1997-07-26,9.158084
1997-07-27,5.55284
1997-07-28,4.680254
1997-07-29,5.316067
1997-07-30,5.080627
1997-07-31,4.848113
1997-08-01,3.945321
1997-08-02,4.4009933
1997-08-03,4.498226
1997-08-04,4.4571767
1997-08-05,3.583568
1997-08-06,3.1014645
1997-08-07,29.885742
1997-08-08,27.011969
1997-08-09,8.307837
1997-08-10,6.088939
1997-08-11,5.03059
1997-08-12,4.546175
1997-08-13,4.6601257
1997-08-14,5.928477
1997-08-15,16.891563
1997-08-16,6.2355256
1997-08-17,4.7414017
1997-08-18,5.2659793
1997-08-19,4.10636
1997-08-20,4.196158
1997-08-21,3.828129
1997-08-22,4.5139785
1997-08-23,3.6784048
1997-08-24,4.232269
1997-08-25,3.9058244
1997-08-26,3.4349375
1997-08-27,5.993059
1997-08-28,3.3478978
1997-08-29,6.8905296
1997-08-30,4.1603107
1997-08-31,3.2891557
1997-09-01,2.4896643
1997-09-02,2.6024535
1997-09-03,3.0354621
1997-09-04,2.655355
1997-09-05,2.4326735
1997-09-06,2.996811
1997-09-07,3.8024886
1997-09-08,3.9354162
1997-09-09,3.1907735
1997-09-10,5.2973027
1997-09-11,3.9205854
1997-09-12,2.6529922
1997-09-13,2.5852976
1997-09-14,1.7380816
1997-09-15,1.5299007
1997-09-16,1.6266594
1997-09-17,1.5895631
1997-09-18,1.9129505
1997-09-19,2.7798064
1997-09-20,2.8956497
1997-09-21,2.02317
1997-09-22,1.819282
1997-09-23,1.8371712
1997-09-24,2.9226031
1997-09-25,2.0304239
1997-09-26,1.6148046
1997-09-27,1.6805519
1997-09-28,1.2738044
1997-09-29,1.645184
1997-09-30,2.0378098
1997-10-01,2.2133963
1997-10-02,2.7341535
1997-10-03,1.5084425
1997-10-04,1.5024205
1997-10-05,1.1419967
1997-10-06,0.9886386
1997-10-07,1.0290115
1997-10-08,1.0467947
1997-10-09,1.3089591
1997-10-10,1.1170027
1997-10-11,1.0931221
1997-10-12,1.0979718
1997-10-13,1.8326433
1997-10-14,1.4359641
1997-10-15,12.65186
1997-10-16,3.7827506
1997-10-17,3.0864577
1997-10-18,2.917391
1997-10-19,1.1437914
1997-10-20,1.0207715
1997-10-21,1.2567451
1997-10-22,1.290029
1997-10-23,2.077759
1997-10-24,3.436901
1997-10-25,1.1365538
1997-10-26,0.7459708
1997-10-27,0.8213281
1997-10-28,1.0307058
1997-10-29,1.4166547
1997-10-30,0.8348036
1997-10-31,0.6772707
1997-11-01,2.3585627
1997-11-02,1.2678444
1997-11-03,0.88588226
1997-11-04,1.5302953
1997-11-05,0.9612748
1997-11-06,1.1087155
1997-11-07,0.949412
1997-11-08,3.6078386
1997-11-09,1.4898452
1997-11-10,1.2172952
1997-11-11,1.5280927
1997-11-12,0.9507207
1997-11-13,0.72229254
1997-11-14,1.2054334
1997-11-15,2.383607
1997-11-16,6.116963
1997-11-17,3.6495426
1997-11-18,1.8452231
1997-11-19,2.1352525
1997-11-20,2.6207027
1997-11-21,1.5429149
1997-11-22,1.3522322
1997-11-23,0.95399404
1997-11-24,0.9597423
1997-11-25,1.007078
1997-11-26,1.848592
1997-11-27,1.9567844
1997-11-28,1.9385289
1997-11-29,1.150786
1997-11-30,0.8964406
1997-12-01,0.96372944
1997-12-02,2.1216109
1997-12-03,1.6232007
1997-12-04,0.75879735
1997-12-05,0.67738444
1997-12-06,0.6723883
1997-12-07,0.7138797
1997-12-08,0.77931315
1997-12-09,0.85492617
1997-12-10,1.3173544
1997-12-11,1.0616077
1997-12-12,0.69895196
1997-12-13,0.6340672
1997-12-14,0.6252298
1997-12-15,0.6504388
1997-12-16,0.64131117
1997-12-17,0.61121714
1997-12-18,0.6166944
1997-12-19,0.66309506
1997-12-20,0.594325
1997-12-21,0.591746
1997-12-22,0.56785417
1997-12-23,0.55787563
1997-12-24,0.55353534
1997-12-25,0.5612339
1997-12-26,0.53552437
1997-12-27,0.5243469
1997-12-28,0.5186478
1997-12-29,0.5278528
1997-12-30,0.5117831
1997-12-31,0.546855
1998-01-01,0.5253911
1998-01-02,0.48427498
1998-01-03,0.47347075
1998-01-04,0.45861167
1998-01-05,0.44778368
1998-01-06,0.4561914
1998-01-07,0.50555444
1998-01-08,0.9630498
1998-01-09,0.64165294
1998-01-10,0.48712286
1998-01-11,0.48866385
1998-01-12,0.43777436
1998-01-13,0.6739599
1998-01-14,0.44255844
1998-01-15,0.41127726
1998-01-16,0.38358098
1998-01-17,0.3719005
1998-01-18,0.3609188
1998-01-19,0.35987103
1998-01-20,0.3473049
1998-01-21,0.3426837
1998-01-22,0.36077937
1998-01-23,0.33407384
1998-01-24,0.34908912
1998-01-25,0.32411358
1998-01-26,0.30749848
1998-01-27,0.2989376
1998-01-28,0.29211044
1998-01-29,0.2853859
1998-01-30,0.2801068
1998-01-31,0.35069722
1998-02-01,1.7447822
1998-02-02,0.4853444
1998-02-03,0.64278406
1998-02-04,0.6128071
1998-02-05,1.012326
1998-02-06,0.6127409
1998-02-07,1.0270134
1998-02-08,0.579065
1998-02-09,2.2385662
1998-02-10,3.6240828
1998-02-11,1.0505749
1998-02-12,0.5115201
1998-02-13,0.4510369
1998-02-14,1.2525914
1998-02-15,2.0406208
1998-02-16,1.7755451
1998-02-17,0.6537092
1998-02-18,0.44658026
1998-02-19,0.26337054
1998-02-20,0.2329297
1998-02-21,0.21515922
1998-02-22,0.21080285
1998-02-23,0.20520768
1998-02-24,0.20163168
1998-02-25,0.19872111
1998-02-26,0.23599714
1998-02-27,0.19831969
1998-02-28,0.20187461
1998-03-01,0.19151048
1998-03-02,0.22408567
1998-03-03,0.32407242
1998-03-04,0.89936787
1998-03-05,1.270968
1998-03-06,0.6503586
1998-03-07,2.3583565
1998-03-08,1.2528281
1998-03-09,1.4873743
1998-03-10,0.44749108
1998-03-11,0.31056896
1998-03-12,0.20733169
1998-03-13,0.29454616
1998-03-14,0.34407565
1998-03-15,0.1764271
1998-03-16,0.1620095
1998-03-17,0.32976532
1998-03-18,0.222576
1998-03-19,0.17949435
1998-03-20,0.21062976
1998-03-21,1.3498136
1998-03-22,1.3454345
1998-03-23,0.8243653
1998-03-24,0.5742656
1998-03-25,0.7433204
1998-03-26,0.5104802
1998-03-27,0.7560265
1998-03-28,0.43553564
1998-03-29,1.7033257
1998-03-30,1.3167499
1998-03-31,1.4244945
1998-04-01,3.2681558
1998-04-02,98.061226
1998-04-03,10.620869
1998-04-04,3.667014
1998-04-05,3.0424297
1998-04-06,2.9047585
1998-04-07,3.6393137
1998-04-08,0.9402592
1998-04-09,4.8393455
1998-04-10,2.99389
1998-04-11,1.130453
1998-04-12,1.5017661
1998-04-13,1.2801355
1998-04-14,1.0120286
1998-04-15,1.9978223
1998-04-16,2.7268355
1998-04-17,3.8389435
1998-04-18,3.8259335
1998-04-19,6.90287
1998-04-20,31.568491
1998-04-21,15.450118
1998-04-22,3.6821313
1998-04-23,5.2948093
1998-04-24,2.0290303
1998-04-25,2.6884804
1998-04-26,4.1713166
1998-04-27,8.514786
1998-04-28,4.1168256
1998-04-29,2.652332
1998-04-30,2.808071
1998-05-01,5.0926113
1998-05-02,8.129152
1998-05-03,13.01651
1998-05-04,6.7048116
1998-05-05,7.4343576
1998-05-06,6.411853
1998-05-07,5.9149714
1998-05-08,9.161866
1998-05-09,3.2631085
1998-05-10,8.533024
1998-05-11,3.936902
1998-05-12,5.445339
1998-05-13,6.7422967
1998-05-14,3.4876745
1998-05-15,2.3925428
1998-05-16,2.9512131
1998-05-17,3.701459
1998-05-18,14.748869
1998-05-19,30.00069
1998-05-20,4.2787075
1998-05-21,1.8781916
1998-05-22,1.8112589
1998-05-23,1.7497704
1998-05-24,1.9227115
1998-05-25,3.010691
1998-05-26,5.1633964
1998-05-27,4.49993
1998-05-28,4.4867783
1998-05-29,5.14539
1998-05-30,2.7489038
1998-05-31,3.4675639
1998-06-01,5.2219224
1998-06-02,3.4140515
1998-06-03,5.9303675
1998-06-04,4.0397463
1998-06-05,2.614755
1998-06-06,2.1264756
1998-06-07,2.5971603
1998-06-08,25.01161
1998-06-09,7.190486
1998-06-10,6.175136
1998-06-11,3.5615542
1998-06-12,3.337708
1998-06-13,4.415515
1998-06-14,4.404702
1998-06-15,6.8989377
1998-06-16,6.5009522
1998-06-17,4.0608845
1998-06-18,6.991253
1998-06-19,4.709222
1998-06-20,3.8162014
1998-06-21,4.790326
1998-06-22,8.686168
1998-06-23,5.8578773
1998-06-24,6.6398015
1998-06-25,5.5558767
1998-06-26,4.8934207
1998-06-27,10.380146
1998-06-28,16.643932
1998-06-29,18.139528
1998-06-30,7.8419194
1998-07-01,6.5690565
1998-07-02,9.567795
1998-07-03,6.9414597
1998-07-04,6.223586
1998-07-05,6.7289925
1998-07-06,9.791161
1998-07-07,8.093797
1998-07-08,7.626308
1998-07-09,5.095457
1998-07-10,5.928485
1998-07-11,6.752413
1998-07-12,5.5205755
1998-07-13,5.6724796
1998-07-14,3.9689314
1998-07-15,8.021366
1998-07-16,4.7969427
1998-07-17,5.6502833
1998-07-18,6.1089487
1998-07-19,5.9729896
1998-07-20,5.6436605
1998-07-21,4.183685
1998-07-22,3.5421371
1998-07-23,5.2410703
1998-07-24,5.308821
1998-07-25,11.362194
1998-07-26,4.6886244
1998-07-27,5.4541545
1998-07-28,4.52219
1998-07-29,4.350052
1998-07-30,6.3573856
1998-07-31,5.536523
1998-08-01,3.3026295
1998-08-02,3.8130183
1998-08-03,4.8451796
1998-08-04,5.0648074
1998-08-05,4.2179046
1998-08-06,4.422092
1998-08-07,4.2345777
1998-08-08,3.398151
1998-08-09,4.5794764
1998-08-10,2.912315
1998-08-11,4.220264
1998-08-12,3.1776829
1998-08-13,3.1786168
1998-08-14,3.8245933
1998-08-15,2.6863325
1998-08-16,2.77793
1998-08-17,3.0137594
1998-08-18,3.4028602
1998-08-19,2.670505
1998-08-20,3.0699515
1998-08-21,2.8423784
1998-08-22,3.9729433
1998-08-23,2.3846056
1998-08-24,1.8890085
1998-08-25,1.8930113
1998-08-26,3.0500133
1998-08-27,2.5642555
1998-08-28,2.4883442
1998-08-29,4.298382
1998-08-30,3.2354503
1998-08-31,11.491087
1998-09-01,3.000867
1998-09-02,1.7691069
1998-09-03,2.1504703
1998-09-04,1.8994017
1998-09-05,1.6965779
1998-09-06,1.7313056
1998-09-07,1.4662924
1998-09-08,1.7402552
1998-09-09,1.8259708
1998-09-10,2.1909182
1998-09-11,1.7451062
1998-09-12,2.6819906
1998-09-13,2.440938
1998-09-14,1.6434193
1998-09-15,1.5607439
1998-09-16,1.7320371
1998-09-17,1.4237747
1998-09-18,2.1167054
1998-09-19,1.6060944
1998-09-20,2.1985185
1998-09-21,2.817248
1998-09-22,3.3611393
1998-09-23,2.8602014
1998-09-24,1.9773563
1998-09-25,1.4022547
1998-09-26,3.4272387
1998-09-27,4.5746703
1998-09-28,1.8930732
1998-09-29,1.6052998
1998-09-30,1.1686485
1998-10-01,1.0596887
1998-10-02,2.389622
1998-10-03,1.2689133
1998-10-04,2.4193976
1998-10-05,2.25824
1998-10-06,2.46336
1998-10-07,2.309731
1998-10-08,3.1305194
1998-10-09,1.5740356
1998-10-10,2.8502
1998-10-11,1.3261757
1998-10-12,0.87278545
1998-10-13,0.8760554
1998-10-14,2.3719306
1998-10-15,2.3944545
1998-10-16,1.8935468
1998-10-17,1.7312484
1998-10-18,1.9938048
1998-10-19,1.7625022
1998-10-20,1.9898183
1998-10-21,2.5765047
1998-10-22,2.4257393
1998-10-23,2.0045664
1998-10-24,2.0660803
1998-10-25,1.1378231
1998-10-26,3.9821694
1998-10-27,1.3819449
1998-10-28,1.3703405
1998-10-29,2.2736776
1998-10-30,2.2018712
1998-10-31,1.9928908
1998-11-01,1.7955613
1998-11-02,1.3397423
1998-11-03,1.1145778
1998-11-04,3.425842
1998-11-05,5.1003647
1998-11-06,2.5589225
1998-11-07,2.338999
1998-11-08,2.2438927
1998-11-09,1.681998
1998-11-10,3.0198984
1998-11-11,1.7572911
1998-11-12,1.4431254
1998-11-13,1.4718356
1998-11-14,2.8280532
1998-11-15,2.0486064
1998-11-16,1.8620594
1998-11-17,2.224046
1998-11-18,2.0647814
1998-11-19,2.6842458
1998-11-20,3.5310774
1998-11-21,3.216607
1998-11-22,3.7035418
1998-11-23,4.275317
1998-11-24,10.60394
1998-11-25,7.1974382
1998-11-26,6.839646
1998-11-27,9.721916
1998-11-28,4.820071
1998-11-29,7.0961103
1998-11-30,5.9405217
1998-12-01,10.497828
1998-12-02,9.561121
1998-12-03,8.456794
1998-12-04,15.676856
1998-12-05,10.0641
1998-12-06,5.9716163
1998-12-07,7.2404494
1998-12-08,6.51426
1998-12-09,5.097383
1998-12-10,4.8264647
1998-12-11,4.4576745
1998-12-12,5.1432123
1998-12-13,4.4573884
1998-12-14,4.803139
1998-12-15,4.033083
1998-12-16,3.7172751
1998-12-17,2.7180636
1998-12-18,2.4164402
1998-12-19,2.3510137
1998-12-20,2.2266965
1998-12-21,2.1790884
1998-12-22,2.5285387
1998-12-23,3.3105392
1998-12-24,3.8098047
1998-12-25,1.8735716
1998-12-26,1.8249867
1998-12-27,1.6000262
1998-12-28,1.5100712
1998-12-29,1.5364987
1998-12-30,1.8102772
1998-12-31,1.8898958
1999-01-01,2.9973583
1999-01-02,1.4610155
1999-01-03,1.5015548
1999-01-04,1.4191805
1999-01-05,2.7804937
1999-01-06,1.2550911
1999-01-07,1.472039
1999-01-08,1.0460657
1999-01-09,0.9996493
1999-01-10,0.94292337
1999-01-11,0.9402007
1999-01-12,2.5862756
1999-01-13,5.0494113
1999-01-14,1.891282
1999-01-15,1.1140914
1999-01-16,1.2664931
1999-01-17,1.0618412
1999-01-18,0.8576
1999-01-19,0.7754972
1999-01-20,1.2196538
1999-01-21,0.8646183
1999-01-22,0.7954895
1999-01-23,0.79815483
1999-01-24,0.9546842
1999-01-25,1.5310518
1999-01-26,1.8380036
1999-01-27,2.2985194
1999-01-28,3.0880501
1999-01-29,1.2119673
1999-01-30,0.74960446
1999-01-31,0.7160717
1999-02-01,0.7781404
1999-02-02,0.80237556
1999-02-03,1.0810803
1999-02-04,0.91184604
1999-02-05,0.83790463
1999-02-06,0.6776306
1999-02-07,0.6948527
1999-02-08,0.76644725
1999-02-09,0.6299169
1999-02-10,0.59837645
1999-02-11,1.2510031
1999-02-12,1.6126341
1999-02-13,1.3974926
1999-02-14,1.3982089
1999-02-15,0.7157804
1999-02-16,0.9571444
1999-02-17,1.9267807
1999-02-18,3.283474
1999-02-19,3.349871
1999-02-20,2.624932
1999-02-21,4.823556
1999-02-22,2.6283329
1999-02-23,10.693871
1999-02-24,3.3837674
1999-02-25,1.8898351
1999-02-26,1.644546
1999-02-27,1.5487841
1999-02-28,1.9779848
1999-03-01,2.5385706
1999-03-02,7.5563197
1999-03-03,5.214267
1999-03-04,1.9577647
1999-03-05,1.7526857
1999-03-06,1.7965512
1999-03-07,1.788474
1999-03-08,1.7895414
1999-03-09,1.7281089
1999-03-10,1.731311
1999-03-11,1.685622
1999-03-12,1.759543
1999-03-13,2.1610923
1999-03-14,3.3388166
1999-03-15,2.862918
1999-03-16,2.529526
1999-03-17,2.3357303
1999-03-18,2.3372633
1999-03-19,1.7671658
1999-03-20,1.9797258
1999-03-21,2.3339107
1999-03-22,3.8808389
1999-03-23,3.8336294
1999-03-24,1.9103494
1999-03-25,2.0076222
1999-03-26,1.4402417
1999-03-27,1.2259725
1999-03-28,2.1429307
1999-03-29,2.6310892
1999-03-30,2.4987812
1999-03-31,1.4074855
1999-04-01,1.483002
1999-04-02,1.4510633
1999-04-03,4.040852
1999-04-04,2.3130543
1999-04-05,3.5790122
1999-04-06,26.100613
1999-04-07,6.01133
1999-04-08,4.1373625
1999-04-09,7.0810394
1999-04-10,12.029655
1999-04-11,8.543299
1999-04-12,5.631008
1999-04-13,4.333388
1999-04-14,5.855683
1999-04-15,5.7779884
1999-04-16,5.129131
1999-04-17,4.115072
1999-04-18,2.719659
1999-04-19,2.4894783
1999-04-20,2.5936956
1999-04-21,3.8307574
1999-04-22,4.521167
1999-04-23,6.4149237
1999-04-24,5.6287932
1999-04-25,8.2139845
1999-04-26,5.2694125
1999-04-27,6.7346663
1999-04-28,4.772866
1999-04-29,3.4751256
1999-04-30,2.121992
1999-05-01,2.4783382
1999-05-02,2.1762793
1999-05-03,3.3030114
1999-05-04,3.006966
1999-05-05,3.243995
1999-05-06,2.0761805
1999-05-07,1.6269357
1999-05-08,1.4960437
1999-05-09,1.8020045
1999-05-10,4.461152
1999-05-11,5.7790923
1999-05-12,7.99554
1999-05-13,3.5108647
1999-05-14,10.872679
1999-05-15,5.083555
1999-05-16,3.4605258
1999-05-17,2.0572393
1999-05-18,1.8285105
1999-05-19,1.3752965
1999-05-20,1.7378188
1999-05-21,2.6026754
1999-05-22,2.723231
1999-05-23,2.6802247
1999-05-24,2.3417876
1999-05-25,1.7918582
1999-05-26,2.5446963
1999-05-27,1.3933878
1999-05-28,1.2367836
1999-05-29,1.7146574
1999-05-30,3.0606668
1999-05-31,3.9366083
1999-06-01,3.2718203
1999-06-02,3.3307896
1999-06-03,2.5720448
1999-06-04,2.583841
1999-06-05,5.043262
1999-06-06,1.78927
1999-06-07,1.5764182
1999-06-08,2.2453864
1999-06-09,4.6309376
1999-06-10,4.0920334
1999-06-11,6.8644805
1999-06-12,10.669126
1999-06-13,4.7165065
1999-06-14,4.906917
1999-06-15,2.5044212
1999-06-16,2.4689646
1999-06-17,4.131092
1999-06-18,2.8868546
1999-06-19,3.3447404
1999-06-20,2.7584455
1999-06-21,2.0930772
1999-06-22,7.7247
1999-06-23,4.7540555
1999-06-24,2.0961528
1999-06-25,3.4005926
1999-06-26,2.3026662
1999-06-27,3.6718006
1999-06-28,3.674904
1999-06-29,4.103376
1999-06-30,2.6891432
1999-07-01,2.4252093
1999-07-02,4.756416
1999-07-03,5.195943
1999-07-04,2.686405
1999-07-05,3.086951
1999-07-06,3.4809043
1999-07-07,4.5871067
1999-07-08,4.782744
1999-07-09,2.690401
1999-07-10,2.0510263
1999-07-11,1.7720366
1999-07-12,3.1964564
1999-07-13,3.044283
1999-07-14,1.8685794
1999-07-15,2.6926286
1999-07-16,3.9714508
1999-07-17,3.3362856
1999-07-18,4.7308397
1999-07-19,5.0217714
1999-07-20,2.8049755
1999-07-21,2.8552246
1999-07-22,2.551755
1999-07-23,6.379616
1999-07-24,3.0498862
1999-07-25,4.9319715
1999-07-26,4.754458
1999-07-27,2.3146138
1999-07-28,5.1868706
1999-07-29,4.7554655
1999-07-30,7.6705074
1999-07-31,3.5699687
1999-08-01,6.1048017
1999-08-02,4.4421835
1999-08-03,2.1432061
1999-08-04,3.4654832
1999-08-05,2.2281682
1999-08-06,2.1919777
1999-08-07,3.714927
1999-08-08,3.4046755
1999-08-09,3.8383377
1999-08-10,2.2978308
1999-08-11,2.5937953
1999-08-12,2.5949392
1999-08-13,3.772772
1999-08-14,6.2979293
1999-08-15,5.1742225
1999-08-16,4.186984
1999-08-17,2.8831303
1999-08-18,2.8380857
1999-08-19,2.2586133
1999-08-20,1.9625108
1999-08-21,2.5029767
1999-08-22,2.9576292
1999-08-23,2.6266446
1999-08-24,2.6198344
1999-08-25,1.9198974
1999-08-26,1.9682734
1999-08-27,1.8899963
1999-08-28,2.387366
1999-08-29,2.5814977
1999-08-30,1.9536079
1999-08-31,2.7322223
1999-09-01,2.1191962
1999-09-02,2.1238325
1999-09-03,4.7183247
1999-09-04,2.2520738
1999-09-05,1.7655677
1999-09-06,2.09955
1999-09-07,1.6905706
1999-09-08,1.8677859
1999-09-09,2.5901184
1999-09-10,1.9135191
1999-09-11,1.8504243
1999-09-12,2.9122705
1999-09-13,3.2169108
1999-09-14,3.4772727
1999-09-15,2.876492
1999-09-16,2.480063
1999-09-17,2.5000253
1999-09-18,1.5351285
1999-09-19,1.75681
1999-09-20,2.4618764
1999-09-21,2.5502656
1999-09-22,2.1229627
1999-09-23,2.3934186
1999-09-24,3.0048745
1999-09-25,3.81329
1999-09-26,3.5543058
1999-09-27,2.8985872
1999-09-28,4.9085846
1999-09-29,2.7720904
1999-09-30,2.6865025
1999-10-01,2.2041926
1999-10-02,1.850325
1999-10-03,1.4933631
1999-10-04,1.6575353
1999-10-05,2.6613343
1999-10-06,2.2000458
1999-10-07,2.1398175
1999-10-08,1.7271006
1999-10-09,2.0956
1999-10-10,1.8954498
1999-10-11,5.6672673
1999-10-12,3.981465
1999-10-13,5.22916
1999-10-14,2.1804817
1999-10-15,3.3566906
1999-10-16,2.1374288
1999-10-17,2.9383626
1999-10-18,2.664718
1999-10-19,2.6699922
1999-10-20,1.598261
1999-10-21,1.0034838
1999-10-22,1.0016322
1999-10-23,1.8949711
1999-10-24,3.097701
1999-10-25,2.9509206
1999-10-26,2.5701063
1999-10-27,1.2661301
1999-10-28,1.2938179
1999-10-29,4.0320764
1999-10-30,2.619655
1999-10-31,2.5378768
1999-11-01,2.1387916
1999-11-02,1.5556127
1999-11-03,6.547322
1999-11-04,3.5272913
1999-11-05,3.6192074
1999-11-06,1.6776371
1999-11-07,1.9918559
1999-11-08,1.7327727
1999-11-09,3.0818627
1999-11-10,1.7707337
1999-11-11,2.7836525
1999-11-12,2.4927316
1999-11-13,2.9493768
1999-11-14,3.3706126
1999-11-15,1.9012929
1999-11-16,3.1297863
1999-11-17,2.3136878
1999-11-18,12.207086
1999-11-19,18.572927
1999-11-20,4.6128507
1999-11-21,6.1556993
1999-11-22,6.4617276
1999-11-23,18.573435
1999-11-24,12.740629
1999-11-25,7.8255296
1999-11-26,14.013569
1999-11-27,13.917236
1999-11-28,8.295443
1999-11-29,5.959527
1999-11-30,5.5542717
1999-12-01,5.449294
1999-12-02,6.1698647
1999-12-03,5.0055513
1999-12-04,5.378714
1999-12-05,6.396534
1999-12-06,3.8335748
1999-12-07,3.6654496
1999-12-08,3.5030966
1999-12-09,4.544342
1999-12-10,2.8950977
1999-12-11,2.874952
1999-12-12,3.7439985
1999-12-13,4.2903547
1999-12-14,3.7367635
1999-12-15,3.0293524
1999-12-16,2.5341704
1999-12-17,3.8609734
1999-12-18,2.5706742
1999-12-19,2.0498226
1999-12-20,2.024446
1999-12-21,2.1420548
1999-12-22,2.4856322
1999-12-23,2.479004
1999-12-24,2.5754526
1999-12-25,3.8092146
1999-12-26,3.9730327
1999-12-27,8.295366
1999-12-28,3.8673265
1999-12-29,3.8767002
1999-12-30,1.900973
1999-12-31,1.762332
2000-01-01,2.7986846
2000-01-02,1.960504
2000-01-03,2.5820742
2000-01-04,2.780156
2000-01-05,6.8987803
2000-01-06,4.7620845
2000-01-07,6.0779924
2000-01-08,6.0524035
2000-01-09,8.051112
2000-01-10,5.850974
2000-01-11,2.1358557
2000-01-12,1.7680309
2000-01-13,1.7562339
2000-01-14,1.7654182
2000-01-15,1.7120203
2000-01-16,1.6628281
2000-01-17,1.6866221
2000-01-18,1.792993
2000-01-19,1.6158893
2000-01-20,1.5231355
2000-01-21,1.6057029
2000-01-22,1.5631866
2000-01-23,1.3323188
2000-01-24,1.2397964
2000-01-25,1.2138226
2000-01-26,1.1857122
2000-01-27,1.1819174
2000-01-28,1.306013
2000-01-29,1.413079
2000-01-30,1.2232448
2000-01-31,1.5739928
2000-02-01,1.1170113
2000-02-02,1.0473255
2000-02-03,1.9259377
2000-02-04,1.1534194
2000-02-05,0.91201335
2000-02-06,0.86647916
2000-02-07,0.8213302
2000-02-08,0.79338926
2000-02-09,0.7688094
2000-02-10,0.7482681
2000-02-11,0.72935927
2000-02-12,0.71924293
2000-02-13,0.6910657
2000-02-14,0.66850996
2000-02-15,0.6504495
2000-02-16,0.6416017
2000-02-17,0.61669755
2000-02-18,0.64629745
2000-02-19,1.4855535
2000-02-20,0.7844988
2000-02-21,0.5759315
2000-02-22,0.71639395
2000-02-23,0.74661833
2000-02-24,0.94018483
2000-02-25,0.86106455
2000-02-26,1.0607893
2000-02-27,1.7563204
2000-02-28,2.463845
2000-02-29,3.578139
2000-03-01,2.7508307
2000-03-02,0.8122558
2000-03-03,0.8336042
2000-03-04,0.6840064
2000-03-05,0.51168954
2000-03-06,0.48264775
2000-03-07,0.47606018
2000-03-08,0.5241685
2000-03-09,0.682801
2000-03-10,1.1501136
2000-03-11,0.5144484
2000-03-12,0.44672537
2000-03-13,0.459943
2000-03-14,0.46935603
2000-03-15,0.47473285
2000-03-16,0.43189484
2000-03-17,0.41497168
2000-03-18,0.4242375
2000-03-19,0.52297944
2000-03-20,0.42761225
2000-03-21,0.4040718
2000-03-22,0.3944695
2000-03-23,0.44508395
2000-03-24,27.547539
2000-03-25,10.343712
2000-03-26,5.6441197
2000-03-27,1.1399661
2000-03-28,2.588671
2000-03-29,4.0153193
2000-03-30,3.6336362
2000-03-31,1.5706394
2000-04-01,0.8593321
2000-04-02,0.65896523
2000-04-03,0.7382345
2000-04-04,1.6695064
2000-04-05,2.6590402
2000-04-06,7.881878
2000-04-07,3.2818658
2000-04-08,5.467106
2000-04-09,1.5081204
2000-04-10,1.7989262
2000-04-11,1.8202962
2000-04-12,2.2673225
2000-04-13,8.272811
2000-04-14,4.733514
2000-04-15,2.6994555
2000-04-16,3.1535153
2000-04-17,3.221926
2000-04-18,3.4805808
2000-04-19,3.8461583
2000-04-20,2.034194
2000-04-21,3.7660642
2000-04-22,3.4399784
2000-04-23,4.0291276
2000-04-24,7.125408
2000-04-25,5.45446
2000-04-26,4.3942375
2000-04-27,2.7355158
2000-04-28,2.5950897
2000-04-29,2.7424242
2000-04-30,3.0092561
2000-05-01,3.2204313
2000-05-02,4.8457317
2000-05-03,4.54806
2000-05-04,3.9313123
2000-05-05,4.2604403
2000-05-06,3.8443732
2000-05-07,4.9039407
2000-05-08,4.943954
2000-05-09,3.4376674
2000-05-10,3.8365948
2000-05-11,5.278506
2000-05-12,6.326148
2000-05-13,7.0252542
2000-05-14,4.246166
2000-05-15,4.721849
2000-05-16,6.1160135
2000-05-17,5.354758
2000-05-18,4.4554477
2000-05-19,5.2111073
2000-05-20,4.3339424
2000-05-21,5.7881308
2000-05-22,6.8961625
2000-05-23,5.063136
2000-05-24,4.0344987
2000-05-25,5.824904
2000-05-26,8.249246
2000-05-27,9.349131
2000-05-28,6.7513394
2000-05-29,4.9091496
2000-05-30,4.1642957
2000-05-31,7.2239447
2000-06-01,6.582497
2000-06-02,6.2498193
2000-06-03,3.0330288
2000-06-04,3.550594
2000-06-05,3.8665512
2000-06-06,9.23976
2000-06-07,3.728307
2000-06-08,3.7823644
2000-06-09,10.739302
2000-06-10,4.282632
2000-06-11,7.830602
2000-06-12,5.025628
2000-06-13,8.459027
2000-06-14,5.618008
2000-06-15,4.389137
2000-06-16,2.9845502
2000-06-17,5.2260547
2000-06-18,5.3841243
2000-06-19,4.081729
2000-06-20,5.871884
2000-06-21,2.9667366
2000-06-22,3.6488264
2000-06-23,6.38521
2000-06-24,9.231856
2000-06-25,8.006291
2000-06-26,4.581499
2000-06-27,3.623356
2000-06-28,4.868951
2000-06-29,4.8346696
2000-06-30,5.329913
2000-07-01,3.7684104
2000-07-02,3.7242537
2000-07-03,4.1725144
2000-07-04,3.8540044
2000-07-05,7.062605
2000-07-06,5.6167135
2000-07-07,4.1345277
2000-07-08,3.8115556
2000-07-09,4.2939463
2000-07-10,2.7550714
2000-07-11,2.5873542
2000-07-12,2.5544257
2000-07-13,2.8522675
2000-07-14,14.105506
2000-07-15,32.56318
2000-07-16,7.094167
2000-07-17,5.0975223
2000-07-18,5.869137
2000-07-19,7.581928
2000-07-20,6.977291
2000-07-21,6.436241
2000-07-22,6.6702332
2000-07-23,5.2116356
2000-07-24,4.665612
2000-07-25,6.9853635
2000-07-26,8.715623
2000-07-27,9.62171
2000-07-28,7.7647705
2000-07-29,4.313645
2000-07-30,6.2103744
2000-07-31,3.8184838
2000-08-01,6.2965164
2000-08-02,4.8367243
2000-08-03,4.3424654
2000-08-04,6.356443
2000-08-05,4.329887
2000-08-06,4.4702296
2000-08-07,4.098775
2000-08-08,6.9532456
2000-08-09,4.80807
2000-08-10,3.6881003
2000-08-11,3.7304537
2000-08-12,3.221333
2000-08-13,3.8742375
2000-08-14,6.3177876
2000-08-15,3.6358318
2000-08-16,3.8935428
2000-08-17,9.946563
2000-08-18,6.5449104
2000-08-19,8.059754
2000-08-20,7.882658
2000-08-21,6.7571373
2000-08-22,4.7848654
2000-08-23,5.6871977
2000-08-24,6.938125
2000-08-25,11.143484
2000-08-26,8.685372
2000-08-27,6.088842
2000-08-28,5.8498735
2000-08-29,4.8743653
2000-08-30,4.369348
2000-08-31,4.387794
2000-09-01,5.1632404
2000-09-02,5.1380296
2000-09-03,4.237036
2000-09-04,3.7734795
2000-09-05,4.5212274
2000-09-06,5.963182
2000-09-07,4.620227
2000-09-08,4.1774907
2000-09-09,2.974483
2000-09-10,4.849786
2000-09-11,2.7655294
2000-09-12,2.718071
2000-09-13,2.2882893
2000-09-14,2.1425757
2000-09-15,2.910397
2000-09-16,2.696747
2000-09-17,2.1367104
2000-09-18,2.8668294
2000-09-19,2.4524357
2000-09-20,3.3748338
2000-09-21,2.2593594
2000-09-22,5.2100425
2000-09-23,3.0684574
2000-09-24,4.500494
2000-09-25,2.942442
2000-09-26,3.0740306
2000-09-27,2.382729
2000-09-28,2.612207
2000-09-29,2.7687643
2000-09-30,3.6038582
2000-10-01,3.5460098
2000-10-02,2.9400146
2000-10-03,2.7400637
2000-10-04,3.53198
2000-10-05,2.9589207
2000-10-06,2.0265381
2000-10-07,1.6218514
2000-10-08,2.2684186
2000-10-09,1.887672
2000-10-10,3.0075796
2000-10-11,1.6411524
2000-10-12,1.5776632
2000-10-13,1.446373
2000-10-14,1.5574267
2000-10-15,1.6604984
2000-10-16,1.4355336
2000-10-17,1.7064931
2000-10-18,2.0577986
2000-10-19,1.7832316
2000-10-20,2.563805
2000-10-21,3.1056712
2000-10-22,2.48133
2000-10-23,3.1196294
2000-10-24,2.1113353
2000-10-25,2.5543919
2000-10-26,1.8335545
2000-10-27,3.5340307
2000-10-28,2.3839302
2000-10-29,2.09869
2000-10-30,2.5692623
2000-10-31,2.6664524
2000-11-01,6.1189528
2000-11-02,9.937832
2000-11-03,9.998147
2000-11-04,9.885456
2000-11-05,6.5338235
2000-11-06,5.9317718
2000-11-07,5.0155115
2000-11-08,10.845108
2000-11-09,6.0489683
2000-11-10,5.7411475
2000-11-11,8.681568
2000-11-12,20.82217
2000-11-13,10.788178
2000-11-14,12.596931
2000-11-15,11.227585
2000-11-16,7.470388
2000-11-17,6.992206
2000-11-18,8.378008
2000-11-19,5.5668845
2000-11-20,4.790739
2000-11-21,5.282961
2000-11-22,4.116582
2000-11-23,3.6704712
2000-11-24,3.582143
2000-11-25,3.4347978
2000-11-26,3.671961
2000-11-27,3.0456197
2000-11-28,2.877827
2000-11-29,3.0572577
2000-11-30,3.1041503
2000-12-01,2.9147086
2000-12-02,2.781864
2000-12-03,2.554159
2000-12-04,2.6820023
2000-12-05,3.0562668
2000-12-06,2.8530695
2000-12-07,1.8642615
2000-12-08,2.1215026
2000-12-09,1.879433
2000-12-10,2.016017
2000-12-11,1.6299928
2000-12-12,1.6352111
2000-12-13,1.484285
2000-12-14,1.3510062
2000-12-15,1.313862
2000-12-16,1.3777139
2000-12-17,1.2769405
2000-12-18,1.2403799
2000-12-19,1.2728491
2000-12-20,1.1654603
2000-12-21,1.1762091
2000-12-22,1.1229517
2000-12-23,1.0439384
2000-12-24,1.0466152
2000-12-25,1.3927133
2000-12-26,1.5808964
2000-12-27,1.1409091
2000-12-28,1.5704589
2000-12-29,2.244633
2000-12-30,2.4826868
2000-12-31,2.2206244
2001-01-01,1.2880299
2001-01-02,0.82696205
2001-01-03,0.7677323
2001-01-04,0.7438127
2001-01-05,0.72306633
2001-01-06,0.70447665
2001-01-07,0.6591809
2001-01-08,0.5694961
2001-01-09,0.5538126
2001-01-10,0.96366495
2001-01-11,0.5573416
2001-01-12,0.535366
2001-01-13,0.51811945
2001-01-14,0.48721704
2001-01-15,0.47145525
2001-01-16,0.46001562
2001-01-17,0.46718046
2001-01-18,0.8863719
2001-01-19,0.5253383
2001-01-20,0.43196124
2001-01-21,0.42265904
2001-01-22,0.42515448
2001-01-23,0.41711542
2001-01-24,0.40088043
2001-01-25,0.37602004
2001-01-26,0.38148513
2001-01-27,0.35637385
2001-01-28,0.34597898
2001-01-29,0.33854136
2001-01-30,0.33113313
2001-01-31,0.32353565
2001-02-01,0.31474665
2001-02-02,0.30936986
2001-02-03,0.3009838
2001-02-04,0.29327518
2001-02-05,0.28837088
2001-02-06,0.28083205
2001-02-07,0.3058004
2001-02-08,0.30932447
2001-02-09,0.2939798
2001-02-10,0.27472064
2001-02-11,0.25487787
2001-02-12,0.24719706
2001-02-13,0.2428385
2001-02-14,0.23850442
2001-02-15,0.23397255
2001-02-16,0.22960427
2001-02-17,0.22453035
2001-02-18,0.21857497
2001-02-19,0.21317504
2001-02-20,0.2130748
2001-02-21,0.21852954
2001-02-22,0.25192702
2001-02-23,0.2363377
2001-02-24,0.20132229
2001-02-25,0.20775285
2001-02-26,0.19176494
2001-02-27,0.20344675
2001-02-28,0.19223608
2001-03-01,0.18193187
2001-03-02,0.19314179
2001-03-03,0.17624827
2001-03-04,0.18420835
2001-03-05,0.19774932
2001-03-06,0.4902522
2001-03-07,0.94984496
2001-03-08,0.29027373
2001-03-09,0.22639945
2001-03-10,0.18937622
2001-03-11,0.20650177
2001-03-12,0.15226778
2001-03-13,0.14387965
2001-03-14,0.1406077
2001-03-15,0.14140971
2001-03-16,0.39474168
2001-03-17,0.18074068
2001-03-18,0.13681376
2001-03-19,0.19274728
2001-03-20,0.6944909
2001-03-21,0.76275337
2001-03-22,1.6348029
2001-03-23,2.6129506
2001-03-24,1.5131701
2001-03-25,0.6872103
2001-03-26,0.16486637
2001-03-27,0.12327875
2001-03-28,0.14075705
2001-03-29,0.15956695
2001-03-30,0.83156365
2001-03-31,0.53424764
2001-04-01,0.7134564
2001-04-02,0.34099507
2001-04-03,0.44323143
2001-04-04,0.15156823
2001-04-05,0.12808165
2001-04-06,1.4551111
2001-04-07,0.70879674
2001-04-08,0.27714643
2001-04-09,0.5868059
2001-04-10,0.8978293
2001-04-11,0.8154495
2001-04-12,0.7983624
2001-04-13,1.1189262
2001-04-14,1.135367
2001-04-15,1.2839961
2001-04-16,1.0719326
2001-04-17,0.7992123
2001-04-18,0.99688107
2001-04-19,0.56500965
2001-04-20,1.0778574
2001-04-21,0.2849754
2001-04-22,0.3278463
2001-04-23,0.18935874
2001-04-24,0.68286043
2001-04-25,0.20817901
2001-04-26,0.2703894
2001-04-27,0.9364788
2001-04-28,1.3229405
2001-04-29,2.3955245
2001-04-30,1.7501391
2001-05-01,1.280937
2001-05-02,1.7461333
2001-05-03,3.1583586
2001-05-04,5.293552
2001-05-05,1.4708645
2001-05-06,1.3564312
2001-05-07,1.9864801
2001-05-08,1.095459
2001-05-09,10.248594
2001-05-10,2.307264
2001-05-11,0.6500768
2001-05-12,1.2896242
2001-05-13,0.5967256
2001-05-14,1.5785953
2001-05-15,2.8211498
2001-05-16,5.833488
2001-05-17,1.7878034
2001-05-18,1.6147318
2001-05-19,1.2147648
2001-05-20,2.2249703
2001-05-21,1.618648
2001-05-22,1.0756558
2001-05-23,0.85713327
2001-05-24,0.51039654
2001-05-25,0.4495974
2001-05-26,1.3148654
2001-05-27,1.7783428
2001-05-28,2.1974566
2001-05-29,0.8714563
2001-05-30,1.0459807
2001-05-31,2.8788598
2001-06-01,1.4894942
2001-06-02,1.457226
2001-06-03,1.5830057
2001-06-04,1.6727288
2001-06-05,1.3922374
2001-06-06,1.3014065
2001-06-07,2.2426193
2001-06-08,3.8380587
2001-06-09,2.0697863
2001-06-10,1.9824867
2001-06-11,1.6158513
2001-06-12,3.5109532
2001-06-13,2.4192069
2001-06-14,0.92262316
2001-06-15,3.0296428
2001-06-16,2.2290976
2001-06-17,0.9615952
2001-06-18,1.6398251
2001-06-19,1.8356866
2001-06-20,4.3131924
2001-06-21,16.022297
2001-06-22,5.872467
2001-06-23,1.5252476
2001-06-24,1.297259
2001-06-25,0.8966851
2001-06-26,1.1190646
2001-06-27,3.9506416
2001-06-28,5.063003
2001-06-29,2.8995588
2001-06-30,3.755319
2001-07-01,3.1736057
2001-07-02,2.5172477
2001-07-03,2.3254056
2001-07-04,3.2701452
2001-07-05,2.0300252
2001-07-06,1.5490241
2001-07-07,3.5711143
2001-07-08,2.0834703
2001-07-09,3.4016428
2001-07-10,2.2713354
2001-07-11,3.0439646
2001-07-12,3.3396838
2001-07-13,2.9133976
2001-07-14,3.3273866
2001-07-15,1.553744
2001-07-16,5.4253826
2001-07-17,3.4148426
2001-07-18,4.333236
2001-07-19,3.7210882
2001-07-20,3.7694507
2001-07-21,4.335589
2001-07-22,2.7814753
2001-07-23,1.9600239
2001-07-24,1.8348955
2001-07-25,1.9334352
2001-07-26,2.293418
2001-07-27,2.3861432
2001-07-28,2.3850665
2001-07-29,2.829397
2001-07-30,5.8586106
2001-07-31,4.8671737
2001-08-01,5.60542
2001-08-02,3.199984
2001-08-03,6.164114
2001-08-04,1.9186538
2001-08-05,2.0858636
2001-08-06,2.4166949
2001-08-07,1.6757213
2001-08-08,1.6467035
2001-08-09,5.71362
2001-08-10,1.8995543
2001-08-11,1.7319096
2001-08-12,1.622026
2001-08-13,1.426057
2001-08-14,1.7787447
2001-08-15,2.6781273
2001-08-16,2.105496
2001-08-17,2.080091
2001-08-18,3.4885852
2001-08-19,3.6367812
2001-08-20,5.0530553
2001-08-21,4.748337
2001-08-22,1.884252
2001-08-23,1.7105294
2001-08-24,1.5392798
2001-08-25,2.633425
2001-08-26,2.6114347
2001-08-27,3.2338533
2001-08-28,1.9825596
2001-08-29,1.9175861
2001-08-30,1.4032072
2001-08-31,1.6420996
2001-09-01,1.3501815
2001-09-02,1.517041
2001-09-03,2.456686
2001-09-04,2.1218464
2001-09-05,1.576817
2001-09-06,1.699326
2001-09-07,2.7380276
2001-09-08,3.9676805
2001-09-09,1.7935537
2001-09-10,1.3773378
2001-09-11,1.2901983
2001-09-12,2.5778816
2001-09-13,2.4244626
2001-09-14,2.6343918
2001-09-15,6.790691
2001-09-16,1.7839826
2001-09-17,1.0169992
2001-09-18,1.3757814
2001-09-19,2.0814016
2001-09-20,2.341934
2001-09-21,1.8868124
2001-09-22,1.5946165
2001-09-23,1.9621584
2001-09-24,2.96002
2001-09-25,2.035521
2001-09-26,1.1865999
2001-09-27,1.8359925
2001-09-28,1.9344465
2001-09-29,2.107427
2001-09-30,1.489889
2001-10-01,1.3464049
2001-10-02,1.6015062
2001-10-03,2.0450664
2001-10-04,2.4307666
2001-10-05,2.0543394
2001-10-06,1.440068
2001-10-07,2.6544578
2001-10-08,1.3388513
2001-10-09,1.2793927
2001-10-10,1.2325938
2001-10-11,1.4712374
2001-10-12,1.4385122
2001-10-13,2.0946827
2001-10-14,1.5305868
2001-10-15,1.6198386
2001-10-16,1.9684548
2001-10-17,1.7901891
2001-10-18,2.1697397
2001-10-19,6.3299108
2001-10-20,3.4262543
2001-10-21,3.2558339
2001-10-22,1.4749998
2001-10-23,1.7349461
2001-10-24,2.168764
2001-10-25,1.5722753
2001-10-26,1.5246117
2001-10-27,2.5435495
2001-10-28,2.3992202
2001-10-29,4.2437816
2001-10-30,5.2319474
2001-10-31,10.0484495
2001-11-01,13.876088
2001-11-02,8.692943
2001-11-03,56.302795
2001-11-04,13.502334
2001-11-05,6.6268625
2001-11-06,5.3704553
2001-11-07,5.0135093
2001-11-08,4.3606267
2001-11-09,4.5283732
2001-11-10,4.009305
2001-11-11,5.116823
2001-11-12,4.613018
2001-11-13,4.721784
2001-11-14,4.6745815
2001-11-15,3.2379432
2001-11-16,2.6212137
2001-11-17,2.512273
2001-11-18,3.1387694
2001-11-19,2.707491
2001-11-20,2.8368802
2001-11-21,3.0923243
2001-11-22,3.854343
2001-11-23,3.453517
2001-11-24,2.0524008
2001-11-25,1.9593949
2001-11-26,2.7734537
2001-11-27,2.9878263
2001-11-28,5.5354347
2001-11-29,5.250361
2001-11-30,4.940257
2001-12-01,6.575569
2001-12-02,3.8372142
2001-12-03,2.8815532
2001-12-04,2.5374415
2001-12-05,2.506103
2001-12-06,2.5891972
2001-12-07,4.6459813
2001-12-08,3.6492107
2001-12-09,4.119929
2001-12-10,3.6700823
2001-12-11,3.9834812
2001-12-12,3.4392939
2001-12-13,2.5852914
2001-12-14,10.768027
2001-12-15,5.0879908
2001-12-16,5.7027507
2001-12-17,4.2592516
2001-12-18,5.150819
2001-12-19,3.4778945
2001-12-20,3.7083645
2001-12-21,3.0220592
2001-12-22,4.183141
2001-12-23,2.8869455
2001-12-24,3.1159742
2001-12-25,3.4787571
2001-12-26,3.9607801
2001-12-27,4.6682487
2001-12-28,9.776045
2001-12-29,3.8844247
2001-12-30,2.4597025
2001-12-31,2.5621152
2002-01-01,2.2238383
2002-01-02,2.2202373
2002-01-03,2.0372496
2002-01-04,1.9536682
2002-01-05,1.9235386
2002-01-06,1.8451179
2002-01-07,1.8388294
2002-01-08,2.6193695
2002-01-09,2.1285877
2002-01-10,1.622688
2002-01-11,1.5527995
2002-01-12,1.8147494
2002-01-13,1.5773208
2002-01-14,1.3626733
2002-01-15,1.3851663
2002-01-16,1.3322108
2002-01-17,1.3411977
2002-01-18,1.4047538
2002-01-19,1.1479546
2002-01-20,1.0848846
2002-01-21,1.1350913
2002-01-22,1.0904473
2002-01-23,0.9865249
2002-01-24,0.9587975
2002-01-25,0.97632474
2002-01-26,0.9121778
2002-01-27,0.8651011
2002-01-28,0.8366642
2002-01-29,0.8247628
2002-01-30,0.8266573
2002-01-31,1.158164
2002-02-01,1.3839791
2002-02-02,0.9146447
2002-02-03,0.93951833
2002-02-04,1.100912
2002-02-05,2.1676335
2002-02-06,2.5802948
2002-02-07,1.089504
2002-02-08,0.87285644
2002-02-09,0.68927324
2002-02-10,0.73247045
2002-02-11,0.6537407
2002-02-12,0.61847156
2002-02-13,0.58137923
2002-02-14,0.5646528
2002-02-15,0.5464851
2002-02-16,0.53847235
2002-02-17,0.5215134
2002-02-18,0.50858307
2002-02-19,0.536388
2002-02-20,0.5469643
2002-02-21,0.50799966
2002-02-22,0.47180974
2002-02-23,0.45419583
2002-02-24,0.4457729
2002-02-25,0.43327123
2002-02-26,0.42239448
2002-02-27,0.42969242
2002-02-28,0.46078143
2002-03-01,0.4155409
2002-03-02,0.38731924
2002-03-03,0.3748709
2002-03-04,0.3658645
2002-03-05,0.36862704
2002-03-06,0.38097593
2002-03-07,0.34453046
2002-03-08,0.3317595
2002-03-09,0.3260091
2002-03-10,0.31949455
2002-03-11,0.3060029
2002-03-12,0.30640665
2002-03-13,0.955484
2002-03-14,1.4155694
2002-03-15,0.8104387
2002-03-16,1.1501054
2002-03-17,0.9406191
2002-03-18,2.035373
2002-03-19,1.7453502
2002-03-20,0.9071016
2002-03-21,1.4450955
2002-03-22,1.4972035
2002-03-23,2.9988985
2002-03-24,1.5968157
2002-03-25,0.4217237
2002-03-26,0.3202746
2002-03-27,0.34258088
2002-03-28,0.36582947
2002-03-29,0.4481344
2002-03-30,1.9540845
2002-03-31,1.9889871
2002-04-01,0.97224975
2002-04-02,1.7966632
2002-04-03,3.7509913
2002-04-04,2.579158
2002-04-05,3.5348673
2002-04-06,2.5440738
2002-04-07,1.4992794
2002-04-08,1.9811062
2002-04-09,6.4151535
2002-04-10,4.211381
2002-04-11,7.035243
2002-04-12,7.01328
2002-04-13,6.105601
2002-04-14,1.4041773
2002-04-15,0.9665989
2002-04-16,2.586398
2002-04-17,2.3349304
2002-04-18,2.8177388
2002-04-19,3.1526852
2002-04-20,2.5677333
2002-04-21,3.1847405
2002-04-22,2.220818
2002-04-23,2.7080646
2002-04-24,3.611474
2002-04-25,7.082551
2002-04-26,4.366091
2002-04-27,4.4959283
2002-04-28,6.968854
2002-04-29,5.1859555
2002-04-30,5.5788493
2002-05-01,5.0278897
2002-05-02,4.5626
2002-05-03,4.571673
2002-05-04,6.216298
2002-05-05,5.1887145
2002-05-06,5.896864
2002-05-07,4.8696246
2002-05-08,4.907996
2002-05-09,4.0533485
2002-05-10,4.178052
2002-05-11,6.462715
2002-05-12,5.7644277
2002-05-13,5.712304
2002-05-14,5.670696
2002-05-15,3.6179967
2002-05-16,3.738787
2002-05-17,4.15345
2002-05-18,5.040435
2002-05-19,5.4875817
2002-05-20,2.5670738
2002-05-21,1.9888939
2002-05-22,3.1161907
2002-05-23,4.518538
2002-05-24,5.1231937
2002-05-25,2.8430164
2002-05-26,3.3217278
2002-05-27,3.1794398
2002-05-28,5.0099177
2002-05-29,5.622422
2002-05-30,2.8460057
2002-05-31,3.5365248
2002-06-01,6.670337
2002-06-02,4.3496256
2002-06-03,4.589025
2002-06-04,2.4339173
2002-06-05,3.866848
2002-06-06,5.468017
2002-06-07,4.1832905
2002-06-08,3.4398627
2002-06-09,2.9641018
2002-06-10,2.9191406
2002-06-11,2.1155186
2002-06-12,5.635698
2002-06-13,6.337319
2002-06-14,2.6200984
2002-06-15,3.5043607
2002-06-16,2.6391506
2002-06-17,11.816414
2002-06-18,11.984685
2002-06-19,2.9291756
2002-06-20,2.1499186
2002-06-21,10.23657
2002-06-22,3.590034
2002-06-23,9.196885
2002-06-24,18.784225
2002-06-25,6.4406366
2002-06-26,10.293668
2002-06-27,5.555656
2002-06-28,3.9371006
2002-06-29,10.131201
2002-06-30,6.99762
2002-07-01,5.79311
2002-07-02,5.4863787
2002-07-03,4.723325
2002-07-04,5.277151
2002-07-05,4.8517227
2002-07-06,3.5744522
2002-07-07,6.4757566
2002-07-08,4.9747434
2002-07-09,3.631451
2002-07-10,4.914393
2002-07-11,4.552069
2002-07-12,6.087978
2002-07-13,7.5108333
2002-07-14,7.023581
2002-07-15,10.385678
2002-07-16,8.216458
2002-07-17,5.553204
2002-07-18,7.5369806
2002-07-19,9.919929
2002-07-20,6.4399624
2002-07-21,5.8951592
2002-07-22,6.0162
2002-07-23,4.472046
2002-07-24,4.5218234
2002-07-25,5.19534
2002-07-26,6.9375196
2002-07-27,3.9100602
2002-07-28,4.6237216
2002-07-29,4.6689773
2002-07-30,15.815457
2002-07-31,6.3748107
2002-08-01,3.9126513
2002-08-02,5.404456
2002-08-03,5.5783205
2002-08-04,5.1267047
2002-08-05,3.309137
2002-08-06,5.424173
2002-08-07,3.6866848
2002-08-08,7.0098224
2002-08-09,6.6946974
2002-08-10,3.8908107
2002-08-11,3.295512
2002-08-12,3.2436686
2002-08-13,3.0263593
2002-08-14,19.582937
2002-08-15,5.6538973
2002-08-16,14.107237
2002-08-17,13.562962
2002-08-18,9.369212
2002-08-19,5.8754835
2002-08-20,5.5953264
2002-08-21,4.728814
2002-08-22,5.195642
2002-08-23,5.5342
2002-08-24,6.5643024
2002-08-25,4.6576233
2002-08-26,5.6980386
2002-08-27,4.971515
2002-08-28,4.2043757
2002-08-29,3.4639182
2002-08-30,3.7767549
2002-08-31,4.4680643
2002-09-01,3.969466
2002-09-02,4.1276827
2002-09-03,7.4047346
2002-09-04,3.1595867
2002-09-05,5.2018557
2002-09-06,9.391778
2002-09-07,6.2592397
2002-09-08,2.8336987
2002-09-09,2.2440355
2002-09-10,2.5956829
2002-09-11,2.6543
2002-09-12,2.5586793
2002-09-13,2.408449
2002-09-14,3.490863
2002-09-15,3.6982298
2002-09-16,2.5125465
2002-09-17,2.1183712
2002-09-18,5.2986774
2002-09-19,9.147693
2002-09-20,3.725179
2002-09-21,2.6134992
2002-09-22,1.8319918
2002-09-23,1.6704257
2002-09-24,2.0841234
2002-09-25,1.9988979
2002-09-26,3.1314783
2002-09-27,4.6636343
2002-09-28,4.7418303
2002-09-29,1.9176848
2002-09-30,1.5973017
2002-10-01,1.8990444
2002-10-02,1.7450112
2002-10-03,1.6823862
2002-10-04,1.8480824
2002-10-05,2.1737905
2002-10-06,1.6418021
2002-10-07,2.710552
2002-10-08,2.2422388
2002-10-09,2.281009
2002-10-10,1.7250909
2002-10-11,1.5939704
2002-10-12,1.6497064
2002-10-13,2.3051383
2002-10-14,1.4041109
2002-10-15,1.39372
2002-10-16,2.709909
2002-10-17,2.086758
2002-10-18,1.7102935
2002-10-19,1.6984484
2002-10-20,1.9864352
2002-10-21,1.8690592
2002-10-22,2.419133
2002-10-23,2.352172
2002-10-24,2.8510978
2002-10-25,3.0855439
2002-10-26,1.6304312
2002-10-27,2.772109
2002-10-28,2.2830944
2002-10-29,2.6413436
2002-10-30,1.7042584
2002-10-31,7.404481
2002-11-01,7.4574604
2002-11-02,3.625509
2002-11-03,3.4407294
2002-11-04,2.7952845
2002-11-05,2.2407246
2002-11-06,9.866778
2002-11-07,4.312385
2002-11-08,4.409494
2002-11-09,6.875236
2002-11-10,4.38273
2002-11-11,4.043203
2002-11-12,2.7383616
2002-11-13,2.3924692
2002-11-14,3.3432398
2002-11-15,3.8807201
2002-11-16,2.6958792
2002-11-17,3.173077
2002-11-18,3.0792031
2002-11-19,2.664025
2002-11-20,3.9221795
2002-11-21,2.785892
2002-11-22,2.7392328
2002-11-23,2.177782
2002-11-24,2.084611
2002-11-25,2.805756
2002-11-26,2.6503935
2002-11-27,2.6391976
2002-11-28,3.1269765
2002-11-29,2.0656772
2002-11-30,1.8528312
2002-12-01,1.8089839
2002-12-02,1.8450556
2002-12-03,1.9625523
2002-12-04,1.5916939
2002-12-05,1.525365
2002-12-06,1.4698949
2002-12-07,1.4713055
2002-12-08,1.477271
2002-12-09,1.7668211
2002-12-10,2.969479
2002-12-11,1.5599898
2002-12-12,1.267694
2002-12-13,1.2375275
2002-12-14,1.2012466
2002-12-15,1.2126412
2002-12-16,1.2527447
2002-12-17,1.8655418
2002-12-18,2.7216394
2002-12-19,2.171313
2002-12-20,1.3869624
2002-12-21,1.2011627
2002-12-22,1.172659
2002-12-23,1.0057529
2002-12-24,0.9856498
2002-12-25,0.9769238
2002-12-26,0.94972277
2002-12-27,0.9385078
2002-12-28,0.7772321
2002-12-29,0.736935
2002-12-30,0.7114309
2002-12-31,0.6875605
2003-01-01,0.67024106
2003-01-02,0.6619304
2003-01-03,0.6481811
2003-01-04,0.64350855
2003-01-05,0.6210499
2003-01-06,0.60404915
2003-01-07,0.5914362
2003-01-08,0.59223723
2003-01-09,0.59666765
2003-01-10,0.5680079
2003-01-11,0.530928
2003-01-12,0.51566416
2003-01-13,0.5010662
2003-01-14,0.4952754
2003-01-15,0.48066425
2003-01-16,0.47417268
2003-01-17,0.46176028
2003-01-18,0.44771296
2003-01-19,0.4343847
2003-01-20,0.462182
2003-01-21,0.93445253
2003-01-22,0.57069796
2003-01-23,0.42680275
2003-01-24,0.39803386
2003-01-25,0.3799926
2003-01-26,0.3687873
2003-01-27,0.36326516
2003-01-28,0.39733997
2003-01-29,0.37259924
2003-01-30,0.33878127
2003-01-31,0.32824337
2003-02-01,0.33737263
2003-02-02,0.32927015
2003-02-03,0.30799797
2003-02-04,0.2995614
2003-02-05,0.2918089
2003-02-06,0.30748555
2003-02-07,0.28653756
2003-02-08,0.27691066
2003-02-09,0.30375022
2003-02-10,0.3352976
2003-02-11,0.33376405
2003-02-12,0.31068394
2003-02-13,0.29254776
2003-02-14,0.2505614
2003-02-15,0.2424857
2003-02-16,0.23594064
2003-02-17,0.23436561
2003-02-18,0.22830898
2003-02-19,0.21807818
2003-02-20,0.22177099
2003-02-21,0.21841255
2003-02-22,0.4267442
2003-02-23,0.24773747
2003-02-24,0.39094245
2003-02-25,0.45092425
2003-02-26,0.7015767
2003-02-27,0.47597215
2003-02-28,0.27436435
2003-03-01,0.19625933
2003-03-02,0.18793352
2003-03-03,0.18453217
2003-03-04,0.24783394
2003-03-05,0.19232878
2003-03-06,0.16798732
2003-03-07,0.16307294
2003-03-08,0.16051519
2003-03-09,0.15732019
2003-03-10,0.15794152
2003-03-11,0.15350989
2003-03-12,0.15136598
2003-03-13,0.17125954
2003-03-14,0.20966615
2003-03-15,0.24111609
2003-03-16,0.35976452
2003-03-17,1.7572701
2003-03-18,1.4376788
2003-03-19,3.7576194
2003-03-20,10.92474
2003-03-21,3.5753982
2003-03-22,1.9639686
2003-03-23,1.440844
2003-03-24,6.118469
2003-03-25,1.696167
2003-03-26,0.69526774
2003-03-27,1.2036843
2003-03-28,10.206271
2003-03-29,2.1653028
2003-03-30,0.7263278
2003-03-31,1.5312067
2003-04-01,1.7331485
2003-04-02,1.5663851
2003-04-03,0.53754395
2003-04-04,0.42970875
2003-04-05,1.7436084
2003-04-06,1.1920648
2003-04-07,0.9445096
2003-04-08,1.3651687
2003-04-09,0.5581884
2003-04-10,0.37078977
2003-04-11,0.81517655
2003-04-12,0.7391014
2003-04-13,3.0114005
2003-04-14,2.1201909
2003-04-15,0.69439656
2003-04-16,1.283428
2003-04-17,0.9033808
2003-04-18,3.440261
2003-04-19,1.2869111
2003-04-20,2.145992
2003-04-21,2.3173578
2003-04-22,3.996178
2003-04-23,3.3148284
2003-04-24,4.563654
2003-04-25,2.5072794
2003-04-26,6.2009864
2003-04-27,2.8398545
2003-04-28,5.1196833
2003-04-29,1.8014778
2003-04-30,2.6398869
2003-05-01,2.0755448
2003-05-02,1.807192
2003-05-03,2.005487
2003-05-04,3.9516928
2003-05-05,2.0719905
2003-05-06,1.5320851
2003-05-07,1.1815606
2003-05-08,2.1146688
2003-05-09,2.8779883
2003-05-10,5.1240854
2003-05-11,2.6187787
2003-05-12,2.9727294
2003-05-13,3.6730773
2003-05-14,5.271924
2003-05-15,3.0767972
2003-05-16,5.0212846
2003-05-17,5.8390846
2003-05-18,3.5784128
2003-05-19,14.342415
2003-05-20,3.8089247
2003-05-21,5.324744
2003-05-22,3.46672
2003-05-23,3.8356445
2003-05-24,3.0904038
2003-05-25,5.191382
2003-05-26,3.902818
2003-05-27,2.598752
2003-05-28,2.414931
2003-05-29,4.7825785
2003-05-30,11.14178
2003-05-31,5.853629
2003-06-01,10.974791
2003-06-02,6.864814
2003-06-03,6.1442103
2003-06-04,5.1018276
2003-06-05,5.5317397
2003-06-06,3.489477
2003-06-07,3.3343465
2003-06-08,3.5548184
2003-06-09,3.9819818
2003-06-10,2.8882544
2003-06-11,7.437587
2003-06-12,4.399455
2003-06-13,4.939002
2003-06-14,4.8351274
2003-06-15,4.160669
2003-06-16,4.963331
2003-06-17,5.8475533
2003-06-18,8.667638
2003-06-19,2.789241
2003-06-20,5.827899
2003-06-21,2.9732614
2003-06-22,2.9571762
2003-06-23,7.9892464
2003-06-24,2.7432761
2003-06-25,5.0843554
2003-06-26,4.1094894
2003-06-27,3.173999
2003-06-28,3.480019
2003-06-29,3.4547248
2003-06-30,3.768493
2003-07-01,3.8665483
2003-07-02,5.5960402
2003-07-03,2.6530857
2003-07-04,3.1866064
2003-07-05,6.7744713
2003-07-06,4.0671234
2003-07-07,2.3600326
2003-07-08,2.7619069
2003-07-09,4.3087325
2003-07-10,4.1185956
2003-07-11,5.464033
2003-07-12,3.875672
2003-07-13,2.4980197
2003-07-14,4.8894315
2003-07-15,3.8865366
2003-07-16,4.0711775
2003-07-17,3.0812945
2003-07-18,6.46722
2003-07-19,2.6316245
2003-07-20,2.0528812
2003-07-21,2.2629368
2003-07-22,3.0412617
2003-07-23,4.7894487
2003-07-24,4.340032
2003-07-25,6.245383
2003-07-26,3.1930823
2003-07-27,4.2634716
2003-07-28,3.8293762
2003-07-29,2.0841758
2003-07-30,3.3187256
2003-07-31,33.69025
2003-08-01,8.129274
2003-08-02,3.9073894
2003-08-03,4.6741056
2003-08-04,10.974575
2003-08-05,5.577004
2003-08-06,7.458688
2003-08-07,4.796441
2003-08-08,6.1988616
2003-08-09,6.439423
2003-08-10,5.4820223
2003-08-11,8.170772
2003-08-12,4.8890605
2003-08-13,6.451889
2003-08-14,5.60603
2003-08-15,13.326805
2003-08-16,7.0221643
2003-08-17,5.362733
2003-08-18,6.124107
2003-08-19,4.150887
2003-08-20,6.3326416
2003-08-21,9.512952
2003-08-22,7.7462
2003-08-23,6.4237814
2003-08-24,6.210395
2003-08-25,5.375558
2003-08-26,4.261777
2003-08-27,6.2053323
2003-08-28,5.228312
2003-08-29,9.428194
2003-08-30,5.7744536
2003-08-31,3.9341063
2003-09-01,3.77262
2003-09-02,3.9585443
2003-09-03,4.674021
2003-09-04,3.4338162
2003-09-05,4.0015945
2003-09-06,4.176372
2003-09-07,5.877518
2003-09-08,3.9906814
2003-09-09,5.3390074
2003-09-10,4.0266747
2003-09-11,3.224246
2003-09-12,5.4719253
2003-09-13,2.9943027
2003-09-14,4.7858562
2003-09-15,3.1772497
2003-09-16,2.189843
2003-09-17,2.904349
2003-09-18,4.1191177
2003-09-19,13.279392
2003-09-20,3.759711
2003-09-21,4.790266
2003-09-22,4.000634
2003-09-23,5.0133886
2003-09-24,3.257685
2003-09-25,3.5882838
2003-09-26,2.9893389
2003-09-27,3.438223
2003-09-28,4.3084135
2003-09-29,5.1497335
2003-09-30,2.8029988
2003-10-01,4.321453
2003-10-02,2.4291553
2003-10-03,1.6559104
2003-10-04,3.7074378
2003-10-05,3.2603111
2003-10-06,2.520706
2003-10-07,2.580196
2003-10-08,2.472191
2003-10-09,2.7534866
2003-10-10,2.6897552
2003-10-11,4.518875
2003-10-12,3.0853949
2003-10-13,2.0151691
2003-10-14,2.0997713
2003-10-15,2.2321064
2003-10-16,2.534447
2003-10-17,3.032626
2003-10-18,3.441072
2003-10-19,2.5230865
2003-10-20,1.3343871
2003-10-21,2.7950215
2003-10-22,2.9482071
2003-10-23,1.9987504
2003-10-24,1.4337894
2003-10-25,1.3759737
2003-10-26,1.953207
2003-10-27,1.8638806
2003-10-28,3.067116
2003-10-29,4.1819453
2003-10-30,11.612627
2003-10-31,44.682514
2003-11-01,9.920424
2003-11-02,4.5497985
2003-11-03,6.1353674
2003-11-04,12.313047
2003-11-05,6.3408337
2003-11-06,5.5962625
2003-11-07,5.74846
2003-11-08,5.8409286
2003-11-09,6.160675
2003-11-10,4.2654777
2003-11-11,5.1595206
2003-11-12,5.537236
2003-11-13,4.1105523
2003-11-14,5.5661182
2003-11-15,5.0658803
2003-11-16,3.8059194
2003-11-17,3.6863463
2003-11-18,2.8880315
2003-11-19,2.7692459
2003-11-20,3.8689241
2003-11-21,3.60526
2003-11-22,3.0504947
2003-11-23,5.7582054
2003-11-24,3.3840568
2003-11-25,4.9545126
2003-11-26,3.1641662
2003-11-27,4.2628026
2003-11-28,3.0604372
2003-11-29,3.0821726
2003-11-30,2.6555884
2003-12-01,3.2950895
2003-12-02,4.8092155
2003-12-03,11.467358
2003-12-04,4.510885
2003-12-05,7.3598127
2003-12-06,6.1860876
2003-12-07,2.919285
2003-12-08,5.0973105
2003-12-09,3.4396105
2003-12-10,3.325076
2003-12-11,3.3944323
2003-12-12,3.0570974
2003-12-13,3.2353988
2003-12-14,2.9585204
2003-12-15,3.6613975
2003-12-16,2.6852453
2003-12-17,2.3927844
2003-12-18,2.354485
2003-12-19,2.351366
2003-12-20,3.3431935
2003-12-21,3.3302684
2003-12-22,2.8525884
2003-12-23,2.3849633
2003-12-24,1.9903125
2003-12-25,1.8272328
2003-12-26,1.944978
2003-12-27,2.3497431
2003-12-28,8.199061
2003-12-29,4.1499057
2003-12-30,5.923975
2003-12-31,2.431792
2004-01-01,1.9734496
2004-01-02,1.5358189
2004-01-03,1.5663427
2004-01-04,1.5227674
2004-01-05,1.6397414
2004-01-06,1.472875
2004-01-07,1.6233397
2004-01-08,1.7895206
2004-01-09,1.8791349
2004-01-10,1.445294
2004-01-11,1.4318408
2004-01-12,1.4813476
2004-01-13,1.779979
2004-01-14,1.4144331
2004-01-15,1.306686
2004-01-16,1.2453415
2004-01-17,1.3359288
2004-01-18,2.6678712
2004-01-19,1.391829
2004-01-20,1.0760708
2004-01-21,1.0321039
2004-01-22,0.9960653
2004-01-23,2.2345965
2004-01-24,1.1431988
2004-01-25,0.91580325
2004-01-26,0.88993776
2004-01-27,0.82737666
2004-01-28,0.77780557
2004-01-29,0.7622188
2004-01-30,0.7284587
2004-01-31,0.64297
2004-02-01,0.61891204
2004-02-02,0.6027379
2004-02-03,0.58680797
2004-02-04,0.5819987
2004-02-05,0.58200467
2004-02-06,0.546291
2004-02-07,0.5300802
2004-02-08,0.5311249
2004-02-09,0.50821096
2004-02-10,0.49445885
2004-02-11,0.48225257
2004-02-12,0.4749675
2004-02-13,0.48098597
2004-02-14,0.4558504
2004-02-15,0.44437867
2004-02-16,0.43656752
2004-02-17,0.42530933
2004-02-18,0.41250145
2004-02-19,0.43735984
2004-02-20,0.4399837
2004-02-21,0.9673851
2004-02-22,5.719464
2004-02-23,3.574304
2004-02-24,2.3184495
2004-02-25,9.88294
2004-02-26,3.9747522
2004-02-27,1.9754728
2004-02-28,1.9811219
2004-02-29,0.7577493
2004-03-01,3.1370533
2004-03-02,2.7643526
2004-03-03,1.4358641
2004-03-04,0.54688704
2004-03-05,0.44599077
2004-03-06,0.46166557
2004-03-07,0.54550004
2004-03-08,0.47821572
2004-03-09,0.45196176
2004-03-10,0.44319317
2004-03-11,0.9220015
2004-03-12,2.3723218
2004-03-13,0.66537815
2004-03-14,0.4820227
2004-03-15,0.4423491
2004-03-16,0.4890321
2004-03-17,0.46585354
2004-03-18,0.4333907
2004-03-19,0.45791304
2004-03-20,0.4912864
2004-03-21,0.4295648
2004-03-22,0.40836194
2004-03-23,0.43430808
2004-03-24,1.1853703
2004-03-25,1.0064803
2004-03-26,1.3082666
2004-03-27,6.288945
2004-03-28,2.6178386
2004-03-29,3.264429
2004-03-30,3.91031
2004-03-31,2.6768234
2004-04-01,0.8353016
2004-04-02,1.1996012
2004-04-03,1.4977299
2004-04-04,2.6338248
2004-04-05,2.382943
2004-04-06,1.1537422
2004-04-07,2.225571
2004-04-08,1.5775878
2004-04-09,2.1344569
2004-04-10,1.7079474
2004-04-11,1.251232
2004-04-12,4.894082
2004-04-13,3.300368
2004-04-14,4.816734
2004-04-15,3.65039
2004-04-16,6.1833277
2004-04-17,9.297467
2004-04-18,3.4346116
2004-04-19,2.2474062
2004-04-20,1.9299412
2004-04-21,2.086403
2004-04-22,2.7783291
2004-04-23,3.7420802
2004-04-24,9.381371
2004-04-25,4.628554
2004-04-26,4.4186344
2004-04-27,3.5244129
2004-04-28,4.351628
2004-04-29,4.198779
2004-04-30,3.594787
2004-05-01,5.7214737
2004-05-02,4.036894
2004-05-03,4.53993
2004-05-04,7.6714287
2004-05-05,5.6630735
2004-05-06,5.8885536
2004-05-07,6.59227
2004-05-08,4.9066076
2004-05-09,10.188887
2004-05-10,55.172028
2004-05-11,14.873342
2004-05-12,6.5923634
2004-05-13,12.090938
2004-05-14,6.4281893
2004-05-15,5.5266123
2004-05-16,6.0302887
2004-05-17,8.314464
2004-05-18,8.177371
2004-05-19,10.342101
2004-05-20,12.394408
2004-05-21,7.3032656
2004-05-22,4.391982
2004-05-23,4.523594
2004-05-24,28.350767
2004-05-25,7.9245405
2004-05-26,4.047469
2004-05-27,4.8060637
2004-05-28,6.8831067
2004-05-29,6.173997
2004-05-30,7.775432
2004-05-31,5.2523255
2004-06-01,9.008343
2004-06-02,10.220681
2004-06-03,7.3576064
2004-06-04,10.278661
2004-06-05,7.296239
2004-06-06,7.285569
2004-06-07,8.213921
2004-06-08,5.859645
2004-06-09,7.545016
2004-06-10,7.659547
2004-06-11,5.2909827
2004-06-12,4.8384233
2004-06-13,9.928043
2004-06-14,7.7311025
2004-06-15,8.016062
2004-06-16,25.886084
2004-06-17,54.47838
2004-06-18,14.196275
2004-06-19,10.434359
2004-06-20,11.552791
2004-06-21,7.4624424
2004-06-22,12.264008
2004-06-23,7.024866
2004-06-24,7.582524
2004-06-25,5.5396347
2004-06-26,4.6250005
2004-06-27,4.4443874
2004-06-28,5.095518
2004-06-29,6.8994484
2004-06-30,7.2021785
2004-07-01,4.9497137
2004-07-02,5.0646777
2004-07-03,4.640093
2004-07-04,6.100704
2004-07-05,5.5293474
2004-07-06,6.3466706
2004-07-07,4.570573
2004-07-08,6.542602
2004-07-09,4.2489915
2004-07-10,4.5320706
2004-07-11,4.690242
2004-07-12,4.5806
2004-07-13,3.9260633
2004-07-14,4.1007442
2004-07-15,3.7050755
2004-07-16,3.9780252
2004-07-17,3.7567756
2004-07-18,2.9165952
2004-07-19,2.6001997
2004-07-20,3.2550588
2004-07-21,5.031619
2004-07-22,5.4724774
2004-07-23,4.631722
2004-07-24,3.683728
2004-07-25,4.399632
2004-07-26,2.9794643
2004-07-27,4.3730793
2004-07-28,4.1545143
2004-07-29,3.0128393
2004-07-30,4.0702167
2004-07-31,3.2373018
2004-08-01,7.5462775
2004-08-02,2.654139
2004-08-03,4.898017
2004-08-04,7.2235465
2004-08-05,5.696195
2004-08-06,2.377556
2004-08-07,4.2142234
2004-08-08,3.96872
2004-08-09,2.2893095
2004-08-10,2.402002
2004-08-11,3.3632267
2004-08-12,2.1749651
2004-08-13,1.9965392
2004-08-14,2.1496837
2004-08-15,3.575516
2004-08-16,4.88024
2004-08-17,5.520834
2004-08-18,4.667442
2004-08-19,4.304322
2004-08-20,4.1431117
2004-08-21,41.300556
2004-08-22,9.865792
2004-08-23,4.804269
2004-08-24,4.4607253
2004-08-25,4.1877017
2004-08-26,5.242123
2004-08-27,4.167958
2004-08-28,3.6167123
2004-08-29,4.2938175
2004-08-30,4.9925466
2004-08-31,4.061997
2004-09-01,3.4938788
2004-09-02,3.3133976
2004-09-03,5.59373
2004-09-04,4.397333
2004-09-05,3.536792
2004-09-06,3.093752
2004-09-07,3.5649614
2004-09-08,3.1488383
2004-09-09,3.097842
2004-09-10,4.1048493
2004-09-11,2.565392
2004-09-12,2.3241577
2004-09-13,2.3043272
2004-09-14,2.2899714
2004-09-15,2.16703
2004-09-16,2.156725
2004-09-17,3.2689323
2004-09-18,1.953639
2004-09-19,1.7926563
2004-09-20,3.2180405
2004-09-21,3.6542923
2004-09-22,3.2218244
2004-09-23,2.739524
2004-09-24,2.2397134
2004-09-25,1.8218607
2004-09-26,3.1485336
2004-09-27,1.6653997
2004-09-28,2.5210717
2004-09-29,3.3906186
2004-09-30,1.9888288
2004-10-01,1.7165107
2004-10-02,2.2711546
2004-10-03,1.3730416
2004-10-04,1.9025997
2004-10-05,2.9270725
2004-10-06,2.9062045
2004-10-07,1.5625199
2004-10-08,2.2468982
2004-10-09,1.9523697
2004-10-10,2.1353633
2004-10-11,1.426368
2004-10-12,1.1337117
2004-10-13,1.2269391
2004-10-14,1.676845
2004-10-15,1.3718746
2004-10-16,1.1851914
2004-10-17,1.894229
2004-10-18,1.4875959
2004-10-19,1.0050069
2004-10-20,1.7239966
2004-10-21,6.339455
2004-10-22,1.8684547
2004-10-23,3.74895
2004-10-24,2.766216
2004-10-25,2.9208148
2004-10-26,1.7720432
2004-10-27,1.0519919
2004-10-28,2.5960536
2004-10-29,2.389881
2004-10-30,2.0321527
2004-10-31,2.4028742
2004-11-01,0.98322105
2004-11-02,1.3184881
2004-11-03,1.7886678
2004-11-04,1.7711731
2004-11-05,1.1380826
2004-11-06,2.5191884
2004-11-07,2.5643182
2004-11-08,2.36844
2004-11-09,0.9674995
2004-11-10,0.9497946
2004-11-11,4.955638
2004-11-12,5.072832
2004-11-13,2.953956
2004-11-14,4.036545
2004-11-15,7.162261
2004-11-16,15.527551
2004-11-17,5.772492
2004-11-18,1.9995631
2004-11-19,3.4132495
2004-11-20,3.9469104
2004-11-21,5.0233393
2004-11-22,3.273302
2004-11-23,1.951435
2004-11-24,2.591298
2004-11-25,2.9835792
2004-11-26,3.7175574
2004-11-27,2.15282
2004-11-28,2.4273012
2004-11-29,2.218405
2004-11-30,2.7854087
2004-12-01,2.745005
2004-12-02,2.8666525
2004-12-03,2.3588636
2004-12-04,2.4814155
2004-12-05,2.515557
2004-12-06,2.9630654
2004-12-07,3.3429215
2004-12-08,3.7032366
2004-12-09,2.2868793
2004-12-10,2.2460382
2004-12-11,1.9932147
2004-12-12,1.9324777
2004-12-13,2.3141627
2004-12-14,5.1711273
2004-12-15,3.048927
2004-12-16,2.0817342
2004-12-17,3.040128
2004-12-18,2.6181815
2004-12-19,4.0070443
2004-12-20,1.8424652
2004-12-21,1.6747775
2004-12-22,1.6877046
2004-12-23,1.725614
2004-12-24,1.8883818
2004-12-25,1.7706394
2004-12-26,2.4090223
2004-12-27,3.8981664
2004-12-28,2.165601
2004-12-29,1.6906278
2004-12-30,1.4641628
2004-12-31,1.3471551
2005-01-01,1.2567594
2005-01-02,1.5493288
2005-01-03,1.5026001
2005-01-04,2.569123
2005-01-05,1.530381
2005-01-06,1.3613734
2005-01-07,1.3163946
2005-01-08,1.248432
2005-01-09,1.3103986
2005-01-10,2.134975
2005-01-11,1.2866379
2005-01-12,1.1464806
2005-01-13,1.1789004
2005-01-14,1.4367392
2005-01-15,2.3694549
2005-01-16,8.885242
2005-01-17,6.90375
2005-01-18,5.228618
2005-01-19,1.8200134
2005-01-20,1.0783703
2005-01-21,1.0859686
2005-01-22,1.0385175
2005-01-23,1.1986579
2005-01-24,1.0960912
2005-01-25,1.2810181
2005-01-26,1.8433801
2005-01-27,1.0828975
2005-01-28,0.96976984
2005-01-29,0.95904785
2005-01-30,0.9944201
2005-01-31,1.0919169
2005-02-01,0.99387133
2005-02-02,0.91670114
2005-02-03,0.90203905
2005-02-04,0.8944264
2005-02-05,0.90093756
2005-02-06,2.8252783
2005-02-07,1.1914525
2005-02-08,1.4441031
2005-02-09,1.4007841
2005-02-10,2.533493
2005-02-11,3.2431986
2005-02-12,6.516907
2005-02-13,6.8063283
2005-02-14,3.1514528
2005-02-15,0.9636158
2005-02-16,0.7475061
2005-02-17,0.7698723
2005-02-18,1.2589204
2005-02-19,0.83154875
2005-02-20,0.7319401
2005-02-21,0.80366844
2005-02-22,0.73725086
2005-02-23,0.6933902
2005-02-24,0.69219816
2005-02-25,0.67502534
2005-02-26,0.6584699
2005-02-27,0.6661613
2005-02-28,0.720826
2005-03-01,0.6910065
2005-03-02,0.680061
2005-03-03,0.71305865
2005-03-04,1.7215424
2005-03-05,3.9884374
2005-03-06,0.9967057
2005-03-07,1.4177433
2005-03-08,3.3220718
2005-03-09,1.4010304
2005-03-10,0.67442966
2005-03-11,0.548096
2005-03-12,0.53029925
2005-03-13,0.51946265
2005-03-14,0.5433866
2005-03-15,0.5024553
2005-03-16,0.48955345
2005-03-17,0.48051882
2005-03-18,0.4793788
2005-03-19,0.5473319
2005-03-20,0.51748914
2005-03-21,0.58547753
2005-03-22,0.7122943
2005-03-23,0.46280745
2005-03-24,0.45599562
2005-03-25,0.7420862
2005-03-26,0.5485574
2005-03-27,1.8903931
2005-03-28,0.65211034
2005-03-29,0.440236
2005-03-30,0.4734124
2005-03-31,0.50590754
2005-04-01,0.9534877
2005-04-02,0.76673615
2005-04-03,1.5334553
2005-04-04,1.0085627
2005-04-05,2.1383781
2005-04-06,1.9553864
2005-04-07,2.0457559
2005-04-08,1.4009871
2005-04-09,1.6549445
2005-04-10,3.1885645
2005-04-11,1.9899617
2005-04-12,1.708658
2005-04-13,2.2931178
2005-04-14,10.083578
2005-04-15,1.999419
2005-04-16,13.652589
2005-04-17,3.5686483
2005-04-18,10.226847
2005-04-19,1.5832543
2005-04-20,1.5893458
2005-04-21,1.3652872
2005-04-22,1.4462428
2005-04-23,2.268142
2005-04-24,7.012952
2005-04-25,5.973194
2005-04-26,5.7661433
2005-04-27,3.7796059
2005-04-28,5.540107
2005-04-29,1.4907991
2005-04-30,3.4857857
2005-05-01,2.2497292
2005-05-02,4.023587
2005-05-03,2.6053832
2005-05-04,1.8884987
2005-05-05,4.806352
2005-05-06,3.947145
2005-05-07,2.7920716
2005-05-08,2.2180996
2005-05-09,2.675279
2005-05-10,5.6810365
2005-05-11,31.581678
2005-05-12,7.639088
2005-05-13,8.028312
2005-05-14,3.146914
2005-05-15,6.037753
2005-05-16,5.919732
2005-05-17,7.12938
2005-05-18,10.582304
2005-05-19,3.7446477
2005-05-20,3.1732764
2005-05-21,8.186116
2005-05-22,9.536899
2005-05-23,15.188678
2005-05-24,5.041788
2005-05-25,5.145511
2005-05-26,3.0715919
2005-05-27,3.2430432
2005-05-28,3.3933308
2005-05-29,8.247262
2005-05-30,3.7411475
2005-05-31,5.2744956
2005-06-01,11.094755
2005-06-02,4.9614263
2005-06-03,6.750797
2005-06-04,4.4085784
2005-06-05,4.764527
2005-06-06,7.56243
2005-06-07,3.4578245
2005-06-08,4.474234
2005-06-09,2.963396
2005-06-10,5.070116
2005-06-11,3.218769
2005-06-12,2.6555245
2005-06-13,3.2183826
2005-06-14,3.7456257
2005-06-15,2.9766233
2005-06-16,3.0560172
2005-06-17,5.829148
2005-06-18,4.5539465
2005-06-19,3.495165
2005-06-20,2.8466284
2005-06-21,2.955589
2005-06-22,3.8671973
2005-06-23,2.8623862
2005-06-24,3.5222273
2005-06-25,4.8146772
2005-06-26,2.2923934
2005-06-27,6.301678
2005-06-28,2.9221642
2005-06-29,2.0053344
2005-06-30,2.4944634
2005-07-01,2.7041516
2005-07-02,2.227912
2005-07-03,2.002847
2005-07-04,3.1016304
2005-07-05,1.8814911
2005-07-06,4.209715
2005-07-07,6.516335
2005-07-08,2.1439354
2005-07-09,2.908442
2005-07-10,2.8224304
2005-07-11,3.1594577
2005-07-12,1.7855744
2005-07-13,3.374414
2005-07-14,1.8022155
2005-07-15,2.195297
2005-07-16,2.7769506
2005-07-17,2.6821043
2005-07-18,2.7695813
2005-07-19,2.726275
2005-07-20,11.636792
2005-07-21,3.0285757
2005-07-22,2.50796
2005-07-23,8.334413
2005-07-24,2.3347728
2005-07-25,10.516372
2005-07-26,4.340523
2005-07-27,2.4937072
2005-07-28,2.9977155
2005-07-29,3.2694907
2005-07-30,2.500183
2005-07-31,2.9031224
2005-08-01,2.1360068
2005-08-02,3.2184844
2005-08-03,3.1053727
2005-08-04,6.076543
2005-08-05,3.4483414
2005-08-06,11.224462
2005-08-07,4.372451
2005-08-08,7.050694
2005-08-09,15.005916
2005-08-10,4.6596727
2005-08-11,5.9157534
2005-08-12,3.8500233
2005-08-13,3.3043058
2005-08-14,4.389156
2005-08-15,3.176792
2005-08-16,5.389139
2005-08-17,3.2813547
2005-08-18,2.9248145
2005-08-19,3.6056507
2005-08-20,4.4583516
2005-08-21,2.5855927
2005-08-22,3.6365135
2005-08-23,3.9026728
2005-08-24,2.5775812
2005-08-25,5.079449
2005-08-26,2.5611558
2005-08-27,2.5879164
2005-08-28,2.5446026
2005-08-29,2.8455799
2005-08-30,1.9515115
2005-08-31,2.1234
2005-09-01,1.7975346
2005-09-02,1.6959308
2005-09-03,2.1392112
2005-09-04,3.4565475
2005-09-05,3.5652494
2005-09-06,2.7464442
2005-09-07,1.7464802
2005-09-08,2.455053
2005-09-09,1.4919062
2005-09-10,3.4214869
2005-09-11,1.7676896
2005-09-12,1.7311088
2005-09-13,1.8087741
2005-09-14,2.2671742
2005-09-15,1.924847
2005-09-16,3.0771048
2005-09-17,2.303117
2005-09-18,1.2462606
2005-09-19,1.3240502
2005-09-20,1.2360245
2005-09-21,1.185319
2005-09-22,1.5917283
2005-09-23,1.5358206
2005-09-24,1.7899554
2005-09-25,1.3849962
2005-09-26,1.1805936
2005-09-27,1.6389713
2005-09-28,1.6019399
2005-09-29,1.5706527
2005-09-30,2.0187624
2005-10-01,1.2240511
2005-10-02,1.2150972
2005-10-03,0.91704094
2005-10-04,1.9366388
2005-10-05,0.977514
2005-10-06,1.3958962
2005-10-07,1.3890597
2005-10-08,1.314844
2005-10-09,1.1986376
2005-10-10,1.4730766
2005-10-11,1.5759121
2005-10-12,1.9618539
2005-10-13,3.0396898
2005-10-14,1.8455215
2005-10-15,2.3992581
2005-10-16,3.310478
2005-10-17,6.6418123
2005-10-18,2.2156668
2005-10-19,1.2417198
2005-10-20,1.6443523
2005-10-21,1.5062045
2005-10-22,0.9461309
2005-10-23,1.6334782
2005-10-24,1.2423829
2005-10-25,4.706573
2005-10-26,14.446422
2005-10-27,2.0194724
2005-10-28,0.9207632
2005-10-29,3.1137698
2005-10-30,6.351258
2005-10-31,6.2220716
2005-11-01,3.201523
2005-11-02,1.633202
2005-11-03,2.2991018
2005-11-04,2.8265862
2005-11-05,2.2568948
2005-11-06,2.6378455
2005-11-07,3.5998657
2005-11-08,2.299301
2005-11-09,2.5662212
2005-11-10,5.8930984
2005-11-11,2.8846064
2005-11-12,3.7801352
2005-11-13,4.2196603
2005-11-14,12.359933
2005-11-15,8.552488
2005-11-16,4.8220057
2005-11-17,2.9864593
2005-11-18,7.3449163
2005-11-19,8.174867
2005-11-20,17.20759
2005-11-21,7.5109725
2005-11-22,8.008167
2005-11-23,5.6662917
2005-11-24,11.868931
2005-11-25,21.994703
2005-11-26,11.029839
2005-11-27,9.439094
2005-11-28,6.1118493
2005-11-29,5.2702475
2005-11-30,5.049899
2005-12-01,6.945354
2005-12-02,4.9722004
2005-12-03,3.9993873
2005-12-04,3.6974683
2005-12-05,3.3718271
2005-12-06,13.188978
2005-12-07,8.36233
2005-12-08,4.1311364
2005-12-09,3.2946327
2005-12-10,2.5730999
2005-12-11,2.650576
2005-12-12,4.258657
2005-12-13,3.5203485
2005-12-14,3.54962
2005-12-15,3.870614
2005-12-16,2.3779733
2005-12-17,2.2328124
2005-12-18,2.2324572
2005-12-19,2.0466323
2005-12-20,2.3304715
2005-12-21,1.9469842
2005-12-22,1.8324739
2005-12-23,1.7838839
2005-12-24,1.9626788
2005-12-25,1.6485773
2005-12-26,1.5415481
2005-12-27,1.6287872
2005-12-28,1.9614766
2005-12-29,1.5070506
2005-12-30,1.3810512
2005-12-31,1.3104398
2006-01-01,1.2887186
2006-01-02,1.2392062
2006-01-03,1.179161
2006-01-04,1.4238791
2006-01-05,5.030959
2006-01-06,6.0501103
2006-01-07,2.0394094
2006-01-08,3.5622513
2006-01-09,3.997261
2006-01-10,1.506506
2006-01-11,1.048384
2006-01-12,1.0713532
2006-01-13,1.1358979
2006-01-14,1.0169581
2006-01-15,0.93297195
2006-01-16,1.0450356
2006-01-17,1.7317041
2006-01-18,1.3479378
2006-01-19,0.97079325
2006-01-20,0.86302835
2006-01-21,0.82477164
2006-01-22,0.8409208
2006-01-23,0.78108007
2006-01-24,0.87784165
2006-01-25,0.88569903
2006-01-26,0.95320064
2006-01-27,1.4067868
2006-01-28,2.0243955
2006-01-29,1.734351
2006-01-30,1.8394192
2006-01-31,1.188538
2006-02-01,0.985019
2006-02-02,0.85882115
2006-02-03,0.78452927
2006-02-04,1.7607348
2006-02-05,2.0906715
2006-02-06,1.7240635
2006-02-07,0.80310404
2006-02-08,0.64477426
2006-02-09,0.63954157
2006-02-10,0.63017
2006-02-11,0.59967315
2006-02-12,0.5860581
2006-02-13,0.6862158
2006-02-14,0.66425496
2006-02-15,0.6043941
2006-02-16,0.5498757
2006-02-17,0.54156697
2006-02-18,0.5353251
2006-02-19,0.6039592
2006-02-20,0.8954471
2006-02-21,0.7456109
2006-02-22,0.55730706
2006-02-23,0.5348179
2006-02-24,0.51972944
2006-02-25,0.51447517
2006-02-26,0.46912685
2006-02-27,0.4527827
2006-02-28,0.548603
2006-03-01,0.5282575
2006-03-02,0.5000039
2006-03-03,0.5110286
2006-03-04,0.6230548
2006-03-05,0.5440738
2006-03-06,2.3983183
2006-03-07,2.5018046
2006-03-08,1.3256044
2006-03-09,2.5775173
2006-03-10,3.4365396
2006-03-11,0.98296916
2006-03-12,0.85763156
2006-03-13,0.5829558
2006-03-14,0.4540247
2006-03-15,0.46349657
2006-03-16,0.42820862
2006-03-17,1.1075076
2006-03-18,2.0434158
2006-03-19,3.2150369
2006-03-20,0.7470373
2006-03-21,0.4829742
2006-03-22,0.6128823
2006-03-23,1.8134277
2006-03-24,0.9600314
2006-03-25,2.7637992
2006-03-26,2.7757719
2006-03-27,2.008467
2006-03-28,0.8823872
2006-03-29,1.9262128
2006-03-30,0.56762755
2006-03-31,0.37079087
2006-04-01,0.39360583
2006-04-02,0.45148683
2006-04-03,0.58778983
2006-04-04,2.2969024
2006-04-05,1.5004921
2006-04-06,2.4572768
2006-04-07,1.2921973
2006-04-08,2.7287743
2006-04-09,1.5365069
2006-04-10,0.53439134
2006-04-11,0.51733017
2006-04-12,0.67132777
2006-04-13,0.5327031
2006-04-14,1.4910072
2006-04-15,6.18235
2006-04-16,6.3433933
2006-04-17,3.0673804
2006-04-18,1.513467
2006-04-19,1.0892416
2006-04-20,3.0663884
2006-04-21,2.9889936
2006-04-22,1.9980978
2006-04-23,1.1675882
2006-04-24,1.7954552
2006-04-25,2.1740367
2006-04-26,0.91183585
2006-04-27,1.8384837
2006-04-28,18.669025
2006-04-29,4.1005955
2006-04-30,3.2540016
2006-05-01,4.517141
2006-05-02,5.94721
2006-05-03,6.2338686
2006-05-04,3.2704382
2006-05-05,3.7405322
2006-05-06,3.716044
2006-05-07,2.4584506
2006-05-08,3.4555755
2006-05-09,4.800912
2006-05-10,7.016712
2006-05-11,4.8998356
2006-05-12,4.3643146
2006-05-13,2.3207464
2006-05-14,1.7708082
2006-05-15,1.7273848
2006-05-16,1.7032146
2006-05-17,1.8402807
2006-05-18,2.7628725
2006-05-19,3.138275
2006-05-20,4.4001293
2006-05-21,2.323411
2006-05-22,2.1937122
2006-05-23,1.6060797
2006-05-24,1.5589792
2006-05-25,3.685851
2006-05-26,5.9688873
2006-05-27,3.242293
2006-05-28,1.7275229
2006-05-29,2.3877175
2006-05-30,2.9946058
2006-05-31,3.8311644
2006-06-01,3.8617902
2006-06-02,2.7924788
2006-06-03,2.470206
2006-06-04,5.6612153
2006-06-05,3.7618935
2006-06-06,3.3098018
2006-06-07,2.4002094
2006-06-08,4.657175
2006-06-09,4.382564
2006-06-10,4.1894794
2006-06-11,3.326877
2006-06-12,4.160559
2006-06-13,4.062718
2006-06-14,2.9641135
2006-06-15,2.8654633
2006-06-16,10.530937
2006-06-17,3.8099415
2006-06-18,2.3324873
2006-06-19,1.7780257
2006-06-20,1.823536
2006-06-21,4.7297683
2006-06-22,3.2148156
2006-06-23,3.8811588
2006-06-24,3.8217843
2006-06-25,1.7737848
2006-06-26,2.2348096
2006-06-27,1.708471
2006-06-28,4.729423
2006-06-29,8.78363
2006-06-30,2.717888
2006-07-01,2.1465986
2006-07-02,5.4312363
2006-07-03,4.312681
2006-07-04,6.4282036
2006-07-05,4.623518
2006-07-06,3.4301348
2006-07-07,1.7121024
2006-07-08,1.3427372
2006-07-09,2.1428237
2006-07-10,3.5756435
2006-07-11,2.0954218
2006-07-12,3.6079247
2006-07-13,5.65165
2006-07-14,7.733227
2006-07-15,6.055386
2006-07-16,5.2673736
2006-07-17,2.449151
2006-07-18,2.0672135
2006-07-19,2.2801344
2006-07-20,5.463045
2006-07-21,1.7678825
2006-07-22,1.6362627
2006-07-23,1.3734717
2006-07-24,3.0168486
2006-07-25,2.7527564
2006-07-26,2.5016916
2006-07-27,1.437488
2006-07-28,2.1627944
2006-07-29,6.8010955
2006-07-30,1.9036881
2006-07-31,1.1668224
2006-08-01,2.1413817
2006-08-02,3.251205
2006-08-03,3.803965
2006-08-04,1.3230462
2006-08-05,3.8558586
2006-08-06,1.7994663
2006-08-07,1.2925485
2006-08-08,2.535831
2006-08-09,1.7981756
2006-08-10,1.4969305
2006-08-11,1.4614097
2006-08-12,2.4488719
2006-08-13,2.1104393
2006-08-14,3.4026775
2006-08-15,2.957851
2006-08-16,7.43577
2006-08-17,3.6537867
2006-08-18,1.643007
2006-08-19,1.1715889
2006-08-20,1.80046
2006-08-21,8.280406
2006-08-22,13.160481
2006-08-23,3.2813237
2006-08-24,3.3785002
2006-08-25,5.2988796
2006-08-26,1.7219665
2006-08-27,2.2405012
2006-08-28,2.9753866
2006-08-29,3.0079222
2006-08-30,2.7942324
2006-08-31,2.7477963
2006-09-01,1.9776497
2006-09-02,1.7353293
2006-09-03,1.4758176
2006-09-04,1.658412
2006-09-05,1.3450658
2006-09-06,3.4766452
2006-09-07,1.705615
2006-09-08,2.572162
2006-09-09,1.348614
2006-09-10,2.1372178
2006-09-11,1.4849354
2006-09-12,1.3675013
2006-09-13,1.6278299
2006-09-14,3.2767234
2006-09-15,1.911951
2006-09-16,1.7996608
2006-09-17,1.4352392
2006-09-18,2.6201172
2006-09-19,2.5587878
2006-09-20,3.5034971
2006-09-21,1.7914323
2006-09-22,1.3456947
2006-09-23,1.1935341
2006-09-24,1.5262539
2006-09-25,1.9737966
2006-09-26,1.301256
2006-09-27,1.7556151
2006-09-28,1.8146023
2006-09-29,1.4933302
2006-09-30,1.311321
2006-10-01,1.3212222
2006-10-02,1.7613379
2006-10-03,1.9881774
2006-10-04,2.2188814
2006-10-05,1.4934956
2006-10-06,1.0882454
2006-10-07,0.87718546
2006-10-08,1.2661349
2006-10-09,1.2747728
2006-10-10,2.2298305
2006-10-11,2.5767696
2006-10-12,3.7144089
2006-10-13,3.1034427
2006-10-14,6.159046
2006-10-15,2.8063118
2006-10-16,2.1921136
2006-10-17,3.047809
2006-10-18,11.474379
2006-10-19,9.010288
2006-10-20,3.7298543
2006-10-21,9.897787
2006-10-22,3.3019652
2006-10-23,4.231221
2006-10-24,2.8921845
2006-10-25,2.004953
2006-10-26,2.2356246
2006-10-27,2.8986793
2006-10-28,2.4482102
2006-10-29,2.5789661
2006-10-30,2.7611482
2006-10-31,2.3067386
2006-11-01,7.713418
2006-11-02,3.1924167
2006-11-03,2.5247035
2006-11-04,2.0194044
2006-11-05,1.8093296
2006-11-06,2.8450043
2006-11-07,1.9973297
2006-11-08,2.1189413
2006-11-09,3.898542
2006-11-10,3.7448747
2006-11-11,3.7293596
2006-11-12,2.2616947
2006-11-13,4.2887516
2006-11-14,4.36253
2006-11-15,5.7311106
2006-11-16,10.008128
2006-11-17,6.514714
2006-11-18,5.224727
2006-11-19,2.9739635
2006-11-20,2.957793
2006-11-21,3.6486304
2006-11-22,4.596061
2006-11-23,3.3431523
2006-11-24,3.113542
2006-11-25,4.565273
2006-11-26,2.93385
2006-11-27,2.5016377
2006-11-28,3.9775398
2006-11-29,2.8238006
2006-11-30,2.6596978
2006-12-01,2.2412493
2006-12-02,2.279067
2006-12-03,2.3871608
2006-12-04,2.114182
2006-12-05,4.7754207
2006-12-06,3.6744254
2006-12-07,2.5048347
2006-12-08,3.653093
2006-12-09,2.053281
2006-12-10,1.8113424
2006-12-11,2.5386226
2006-12-12,4.993713
2006-12-13,4.3299427
2006-12-14,2.7848926
2006-12-15,4.3227744
2006-12-16,3.512843
2006-12-17,1.7698982
2006-12-18,1.576279
2006-12-19,1.5373125
2006-12-20,1.5591284
2006-12-21,1.4968938
2006-12-22,1.4840126
2006-12-23,1.7530795
2006-12-24,1.6558042
2006-12-25,1.5023422
2006-12-26,1.452866
2006-12-27,1.3548119
2006-12-28,1.3673326
2006-12-29,1.3861717
2006-12-30,1.3229243
2006-12-31,1.2285675
2007-01-01,1.2297382
2007-01-02,1.214679
2007-01-03,1.130936
2007-01-04,1.1134206
2007-01-05,1.089674
2007-01-06,1.069763
2007-01-07,1.0643066
2007-01-08,1.0175941
2007-01-09,0.97065324
2007-01-10,0.96966875
2007-01-11,0.9717525
2007-01-12,0.9676562
2007-01-13,1.0148226
2007-01-14,0.9314819
2007-01-15,0.89039564
2007-01-16,0.9230379
2007-01-17,0.87039566
2007-01-18,0.9241747
2007-01-19,1.0593843
2007-01-20,0.97328514
2007-01-21,0.7996291
2007-01-22,0.77066106
2007-01-23,0.7723676
2007-01-24,0.76581806
2007-01-25,0.6700331
2007-01-26,0.6460853
2007-01-27,0.64179254
2007-01-28,0.63563687
2007-01-29,0.60339504
2007-01-30,0.5821182
2007-01-31,0.56471276
2007-02-01,0.5521719
2007-02-02,0.5358516
2007-02-03,0.5172392
2007-02-04,0.502586
2007-02-05,0.48847517
2007-02-06,0.47598854
2007-02-07,0.46263093
2007-02-08,0.44927195
2007-02-09,0.4363735
2007-02-10,0.4349816
2007-02-11,0.43400264
2007-02-12,0.40170076
2007-02-13,0.38891086
2007-02-14,0.3804498
2007-02-15,0.42441508
2007-02-16,0.41078597
2007-02-17,0.39032233
2007-02-18,0.36696693
2007-02-19,0.3543118
2007-02-20,0.34504896
2007-02-21,0.33189043
2007-02-22,0.31258094
2007-02-23,0.31041026
2007-02-24,0.29772204
2007-02-25,0.28906313
2007-02-26,0.31506822
2007-02-27,0.294144
2007-02-28,0.27156478
2007-03-01,0.264036
2007-03-02,0.2551539
2007-03-03,0.25146252
2007-03-04,0.24225554
2007-03-05,0.24819951
2007-03-06,0.27653253
2007-03-07,0.24685287
2007-03-08,0.4885073
2007-03-09,0.4728011
2007-03-10,0.82860947
2007-03-11,0.36995143
2007-03-12,0.2374181
2007-03-13,0.21067463
2007-03-14,0.20748648
2007-03-15,0.21821843
2007-03-16,0.37521768
2007-03-17,0.264534
2007-03-18,0.21870126
2007-03-19,0.25603116
2007-03-20,0.511294
2007-03-21,0.47171026
2007-03-22,0.59385544
2007-03-23,0.41709733
2007-03-24,0.44442555
2007-03-25,0.46077588
2007-03-26,2.2236505
2007-03-27,0.6878188
2007-03-28,2.015872
2007-03-29,1.1467144
2007-03-30,3.8574796
2007-03-31,3.506375
2007-04-01,4.5325904
2007-04-02,1.9562104
2007-04-03,3.0048847
2007-04-04,3.7583203
2007-04-05,2.43988
2007-04-06,1.9396772
2007-04-07,4.4500084
2007-04-08,2.3076272
2007-04-09,2.5828235
2007-04-10,2.759715
2007-04-11,0.6932887
2007-04-12,0.28443
2007-04-13,0.25366032
2007-04-14,0.30411544
2007-04-15,1.9917923
2007-04-16,1.1098912
2007-04-17,2.035227
2007-04-18,3.0425973
2007-04-19,3.0950716
2007-04-20,4.528825
2007-04-21,4.164209
2007-04-22,1.1103363
2007-04-23,1.4904076
2007-04-24,3.8050761
2007-04-25,1.7471416
2007-04-26,1.2360523
2007-04-27,1.4779103
2007-04-28,0.515225
2007-04-29,0.9972929
2007-04-30,3.1611426
2007-05-01,3.206658
2007-05-02,2.813033
2007-05-03,3.2892385
2007-05-04,3.6178749
2007-05-05,3.3448226
2007-05-06,1.6766473
2007-05-07,2.2074704
2007-05-08,1.8592763
2007-05-09,2.9983802
2007-05-10,3.213531
2007-05-11,5.2448454
2007-05-12,4.7291045
2007-05-13,1.5982678
2007-05-14,5.7489057
2007-05-15,2.1833863
2007-05-16,2.1853843
2007-05-17,4.2197657
2007-05-18,2.4192474
2007-05-19,4.5132446
2007-05-20,4.34361
2007-05-21,4.4432893
2007-05-22,1.937354
2007-05-23,1.9112421
2007-05-24,1.625272
2007-05-25,1.2116195
2007-05-26,4.0914683
2007-05-27,5.820306
2007-05-28,4.5332913
2007-05-29,9.66263
2007-05-30,3.3742063
2007-05-31,3.7376165
2007-06-01,2.7134805
2007-06-02,3.0139186
2007-06-03,5.758828
2007-06-04,4.5101943
2007-06-05,3.4039648
2007-06-06,4.6686645
2007-06-07,4.511198
2007-06-08,3.1221502
2007-06-09,2.2645173
2007-06-10,2.4365966
2007-06-11,2.2979937
2007-06-12,7.6292257
2007-06-13,4.3664265
2007-06-14,2.2562673
2007-06-15,5.5316515
2007-06-16,3.6645963
2007-06-17,2.5736418
2007-06-18,1.7200915
2007-06-19,3.065033
2007-06-20,6.2751937
2007-06-21,4.1949706
2007-06-22,3.3431036
2007-06-23,3.2262456
2007-06-24,8.668877
2007-06-25,9.418389
2007-06-26,3.1791482
2007-06-27,23.911802
2007-06-28,6.769854
2007-06-29,10.797729
2007-06-30,4.526565
2007-07-01,4.2922163
2007-07-02,5.552878
2007-07-03,4.21827
2007-07-04,3.9581573
2007-07-05,3.9830716
2007-07-06,4.4761324
2007-07-07,6.6410704
2007-07-08,4.6126957
2007-07-09,4.9322243
2007-07-10,5.0469837
2007-07-11,4.5537167
2007-07-12,3.793386
2007-07-13,6.088936
2007-07-14,4.342045
2007-07-15,5.1306677
2007-07-16,4.081663
2007-07-17,5.3395934
2007-07-18,3.489092
2007-07-19,2.7616599
2007-07-20,2.6976588
2007-07-21,2.8736703
2007-07-22,3.5907264
2007-07-23,4.8216558
2007-07-24,3.5744822
2007-07-25,2.8800373
2007-07-26,4.9630337
2007-07-27,2.670667
2007-07-28,3.8704019
2007-07-29,4.047777
2007-07-30,2.7874043
2007-07-31,2.1197727
2007-08-01,2.3510575
2007-08-02,2.694015
2007-08-03,2.596687
2007-08-04,6.71515
2007-08-05,3.1824481
2007-08-06,2.0032666
2007-08-07,1.8522887
2007-08-08,2.9316247
2007-08-09,3.7196298
2007-08-10,2.1574962
2007-08-11,1.7276111
2007-08-12,5.576548
2007-08-13,2.7535632
2007-08-14,2.453038
2007-08-15,2.508934
2007-08-16,4.1011715
2007-08-17,4.2295156
2007-08-18,2.0313675
2007-08-19,1.590634
2007-08-20,1.7937804
2007-08-21,3.535971
2007-08-22,6.0991926
2007-08-23,1.7925055
2007-08-24,2.0970142
2007-08-25,2.1761856
2007-08-26,3.53241
2007-08-27,3.3023458
2007-08-28,2.3048534
2007-08-29,1.3888798
2007-08-30,1.478181
2007-08-31,3.9421556
2007-09-01,1.7825798
2007-09-02,1.831139
2007-09-03,1.4791262
2007-09-04,1.6106145
2007-09-05,2.6296618
2007-09-06,2.6329105
2007-09-07,1.8154864
2007-09-08,4.4425535
2007-09-09,2.6186056
2007-09-10,4.0482173
2007-09-11,1.6108856
2007-09-12,1.4923228
2007-09-13,1.4867283
2007-09-14,2.0122561
2007-09-15,1.6643907
2007-09-16,3.275852
2007-09-17,1.249134
2007-09-18,1.269991
2007-09-19,1.1277946
2007-09-20,1.3555311
2007-09-21,2.7127962
2007-09-22,1.3470281
2007-09-23,1.1760367
2007-09-24,1.8081499
2007-09-25,1.243217
2007-09-26,1.1498789
2007-09-27,2.9954722
2007-09-28,3.1408823
2007-09-29,2.1325254
2007-09-30,1.1379207
2007-10-01,0.895325
2007-10-02,1.2514479
2007-10-03,1.6154498
2007-10-04,1.5604511
2007-10-05,1.7983061
2007-10-06,1.5227859
2007-10-07,1.7821581
2007-10-08,1.0828205
2007-10-09,1.7421641
2007-10-10,5.596766
2007-10-11,1.8126203
2007-10-12,1.5606201
2007-10-13,1.8656479
2007-10-14,9.002096
2007-10-15,4.0636153
2007-10-16,1.7736182
2007-10-17,1.1732042
2007-10-18,2.0309207
2007-10-19,1.855632
2007-10-20,2.2503624
2007-10-21,1.2594762
2007-10-22,1.0263456
2007-10-23,1.7295289
2007-10-24,1.0198542
2007-10-25,1.2218969
2007-10-26,0.9881233
2007-10-27,4.277945
2007-10-28,15.629202
2007-10-29,5.7833376
2007-10-30,1.2337787
2007-10-31,2.7557826
2007-11-01,3.180846
2007-11-02,8.87382
2007-11-03,5.0267158
2007-11-04,6.0467563
2007-11-05,12.030862
2007-11-06,3.8401828
2007-11-07,2.219822
2007-11-08,2.5378275
2007-11-09,4.641616
2007-11-10,4.73872
2007-11-11,2.8721647
2007-11-12,1.9197598
2007-11-13,3.0174649
2007-11-14,3.1511283
2007-11-15,2.258051
2007-11-16,1.8333967
2007-11-17,3.0431921
2007-11-18,4.021846
2007-11-19,2.8791888
2007-11-20,2.1588364
2007-11-21,1.8293852
2007-11-22,2.1404362
2007-11-23,2.687624
2007-11-24,4.1792855
2007-11-25,4.1492095
2007-11-26,2.1428127
2007-11-27,1.7844927
2007-11-28,1.6475525
2007-11-29,1.8730582
2007-11-30,2.4598153
2007-12-01,7.414758
2007-12-02,2.3735378
2007-12-03,2.1708493
2007-12-04,3.5863378
2007-12-05,4.1997924
2007-12-06,4.3899326
2007-12-07,6.0678062
2007-12-08,3.9539554
2007-12-09,3.68404
2007-12-10,5.180698
2007-12-11,2.6685648
2007-12-12,2.3986201
2007-12-13,2.4374745
2007-12-14,3.6842117
2007-12-15,5.177353
2007-12-16,3.824778
2007-12-17,6.74774
2007-12-18,6.4017096
2007-12-19,6.2740397
2007-12-20,3.9503725
2007-12-21,3.4355912
2007-12-22,4.0462766
2007-12-23,4.1251397
2007-12-24,3.7741919
2007-12-25,4.1133776
2007-12-26,2.874352
2007-12-27,4.044706
2007-12-28,2.5578914
2007-12-29,2.2432668
2007-12-30,2.1428716
2007-12-31,2.0609992
2008-01-01,1.968846
2008-01-02,2.0537672
2008-01-03,2.0508091
2008-01-04,1.9907256
2008-01-05,1.9938413
2008-01-06,1.9472371
2008-01-07,1.921571
2008-01-08,2.0293124
2008-01-09,1.7419636
2008-01-10,2.5084743
2008-01-11,2.5569685
2008-01-12,2.3564987
2008-01-13,1.9932517
2008-01-14,1.5112036
2008-01-15,1.4003212
2008-01-16,1.3469125
2008-01-17,1.5037655
2008-01-18,1.3211762
2008-01-19,1.1660744
2008-01-20,1.1122496
2008-01-21,1.0868659
2008-01-22,1.1180582
2008-01-23,1.0341903
2008-01-24,1.0229475
2008-01-25,1.0891137
2008-01-26,0.99504125
2008-01-27,1.0012518
2008-01-28,0.9230596
2008-01-29,0.9154426
2008-01-30,0.8556484
2008-01-31,0.8434445
2008-02-01,0.82587594
2008-02-02,0.85157925
2008-02-03,0.8467564
2008-02-04,0.81437993
2008-02-05,0.7182664
2008-02-06,0.6819188
2008-02-07,0.7146208
2008-02-08,0.6778399
2008-02-09,0.6590359
2008-02-10,0.64628255
2008-02-11,1.0685484
2008-02-12,0.8683182
2008-02-13,0.7275631
2008-02-14,0.6192429
2008-02-15,0.7424122
2008-02-16,0.74641764
2008-02-17,0.80325276
2008-02-18,0.87078184
2008-02-19,0.75778025
2008-02-20,2.4157116
2008-02-21,2.016062
2008-02-22,1.3810501
2008-02-23,1.0332904
2008-02-24,0.50916004
2008-02-25,0.46322918
2008-02-26,0.45950857
2008-02-27,0.4783084
2008-02-28,0.4427965
2008-02-29,0.51911443
2008-03-01,0.46176386
2008-03-02,0.41015443
2008-03-03,0.41497812
2008-03-04,0.40094262
2008-03-05,0.42059764
2008-03-06,0.5389732
2008-03-07,1.8296938
2008-03-08,3.420174
2008-03-09,2.2257898
2008-03-10,1.3290144
2008-03-11,2.4556804
2008-03-12,1.5624622
2008-03-13,1.3693175
2008-03-14,0.5892313
2008-03-15,1.9865841
2008-03-16,0.98942447
2008-03-17,0.5718321
2008-03-18,0.40164128
2008-03-19,0.35674176
2008-03-20,0.39037624
2008-03-21,0.4498347
2008-03-22,0.45201322
2008-03-23,0.36198395
2008-03-24,0.42408463
2008-03-25,0.63862103
2008-03-26,0.6180187
2008-03-27,0.3805488
2008-03-28,0.33359408
2008-03-29,0.3051601
2008-03-30,0.30984405
2008-03-31,0.296998
2008-04-01,0.3165912
2008-04-02,0.6238539
2008-04-03,1.02619
2008-04-04,0.41230276
2008-04-05,0.9231285
2008-04-06,0.7918549
2008-04-07,0.9100085
2008-04-08,0.5521928
2008-04-09,0.34347132
2008-04-10,0.41697964
2008-04-11,1.4070892
2008-04-12,1.8737402
2008-04-13,1.5986089
2008-04-14,0.9863555
2008-04-15,3.5860078
2008-04-16,3.1274195
2008-04-17,1.0971142
2008-04-18,0.5440039
2008-04-19,1.5792978
2008-04-20,8.594449
2008-04-21,3.3704658
2008-04-22,4.4251676
2008-04-23,2.4746017
2008-04-24,2.3153012
2008-04-25,8.872153
2008-04-26,2.535881
2008-04-27,2.4996119
2008-04-28,4.0141835
2008-04-29,1.8383852
2008-04-30,0.8551073
2008-05-01,0.7166533
2008-05-02,2.081118
2008-05-03,3.820067
2008-05-04,8.218989
2008-05-05,11.79029
2008-05-06,7.5545554
2008-05-07,2.2437878
2008-05-08,6.766743
2008-05-09,16.163923
2008-05-10,9.483275
2008-05-11,2.9001784
2008-05-12,2.5983143
2008-05-13,4.5460463
2008-05-14,3.7186172
2008-05-15,3.1178792
2008-05-16,3.9091308
2008-05-17,6.916721
2008-05-18,4.321605
2008-05-19,10.37848
2008-05-20,4.565338
2008-05-21,6.224215
2008-05-22,4.8334537
2008-05-23,4.852305
2008-05-24,4.7619133
2008-05-25,3.7094266
2008-05-26,3.9593947
2008-05-27,83.53439
2008-05-28,15.7066765
2008-05-29,9.343179
2008-05-30,5.455801
2008-05-31,6.4688087
2008-06-01,5.4971676
2008-06-02,6.4015083
2008-06-03,9.108395
2008-06-04,4.3840537
2008-06-05,5.026765
2008-06-06,10.501953
2008-06-07,82.538475
2008-06-08,11.302219
2008-06-09,5.7334323
2008-06-10,3.6791575
2008-06-11,3.8963044
2008-06-12,3.972697
2008-06-13,2.7104497
2008-06-14,3.6311176
2008-06-15,3.0963144
2008-06-16,3.897662
2008-06-17,4.0189505
2008-06-18,4.2767167
2008-06-19,5.961761
2008-06-20,3.6672163
2008-06-21,2.4598002
2008-06-22,4.500615
2008-06-23,12.747607
2008-06-24,3.9321797
2008-06-25,4.018688
2008-06-26,17.218264
2008-06-27,5.744262
2008-06-28,3.6610441
2008-06-29,15.034095
2008-06-30,20.688993
2008-07-01,8.9670515
2008-07-02,12.145438
2008-07-03,10.294427
2008-07-04,6.7427893
2008-07-05,7.306305
2008-07-06,6.480958
2008-07-07,4.96748
2008-07-08,5.3847895
2008-07-09,5.2403398
2008-07-10,7.2544374
2008-07-11,5.98724
2008-07-12,6.735
2008-07-13,6.151086
2008-07-14,5.4490294
2008-07-15,7.025908
2008-07-16,6.630102
2008-07-17,3.9497652
2008-07-18,3.2648497
2008-07-19,5.3097014
2008-07-20,7.4064555
2008-07-21,3.7529204
2008-07-22,5.8257537
2008-07-23,7.8279734
2008-07-24,4.3205614
2008-07-25,3.6348062
2008-07-26,4.62443
2008-07-27,10.856708
2008-07-28,5.0421796
2008-07-29,6.7345333
2008-07-30,4.173711
2008-07-31,4.824675
2008-08-01,3.8646464
2008-08-02,3.4086492
2008-08-03,3.297166
2008-08-04,3.1326728
2008-08-05,3.3599372
2008-08-06,2.905315
2008-08-07,3.5630882
2008-08-08,2.7945201
2008-08-09,2.7194717
2008-08-10,2.7722144
2008-08-11,6.765402
2008-08-12,4.2701335
2008-08-13,3.908678
2008-08-14,3.9769526
2008-08-15,3.0469685
2008-08-16,2.4458995
2008-08-17,2.5443716
2008-08-18,4.25278
2008-08-19,4.390562
2008-08-20,2.6843357
2008-08-21,2.944997
2008-08-22,3.8979468
2008-08-23,2.608915
2008-08-24,2.3185332
2008-08-25,2.7759771
2008-08-26,1.9909718
2008-08-27,1.9401453
2008-08-28,1.7667526
2008-08-29,2.6230102
2008-08-30,2.5080256
2008-08-31,3.7207248
2008-09-01,3.2840774
2008-09-02,4.6871476
2008-09-03,2.6258948
2008-09-04,2.618171
2008-09-05,1.694166
2008-09-06,1.750304
2008-09-07,1.5493126
2008-09-08,2.5739927
2008-09-09,2.9070425
2008-09-10,1.9118755
2008-09-11,3.0827553
2008-09-12,2.8140912
2008-09-13,2.08295
2008-09-14,1.8800131
2008-09-15,2.5701315
2008-09-16,1.649824
2008-09-17,1.9684782
2008-09-18,2.7443068
2008-09-19,1.6384844
2008-09-20,2.89723
2008-09-21,2.080607
2008-09-22,1.3805947
2008-09-23,5.9167614
2008-09-24,2.26485
2008-09-25,2.6306996
2008-09-26,1.9240469
2008-09-27,3.2091324
2008-09-28,1.5286357
2008-09-29,2.5237556
2008-09-30,1.9203076
2008-10-01,1.6116282
2008-10-02,2.3166282
2008-10-03,1.8308338
2008-10-04,1.183272
2008-10-05,1.316949
2008-10-06,2.6325657
2008-10-07,2.2501729
2008-10-08,2.033702
2008-10-09,1.1623716
2008-10-10,1.0335557
2008-10-11,1.8801669
2008-10-12,10.105677
2008-10-13,3.5761428
2008-10-14,21.898392
2008-10-15,36.76722
2008-10-16,27.623299
2008-10-17,4.389629
2008-10-18,2.7933743
2008-10-19,3.4309793
2008-10-20,2.9581661
2008-10-21,3.054013
2008-10-22,3.7882607
2008-10-23,2.8196917
2008-10-24,2.6707897
2008-10-25,3.3052642
2008-10-26,3.123374
2008-10-27,4.8863616
2008-10-28,4.084297
2008-10-29,6.2655025
2008-10-30,3.0003133
2008-10-31,2.3628702
2008-11-01,2.5080059
2008-11-02,4.1899395
2008-11-03,10.036601
2008-11-04,8.997999
2008-11-05,5.4709363
2008-11-06,4.0336266
2008-11-07,2.5892415
2008-11-08,2.5501597
2008-11-09,2.5738676
2008-11-10,2.656645
2008-11-11,2.3574831
2008-11-12,2.5001428
2008-11-13,3.055867
2008-11-14,4.6658278
2008-11-15,9.820688
2008-11-16,12.699104
2008-11-17,7.0927997
2008-11-18,9.70533
2008-11-19,11.240992
2008-11-20,14.729957
2008-11-21,14.722896
2008-11-22,20.185146
2008-11-23,30.18001
2008-11-24,12.049853
2008-11-25,7.9620724
2008-11-26,7.050914
2008-11-27,10.201906
2008-11-28,10.81781
2008-11-29,8.4079275
2008-11-30,10.623676
2008-12-01,6.25902
2008-12-02,7.2310123
2008-12-03,7.9448
2008-12-04,6.060584
2008-12-05,4.6605544
2008-12-06,5.2662673
2008-12-07,4.678534
2008-12-08,4.188007
2008-12-09,6.0813036
2008-12-10,4.021185
2008-12-11,3.7672982
2008-12-12,3.5321767
2008-12-13,5.5416927
2008-12-14,6.454402
2008-12-15,3.8098495
2008-12-16,3.056929
2008-12-17,4.525634
2008-12-18,10.585811
2008-12-19,5.1481466
2008-12-20,4.354437
2008-12-21,5.9781237
2008-12-22,3.5906162
2008-12-23,4.1113276
2008-12-24,3.0847163
2008-12-25,2.9706025
2008-12-26,2.7358792
2008-12-27,2.7349033
2008-12-28,3.0709963
2008-12-29,2.7304654
2008-12-30,3.3174622
2008-12-31,2.5861566
2009-01-01,2.5820112
2009-01-02,2.8532712
2009-01-03,2.5086753
2009-01-04,2.6254115
2009-01-05,2.226761
2009-01-06,2.326594
2009-01-07,2.620828
2009-01-08,3.1570122
2009-01-09,2.0960097
2009-01-10,1.9762275
2009-01-11,1.7825178
2009-01-12,1.6974732
2009-01-13,1.8109128
2009-01-14,1.7408758
2009-01-15,1.6200794
2009-01-16,1.5077199
2009-01-17,1.4749401
2009-01-18,1.9734946
2009-01-19,1.9395134
2009-01-20,3.877919
2009-01-21,3.5229664
2009-01-22,1.9638653
2009-01-23,1.5007346
2009-01-24,3.288228
2009-01-25,3.5868306
2009-01-26,1.5292583
2009-01-27,1.3418971
2009-01-28,1.2225626
2009-01-29,1.2148433
2009-01-30,1.1517591
2009-01-31,1.1970896
2009-02-01,2.9992015
2009-02-02,5.808597
2009-02-03,2.2768629
2009-02-04,1.2329395
2009-02-05,1.1808885
2009-02-06,1.3268914
2009-02-07,1.6393307
2009-02-08,1.4366324
2009-02-09,1.100389
2009-02-10,1.1145093
2009-02-11,1.134276
2009-02-12,1.2956612
2009-02-13,1.4766774
2009-02-14,1.0468311
2009-02-15,2.3786163
2009-02-16,2.8503776
2009-02-17,1.3637431
2009-02-18,1.3285018
2009-02-19,1.2361311
2009-02-20,1.4372932
2009-02-21,1.081832
2009-02-22,0.9294994
2009-02-23,0.9121417
2009-02-24,0.9173417
2009-02-25,0.87599057
2009-02-26,0.8998635
2009-02-27,0.87914294
2009-02-28,0.84459114
2009-03-01,0.823276
2009-03-02,0.8930548
2009-03-03,0.8556288
2009-03-04,0.8511269
2009-03-05,1.4511024
2009-03-06,1.1563306
2009-03-07,1.2947625
2009-03-08,0.7887008
2009-03-09,0.74667996
2009-03-10,0.9122824
2009-03-11,0.7547226
2009-03-12,0.69250983
2009-03-13,0.67095685
2009-03-14,0.8585751
2009-03-15,1.2709452
2009-03-16,1.271922
2009-03-17,0.9211188
2009-03-18,1.0206122
2009-03-19,1.0253526
2009-03-20,0.7924323
2009-03-21,1.4629493
2009-03-22,3.9891915
2009-03-23,2.9556816
2009-03-24,1.4474576
2009-03-25,2.8912027
2009-03-26,1.2173067
2009-03-27,2.7578554
2009-03-28,1.677391
2009-03-29,0.8717855
2009-03-30,2.3553383
2009-03-31,1.1566793
2009-04-01,2.600785
2009-04-02,2.1624038
2009-04-03,8.593157
2009-04-04,3.1527627
2009-04-05,2.3799741
2009-04-06,1.0022144
2009-04-07,0.84912086
2009-04-08,0.9086356
2009-04-09,1.7726086
2009-04-10,1.9814118
2009-04-11,1.542702
2009-04-12,2.261023
2009-04-13,4.097594
2009-04-14,1.4752762
2009-04-15,1.835738
2009-04-16,1.282033
2009-04-17,1.7275367
2009-04-18,6.8737493
2009-04-19,2.140731
2009-04-20,2.4612489
2009-04-21,4.5648594
2009-04-22,7.6566324
2009-04-23,5.0821476
2009-04-24,4.376809
2009-04-25,2.899993
2009-04-26,2.5624213
2009-04-27,2.3771217
2009-04-28,2.1729374
2009-04-29,3.6279387
2009-04-30,6.420496
2009-05-01,5.8764696
2009-05-02,2.9649158
2009-05-03,4.911396
2009-05-04,5.815583
2009-05-05,16.468609
2009-05-06,9.652421
2009-05-07,8.582552
2009-05-08,5.7969594
2009-05-09,5.226231
2009-05-10,5.1979575
2009-05-11,6.041205
2009-05-12,4.659157
2009-05-13,4.1337576
2009-05-14,3.7467391
2009-05-15,3.473302
2009-05-16,3.2343156
2009-05-17,2.9775915
2009-05-18,5.3377304
2009-05-19,6.161986
2009-05-20,4.6382623
2009-05-21,2.609327
2009-05-22,3.5914729
2009-05-23,2.8467937
2009-05-24,2.9927177
2009-05-25,3.883056
2009-05-26,2.8816698
2009-05-27,2.548372
2009-05-28,1.8312373
2009-05-29,2.0889544
2009-05-30,2.0523303
2009-05-31,1.544428
2009-06-01,1.4421887
2009-06-02,1.456627
2009-06-03,1.5561239
2009-06-04,9.550179
2009-06-05,4.386183
2009-06-06,9.659921
2009-06-07,3.8682773
2009-06-08,12.959612
2009-06-09,4.829084
2009-06-10,2.8301919
2009-06-11,3.6470304
2009-06-12,6.8335223
2009-06-13,2.7461607
2009-06-14,3.3544211
2009-06-15,1.7286274
2009-06-16,3.114706
2009-06-17,1.6621099
2009-06-18,2.094556
2009-06-19,2.504383
2009-06-20,1.8841374
2009-06-21,2.7655606
2009-06-22,3.7520297
2009-06-23,4.1183248
2009-06-24,6.442248
2009-06-25,2.9431324
2009-06-26,2.4778724
2009-06-27,1.9519126
2009-06-28,3.3759727
2009-06-29,4.132421
2009-06-30,3.8036602
2009-07-01,4.287178
2009-07-02,4.2578335
2009-07-03,2.759576
2009-07-04,2.923509
2009-07-05,2.5523295
2009-07-06,1.7838058
2009-07-07,2.283456
2009-07-08,1.7372104
2009-07-09,4.546741
2009-07-10,2.4796963
2009-07-11,2.5335865
2009-07-12,3.6493075
2009-07-13,1.8328067
2009-07-14,2.0606077
2009-07-15,3.173658
2009-07-16,6.7742505
2009-07-17,2.1230729
2009-07-18,4.303173
2009-07-19,5.5171356
2009-07-20,1.9019393
2009-07-21,1.7970533
2009-07-22,2.0300732
2009-07-23,2.7235765
2009-07-24,3.322857
2009-07-25,2.577846
2009-07-26,1.4940948
2009-07-27,2.3450856
2009-07-28,3.1748462
2009-07-29,2.2579808
2009-07-30,3.401509
2009-07-31,2.5049925
2009-08-01,3.4218903
2009-08-02,10.388493
2009-08-03,4.556267
2009-08-04,7.2124915
2009-08-05,5.9045525
2009-08-06,5.868369
2009-08-07,4.968413
2009-08-08,10.793555
2009-08-09,4.8657846
2009-08-10,3.6179042
2009-08-11,2.5014644
2009-08-12,6.2177114
2009-08-13,3.7182658
2009-08-14,5.089965
2009-08-15,4.4278736
2009-08-16,3.596551
2009-08-17,2.4903347
2009-08-18,3.2423706
2009-08-19,5.2255507
2009-08-20,2.7150242
2009-08-21,3.4710815
2009-08-22,2.7726095
2009-08-23,3.1316535
2009-08-24,3.2942245
2009-08-25,2.7941542
2009-08-26,3.1325364
2009-08-27,5.376113
2009-08-28,3.1265037
2009-08-29,3.7114587
2009-08-30,3.2163868
2009-08-31,3.1007595
2009-09-01,2.6532402
2009-09-02,3.1281998
2009-09-03,2.9083622
2009-09-04,2.7854736
2009-09-05,2.5652285
2009-09-06,3.3972652
2009-09-07,2.4863284
2009-09-08,2.4953032
2009-09-09,2.6727314
2009-09-10,2.3345215
2009-09-11,1.9917747
2009-09-12,1.8583866
2009-09-13,1.7857535
2009-09-14,2.349346
2009-09-15,2.2348251
2009-09-16,3.4330285
2009-09-17,2.4417343
2009-09-18,3.651899
2009-09-19,2.670947
2009-09-20,2.0674527
2009-09-21,2.07117
2009-09-22,2.2041667
2009-09-23,1.8831273
2009-09-24,1.5667083
2009-09-25,1.4025766
2009-09-26,1.4192251
2009-09-27,1.6266243
2009-09-28,2.275509
2009-09-29,1.4621917
2009-09-30,1.4341234
2009-10-01,1.2321606
2009-10-02,1.187246
2009-10-03,1.3646556
2009-10-04,3.5417728
2009-10-05,1.834292
2009-10-06,1.6726173
2009-10-07,1.3343357
2009-10-08,2.038772
2009-10-09,1.4005042
2009-10-10,1.105717
2009-10-11,1.4613554
2009-10-12,2.1087875
2009-10-13,1.6842934
2009-10-14,1.0383618
2009-10-15,2.5427845
2009-10-16,10.356431
2009-10-17,3.1666281
2009-10-18,1.5008289
2009-10-19,1.0551109
2009-10-20,1.828033
2009-10-21,1.9818257
2009-10-22,2.475596
2009-10-23,4.752368
2009-10-24,2.524187
2009-10-25,3.4005623
2009-10-26,2.3588288
2009-10-27,1.0929589
2009-10-28,0.98963606
2009-10-29,1.0932101
2009-10-30,1.297225
2009-10-31,2.3857071
2009-11-01,6.9890018
2009-11-02,15.590574
2009-11-03,14.872295
2009-11-04,19.570332
2009-11-05,12.462209
2009-11-06,10.265659
2009-11-07,13.533548
2009-11-08,13.195093
2009-11-09,6.523235
2009-11-10,5.244647
2009-11-11,4.7822313
2009-11-12,4.2534633
2009-11-13,4.840372
2009-11-14,4.630527
2009-11-15,3.272233
2009-11-16,3.5801928
2009-11-17,3.2153513
2009-11-18,4.3012376
2009-11-19,3.1066153
2009-11-20,2.760375
2009-11-21,2.2224965
2009-11-22,2.2291572
2009-11-23,2.0961232
2009-11-24,1.9396971
2009-11-25,1.8579936
2009-11-26,1.7857265
2009-11-27,1.7894251
2009-11-28,1.7064457
2009-11-29,1.5771756
2009-11-30,1.484816
2009-12-01,1.4379804
2009-12-02,1.3921771
2009-12-03,1.288814
2009-12-04,1.2456783
2009-12-05,1.1627223
2009-12-06,1.1259376
2009-12-07,1.1390688
2009-12-08,1.0387121
2009-12-09,1.0158705
2009-12-10,0.99349385
2009-12-11,1.0237812
2009-12-12,1.0001566
2009-12-13,0.9360761
2009-12-14,0.9062117
2009-12-15,0.8162411
2009-12-16,0.8121067
2009-12-17,0.7739652
2009-12-18,0.7309599
2009-12-19,0.8556282
2009-12-20,0.84621507
2009-12-21,0.7122895
2009-12-22,0.7981009
2009-12-23,0.75221735
2009-12-24,0.7206178
2009-12-25,0.908101
2009-12-26,1.2598952
2009-12-27,1.0887223
2009-12-28,0.62988496
2009-12-29,0.5513933
2009-12-30,0.5173206
2009-12-31,0.4995364
2010-01-01,0.48272246
2010-01-02,0.46856558
2010-01-03,0.45246792
2010-01-04,0.44013306
2010-01-05,0.4270208
2010-01-06,0.41310284
2010-01-07,0.3999158
2010-01-08,0.43368265
2010-01-09,0.39169046
2010-01-10,0.3731282
2010-01-11,0.3621641
2010-01-12,0.35430583
2010-01-13,0.3441105
2010-01-14,0.33499682
2010-01-15,0.32541716
2010-01-16,0.31907338
2010-01-17,0.3120882
2010-01-18,0.30656096
2010-01-19,0.2953887
2010-01-20,0.2925094
2010-01-21,0.281805
2010-01-22,0.27592155
2010-01-23,0.26832953
2010-01-24,0.28943655
2010-01-25,0.2981442
2010-01-26,0.30158868
2010-01-27,0.30125403
2010-01-28,0.2573276
2010-01-29,0.24946766
2010-01-30,0.23688099
2010-01-31,0.2508873
2010-02-01,0.22597064
2010-02-02,0.2599292
2010-02-03,0.23465374
2010-02-04,0.25831485
2010-02-05,0.22081746
2010-02-06,0.22513287
2010-02-07,0.22505426
2010-02-08,0.22046846
2010-02-09,0.19927208
2010-02-10,0.23473945
2010-02-11,0.18635306
2010-02-12,0.18413629
2010-02-13,0.17417043
2010-02-14,0.17001782
2010-02-15,0.17532602
2010-02-16,0.17556094
2010-02-17,0.16443731
2010-02-18,0.15464671
2010-02-19,0.15129009
2010-02-20,0.16395189
2010-02-21,0.68553394
2010-02-22,0.23598982
2010-02-23,0.23255233
2010-02-24,1.0831562
2010-02-25,0.441029
2010-02-26,0.35166088
2010-02-27,0.22672579
2010-02-28,0.1670948
2010-03-01,0.18621306
2010-03-02,0.15831606
2010-03-03,0.18677916
2010-03-04,0.98841244
2010-03-05,0.8337776
2010-03-06,0.59003633
2010-03-07,0.8628201
2010-03-08,0.8601524
2010-03-09,0.90374887
2010-03-10,0.5389286
2010-03-11,1.1069777
2010-03-12,0.71922547
2010-03-13,0.8132143
2010-03-14,0.6439606
2010-03-15,0.2900271
2010-03-16,0.11604553
2010-03-17,0.32708424
2010-03-18,0.66765964
2010-03-19,0.85962397
2010-03-20,3.015081
2010-03-21,0.4669081
2010-03-22,0.30741596
2010-03-23,0.24541266
2010-03-24,0.14266877
2010-03-25,0.09570154
2010-03-26,0.09419459
2010-03-27,0.20212305
2010-03-28,0.60153717
2010-03-29,0.5562627
2010-03-30,0.41572434
2010-03-31,1.0827657
2010-04-01,1.016902
2010-04-02,0.29151544
2010-04-03,0.4656958
2010-04-04,0.6588216
2010-04-05,0.17450154
2010-04-06,2.250769
2010-04-07,1.98769
2010-04-08,6.934629
2010-04-09,9.967873
2010-04-10,49.733955
2010-04-11,7.487239
2010-04-12,13.9658575
2010-04-13,6.446012
2010-04-14,6.7600613
2010-04-15,6.9695225
2010-04-16,7.519865
2010-04-17,43.696213
2010-04-18,9.0758505
2010-04-19,22.049246
2010-04-20,10.837004
2010-04-21,1.5433712
2010-04-22,1.8590051
2010-04-23,0.98110956
2010-04-24,1.4022944
2010-04-25,2.4875126
2010-04-26,2.2821772
2010-04-27,5.8027077
2010-04-28,6.248849
2010-04-29,5.2343254
2010-04-30,2.378245
2010-05-01,5.3833637
2010-05-02,2.6078665
2010-05-03,4.327001
2010-05-04,9.500228
2010-05-05,3.9665155
2010-05-06,2.075242
2010-05-07,3.707663
2010-05-08,2.0045571
2010-05-09,2.1612785
2010-05-10,9.492538
2010-05-11,6.249928
2010-05-12,9.221872
2010-05-13,7.7381563
2010-05-14,2.3980436
2010-05-15,3.9286518
2010-05-16,3.8816972
2010-05-17,3.3266613
2010-05-18,4.105818
2010-05-19,5.154642
2010-05-20,5.7604775
2010-05-21,4.4464355
2010-05-22,5.7115703
2010-05-23,9.062924
2010-05-24,5.7441106
2010-05-25,3.832771
2010-05-26,3.6464884
2010-05-27,10.215063
2010-05-28,16.992899
2010-05-29,4.054582
2010-05-30,7.412004
2010-05-31,16.089718
2010-06-01,45.692104
2010-06-02,14.906819
2010-06-03,10.228173
2010-06-04,7.3868847
2010-06-05,6.828463
2010-06-06,6.682028
2010-06-07,6.331123
2010-06-08,4.6819277
2010-06-09,8.249817
2010-06-10,8.650967
2010-06-11,4.6100755
2010-06-12,4.2908597
2010-06-13,4.1165648
2010-06-14,3.8255806
2010-06-15,6.261192
2010-06-16,3.989216
2010-06-17,5.56166
2010-06-18,4.3891616
2010-06-19,3.4802365
2010-06-20,3.493902
2010-06-21,6.8891892
2010-06-22,3.418105
2010-06-23,5.325562
2010-06-24,3.7845402
2010-06-25,3.7573123
2010-06-26,5.980259
2010-06-27,5.4220343
2010-06-28,2.507958
2010-06-29,2.841611
2010-06-30,4.6112328
2010-07-01,2.6606588
2010-07-02,9.575795
2010-07-03,3.440664
2010-07-04,2.683402
2010-07-05,11.2301445
2010-07-06,4.3822665
2010-07-07,8.568363
2010-07-08,6.6512337
2010-07-09,5.4631624
2010-07-10,4.4301467
2010-07-11,8.050724
2010-07-12,7.1283464
2010-07-13,3.9718773
2010-07-14,4.1373596
2010-07-15,4.574201
2010-07-16,5.233627
2010-07-17,5.335646
2010-07-18,5.1001835
2010-07-19,4.7428565
2010-07-20,3.973667
2010-07-21,3.2388186
2010-07-22,3.0870607
2010-07-23,3.1690464
2010-07-24,5.895661
2010-07-25,8.421018
2010-07-26,5.551739
2010-07-27,4.8866534
2010-07-28,6.5488925
2010-07-29,3.5393207
2010-07-30,4.1840687
2010-07-31,3.7925534
2010-08-01,4.8052597
2010-08-02,5.9834223
2010-08-03,9.185717
2010-08-04,5.9983907
2010-08-05,4.034257
2010-08-06,3.1333616
2010-08-07,5.054729
2010-08-08,3.3260643
2010-08-09,3.5293412
2010-08-10,4.0952
2010-08-11,3.087476
2010-08-12,3.5923753
2010-08-13,2.9297812
2010-08-14,4.5495696
2010-08-15,4.532052
2010-08-16,3.1784618
2010-08-17,2.7096817
2010-08-18,2.7781897
2010-08-19,4.243344
2010-08-20,3.3824685
2010-08-21,3.1558843
2010-08-22,2.5136194
2010-08-23,2.3736413
2010-08-24,2.3380337
2010-08-25,4.186217
2010-08-26,4.637083
2010-08-27,2.9429138
2010-08-28,2.1676984
2010-08-29,2.4047801
2010-08-30,2.0953615
2010-08-31,2.8131528
2010-09-01,2.4754157
2010-09-02,2.2271874
2010-09-03,2.0073617
2010-09-04,2.2854044
2010-09-05,2.2278652
2010-09-06,2.3872743
2010-09-07,2.8962698
2010-09-08,4.499897
2010-09-09,1.9259412
2010-09-10,1.7179695
2010-09-11,2.0283747
2010-09-12,1.6391531
2010-09-13,1.7329924
2010-09-14,2.1810822
2010-09-15,2.14507
2010-09-16,2.4537385
2010-09-17,2.2535987
2010-09-18,3.5217068
2010-09-19,1.4546139
2010-09-20,1.8970997
2010-09-21,1.4776738
2010-09-22,2.639624
2010-09-23,2.3592014
2010-09-24,5.017021
2010-09-25,3.8701644
2010-09-26,5.1102595
2010-09-27,2.023388
2010-09-28,1.7040565
2010-09-29,1.5512136
2010-09-30,1.2829478
2010-10-01,1.5669632
2010-10-02,1.5976074
2010-10-03,6.5954
2010-10-04,4.6029315
2010-10-05,8.5461035
2010-10-06,4.2516994
2010-10-07,2.4419765
2010-10-08,2.0116758
2010-10-09,1.9230788
2010-10-10,1.5105596
2010-10-11,1.0280292
2010-10-12,4.3186526
2010-10-13,1.6048591
2010-10-14,1.7851524
2010-10-15,1.4408945
2010-10-16,2.2800899
2010-10-17,2.040865
2010-10-18,1.4526156
2010-10-19,2.081152
2010-10-20,3.1526875
2010-10-21,45.022987
2010-10-22,8.555666
2010-10-23,1.6959604
2010-10-24,1.6152496
2010-10-25,4.40853
2010-10-26,5.505306
2010-10-27,2.5627892
2010-10-28,2.575804
2010-10-29,4.1643066
2010-10-30,3.458247
2010-10-31,10.413611
2010-11-01,3.8350773
2010-11-02,2.4709375
2010-11-03,4.324917
2010-11-04,3.7669756
2010-11-05,4.6014433
2010-11-06,4.6885695
2010-11-07,12.640663
2010-11-08,16.888863
2010-11-09,27.081955
2010-11-10,32.62022
2010-11-11,12.84292
2010-11-12,8.105101
2010-11-13,8.973508
2010-11-14,9.899532
2010-11-15,11.14496
2010-11-16,7.446675
2010-11-17,11.428095
2010-11-18,11.248635
2010-11-19,7.056642
2010-11-20,7.6728477
2010-11-21,4.9167595
2010-11-22,5.1247525
2010-11-23,5.091801
2010-11-24,6.6057754
2010-11-25,5.945931
2010-11-26,7.1532516
2010-11-27,6.5510383
2010-11-28,6.372079
2010-11-29,7.1647186
2010-11-30,4.145706
2010-12-01,3.85238
2010-12-02,4.2792263
2010-12-03,6.6429095
2010-12-04,10.238722
2010-12-05,24.896334
2010-12-06,9.524196
2010-12-07,7.6987205
2010-12-08,7.457394
2010-12-09,6.2120557
2010-12-10,5.007567
2010-12-11,4.4450517
2010-12-12,4.2927117
2010-12-13,4.5941033
2010-12-14,4.852354
2010-12-15,5.720622
2010-12-16,9.266772
2010-12-17,4.014827
2010-12-18,3.3031876
2010-12-19,4.1944113
2010-12-20,3.5262382
2010-12-21,3.8801632
2010-12-22,3.291331
2010-12-23,2.5932057
2010-12-24,3.1280296
2010-12-25,4.912694
2010-12-26,3.6093147
2010-12-27,4.8925767
2010-12-28,2.735925
2010-12-29,2.3505332
2010-12-30,2.414143
2010-12-31,2.1563451
2011-01-01,2.057121
2011-01-02,2.0141118
2011-01-03,2.0135472
2011-01-04,2.660694
2011-01-05,4.404633
2011-01-06,2.0512676
2011-01-07,1.8177798
2011-01-08,2.5683246
2011-01-09,3.3425045
2011-01-10,4.4517713
2011-01-11,1.8942655
2011-01-12,2.0100882
2011-01-13,1.7480502
2011-01-14,1.468558
2011-01-15,1.4858435
2011-01-16,1.4384125
2011-01-17,1.4667279
2011-01-18,1.4772153
2011-01-19,1.5249016
2011-01-20,1.2617137
2011-01-21,1.2028248
2011-01-22,1.1691461
2011-01-23,1.1324546
2011-01-24,1.1219412
2011-01-25,1.1182429
2011-01-26,1.0649483
2011-01-27,1.0197176
2011-01-28,0.996835
2011-01-29,0.9753248
2011-01-30,1.0430984
2011-01-31,0.91755784
2011-02-01,0.87362605
2011-02-02,0.8867653
2011-02-03,0.8135162
2011-02-04,0.7759173
2011-02-05,0.7496139
2011-02-06,0.7274468
2011-02-07,0.7223389
2011-02-08,0.7211993
2011-02-09,0.87807655
2011-02-10,1.2800443
2011-02-11,0.87866443
2011-02-12,0.7249667
2011-02-13,1.0830234
2011-02-14,1.1635883
2011-02-15,1.2590164
2011-02-16,0.7316663
2011-02-17,1.3159536
2011-02-18,1.0244974
2011-02-19,1.4578376
2011-02-20,6.2854495
2011-02-21,1.0866954
2011-02-22,0.54379666
2011-02-23,0.5339643
2011-02-24,0.517278
2011-02-25,2.8943331
2011-02-26,5.2987556
2011-02-27,3.4102783
2011-02-28,3.012843
2011-03-01,0.9965055
2011-03-02,1.5850319
2011-03-03,5.2840796
2011-03-04,5.9036636
2011-03-05,2.4508376
2011-03-06,0.87456447
2011-03-07,2.846514
2011-03-08,4.233164
2011-03-09,3.7688606
2011-03-10,4.5026283
2011-03-11,7.642442
2011-03-12,9.012681
2011-03-13,4.901291
2011-03-14,3.4953039
2011-03-15,2.584912
2011-03-16,2.8601136
2011-03-17,2.9105113
2011-03-18,2.8153884
2011-03-19,3.0560184
2011-03-20,2.985523
2011-03-21,3.0279112
2011-03-22,5.8430595
2011-03-23,3.7324343
2011-03-24,4.83057
2011-03-25,3.705908
2011-03-26,4.175669
2011-03-27,6.1081295
2011-03-28,4.3610406
2011-03-29,3.9159634
2011-03-30,3.7767155
2011-03-31,3.7436674
2011-04-01,4.986511
2011-04-02,4.0749564
2011-04-03,3.2947361
2011-04-04,4.2435565
2011-04-05,2.9043877
2011-04-06,2.5205145
2011-04-07,2.5328293
2011-04-08,3.151068
2011-04-09,5.147655
2011-04-10,3.411271
2011-04-11,11.6190195
2011-04-12,10.3624735
2011-04-13,4.9737854
2011-04-14,4.5907507
2011-04-15,3.4647443
2011-04-16,10.392208
2011-04-17,6.278075
2011-04-18,7.0125904
2011-04-19,6.4653006
2011-04-20,9.230709
2011-04-21,29.73706
2011-04-22,13.246587
2011-04-23,8.321148
2011-04-24,8.723892
2011-04-25,5.559857
2011-04-26,7.4052444
2011-04-27,5.3526535
2011-04-28,6.96365
2011-04-29,5.84885
2011-04-30,11.30683
2011-05-01,9.672715
2011-05-02,7.367116
2011-05-03,6.1729746
2011-05-04,20.028824
2011-05-05,6.243426
2011-05-06,7.2312746
2011-05-07,9.540237
2011-05-08,11.178901
2011-05-09,8.151116
2011-05-10,4.5979486
2011-05-11,6.538954
2011-05-12,7.528941
2011-05-13,10.053722
2011-05-14,10.121557
2011-05-15,56.538303
2011-05-16,12.695731
2011-05-17,55.909767
2011-05-18,19.061464
2011-05-19,72.00785
2011-05-20,94.35785
2011-05-21,37.707253
2011-05-22,19.187473
2011-05-23,15.274135
2011-05-24,14.2434845
2011-05-25,14.871654
2011-05-26,13.222239
2011-05-27,12.136339
2011-05-28,12.047189
2011-05-29,10.425092
2011-05-30,8.620868
2011-05-31,11.574396
2011-06-01,8.895819
2011-06-02,11.718164
2011-06-03,9.920814
2011-06-04,6.61016
2011-06-05,7.5590453
2011-06-06,7.4347515
2011-06-07,5.3538313
2011-06-08,5.309342
2011-06-09,6.5098963
2011-06-10,5.5278025
2011-06-11,5.1006956
2011-06-12,5.400456
2011-06-13,17.149403
2011-06-14,23.71294
2011-06-15,12.945039
2011-06-16,7.173894
2011-06-17,27.637934
2011-06-18,9.136517
2011-06-19,8.090284
2011-06-20,7.410287
2011-06-21,7.758308
2011-06-22,5.6678166
2011-06-23,6.513836
2011-06-24,9.4798
2011-06-25,5.40055
2011-06-26,16.596272
2011-06-27,9.005053
2011-06-28,23.555777
2011-06-29,8.570848
2011-06-30,9.510709
2011-07-01,8.623958
2011-07-02,9.056297
2011-07-03,6.258436
2011-07-04,5.9064174
2011-07-05,5.435994
2011-07-06,9.135648
2011-07-07,18.091007
2011-07-08,6.0095973
2011-07-09,5.5018864
2011-07-10,6.1238008
2011-07-11,8.043558
2011-07-12,8.677959
2011-07-13,7.566596
2011-07-14,7.037175
2011-07-15,6.4869967
2011-07-16,5.285075
2011-07-17,7.1651406
2011-07-18,4.406535
2011-07-19,4.360013
2011-07-20,5.2367907
2011-07-21,9.301637
2011-07-22,4.882291
2011-07-23,4.786518
2011-07-24,12.110967
2011-07-25,4.7785244
2011-07-26,3.8015904
2011-07-27,3.5603209
2011-07-28,4.3791213
2011-07-29,3.7122397
2011-07-30,5.7091775
2011-07-31,6.338786
2011-08-01,4.671139
2011-08-02,3.4568396
2011-08-03,4.5799394
2011-08-04,4.800724
2011-08-05,6.0506606
2011-08-06,4.9145064
2011-08-07,3.8244267
2011-08-08,6.26174
2011-08-09,4.167605
2011-08-10,4.412146
2011-08-11,2.7948978
2011-08-12,2.5458088
2011-08-13,2.4927611
2011-08-14,2.4294367
2011-08-15,2.4395127
2011-08-16,3.2910755
2011-08-17,3.2838445
2011-08-18,5.3103228
2011-08-19,3.199971
2011-08-20,3.860738
2011-08-21,3.0559204
2011-08-22,3.2986045
2011-08-23,5.1572766
2011-08-24,7.34871
2011-08-25,4.941269
2011-08-26,2.7257442
2011-08-27,3.3753784
2011-08-28,2.0181043
2011-08-29,3.7894087
2011-08-30,2.2162962
2011-08-31,1.8578221
2011-09-01,1.8619852
2011-09-02,1.7379351
2011-09-03,2.0763624
2011-09-04,2.7599645
2011-09-05,2.3593326
2011-09-06,1.7108254
2011-09-07,1.8717386
2011-09-08,1.6979507
2011-09-09,2.7375631
2011-09-10,2.6167648
2011-09-11,2.9053926
2011-09-12,1.838429
2011-09-13,1.4414653
2011-09-14,1.3953397
2011-09-15,1.8958818
2011-09-16,1.4180527
2011-09-17,1.6857105
2011-09-18,3.353735
2011-09-19,3.035021
2011-09-20,4.4396067
2011-09-21,3.0266197
2011-09-22,3.0648298
2011-09-23,1.7797965
2011-09-24,1.7404056
2011-09-25,2.68797
2011-09-26,3.883134
2011-09-27,1.5691057
2011-09-28,1.6431763
2011-09-29,1.5490516
2011-09-30,1.5412686
2011-10-01,1.7299932
2011-10-02,2.2766447
2011-10-03,2.0145404
2011-10-04,1.9243488
2011-10-05,3.2833586
2011-10-06,6.1536126
2011-10-07,3.527785
2011-10-08,2.7681298
2011-10-09,2.5228465
2011-10-10,2.2990887
2011-10-11,1.2276192
2011-10-12,1.7864037
2011-10-13,9.452763
2011-10-14,10.885105
2011-10-15,8.299151
2011-10-16,11.522032
2011-10-17,12.600979
2011-10-18,17.058313
2011-10-19,34.251152
2011-10-20,22.882908
2011-10-21,19.893068
2011-10-22,17.137917
2011-10-23,16.266527
2011-10-24,17.861094
2011-10-25,9.579438
2011-10-26,8.333748
2011-10-27,7.492325
2011-10-28,5.992164
2011-10-29,7.357727
2011-10-30,5.888263
2011-10-31,5.0812182
2011-11-01,3.8953807
2011-11-02,3.5778396
2011-11-03,4.040513
2011-11-04,3.4974267
2011-11-05,3.5492303
2011-11-06,3.3258407
2011-11-07,3.4425108
2011-11-08,3.057469
2011-11-09,4.0132294
2011-11-10,4.149116
2011-11-11,4.814495
2011-11-12,5.0223284
2011-11-13,5.7902575
2011-11-14,5.231409
2011-11-15,6.387905
2011-11-16,6.6231313
2011-11-17,4.3483925
2011-11-18,5.227217
2011-11-19,14.77634
2011-11-20,17.327139
2011-11-21,13.076189
2011-11-22,12.595017
2011-11-23,10.885249
2011-11-24,7.7937202
2011-11-25,6.3030877
2011-11-26,5.07339
2011-11-27,4.691958
2011-11-28,4.8615303
2011-11-29,5.8752627
2011-11-30,6.539369
2011-12-01,10.466653
2011-12-02,11.488507
2011-12-03,6.5004416
2011-12-04,6.218337
2011-12-05,4.4944406
2011-12-06,7.4674816
2011-12-07,9.33364
2011-12-08,8.084558
2011-12-09,3.9413068
2011-12-10,3.3400657
2011-12-11,3.482599
2011-12-12,5.3233156
2011-12-13,5.116061
2011-12-14,3.8537002
2011-12-15,5.1358666
2011-12-16,3.7935016
2011-12-17,3.6379814
2011-12-18,4.727889
2011-12-19,3.3131409
2011-12-20,4.426928
2011-12-21,3.329444
2011-12-22,2.6810532
2011-12-23,2.5968122
2011-12-24,3.3414078
2011-12-25,2.7037961
2011-12-26,2.4646397
2011-12-27,2.331748
2011-12-28,2.304063
2011-12-29,2.712666
2011-12-30,2.4651332
2011-12-31,2.397728
2012-01-01,2.1331112
2012-01-02,2.0945685
2012-01-03,1.904037
2012-01-04,2.7445977
2012-01-05,3.710045
2012-01-06,2.8026776
2012-01-07,2.9516695
2012-01-08,2.022661
2012-01-09,1.7673668
2012-01-10,1.7234414
2012-01-11,1.6017262
2012-01-12,1.6821979
2012-01-13,1.5165702
2012-01-14,1.3991213
2012-01-15,1.4084853
2012-01-16,1.3297791
2012-01-17,1.4741111
2012-01-18,1.4056934
2012-01-19,1.8019944
2012-01-20,2.0722194
2012-01-21,1.5889248
2012-01-22,1.1765777
2012-01-23,1.1098952
2012-01-24,1.0869993
2012-01-25,1.0979775
2012-01-26,1.9061403
2012-01-27,1.5046295
2012-01-28,1.0545975
2012-01-29,0.9823485
2012-01-30,1.0034869
2012-01-31,1.1040976
2012-02-01,0.95597166
2012-02-02,0.97022027
2012-02-03,0.8502945
2012-02-04,0.8039694
2012-02-05,0.75624776
2012-02-06,0.8227235
2012-02-07,2.14677
2012-02-08,0.9444713
2012-02-09,1.0412666
2012-02-10,1.2658536
2012-02-11,0.8767353
2012-02-12,1.3400575
2012-02-13,4.8514566
2012-02-14,1.7893715
2012-02-15,0.8426677
2012-02-16,0.8085063
2012-02-17,0.62965685
2012-02-18,0.60689044
2012-02-19,0.6732629
2012-02-20,0.94519126
2012-02-21,0.9710895
2012-02-22,0.5697303
2012-02-23,0.51813006
2012-02-24,0.51299393
2012-02-25,0.5153255
2012-02-26,0.5950081
2012-02-27,1.0888287
2012-02-28,0.6600975
2012-02-29,0.5401607
2012-03-01,0.60744554
2012-03-02,0.5529592
2012-03-03,0.4617194
2012-03-04,0.96268815
2012-03-05,0.9200366
2012-03-06,0.55246794
2012-03-07,0.5645012
2012-03-08,0.62267756
2012-03-09,0.48245654
2012-03-10,0.4979992
2012-03-11,1.511977
2012-03-12,0.7152422
2012-03-13,0.99617875
2012-03-14,0.79503846
2012-03-15,0.6446955
2012-03-16,0.48796782
2012-03-17,0.54185563
2012-03-18,0.87289894
2012-03-19,1.7795013
2012-03-20,2.5366187
2012-03-21,2.2405505
2012-03-22,1.1188452
2012-03-23,2.0274928
2012-03-24,2.376241
2012-03-25,3.9499483
2012-03-26,6.215377
2012-03-27,2.284904
2012-03-28,3.9802773
2012-03-29,3.402526
2012-03-30,2.8929877
2012-03-31,1.8088434
2012-04-01,2.7314944
2012-04-02,1.0973696
2012-04-03,1.4440439
2012-04-04,1.3191702
2012-04-05,3.2122917
2012-04-06,3.2844799
2012-04-07,4.5101786
2012-04-08,3.5009515
2012-04-09,3.5837896
2012-04-10,15.154062
2012-04-11,6.212493
2012-04-12,11.38738
2012-04-13,18.201866
2012-04-14,4.813109
2012-04-15,5.1059923
2012-04-16,8.522756
2012-04-17,16.858658
2012-04-18,6.4195633
2012-04-19,6.44223
2012-04-20,9.09755
2012-04-21,7.677886
2012-04-22,6.8825006
2012-04-23,7.4256053
2012-04-24,9.397024
2012-04-25,5.3968477
2012-04-26,5.2944293
2012-04-27,4.2819095
2012-04-28,3.412227
2012-04-29,5.194407
2012-04-30,4.6693826
2012-05-01,5.295721
2012-05-02,24.877953
2012-05-03,7.221829
2012-05-04,5.103346
2012-05-05,5.1145077
2012-05-06,5.35551
2012-05-07,3.853174
2012-05-08,6.330747
2012-05-09,4.73102
2012-05-10,4.166732
2012-05-11,3.4483583
2012-05-12,10.318144
2012-05-13,5.743903
2012-05-14,3.3618064
2012-05-15,2.7558656
2012-05-16,2.6719713
2012-05-17,3.4971929
2012-05-18,4.227698
2012-05-19,3.9767783
2012-05-20,7.4130816
2012-05-21,4.90372
2012-05-22,5.5057254
2012-05-23,3.9087975
2012-05-24,3.7315347
2012-05-25,4.5307174
2012-05-26,3.561558
2012-05-27,2.8477426
2012-05-28,3.060256
2012-05-29,3.0766149
2012-05-30,3.3601217
2012-05-31,2.2246556
2012-06-01,2.7921777
2012-06-02,2.3168066
2012-06-03,6.75027
2012-06-04,5.3610926
2012-06-05,2.5064478
2012-06-06,1.9822747
2012-06-07,2.1775806
2012-06-08,4.1903844
2012-06-09,7.8799706
2012-06-10,6.5405793
2012-06-11,16.93572
2012-06-12,7.2652297
2012-06-13,2.4757338
2012-06-14,3.5849009
2012-06-15,2.6168756
2012-06-16,5.1825686
2012-06-17,3.057148
2012-06-18,2.5116508
2012-06-19,4.39254
2012-06-20,2.3350866
2012-06-21,3.0365653
2012-06-22,1.9855869
2012-06-23,1.7799637
2012-06-24,1.8210843
2012-06-25,2.3375516
2012-06-26,6.963554
2012-06-27,2.4188485
2012-06-28,3.0016694
2012-06-29,3.189433
2012-06-30,2.4640076
2012-07-01,3.9125223
2012-07-02,3.5378532
2012-07-03,2.282174
2012-07-04,4.6132765
2012-07-05,2.5529943
2012-07-06,1.8295012
2012-07-07,3.1872947
2012-07-08,3.7379475
2012-07-09,3.3841147
2012-07-10,4.9955287
2012-07-11,9.459008
2012-07-12,4.39856
2012-07-13,2.4126742
2012-07-14,2.4555023
2012-07-15,4.8773136
2012-07-16,4.9226336
2012-07-17,2.3614433
2012-07-18,4.678771
2012-07-19,6.774337
2012-07-20,4.244674
2012-07-21,3.3928096
2012-07-22,3.3858173
2012-07-23,4.372961
2012-07-24,5.407468
2012-07-25,5.313948
2012-07-26,2.853712
2012-07-27,3.7008014
2012-07-28,3.8554487
2012-07-29,6.531944
2012-07-30,4.247709
2012-07-31,5.6137476
2012-08-01,3.8913362
2012-08-02,2.7919152
2012-08-03,2.5304961
2012-08-04,2.8522017
2012-08-05,4.5288057
2012-08-06,4.849858
2012-08-07,2.882298
2012-08-08,3.0982819
2012-08-09,2.5069697
2012-08-10,2.5691583
2012-08-11,2.2905204
2012-08-12,2.2457068
2012-08-13,4.220554
2012-08-14,4.3077035
2012-08-15,5.045743
2012-08-16,2.3842537
2012-08-17,3.6450343
2012-08-18,4.6688547
2012-08-19,2.7307472
2012-08-20,2.176402
2012-08-21,5.0021687
2012-08-22,2.717659
2012-08-23,2.3613188
2012-08-24,2.38668
2012-08-25,2.6250565
2012-08-26,3.6655118
2012-08-27,2.1765172
2012-08-28,1.985481
2012-08-29,2.2532277
2012-08-30,1.9603975
2012-08-31,1.8240848
2012-09-01,2.1226225
2012-09-02,1.8314574
2012-09-03,1.7543098
2012-09-04,1.7997509
2012-09-05,1.6999729
2012-09-06,1.8963175
2012-09-07,2.11642
2012-09-08,2.566864
2012-09-09,3.691388
2012-09-10,1.9864303
2012-09-11,1.675388
2012-09-12,2.70792
2012-09-13,1.5146239
2012-09-14,1.5336834
2012-09-15,1.3527405
2012-09-16,1.4838591
2012-09-17,1.3083246
2012-09-18,2.4621089
2012-09-19,1.808966
2012-09-20,1.4795868
2012-09-21,1.3034807
2012-09-22,1.6356485
2012-09-23,1.2382046
2012-09-24,2.060455
2012-09-25,1.9487948
2012-09-26,1.5871837
2012-09-27,1.7569289
2012-09-28,3.236408
2012-09-29,2.5359845
2012-09-30,2.0271618
2012-10-01,3.1035707
2012-10-02,1.951114
2012-10-03,1.6809698
2012-10-04,1.0846941
2012-10-05,1.0863894
2012-10-06,2.2699292
2012-10-07,18.416569
2012-10-08,3.018652
2012-10-09,1.316235
2012-10-10,1.0019025
2012-10-11,1.1004144
2012-10-12,1.9891763
2012-10-13,7.108819
2012-10-14,8.323981
2012-10-15,4.8507023
2012-10-16,3.295986
2012-10-17,16.963833
2012-10-18,17.620638
2012-10-19,7.322487
2012-10-20,3.1004875
2012-10-21,7.8320675
2012-10-22,9.000273
2012-10-23,7.3222632
2012-10-24,6.141506
2012-10-25,3.9224062
2012-10-26,3.629986
2012-10-27,4.3435545
2012-10-28,3.631711
2012-10-29,3.239178
2012-10-30,4.8611836
2012-10-31,3.7069988
2012-11-01,3.6986299
2012-11-02,2.955642
2012-11-03,3.3692856
2012-11-04,2.5346248
2012-11-05,3.109636
2012-11-06,2.5063374
2012-11-07,2.8399792
2012-11-08,2.088827
2012-11-09,1.9906427
2012-11-10,2.0693324
2012-11-11,2.0380633
2012-11-12,1.815578
2012-11-13,2.0864425
2012-11-14,2.8201082
2012-11-15,4.055372
2012-11-16,4.646501
2012-11-17,5.9656916
2012-11-18,4.341001
2012-11-19,2.4282966
2012-11-20,1.5972266
2012-11-21,1.4214771
2012-11-22,1.3416663
2012-11-23,1.3441424
2012-11-24,1.3224944
2012-11-25,1.3151952
2012-11-26,1.212558
2012-11-27,1.2833647
2012-11-28,1.2458413
2012-11-29,1.2262998
2012-11-30,1.4630803
2012-12-01,2.1977131
2012-12-02,3.7161548
2012-12-03,3.5985813
2012-12-04,3.8947082
2012-12-05,2.7808764
2012-12-06,4.300324
2012-12-07,4.881747
2012-12-08,3.2249782
2012-12-09,1.2715952
2012-12-10,1.0377185
2012-12-11,1.0696275
2012-12-12,1.105799
2012-12-13,1.5907581
2012-12-14,1.4040399
2012-12-15,3.2071402
2012-12-16,6.9121137
2012-12-17,3.432084
2012-12-18,1.3865817
2012-12-19,1.3018155
2012-12-20,1.2770871
2012-12-21,1.2774104
2012-12-22,1.2320746
2012-12-23,1.326621
2012-12-24,1.9451308
2012-12-25,2.5596292
2012-12-26,2.893439
2012-12-27,1.8289703
2012-12-28,1.890953
2012-12-29,1.1575406
2012-12-30,1.0762423
2012-12-31,1.0595723
2013-01-01,1.0577421
2013-01-02,1.0240889
2013-01-03,1.026935
2013-01-04,0.9974835
2013-01-05,0.98035806
2013-01-06,0.9665617
2013-01-07,0.9507898
2013-01-08,0.93359435
2013-01-09,0.9161944
2013-01-10,0.89798146
2013-01-11,0.8788608
2013-01-12,0.8645074
2013-01-13,0.85610384
2013-01-14,0.87180847
2013-01-15,0.8534347
2013-01-16,0.84806633
2013-01-17,0.82855344
2013-01-18,0.82486933
2013-01-19,0.8410285
2013-01-20,0.7873745
2013-01-21,0.7588657
2013-01-22,0.7785659
2013-01-23,0.8692096
2013-01-24,0.85017866
2013-01-25,1.0539292
2013-01-26,0.74368846
2013-01-27,0.66669273
2013-01-28,0.6438007
2013-01-29,0.614157
2013-01-30,0.64584315
2013-01-31,0.6521917
2013-02-01,0.7126386
2013-02-02,0.6395114
2013-02-03,0.5710099
2013-02-04,0.53129774
2013-02-05,0.54571325
2013-02-06,1.4403642
2013-02-07,0.7131836
2013-02-08,0.6622572
2013-02-09,1.1511747
2013-02-10,2.125556
2013-02-11,1.4678117
2013-02-12,0.7228998
2013-02-13,0.7427203
2013-02-14,0.6736323
2013-02-15,0.4828149
2013-02-16,0.51508677
2013-02-17,0.6293107
2013-02-18,1.3660756
2013-02-19,0.6186642
2013-02-20,0.54370403
2013-02-21,0.50578463
2013-02-22,0.4713929
2013-02-23,0.42731246
2013-02-24,0.46493638
2013-02-25,0.8954678
2013-02-26,0.6113299
2013-02-27,0.49948967
2013-02-28,0.6145131
2013-03-01,0.8672904
2013-03-02,1.3439498
2013-03-03,0.6393611
2013-03-04,0.48141488
2013-03-05,1.1990126
2013-03-06,0.6562273
2013-03-07,4.5568094
2013-03-08,1.280818
2013-03-09,0.41925156
2013-03-10,0.39123657
2013-03-11,1.347598
2013-03-12,0.8176846
2013-03-13,1.815756
2013-03-14,1.1539105
2013-03-15,0.75363463
2013-03-16,0.47357982
2013-03-17,0.8849454
2013-03-18,2.3901076
2013-03-19,3.2479508
2013-03-20,3.9758885
2013-03-21,1.227754
2013-03-22,3.4955494
2013-03-23,0.8555283
2013-03-24,1.493886
2013-03-25,0.76664907
2013-03-26,0.7715613
2013-03-27,0.6880507
2013-03-28,0.42331228
2013-03-29,0.99193543
2013-03-30,1.8304456
2013-03-31,3.5505924
2013-04-01,1.3607274
2013-04-02,0.48896715
2013-04-03,0.68171406
2013-04-04,0.59291244
2013-04-05,0.68721443
2013-04-06,0.8040326
2013-04-07,0.74056816
2013-04-08,0.6392195
2013-04-09,0.9522794
2013-04-10,0.63534373
2013-04-11,0.7261426
2013-04-12,0.56629455
2013-04-13,0.67845744
2013-04-14,1.3119553
2013-04-15,2.1114764
2013-04-16,2.178331
2013-04-17,3.1718001
2013-04-18,3.6810505
2013-04-19,4.7941923
2013-04-20,6.20159
2013-04-21,4.6872354
2013-04-22,5.7573895
2013-04-23,7.8013973
2013-04-24,28.878069
2013-04-25,8.280466
2013-04-26,2.4504995
2013-04-27,1.7304083
2013-04-28,2.048601
2013-04-29,7.7381053
2013-04-30,10.301073
2013-05-01,6.330725
2013-05-02,3.987408
2013-05-03,5.39622
2013-05-04,4.7441053
2013-05-05,17.080053
2013-05-06,53.156044
2013-05-07,16.094799
2013-05-08,15.4336605
2013-05-09,11.234675
2013-05-10,10.942494
2013-05-11,7.6661687
2013-05-12,6.027765
2013-05-13,5.2277985
2013-05-14,4.897683
2013-05-15,6.919577
2013-05-16,6.234455
2013-05-17,6.5554876
2013-05-18,6.5478864
2013-05-19,4.5453844
2013-05-20,7.229919
2013-05-21,19.152025
2013-05-22,10.65215
2013-05-23,7.7319636
2013-05-24,9.699298
2013-05-25,4.4222236
2013-05-26,3.2891176
2013-05-27,3.8920557
2013-05-28,3.4585254
2013-05-29,4.9744086
2013-05-30,3.880289
2013-05-31,5.6190743
2013-06-01,4.324322
2013-06-02,5.8574486
2013-06-03,6.710817
2013-06-04,5.508172
2013-06-05,5.3591714
2013-06-06,4.61792
2013-06-07,5.644112
2013-06-08,4.6228004
2013-06-09,5.046933
2013-06-10,8.66366
2013-06-11,8.536692
2013-06-12,4.7111206
2013-06-13,6.2792296
2013-06-14,8.609402
2013-06-15,4.637586
2013-06-16,3.3154845
2013-06-17,4.6011376
2013-06-18,4.6866107
2013-06-19,4.1493225
2013-06-20,4.1544633
2013-06-21,3.1658053
2013-06-22,3.339085
2013-06-23,2.5441036
2013-06-24,4.0519834
2013-06-25,4.9257345
2013-06-26,7.301423
2013-06-27,3.4389307
2013-06-28,5.0147557
2013-06-29,2.6606262
2013-06-30,2.9549417
2013-07-01,4.7289796
2013-07-02,5.386441
2013-07-03,2.899699
2013-07-04,2.329843
2013-07-05,2.2411423
2013-07-06,3.1495535
2013-07-07,3.498335
2013-07-08,4.261852
2013-07-09,7.3435817
2013-07-10,9.667274
2013-07-11,3.7233813
2013-07-12,3.0117319
2013-07-13,2.386661
2013-07-14,2.2243655
2013-07-15,2.6438072
2013-07-16,20.501806
2013-07-17,5.563213
2013-07-18,3.5104573
2013-07-19,2.5549033
2013-07-20,6.579672
2013-07-21,6.2500973
2013-07-22,3.3103733
2013-07-23,3.7017934
2013-07-24,4.007378
2013-07-25,6.6621027
2013-07-26,8.814669
2013-07-27,16.470749
2013-07-28,5.3003435
2013-07-29,4.3826566
2013-07-30,3.942044
2013-07-31,4.1652465
2013-08-01,4.4718256
2013-08-02,3.7761626
2013-08-03,5.6537695
2013-08-04,5.6593504
2013-08-05,3.9885542
2013-08-06,4.115324
2013-08-07,4.161469
2013-08-08,5.6959743
2013-08-09,4.171046
2013-08-10,5.2794642
2013-08-11,5.6607976
2013-08-12,5.6468997
2013-08-13,4.9965568
2013-08-14,4.130441
2013-08-15,7.0481215
2013-08-16,4.8520894
2013-08-17,5.168953
2013-08-18,7.859032
2013-08-19,4.2432785
2013-08-20,2.8434672
2013-08-21,4.1330533
2013-08-22,3.4953973
2013-08-23,3.8404078
2013-08-24,3.1929169
2013-08-25,3.089976
2013-08-26,8.25501
2013-08-27,5.2321515
2013-08-28,2.7336528
2013-08-29,2.779377
2013-08-30,3.409323
2013-08-31,3.0575264
2013-09-01,2.5163054
2013-09-02,2.3944314
2013-09-03,2.480976
2013-09-04,2.9060767
2013-09-05,4.1226573
2013-09-06,3.4744701
2013-09-07,2.463784
2013-09-08,3.8532104
2013-09-09,3.7672434
2013-09-10,3.429925
2013-09-11,3.0048254
2013-09-12,3.5955565
2013-09-13,2.2763777
2013-09-14,2.5489395
2013-09-15,2.884706
2013-09-16,2.3608534
2013-09-17,2.4451196
2013-09-18,3.1257267
2013-09-19,2.0078473
2013-09-20,3.4558153
2013-09-21,1.814017
2013-09-22,2.008336
2013-09-23,2.906777
2013-09-24,1.6648787
2013-09-25,1.7675886
2013-09-26,3.140477
2013-09-27,3.401122
2013-09-28,1.8041052
2013-09-29,2.1487725
2013-09-30,2.488111
2013-10-01,2.2744098
2013-10-02,2.4025083
2013-10-03,2.7833107
2013-10-04,1.5587674
2013-10-05,2.2309337
2013-10-06,1.3659368
2013-10-07,1.2155669
2013-10-08,1.5707896
2013-10-09,1.559021
2013-10-10,1.6407598
2013-10-11,1.7454911
2013-10-12,1.3446623
2013-10-13,2.1637692
2013-10-14,2.5170817
2013-10-15,2.0021174
2013-10-16,1.2015188
2013-10-17,8.807285
2013-10-18,2.02432
2013-10-19,1.3021568
2013-10-20,1.0453093
2013-10-21,1.428518
2013-10-22,1.1987208
2013-10-23,3.010315
2013-10-24,4.2517214
2013-10-25,1.5697534
2013-10-26,0.90563047
2013-10-27,0.9313667
2013-10-28,1.4920703
2013-10-29,1.2903452
2013-10-30,1.5944109
2013-10-31,1.9033715
2013-11-01,6.898232
2013-11-02,7.475507
2013-11-03,6.423634
2013-11-04,10.871786
2013-11-05,41.161125
2013-11-06,8.996434
2013-11-07,6.635249
2013-11-08,11.9105835
2013-11-09,9.4351425
2013-11-10,8.359896
2013-11-11,7.127197
2013-11-12,8.5691805
2013-11-13,6.3749685
2013-11-14,5.3675504
2013-11-15,5.975746
2013-11-16,6.1030045
2013-11-17,4.4658623
2013-11-18,3.519484
2013-11-19,8.266851
2013-11-20,11.063667
2013-11-21,6.834075
2013-11-22,3.4217544
2013-11-23,3.138825
2013-11-24,2.771156
2013-11-25,4.7661314
2013-11-26,3.7989573
2013-11-27,5.2377343
2013-11-28,5.463207
2013-11-29,9.776797
2013-11-30,4.932112
2013-12-01,5.4391255
2013-12-02,3.7134173
2013-12-03,3.7179854
2013-12-04,4.4724674
2013-12-05,4.029801
2013-12-06,3.276182
2013-12-07,2.928003
2013-12-08,3.2970357
2013-12-09,3.240557
2013-12-10,2.5810468
2013-12-11,2.4288032
2013-12-12,2.4023774
2013-12-13,3.1268122
2013-12-14,2.7312627
2013-12-15,2.076835
2013-12-16,2.0125837
2013-12-17,2.0083752
2013-12-18,1.8229213
2013-12-19,2.102565
2013-12-20,2.0676253
2013-12-21,1.9229696
2013-12-22,1.6495327
2013-12-23,1.569582
2013-12-24,1.7294954
2013-12-25,1.6192992
2013-12-26,1.4825925
2013-12-27,1.3944596
2013-12-28,1.3440474
2013-12-29,1.273021
2013-12-30,1.2605183
2013-12-31,1.2220829
2014-01-01,1.1823905
2014-01-02,1.1721249
2014-01-03,1.112936
2014-01-04,1.0839022
2014-01-05,1.0986582
2014-01-06,1.1084795
2014-01-07,1.2077341
2014-01-08,1.2473788
2014-01-09,1.0170846
2014-01-10,0.998615
2014-01-11,0.8904925
2014-01-12,0.81936246
2014-01-13,0.78919756
2014-01-14,0.7882732
2014-01-15,0.75136167
2014-01-16,0.729316
2014-01-17,0.76461816
2014-01-18,0.72140384
2014-01-19,0.71396935
2014-01-20,0.94131446
2014-01-21,0.7316919
2014-01-22,0.7067882
2014-01-23,0.61441517
2014-01-24,0.59013313
2014-01-25,0.57466507
2014-01-26,0.66215086
2014-01-27,0.91307503
2014-01-28,0.59089464
2014-01-29,0.55529696
2014-01-30,0.534302
2014-01-31,0.5050551
2014-02-01,0.4841224
2014-02-02,0.4610609
2014-02-03,0.46306038
2014-02-04,0.5078175
2014-02-05,0.5235919
2014-02-06,0.5872642
2014-02-07,0.5500265
2014-02-08,0.45457825
2014-02-09,0.43970746
2014-02-10,0.42905226
2014-02-11,0.38434604
2014-02-12,0.40587482
2014-02-13,0.55228823
2014-02-14,0.4110814
2014-02-15,0.35961023
2014-02-16,0.33819756
2014-02-17,0.3204826
2014-02-18,0.31610072
2014-02-19,0.31178036
2014-02-20,0.3400583
2014-02-21,0.30531007
2014-02-22,0.34216353
2014-02-23,0.3046524
2014-02-24,0.3251108
2014-02-25,0.34522566
2014-02-26,0.42362246
2014-02-27,0.41313255
2014-02-28,0.5037426
2014-03-01,1.7471099
2014-03-02,1.933646
2014-03-03,2.6333308
2014-03-04,0.8623183
2014-03-05,0.32814017
2014-03-06,0.3457964
2014-03-07,0.7384982
2014-03-08,1.2654363
2014-03-09,1.2917486
2014-03-10,4.4194593
2014-03-11,1.8102485
2014-03-12,0.3632156
2014-03-13,0.30389398
2014-03-14,1.991619
2014-03-15,1.345415
2014-03-16,1.7527922
2014-03-17,2.006138
2014-03-18,0.39618814
2014-03-19,0.27697465
2014-03-20,0.28747636
2014-03-21,0.23809525
2014-03-22,0.21542631
2014-03-23,0.22551171
2014-03-24,1.015036
2014-03-25,2.1459534
2014-03-26,3.4536219
2014-03-27,4.595135
2014-03-28,0.835225
2014-03-29,0.31663862
2014-03-30,0.2229267
2014-03-31,0.19628783
2014-04-01,0.20417348
2014-04-02,0.19656673
2014-04-03,0.27675015
2014-04-04,0.78056836
2014-04-05,1.3230518
2014-04-06,5.1011863
2014-04-07,1.3821925
2014-04-08,1.2625064
2014-04-09,1.0862023
2014-04-10,0.33186236
2014-04-11,0.28210998
2014-04-12,0.24147062
2014-04-13,0.21884993
2014-04-14,0.26882237
2014-04-15,0.58671135
2014-04-16,17.227762
2014-04-17,3.1598773
2014-04-18,4.3641663
2014-04-19,2.5576725
2014-04-20,3.688531
2014-04-21,1.3989867
2014-04-22,3.9811485
2014-04-23,1.4176555
2014-04-24,5.597471
2014-04-25,5.2583995
2014-04-26,1.9855907
2014-04-27,2.8342373
2014-04-28,3.3219206
2014-04-29,3.6687105
2014-04-30,3.7026303
2014-05-01,2.840375
2014-05-02,2.1386864
2014-05-03,2.142898
2014-05-04,0.9792315
2014-05-05,1.6736249
2014-05-06,4.1343374
2014-05-07,2.5413768
2014-05-08,2.3082309
2014-05-09,3.9056735
2014-05-10,13.123369
2014-05-11,15.650482
2014-05-12,9.677679
2014-05-13,4.842611
2014-05-14,4.039649
2014-05-15,4.6670103
2014-05-16,4.5094957
2014-05-17,4.380032
2014-05-18,4.3620806
2014-05-19,4.643457
2014-05-20,3.8147728
2014-05-21,4.0857086
2014-05-22,3.2249336
2014-05-23,3.954353
2014-05-24,2.4563684
2014-05-25,2.0606418
2014-05-26,1.9457978
2014-05-27,1.9751221
2014-05-28,5.264813
2014-05-29,4.580089
2014-05-30,3.419783
2014-05-31,3.1182616
2014-06-01,2.475355
2014-06-02,2.6245415
2014-06-03,3.2696164
2014-06-04,3.6780717
2014-06-05,2.4849284
2014-06-06,2.3186414
2014-06-07,2.9209235
2014-06-08,3.249731
2014-06-09,4.2232275
2014-06-10,2.3079991
2014-06-11,2.5573988
2014-06-12,2.124927
2014-06-13,2.1023767
2014-06-14,4.7536583
2014-06-15,12.02078
2014-06-16,6.706055
2014-06-17,3.1341953
2014-06-18,13.0813
2014-06-19,6.5471034
2014-06-20,9.100258
2014-06-21,7.9368477
2014-06-22,3.1135926
2014-06-23,3.1013272
2014-06-24,6.0790815
2014-06-25,5.245397
2014-06-26,8.564986
2014-06-27,3.937033
2014-06-28,2.1981466
2014-06-29,4.665142
2014-06-30,4.652012
2014-07-01,16.597767
2014-07-02,6.4481883
2014-07-03,10.409733
2014-07-04,3.399944
2014-07-05,3.81204
2014-07-06,3.436368
2014-07-07,3.3530462
2014-07-08,7.620178
2014-07-09,9.468865
2014-07-10,3.2843442
2014-07-11,3.1448665
2014-07-12,4.2118998
2014-07-13,14.775074
2014-07-14,11.252754
2014-07-15,3.7727616
2014-07-16,2.4423172
2014-07-17,3.6922054
2014-07-18,4.0260787
2014-07-19,5.1059885
2014-07-20,4.3893027
2014-07-21,3.738085
2014-07-22,2.5351758
2014-07-23,5.1150413
2014-07-24,3.0967224
2014-07-25,2.7750356
2014-07-26,2.3038661
2014-07-27,2.4940617
2014-07-28,3.8627648
2014-07-29,2.7939146
2014-07-30,3.556083
2014-07-31,4.680506
2014-08-01,2.128476
2014-08-02,2.5475752
2014-08-03,3.4068596
2014-08-04,2.1508691
2014-08-05,2.1720204
2014-08-06,2.9506407
2014-08-07,4.1723666
2014-08-08,3.0419493
2014-08-09,1.7425479
2014-08-10,2.153157
2014-08-11,4.0757055
2014-08-12,3.162459
2014-08-13,3.0876582
2014-08-14,2.3337243
2014-08-15,2.7474375
2014-08-16,1.7377154
2014-08-17,2.4975982
2014-08-18,6.36099
2014-08-19,6.6854763
2014-08-20,2.5910952
2014-08-21,1.4081547
2014-08-22,1.3314818
2014-08-23,1.3568025
2014-08-24,1.3774283
2014-08-25,2.5423644
2014-08-26,2.783043
2014-08-27,5.6563616
2014-08-28,3.1576307
2014-08-29,2.3383298
2014-08-30,2.1155179
2014-08-31,1.3484031
2014-09-01,1.2139714
2014-09-02,1.4386985
2014-09-03,1.4778372
2014-09-04,1.6800272
2014-09-05,1.6293925
2014-09-06,1.2389235
2014-09-07,1.6881912
2014-09-08,1.330016
2014-09-09,1.2893102
2014-09-10,2.2933981
2014-09-11,2.2054284
2014-09-12,2.7893052
2014-09-13,3.8125832
2014-09-14,3.5881164
2014-09-15,1.7004877
2014-09-16,2.219474
2014-09-17,1.2978137
2014-09-18,1.677714
2014-09-19,2.3988707
2014-09-20,2.5319824
2014-09-21,2.5504887
2014-09-22,2.3182092
2014-09-23,1.5603148
2014-09-24,1.9612477
2014-09-25,1.7512463
2014-09-26,1.0728401
2014-09-27,1.2202747
2014-09-28,1.6352226
2014-09-29,1.0206131
2014-09-30,0.85157126
2014-10-01,0.84337914
2014-10-02,1.1435584
2014-10-03,0.8482446
2014-10-04,0.82956415
2014-10-05,1.557493
2014-10-06,2.0721142
2014-10-07,2.8957996
2014-10-08,1.2637408
2014-10-09,2.1190248
2014-10-10,1.6480644
2014-10-11,15.171023
2014-10-12,8.061293
2014-10-13,1.4749737
2014-10-14,1.1070893
2014-10-15,1.0108843
2014-10-16,1.2886972
2014-10-17,2.0202384
2014-10-18,3.4564555
2014-10-19,2.2377405
2014-10-20,1.9020084
2014-10-21,1.5327188
2014-10-22,0.98883593
2014-10-23,2.5179503
2014-10-24,1.4410851
2014-10-25,1.7878281
2014-10-26,4.2441444
2014-10-27,6.6190677
2014-10-28,4.4159436
2014-10-29,3.7980006
2014-10-30,2.2942095
2014-10-31,1.5121541
2014-11-01,2.3492467
2014-11-02,2.7896032
2014-11-03,1.3212771
2014-11-04,0.9333087
2014-11-05,1.167097
2014-11-06,1.6562606
2014-11-07,2.3019938
2014-11-08,3.8045256
2014-11-09,2.7055042
2014-11-10,2.2650368
2014-11-11,1.850232
2014-11-12,5.5583487
2014-11-13,11.839182
2014-11-14,14.230026
2014-11-15,37.55092
2014-11-16,18.047625
2014-11-17,9.656781
2014-11-18,4.4225802
2014-11-19,5.391568
2014-11-20,7.9019504
2014-11-21,6.717112
2014-11-22,7.1934724
2014-11-23,6.1069727
2014-11-24,5.4738092
2014-11-25,3.7023375
2014-11-26,3.4116488
2014-11-27,3.386074
2014-11-28,3.382376
2014-11-29,3.0240104
2014-11-30,3.088959
2014-12-01,2.6441967
2014-12-02,2.8050244
2014-12-03,2.4205365
2014-12-04,2.2226863
2014-12-05,2.1439393
2014-12-06,2.3594344
2014-12-07,4.2465806
2014-12-08,2.6924424
2014-12-09,2.2652364
2014-12-10,3.6064332
2014-12-11,2.2028885
2014-12-12,3.184735
2014-12-13,2.3565078
2014-12-14,2.7428887
2014-12-15,3.6312523
2014-12-16,4.710327
2014-12-17,2.9409459
2014-12-18,1.5662065
2014-12-19,1.4181914
2014-12-20,1.4645092
2014-12-21,1.8498877
2014-12-22,1.5245595
2014-12-23,1.3216003
2014-12-24,1.2536824
2014-12-25,1.2308463
2014-12-26,1.2022263
2014-12-27,1.1681529
2014-12-28,1.1353501
2014-12-29,1.1405506
2014-12-30,1.0853075
2014-12-31,1.1071421
2015-01-01,1.1182141
2015-01-02,1.1302403
2015-01-03,1.0783535
2015-01-04,1.048479
2015-01-05,1.025463
2015-01-06,0.9956719
2015-01-07,0.96832323
2015-01-08,0.9408687
2015-01-09,0.9182647
2015-01-10,0.9310874
2015-01-11,0.89825886
2015-01-12,1.1636813
2015-01-13,0.901416
2015-01-14,0.84539247
2015-01-15,0.8840736
2015-01-16,0.8461561
2015-01-17,0.9736975
2015-01-18,1.1021831
2015-01-19,1.2818459
2015-01-20,0.92821765
2015-01-21,0.97362703
2015-01-22,0.8745794
2015-01-23,0.92052144
2015-01-24,1.9451432
2015-01-25,2.101901
2015-01-26,1.6620072
2015-01-27,0.7204073
2015-01-28,0.64104
2015-01-29,0.6125198
2015-01-30,0.57996243
2015-01-31,0.5889139
2015-02-01,0.8051608
2015-02-02,1.3202317
2015-02-03,1.6682646
2015-02-04,0.7659949
2015-02-05,0.6037343
2015-02-06,0.53253925
2015-02-07,0.60238117
2015-02-08,0.5691882
2015-02-09,0.91398716
2015-02-10,0.7433909
2015-02-11,0.60221744
2015-02-12,0.5403143
2015-02-13,0.95506454
2015-02-14,1.9626374
2015-02-15,1.3117439
2015-02-16,0.72805935
2015-02-17,0.53478795
2015-02-18,0.4339649
2015-02-19,0.42075446
2015-02-20,0.45073977
2015-02-21,0.7306451
2015-02-22,0.44296476
2015-02-23,0.3960495
2015-02-24,0.3953056
2015-02-25,0.43963826
2015-02-26,0.4952621
2015-02-27,0.4506524
2015-02-28,0.41547656
2015-03-01,0.41610217
2015-03-02,0.63576585
2015-03-03,0.38419297
2015-03-04,0.38764098
2015-03-05,0.36442995
2015-03-06,0.3698802
2015-03-07,0.4231034
2015-03-08,0.4075157
2015-03-09,0.3984781
2015-03-10,0.3231788
2015-03-11,0.3900027
2015-03-12,0.35353258
2015-03-13,0.36836135
2015-03-14,0.42994362
2015-03-15,0.3770546
2015-03-16,0.3170031
2015-03-17,0.352097
2015-03-18,0.60372674
2015-03-19,0.90978163
2015-03-20,3.4415631
2015-03-21,3.93621
2015-03-22,26.381193
2015-03-23,5.498662
2015-03-24,8.619175
2015-03-25,1.731601
2015-03-26,0.47958294
2015-03-27,0.32273614
2015-03-28,0.2871563
2015-03-29,0.76595134
2015-03-30,1.0453359
2015-03-31,0.47978535
2015-04-01,0.71047294
2015-04-02,1.0355053
2015-04-03,3.9011593
2015-04-04,3.9670565
2015-04-05,1.5186648
2015-04-06,0.6337437
2015-04-07,0.39349464
2015-04-08,0.8643624
2015-04-09,1.2650934
2015-04-10,1.2784489
2015-04-11,0.58798283
2015-04-12,1.1804239
2015-04-13,2.4104037
2015-04-14,2.3822327
2015-04-15,3.437891
2015-04-16,1.0685388
2015-04-17,0.71921736
2015-04-18,2.9600596
2015-04-19,1.8406297
2015-04-20,1.3351142
2015-04-21,4.963442
2015-04-22,3.051262
2015-04-23,0.8746144
2015-04-24,1.2616572
2015-04-25,2.3238392
2015-04-26,6.2853446
2015-04-27,2.3026388
2015-04-28,1.7474041
2015-04-29,1.4970422
2015-04-30,1.0217581
2015-05-01,1.7893498
2015-05-02,2.1098876
2015-05-03,1.3459179
2015-05-04,1.1491764
2015-05-05,0.9127315
2015-05-06,0.9020202
2015-05-07,1.2904516
2015-05-08,2.803766
2015-05-09,5.092056
2015-05-10,2.6634002
2015-05-11,1.3524318
2015-05-12,0.9645365
2015-05-13,1.0481329
2015-05-14,1.2227372
2015-05-15,3.344887
2015-05-16,1.9987774
2015-05-17,2.1284964
2015-05-18,1.9596008
2015-05-19,8.690771
2015-05-20,2.6558242
2015-05-21,4.98468
2015-05-22,7.7418985
2015-05-23,5.187225
2015-05-24,2.806766
2015-05-25,1.6303043
2015-05-26,3.204935
2015-05-27,2.421779
2015-05-28,2.6043005
2015-05-29,2.64986
2015-05-30,6.194416
2015-05-31,2.6068618
2015-06-01,2.8542504
2015-06-02,3.5476172
2015-06-03,3.143534
2015-06-04,13.30108
2015-06-05,4.1170316
2015-06-06,3.4448817
2015-06-07,1.6893477
2015-06-08,11.062269
2015-06-09,5.981222
2015-06-10,3.6938887
2015-06-11,2.191469
2015-06-12,2.6926398
2015-06-13,1.7924349
2015-06-14,3.122755
2015-06-15,3.7922978
2015-06-16,3.376861
2015-06-17,3.1970575
2015-06-18,2.3948753
2015-06-19,2.6673596
2015-06-20,6.0440125
2015-06-21,3.6385305
2015-06-22,14.5670395
2015-06-23,12.904132
2015-06-24,7.0772886
2015-06-25,3.6205823
2015-06-26,18.923758
2015-06-27,6.8686123
2015-06-28,12.144756
2015-06-29,10.26914
2015-06-30,4.441153
2015-07-01,3.6753695
2015-07-02,6.2796926
2015-07-03,4.317586
2015-07-04,3.6431274
2015-07-05,3.386211
2015-07-06,3.9867306
2015-07-07,4.0054846
2015-07-08,4.5899014
2015-07-09,4.57885
2015-07-10,3.5912285
2015-07-11,4.0598664
2015-07-12,3.342332
2015-07-13,5.4225183
2015-07-14,2.9399042
2015-07-15,5.173531
2015-07-16,7.75422
2015-07-17,3.509305
2015-07-18,2.7549887
2015-07-19,6.591467
2015-07-20,8.697296
2015-07-21,12.450161
2015-07-22,7.157336
2015-07-23,14.301995
2015-07-24,4.636965
2015-07-25,5.415165
2015-07-26,3.8551004
2015-07-27,3.894211
2015-07-28,22.556097
2015-07-29,6.613415
2015-07-30,7.7052116
2015-07-31,31.143728
2015-08-01,15.805496
2015-08-02,9.666978
2015-08-03,8.205782
2015-08-04,6.88237
2015-08-05,8.5188875
2015-08-06,6.195903
2015-08-07,6.912649
2015-08-08,6.263268
2015-08-09,7.0266337
2015-08-10,4.7952347
2015-08-11,4.066288
2015-08-12,3.8342128
2015-08-13,3.6939504
2015-08-14,4.437601
2015-08-15,5.3435926
2015-08-16,4.717667
2015-08-17,5.007768
2015-08-18,3.5464802
2015-08-19,4.4671974
2015-08-20,11.211482
2015-08-21,5.823864
2015-08-22,3.0496166
2015-08-23,2.949677
2015-08-24,4.4151225
2015-08-25,5.395443
2015-08-26,2.9486823
2015-08-27,2.6246798
2015-08-28,3.1690073
2015-08-29,3.2755415
2015-08-30,2.5867977
2015-08-31,3.7578294
2015-09-01,2.6276252
2015-09-02,3.001267
2015-09-03,2.8596883
2015-09-04,2.8239903
2015-09-05,2.6983132
2015-09-06,2.6752365
2015-09-07,3.0764742
2015-09-08,3.863228
2015-09-09,2.2493854
2015-09-10,1.9680271
2015-09-11,2.228629
2015-09-12,1.8289522
2015-09-13,1.7183685
2015-09-14,1.6637007
2015-09-15,1.6438459
2015-09-16,1.6480644
2015-09-17,2.5238402
2015-09-18,2.9413266
2015-09-19,3.0399327
2015-09-20,1.7419258
2015-09-21,2.5078297
2015-09-22,1.8823781
2015-09-23,1.5054866
2015-09-24,1.2998815
2015-09-25,1.3320218
2015-09-26,1.2479798
2015-09-27,1.2152255
2015-09-28,1.1434762
2015-09-29,1.102652
2015-09-30,1.1082016
2015-10-01,1.3912843
2015-10-02,1.25275
2015-10-03,1.5395615
2015-10-04,3.9373105
2015-10-05,1.7038994
2015-10-06,1.0115025
2015-10-07,1.064584
2015-10-08,0.97869384
2015-10-09,0.9549457
2015-10-10,0.8675804
2015-10-11,0.8498537
2015-10-12,1.0416427
2015-10-13,1.3313209
2015-10-14,3.7436683
2015-10-15,3.418288
2015-10-16,2.0476596
2015-10-17,0.8276238
2015-10-18,0.9019693
2015-10-19,0.7135319
2015-10-20,0.6974472
2015-10-21,0.6730656
2015-10-22,0.6833477
2015-10-23,1.1165744
2015-10-24,1.963923
2015-10-25,0.80731726
2015-10-26,1.3527706
2015-10-27,1.2729511
2015-10-28,1.5571188
2015-10-29,1.1404009
2015-10-30,1.0366147
2015-10-31,0.7032138
2015-11-01,1.0553268
2015-11-02,1.9761708
2015-11-03,3.745126
2015-11-04,3.2869523
2015-11-05,5.1220374
2015-11-06,5.173666
2015-11-07,2.8289587
2015-11-08,2.9213145
2015-11-09,1.7568214
2015-11-10,1.2663338
2015-11-11,1.5956485
2015-11-12,1.017711
2015-11-13,1.5712055
2015-11-14,2.1369092
2015-11-15,1.7460928
2015-11-16,3.1772523
2015-11-17,1.7044957
2015-11-18,1.4818679
2015-11-19,0.94814706
2015-11-20,1.1168544
2015-11-21,1.6480825
2015-11-22,1.0214199
2015-11-23,0.69000566
2015-11-24,1.8383029
2015-11-25,1.8980197
2015-11-26,0.90653276
2015-11-27,0.6889773
2015-11-28,0.8897928
2015-11-29,0.9302975
2015-11-30,1.7805969
2015-12-01,1.4227358
2015-12-02,0.7600808
2015-12-03,0.7309992
2015-12-04,1.0866982
2015-12-05,1.422762
2015-12-06,0.89957064
2015-12-07,0.7690305
2015-12-08,0.6458175
2015-12-09,0.6397527
2015-12-10,0.6903293
2015-12-11,0.6037832
2015-12-12,0.716076
2015-12-13,0.6040724
2015-12-14,0.6435148
2015-12-15,0.6801897
2015-12-16,0.69316304
2015-12-17,0.6526396
2015-12-18,0.7797538
2015-12-19,2.0224826
2015-12-20,0.8336193
2015-12-21,0.5483825
2015-12-22,0.51205057
2015-12-23,0.561203
2015-12-24,0.50548345
2015-12-25,0.5053637
2015-12-26,0.5024839
2015-12-27,0.48115727
2015-12-28,0.47994107
2015-12-29,0.46772018
2015-12-30,0.4770295
2015-12-31,0.5337795
2016-01-01,0.54925394
2016-01-02,0.50369024
2016-01-03,0.46285006
2016-01-04,0.4598112
2016-01-05,0.4686773
2016-01-06,0.64873856
2016-01-07,0.8060295
2016-01-08,0.84038806
2016-01-09,0.48087546
2016-01-10,0.45584056
2016-01-11,0.50392246
2016-01-12,0.44186774
2016-01-13,0.41536584
2016-01-14,0.40907615
2016-01-15,0.37598327
2016-01-16,0.3634637
2016-01-17,0.35290658
2016-01-18,0.34535882
2016-01-19,0.34088978
2016-01-20,0.33516026
2016-01-21,0.3304968
2016-01-22,0.32801577
2016-01-23,0.33273134
2016-01-24,0.32253465
2016-01-25,0.3125154
2016-01-26,0.31676298
2016-01-27,0.3022413
2016-01-28,0.2993687
2016-01-29,0.28657004
2016-01-30,0.2939874
2016-01-31,0.29072636
2016-02-01,0.28989685
2016-02-02,0.28016698
2016-02-03,0.26578942
2016-02-04,0.29261467
2016-02-05,0.37790805
2016-02-06,0.47161654
2016-02-07,0.27080947
2016-02-08,0.25141978
2016-02-09,0.9083688
2016-02-10,0.31964123
2016-02-11,0.28494012
2016-02-12,0.25995848
2016-02-13,0.24069919
2016-02-14,0.24137819
2016-02-15,0.26148656
2016-02-16,0.40913668
2016-02-17,0.23760416
2016-02-18,0.3308928
2016-02-19,0.32730663
2016-02-20,0.24335988
2016-02-21,0.21599077
2016-02-22,0.32426804
2016-02-23,0.4798776
2016-02-24,0.3497291
2016-02-25,0.50750875
2016-02-26,0.9882528
2016-02-27,0.8784764
2016-02-28,0.39292064
2016-02-29,0.2300159
2016-03-01,0.1846622
2016-03-02,0.21853971
2016-03-03,0.31410226
2016-03-04,0.63835835
2016-03-05,0.2828628
2016-03-06,0.2199235
2016-03-07,0.21584386
2016-03-08,0.4146014
2016-03-09,0.24279933
2016-03-10,0.23338205
2016-03-11,0.20777757
2016-03-12,0.19352841
2016-03-13,0.43696558
2016-03-14,1.2319187
2016-03-15,0.32837522
2016-03-16,1.506698
2016-03-17,1.0865436
2016-03-18,4.6453104
2016-03-19,1.9530803
2016-03-20,3.059469
2016-03-21,1.8473077
2016-03-22,0.54132617
2016-03-23,0.26784804
2016-03-24,0.16718437
2016-03-25,0.145535
2016-03-26,0.139809
2016-03-27,0.1370621
2016-03-28,0.5497674
2016-03-29,1.6395462
2016-03-30,6.7581463
2016-03-31,26.569477
2016-04-01,3.652247
2016-04-02,2.0211968
2016-04-03,5.5092244
2016-04-04,7.732634
2016-04-05,4.014155
2016-04-06,2.3639278
2016-04-07,1.5672085
2016-04-08,2.0202901
2016-04-09,3.5320568
2016-04-10,3.5819135
2016-04-11,2.823975
2016-04-12,2.3010283
2016-04-13,9.609285
2016-04-14,8.586246
2016-04-15,2.9648874
2016-04-16,3.9735603
2016-04-17,1.5100545
2016-04-18,2.3361247
2016-04-19,1.4689506
2016-04-20,3.1736777
2016-04-21,2.6025898
2016-04-22,2.6571019
2016-04-23,8.744827
2016-04-24,1.6709818
2016-04-25,6.649565
2016-04-26,3.6712208
2016-04-27,1.6820936
2016-04-28,1.5442935
2016-04-29,2.9990656
2016-04-30,4.7015605
2016-05-01,8.4901905
2016-05-02,5.002949
2016-05-03,2.0630474
2016-05-04,6.082148
2016-05-05,5.9572353
2016-05-06,2.486662
2016-05-07,5.148199
2016-05-08,4.2833896
2016-05-09,8.565258
2016-05-10,3.6776116
2016-05-11,3.299741
2016-05-12,1.8903055
2016-05-13,3.1922665
2016-05-14,3.4099603
2016-05-15,6.7366533
2016-05-16,6.570951
2016-05-17,4.500478
2016-05-18,3.9480047
2016-05-19,4.9173603
2016-05-20,4.582686
2016-05-21,3.2899117
2016-05-22,5.383825
2016-05-23,7.3668785
2016-05-24,4.2495284
2016-05-25,14.814602
2016-05-26,28.327173
2016-05-27,11.068528
2016-05-28,5.6032705
2016-05-29,37.20075
2016-05-30,13.63708
2016-05-31,5.3493776
2016-06-01,6.3353367
2016-06-02,4.8567104
2016-06-03,3.8614755
2016-06-04,6.421237
2016-06-05,3.484643
2016-06-06,3.2119312
2016-06-07,3.303129
2016-06-08,5.850936
2016-06-09,4.7030816
2016-06-10,3.0577075
2016-06-11,4.4374146
2016-06-12,6.614663
2016-06-13,6.6570554
2016-06-14,6.26638
2016-06-15,3.9361284
2016-06-16,6.3596773
2016-06-17,3.7533927
2016-06-18,2.5586166
2016-06-19,7.4564233
2016-06-20,5.6568117
2016-06-21,5.7279634
2016-06-22,5.7568183
2016-06-23,5.1665473
2016-06-24,20.155668
2016-06-25,27.43312
2016-06-26,9.720304
2016-06-27,20.922071
2016-06-28,10.72824
2016-06-29,13.952079
2016-06-30,12.761592
2016-07-01,14.050815
2016-07-02,11.469069
2016-07-03,8.251077
2016-07-04,8.966191
2016-07-05,7.44203
2016-07-06,15.413062
2016-07-07,9.791245
2016-07-08,8.074573
2016-07-09,5.860554
2016-07-10,7.0328107
2016-07-11,9.8038845
2016-07-12,7.8825474
2016-07-13,6.5231357
2016-07-14,5.3978558
2016-07-15,6.5525455
2016-07-16,6.030569
2016-07-17,5.65432
2016-07-18,5.996836
2016-07-19,5.384111
2016-07-20,4.418636
2016-07-21,5.708265
2016-07-22,4.095399
2016-07-23,5.336168
2016-07-24,5.6183457
2016-07-25,8.852806
2016-07-26,9.16598
2016-07-27,4.9155645
2016-07-28,20.398436
2016-07-29,7.278061
2016-07-30,3.5370142
2016-07-31,4.352786
2016-08-01,3.4880683
2016-08-02,3.2471771
2016-08-03,6.345411
2016-08-04,5.1873465
2016-08-05,3.331402
2016-08-06,3.7571146
2016-08-07,3.042546
2016-08-08,3.1715126
2016-08-09,3.9900699
2016-08-10,3.837942
2016-08-11,3.5766983
2016-08-12,3.728913
2016-08-13,3.2395926
2016-08-14,4.585101
2016-08-15,3.5102425
2016-08-16,2.792118
2016-08-17,3.6004286
2016-08-18,2.9407198
2016-08-19,3.7117317
2016-08-20,2.7158184
2016-08-21,2.2631366
2016-08-22,2.7358174
2016-08-23,4.1438007
2016-08-24,2.2809212
2016-08-25,5.972619
2016-08-26,2.3865535
2016-08-27,3.6947687
2016-08-28,2.1273973
2016-08-29,2.3618202
2016-08-30,2.0476635
2016-08-31,1.8632495
2016-09-01,2.4034674
2016-09-02,3.1262758
2016-09-03,2.3264182
2016-09-04,2.6051362
2016-09-05,3.3752542
2016-09-06,2.7681546
2016-09-07,5.100634
2016-09-08,3.2662747
2016-09-09,5.484083
2016-09-10,3.3952253
2016-09-11,4.171612
2016-09-12,3.2245855
2016-09-13,2.0588405
2016-09-14,2.742683
2016-09-15,8.838365
2016-09-16,2.337158
2016-09-17,1.4325604
2016-09-18,2.1487532
2016-09-19,1.8679146
2016-09-20,2.086519
2016-09-21,1.9710115
2016-09-22,2.174052
2016-09-23,2.0094595
2016-09-24,1.5248144
2016-09-25,1.624323
2016-09-26,2.2912328
2016-09-27,2.6492345
2016-09-28,2.054111
2016-09-29,1.4444981
2016-09-30,1.4247288
2016-10-01,3.4054017
2016-10-02,2.2828817
2016-10-03,4.7395453
2016-10-04,1.9846592
2016-10-05,1.5458257
2016-10-06,1.689232
2016-10-07,1.4227597
2016-10-08,2.5782492
2016-10-09,1.9363738
2016-10-10,3.1405256
2016-10-11,2.2591705
2016-10-12,1.9553819
2016-10-13,3.9853745
2016-10-14,2.0992687
2016-10-15,2.2705142
2016-10-16,1.9467126
2016-10-17,3.6781473
2016-10-18,1.7232533
2016-10-19,1.1165413
2016-10-20,1.1103415
2016-10-21,1.1719638
2016-10-22,1.2398467
2016-10-23,1.2055877
2016-10-24,1.4210566
2016-10-25,1.3620837
2016-10-26,2.8697696
2016-10-27,7.9952817
2016-10-28,4.3834414
2016-10-29,7.6255803
2016-10-30,4.3596797
2016-10-31,1.4078932
2016-11-01,1.3954844
2016-11-02,1.930974
2016-11-03,2.151788
2016-11-04,3.5529752
2016-11-05,8.5458765
2016-11-06,2.066432
2016-11-07,1.6086605
2016-11-08,2.6203878
2016-11-09,1.9481635
2016-11-10,2.0663846
2016-11-11,3.4072816
2016-11-12,4.2371416
2016-11-13,2.0859983
2016-11-14,4.328355
2016-11-15,9.406252
2016-11-16,7.2416553
2016-11-17,13.095393
2016-11-18,9.251551
2016-11-19,12.795614
2016-11-20,7.824564
2016-11-21,8.501497
2016-11-22,12.729615
2016-11-23,8.126816
2016-11-24,5.2109814
2016-11-25,5.3200264
2016-11-26,6.773379
2016-11-27,4.7590404
2016-11-28,6.2059135
2016-11-29,9.278765
2016-11-30,8.73207
2016-12-01,13.50887
2016-12-02,6.8741746
2016-12-03,8.88351
2016-12-04,9.7973585
2016-12-05,4.6837087
2016-12-06,3.868788
2016-12-07,4.0111027
2016-12-08,3.4565098
2016-12-09,3.7329614
2016-12-10,4.5929394
2016-12-11,5.326845
2016-12-12,3.1397412
2016-12-13,2.7274191
2016-12-14,2.6194475
2016-12-15,2.6208525
2016-12-16,3.9373772
2016-12-17,3.377378
2016-12-18,2.6859224
2016-12-19,2.2977135
2016-12-20,2.338483
2016-12-21,1.998524
2016-12-22,2.5537343
2016-12-23,2.2165437
2016-12-24,3.5394216
2016-12-25,2.5489485
2016-12-26,2.1174803
2016-12-27,2.1322706
2016-12-28,3.8238943
2016-12-29,1.9415042
2016-12-30,1.6432196
2016-12-31,2.2234433
2017-01-01,3.1444032
2017-01-02,2.2897675
2017-01-03,1.4902503
2017-01-04,1.3961058
2017-01-05,1.737967
2017-01-06,3.7359645
2017-01-07,2.3073113
2017-01-08,2.2302246
2017-01-09,2.569742
2017-01-10,4.7799816
2017-01-11,3.3837214
2017-01-12,4.2873297
2017-01-13,2.1563318
2017-01-14,1.4531573
2017-01-15,1.7608912
2017-01-16,2.0906045
2017-01-17,1.3953412
2017-01-18,1.8835014
2017-01-19,2.5384235
2017-01-20,1.7863104
2017-01-21,1.887172
2017-01-22,5.39381
2017-01-23,4.784505
2017-01-24,2.3251135
2017-01-25,2.0866113
2017-01-26,2.096195
2017-01-27,1.3191144
2017-01-28,1.2318481
2017-01-29,1.3289787
2017-01-30,1.2214679
2017-01-31,1.2721826
2017-02-01,1.7244873
2017-02-02,1.7495143
2017-02-03,2.4483304
2017-02-04,1.2718158
2017-02-05,1.225534
2017-02-06,1.1604106
2017-02-07,1.0696095
2017-02-08,1.0423868
2017-02-09,1.0224044
2017-02-10,1.0139768
2017-02-11,1.1381618
2017-02-12,1.0668024
2017-02-13,1.0128764
2017-02-14,1.3756702
2017-02-15,1.4675006
2017-02-16,1.0330497
2017-02-17,0.97965467
2017-02-18,1.348065
2017-02-19,0.97303206
2017-02-20,0.877029
2017-02-21,1.0034052
2017-02-22,1.7790961
2017-02-23,3.8852177
2017-02-24,50.833447
2017-02-25,9.66502
2017-02-26,3.9272761
2017-02-27,5.7053394
2017-02-28,4.060008
2017-03-01,1.4366752
2017-03-02,1.6743662
2017-03-03,1.7787098
2017-03-04,1.3580741
2017-03-05,1.3882004
2017-03-06,1.6682128
2017-03-07,2.0794985
2017-03-08,2.3166075
2017-03-09,2.2633815
2017-03-10,2.07554
2017-03-11,1.3930902
2017-03-12,2.1303787
2017-03-13,4.651426
2017-03-14,3.9929438
2017-03-15,2.0864134
2017-03-16,5.147245
2017-03-17,4.4482317
2017-03-18,1.9983777
2017-03-19,2.3889344
2017-03-20,6.724455
2017-03-21,6.8095865
2017-03-22,5.273143
2017-03-23,5.94707
2017-03-24,5.3853498
2017-03-25,2.2812438
2017-03-26,3.5191085
2017-03-27,6.5358405
2017-03-28,13.075415
2017-03-29,6.5648646
2017-03-30,5.717602
2017-03-31,4.806028
2017-04-01,3.5560348
2017-04-02,2.3941364
2017-04-03,2.2284334
2017-04-04,2.174955
2017-04-05,2.1325226
2017-04-06,2.0818758
2017-04-07,2.0201492
2017-04-08,1.9584801
2017-04-09,2.0553677
2017-04-10,4.8641095
2017-04-11,4.829269
2017-04-12,4.7844043
2017-04-13,7.0128818
2017-04-14,21.423868
2017-04-15,31.6977
2017-04-16,8.31777
2017-04-17,3.0747647
2017-04-18,4.557212
2017-04-19,4.9955435
2017-04-20,4.6139975
2017-04-21,6.179382
2017-04-22,12.8165655
2017-04-23,4.516147
2017-04-24,5.0670614
2017-04-25,4.351262
2017-04-26,5.5074167
2017-04-27,5.5723734
2017-04-28,3.564391
2017-04-29,3.1722467
2017-04-30,3.3492653
2017-05-01,5.0616937
2017-05-02,3.505571
2017-05-03,6.4203434
2017-05-04,5.798633
2017-05-05,3.199585
2017-05-06,7.3908463
2017-05-07,6.0908766
2017-05-08,5.5643563
2017-05-09,5.074206
2017-05-10,5.3146453
2017-05-11,6.1435595
2017-05-12,4.5698853
2017-05-13,4.570193
2017-05-14,10.196641
2017-05-15,11.561943
2017-05-16,5.9302354
2017-05-17,6.3697915
2017-05-18,9.58899
2017-05-19,5.8737974
2017-05-20,4.958361
2017-05-21,4.740208
2017-05-22,4.5521755
2017-05-23,5.0103993
2017-05-24,4.0385156
2017-05-25,6.4571853
2017-05-26,3.8003998
2017-05-27,3.5070634
2017-05-28,3.5791426
2017-05-29,3.576779
2017-05-30,3.1622334
2017-05-31,4.764931
2017-06-01,8.007753
2017-06-02,3.2650297
2017-06-03,3.2271645
2017-06-04,4.1329517
2017-06-05,4.056906
2017-06-06,3.7995608
2017-06-07,2.6661572
2017-06-08,9.615344
2017-06-09,6.1118135
2017-06-10,3.434919
2017-06-11,2.7868826
2017-06-12,6.6561766
2017-06-13,7.1801424
2017-06-14,10.267594
2017-06-15,5.832059
2017-06-16,7.358069
2017-06-17,3.0645895
2017-06-18,3.794896
2017-06-19,5.6554613
2017-06-20,3.9370282
2017-06-21,10.822797
2017-06-22,5.916654
2017-06-23,4.219816
2017-06-24,10.464081
2017-06-25,7.581582
2017-06-26,3.4111743
2017-06-27,9.192721
2017-06-28,3.9027455
2017-06-29,6.259511
2017-06-30,5.974857
2017-07-01,6.0415225
2017-07-02,6.572005
2017-07-03,9.746292
2017-07-04,3.2781446
2017-07-05,5.11889
2017-07-06,2.808436
2017-07-07,2.9765747
2017-07-08,2.5306401
2017-07-09,3.1291249
2017-07-10,4.4163713
2017-07-11,4.3480163
2017-07-12,20.415848
2017-07-13,13.531784
2017-07-14,3.1997228
2017-07-15,2.2868078
2017-07-16,3.06913
2017-07-17,3.5649374
2017-07-18,4.832911
2017-07-19,9.56697
2017-07-20,4.193389
2017-07-21,2.9036999
2017-07-22,2.5112553
2017-07-23,2.4899087
2017-07-24,3.1585076
2017-07-25,2.2524083
2017-07-26,3.7943456
2017-07-27,2.2636876
2017-07-28,3.10246
2017-07-29,5.189921
2017-07-30,3.2153707
2017-07-31,3.7571657
2017-08-01,5.3503103
2017-08-02,2.3264062
2017-08-03,2.0590205
2017-08-04,2.0933518
2017-08-05,6.5646276
2017-08-06,2.3941123
2017-08-07,1.9633126
2017-08-08,2.2648046
2017-08-09,1.9189974
2017-08-10,1.8541602
2017-08-11,1.8567443
2017-08-12,2.677645
2017-08-13,2.732852
2017-08-14,2.035703
2017-08-15,1.7395109
2017-08-16,1.7685548
2017-08-17,2.1248343
2017-08-18,2.3606253
2017-08-19,5.6665115
2017-08-20,16.21626
2017-08-21,4.700059
2017-08-22,1.792844
2017-08-23,1.5989447
2017-08-24,1.4924164
2017-08-25,1.9751058
2017-08-26,1.8922296
2017-08-27,1.4985315
2017-08-28,3.0562174
2017-08-29,2.1949255
2017-08-30,2.2453198
2017-08-31,1.6719308
2017-09-01,1.3223659
2017-09-02,1.2665159
2017-09-03,1.2741666
2017-09-04,1.2411338
2017-09-05,1.221766
2017-09-06,1.2142379
2017-09-07,1.3286781
2017-09-08,1.619151
2017-09-09,1.4398993
2017-09-10,1.2454753
2017-09-11,1.2180102
2017-09-12,1.1292748
2017-09-13,1.4431121
2017-09-14,1.2867788
2017-09-15,1.365845
2017-09-16,1.3326964
2017-09-17,1.0810634
2017-09-18,0.978123
2017-09-19,0.97475016
2017-09-20,1.0556096
2017-09-21,1.7932793
2017-09-22,2.5307202
2017-09-23,1.2133957
2017-09-24,0.9577113
2017-09-25,1.6404145
2017-09-26,0.9089603
2017-09-27,1.112144
2017-09-28,1.1927018
2017-09-29,2.9599974
2017-09-30,1.2212775
2017-10-01,0.88751143
2017-10-02,0.8463393
2017-10-03,1.74151
2017-10-04,2.423419
2017-10-05,15.992475
2017-10-06,2.302771
2017-10-07,1.4660308
2017-10-08,0.818841
2017-10-09,0.81650084
2017-10-10,0.8230404
2017-10-11,2.3390763
2017-10-12,1.799182
2017-10-13,0.9448592
2017-10-14,0.8171749
2017-10-15,0.7131933
2017-10-16,1.251056
2017-10-17,0.91914105
2017-10-18,0.7372699
2017-10-19,0.6454798
2017-10-20,0.62244385
2017-10-21,0.98293537
2017-10-22,2.4330738
2017-10-23,1.7498869
2017-10-24,0.6756724
2017-10-25,0.6597866
2017-10-26,0.5873211
2017-10-27,0.69682604
2017-10-28,2.7330337
2017-10-29,6.7511725
2017-10-30,8.904583
2017-10-31,3.9125133
2017-11-01,2.1718543
2017-11-02,1.7835821
2017-11-03,2.3067305
2017-11-04,2.8449793
2017-11-05,17.52176
2017-11-06,5.5311337
2017-11-07,4.753676
2017-11-08,2.5275824
2017-11-09,3.771192
2017-11-10,4.6003556
2017-11-11,4.034177
2017-11-12,4.0381207
2017-11-13,2.3933673
2017-11-14,3.4379852
2017-11-15,7.3183265
2017-11-16,6.014068
2017-11-17,3.9748251
2017-11-18,21.959816
2017-11-19,20.551378
2017-11-20,11.025023
2017-11-21,5.9578404
2017-11-22,4.4824047
2017-11-23,4.411164
2017-11-24,6.52624
2017-11-25,4.9437494
2017-11-26,9.086551
2017-11-27,3.9943314
2017-11-28,3.3478122
2017-11-29,3.0940628
2017-11-30,2.9064624
2017-12-01,2.9303083
2017-12-02,3.6218684
2017-12-03,4.3850484
2017-12-04,2.669963
2017-12-05,2.2394876
2017-12-06,2.1287405
2017-12-07,2.0123882
2017-12-08,1.9287142
2017-12-09,1.8511144
2017-12-10,1.8473917
2017-12-11,2.0231805
2017-12-12,5.1345906
2017-12-13,11.391888
2017-12-14,2.663202
2017-12-15,1.5435419
2017-12-16,1.4869461
2017-12-17,1.4749523
2017-12-18,1.4174663
2017-12-19,1.3628253
2017-12-20,1.3264747
2017-12-21,1.2962674
2017-12-22,1.2926027
2017-12-23,1.3081009
2017-12-24,1.2807845
2017-12-25,1.2510413
2017-12-26,1.2164795
2017-12-27,1.540269
2017-12-28,1.3162851
2017-12-29,1.1921545
2017-12-30,3.2631621
2017-12-31,5.4229226
2018-01-01,3.93489
2018-01-02,4.0556617
2018-01-03,2.8461533
2018-01-04,1.9947661
2018-01-05,1.5637946
2018-01-06,1.4294122
2018-01-07,3.6051595
2018-01-08,1.8702554
2018-01-09,1.2779009
2018-01-10,2.8678803
2018-01-11,5.200536
2018-01-12,3.8810754
2018-01-13,4.6173677
2018-01-14,2.1860507
2018-01-15,2.256523
2018-01-16,1.620092
2018-01-17,1.4269923
2018-01-18,1.7878776
2018-01-19,2.912846
2018-01-20,2.4946518
2018-01-21,1.4776615
2018-01-22,1.3114384
2018-01-23,1.2927369
2018-01-24,1.2742805
2018-01-25,1.2582308
2018-01-26,1.2455177
2018-01-27,1.2454265
2018-01-28,1.246172
2018-01-29,1.2305958
2018-01-30,1.1943308
2018-01-31,1.182494
2018-02-01,1.1434176
2018-02-02,1.0937905
2018-02-03,1.1062087
2018-02-04,1.126227
2018-02-05,1.1314647
2018-02-06,1.1055089
2018-02-07,0.99464196
2018-02-08,0.97725594
2018-02-09,0.94780433
2018-02-10,0.8993641
2018-02-11,0.8606466
2018-02-12,0.83498883
2018-02-13,0.8703431
2018-02-14,0.8212709
2018-02-15,0.7833777
2018-02-16,0.76955676
2018-02-17,0.9091013
2018-02-18,1.4234463
2018-02-19,1.265029
2018-02-20,0.84571755
2018-02-21,0.70314026
2018-02-22,0.6577411
2018-02-23,0.7014767
2018-02-24,0.72025585
2018-02-25,1.464427
2018-02-26,0.7953464
2018-02-27,1.2893536
2018-02-28,0.7257442
2018-03-01,0.6884275
2018-03-02,0.6334274
2018-03-03,0.5845848
2018-03-04,0.5941028
2018-03-05,0.6112598
2018-03-06,0.8661701
2018-03-07,1.680885
2018-03-08,0.64479625
2018-03-09,0.5395477
2018-03-10,0.48340172
2018-03-11,0.45709932
2018-03-12,0.4393009
2018-03-13,0.4305476
2018-03-14,0.4217055
2018-03-15,0.41053218
2018-03-16,0.43566257
2018-03-17,0.44736078
2018-03-18,0.42650935
2018-03-19,0.5092894
2018-03-20,0.50329655
2018-03-21,0.3884965
2018-03-22,0.3642282
2018-03-23,0.38366508
2018-03-24,1.1135596
2018-03-25,0.9311772
2018-03-26,0.48239622
2018-03-27,0.41231057
2018-03-28,0.47159538
2018-03-29,4.025449
2018-03-30,2.2494411
2018-03-31,1.2352169
2018-04-01,5.448606
2018-04-02,4.5671954
2018-04-03,3.60975
2018-04-04,5.420698
2018-04-05,8.977686
2018-04-06,9.896804
2018-04-07,12.9077425
2018-04-08,4.493089
2018-04-09,7.7034764
2018-04-10,3.8249397
2018-04-11,6.1245604
2018-04-12,4.5640974
2018-04-13,7.510303
2018-04-14,7.2784233
2018-04-15,6.2358613
2018-04-16,2.740417
2018-04-17,3.7924275
2018-04-18,4.3057866
2018-04-19,7.342235
2018-04-20,6.156976
2018-04-21,3.9456007
2018-04-22,3.4292846
2018-04-23,5.1121306
2018-04-24,4.843607
2018-04-25,4.0091248
2018-04-26,4.0947695
2018-04-27,6.2565804
2018-04-28,4.974052
2018-04-29,4.998701
2018-04-30,9.232177
2018-05-01,3.7525656
2018-05-02,2.9005656
2018-05-03,8.217942
2018-05-04,8.583075
2018-05-05,19.975822
2018-05-06,6.639258
2018-05-07,5.246967
2018-05-08,5.97661
2018-05-09,11.834373
2018-05-10,9.186811
2018-05-11,7.3038955
2018-05-12,4.586221
2018-05-13,5.0206585
2018-05-14,8.93394
2018-05-15,4.630737
2018-05-16,11.30525
2018-05-17,4.825382
2018-05-18,4.3812585
2018-05-19,5.1437497
2018-05-20,5.8386774
2018-05-21,6.330986
2018-05-22,5.242954
2018-05-23,5.2880282
2018-05-24,5.5505023
2018-05-25,4.0461454
2018-05-26,4.6543107
2018-05-27,11.472245
2018-05-28,9.148241
2018-05-29,13.891475
2018-05-30,5.777495
2018-05-31,4.8924484
2018-06-01,5.450458
2018-06-02,3.0657973
2018-06-03,3.5668166
2018-06-04,3.5109663
2018-06-05,7.154977
2018-06-06,4.5622916
2018-06-07,3.3807373
2018-06-08,2.7442062
2018-06-09,3.604511
2018-06-10,4.46254
2018-06-11,3.3755658
2018-06-12,9.781437
2018-06-13,5.0893507
2018-06-14,4.5927634
2018-06-15,6.804313
2018-06-16,4.254268
2018-06-17,3.5481777
2018-06-18,4.2239914
2018-06-19,5.7070165
2018-06-20,3.403238
2018-06-21,4.0422754
2018-06-22,2.7289188
2018-06-23,2.2535906
2018-06-24,3.3561032
2018-06-25,4.2807374
2018-06-26,3.1228154
2018-06-27,2.5059288
2018-06-28,2.5660384
2018-06-29,4.3063927
2018-06-30,3.9090714
2018-07-01,2.5294588
2018-07-02,2.3065245
2018-07-03,3.991147
2018-07-04,5.900594
2018-07-05,2.7540107
2018-07-06,2.5380645
2018-07-07,2.0632176
2018-07-08,2.2175405
2018-07-09,1.8884484
2018-07-10,4.1533413
2018-07-11,3.1097496
2018-07-12,2.3933184
2018-07-13,4.3564596
2018-07-14,6.3587155
2018-07-15,2.4778233
2018-07-16,2.5852442
2018-07-17,1.5765507
2018-07-18,1.7927015
2018-07-19,1.6698031
2018-07-20,1.4293185
2018-07-21,1.4940181
2018-07-22,4.523106
2018-07-23,2.0046778
2018-07-24,2.1092181
2018-07-25,8.595482
2018-07-26,4.715922
2018-07-27,5.6420884
2018-07-28,3.0580711
2018-07-29,1.5280455
2018-07-30,1.4152334
2018-07-31,2.4534514
2018-08-01,3.3023093
2018-08-02,5.290577
2018-08-03,1.9982016
2018-08-04,2.5489614
2018-08-05,4.139982
2018-08-06,3.2664752
2018-08-07,1.7066554
2018-08-08,1.4728639
2018-08-09,1.4851227
2018-08-10,2.161669
2018-08-11,1.4540536
2018-08-12,1.3679051
2018-08-13,2.2064548
2018-08-14,1.8566798
2018-08-15,4.2691426
2018-08-16,1.6586057
2018-08-17,1.3451085
2018-08-18,1.3433173
2018-08-19,1.7919683
2018-08-20,1.408284
2018-08-21,1.4633243
2018-08-22,1.3301154
2018-08-23,1.8369755
2018-08-24,1.3245256
2018-08-25,1.325933
2018-08-26,1.2575496
2018-08-27,1.2774183
2018-08-28,1.4386169
2018-08-29,1.292792
2018-08-30,1.1989408
2018-08-31,1.1947242
2018-09-01,1.195134
2018-09-02,1.2818637
2018-09-03,1.7140009
2018-09-04,1.2720451
2018-09-05,2.7301764
2018-09-06,2.4795473
2018-09-07,3.0779939
2018-09-08,1.4695328
2018-09-09,2.2204723
2018-09-10,1.1686968
2018-09-11,1.0149897
2018-09-12,1.027045
2018-09-13,1.0515318
2018-09-14,1.9038025
2018-09-15,2.2641902
2018-09-16,3.6286013
2018-09-17,2.1432862
2018-09-18,1.2192655
2018-09-19,1.3093297
2018-09-20,1.1388171
2018-09-21,0.9041282
2018-09-22,0.86917454
2018-09-23,1.0180756
2018-09-24,0.99234265
2018-09-25,0.9012087
2018-09-26,0.84205115
2018-09-27,0.8710981
2018-09-28,0.8340939
2018-09-29,1.4291675
2018-09-30,1.2533625
2018-10-01,1.1926868
2018-10-02,1.6482184
2018-10-03,5.1301165
2018-10-04,2.2825987
2018-10-05,1.1953392
2018-10-06,1.9103596
2018-10-07,5.640626
2018-10-08,1.8986285
2018-10-09,1.0037818
2018-10-10,2.103661
2018-10-11,4.895688
2018-10-12,7.190984
2018-10-13,4.7294645
2018-10-14,28.62788
2018-10-15,24.345055
2018-10-16,7.4160714
2018-10-17,1.824235
2018-10-18,1.468756
2018-10-19,1.8273625
2018-10-20,8.880215
2018-10-21,17.776041
2018-10-22,31.213898
2018-10-23,13.062429
2018-10-24,33.210396
2018-10-25,10.184792
2018-10-26,10.16752
2018-10-27,7.8873296
2018-10-28,5.688772
2018-10-29,4.473286
2018-10-30,4.2986264
2018-10-31,3.9910724
2018-11-01,3.8608766
2018-11-02,3.6969244
2018-11-03,3.6155136
2018-11-04,3.2481027
2018-11-05,3.3216436
2018-11-06,6.2727404
2018-11-07,6.079414
2018-11-08,4.7905254
2018-11-09,3.4227214
2018-11-10,11.827407
2018-11-11,8.851735
2018-11-12,4.6163454
2018-11-13,2.793111
2018-11-14,2.677081
2018-11-15,2.3585117
2018-11-16,2.6312244
2018-11-17,3.4444647
2018-11-18,4.8721194
2018-11-19,7.7731805
2018-11-20,3.969068
2018-11-21,3.5291252
2018-11-22,2.6650848
2018-11-23,2.6131809
2018-11-24,5.0429125
2018-11-25,4.3687587
2018-11-26,3.224879
2018-11-27,2.2488625
2018-11-28,2.8524728
2018-11-29,3.089659
2018-11-30,2.4835858
2018-12-01,4.7759075
2018-12-02,3.332858
2018-12-03,2.2449143
2018-12-04,2.4553246
2018-12-05,2.4408624
2018-12-06,2.0606215
2018-12-07,2.937705
2018-12-08,1.9086194
2018-12-09,1.7709192
2018-12-10,1.8809471
2018-12-11,1.7789923
2018-12-12,1.6493301
2018-12-13,1.7426835
2018-12-14,2.1848733
2018-12-15,1.717673
2018-12-16,1.6388623
2018-12-17,1.5172436
2018-12-18,1.4588867
2018-12-19,1.494804
2018-12-20,1.4213798
2018-12-21,1.3572366
2018-12-22,1.370204
2018-12-23,1.3007985
2018-12-24,1.2477261
2018-12-25,1.2146724
2018-12-26,1.1838863
2018-12-27,1.1516862
2018-12-28,1.1132619
2018-12-29,1.083828
2018-12-30,1.0578784
2018-12-31,1.0261348
2019-01-01,0.99781483
2019-01-02,0.9408927
2019-01-03,0.9133259
2019-01-04,0.892841
2019-01-05,0.8842692
2019-01-06,1.1060858
2019-01-07,0.9846233
2019-01-08,1.0701165
2019-01-09,0.9573231
2019-01-10,1.2478144
2019-01-11,2.759366
2019-01-12,1.2772
2019-01-13,0.9631974
2019-01-14,0.8099581
2019-01-15,0.71434176
2019-01-16,0.69619995
2019-01-17,0.73865587
2019-01-18,0.7157892
2019-01-19,0.66736466
2019-01-20,0.67346454
2019-01-21,0.6272882
2019-01-22,0.59690744
2019-01-23,0.5836525
2019-01-24,0.571625
2019-01-25,0.666333
2019-01-26,0.59817165
2019-01-27,0.5682581
2019-01-28,0.68400264
2019-01-29,1.1267322
2019-01-30,0.7037067
2019-01-31,0.55933124
2019-02-01,0.5267242
2019-02-02,0.78664035
2019-02-03,0.5011057
2019-02-04,0.48182076
2019-02-05,0.5125045
2019-02-06,0.625424
2019-02-07,0.58371395
2019-02-08,0.542458
2019-02-09,0.4876408
2019-02-10,0.4383164
2019-02-11,0.4120079
2019-02-12,0.4087163
2019-02-13,0.3953127
2019-02-14,0.4365616
2019-02-15,0.42246526
2019-02-16,0.4975253
2019-02-17,0.61924756
2019-02-18,0.71983254
2019-02-19,0.43590024
2019-02-20,0.38031366
2019-02-21,0.36613145
2019-02-22,0.38646653
2019-02-23,0.36897412
2019-02-24,0.47406632
2019-02-25,0.3343718
2019-02-26,0.31656694
2019-02-27,0.31879663
2019-02-28,0.33824202
2019-03-01,0.35742158
2019-03-02,0.34431463
2019-03-03,0.5864714
2019-03-04,0.3451036
2019-03-05,0.3060944
2019-03-06,0.44360763
2019-03-07,0.44277215
2019-03-08,0.3455788
2019-03-09,0.3523692
2019-03-10,1.1133056
2019-03-11,0.7232919
2019-03-12,1.0020217
2019-03-13,1.5256252
2019-03-14,1.0876437
2019-03-15,0.6311995
2019-03-16,0.54211783
2019-03-17,0.92368513
2019-03-18,0.6709592
2019-03-19,1.8011631
2019-03-20,1.1347779
2019-03-21,0.87665606
2019-03-22,0.42782044
2019-03-23,1.2554243
2019-03-24,1.2727928
2019-03-25,0.3264294
2019-03-26,0.23936057
2019-03-27,0.22865033
2019-03-28,0.2871406
2019-03-29,13.472435
2019-03-30,3.0446067
2019-03-31,1.27087
2019-04-01,2.9028993
2019-04-02,6.804237
2019-04-03,1.0525414
2019-04-04,2.085123
2019-04-05,0.698706
2019-04-06,0.40708217
2019-04-07,0.36345187
2019-04-08,0.47670412
2019-04-09,3.4150467
2019-04-10,3.2733297
2019-04-11,11.463319
2019-04-12,1.9748821
2019-04-13,2.0838594
2019-04-14,1.7404526
2019-04-15,2.147902
2019-04-16,1.3429149
2019-04-17,2.0865476
2019-04-18,5.2569323
2019-04-19,5.9036937
2019-04-20,3.441233
2019-04-21,3.0839374
2019-04-22,3.3041766
2019-04-23,2.6975307
2019-04-24,13.7097
2019-04-25,3.4790387
2019-04-26,4.700176
2019-04-27,3.8971608
2019-04-28,2.580601
2019-04-29,1.4583398
2019-04-30,1.2214404
2019-05-01,1.1975107
2019-05-02,1.1963992
2019-05-03,1.2738513
2019-05-04,1.633475
2019-05-05,1.420384
2019-05-06,1.4706699
2019-05-07,1.3938872
2019-05-08,8.074157
2019-05-09,11.15695
2019-05-10,7.283338
2019-05-11,2.695279
2019-05-12,1.6698903
2019-05-13,6.5360565
2019-05-14,4.5380263
2019-05-15,4.505687
2019-05-16,14.736057
2019-05-17,13.740201
2019-05-18,8.607141
2019-05-19,6.173345
2019-05-20,5.286756
2019-05-21,2.8480253
2019-05-22,2.9852815
2019-05-23,10.23454
2019-05-24,8.664399
2019-05-25,3.8410115
2019-05-26,3.9618683
2019-05-27,7.1833243
2019-05-28,4.0839105
2019-05-29,4.799637
2019-05-30,5.1486554
2019-05-31,3.6098368
2019-06-01,7.4442325
2019-06-02,4.9053617
2019-06-03,10.336398
2019-06-04,3.0955143
2019-06-05,3.9118412
2019-06-06,15.099195
2019-06-07,6.3943734
2019-06-08,4.1671886
2019-06-09,5.6506248
2019-06-10,16.534916
2019-06-11,17.41304
2019-06-12,15.19398
2019-06-13,9.394076
2019-06-14,6.1987386
2019-06-15,5.3224716
2019-06-16,4.6070313
2019-06-17,5.2505903
2019-06-18,5.4240417
2019-06-19,10.020037
2019-06-20,10.569822
2019-06-21,6.828012
2019-06-22,6.139575
2019-06-23,4.547194
2019-06-24,5.8111253
2019-06-25,3.8915462
2019-06-26,4.176057
2019-06-27,3.1869853
2019-06-28,3.1074395
2019-06-29,3.5202258
2019-06-30,3.9961774
2019-07-01,4.72336
2019-07-02,5.149422
2019-07-03,3.2357364
2019-07-04,2.5970101
2019-07-05,3.1261265
2019-07-06,2.460649
2019-07-07,2.9867144
2019-07-08,2.3323233
2019-07-09,2.7361107
2019-07-10,2.4827714
2019-07-11,3.0754294
2019-07-12,2.8023372
2019-07-13,3.4529614
2019-07-14,2.6856995
2019-07-15,1.9722973
2019-07-16,2.120961
2019-07-17,1.7599659
2019-07-18,1.707664
2019-07-19,1.7387085
2019-07-20,5.2718368
2019-07-21,2.6503766
2019-07-22,2.2559216
2019-07-23,1.6782544
2019-07-24,2.5720825
2019-07-25,1.7707481
2019-07-26,2.4922173
2019-07-27,2.6211264
2019-07-28,1.7409207
2019-07-29,1.396306
2019-07-30,1.3718883
2019-07-31,1.3552612
2019-08-01,1.3099732
2019-08-02,1.3293451
2019-08-03,5.9429426
2019-08-04,2.1499522
2019-08-05,2.1515894
2019-08-06,1.2758975
2019-08-07,1.1741155
2019-08-08,1.2593316
2019-08-09,1.1902852
2019-08-10,1.2041954
2019-08-11,1.667416
2019-08-12,1.5164056
2019-08-13,2.5015204
2019-08-14,8.373346
2019-08-15,1.8267398
2019-08-16,1.1582124
2019-08-17,2.0734475
2019-08-18,1.200443
2019-08-19,1.1617736
2019-08-20,1.0717311
2019-08-21,1.0010641
2019-08-22,0.9739814
2019-08-23,1.0253415
2019-08-24,1.012687
2019-08-25,1.0063112
2019-08-26,0.96243256
2019-08-27,0.9470341
2019-08-28,1.0023578
2019-08-29,0.90352076
2019-08-30,0.8657413
2019-08-31,0.8527265
2019-09-01,0.88100517
2019-09-02,0.85395414
2019-09-03,0.8690412
2019-09-04,1.7027153
2019-09-05,0.8972609
2019-09-06,0.8786572
2019-09-07,0.76555914
2019-09-08,0.72798544
2019-09-09,0.7174047
2019-09-10,0.7350003
2019-09-11,0.8080406
2019-09-12,0.7521715
2019-09-13,0.7266399
2019-09-14,1.0053666
2019-09-15,0.71133655
2019-09-16,0.6374752
2019-09-17,0.6583066
2019-09-18,1.8413404
2019-09-19,1.2412301
2019-09-20,1.9428129
2019-09-21,0.93614835
2019-09-22,0.677549
2019-09-23,0.67311966
2019-09-24,1.0746413
2019-09-25,1.3090274
2019-09-26,1.2580032
2019-09-27,0.62055075
2019-09-28,0.67912185
2019-09-29,3.7290297
2019-09-30,2.2368257
2019-10-01,1.3496244
2019-10-02,2.1986709
2019-10-03,1.1824836
2019-10-04,0.5895918
2019-10-05,0.73491585
2019-10-06,0.956287
2019-10-07,0.66616005
2019-10-08,0.6298844
2019-10-09,0.646552
2019-10-10,1.1219846
2019-10-11,2.7326813
2019-10-12,2.0963676
2019-10-13,0.60697424
2019-10-14,0.4780598
2019-10-15,1.0782803
2019-10-16,1.2336352
2019-10-17,1.5145686
2019-10-18,1.9711717
2019-10-19,1.1462591
2019-10-20,1.1078556
2019-10-21,1.6114293
2019-10-22,2.0750077
2019-10-23,2.9777584
2019-10-24,1.2347267
2019-10-25,2.5770757
2019-10-26,1.6620427
2019-10-27,0.8223123
2019-10-28,0.9513257
2019-10-29,0.5927885
2019-10-30,0.62724173
2019-10-31,0.7455349
2019-11-01,1.658512
2019-11-02,2.4590068
2019-11-03,0.8997075
2019-11-04,0.69801944
2019-11-05,1.3372841
2019-11-06,0.74356365
2019-11-07,0.9526426
2019-11-08,0.6678517
2019-11-09,1.3495224
2019-11-10,3.2286987
2019-11-11,5.910891
2019-11-12,11.775843
2019-11-13,3.5242963
2019-11-14,5.045687
2019-11-15,13.294024
2019-11-16,12.783186
2019-11-17,5.597962
2019-11-18,3.0330992
2019-11-19,4.346999
2019-11-20,25.945187
2019-11-21,8.262655
2019-11-22,4.097356
2019-11-23,6.997181
2019-11-24,4.297387
2019-11-25,4.1768694
2019-11-26,3.4182947
2019-11-27,3.1559725
2019-11-28,3.0691972
2019-11-29,3.6518142
2019-11-30,4.389766
2019-12-01,4.6688633
2019-12-02,2.7680366
2019-12-03,2.6011517
2019-12-04,2.3945296
2019-12-05,2.2616558
2019-12-06,2.1438887
2019-12-07,2.1871026
2019-12-08,6.49082
2019-12-09,3.729876
2019-12-10,1.9265147
2019-12-11,1.732903
2019-12-12,3.1576366
2019-12-13,2.7654467
2019-12-14,5.371787
2019-12-15,3.1666133
2019-12-16,2.571399
2019-12-17,1.7683904
2019-12-18,1.6017852
2019-12-19,1.5618238
2019-12-20,1.5092951
2019-12-21,1.7774519
2019-12-22,1.3505318
2019-12-23,1.2577124
2019-12-24,1.2399287
2019-12-25,1.3197548
2019-12-26,2.1985717
2019-12-27,1.2451386
2019-12-28,1.1531713
2019-12-29,1.77196
2019-12-30,1.3972646
2019-12-31,2.5935814
2020-01-01,1.3740183
2020-01-02,1.0526919
2020-01-03,0.9880874
2020-01-04,0.9315122
2020-01-05,0.9038512
2020-01-06,0.8832365
2020-01-07,0.8674712
2020-01-08,0.83995456
2020-01-09,0.81534636
2020-01-10,0.794564
2020-01-11,0.772084
2020-01-12,0.7594454
2020-01-13,0.7413343
2020-01-14,0.7402372
2020-01-15,0.7222901
2020-01-16,0.68595284
2020-01-17,1.5283027
2020-01-18,0.76919216
2020-01-19,0.6731141
2020-01-20,0.65013045
2020-01-21,0.87197095
2020-01-22,2.012575
2020-01-23,1.1460236
2020-01-24,2.4019613
2020-01-25,2.2064776
2020-01-26,1.7027894
2020-01-27,2.1120074
2020-01-28,1.0533664
2020-01-29,0.6658251
2020-01-30,0.6142362
2020-01-31,0.6242038
2020-02-01,0.55729765
2020-02-02,0.581433
2020-02-03,0.5368117
2020-02-04,0.5098977
2020-02-05,0.49993265
2020-02-06,0.49049297
2020-02-07,0.48302186
2020-02-08,0.48065904
2020-02-09,0.48347127
2020-02-10,0.46538252
2020-02-11,0.45512623
2020-02-12,0.44164664
2020-02-13,0.45866555
2020-02-14,0.5138714
2020-02-15,0.44497687
2020-02-16,0.42030683
2020-02-17,0.4098825
2020-02-18,0.40094104
2020-02-19,0.39318362
2020-02-20,0.42513084
2020-02-21,0.69927514
2020-02-22,0.6974148
2020-02-23,0.9298177
2020-02-24,1.8205134
2020-02-25,1.1044171
2020-02-26,1.0275736
2020-02-27,1.4950495
2020-02-28,0.57092
2020-02-29,0.37994036
2020-03-01,0.35588843
2020-03-02,0.4073565
2020-03-03,0.5187409
2020-03-04,0.39892235
2020-03-05,0.3371872
2020-03-06,0.32776624
2020-03-07,0.32199362
2020-03-08,0.33382055
2020-03-09,0.44125828
2020-03-10,0.67765784
2020-03-11,0.58972603
2020-03-12,1.7172805
2020-03-13,2.5958116
2020-03-14,5.097139
2020-03-15,9.470564
2020-03-16,2.2864077
2020-03-17,0.9700581
2020-03-18,0.39255226
2020-03-19,0.48661596
2020-03-20,0.89826304
2020-03-21,0.5264047
2020-03-22,0.35018486
2020-03-23,0.3244104
2020-03-24,0.49484155
2020-03-25,0.42572504
2020-03-26,1.3729191
2020-03-27,0.48954874
2020-03-28,0.32702252
2020-03-29,0.3112881
2020-03-30,0.35555944
2020-03-31,0.6932056
2020-04-01,3.4237638
2020-04-02,6.903945
2020-04-03,1.343982
2020-04-04,0.67366296
2020-04-05,1.8456637
2020-04-06,1.2102605
2020-04-07,2.062996
2020-04-08,1.8197589
2020-04-09,1.2258421
2020-04-10,2.0402553
2020-04-11,6.178268
2020-04-12,1.0677414
2020-04-13,0.5374841
2020-04-14,0.5678575
2020-04-15,0.5893956
2020-04-16,0.6262028
2020-04-17,0.6512757
2020-04-18,0.9981554
2020-04-19,1.054531
2020-04-20,1.8230691
2020-04-21,2.441537
2020-04-22,3.8701725
2020-04-23,3.6761112
2020-04-24,1.0296341
2020-04-25,0.744949
2020-04-26,0.633681
2020-04-27,0.66499865
2020-04-28,1.548343
2020-04-29,2.2852602
2020-04-30,2.4615374
2020-05-01,3.6220176
2020-05-02,1.5121652
2020-05-03,2.5384777
2020-05-04,1.0812143
2020-05-05,3.196823
2020-05-06,0.9897088
2020-05-07,1.8705178
2020-05-08,2.910253
2020-05-09,1.9047766
2020-05-10,1.5423101
2020-05-11,1.5584099
2020-05-12,1.2033473
2020-05-13,2.3558996
2020-05-14,3.0136342
2020-05-15,1.8956654
2020-05-16,1.8619881
2020-05-17,1.7635643
2020-05-18,5.3377643
2020-05-19,2.616456
2020-05-20,0.97098345
2020-05-21,0.96328133
2020-05-22,1.5749677
2020-05-23,2.8171601
2020-05-24,7.6727395
2020-05-25,5.393166
2020-05-26,3.4275498
2020-05-27,2.5265198
2020-05-28,2.512542
2020-05-29,1.7436497
2020-05-30,2.4687514
2020-05-31,4.976029
2020-06-01,4.1637936
2020-06-02,3.004291
2020-06-03,4.09858
2020-06-04,4.0773177
2020-06-05,3.0770793
2020-06-06,2.8355
2020-06-07,3.3758788
2020-06-08,4.6241026
2020-06-09,3.2230203
2020-06-10,2.7505977
2020-06-11,6.8481607
2020-06-12,5.6573734
2020-06-13,2.5110056
2020-06-14,2.83258
2020-06-15,4.8351245
2020-06-16,2.1404986
2020-06-17,9.240134
2020-06-18,10.503627
2020-06-19,12.97013
2020-06-20,5.777472
2020-06-21,5.3540907
2020-06-22,9.620336
2020-06-23,3.5683007
2020-06-24,1.8815639
2020-06-25,1.8915961
2020-06-26,2.9407544
2020-06-27,3.6804612
2020-06-28,5.1733003
2020-06-29,3.5451188
2020-06-30,2.0625947
2020-07-01,3.9051785
2020-07-02,3.6830583
2020-07-03,3.8980613
2020-07-04,5.9753084
2020-07-05,2.443178
2020-07-06,4.7867804
2020-07-07,3.0872428
2020-07-08,2.2977118
2020-07-09,3.6623912
2020-07-10,3.037747
2020-07-11,4.281711
2020-07-12,2.4220018
2020-07-13,4.6439357
2020-07-14,2.2364082
2020-07-15,3.7216797
2020-07-16,2.791353
2020-07-17,2.2477536
2020-07-18,3.0471363
2020-07-19,2.5411308
2020-07-20,4.3288007
2020-07-21,2.4187708
2020-07-22,2.3381808
2020-07-23,3.083369
2020-07-24,5.448067
2020-07-25,5.099975
2020-07-26,3.1299155
2020-07-27,2.206822
2020-07-28,3.1668541
2020-07-29,2.4337494
2020-07-30,14.3359165
2020-07-31,4.0782743
2020-08-01,1.5566217
2020-08-02,1.312278
2020-08-03,1.3061942
2020-08-04,1.2951399
2020-08-05,1.5881134
2020-08-06,1.6066196
2020-08-07,1.9112967
2020-08-08,2.1011758
2020-08-09,1.3481923
2020-08-10,1.5011498
2020-08-11,2.0913777
2020-08-12,3.3486922
2020-08-13,2.5486026
2020-08-14,2.4045706
2020-08-15,4.3798265
2020-08-16,4.587523
2020-08-17,3.516401
2020-08-18,3.1133685
2020-08-19,1.9416872
2020-08-20,1.2499869
2020-08-21,1.5958624
2020-08-22,4.317824
2020-08-23,2.879304
2020-08-24,1.8343108
2020-08-25,2.0060594
2020-08-26,2.6532905
2020-08-27,2.1486747
2020-08-28,1.438548
2020-08-29,1.201651
2020-08-30,3.8575134
2020-08-31,2.4255714
2020-09-01,1.3035021
2020-09-02,1.5498383
2020-09-03,1.4445211
2020-09-04,1.3365308
2020-09-05,1.053582
2020-09-06,1.6830056
2020-09-07,1.3231031
2020-09-08,1.4299866
2020-09-09,0.9375796
2020-09-10,1.1753787
2020-09-11,0.92730767
2020-09-12,1.2660265
2020-09-13,1.3296257
2020-09-14,0.86535275
2020-09-15,0.93748313
2020-09-16,3.0851216
2020-09-17,1.3069187
2020-09-18,2.4671268
2020-09-19,5.0986905
2020-09-20,4.043049
2020-09-21,1.1667566
2020-09-22,0.7256453
2020-09-23,1.0384187
2020-09-24,1.0049764
2020-09-25,0.7377007
2020-09-26,0.889377
2020-09-27,0.86901313
2020-09-28,0.7483808
2020-09-29,1.4074249
2020-09-30,0.80634236
2020-10-01,0.8181365
2020-10-02,0.6979731
2020-10-03,1.0017319
2020-10-04,0.7805584
2020-10-05,0.89437973
2020-10-06,1.0011508
2020-10-07,0.7978695
2020-10-08,0.7775776
2020-10-09,0.62434286
2020-10-10,1.3228256
2020-10-11,0.6596426
2020-10-12,0.6178922
2020-10-13,0.8339204
2020-10-14,0.5928306
2020-10-15,0.71740645
2020-10-16,1.082383
2020-10-17,0.6393769
2020-10-18,0.524119
2020-10-19,1.4241251
2020-10-20,1.1159446
2020-10-21,0.88671356
2020-10-22,0.5497037
2020-10-23,0.4940634
2020-10-24,0.6623164
2020-10-25,0.6291155
2020-10-26,1.6610464
2020-10-27,1.4570699
2020-10-28,5.1288304
2020-10-29,2.4567366
2020-10-30,2.1143312
2020-10-31,11.9439745
2020-11-01,14.043761
2020-11-02,5.2881756
2020-11-03,2.5479476
2020-11-04,15.34143
2020-11-05,5.3690386
2020-11-06,2.1457653
2020-11-07,2.267522
2020-11-08,35.488857
2020-11-09,7.3268566
2020-11-10,8.911519
2020-11-11,4.164126
2020-11-12,3.113009
2020-11-13,4.329634
2020-11-14,4.060413
2020-11-15,3.4122908
2020-11-16,8.4918785
2020-11-17,5.1858892
2020-11-18,5.9334064
2020-11-19,12.529957
2020-11-20,5.889912
2020-11-21,4.5987935
2020-11-22,4.8230987
2020-11-23,5.1291595
2020-11-24,4.940235
2020-11-25,4.300495
2020-11-26,5.766818
2020-11-27,6.528648
2020-11-28,5.9943585
2020-11-29,7.0458527
2020-11-30,3.8743932
2020-12-01,4.3680673
2020-12-02,3.3045442
2020-12-03,2.8382947
2020-12-04,4.020887
2020-12-05,2.6717057
2020-12-06,2.4832659
2020-12-07,2.6082263
2020-12-08,3.612792
2020-12-09,3.1844234
2020-12-10,2.937867
2020-12-11,3.5698528
2020-12-12,2.291046
2020-12-13,1.8165009
2020-12-14,1.7108974
2020-12-15,1.8550414
2020-12-16,2.0276606
2020-12-17,1.6888019
2020-12-18,1.6454779
2020-12-19,1.8055391
2020-12-20,1.9508718
2020-12-21,1.4848655
2020-12-22,1.7485474
2020-12-23,1.5728048
2020-12-24,1.9490541
2020-12-25,1.8970331
2020-12-26,5.6782436
2020-12-27,3.3770478
2020-12-28,3.7281294
2020-12-29,1.417804
2020-12-30,1.3388935
2020-12-31,1.4152958
2021-01-01,1.6670239
2021-01-02,1.2600882
2021-01-03,2.129138
2021-01-04,1.7713327
2021-01-05,1.094787
2021-01-06,0.9716886
2021-01-07,0.9889784
2021-01-08,2.0353565
2021-01-09,1.2376232
2021-01-10,1.6837528
2021-01-11,1.3465675
2021-01-12,0.9761143
2021-01-13,0.8695944
2021-01-14,0.84826565
2021-01-15,0.832924
2021-01-16,0.81881714
2021-01-17,0.8131629
2021-01-18,0.80784357
2021-01-19,0.76904297
2021-01-20,0.7522897
2021-01-21,0.7395198
2021-01-22,0.76885676
2021-01-23,0.8005119
2021-01-24,0.72916776
2021-01-25,0.6993984
2021-01-26,0.6615262
2021-01-27,0.6428242
2021-01-28,0.6274394
2021-01-29,0.6081604
2021-01-30,0.59291846
2021-01-31,0.57967097
2021-02-01,0.59462076
2021-02-02,0.5602451
2021-02-03,0.5427962
2021-02-04,0.52888817
2021-02-05,0.51709485
2021-02-06,0.5341016
2021-02-07,0.5351349
2021-02-08,0.49670345
2021-02-09,0.54620516
2021-02-10,0.830932
2021-02-11,0.6382495
2021-02-12,0.57044125
2021-02-13,0.46480465
2021-02-14,0.6177935
2021-02-15,1.092052
2021-02-16,1.1825196
2021-02-17,0.5668632
2021-02-18,0.4057966
2021-02-19,0.39068118
2021-02-20,0.4068588
2021-02-21,0.38739833
2021-02-22,0.43841422
2021-02-23,0.3678795
2021-02-24,0.3577954
2021-02-25,0.36330068
2021-02-26,0.3883924
2021-02-27,1.2158173
2021-02-28,0.5054245
2021-03-01,0.5027811
2021-03-02,0.34830856
2021-03-03,0.31001955
2021-03-04,0.30341
2021-03-05,0.32719228
2021-03-06,0.40750825
2021-03-07,0.6368691
2021-03-08,0.32512823
2021-03-09,0.28922397
2021-03-10,0.41272423
2021-03-11,0.9560198
2021-03-12,0.3401956
2021-03-13,0.9417015
2021-03-14,1.4117066
2021-03-15,2.8423364
2021-03-16,3.8907716
2021-03-17,2.7090962
2021-03-18,2.5011709
2021-03-19,1.0649267
2021-03-20,2.1175227
2021-03-21,0.6650964
2021-03-22,0.26246607
2021-03-23,0.2718175
2021-03-24,2.991989
2021-03-25,1.9912941
2021-03-26,1.8946447
2021-03-27,1.5639727
2021-03-28,0.43187287
2021-03-29,0.5667324
2021-03-30,0.5196176
2021-03-31,0.8370548
2021-04-01,0.7227706
2021-04-02,1.0668349
2021-04-03,0.49343672
2021-04-04,0.8203431
2021-04-05,4.831918
2021-04-06,2.3745775
2021-04-07,2.4922097
2021-04-08,2.267124
2021-04-09,3.1224914
2021-04-10,1.6975092
2021-04-11,1.3123436
2021-04-12,2.0771153
2021-04-13,0.5239495
2021-04-14,1.627123
2021-04-15,1.5144643
2021-04-16,0.96967465
2021-04-17,1.2896875
2021-04-18,0.7405754
2021-04-19,0.40183648
2021-04-20,0.37133846
2021-04-21,0.3934646
2021-04-22,0.37059984
2021-04-23,0.38647568
2021-04-24,0.42338032
2021-04-25,0.50448394
2021-04-26,1.5279976
2021-04-27,9.560865
2021-04-28,6.7425246
2021-04-29,6.9433045
2021-04-30,14.995865
2021-05-01,7.4681554
2021-05-02,16.255219
2021-05-03,8.682427
2021-05-04,3.9467776
2021-05-05,3.2390563
2021-05-06,6.9647255
2021-05-07,15.805649
2021-05-08,9.743023
2021-05-09,4.795662
2021-05-10,57.50042
2021-05-11,10.536947
2021-05-12,5.5166383
2021-05-13,7.4813266
2021-05-14,5.102937
2021-05-15,5.28636
2021-05-16,5.6113305
2021-05-17,24.326496
2021-05-18,10.700182
2021-05-19,4.412931
2021-05-20,4.378717
2021-05-21,3.804583
2021-05-22,3.6017628
2021-05-23,3.0753052
2021-05-24,3.07658
2021-05-25,6.162505
2021-05-26,3.2336497
2021-05-27,4.518739
2021-05-28,3.6488907
2021-05-29,7.2814574
2021-05-30,8.535785
2021-05-31,3.7559497
2021-06-01,4.460666
2021-06-02,6.0361433
2021-06-03,6.2034574
2021-06-04,4.006839
2021-06-05,3.2694936
2021-06-06,6.782013
2021-06-07,3.448299
2021-06-08,4.325837
2021-06-09,5.0150046
2021-06-10,4.227329
2021-06-11,6.6477346
2021-06-12,6.8550873
2021-06-13,5.667339
2021-06-14,5.0087485
2021-06-15,4.939364
2021-06-16,4.28243
2021-06-17,4.9562044
2021-06-18,4.9748
2021-06-19,4.2654524
2021-06-20,7.629304
2021-06-21,4.877764
2021-06-22,4.969355
2021-06-23,5.8760786
2021-06-24,4.2081246
2021-06-25,4.7487154
2021-06-26,5.089931
2021-06-27,3.8713927
2021-06-28,3.647459
2021-06-29,3.3336637
2021-06-30,8.390291
2021-07-01,3.5032046
2021-07-02,2.4996316
2021-07-03,2.381322
2021-07-04,2.164302
2021-07-05,2.3981705
2021-07-06,6.5913258
2021-07-07,2.5107083
2021-07-08,3.6091154
2021-07-09,4.634807
2021-07-10,6.298777
2021-07-11,6.479984
2021-07-12,2.7499354
2021-07-13,4.3387794
2021-07-14,3.1988163
2021-07-15,3.5966628
2021-07-16,4.24666
2021-07-17,3.9824831
2021-07-18,2.9667108
2021-07-19,2.5116074
2021-07-20,2.6344593
2021-07-21,10.35061
2021-07-22,7.14152
2021-07-23,3.7139978
2021-07-24,4.4138365
2021-07-25,3.9942205
2021-07-26,2.4032748
2021-07-27,4.1014953
2021-07-28,5.1166544
2021-07-29,4.6889544
2021-07-30,7.617281
2021-07-31,5.097808
2021-08-01,20.529886
2021-08-02,6.4452515
2021-08-03,2.840563
2021-08-04,2.6574714
2021-08-05,2.1596344
2021-08-06,2.1487288
2021-08-07,2.3368862
2021-08-08,3.033941
2021-08-09,8.138392
2021-08-10,9.276111
2021-08-11,3.1345277
2021-08-12,3.027594
2021-08-13,4.086167
2021-08-14,2.9533615
2021-08-15,2.4727497
2021-08-16,3.5335925
2021-08-17,5.327648
2021-08-18,3.7183995
2021-08-19,8.447797
2021-08-20,4.601289
2021-08-21,3.9083376
2021-08-22,4.9585004
2021-08-23,2.7255495
2021-08-24,3.1200953
2021-08-25,4.766553
2021-08-26,2.4445841
2021-08-27,2.1120546
2021-08-28,2.9951553
2021-08-29,3.046521
2021-08-30,2.0800643
2021-08-31,2.2837415
2021-09-01,5.0166893
2021-09-02,2.833976
2021-09-03,2.6938517
2021-09-04,2.6787024
2021-09-05,2.2831137
2021-09-06,4.090273
2021-09-07,2.8353949
2021-09-08,2.625385
2021-09-09,3.8589804
2021-09-10,3.9896176
2021-09-11,3.5182378
2021-09-12,3.686171
2021-09-13,1.8270507
2021-09-14,2.003454
2021-09-15,1.936796
2021-09-16,3.240761
2021-09-17,1.7423861
2021-09-18,2.3113234
2021-09-19,5.9206157
2021-09-20,3.1105957
2021-09-21,8.8133745
2021-09-22,5.1385465
2021-09-23,4.7687817
2021-09-24,3.7780335
2021-09-25,4.1900744
2021-09-26,1.897617
2021-09-27,2.7498534
2021-09-28,6.021601
2021-09-29,4.225722
2021-09-30,2.609513
2021-10-01,2.0930748
2021-10-02,2.165037
2021-10-03,1.8250479
2021-10-04,2.3993626
2021-10-05,3.8094256
2021-10-06,4.009808
2021-10-07,2.3948436
2021-10-08,2.5190911
2021-10-09,2.3044815
2021-10-10,2.9235897
2021-10-11,5.8152556
2021-10-12,3.6075761
2021-10-13,2.6198368
2021-10-14,2.2909734
2021-10-15,2.3665435
2021-10-16,2.559449
2021-10-17,1.7815638
2021-10-18,1.9746332
2021-10-19,1.8206431
2021-10-20,1.7800468
2021-10-21,2.3404672
2021-10-22,1.8226594
2021-10-23,2.1906462
2021-10-24,2.332264
2021-10-25,4.4838276
2021-10-26,2.996645
2021-10-27,3.8357084
2021-10-28,2.8302362
2021-10-29,2.4076178
2021-10-30,1.9923253
2021-10-31,7.923203
2021-11-01,4.3730445
2021-11-02,3.626433
2021-11-03,2.7658937
2021-11-04,2.6662729
2021-11-05,1.9807836
2021-11-06,1.8501078
2021-11-07,1.7840375
2021-11-08,2.6122384
2021-11-09,1.9182717
2021-11-10,1.9630448
2021-11-11,2.2982194
2021-11-12,1.748265
2021-11-13,1.6427871
2021-11-14,1.7219309
2021-11-15,1.7210633
2021-11-16,1.5948303
2021-11-17,1.6535319
2021-11-18,1.5095054
2021-11-19,1.5505173
2021-11-20,1.437682
2021-11-21,1.7452258
2021-11-22,2.0941653
2021-11-23,2.574938
2021-11-24,2.674008
2021-11-25,2.5254087
2021-11-26,1.5639052
2021-11-27,1.3814609
2021-11-28,2.0807016
2021-11-29,1.3434484
2021-11-30,1.170812
2021-12-01,1.1422975
2021-12-02,1.1047962
2021-12-03,1.0585492
2021-12-04,1.0682421
2021-12-05,1.0407921
2021-12-06,1.0452397
2021-12-07,1.0044037
2021-12-08,0.9817123
2021-12-09,0.9807961
2021-12-10,1.023014
2021-12-11,1.101015
2021-12-12,1.0767169
2021-12-13,0.8845457
2021-12-14,0.86357415
2021-12-15,1.5574378
2021-12-16,1.9727739
2021-12-17,1.0587714
2021-12-18,0.8593694
2021-12-19,0.8107485
2021-12-20,0.8959387
2021-12-21,0.8353617
2021-12-22,1.2315387
2021-12-23,1.1060642
2021-12-24,1.1168932
2021-12-25,0.9738752
2021-12-26,0.7070355
2021-12-27,0.72553927
2021-12-28,0.6873667
2021-12-29,0.63471115
2021-12-30,0.62708473
2021-12-31,0.604086
2022-01-01,0.6316981
2022-01-02,0.576095
2022-01-03,0.55823594
2022-01-04,0.5455682
2022-01-05,0.5468339
2022-01-06,0.53965783
2022-01-07,0.5154615
2022-01-08,0.5187037
2022-01-09,0.51612425
2022-01-10,0.5432204
2022-01-11,0.5259965
2022-01-12,0.551114
2022-01-13,0.4865289
2022-01-14,0.58578116
2022-01-15,0.46361232
2022-01-16,0.43629992
2022-01-17,0.46466067
2022-01-18,0.47047305
2022-01-19,0.42909974
2022-01-20,0.40448838
2022-01-21,0.39585596
2022-01-22,0.3926282
2022-01-23,0.45408636
2022-01-24,0.44716167
2022-01-25,0.37621638
2022-01-26,0.3806644
2022-01-27,0.38265657
2022-01-28,0.34809348
2022-01-29,0.3408198
2022-01-30,0.3973438
2022-01-31,0.3670946
2022-02-01,0.33992553
2022-02-02,0.32026488
2022-02-03,0.30911446
2022-02-04,0.32083023
2022-02-05,3.548176
2022-02-06,0.9120197
2022-02-07,0.37498596
2022-02-08,0.412979
2022-02-09,0.9477176
2022-02-10,0.9483378
2022-02-11,0.516913
2022-02-12,0.35685915
2022-02-13,0.31059796
2022-02-14,0.3093205
2022-02-15,0.7790212
2022-02-16,0.3972644
2022-02-17,0.27596205
2022-02-18,0.28780353
2022-02-19,0.2799454
2022-02-20,0.34780127
2022-02-21,0.4761855
2022-02-22,0.26963905
2022-02-23,0.28120828
2022-02-24,1.5576942
2022-02-25,0.50284445
2022-02-26,0.28133065
2022-02-27,0.68382967
2022-02-28,1.1253147
2022-03-01,0.9866066
2022-03-02,0.37071308
2022-03-03,0.7390287
2022-03-04,1.6079184
2022-03-05,0.77392006
2022-03-06,1.5911329
2022-03-07,3.2079027
2022-03-08,0.8711049
2022-03-09,0.5125189
2022-03-10,0.34076807
2022-03-11,0.73177946
2022-03-12,2.9758708
2022-03-13,11.363864
2022-03-14,10.035482
2022-03-15,1.4304384
2022-03-16,0.8498446
2022-03-17,1.3727739
2022-03-18,0.6343142
2022-03-19,0.42481866
2022-03-20,0.530187
2022-03-21,0.5310642
2022-03-22,0.6857806
2022-03-23,0.38770628
2022-03-24,0.33491507
2022-03-25,0.35231116
2022-03-26,0.47270873
2022-03-27,0.72240615
2022-03-28,0.65653086
2022-03-29,1.517206
2022-03-30,0.4867091
2022-03-31,0.41674393
2022-04-01,0.36254084
2022-04-02,0.3451259
2022-04-03,1.2869152
2022-04-04,2.6744843
2022-04-05,3.5253832
2022-04-06,4.737305
2022-04-07,2.7147462
2022-04-08,2.206318
2022-04-09,0.70938885
2022-04-10,0.45598552
2022-04-11,0.5977019
2022-04-12,0.5467916
2022-04-13,0.41701362
2022-04-14,0.45238733
2022-04-15,0.53988636
2022-04-16,8.6005125
2022-04-17,15.334986
2022-04-18,7.1249123
2022-04-19,4.436007
2022-04-20,6.1183763
2022-04-21,10.428316
2022-04-22,8.2868
2022-04-23,9.806142
2022-04-24,6.404025
2022-04-25,3.3608186
2022-04-26,3.4029992
2022-04-27,5.9120984
2022-04-28,4.865173
2022-04-29,6.186476
2022-04-30,5.0781803
2022-05-01,2.2303963
2022-05-02,3.3003023
2022-05-03,2.0417252
2022-05-04,1.9281901
2022-05-05,5.679369
2022-05-06,4.450696
2022-05-07,28.855473
2022-05-08,6.077326
2022-05-09,3.4147007
2022-05-10,3.8676066
2022-05-11,9.63967
2022-05-12,7.738227
2022-05-13,5.0778513
2022-05-14,4.647617
2022-05-15,3.9437242
2022-05-16,4.2327037
2022-05-17,7.1227493
2022-05-18,9.875211
2022-05-19,37.75703
2022-05-20,9.615703
2022-05-21,3.651342
2022-05-22,2.9865515
2022-05-23,3.9117248
2022-05-24,4.068945
2022-05-25,4.2600346
2022-05-26,3.6923318
2022-05-27,8.051187
2022-05-28,4.5296636
2022-05-29,5.250381
2022-05-30,6.7749214
2022-05-31,3.422066
2022-06-01,3.694459
2022-06-02,2.7324305
2022-06-03,2.7964637
2022-06-04,4.3295655
2022-06-05,2.8735514
2022-06-06,3.6748123
2022-06-07,4.4029617
2022-06-08,5.6554365
2022-06-09,5.1464815
2022-06-10,3.0298963
2022-06-11,4.0384808
2022-06-12,7.6076136
2022-06-13,12.21133
2022-06-14,3.5517068
2022-06-15,2.583096
2022-06-16,3.156537
2022-06-17,4.7859864
2022-06-18,3.9865906
2022-06-19,5.554618
2022-06-20,5.468732
2022-06-21,5.383433
2022-06-22,3.790492
2022-06-23,5.33812
2022-06-24,11.168397
2022-06-25,6.6168323
2022-06-26,17.416515
2022-06-27,5.025701
2022-06-28,5.738394
2022-06-29,6.9646735
2022-06-30,6.150103
2022-07-01,5.57921
2022-07-02,5.6529303
2022-07-03,6.755588
2022-07-04,12.058364
2022-07-05,6.445919
2022-07-06,6.7925243
2022-07-07,5.1419415
2022-07-08,27.931452
2022-07-09,7.7434845
2022-07-10,7.6013207
2022-07-11,6.057179
2022-07-12,6.328849
2022-07-13,5.1903396
2022-07-14,4.517294
2022-07-15,4.916236
2022-07-16,4.397257
2022-07-17,5.7118993
2022-07-18,4.126126
2022-07-19,3.7634423
2022-07-20,4.6588125
2022-07-21,3.686754
2022-07-22,4.6643453
2022-07-23,3.9972544
2022-07-24,4.6388726
2022-07-25,4.0782843
2022-07-26,5.0168166
2022-07-27,6.361067
2022-07-28,6.6743813
2022-07-29,5.424654
2022-07-30,3.810274
2022-07-31,4.8840737
2022-08-01,3.8938777
2022-08-02,7.017518
2022-08-03,3.8867245
2022-08-04,2.9104998
2022-08-05,3.506669
2022-08-06,6.349419
2022-08-07,3.0648892
2022-08-08,2.6914105
2022-08-09,19.397043
2022-08-10,12.335953
2022-08-11,3.4303672
2022-08-12,3.3718436
2022-08-13,4.952232
2022-08-14,4.001637
2022-08-15,3.1264951
2022-08-16,2.7990592
2022-08-17,2.6297498
2022-08-18,2.5287766
2022-08-19,2.4831524
2022-08-20,3.2207093
2022-08-21,3.173656
2022-08-22,2.4722548
2022-08-23,2.303363
2022-08-24,2.2350056
2022-08-25,2.1722152
2022-08-26,2.1230202
2022-08-27,2.1062682
2022-08-28,2.1455886
2022-08-29,2.6719875
2022-08-30,1.9916643
2022-08-31,2.447743
2022-09-01,2.880257
2022-09-02,2.3469725
2022-09-03,3.6990495
2022-09-04,2.4230204
2022-09-05,1.7805761
2022-09-06,1.6958691
2022-09-07,1.6810486
2022-09-08,1.5745895
2022-09-09,2.350821
2022-09-10,1.9383656
2022-09-11,1.5133135
2022-09-12,1.9315159
2022-09-13,3.2554595
2022-09-14,2.5523512
2022-09-15,1.5868819
2022-09-16,3.4640822
2022-09-17,1.6031809
2022-09-18,1.2988895
2022-09-19,1.987845
2022-09-20,2.9827726
2022-09-21,2.6957796
2022-09-22,2.5511365
2022-09-23,1.5775412
2022-09-24,1.6047589
2022-09-25,1.4574021
2022-09-26,1.2089542
2022-09-27,1.1291895
2022-09-28,1.9849085
2022-09-29,1.4155695
2022-09-30,2.4509754
2022-10-01,1.9760835
2022-10-02,1.3299513
2022-10-03,1.342512
2022-10-04,1.7617166
2022-10-05,2.0364885
2022-10-06,1.3090508
2022-10-07,1.4010887
2022-10-08,1.6226466
2022-10-09,1.4186442
2022-10-10,1.0629492
2022-10-11,0.98759377
2022-10-12,1.0555394
2022-10-13,1.1247844
2022-10-14,2.3093326
2022-10-15,1.9696803
2022-10-16,1.4816796
2022-10-17,1.1241906
2022-10-18,3.569515
2022-10-19,4.1200852
2022-10-20,2.5306528
2022-10-21,2.510877
2022-10-22,2.5995889
2022-10-23,1.2469375
2022-10-24,3.3107383
2022-10-25,1.5295475
2022-10-26,19.836695
2022-10-27,4.725281
2022-10-28,11.017075
2022-10-29,15.801297
2022-10-30,7.5969486
2022-10-31,3.0809186
2022-11-01,2.493076
2022-11-02,5.963234
2022-11-03,10.9357
2022-11-04,3.5564115
2022-11-05,2.835356
2022-11-06,3.9416919
2022-11-07,3.7470884
2022-11-08,4.879412
2022-11-09,6.619872
2022-11-10,7.164628
2022-11-11,6.1052556
2022-11-12,5.9560466
2022-11-13,4.108208
2022-11-14,4.539506
2022-11-15,4.7021427
2022-11-16,4.2313566
2022-11-17,6.1083965
2022-11-18,5.6235213
2022-11-19,4.069781
2022-11-20,5.1599956
2022-11-21,4.064248
2022-11-22,8.682209
2022-11-23,7.8448634
2022-11-24,3.6966565
2022-11-25,3.3591156
2022-11-26,3.144291
2022-11-27,7.4021673
2022-11-28,3.5309238
2022-11-29,8.405391
2022-11-30,16.875004
2022-12-01,3.7864141
2022-12-02,4.8579454
2022-12-03,4.162827
2022-12-04,4.4337125
2022-12-05,6.1547003
2022-12-06,5.7979593
2022-12-07,3.6631024
2022-12-08,3.2954936
2022-12-09,3.3849182
2022-12-10,3.1868289
2022-12-11,3.1882217
2022-12-12,3.2924316
2022-12-13,3.2346087
2022-12-14,2.8090973
2022-12-15,2.5235124
2022-12-16,2.4085705
2022-12-17,2.2838619
2022-12-18,2.1439009
2022-12-19,2.0066967
2022-12-20,1.9158298
2022-12-21,1.8462887
2022-12-22,1.8074528
2022-12-23,1.7474784
2022-12-24,1.5833217
2022-12-25,1.5058781
2022-12-26,1.4460478
2022-12-27,1.39225
2022-12-28,1.5105052
2022-12-29,1.8610398
2022-12-30,1.3434355
2022-12-31,1.2421288
2023-01-01,1.2376257
2023-01-02,1.7375764
2023-01-03,1.4075842
2023-01-04,1.107989
2023-01-05,1.1180137
2023-01-06,1.0467389
2023-01-07,1.0362387
2023-01-08,1.3484428
2023-01-09,1.572131
2023-01-10,2.3068976
2023-01-11,1.6402589
2023-01-12,2.5575955
2023-01-13,1.460141
2023-01-14,1.6746113
2023-01-15,1.1903235
2023-01-16,0.9790207
2023-01-17,1.019546
2023-01-18,0.90975595
2023-01-19,0.7703155
2023-01-20,0.84100515
2023-01-21,0.73409027
2023-01-22,0.69380677
2023-01-23,0.6873773
2023-01-24,0.6577079
2023-01-25,0.6381903
2023-01-26,0.623259
2023-01-27,0.6101107
2023-01-28,0.5961925
2023-01-29,0.5793149
2023-01-30,0.56964356
2023-01-31,0.55852157
2023-02-01,0.50155616
2023-02-02,0.53899425
2023-02-03,0.5271523
2023-02-04,0.5176901
2023-02-05,0.520798
2023-02-06,0.51022285
2023-02-07,0.51532376
2023-02-08,0.4907544
2023-02-09,0.56968695
2023-02-10,0.56721574
2023-02-11,0.5298783
2023-02-12,0.4722626
2023-02-13,0.46870968
2023-02-14,0.4437706
2023-02-15,0.46197382
2023-02-16,0.5239976
2023-02-17,0.7927855
2023-02-18,0.9020204
2023-02-19,0.44923085
2023-02-20,0.3948294
2023-02-21,0.40605655
2023-02-22,0.38869166
2023-02-23,0.37756327
2023-02-24,0.37390786
2023-02-25,0.36968422
2023-02-26,0.3594215
2023-02-27,0.3673347
2023-02-28,0.42469722
2023-03-01,1.0625085
2023-03-02,0.8112394
2023-03-03,0.50260174
2023-03-04,0.5152291
2023-03-05,0.48470733
2023-03-06,0.46359035
2023-03-07,0.40899727
2023-03-08,0.63831776
2023-03-09,0.42892835
2023-03-10,2.6192365
2023-03-11,3.6186972
2023-03-12,5.438623
2023-03-13,3.61221
2023-03-14,0.7826818
2023-03-15,0.4448961
2023-03-16,0.33369687
2023-03-17,0.33901444
2023-03-18,0.43423846
2023-03-19,1.3186302
2023-03-20,0.44071436
2023-03-21,0.30985838
2023-03-22,0.3307897
2023-03-23,0.3326156
2023-03-24,0.32064435
2023-03-25,0.30361623
2023-03-26,0.364882
2023-03-27,0.3306848
2023-03-28,0.4655343
2023-03-29,0.50054646
2023-03-30,0.596192
2023-03-31,0.35999662
2023-04-01,0.63827723
2023-04-02,1.0354446
2023-04-03,0.38517153
2023-04-04,0.33919615
2023-04-05,0.35018513
2023-04-06,0.35967082
2023-04-07,1.2405703
2023-04-08,2.8314502
2023-04-09,2.1049867
2023-04-10,0.93161255
2023-04-11,0.70350957
2023-04-12,4.662005
2023-04-13,0.71645176
2023-04-14,0.2953136
2023-04-15,0.31559685
2023-04-16,0.7858587
2023-04-17,3.5521722
2023-04-18,5.408141
2023-04-19,1.2035643
2023-04-20,0.63087875
2023-04-21,1.1063588
2023-04-22,5.8117676
2023-04-23,28.966383
2023-04-24,12.208653
2023-04-25,41.95094
2023-04-26,64.861946
2023-04-27,14.754495
2023-04-28,15.757326
2023-04-29,8.379656
2023-04-30,5.610699
2023-05-01,3.5264544
2023-05-02,3.5519736
2023-05-03,3.1294742
2023-05-04,2.8458037
2023-05-05,2.6034462
2023-05-06,2.4096875
2023-05-07,2.2126422
2023-05-08,2.148467
2023-05-09,4.095088
2023-05-10,5.783799
2023-05-11,3.9325128
2023-05-12,2.1908042
2023-05-13,3.086468
2023-05-14,4.4657316
2023-05-15,7.216778
2023-05-16,6.255822
2023-05-17,3.161841
2023-05-18,4.106282
2023-05-19,2.4442074
2023-05-20,2.171336
2023-05-21,3.4183307
2023-05-22,7.3656726
2023-05-23,2.6265595
2023-05-24,3.4410625
2023-05-25,20.319418
2023-05-26,6.8504715
2023-05-27,3.530282
2023-05-28,2.483695
2023-05-29,1.5434654
2023-05-30,2.4411187
2023-05-31,4.899511
2023-06-01,12.662099
2023-06-02,2.6628306
2023-06-03,1.5254052
2023-06-04,1.2979897
2023-06-05,3.0593398
2023-06-06,4.2727103
2023-06-07,2.61199
2023-06-08,16.21472
2023-06-09,3.7622445
2023-06-10,4.632286
2023-06-11,2.0982218
2023-06-12,2.1015308
2023-06-13,1.7520734
2023-06-14,6.434322
2023-06-15,21.277504
2023-06-16,14.317139
2023-06-17,7.4950585
2023-06-18,2.561903
2023-06-19,2.1112554
2023-06-20,2.2891638
2023-06-21,5.5990124
2023-06-22,4.056593
2023-06-23,2.9448628
2023-06-24,5.7482924
2023-06-25,4.0446825
2023-06-26,3.1596904
2023-06-27,6.215341
2023-06-28,5.834826
2023-06-29,7.6067586
2023-06-30,5.8225346
