datetime,streamflow_m^3/s
1979-01-01,0.0
1979-01-02,1.3935587
1979-01-03,1.3138051
1979-01-04,1.2508271
1979-01-05,1.1957023
1979-01-06,1.1406587
1979-01-07,1.0850365
1979-01-08,1.0310189
1979-01-09,0.9804578
1979-01-10,0.9340303
1979-01-11,0.89003396
1979-01-12,0.85023034
1979-01-13,0.8137097
1979-01-14,0.7816002
1979-01-15,0.7485809
1979-01-16,0.71779764
1979-01-17,0.6860775
1979-01-18,0.65605354
1979-01-19,0.62589043
1979-01-20,0.5987215
1979-01-21,0.5725164
1979-01-22,0.5492976
1979-01-23,0.55726355
1979-01-24,0.55317307
1979-01-25,0.5015257
1979-01-26,0.54171383
1979-01-27,0.5421285
1979-01-28,0.4743623
1979-01-29,0.5163123
1979-01-30,0.44690898
1979-01-31,0.43004614
1979-02-01,0.42366633
1979-02-02,0.40806657
1979-02-03,0.4035763
1979-02-04,0.37548107
1979-02-05,0.36312056
1979-02-06,0.34986168
1979-02-07,0.33523962
1979-02-08,0.3222171
1979-02-09,0.31388453
1979-02-10,0.29868153
1979-02-11,0.31714228
1979-02-12,0.31105813
1979-02-13,0.27277064
1979-02-14,0.26137546
1979-02-15,0.26017275
1979-02-16,0.2503602
1979-02-17,0.23772883
1979-02-18,0.22884099
1979-02-19,0.2212078
1979-02-20,0.21577872
1979-02-21,0.20764233
1979-02-22,0.19955519
1979-02-23,0.19304816
1979-02-24,0.20173928
1979-02-25,0.20121387
1979-02-26,0.17559563
1979-02-27,0.17033789
1979-02-28,0.16628794
1979-03-01,0.21600682
1979-03-02,1.3697538
1979-03-03,1.7623523
1979-03-04,0.27183446
1979-03-05,0.729624
1979-03-06,0.58904576
1979-03-07,1.9229312
1979-03-08,2.73136
1979-03-09,1.9425614
1979-03-10,1.5367374
1979-03-11,4.9784594
1979-03-12,0.30462268
1979-03-13,0.19221465
1979-03-14,0.138037
1979-03-15,0.18562111
1979-03-16,0.52354413
1979-03-17,0.89912546
1979-03-18,3.0869794
1979-03-19,0.2462254
1979-03-20,0.22502883
1979-03-21,1.1082441
1979-03-22,0.36261022
1979-03-23,1.8324585
1979-03-24,0.39084694
1979-03-25,0.95402426
1979-03-26,0.89313906
1979-03-27,5.056002
1979-03-28,2.1459792
1979-03-29,0.1927836
1979-03-30,0.14251961
1979-03-31,0.16465014
1979-04-01,0.17137179
1979-04-02,1.4077287
1979-04-03,1.1747996
1979-04-04,1.9709479
1979-04-05,0.45376474
1979-04-06,1.7842315
1979-04-07,1.6132056
1979-04-08,3.4031038
1979-04-09,7.1492004
1979-04-10,2.4549215
1979-04-11,3.414039
1979-04-12,1.9079282
1979-04-13,3.7880077
1979-04-14,2.186546
1979-04-15,2.9883761
1979-04-16,4.2717752
1979-04-17,3.4700341
1979-04-18,4.689541
1979-04-19,24.539211
1979-04-20,8.199595
1979-04-21,6.3048115
1979-04-22,6.6151876
1979-04-23,6.847227
1979-04-24,6.519549
1979-04-25,4.7104206
1979-04-26,5.133625
1979-04-27,5.975534
1979-04-28,5.2791147
1979-04-29,6.457029
1979-04-30,4.4771395
1979-05-01,5.3447704
1979-05-02,4.1001105
1979-05-03,4.8832803
1979-05-04,4.292113
1979-05-05,3.8813787
1979-05-06,7.337673
1979-05-07,6.640397
1979-05-08,5.3952155
1979-05-09,5.1766863
1979-05-10,6.373998
1979-05-11,4.401894
1979-05-12,5.1274524
1979-05-13,4.1375837
1979-05-14,5.8191943
1979-05-15,4.674647
1979-05-16,6.2715654
1979-05-17,3.355191
1979-05-18,4.921793
1979-05-19,3.7234898
1979-05-20,5.044525
1979-05-21,6.4591694
1979-05-22,3.3400102
1979-05-23,4.5200624
1979-05-24,7.646183
1979-05-25,5.663187
1979-05-26,5.6050315
1979-05-27,4.5988345
1979-05-28,6.825571
1979-05-29,10.655031
1979-05-30,7.571268
1979-05-31,7.0481296
1979-06-01,10.816003
1979-06-02,8.436429
1979-06-03,7.0866733
1979-06-04,6.6343
1979-06-05,6.2770786
1979-06-06,6.056022
1979-06-07,5.9401875
1979-06-08,5.912753
1979-06-09,5.764517
1979-06-10,6.4786406
1979-06-11,5.7858753
1979-06-12,7.8720975
1979-06-13,7.9750113
1979-06-14,11.229489
1979-06-15,10.559135
1979-06-16,13.436836
1979-06-17,11.095917
1979-06-18,10.764572
1979-06-19,8.019703
1979-06-20,7.3129334
1979-06-21,11.049634
1979-06-22,10.695966
1979-06-23,6.1754456
1979-06-24,6.644698
1979-06-25,12.258144
1979-06-26,8.358738
1979-06-27,6.3543024
1979-06-28,5.585304
1979-06-29,10.305896
1979-06-30,7.9334316
1979-07-01,8.385056
1979-07-02,7.0120544
1979-07-03,8.771115
1979-07-04,7.7974668
1979-07-05,6.728667
1979-07-06,9.422599
1979-07-07,7.6745205
1979-07-08,6.5020285
1979-07-09,5.949134
1979-07-10,9.541516
1979-07-11,7.058506
1979-07-12,9.853149
1979-07-13,7.6296473
1979-07-14,7.1107793
1979-07-15,7.927725
1979-07-16,10.71432
1979-07-17,7.0359483
1979-07-18,6.8235784
1979-07-19,5.7361846
1979-07-20,5.589054
1979-07-21,5.875603
1979-07-22,7.3753552
1979-07-23,5.1411867
1979-07-24,5.191024
1979-07-25,4.649595
1979-07-26,5.656775
1979-07-27,4.6777806
1979-07-28,5.440287
1979-07-29,6.5270743
1979-07-30,5.3595552
1979-07-31,4.023819
1979-08-01,3.8887513
1979-08-02,5.6421576
1979-08-03,4.607628
1979-08-04,4.692709
1979-08-05,4.21939
1979-08-06,4.695347
1979-08-07,5.3802123
1979-08-08,4.886794
1979-08-09,6.707069
1979-08-10,5.5399184
1979-08-11,6.079294
1979-08-12,4.3356543
1979-08-13,4.1560006
1979-08-14,5.342262
1979-08-15,4.7061353
1979-08-16,6.9752574
1979-08-17,4.3004208
1979-08-18,4.937095
1979-08-19,4.041332
1979-08-20,3.759047
1979-08-21,3.7905214
1979-08-22,3.800166
1979-08-23,4.82834
1979-08-24,3.4018593
1979-08-25,3.701325
1979-08-26,2.9594662
1979-08-27,3.0536344
1979-08-28,4.5398407
1979-08-29,2.9810846
1979-08-30,2.5663836
1979-08-31,3.6453745
1979-09-01,2.4390523
1979-09-02,2.3123903
1979-09-03,4.6215587
1979-09-04,2.2750864
1979-09-05,2.1631231
1979-09-06,3.0745447
1979-09-07,3.0314631
1979-09-08,1.9992564
1979-09-09,3.1078053
1979-09-10,1.8651223
1979-09-11,1.7794241
1979-09-12,3.6902974
1979-09-13,2.1629114
1979-09-14,2.9508204
1979-09-15,2.8952549
1979-09-16,2.24044
1979-09-17,1.5599765
1979-09-18,1.5156956
1979-09-19,2.224811
1979-09-20,1.9101703
1979-09-21,1.6463146
1979-09-22,2.4914765
1979-09-23,1.496603
1979-09-24,4.8181853
1979-09-25,2.7057242
1979-09-26,1.9024698
1979-09-27,2.0324898
1979-09-28,1.9759302
1979-09-29,1.9837852
1979-09-30,2.4089963
1979-10-01,3.1969047
1979-10-02,2.5331466
1979-10-03,2.5272057
1979-10-04,3.8265347
1979-10-05,3.3228064
1979-10-06,3.2560055
1979-10-07,4.1455326
1979-10-08,3.8094413
1979-10-09,3.163972
1979-10-10,2.1620965
1979-10-11,3.718781
1979-10-12,2.0951
1979-10-13,3.083805
1979-10-14,2.1301925
1979-10-15,2.1858833
1979-10-16,2.6694014
1979-10-17,2.3443859
1979-10-18,2.1922846
1979-10-19,2.9644387
1979-10-20,5.309228
1979-10-21,4.065357
1979-10-22,2.8957348
1979-10-23,2.2592084
1979-10-24,4.413172
1979-10-25,2.5546288
1979-10-26,8.007286
1979-10-27,3.6036692
1979-10-28,3.8789713
1979-10-29,9.048073
1979-10-30,5.111823
1979-10-31,4.6791997
1979-11-01,4.517114
1979-11-02,4.9181595
1979-11-03,5.1559668
1979-11-04,4.3528495
1979-11-05,4.1050954
1979-11-06,3.37837
1979-11-07,3.2600708
1979-11-08,3.5935178
1979-11-09,3.2336135
1979-11-10,3.0940957
1979-11-11,4.1589384
1979-11-12,3.15494
1979-11-13,3.0837605
1979-11-14,2.3603013
1979-11-15,2.3248467
1979-11-16,2.3525407
1979-11-17,4.1827383
1979-11-18,2.3482585
1979-11-19,2.6238139
1979-11-20,2.012479
1979-11-21,2.0067253
1979-11-22,2.315258
1979-11-23,1.8561692
1979-11-24,2.0798078
1979-11-25,1.8870814
1979-11-26,2.0349205
1979-11-27,4.04692
1979-11-28,1.7690421
1979-11-29,2.0667121
1979-11-30,2.7051656
1979-12-01,1.8399041
1979-12-02,2.51888
1979-12-03,2.865068
1979-12-04,2.6366384
1979-12-05,2.3147118
1979-12-06,2.4248571
1979-12-07,2.9928777
1979-12-08,2.206461
1979-12-09,2.8118057
1979-12-10,2.4362764
1979-12-11,1.9724394
1979-12-12,1.9261626
1979-12-13,1.8783537
1979-12-14,1.8275334
1979-12-15,1.767974
1979-12-16,1.7148665
1979-12-17,2.7953277
1979-12-18,2.121325
1979-12-19,1.694698
1979-12-20,1.5785632
1979-12-21,1.5230491
1979-12-22,3.3907526
1979-12-23,1.4961008
1979-12-24,1.3958517
1979-12-25,1.6915427
1979-12-26,1.3352672
1979-12-27,1.2947085
1979-12-28,1.4702564
1979-12-29,3.5991926
1979-12-30,1.969558
1979-12-31,1.3600122
1980-01-01,3.5819173
1980-01-02,1.2472488
1980-01-03,1.8367563
1980-01-04,1.9145201
1980-01-05,1.4054548
1980-01-06,1.9106659
1980-01-07,1.1020845
1980-01-08,1.0806692
1980-01-09,1.0726585
1980-01-10,1.0566857
1980-01-11,1.0309198
1980-01-12,1.0054834
1980-01-13,0.9762453
1980-01-14,0.9440705
1980-01-15,0.9137519
1980-01-16,0.88542277
1980-01-17,0.8574548
1980-01-18,0.8292695
1980-01-19,0.8016876
1980-01-20,0.7773397
1980-01-21,0.75515443
1980-01-22,0.73560804
1980-01-23,0.748123
1980-01-24,0.72158986
1980-01-25,0.7468399
1980-01-26,0.6722794
1980-01-27,0.6910382
1980-01-28,1.1873814
1980-01-29,0.6505131
1980-01-30,0.60903275
1980-01-31,0.59437215
1980-02-01,0.57296836
1980-02-02,0.5519182
1980-02-03,0.5339272
1980-02-04,0.51843685
1980-02-05,0.5392092
1980-02-06,0.49201897
1980-02-07,0.4784365
1980-02-08,0.4629074
1980-02-09,0.44582072
1980-02-10,0.43149805
1980-02-11,0.41690582
1980-02-12,0.40448976
1980-02-13,0.39211076
1980-02-14,0.37814972
1980-02-15,0.3668205
1980-02-16,0.35470703
1980-02-17,0.33949134
1980-02-18,0.33047292
1980-02-19,0.32396156
1980-02-20,0.3143567
1980-02-21,0.3043063
1980-02-22,0.29208216
1980-02-23,0.28289747
1980-02-24,0.27196443
1980-02-25,0.26339957
1980-02-26,0.25451922
1980-02-27,0.24548753
1980-02-28,0.2360564
1980-02-29,0.22697304
1980-03-01,0.22166887
1980-03-02,0.21470031
1980-03-03,0.20646243
1980-03-04,0.20228074
1980-03-05,0.19187476
1980-03-06,0.18775809
1980-03-07,0.18098998
1980-03-08,0.17662373
1980-03-09,0.17106879
1980-03-10,0.18585347
1980-03-11,0.19216505
1980-03-12,0.23309003
1980-03-13,1.4647816
1980-03-14,0.60396445
1980-03-15,0.17653333
1980-03-16,0.4042224
1980-03-17,0.9545509
1980-03-18,0.17696701
1980-03-19,0.14437674
1980-03-20,0.14370243
1980-03-21,0.13883452
1980-03-22,0.14083245
1980-03-23,0.21005821
1980-03-24,0.2784684
1980-03-25,0.9365632
1980-03-26,2.7818763
1980-03-27,2.0008788
1980-03-28,1.4800838
1980-03-29,0.6612957
1980-03-30,2.405367
1980-03-31,1.3188944
1980-04-01,1.510886
1980-04-02,0.35874268
1980-04-03,0.14341381
1980-04-04,0.12759158
1980-04-05,0.12709649
1980-04-06,0.12480549
1980-04-07,0.20144501
1980-04-08,0.17123485
1980-04-09,0.13314824
1980-04-10,0.1293634
1980-04-11,0.12267194
1980-04-12,0.1331714
1980-04-13,1.0327864
1980-04-14,0.21253434
1980-04-15,0.5858693
1980-04-16,0.4868153
1980-04-17,1.8290449
1980-04-18,0.96573776
1980-04-19,0.8892363
1980-04-20,2.783312
1980-04-21,2.9604955
1980-04-22,1.0588703
1980-04-23,4.106144
1980-04-24,1.513055
1980-04-25,4.194555
1980-04-26,2.2550912
1980-04-27,1.9048487
1980-04-28,3.7200985
1980-04-29,1.3962476
1980-04-30,3.264317
1980-05-01,1.7121508
1980-05-02,2.3676894
1980-05-03,5.2952557
1980-05-04,6.115964
1980-05-05,7.337335
1980-05-06,8.501359
1980-05-07,26.71968
1980-05-08,25.326298
1980-05-09,13.775831
1980-05-10,8.355958
1980-05-11,7.5427923
1980-05-12,6.306879
1980-05-13,11.025287
1980-05-14,8.675407
1980-05-15,6.08743
1980-05-16,7.0588565
1980-05-17,5.3466268
1980-05-18,7.671813
1980-05-19,6.7034774
1980-05-20,5.446206
1980-05-21,6.103776
1980-05-22,5.671313
1980-05-23,5.3800125
1980-05-24,9.1689825
1980-05-25,6.3531356
1980-05-26,8.000502
1980-05-27,10.553303
1980-05-28,6.027461
1980-05-29,5.421714
1980-05-30,6.708538
1980-05-31,5.1515784
1980-06-01,7.2845025
1980-06-02,5.8379307
1980-06-03,7.1062555
1980-06-04,4.9351993
1980-06-05,5.5527034
1980-06-06,5.17377
1980-06-07,6.5818787
1980-06-08,9.248281
1980-06-09,8.083268
1980-06-10,7.604851
1980-06-11,8.951415
1980-06-12,9.398467
1980-06-13,6.7758584
1980-06-14,9.008262
1980-06-15,12.006146
1980-06-16,11.550859
1980-06-17,8.4663105
1980-06-18,6.8325024
1980-06-19,6.6687617
1980-06-20,6.3805447
1980-06-21,5.798386
1980-06-22,9.127586
1980-06-23,5.6839433
1980-06-24,4.7237644
1980-06-25,4.642459
1980-06-26,4.5217814
1980-06-27,6.001702
1980-06-28,7.0318413
1980-06-29,5.790484
1980-06-30,6.4984226
1980-07-01,7.547646
1980-07-02,5.8939285
1980-07-03,8.001213
1980-07-04,5.6477156
1980-07-05,5.13209
1980-07-06,4.701876
1980-07-07,4.4431057
1980-07-08,4.190574
1980-07-09,4.848399
1980-07-10,4.153023
1980-07-11,5.111774
1980-07-12,5.993287
1980-07-13,3.9829552
1980-07-14,3.565298
1980-07-15,10.252843
1980-07-16,4.207585
1980-07-17,4.6616125
1980-07-18,4.6925287
1980-07-19,5.214098
1980-07-20,3.662419
1980-07-21,3.4827244
1980-07-22,4.3131933
1980-07-23,4.8132896
1980-07-24,4.272948
1980-07-25,3.2266212
1980-07-26,3.72444
1980-07-27,2.878293
1980-07-28,3.8052628
1980-07-29,3.4394243
1980-07-30,2.703773
1980-07-31,2.5761895
1980-08-01,2.852949
1980-08-02,5.7070355
1980-08-03,3.6338193
1980-08-04,2.593994
1980-08-05,2.681749
1980-08-06,2.6476793
1980-08-07,2.8008592
1980-08-08,2.7554836
1980-08-09,2.7283227
1980-08-10,3.1696424
1980-08-11,2.5631268
1980-08-12,3.4700227
1980-08-13,4.388981
1980-08-14,2.2429647
1980-08-15,3.0716584
1980-08-16,2.3327343
1980-08-17,2.1612968
1980-08-18,2.0887697
1980-08-19,2.4149742
1980-08-20,2.47214
1980-08-21,1.9853249
1980-08-22,1.9663861
1980-08-23,1.9293618
1980-08-24,1.9395751
1980-08-25,1.8151865
1980-08-26,2.868418
1980-08-27,2.2341707
1980-08-28,2.1113405
1980-08-29,2.083229
1980-08-30,2.5185108
1980-08-31,2.2584608
1980-09-01,2.734927
1980-09-02,3.9960196
1980-09-03,2.1917763
1980-09-04,1.6784093
1980-09-05,3.593308
1980-09-06,2.0972311
1980-09-07,2.7813082
1980-09-08,2.3712523
1980-09-09,4.7496157
1980-09-10,2.0674818
1980-09-11,2.026073
1980-09-12,4.7228193
1980-09-13,4.4291053
1980-09-14,2.4200888
1980-09-15,2.2183297
1980-09-16,2.1950552
1980-09-17,2.2391427
1980-09-18,2.558071
1980-09-19,2.174611
1980-09-20,2.0724173
1980-09-21,2.0294373
1980-09-22,2.6515708
1980-09-23,2.655367
1980-09-24,2.2849343
1980-09-25,1.9813013
1980-09-26,1.8826714
1980-09-27,1.8453703
1980-09-28,1.8242095
1980-09-29,3.4243903
1980-09-30,1.8784114
1980-10-01,2.0100029
1980-10-02,1.7015759
1980-10-03,1.6359653
1980-10-04,2.944428
1980-10-05,2.683596
1980-10-06,1.6049857
1980-10-07,2.7762265
1980-10-08,2.4974031
1980-10-09,1.9430511
1980-10-10,1.7142862
1980-10-11,1.9400419
1980-10-12,2.3550906
1980-10-13,2.2885864
1980-10-14,2.7130544
1980-10-15,2.8266711
1980-10-16,3.1779196
1980-10-17,1.8205703
1980-10-18,2.8359008
1980-10-19,3.6509964
1980-10-20,1.9322977
1980-10-21,1.9506148
1980-10-22,2.0111418
1980-10-23,2.0628304
1980-10-24,2.1668005
1980-10-25,2.2739532
1980-10-26,2.2878666
1980-10-27,2.3062747
1980-10-28,2.722825
1980-10-29,2.3023746
1980-10-30,2.939709
1980-10-31,3.3294876
1980-11-01,2.725355
1980-11-02,3.333341
1980-11-03,3.3036983
1980-11-04,3.559779
1980-11-05,6.199226
1980-11-06,5.28473
1980-11-07,6.5397124
1980-11-08,5.39183
1980-11-09,5.1506095
1980-11-10,4.8409953
1980-11-11,4.5247407
1980-11-12,4.2906933
1980-11-13,4.0898976
1980-11-14,4.0802865
1980-11-15,3.7228055
1980-11-16,6.9767814
1980-11-17,3.2908404
1980-11-18,3.8936288
1980-11-19,2.9083774
1980-11-20,3.3143682
1980-11-21,3.0667844
1980-11-22,2.5922525
1980-11-23,2.4540653
1980-11-24,2.3627086
1980-11-25,2.4644907
1980-11-26,2.3190196
1980-11-27,3.990652
1980-11-28,3.207663
1980-11-29,2.6660254
1980-11-30,2.0092983
1980-12-01,2.1617463
1980-12-02,1.7838308
1980-12-03,1.7223756
1980-12-04,1.6370316
1980-12-05,1.5687183
1980-12-06,1.5139694
1980-12-07,2.0694132
1980-12-08,2.7388659
1980-12-09,1.4299405
1980-12-10,2.0210164
1980-12-11,1.3420177
1980-12-12,2.0708416
1980-12-13,1.265666
1980-12-14,1.2415912
1980-12-15,1.2245858
1980-12-16,1.2147628
1980-12-17,1.1498471
1980-12-18,1.1017617
1980-12-19,1.071352
1980-12-20,1.0404875
1980-12-21,1.0018946
1980-12-22,0.96882915
1980-12-23,0.93998593
1980-12-24,1.3423419
1980-12-25,1.343425
1980-12-26,0.90902704
1980-12-27,0.8684278
1980-12-28,0.83361304
1980-12-29,0.8191158
1980-12-30,0.78990006
1980-12-31,0.77826405
1981-01-01,0.7532185
1981-01-02,0.7290258
1981-01-03,0.7032153
1981-01-04,0.6787378
1981-01-05,0.6575532
1981-01-06,0.63947403
1981-01-07,0.63184255
1981-01-08,1.0883764
1981-01-09,1.5570518
1981-01-10,0.7857094
1981-01-11,0.76343256
1981-01-12,0.57282436
1981-01-13,0.5686771
1981-01-14,0.5397897
1981-01-15,0.5211843
1981-01-16,0.50911885
1981-01-17,0.49546427
1981-01-18,0.47961512
1981-01-19,0.46643314
1981-01-20,0.44929415
1981-01-21,0.43539244
1981-01-22,0.4206338
1981-01-23,0.40720052
1981-01-24,0.39359382
1981-01-25,0.3821255
1981-01-26,0.3689899
1981-01-27,0.35934877
1981-01-28,0.3489612
1981-01-29,0.37401283
1981-01-30,0.374155
1981-01-31,0.32994685
1981-02-01,0.32080695
1981-02-02,0.3135738
1981-02-03,0.34915677
1981-02-04,1.7149098
1981-02-05,0.348902
1981-02-06,0.31920573
1981-02-07,1.1417893
1981-02-08,1.3541055
1981-02-09,0.33265
1981-02-10,0.30491415
1981-02-11,0.932466
1981-02-12,1.5369666
1981-02-13,0.2957415
1981-02-14,0.24948107
1981-02-15,0.2544531
1981-02-16,0.25824466
1981-02-17,2.1077242
1981-02-18,0.7910246
1981-02-19,1.217224
1981-02-20,1.3485737
1981-02-21,1.5300213
1981-02-22,1.4589529
1981-02-23,0.93549514
1981-02-24,0.7555594
1981-02-25,2.9311948
1981-02-26,2.3542266
1981-02-27,0.7953556
1981-02-28,2.6577113
1981-03-01,2.5304987
1981-03-02,1.3602313
1981-03-03,0.9285283
1981-03-04,2.264177
1981-03-05,1.4991108
1981-03-06,0.623906
1981-03-07,0.5021718
1981-03-08,0.47721827
1981-03-09,2.4123273
1981-03-10,2.9751542
1981-03-11,0.89516973
1981-03-12,0.84700614
1981-03-13,0.8357478
1981-03-14,0.8833152
1981-03-15,0.87948626
1981-03-16,0.870413
1981-03-17,0.8526305
1981-03-18,0.8351493
1981-03-19,0.81523746
1981-03-20,0.7926285
1981-03-21,0.7704161
1981-03-22,0.7503876
1981-03-23,0.83820367
1981-03-24,0.72372526
1981-03-25,0.7039471
1981-03-26,0.6831163
1981-03-27,0.7480769
1981-03-28,0.6545657
1981-03-29,0.63864595
1981-03-30,0.6176268
1981-03-31,0.60036385
1981-04-01,0.597054
1981-04-02,0.7744783
1981-04-03,0.5714581
1981-04-04,0.5916436
1981-04-05,2.4525223
1981-04-06,0.8974952
1981-04-07,1.3025949
1981-04-08,5.2325597
1981-04-09,1.0036842
1981-04-10,2.955431
1981-04-11,2.4196892
1981-04-12,2.2921703
1981-04-13,3.129362
1981-04-14,0.98872846
1981-04-15,3.7317655
1981-04-16,2.040921
1981-04-17,3.5561776
1981-04-18,3.438473
1981-04-19,3.412301
1981-04-20,7.3557043
1981-04-21,5.9058266
1981-04-22,5.6832547
1981-04-23,7.816432
1981-04-24,7.7798395
1981-04-25,7.3980784
1981-04-26,7.2353363
1981-04-27,6.5909867
1981-04-28,9.498184
1981-04-29,7.2802835
1981-04-30,6.594695
1981-05-01,10.315991
1981-05-02,6.543333
1981-05-03,6.710379
1981-05-04,6.0666747
1981-05-05,7.329122
1981-05-06,7.653158
1981-05-07,5.8585324
1981-05-08,5.2078915
1981-05-09,7.8292747
1981-05-10,7.644328
1981-05-11,4.861342
1981-05-12,4.5866504
1981-05-13,5.4623947
1981-05-14,6.1821666
1981-05-15,4.840207
1981-05-16,5.574771
1981-05-17,7.662237
1981-05-18,6.4483523
1981-05-19,8.962523
1981-05-20,25.919338
1981-05-21,9.850584
1981-05-22,11.692885
1981-05-23,12.721538
1981-05-24,10.9118805
1981-05-25,26.084332
1981-05-26,12.776698
1981-05-27,9.858265
1981-05-28,7.707525
1981-05-29,7.5381117
1981-05-30,7.971448
1981-05-31,6.6918745
1981-06-01,6.365656
1981-06-02,5.3602123
1981-06-03,6.8488274
1981-06-04,5.242906
1981-06-05,5.514218
1981-06-06,4.673295
1981-06-07,5.7064266
1981-06-08,6.438703
1981-06-09,4.3523526
1981-06-10,6.714334
1981-06-11,5.2943
1981-06-12,12.241217
1981-06-13,8.53168
1981-06-14,10.044088
1981-06-15,10.114915
1981-06-16,8.032647
1981-06-17,6.326166
1981-06-18,8.0300045
1981-06-19,7.4960747
1981-06-20,6.8948255
1981-06-21,6.191288
1981-06-22,5.3891954
1981-06-23,5.283105
1981-06-24,5.1862116
1981-06-25,8.003784
1981-06-26,4.8799453
1981-06-27,5.6833396
1981-06-28,5.0903926
1981-06-29,4.8141003
1981-06-30,4.5740447
1981-07-01,4.2963104
1981-07-02,5.4840226
1981-07-03,5.5597506
1981-07-04,5.4935665
1981-07-05,6.2546234
1981-07-06,6.536359
1981-07-07,6.5692205
1981-07-08,7.735224
1981-07-09,6.5435905
1981-07-10,7.933701
1981-07-11,9.2134695
1981-07-12,7.450195
1981-07-13,6.5232453
1981-07-14,6.5538
1981-07-15,8.23736
1981-07-16,6.216558
1981-07-17,7.448619
1981-07-18,5.2192416
1981-07-19,5.515374
1981-07-20,9.840791
1981-07-21,4.89683
1981-07-22,4.3676863
1981-07-23,4.18787
1981-07-24,4.001608
1981-07-25,3.7979553
1981-07-26,3.581549
1981-07-27,3.396226
1981-07-28,3.2521644
1981-07-29,5.441332
1981-07-30,2.9477413
1981-07-31,2.695127
1981-08-01,4.941466
1981-08-02,4.4359837
1981-08-03,3.4698017
1981-08-04,2.3521423
1981-08-05,4.703608
1981-08-06,2.2409518
1981-08-07,2.7028487
1981-08-08,4.099356
1981-08-09,2.6074092
1981-08-10,2.0028625
1981-08-11,6.1476727
1981-08-12,2.0221925
1981-08-13,1.867495
1981-08-14,2.0331244
1981-08-15,4.217779
1981-08-16,1.8348639
1981-08-17,1.7119738
1981-08-18,2.733881
1981-08-19,2.6130507
1981-08-20,1.7932484
1981-08-21,1.800136
1981-08-22,1.9022056
1981-08-23,1.7969847
1981-08-24,1.7333357
1981-08-25,2.6927955
1981-08-26,2.387281
1981-08-27,2.0654376
1981-08-28,2.9448302
1981-08-29,1.7419332
1981-08-30,2.067854
1981-08-31,5.825758
1981-09-01,2.1782246
1981-09-02,3.071779
1981-09-03,4.2516103
1981-09-04,1.8340225
1981-09-05,3.214631
1981-09-06,2.2245224
1981-09-07,2.4493425
1981-09-08,2.2457013
1981-09-09,2.7587109
1981-09-10,2.3008673
1981-09-11,2.8471105
1981-09-12,4.1043324
1981-09-13,2.322948
1981-09-14,2.1349921
1981-09-15,2.1784856
1981-09-16,2.9813263
1981-09-17,2.1104677
1981-09-18,2.320808
1981-09-19,3.9837914
1981-09-20,3.23409
1981-09-21,2.5691636
1981-09-22,1.95048
1981-09-23,1.8865446
1981-09-24,3.1126769
1981-09-25,2.4246457
1981-09-26,2.7297175
1981-09-27,1.9216008
1981-09-28,1.9161909
1981-09-29,1.8555392
1981-09-30,2.2979467
1981-10-01,2.4285908
1981-10-02,4.749139
1981-10-03,2.2187464
1981-10-04,2.1233473
1981-10-05,1.8626139
1981-10-06,1.7979634
1981-10-07,1.6803943
1981-10-08,1.6965855
1981-10-09,1.6964933
1981-10-10,1.8356003
1981-10-11,3.2905746
1981-10-12,1.680487
1981-10-13,1.6357311
1981-10-14,2.1684406
1981-10-15,1.6844951
1981-10-16,1.7939284
1981-10-17,3.5875263
1981-10-18,1.7048378
1981-10-19,1.5173326
1981-10-20,1.4860579
1981-10-21,1.4895691
1981-10-22,1.4559052
1981-10-23,2.8966951
1981-10-24,1.8479911
1981-10-25,1.6742244
1981-10-26,1.5080041
1981-10-27,5.847603
1981-10-28,2.3763416
1981-10-29,1.9244114
1981-10-30,2.5853982
1981-10-31,2.0994093
1981-11-01,2.910632
1981-11-02,1.8649774
1981-11-03,1.8012729
1981-11-04,2.9957569
1981-11-05,3.0188038
1981-11-06,1.9019771
1981-11-07,1.7360454
1981-11-08,1.724936
1981-11-09,1.8159587
1981-11-10,2.8033187
1981-11-11,1.7142439
1981-11-12,1.6839918
1981-11-13,1.6462529
1981-11-14,1.5955291
1981-11-15,1.5909975
1981-11-16,1.5492172
1981-11-17,1.5315526
1981-11-18,1.8194393
1981-11-19,1.4151803
1981-11-20,1.4017378
1981-11-21,1.7123305
1981-11-22,1.46175
1981-11-23,1.505363
1981-11-24,1.2922318
1981-11-25,1.876422
1981-11-26,3.7592957
1981-11-27,1.5461285
1981-11-28,2.0733788
1981-11-29,1.4677856
1981-11-30,2.3527534
1981-12-01,2.5371358
1981-12-02,1.641791
1981-12-03,2.1377366
1981-12-04,2.8162777
1981-12-05,2.0020502
1981-12-06,2.203054
1981-12-07,3.0308888
1981-12-08,2.0299182
1981-12-09,3.3494143
1981-12-10,2.1843653
1981-12-11,1.4786417
1981-12-12,2.8888137
1981-12-13,1.7892581
1981-12-14,5.292111
1981-12-15,2.3520565
1981-12-16,1.7647784
1981-12-17,2.7696905
1981-12-18,2.330452
1981-12-19,2.7171106
1981-12-20,3.4633038
1981-12-21,3.1998606
1981-12-22,3.5224013
1981-12-23,3.3164136
1981-12-24,2.4033349
1981-12-25,4.198301
1981-12-26,2.865241
1981-12-27,3.1758273
1981-12-28,3.4457564
1981-12-29,3.8946805
1981-12-30,4.283696
1981-12-31,4.1121545
1982-01-01,4.0361342
1982-01-02,3.8995018
1982-01-03,3.9337409
1982-01-04,3.6332805
1982-01-05,4.278371
1982-01-06,3.325291
1982-01-07,3.3790889
1982-01-08,3.0630066
1982-01-09,2.85262
1982-01-10,3.6752396
1982-01-11,3.2578945
1982-01-12,3.324095
1982-01-13,3.3756206
1982-01-14,3.583848
1982-01-15,2.727528
1982-01-16,2.0935369
1982-01-17,1.9939369
1982-01-18,1.9053167
1982-01-19,1.8167096
1982-01-20,1.7334971
1982-01-21,1.6543795
1982-01-22,1.5755091
1982-01-23,1.4962234
1982-01-24,1.4238911
1982-01-25,1.3541425
1982-01-26,1.2925082
1982-01-27,1.2322587
1982-01-28,1.1908182
1982-01-29,1.5323839
1982-01-30,1.1439173
1982-01-31,1.5914723
1982-02-01,1.2259676
1982-02-02,1.2007157
1982-02-03,1.8694443
1982-02-04,0.96230245
1982-02-05,1.1284912
1982-02-06,0.9862992
1982-02-07,0.89994335
1982-02-08,0.9759007
1982-02-09,0.8391735
1982-02-10,1.9540082
1982-02-11,1.2398126
1982-02-12,1.0227728
1982-02-13,1.6922183
1982-02-14,1.3545854
1982-02-15,1.3759222
1982-02-16,0.7441744
1982-02-17,0.70448405
1982-02-18,0.6999771
1982-02-19,0.84587497
1982-02-20,0.7138263
1982-02-21,1.8042382
1982-02-22,0.69447315
1982-02-23,0.64448625
1982-02-24,0.6770585
1982-02-25,0.76799446
1982-02-26,0.7989335
1982-02-27,0.6334582
1982-02-28,0.80691606
1982-03-01,2.0457246
1982-03-02,0.6813702
1982-03-03,0.6132851
1982-03-04,0.6373695
1982-03-05,0.6275164
1982-03-06,2.5138872
1982-03-07,0.6932626
1982-03-08,0.5960384
1982-03-09,0.5773093
1982-03-10,0.57220984
1982-03-11,0.5618769
1982-03-12,0.58039796
1982-03-13,2.232462
1982-03-14,4.4452777
1982-03-15,1.8291694
1982-03-16,1.0005664
1982-03-17,1.9858627
1982-03-18,1.0937632
1982-03-19,2.2809458
1982-03-20,2.6802356
1982-03-21,1.9198934
1982-03-22,3.0349376
1982-03-23,3.2460823
1982-03-24,1.5953599
1982-03-25,3.1230993
1982-03-26,1.8446274
1982-03-27,3.8537614
1982-03-28,1.9004111
1982-03-29,2.7442265
1982-03-30,2.0709598
1982-03-31,2.1938405
1982-04-01,3.226345
1982-04-02,3.07299
1982-04-03,5.1669517
1982-04-04,7.1788354
1982-04-05,8.251468
1982-04-06,8.199205
1982-04-07,8.761914
1982-04-08,7.8834004
1982-04-09,8.389139
1982-04-10,11.444768
1982-04-11,10.769436
1982-04-12,8.328269
1982-04-13,7.7491226
1982-04-14,7.017016
1982-04-15,6.2694573
1982-04-16,5.6856165
1982-04-17,5.9555054
1982-04-18,15.282689
1982-04-19,7.2057624
1982-04-20,6.4253383
1982-04-21,7.159534
1982-04-22,6.085605
1982-04-23,6.6697574
1982-04-24,6.1437488
1982-04-25,4.41703
1982-04-26,4.451686
1982-04-27,3.8860924
1982-04-28,5.0716696
1982-04-29,5.037428
1982-04-30,4.3655906
1982-05-01,6.314281
1982-05-02,5.8143563
1982-05-03,7.22401
1982-05-04,5.9116535
1982-05-05,5.2679
1982-05-06,6.783089
1982-05-07,5.2313533
1982-05-08,5.1440234
1982-05-09,7.6351
1982-05-10,7.8762965
1982-05-11,10.517225
1982-05-12,9.538294
1982-05-13,6.8249645
1982-05-14,6.63082
1982-05-15,5.1728325
1982-05-16,4.394982
1982-05-17,5.2901235
1982-05-18,5.364488
1982-05-19,3.5830436
1982-05-20,4.2648587
1982-05-21,5.5204525
1982-05-22,5.1398287
1982-05-23,7.677964
1982-05-24,5.1325974
1982-05-25,4.810604
1982-05-26,11.030585
1982-05-27,5.5507493
1982-05-28,5.4424553
1982-05-29,26.044085
1982-05-30,9.417214
1982-05-31,8.681088
1982-06-01,8.028518
1982-06-02,6.570153
1982-06-03,6.2549734
1982-06-04,5.045332
1982-06-05,6.778793
1982-06-06,6.330598
1982-06-07,4.8438344
1982-06-08,5.1298475
1982-06-09,3.9074738
1982-06-10,3.715952
1982-06-11,6.8244424
1982-06-12,6.375523
1982-06-13,6.1269355
1982-06-14,4.5761223
1982-06-15,4.408432
1982-06-16,4.8940887
1982-06-17,6.685869
1982-06-18,5.14436
1982-06-19,3.9130707
1982-06-20,3.6986704
1982-06-21,4.131415
1982-06-22,4.1914372
1982-06-23,4.9120607
1982-06-24,3.6937785
1982-06-25,3.1249893
1982-06-26,3.0257916
1982-06-27,4.638979
1982-06-28,3.375296
1982-06-29,3.8637333
1982-06-30,2.9362714
1982-07-01,3.0906243
1982-07-02,5.386705
1982-07-03,3.7768993
1982-07-04,4.9777093
1982-07-05,3.5287454
1982-07-06,4.48357
1982-07-07,3.426787
1982-07-08,4.1219463
1982-07-09,4.1729183
1982-07-10,3.7611928
1982-07-11,6.822602
1982-07-12,6.4309154
1982-07-13,8.302685
1982-07-14,6.997461
1982-07-15,6.2885275
1982-07-16,5.65355
1982-07-17,5.2172465
1982-07-18,4.8809977
1982-07-19,6.2054563
1982-07-20,6.1212697
1982-07-21,4.2301917
1982-07-22,4.642513
1982-07-23,6.223376
1982-07-24,3.748262
1982-07-25,4.3027744
1982-07-26,5.788563
1982-07-27,3.595549
1982-07-28,4.6885605
1982-07-29,5.299928
1982-07-30,6.2656617
1982-07-31,7.5771036
1982-08-01,5.5629463
1982-08-02,5.027527
1982-08-03,5.1908984
1982-08-04,5.679411
1982-08-05,4.717572
1982-08-06,4.633988
1982-08-07,5.263561
1982-08-08,5.8585157
1982-08-09,4.027567
1982-08-10,4.193412
1982-08-11,3.7592373
1982-08-12,3.9708443
1982-08-13,3.380342
1982-08-14,3.2507384
1982-08-15,5.8636208
1982-08-16,3.0761914
1982-08-17,8.0883
1982-08-18,3.5389884
1982-08-19,3.0123715
1982-08-20,3.6120155
1982-08-21,3.6871707
1982-08-22,2.5932443
1982-08-23,2.7039907
1982-08-24,2.480482
1982-08-25,2.686169
1982-08-26,3.2086499
1982-08-27,2.5759504
1982-08-28,3.0609906
1982-08-29,2.8910656
1982-08-30,2.2105389
1982-08-31,2.9292405
1982-09-01,2.7967598
1982-09-02,4.32598
1982-09-03,4.012889
1982-09-04,2.4917922
1982-09-05,2.8468542
1982-09-06,2.4833596
1982-09-07,3.9522772
1982-09-08,2.0764632
1982-09-09,3.587037
1982-09-10,2.0899217
1982-09-11,2.06084
1982-09-12,3.761639
1982-09-13,2.0140562
1982-09-14,1.9171315
1982-09-15,1.8805366
1982-09-16,2.151709
1982-09-17,1.813848
1982-09-18,1.9350588
1982-09-19,1.7884434
1982-09-20,3.0629895
1982-09-21,1.9218875
1982-09-22,1.8975194
1982-09-23,1.6377478
1982-09-24,1.6023389
1982-09-25,2.2188048
1982-09-26,2.489727
1982-09-27,1.9243652
1982-09-28,1.5198877
1982-09-29,3.5456722
1982-09-30,2.038876
1982-10-01,3.7874398
1982-10-02,1.6399959
1982-10-03,2.3027163
1982-10-04,1.6339383
1982-10-05,2.1506612
1982-10-06,1.9366457
1982-10-07,2.004003
1982-10-08,1.9242674
1982-10-09,1.531222
1982-10-10,2.172015
1982-10-11,4.9168754
1982-10-12,1.6995307
1982-10-13,1.7666001
1982-10-14,1.8734398
1982-10-15,4.0241237
1982-10-16,3.0556521
1982-10-17,3.623743
1982-10-18,2.7378275
1982-10-19,2.012645
1982-10-20,3.3977783
1982-10-21,2.0961819
1982-10-22,2.7959995
1982-10-23,3.6130028
1982-10-24,3.2406127
1982-10-25,5.040794
1982-10-26,2.7219865
1982-10-27,4.72748
1982-10-28,3.919267
1982-10-29,2.830247
1982-10-30,2.7476358
1982-10-31,4.2478695
1982-11-01,5.154046
1982-11-02,2.8630683
1982-11-03,3.1065252
1982-11-04,4.2239757
1982-11-05,2.8051093
1982-11-06,2.851939
1982-11-07,7.060247
1982-11-08,4.448318
1982-11-09,4.370574
1982-11-10,3.8614924
1982-11-11,4.71845
1982-11-12,3.6366465
1982-11-13,4.308006
1982-11-14,3.2941158
1982-11-15,3.9708052
1982-11-16,3.8321474
1982-11-17,3.4505258
1982-11-18,3.509434
1982-11-19,2.7453065
1982-11-20,3.236337
1982-11-21,2.568029
1982-11-22,2.8578176
1982-11-23,2.5185206
1982-11-24,2.4876473
1982-11-25,3.4098904
1982-11-26,3.6496882
1982-11-27,5.0645123
1982-11-28,2.2772532
1982-11-29,2.1464458
1982-11-30,2.1050425
1982-12-01,6.8600764
1982-12-02,2.2411327
1982-12-03,2.6656861
1982-12-04,2.618247
1982-12-05,1.9686748
1982-12-06,1.8969381
1982-12-07,1.9041272
1982-12-08,2.38617
1982-12-09,2.4001873
1982-12-10,2.7933261
1982-12-11,4.9721127
1982-12-12,2.331885
1982-12-13,1.8645809
1982-12-14,2.2401888
1982-12-15,1.9579247
1982-12-16,1.9530749
1982-12-17,1.9351637
1982-12-18,1.8992717
1982-12-19,1.8556995
1982-12-20,1.971682
1982-12-21,1.8621535
1982-12-22,2.610942
1982-12-23,2.794353
1982-12-24,1.7766232
1982-12-25,1.6490294
1982-12-26,1.5867033
1982-12-27,1.6076367
1982-12-28,2.3901963
1982-12-29,1.6884176
1982-12-30,3.287244
1982-12-31,1.5946757
1983-01-01,1.4128481
1983-01-02,1.3996184
1983-01-03,1.3929932
1983-01-04,1.404821
1983-01-05,2.1781793
1983-01-06,4.5553217
1983-01-07,2.1687148
1983-01-08,3.4102228
1983-01-09,3.4406126
1983-01-10,4.8757377
1983-01-11,3.3621337
1983-01-12,2.4260569
1983-01-13,2.353819
1983-01-14,2.3061204
1983-01-15,2.2482574
1983-01-16,2.1848185
1983-01-17,2.1686842
1983-01-18,2.0704875
1983-01-19,2.0349345
1983-01-20,2.2445323
1983-01-21,1.9543034
1983-01-22,1.8516839
1983-01-23,1.7826886
1983-01-24,1.7078369
1983-01-25,2.187262
1983-01-26,1.6216977
1983-01-27,1.5297642
1983-01-28,1.4667705
1983-01-29,1.4013921
1983-01-30,1.3397542
1983-01-31,1.278029
1983-02-01,1.2170886
1983-02-02,1.1588289
1983-02-03,1.1070461
1983-02-04,1.0709872
1983-02-05,1.063776
1983-02-06,0.9836839
1983-02-07,0.9388026
1983-02-08,0.8958541
1983-02-09,0.8552905
1983-02-10,0.815194
1983-02-11,0.77674943
1983-02-12,0.74028504
1983-02-13,0.70637965
1983-02-14,0.67463225
1983-02-15,0.647053
1983-02-16,0.6168602
1983-02-17,0.59200895
1983-02-18,0.57135844
1983-02-19,0.6761424
1983-02-20,0.6561579
1983-02-21,2.055724
1983-02-22,0.8168367
1983-02-23,0.88855904
1983-02-24,1.1017323
1983-02-25,1.022873
1983-02-26,0.98050773
1983-02-27,0.92501503
1983-02-28,1.312981
1983-03-01,0.99966073
1983-03-02,1.0476218
1983-03-03,0.45927638
1983-03-04,0.47038537
1983-03-05,0.6512766
1983-03-06,0.43264666
1983-03-07,0.40694463
1983-03-08,0.39521152
1983-03-09,0.38280597
1983-03-10,0.37608877
1983-03-11,0.3679875
1983-03-12,0.40462306
1983-03-13,0.4482543
1983-03-14,0.9277476
1983-03-15,1.8292444
1983-03-16,0.8061062
1983-03-17,0.3465851
1983-03-18,0.32869124
1983-03-19,0.32768285
1983-03-20,0.36546078
1983-03-21,0.31058657
1983-03-22,1.8385937
1983-03-23,1.4204172
1983-03-24,0.9379008
1983-03-25,1.6343353
1983-03-26,0.80857223
1983-03-27,0.347441
1983-03-28,0.4198684
1983-03-29,0.2854246
1983-03-30,0.2682143
1983-03-31,0.26219988
1983-04-01,0.8579849
1983-04-02,0.29239535
1983-04-03,1.1258628
1983-04-04,3.0513186
1983-04-05,2.3865025
1983-04-06,4.2395864
1983-04-07,0.7068485
1983-04-08,2.5443869
1983-04-09,2.5755887
1983-04-10,3.1934295
1983-04-11,3.3333426
1983-04-12,1.5501108
1983-04-13,0.80372477
1983-04-14,4.837241
1983-04-15,1.1964425
1983-04-16,3.587981
1983-04-17,4.9675837
1983-04-18,2.7638881
1983-04-19,1.5181836
1983-04-20,5.599868
1983-04-21,2.271818
1983-04-22,3.2607443
1983-04-23,4.492476
1983-04-24,2.987961
1983-04-25,3.0112884
1983-04-26,2.7882314
1983-04-27,3.8498902
1983-04-28,2.8945289
1983-04-29,4.721023
1983-04-30,3.8069465
1983-05-01,4.0644736
1983-05-02,5.40367
1983-05-03,6.21656
1983-05-04,4.5189652
1983-05-05,5.5120587
1983-05-06,4.228538
1983-05-07,8.255647
1983-05-08,6.225129
1983-05-09,4.835158
1983-05-10,4.9174814
1983-05-11,5.8669925
1983-05-12,5.724804
1983-05-13,5.501849
1983-05-14,4.6957245
1983-05-15,4.863306
1983-05-16,4.5898347
1983-05-17,3.995087
1983-05-18,3.7493618
1983-05-19,4.0129986
1983-05-20,5.570385
1983-05-21,3.4840212
1983-05-22,4.6940694
1983-05-23,3.2315156
1983-05-24,3.165885
1983-05-25,4.5855327
1983-05-26,3.7008348
1983-05-27,2.8645887
1983-05-28,4.197567
1983-05-29,3.9295766
1983-05-30,2.7460468
1983-05-31,2.4466772
1983-06-01,2.4564211
1983-06-02,4.5177007
1983-06-03,3.2533484
1983-06-04,3.2564225
1983-06-05,5.230871
1983-06-06,2.8379042
1983-06-07,2.8668826
1983-06-08,3.244094
1983-06-09,3.848523
1983-06-10,3.2878788
1983-06-11,3.663028
1983-06-12,3.5999174
1983-06-13,4.2802744
1983-06-14,3.372605
1983-06-15,4.9911175
1983-06-16,5.103958
1983-06-17,10.37461
1983-06-18,10.283043
1983-06-19,9.386114
1983-06-20,8.1672735
1983-06-21,7.0664454
1983-06-22,7.703332
1983-06-23,5.4197774
1983-06-24,4.9255176
1983-06-25,4.961427
1983-06-26,5.483183
1983-06-27,5.1574306
1983-06-28,5.219055
1983-06-29,6.0052743
1983-06-30,6.7668915
1983-07-01,4.910902
1983-07-02,9.478371
1983-07-03,4.9121394
1983-07-04,5.612559
1983-07-05,7.212473
1983-07-06,4.604578
1983-07-07,4.3958907
1983-07-08,5.5389605
1983-07-09,15.551886
1983-07-10,6.7661376
1983-07-11,6.0649514
1983-07-12,5.957762
1983-07-13,8.1469
1983-07-14,5.1246085
1983-07-15,5.874775
1983-07-16,6.432938
1983-07-17,5.634137
1983-07-18,4.899762
1983-07-19,3.8055995
1983-07-20,4.2060804
1983-07-21,4.7786427
1983-07-22,3.3628402
1983-07-23,4.548873
1983-07-24,3.2564178
1983-07-25,3.0109673
1983-07-26,2.9254732
1983-07-27,2.8698468
1983-07-28,2.7158196
1983-07-29,3.0073447
1983-07-30,5.5008206
1983-07-31,3.6967604
1983-08-01,3.2335117
1983-08-02,3.1803832
1983-08-03,4.8202324
1983-08-04,3.163212
1983-08-05,3.4689686
1983-08-06,3.9596958
1983-08-07,6.201437
1983-08-08,4.336598
1983-08-09,4.7584887
1983-08-10,4.5919523
1983-08-11,4.4669104
1983-08-12,4.8228455
1983-08-13,4.491454
1983-08-14,3.9797664
1983-08-15,3.757752
1983-08-16,4.9502435
1983-08-17,3.5971148
1983-08-18,3.8138905
1983-08-19,6.6175056
1983-08-20,7.7581105
1983-08-21,3.220818
1983-08-22,3.456061
1983-08-23,3.4760818
1983-08-24,3.5180118
1983-08-25,2.809826
1983-08-26,3.7191684
1983-08-27,3.25841
1983-08-28,5.3448625
1983-08-29,3.2022758
1983-08-30,4.4225264
1983-08-31,3.744934
1983-09-01,3.7307124
1983-09-02,4.4367223
1983-09-03,4.4636936
1983-09-04,3.5124025
1983-09-05,3.4304407
1983-09-06,3.9428425
1983-09-07,3.1323764
1983-09-08,2.9748354
1983-09-09,4.5586295
1983-09-10,2.85858
1983-09-11,3.282227
1983-09-12,4.1344476
1983-09-13,4.7078986
1983-09-14,4.5712857
1983-09-15,2.547747
1983-09-16,2.5042758
1983-09-17,4.3303647
1983-09-18,2.5765138
1983-09-19,2.452052
1983-09-20,4.254021
1983-09-21,3.1342907
1983-09-22,2.3695004
1983-09-23,2.9589248
1983-09-24,2.3368986
1983-09-25,3.6208336
1983-09-26,2.3489058
1983-09-27,2.383138
1983-09-28,4.8670735
1983-09-29,2.7738783
1983-09-30,4.6191463
1983-10-01,3.6502542
1983-10-02,2.5115888
1983-10-03,7.0484343
1983-10-04,3.1263168
1983-10-05,4.878845
1983-10-06,3.2642906
1983-10-07,3.8956606
1983-10-08,3.98598
1983-10-09,3.4952378
1983-10-10,3.3664575
1983-10-11,3.46006
1983-10-12,3.0487428
1983-10-13,4.540987
1983-10-14,2.9405167
1983-10-15,3.6231134
1983-10-16,3.2606666
1983-10-17,3.3685167
1983-10-18,2.534776
1983-10-19,3.1434941
1983-10-20,2.5082486
1983-10-21,2.696911
1983-10-22,2.806887
1983-10-23,2.1518137
1983-10-24,2.3795161
1983-10-25,2.3463736
1983-10-26,2.9835982
1983-10-27,2.4430835
1983-10-28,2.5993016
1983-10-29,3.4664872
1983-10-30,3.533271
1983-10-31,2.4706264
1983-11-01,2.5736895
1983-11-02,4.142753
1983-11-03,2.7692597
1983-11-04,2.6808543
1983-11-05,2.5767918
1983-11-06,2.5166276
1983-11-07,3.5102794
1983-11-08,3.3157787
1983-11-09,2.3455517
1983-11-10,2.997147
1983-11-11,2.2141654
1983-11-12,3.5104594
1983-11-13,2.3114364
1983-11-14,2.0724812
1983-11-15,2.5375607
1983-11-16,3.1215508
1983-11-17,2.9312034
1983-11-18,1.8802656
1983-11-19,2.9521995
1983-11-20,1.8518491
1983-11-21,2.1186523
1983-11-22,3.9726658
1983-11-23,2.3272614
1983-11-24,2.0050168
1983-11-25,3.129987
1983-11-26,5.0692024
1983-11-27,2.3259668
1983-11-28,2.7865245
1983-11-29,2.1976428
1983-11-30,2.2047608
1983-12-01,3.3115487
1983-12-02,2.1797311
1983-12-03,3.1234982
1983-12-04,3.9809976
1983-12-05,4.123275
1983-12-06,3.574797
1983-12-07,3.1932738
1983-12-08,3.5811622
1983-12-09,3.017912
1983-12-10,6.409435
1983-12-11,4.75434
1983-12-12,4.0893946
1983-12-13,2.954653
1983-12-14,3.533778
1983-12-15,3.6052008
1983-12-16,3.6441436
1983-12-17,4.4933577
1983-12-18,3.282288
1983-12-19,3.4074192
1983-12-20,4.2847915
1983-12-21,3.3044508
1983-12-22,5.8079686
1983-12-23,3.1520405
1983-12-24,3.7660174
1983-12-25,5.0335455
1983-12-26,4.9730144
1983-12-27,5.5055547
1983-12-28,4.390195
1983-12-29,4.097542
1983-12-30,3.8146899
1983-12-31,3.5331442
1984-01-01,3.2819152
1984-01-02,3.0575206
1984-01-03,2.8588445
1984-01-04,2.6757028
1984-01-05,2.5069475
1984-01-06,2.3855746
1984-01-07,2.5233455
1984-01-08,4.000249
1984-01-09,2.1151276
1984-01-10,1.949559
1984-01-11,1.8455102
1984-01-12,1.749631
1984-01-13,1.6589103
1984-01-14,1.5722058
1984-01-15,1.5407783
1984-01-16,1.6479816
1984-01-17,2.374729
1984-01-18,3.3281126
1984-01-19,1.928407
1984-01-20,1.7696991
1984-01-21,1.9517695
1984-01-22,1.452615
1984-01-23,2.3058152
1984-01-24,1.8092772
1984-01-25,2.4902558
1984-01-26,1.2463071
1984-01-27,1.8105633
1984-01-28,2.0917132
1984-01-29,1.1790984
1984-01-30,1.2986119
1984-01-31,1.7329851
1984-02-01,4.9582396
1984-02-02,2.8309548
1984-02-03,5.486196
1984-02-04,2.2114089
1984-02-05,1.4127237
1984-02-06,1.5397393
1984-02-07,3.0134838
1984-02-08,1.6959156
1984-02-09,2.7721534
1984-02-10,2.199222
1984-02-11,3.680264
1984-02-12,3.4646735
1984-02-13,2.1082184
1984-02-14,3.0791948
1984-02-15,2.9993205
1984-02-16,3.6813235
1984-02-17,3.798812
1984-02-18,6.3951874
1984-02-19,4.8907237
1984-02-20,6.483529
1984-02-21,7.390595
1984-02-22,7.4413605
1984-02-23,6.044203
1984-02-24,7.264347
1984-02-25,6.3127465
1984-02-26,6.2505374
1984-02-27,5.8975086
1984-02-28,5.5024066
1984-02-29,6.0357122
1984-03-01,5.9235377
1984-03-02,5.3111644
1984-03-03,4.377647
1984-03-04,7.0682755
1984-03-05,6.0068297
1984-03-06,5.3660846
1984-03-07,3.8534577
1984-03-08,3.7538095
1984-03-09,3.8862035
1984-03-10,3.2019196
1984-03-11,3.0276356
1984-03-12,2.8559477
1984-03-13,2.6879814
1984-03-14,2.5326767
1984-03-15,2.4296727
1984-03-16,2.2696776
1984-03-17,2.124553
1984-03-18,1.9990493
1984-03-19,1.881118
1984-03-20,1.8216082
1984-03-21,2.7283683
1984-03-22,1.668003
1984-03-23,3.8541088
1984-03-24,2.0941126
1984-03-25,4.902523
1984-03-26,1.4626641
1984-03-27,3.0958881
1984-03-28,2.3783402
1984-03-29,2.4049418
1984-03-30,3.2503917
1984-03-31,3.4603012
1984-04-01,1.9622838
1984-04-02,1.1253254
1984-04-03,1.1010771
1984-04-04,1.0797682
1984-04-05,1.0238392
1984-04-06,0.98496085
1984-04-07,1.9581457
1984-04-08,3.033574
1984-04-09,3.2674735
1984-04-10,1.9434365
1984-04-11,1.900448
1984-04-12,1.9304799
1984-04-13,2.3595216
1984-04-14,2.9063096
1984-04-15,0.93665314
1984-04-16,1.5211834
1984-04-17,3.2269106
1984-04-18,1.2925234
1984-04-19,0.8970081
1984-04-20,1.6779344
1984-04-21,1.9310775
1984-04-22,2.9147
1984-04-23,1.0211587
1984-04-24,1.2286081
1984-04-25,3.8374026
1984-04-26,2.6537993
1984-04-27,2.891748
1984-04-28,2.8200283
1984-04-29,9.221706
1984-04-30,5.5128865
1984-05-01,3.7112768
1984-05-02,6.356485
1984-05-03,7.0431447
1984-05-04,6.0763
1984-05-05,5.786084
1984-05-06,5.1458344
1984-05-07,8.471012
1984-05-08,4.58992
1984-05-09,6.69443
1984-05-10,6.720143
1984-05-11,7.852179
1984-05-12,7.3608766
1984-05-13,6.57359
1984-05-14,6.632417
1984-05-15,8.234693
1984-05-16,6.9386716
1984-05-17,8.323104
1984-05-18,7.0910015
1984-05-19,6.2603197
1984-05-20,6.30441
1984-05-21,6.449288
1984-05-22,7.9995766
1984-05-23,6.6080694
1984-05-24,10.955731
1984-05-25,7.1344023
1984-05-26,6.504516
1984-05-27,6.2039638
1984-05-28,5.657252
1984-05-29,5.2199383
1984-05-30,6.029614
1984-05-31,5.691291
1984-06-01,6.5641727
1984-06-02,5.250913
1984-06-03,6.5451684
1984-06-04,10.92344
1984-06-05,11.861474
1984-06-06,9.194003
1984-06-07,11.92047
1984-06-08,9.004476
1984-06-09,9.92713
1984-06-10,7.9119096
1984-06-11,8.056341
1984-06-12,7.814378
1984-06-13,7.290809
1984-06-14,9.818797
1984-06-15,7.6264887
1984-06-16,7.413245
1984-06-17,7.0982614
1984-06-18,6.724134
1984-06-19,8.098426
1984-06-20,8.879583
1984-06-21,6.423694
1984-06-22,7.783781
1984-06-23,7.3308563
1984-06-24,5.062441
1984-06-25,4.7723136
1984-06-26,5.0155473
1984-06-27,6.160852
1984-06-28,4.476359
1984-06-29,8.651239
1984-06-30,4.521451
1984-07-01,4.3905945
1984-07-02,3.8791153
1984-07-03,5.1314483
1984-07-04,5.8016424
1984-07-05,4.7467
1984-07-06,4.6212916
1984-07-07,4.22566
1984-07-08,5.991497
1984-07-09,4.8295393
1984-07-10,4.396573
1984-07-11,3.9332178
1984-07-12,3.484377
1984-07-13,3.7475212
1984-07-14,5.268361
1984-07-15,5.3289733
1984-07-16,3.5249033
1984-07-17,2.9930835
1984-07-18,3.104689
1984-07-19,3.9066448
1984-07-20,3.9003308
1984-07-21,3.827083
1984-07-22,3.3575149
1984-07-23,3.4835563
1984-07-24,4.4557214
1984-07-25,4.069207
1984-07-26,3.6452222
1984-07-27,3.0499573
1984-07-28,4.6730175
1984-07-29,5.2670417
1984-07-30,5.1146092
1984-07-31,4.7477694
1984-08-01,5.3607354
1984-08-02,7.7408853
1984-08-03,4.7525964
1984-08-04,4.8807664
1984-08-05,6.805128
1984-08-06,4.1318927
1984-08-07,4.3059955
1984-08-08,6.1346617
1984-08-09,3.8268058
1984-08-10,4.379999
1984-08-11,4.106065
1984-08-12,6.6402373
1984-08-13,5.9258995
1984-08-14,5.1367903
1984-08-15,4.510707
1984-08-16,4.316528
1984-08-17,4.274529
1984-08-18,5.664245
1984-08-19,4.0178223
1984-08-20,5.4878783
1984-08-21,4.0793543
1984-08-22,4.444686
1984-08-23,3.9242494
1984-08-24,3.7974722
1984-08-25,3.6464188
1984-08-26,3.66637
1984-08-27,5.5608044
1984-08-28,4.8188725
1984-08-29,3.225804
1984-08-30,3.6908236
1984-08-31,3.9149518
1984-09-01,4.140359
1984-09-02,3.2954829
1984-09-03,2.9224997
1984-09-04,2.8574893
1984-09-05,4.582192
1984-09-06,3.1381114
1984-09-07,3.4930313
1984-09-08,2.9629583
1984-09-09,2.9714847
1984-09-10,6.9721665
1984-09-11,4.794134
1984-09-12,3.0187082
1984-09-13,3.821856
1984-09-14,2.6001065
1984-09-15,2.5962331
1984-09-16,3.6296024
1984-09-17,4.0208683
1984-09-18,4.17362
1984-09-19,2.7730176
1984-09-20,2.848654
1984-09-21,2.8491998
1984-09-22,2.7971873
1984-09-23,3.2023842
1984-09-24,3.774387
1984-09-25,2.6437714
1984-09-26,2.5445704
1984-09-27,2.461534
1984-09-28,2.4064822
1984-09-29,3.1316035
1984-09-30,3.9869442
1984-10-01,2.8346403
1984-10-02,2.6504936
1984-10-03,2.1607988
1984-10-04,2.10317
1984-10-05,2.5792944
1984-10-06,4.330102
1984-10-07,2.2696722
1984-10-08,2.3100433
1984-10-09,1.9424868
1984-10-10,2.2437785
1984-10-11,1.8321226
1984-10-12,2.9298525
1984-10-13,2.134169
1984-10-14,4.2797427
1984-10-15,2.7750592
1984-10-16,1.6534806
1984-10-17,1.645763
1984-10-18,1.6814008
1984-10-19,6.7292113
1984-10-20,2.310925
1984-10-21,4.638768
1984-10-22,2.355841
1984-10-23,1.8949499
1984-10-24,2.9354868
1984-10-25,1.8751893
1984-10-26,2.3999047
1984-10-27,1.8357475
1984-10-28,1.7031183
1984-10-29,1.6578383
1984-10-30,1.6139722
1984-10-31,1.5952834
1984-11-01,2.2844653
1984-11-02,2.9223833
1984-11-03,2.001582
1984-11-04,1.4575965
1984-11-05,2.3032176
1984-11-06,2.4727817
1984-11-07,1.7718906
1984-11-08,1.7210431
1984-11-09,3.3249912
1984-11-10,1.4067445
1984-11-11,1.3450365
1984-11-12,1.3387231
1984-11-13,1.3918769
1984-11-14,1.7170831
1984-11-15,1.7131605
1984-11-16,1.6586772
1984-11-17,1.4147562
1984-11-18,3.199184
1984-11-19,3.141846
1984-11-20,3.2980192
1984-11-21,2.959186
1984-11-22,2.4489174
1984-11-23,3.403528
1984-11-24,2.9771636
1984-11-25,2.7717893
1984-11-26,4.080367
1984-11-27,4.027451
1984-11-28,2.8370626
1984-11-29,3.8933482
1984-11-30,4.166364
1984-12-01,4.4312477
1984-12-02,2.9824169
1984-12-03,3.842922
1984-12-04,2.8575516
1984-12-05,2.811111
1984-12-06,2.710569
1984-12-07,2.6460736
1984-12-08,2.5694642
1984-12-09,2.4660761
1984-12-10,2.3764522
1984-12-11,2.2744644
1984-12-12,2.2191184
1984-12-13,2.1272845
1984-12-14,2.0521207
1984-12-15,1.9962602
1984-12-16,1.8784641
1984-12-17,1.7945346
1984-12-18,1.7103039
1984-12-19,1.6877358
1984-12-20,1.6650032
1984-12-21,2.523315
1984-12-22,1.6808122
1984-12-23,1.67866
1984-12-24,3.0015063
1984-12-25,1.5664924
1984-12-26,1.4534197
1984-12-27,1.5960395
1984-12-28,2.005296
1984-12-29,1.479878
1984-12-30,1.2672727
1984-12-31,1.2307827
1985-01-01,1.1913232
1985-01-02,1.1596949
1985-01-03,1.1349121
1985-01-04,1.1089779
1985-01-05,1.0777555
1985-01-06,1.042188
1985-01-07,1.0090102
1985-01-08,0.9780959
1985-01-09,0.9478182
1985-01-10,0.9237793
1985-01-11,0.9823338
1985-01-12,0.8768101
1985-01-13,0.8456723
1985-01-14,0.8148711
1985-01-15,0.7836691
1985-01-16,0.75484085
1985-01-17,0.7286669
1985-01-18,0.70296746
1985-01-19,0.67662865
1985-01-20,0.6499273
1985-01-21,0.62436676
1985-01-22,0.6006901
1985-01-23,0.5782388
1985-01-24,0.55742824
1985-01-25,0.5373294
1985-01-26,0.5160704
1985-01-27,0.4958744
1985-01-28,0.47679314
1985-01-29,0.45834386
1985-01-30,0.44176784
1985-01-31,0.42339346
1985-02-01,0.40741643
1985-02-02,0.39022923
1985-02-03,0.3753168
1985-02-04,0.36099878
1985-02-05,0.34912056
1985-02-06,0.33430484
1985-02-07,0.3249499
1985-02-08,0.32667646
1985-02-09,0.36701542
1985-02-10,0.42915806
1985-02-11,0.332455
1985-02-12,0.36615238
1985-02-13,0.42695293
1985-02-14,0.28626645
1985-02-15,0.27923214
1985-02-16,0.264923
1985-02-17,0.2620703
1985-02-18,0.9321196
1985-02-19,0.29809391
1985-02-20,0.18516149
1985-02-21,0.16158238
1985-02-22,0.16544437
1985-02-23,0.16926433
1985-02-24,0.14861117
1985-02-25,0.14223388
1985-02-26,0.1373089
1985-02-27,0.13440253
1985-02-28,0.13464968
1985-03-01,0.18799433
1985-03-02,0.21832305
1985-03-03,0.5987741
1985-03-04,0.74112916
1985-03-05,0.59020054
1985-03-06,1.2135296
1985-03-07,1.207035
1985-03-08,0.2247524
1985-03-09,0.80067354
1985-03-10,0.14353277
1985-03-11,0.07897208
1985-03-12,0.26818976
1985-03-13,0.49106142
1985-03-14,0.17172524
1985-03-15,0.01561372
1985-03-16,0.018887436
1985-03-17,0.024915075
1985-03-18,0.0553966
1985-03-19,0.16539766
1985-03-20,0.043213226
1985-03-21,0.5874656
1985-03-22,0.0178834
1985-03-23,1.4744173e-20
1985-03-24,1.2156002e-38
1985-03-25,0.0
1985-03-26,0.016943729
1985-03-27,0.15694284
1985-03-28,0.6576461
1985-03-29,2.108294
1985-03-30,1.3486667
1985-03-31,1.6484796
1985-04-01,1.3456289
1985-04-02,1.531865
1985-04-03,1.3962401
1985-04-04,0.6645915
1985-04-05,0.21549457
1985-04-06,2.081422
1985-04-07,1.8974864
1985-04-08,1.3437629
1985-04-09,2.7105882
1985-04-10,0.12163793
1985-04-11,0.9849077
1985-04-12,0.15327935
1985-04-13,0.123498574
1985-04-14,0.1353353
1985-04-15,0.32282993
1985-04-16,0.1829307
1985-04-17,0.16399613
1985-04-18,0.15567371
1985-04-19,0.1571815
1985-04-20,1.3538916
1985-04-21,2.0409856
1985-04-22,2.0425868
1985-04-23,1.0356306
1985-04-24,1.9081689
1985-04-25,4.386989
1985-04-26,1.5603026
1985-04-27,0.56495
1985-04-28,1.7498738
1985-04-29,2.346181
1985-04-30,4.163442
1985-05-01,3.7714858
1985-05-02,4.703462
1985-05-03,2.1761568
1985-05-04,1.7373867
1985-05-05,2.6594589
1985-05-06,5.7573657
1985-05-07,8.6455965
1985-05-08,4.157742
1985-05-09,6.54381
1985-05-10,5.4384756
1985-05-11,5.852355
1985-05-12,5.1816854
1985-05-13,7.9379253
1985-05-14,6.313181
1985-05-15,4.692575
1985-05-16,7.0782943
1985-05-17,7.496147
1985-05-18,12.016712
1985-05-19,10.095883
1985-05-20,8.787891
1985-05-21,7.8948884
1985-05-22,7.3828573
1985-05-23,8.495702
1985-05-24,8.319448
1985-05-25,12.143719
1985-05-26,6.484103
1985-05-27,7.2121453
1985-05-28,5.660891
1985-05-29,8.276826
1985-05-30,6.20618
1985-05-31,5.760146
1985-06-01,7.593746
1985-06-02,7.7934637
1985-06-03,85.38002
1985-06-04,17.347841
1985-06-05,10.377583
1985-06-06,8.89344
1985-06-07,8.014242
1985-06-08,11.242744
1985-06-09,8.409767
1985-06-10,73.92607
1985-06-11,20.796808
1985-06-12,12.04033
1985-06-13,9.411361
1985-06-14,7.664714
1985-06-15,6.4200654
1985-06-16,6.5834746
1985-06-17,7.928297
1985-06-18,5.517016
1985-06-19,4.743442
1985-06-20,4.950291
1985-06-21,5.217432
1985-06-22,5.806946
1985-06-23,7.957294
1985-06-24,4.3341246
1985-06-25,5.664516
1985-06-26,5.607584
1985-06-27,5.051315
1985-06-28,7.528779
1985-06-29,4.9236197
1985-06-30,10.289027
1985-07-01,6.7020984
1985-07-02,7.4963703
1985-07-03,7.312177
1985-07-04,7.467356
1985-07-05,6.145118
1985-07-06,6.165673
1985-07-07,5.779203
1985-07-08,5.4471145
1985-07-09,6.5481186
1985-07-10,5.164847
1985-07-11,7.00909
1985-07-12,9.048825
1985-07-13,5.3228993
1985-07-14,5.655849
1985-07-15,5.8424225
1985-07-16,5.4580503
1985-07-17,5.045408
1985-07-18,6.2394967
1985-07-19,6.9168444
1985-07-20,5.9502263
1985-07-21,6.0047545
1985-07-22,5.4198976
1985-07-23,4.7441397
1985-07-24,5.19275
1985-07-25,5.2191696
1985-07-26,4.3051996
1985-07-27,4.438485
1985-07-28,4.3169427
1985-07-29,6.166314
1985-07-30,3.93586
1985-07-31,4.1922493
1985-08-01,5.831111
1985-08-02,3.730354
1985-08-03,3.7260418
1985-08-04,3.6623454
1985-08-05,3.8317285
1985-08-06,4.668775
1985-08-07,4.7496996
1985-08-08,4.5039363
1985-08-09,5.6559353
1985-08-10,4.4790564
1985-08-11,3.692505
1985-08-12,3.4294577
1985-08-13,4.602197
1985-08-14,5.036169
1985-08-15,3.9289346
1985-08-16,4.7961416
1985-08-17,4.3106966
1985-08-18,4.9370747
1985-08-19,5.661687
1985-08-20,8.13838
1985-08-21,6.769627
1985-08-22,4.963788
1985-08-23,5.4621234
1985-08-24,4.816327
1985-08-25,4.547403
1985-08-26,4.6473556
1985-08-27,4.896962
1985-08-28,5.080965
1985-08-29,3.9115524
1985-08-30,4.4277406
1985-08-31,3.5537252
1985-09-01,3.7392037
1985-09-02,5.1823254
1985-09-03,4.38875
1985-09-04,3.3198397
1985-09-05,3.1038425
1985-09-06,4.960209
1985-09-07,3.914248
1985-09-08,4.3038907
1985-09-09,3.3030365
1985-09-10,3.3408167
1985-09-11,3.3405576
1985-09-12,6.491648
1985-09-13,3.3130107
1985-09-14,4.6619973
1985-09-15,5.4320555
1985-09-16,3.2771666
1985-09-17,3.9617686
1985-09-18,3.79587
1985-09-19,3.7618353
1985-09-20,3.6174488
1985-09-21,3.390138
1985-09-22,4.7273536
1985-09-23,2.944407
1985-09-24,2.7419848
1985-09-25,3.1548498
1985-09-26,2.5680497
1985-09-27,2.7323713
1985-09-28,5.331036
1985-09-29,2.2472534
1985-09-30,3.346832
1985-10-01,3.0045068
1985-10-02,2.3137486
1985-10-03,5.264987
1985-10-04,2.5300674
1985-10-05,2.3558974
1985-10-06,2.1366005
1985-10-07,2.4015555
1985-10-08,2.534156
1985-10-09,4.6733556
1985-10-10,3.622565
1985-10-11,2.927091
1985-10-12,2.2656455
1985-10-13,2.420718
1985-10-14,2.508639
1985-10-15,2.3364341
1985-10-16,2.7557082
1985-10-17,3.1904833
1985-10-18,3.377097
1985-10-19,3.2768216
1985-10-20,2.5859337
1985-10-21,2.17437
1985-10-22,2.5169182
1985-10-23,3.0377073
1985-10-24,4.104123
1985-10-25,3.083083
1985-10-26,3.0655615
1985-10-27,2.3663652
1985-10-28,3.1504421
1985-10-29,3.2945
1985-10-30,3.235769
1985-10-31,3.1904874
1985-11-01,3.3206506
1985-11-02,3.1532016
1985-11-03,2.8614066
1985-11-04,2.7591355
1985-11-05,2.859739
1985-11-06,3.240836
1985-11-07,3.0523024
1985-11-08,3.2055826
1985-11-09,2.3900523
1985-11-10,2.2713463
1985-11-11,3.1681852
1985-11-12,2.1559095
1985-11-13,2.5234773
1985-11-14,3.1515043
1985-11-15,2.9768791
1985-11-16,3.8961349
1985-11-17,2.4681659
1985-11-18,2.0202427
1985-11-19,2.22217
1985-11-20,3.6446872
1985-11-21,1.8137494
1985-11-22,3.2360296
1985-11-23,2.4600587
1985-11-24,1.6829753
1985-11-25,1.9200385
1985-11-26,1.6021827
1985-11-27,1.5936673
1985-11-28,1.5826572
1985-11-29,1.5789164
1985-11-30,1.5706238
1985-12-01,1.6428481
1985-12-02,1.475599
1985-12-03,2.9422019
1985-12-04,2.001885
1985-12-05,2.1937027
1985-12-06,1.4937652
1985-12-07,1.4042162
1985-12-08,1.9547316
1985-12-09,1.7042241
1985-12-10,1.4726025
1985-12-11,1.5054064
1985-12-12,1.5218189
1985-12-13,1.7533705
1985-12-14,1.5224136
1985-12-15,1.4882336
1985-12-16,1.458043
1985-12-17,1.4457043
1985-12-18,1.4149085
1985-12-19,1.3681166
1985-12-20,1.33147
1985-12-21,1.3180985
1985-12-22,1.2757701
1985-12-23,1.2389858
1985-12-24,1.2031778
1985-12-25,1.1644453
1985-12-26,1.1280593
1985-12-27,1.0899448
1985-12-28,1.0533983
1985-12-29,1.0145866
1985-12-30,0.97664034
1985-12-31,0.93989736
1986-01-01,0.90963846
1986-01-02,0.8765471
1986-01-03,0.9418283
1986-01-04,0.8976633
1986-01-05,0.81886256
1986-01-06,0.7894516
1986-01-07,0.7610825
1986-01-08,0.7838718
1986-01-09,0.731166
1986-01-10,0.6903947
1986-01-11,0.66921544
1986-01-12,0.6461903
1986-01-13,0.6219284
1986-01-14,0.6093939
1986-01-15,0.7044913
1986-01-16,0.6233867
1986-01-17,0.5592476
1986-01-18,0.53793687
1986-01-19,0.5180979
1986-01-20,0.49854916
1986-01-21,0.48314345
1986-01-22,0.4943831
1986-01-23,0.48499843
1986-01-24,0.46218964
1986-01-25,0.52570254
1986-01-26,0.43325484
1986-01-27,0.43606856
1986-01-28,0.66442347
1986-01-29,0.72760236
1986-01-30,0.8468536
1986-01-31,0.40433896
1986-02-01,0.37153804
1986-02-02,0.36213735
1986-02-03,0.35049504
1986-02-04,0.3391698
1986-02-05,0.33327037
1986-02-06,0.3218086
1986-02-07,0.31214902
1986-02-08,0.3139915
1986-02-09,0.29485792
1986-02-10,0.30261144
1986-02-11,0.29592165
1986-02-12,0.7333202
1986-02-13,0.53805494
1986-02-14,0.5294802
1986-02-15,0.5155102
1986-02-16,0.28954798
1986-02-17,0.29311407
1986-02-18,0.25108472
1986-02-19,0.26917467
1986-02-20,0.7275681
1986-02-21,0.26129958
1986-02-22,0.27418166
1986-02-23,0.69671404
1986-02-24,1.3552128
1986-02-25,1.327795
1986-02-26,0.6442561
1986-02-27,0.7542976
1986-02-28,2.15807
1986-03-01,1.201615
1986-03-02,1.1886818
1986-03-03,0.6290251
1986-03-04,0.24185805
1986-03-05,0.58602834
1986-03-06,0.2683907
1986-03-07,0.14262049
1986-03-08,0.18068697
1986-03-09,0.4602475
1986-03-10,0.2084248
1986-03-11,1.8996899
1986-03-12,0.21986526
1986-03-13,0.98225385
1986-03-14,0.45586514
1986-03-15,0.7630224
1986-03-16,0.17981829
1986-03-17,0.17895713
1986-03-18,0.23261859
1986-03-19,0.36134645
1986-03-20,0.2513143
1986-03-21,3.346169
1986-03-22,1.0377415
1986-03-23,0.19905435
1986-03-24,0.19599599
1986-03-25,1.807717
1986-03-26,1.1052489
1986-03-27,1.1640224
1986-03-28,3.7625086
1986-03-29,0.53825545
1986-03-30,0.75202304
1986-03-31,1.3058103
1986-04-01,0.76255566
1986-04-02,1.5377877
1986-04-03,0.3261744
1986-04-04,0.97805476
1986-04-05,3.2369351
1986-04-06,1.9852887
1986-04-07,2.5266504
1986-04-08,3.3156948
1986-04-09,4.0179234
1986-04-10,1.2548198
1986-04-11,6.207052
1986-04-12,1.2135098
1986-04-13,2.0878372
1986-04-14,4.812754
1986-04-15,1.5064487
1986-04-16,1.5328932
1986-04-17,1.6680732
1986-04-18,4.0942793
1986-04-19,2.3388186
1986-04-20,4.0263577
1986-04-21,5.60768
1986-04-22,3.8503592
1986-04-23,5.1799507
1986-04-24,8.823586
1986-04-25,7.418725
1986-04-26,6.2022004
1986-04-27,7.327254
1986-04-28,9.01259
1986-04-29,8.567793
1986-04-30,5.466196
1986-05-01,7.8032436
1986-05-02,4.7454314
1986-05-03,7.6748276
1986-05-04,11.956709
1986-05-05,7.476364
1986-05-06,9.822206
1986-05-07,8.355775
1986-05-08,8.230912
1986-05-09,9.134732
1986-05-10,7.9136057
1986-05-11,7.7428274
1986-05-12,6.9582977
1986-05-13,5.3142285
1986-05-14,4.9825773
1986-05-15,6.747293
1986-05-16,5.5876927
1986-05-17,4.3594136
1986-05-18,4.192196
1986-05-19,6.9189153
1986-05-20,6.2000585
1986-05-21,4.8562937
1986-05-22,8.970222
1986-05-23,6.791507
1986-05-24,10.041647
1986-05-25,7.3826838
1986-05-26,7.263912
1986-05-27,11.154003
1986-05-28,8.79391
1986-05-29,9.5176525
1986-05-30,9.082512
1986-05-31,8.668325
1986-06-01,9.791726
1986-06-02,8.808781
1986-06-03,7.6048603
1986-06-04,7.2494774
1986-06-05,6.9293113
1986-06-06,7.6621447
1986-06-07,7.224238
1986-06-08,10.780528
1986-06-09,18.689838
1986-06-10,8.418392
1986-06-11,7.9487705
1986-06-12,8.965471
1986-06-13,12.355823
1986-06-14,13.490269
1986-06-15,11.107319
1986-06-16,9.165722
1986-06-17,9.187598
1986-06-18,7.8183417
1986-06-19,6.9863524
1986-06-20,8.395262
1986-06-21,17.82594
1986-06-22,10.41755
1986-06-23,12.9390745
1986-06-24,11.125838
1986-06-25,10.323058
1986-06-26,9.601044
1986-06-27,9.274841
1986-06-28,7.527544
1986-06-29,7.9539437
1986-06-30,8.991496
1986-07-01,7.600296
1986-07-02,6.4736886
1986-07-03,31.12172
1986-07-04,12.621607
1986-07-05,9.283594
1986-07-06,7.788077
1986-07-07,8.908507
1986-07-08,6.9929423
1986-07-09,5.750394
1986-07-10,7.197551
1986-07-11,5.2784586
1986-07-12,5.1578307
1986-07-13,6.095468
1986-07-14,5.9061546
1986-07-15,4.8637104
1986-07-16,4.749578
1986-07-17,5.4360895
1986-07-18,6.841058
1986-07-19,26.215216
1986-07-20,9.259899
1986-07-21,7.635561
1986-07-22,7.634778
1986-07-23,7.1681523
1986-07-24,6.067357
1986-07-25,4.9458795
1986-07-26,8.532168
1986-07-27,4.8254857
1986-07-28,6.5875564
1986-07-29,4.1764836
1986-07-30,4.7920284
1986-07-31,3.951297
1986-08-01,5.987008
1986-08-02,5.404653
1986-08-03,4.686396
1986-08-04,3.679388
1986-08-05,3.830152
1986-08-06,3.7552464
1986-08-07,3.6087024
1986-08-08,2.9979336
1986-08-09,2.808747
1986-08-10,4.7345614
1986-08-11,3.5843124
1986-08-12,3.594872
1986-08-13,3.4792714
1986-08-14,3.5829332
1986-08-15,3.7560532
1986-08-16,3.151389
1986-08-17,3.687955
1986-08-18,3.7731614
1986-08-19,2.3790298
1986-08-20,2.861808
1986-08-21,2.4385777
1986-08-22,3.6233487
1986-08-23,2.3264093
1986-08-24,2.5288124
1986-08-25,2.2785573
1986-08-26,2.4058604
1986-08-27,3.556186
1986-08-28,7.4050937
1986-08-29,2.5831883
1986-08-30,2.6333363
1986-08-31,4.38353
1986-09-01,3.2860231
1986-09-02,2.5922441
1986-09-03,3.5902073
1986-09-04,3.1520872
1986-09-05,3.580289
1986-09-06,5.093938
1986-09-07,2.6409492
1986-09-08,2.620623
1986-09-09,3.0294013
1986-09-10,3.9447334
1986-09-11,7.5773363
1986-09-12,6.9805083
1986-09-13,5.395693
1986-09-14,6.111199
1986-09-15,4.9304533
1986-09-16,4.690739
1986-09-17,4.413125
1986-09-18,4.6501737
1986-09-19,4.114996
1986-09-20,4.3643928
1986-09-21,4.25689
1986-09-22,4.5662494
1986-09-23,4.8488197
1986-09-24,3.8415344
1986-09-25,4.2259574
1986-09-26,5.284638
1986-09-27,3.9250896
1986-09-28,4.2435203
1986-09-29,3.3544953
1986-09-30,4.4144826
1986-10-01,5.487674
1986-10-02,3.9356074
1986-10-03,3.5622623
1986-10-04,3.253309
1986-10-05,3.3275056
1986-10-06,4.8962083
1986-10-07,3.2302136
1986-10-08,3.619399
1986-10-09,4.0057316
1986-10-10,4.4960003
1986-10-11,3.431333
1986-10-12,4.7282414
1986-10-13,3.307284
1986-10-14,5.286225
1986-10-15,4.618665
1986-10-16,4.326489
1986-10-17,3.519412
1986-10-18,3.547585
1986-10-19,3.8743873
1986-10-20,5.192268
1986-10-21,6.01575
1986-10-22,3.8353324
1986-10-23,3.4451795
1986-10-24,4.47442
1986-10-25,4.109772
1986-10-26,3.5032942
1986-10-27,5.7509522
1986-10-28,4.8646207
1986-10-29,6.007857
1986-10-30,5.5337934
1986-10-31,5.315013
1986-11-01,6.0759974
1986-11-02,7.0305147
1986-11-03,6.765511
1986-11-04,5.450036
1986-11-05,5.19971
1986-11-06,4.662058
1986-11-07,6.7622523
1986-11-08,4.948065
1986-11-09,3.7736282
1986-11-10,3.383499
1986-11-11,3.2154963
1986-11-12,3.595183
1986-11-13,6.357067
1986-11-14,4.2854724
1986-11-15,3.3577754
1986-11-16,3.1926231
1986-11-17,4.5526347
1986-11-18,3.0898097
1986-11-19,3.0673685
1986-11-20,4.0177846
1986-11-21,4.6867366
1986-11-22,4.299678
1986-11-23,4.1743603
1986-11-24,3.9739165
1986-11-25,2.939869
1986-11-26,2.825172
1986-11-27,2.8525646
1986-11-28,2.5849957
1986-11-29,2.541914
1986-11-30,2.451564
1986-12-01,2.3736327
1986-12-02,2.318428
1986-12-03,2.2330408
1986-12-04,2.219364
1986-12-05,2.5593493
1986-12-06,3.722404
1986-12-07,2.0931425
1986-12-08,3.6778998
1986-12-09,4.2763653
1986-12-10,4.777098
1986-12-11,2.5548525
1986-12-12,2.5404909
1986-12-13,2.414975
1986-12-14,1.9377959
1986-12-15,1.8800365
1986-12-16,1.8201618
1986-12-17,1.7629055
1986-12-18,1.7097132
1986-12-19,1.6648368
1986-12-20,1.925375
1986-12-21,2.262715
1986-12-22,2.0544398
1986-12-23,2.7610285
1986-12-24,2.4744694
1986-12-25,1.4857042
1986-12-26,1.4197235
1986-12-27,1.3776231
1986-12-28,1.3347567
1986-12-29,1.2961221
1986-12-30,1.2992525
1986-12-31,2.0278246
1987-01-01,1.2186574
1987-01-02,1.1563863
1987-01-03,1.1208024
1987-01-04,2.2250023
1987-01-05,1.1576303
1987-01-06,1.0819647
1987-01-07,1.015878
1987-01-08,1.0012802
1987-01-09,1.8348582
1987-01-10,1.9000902
1987-01-11,1.0074868
1987-01-12,0.92038786
1987-01-13,0.8715659
1987-01-14,0.84466386
1987-01-15,1.2038517
1987-01-16,2.982829
1987-01-17,2.6186948
1987-01-18,0.880207
1987-01-19,1.025138
1987-01-20,0.83444965
1987-01-21,0.7727074
1987-01-22,0.75458044
1987-01-23,0.74087423
1987-01-24,0.72562075
1987-01-25,0.712758
1987-01-26,2.4446037
1987-01-27,1.3561571
1987-01-28,0.780082
1987-01-29,0.66955674
1987-01-30,0.72198886
1987-01-31,0.70963836
1987-02-01,0.66187173
1987-02-02,0.6388487
1987-02-03,0.6448381
1987-02-04,0.7136471
1987-02-05,1.2808332
1987-02-06,0.629026
1987-02-07,0.5959482
1987-02-08,0.5813915
1987-02-09,1.0908518
1987-02-10,0.6003321
1987-02-11,0.99124295
1987-02-12,1.4963403
1987-02-13,1.2039442
1987-02-14,1.6429589
1987-02-15,2.2469707
1987-02-16,1.5398587
1987-02-17,0.8839103
1987-02-18,0.705498
1987-02-19,0.7011563
1987-02-20,3.4745905
1987-02-21,2.1282206
1987-02-22,0.7537345
1987-02-23,0.79218453
1987-02-24,1.2880101
1987-02-25,1.5749643
1987-02-26,2.5479863
1987-02-27,1.6566404
1987-02-28,2.2948494
1987-03-01,0.89145225
1987-03-02,1.0852554
1987-03-03,2.9514194
1987-03-04,1.4985744
1987-03-05,0.8905436
1987-03-06,0.8654355
1987-03-07,0.8554823
1987-03-08,0.84331214
1987-03-09,0.82565093
1987-03-10,0.8050974
1987-03-11,0.7844841
1987-03-12,0.8304409
1987-03-13,1.768939
1987-03-14,0.8273857
1987-03-15,1.6025319
1987-03-16,3.2660356
1987-03-17,3.8086855
1987-03-18,1.0591724
1987-03-19,2.4172766
1987-03-20,1.8490885
1987-03-21,1.7519424
1987-03-22,0.9398814
1987-03-23,1.4058237
1987-03-24,0.98713905
1987-03-25,4.323326
1987-03-26,1.820573
1987-03-27,2.92071
1987-03-28,1.1133916
1987-03-29,1.5990139
1987-03-30,1.1175748
1987-03-31,1.0494778
1987-04-01,1.7374253
1987-04-02,1.1215696
1987-04-03,1.5834348
1987-04-04,1.1689022
1987-04-05,1.7950745
1987-04-06,1.1301303
1987-04-07,2.599231
1987-04-08,1.0702108
1987-04-09,1.5578251
1987-04-10,2.3664627
1987-04-11,3.2092466
1987-04-12,5.588211
1987-04-13,1.4688911
1987-04-14,1.6005963
1987-04-15,1.6672996
1987-04-16,1.6994122
1987-04-17,2.0049868
1987-04-18,4.7112207
1987-04-19,4.626704
1987-04-20,5.7498116
1987-04-21,4.688722
1987-04-22,3.8542278
1987-04-23,4.3910866
1987-04-24,5.6966515
1987-04-25,4.572696
1987-04-26,5.674995
1987-04-27,5.919236
1987-04-28,4.8993545
1987-04-29,5.04249
1987-04-30,6.857354
1987-05-01,7.5565753
1987-05-02,4.9055524
1987-05-03,6.186277
1987-05-04,5.5245266
1987-05-05,5.067868
1987-05-06,6.6532927
1987-05-07,8.146432
1987-05-08,7.299402
1987-05-09,7.321131
1987-05-10,7.180805
1987-05-11,7.3318243
1987-05-12,8.716521
1987-05-13,7.6863337
1987-05-14,9.462446
1987-05-15,10.96608
1987-05-16,8.7528515
1987-05-17,9.839871
1987-05-18,7.162453
1987-05-19,6.638965
1987-05-20,5.644644
1987-05-21,5.8309364
1987-05-22,4.7770534
1987-05-23,5.7402015
1987-05-24,5.1113806
1987-05-25,4.464416
1987-05-26,5.3385835
1987-05-27,3.9306982
1987-05-28,4.0393763
1987-05-29,3.7837777
1987-05-30,5.7902637
1987-05-31,3.6375155
1987-06-01,5.958376
1987-06-02,3.691287
1987-06-03,3.620037
1987-06-04,3.5342643
1987-06-05,3.5206428
1987-06-06,5.0014796
1987-06-07,6.65321
1987-06-08,6.2234535
1987-06-09,7.4614334
1987-06-10,8.98454
1987-06-11,5.7359896
1987-06-12,6.4856153
1987-06-13,5.4598308
1987-06-14,6.3887753
1987-06-15,5.3543677
1987-06-16,5.2357006
1987-06-17,7.8071876
1987-06-18,4.8304343
1987-06-19,6.4744635
1987-06-20,4.5089197
1987-06-21,4.331056
1987-06-22,5.1512117
1987-06-23,5.674901
1987-06-24,4.5146313
1987-06-25,6.695912
1987-06-26,3.9672704
1987-06-27,5.1065564
1987-06-28,4.4631
1987-06-29,3.8802347
1987-06-30,3.7504103
1987-07-01,4.6774035
1987-07-02,4.136601
1987-07-03,5.03891
1987-07-04,5.301646
1987-07-05,5.358558
1987-07-06,4.908474
1987-07-07,5.4584026
1987-07-08,5.0275087
1987-07-09,6.3072805
1987-07-10,7.6328077
1987-07-11,6.4783874
1987-07-12,7.3718944
1987-07-13,6.733803
1987-07-14,7.6656823
1987-07-15,5.816443
1987-07-16,6.6548114
1987-07-17,5.5536823
1987-07-18,7.069896
1987-07-19,4.267977
1987-07-20,4.5136642
1987-07-21,5.071413
1987-07-22,6.345674
1987-07-23,5.0179195
1987-07-24,4.912621
1987-07-25,4.794854
1987-07-26,4.8895583
1987-07-27,4.6879425
1987-07-28,4.175406
1987-07-29,3.884075
1987-07-30,5.0219736
1987-07-31,4.1342072
1987-08-01,5.2264285
1987-08-02,4.493489
1987-08-03,3.2419207
1987-08-04,4.4522896
1987-08-05,3.113884
1987-08-06,2.8136868
1987-08-07,5.210341
1987-08-08,4.453683
1987-08-09,2.8850791
1987-08-10,3.0675464
1987-08-11,5.099453
1987-08-12,3.8338137
1987-08-13,3.482026
1987-08-14,2.93325
1987-08-15,2.9301102
1987-08-16,3.4477458
1987-08-17,3.5149746
1987-08-18,4.225336
1987-08-19,4.071205
1987-08-20,3.3865087
1987-08-21,3.367597
1987-08-22,3.6122763
1987-08-23,3.6927052
1987-08-24,3.515847
1987-08-25,3.3956807
1987-08-26,3.2591984
1987-08-27,4.1748495
1987-08-28,3.9919925
1987-08-29,4.0101886
1987-08-30,3.7555926
1987-08-31,4.1099477
1987-09-01,2.9609501
1987-09-02,3.0521922
1987-09-03,3.1240113
1987-09-04,3.6614087
1987-09-05,3.2792058
1987-09-06,2.3729699
1987-09-07,2.4714265
1987-09-08,2.178095
1987-09-09,2.1173089
1987-09-10,2.0432718
1987-09-11,1.992083
1987-09-12,2.4756927
1987-09-13,3.6533248
1987-09-14,2.5083487
1987-09-15,2.3643804
1987-09-16,1.8112574
1987-09-17,1.8549013
1987-09-18,2.0176363
1987-09-19,2.062257
1987-09-20,3.1100967
1987-09-21,1.7482406
1987-09-22,1.5903721
1987-09-23,2.356875
1987-09-24,2.3734353
1987-09-25,3.518199
1987-09-26,1.6286074
1987-09-27,2.386062
1987-09-28,3.1036696
1987-09-29,2.7188075
1987-09-30,3.1025896
1987-10-01,2.8909087
1987-10-02,2.1148973
1987-10-03,3.7953398
1987-10-04,2.106378
1987-10-05,2.1604698
1987-10-06,2.1995356
1987-10-07,3.4200647
1987-10-08,3.9318051
1987-10-09,2.9023707
1987-10-10,3.174987
1987-10-11,2.9703677
1987-10-12,2.2903264
1987-10-13,2.1559694
1987-10-14,2.3857791
1987-10-15,2.4340658
1987-10-16,2.4190109
1987-10-17,2.4582462
1987-10-18,2.017765
1987-10-19,3.1738086
1987-10-20,3.0003436
1987-10-21,1.9127489
1987-10-22,4.7369413
1987-10-23,3.2986436
1987-10-24,2.7626615
1987-10-25,2.090769
1987-10-26,3.6162553
1987-10-27,3.8856916
1987-10-28,3.2727337
1987-10-29,3.2638333
1987-10-30,3.1653755
1987-10-31,3.6456327
1987-11-01,3.1964777
1987-11-02,5.8701763
1987-11-03,3.434073
1987-11-04,3.7417328
1987-11-05,2.9793088
1987-11-06,3.1939375
1987-11-07,2.847164
1987-11-08,3.230187
1987-11-09,3.3785603
1987-11-10,3.687352
1987-11-11,3.9458675
1987-11-12,3.6546545
1987-11-13,3.2630343
1987-11-14,4.0226874
1987-11-15,3.4031339
1987-11-16,4.1655555
1987-11-17,2.5247276
1987-11-18,2.754176
1987-11-19,3.1799479
1987-11-20,3.233451
1987-11-21,3.0057867
1987-11-22,3.1561651
1987-11-23,2.3078806
1987-11-24,2.178999
1987-11-25,3.024186
1987-11-26,2.5434198
1987-11-27,2.4923522
1987-11-28,3.05253
1987-11-29,4.5117607
1987-11-30,6.9491568
1987-12-01,5.100414
1987-12-02,6.1839433
1987-12-03,6.1478496
1987-12-04,5.9601336
1987-12-05,4.968464
1987-12-06,4.6472445
1987-12-07,4.8287725
1987-12-08,5.186969
1987-12-09,3.9260256
1987-12-10,5.176891
1987-12-11,5.47952
1987-12-12,4.063959
1987-12-13,3.321511
1987-12-14,4.320969
1987-12-15,6.026531
1987-12-16,3.7571206
1987-12-17,3.0818784
1987-12-18,2.7999275
1987-12-19,3.9010348
1987-12-20,2.9844584
1987-12-21,3.4181163
1987-12-22,2.6162486
1987-12-23,2.5342638
1987-12-24,2.4529998
1987-12-25,2.3683603
1987-12-26,2.2832894
1987-12-27,2.201116
1987-12-28,2.1193633
1987-12-29,2.0331783
1987-12-30,1.9576612
1987-12-31,2.189214
1988-01-01,3.435218
1988-01-02,1.8216755
1988-01-03,1.6972865
1988-01-04,1.6154852
1988-01-05,1.5385565
1988-01-06,1.4639157
1988-01-07,1.3937528
1988-01-08,1.3275743
1988-01-09,1.2786949
1988-01-10,1.2181296
1988-01-11,1.1633146
1988-01-12,1.108163
1988-01-13,1.0540129
1988-01-14,1.002569
1988-01-15,0.954608
1988-01-16,0.9109022
1988-01-17,0.9460735
1988-01-18,0.8707275
1988-01-19,0.82508683
1988-01-20,0.7903088
1988-01-21,0.7689784
1988-01-22,0.80615467
1988-01-23,0.7238204
1988-01-24,0.80268216
1988-01-25,0.6807697
1988-01-26,0.6520716
1988-01-27,0.62662923
1988-01-28,0.6055431
1988-01-29,0.68346924
1988-01-30,0.7728273
1988-01-31,1.4147676
1988-02-01,1.1447134
1988-02-02,1.1665643
1988-02-03,3.342849
1988-02-04,0.6041848
1988-02-05,0.5131073
1988-02-06,0.70916337
1988-02-07,0.5452753
1988-02-08,1.6614959
1988-02-09,0.57160723
1988-02-10,0.5993106
1988-02-11,0.7150306
1988-02-12,1.4731965
1988-02-13,0.5189991
1988-02-14,1.1227244
1988-02-15,2.737006
1988-02-16,0.50043964
1988-02-17,0.42441493
1988-02-18,0.41467354
1988-02-19,0.4066956
1988-02-20,0.3987101
1988-02-21,0.39425853
1988-02-22,0.40027592
1988-02-23,2.4513552
1988-02-24,0.45016834
1988-02-25,0.36806172
1988-02-26,0.36048248
1988-02-27,0.3490067
1988-02-28,0.3433833
1988-02-29,0.33466327
1988-03-01,0.32702357
1988-03-02,0.31622222
1988-03-03,0.3077711
1988-03-04,0.2989061
1988-03-05,0.2892006
1988-03-06,0.2822548
1988-03-07,0.2734643
1988-03-08,0.26582938
1988-03-09,0.25400954
1988-03-10,0.24984844
1988-03-11,0.19921105
1988-03-12,0.15441933
1988-03-13,0.14934446
1988-03-14,0.15945384
1988-03-15,0.16093642
1988-03-16,0.16363063
1988-03-17,0.35928687
1988-03-18,0.91560596
1988-03-19,0.5768072
1988-03-20,0.2137033
1988-03-21,0.14146885
1988-03-22,0.38983402
1988-03-23,1.9328817
1988-03-24,0.37358522
1988-03-25,0.117195636
1988-03-26,0.10335825
1988-03-27,0.14422278
1988-03-28,0.16950172
1988-03-29,1.2450799
1988-03-30,2.2931721
1988-03-31,1.0911181
1988-04-01,2.275733
1988-04-02,1.6472498
1988-04-03,1.9936275
1988-04-04,4.3291783
1988-04-05,0.6303946
1988-04-06,0.46502054
1988-04-07,1.4561136
1988-04-08,1.5723202
1988-04-09,1.6989734
1988-04-10,2.6707225
1988-04-11,0.9878182
1988-04-12,1.0204511
1988-04-13,2.742027
1988-04-14,1.5612949
1988-04-15,0.92524654
1988-04-16,2.7803893
1988-04-17,2.1548967
1988-04-18,1.1309112
1988-04-19,6.743673
1988-04-20,1.7591048
1988-04-21,2.1841223
1988-04-22,2.2099059
1988-04-23,1.4447315
1988-04-24,3.209728
1988-04-25,4.8757043
1988-04-26,2.5304275
1988-04-27,1.7830433
1988-04-28,2.8590825
1988-04-29,4.0369515
1988-04-30,3.0198312
1988-05-01,2.558817
1988-05-02,4.865719
1988-05-03,2.6593134
1988-05-04,3.3228936
1988-05-05,4.1382174
1988-05-06,2.823881
1988-05-07,4.233648
1988-05-08,4.6201696
1988-05-09,7.4058156
1988-05-10,6.0891004
1988-05-11,6.1867127
1988-05-12,9.522204
1988-05-13,9.972703
1988-05-14,10.521124
1988-05-15,8.704356
1988-05-16,10.130216
1988-05-17,12.3510065
1988-05-18,11.073915
1988-05-19,11.103619
1988-05-20,8.66745
1988-05-21,8.779792
1988-05-22,7.044019
1988-05-23,9.28603
1988-05-24,10.448333
1988-05-25,8.703203
1988-05-26,8.145957
1988-05-27,7.268976
1988-05-28,9.028584
1988-05-29,8.581203
1988-05-30,8.755096
1988-05-31,5.946412
1988-06-01,5.441054
1988-06-02,6.711236
1988-06-03,6.029156
1988-06-04,6.788129
1988-06-05,9.932274
1988-06-06,5.5252585
1988-06-07,6.1294265
1988-06-08,6.9281297
1988-06-09,7.806021
1988-06-10,7.8922825
1988-06-11,11.585297
1988-06-12,8.724023
1988-06-13,7.08545
1988-06-14,11.327043
1988-06-15,9.075562
1988-06-16,7.556034
1988-06-17,6.0408893
1988-06-18,7.2869444
1988-06-19,6.3434687
1988-06-20,9.45774
1988-06-21,6.666876
1988-06-22,6.212824
1988-06-23,8.189844
1988-06-24,7.223651
1988-06-25,7.9011474
1988-06-26,6.372071
1988-06-27,6.447196
1988-06-28,5.865969
1988-06-29,5.4342403
1988-06-30,5.263743
1988-07-01,7.741659
1988-07-02,4.6855364
1988-07-03,4.561797
1988-07-04,7.997067
1988-07-05,6.795036
1988-07-06,9.739405
1988-07-07,6.514069
1988-07-08,8.017111
1988-07-09,9.077038
1988-07-10,7.00339
1988-07-11,9.207728
1988-07-12,18.730724
1988-07-13,10.967107
1988-07-14,7.428306
1988-07-15,6.187379
1988-07-16,5.5834584
1988-07-17,6.7953715
1988-07-18,7.514124
1988-07-19,7.9389067
1988-07-20,8.138597
1988-07-21,4.966801
1988-07-22,5.2858086
1988-07-23,5.486952
1988-07-24,6.8607836
1988-07-25,6.46342
1988-07-26,5.741964
1988-07-27,6.35201
1988-07-28,6.927934
1988-07-29,6.7675776
1988-07-30,6.6177382
1988-07-31,7.3323326
1988-08-01,10.156595
1988-08-02,5.781563
1988-08-03,6.047424
1988-08-04,6.036304
1988-08-05,7.694926
1988-08-06,6.4077606
1988-08-07,7.0954432
1988-08-08,5.6803527
1988-08-09,7.053358
1988-08-10,6.943451
1988-08-11,8.344196
1988-08-12,6.0146017
1988-08-13,6.178004
1988-08-14,7.4786158
1988-08-15,4.669301
1988-08-16,5.0296006
1988-08-17,5.955557
1988-08-18,4.7870994
1988-08-19,7.317148
1988-08-20,6.752865
1988-08-21,5.8554854
1988-08-22,5.828218
1988-08-23,6.2653356
1988-08-24,8.131126
1988-08-25,6.1708255
1988-08-26,5.5432663
1988-08-27,5.7057657
1988-08-28,5.1901436
1988-08-29,5.164288
1988-08-30,4.752683
1988-08-31,4.784947
1988-09-01,4.332066
1988-09-02,4.3249927
1988-09-03,4.5618134
1988-09-04,4.2773795
1988-09-05,5.3796315
1988-09-06,4.0363374
1988-09-07,4.0744457
1988-09-08,4.1897264
1988-09-09,3.404529
1988-09-10,3.3081737
1988-09-11,3.8603728
1988-09-12,4.1482234
1988-09-13,4.6424417
1988-09-14,5.5896506
1988-09-15,3.8949254
1988-09-16,3.7212384
1988-09-17,3.6604054
1988-09-18,4.0758147
1988-09-19,4.2391396
1988-09-20,3.9654655
1988-09-21,3.3274186
1988-09-22,3.7088215
1988-09-23,3.839297
1988-09-24,3.2025602
1988-09-25,4.2479124
1988-09-26,4.3273416
1988-09-27,3.1524827
1988-09-28,4.1479526
1988-09-29,4.636935
1988-09-30,4.065161
1988-10-01,2.8227634
1988-10-02,3.1200838
1988-10-03,3.1249056
1988-10-04,3.4102328
1988-10-05,3.8151999
1988-10-06,2.6075149
1988-10-07,3.6999078
1988-10-08,4.252521
1988-10-09,3.2611525
1988-10-10,2.542353
1988-10-11,2.5586538
1988-10-12,2.5609949
1988-10-13,2.9147463
1988-10-14,4.287411
1988-10-15,3.1932983
1988-10-16,2.2480524
1988-10-17,2.8432293
1988-10-18,5.2832727
1988-10-19,2.7729082
1988-10-20,4.1604123
1988-10-21,2.1164765
1988-10-22,3.5449216
1988-10-23,2.1274064
1988-10-24,2.101618
1988-10-25,2.0422366
1988-10-26,1.9968102
1988-10-27,1.9865773
1988-10-28,1.9950228
1988-10-29,2.009169
1988-10-30,1.8895104
1988-10-31,1.828011
1988-11-01,2.354167
1988-11-02,1.7687995
1988-11-03,2.1953216
1988-11-04,1.882537
1988-11-05,2.479749
1988-11-06,1.8307136
1988-11-07,1.8897691
1988-11-08,1.8990885
1988-11-09,2.677049
1988-11-10,2.2565014
1988-11-11,1.615868
1988-11-12,2.5029767
1988-11-13,3.201274
1988-11-14,2.5214214
1988-11-15,3.7506254
1988-11-16,3.572808
1988-11-17,4.2026367
1988-11-18,6.2367015
1988-11-19,3.2315526
1988-11-20,3.4312677
1988-11-21,5.329287
1988-11-22,4.6097727
1988-11-23,3.527881
1988-11-24,3.444617
1988-11-25,5.400751
1988-11-26,3.4657378
1988-11-27,3.2996428
1988-11-28,3.8522472
1988-11-29,4.871358
1988-11-30,3.500453
1988-12-01,2.899395
1988-12-02,2.7952547
1988-12-03,2.7024875
1988-12-04,2.9435208
1988-12-05,2.6739898
1988-12-06,2.5027564
1988-12-07,2.4311802
1988-12-08,2.3738594
1988-12-09,2.899619
1988-12-10,2.2168694
1988-12-11,2.1378176
1988-12-12,2.0972395
1988-12-13,2.536184
1988-12-14,2.8053503
1988-12-15,1.9058318
1988-12-16,1.8212453
1988-12-17,1.751273
1988-12-18,1.6846825
1988-12-19,1.6204213
1988-12-20,1.5556577
1988-12-21,1.497581
1988-12-22,1.4473796
1988-12-23,1.3911302
1988-12-24,1.3486078
1988-12-25,1.3640065
1988-12-26,1.3014053
1988-12-27,1.2859129
1988-12-28,1.2897156
1988-12-29,1.5751837
1988-12-30,1.3767933
1988-12-31,2.1585004
1989-01-01,2.007709
1989-01-02,1.922852
1989-01-03,1.9185592
1989-01-04,1.8152874
1989-01-05,1.2711741
1989-01-06,1.4966522
1989-01-07,2.640687
1989-01-08,2.5659475
1989-01-09,1.1270744
1989-01-10,1.0978696
1989-01-11,1.0976772
1989-01-12,1.2476671
1989-01-13,1.8728973
1989-01-14,1.1330141
1989-01-15,1.7171196
1989-01-16,1.8983868
1989-01-17,1.4338244
1989-01-18,2.4997404
1989-01-19,2.0684655
1989-01-20,2.2833943
1989-01-21,3.1317124
1989-01-22,2.8373966
1989-01-23,5.4703264
1989-01-24,3.7925997
1989-01-25,3.3248553
1989-01-26,3.3985493
1989-01-27,3.3317857
1989-01-28,3.1981087
1989-01-29,3.05578
1989-01-30,2.9288523
1989-01-31,2.7527683
1989-02-01,2.7084994
1989-02-02,3.6868212
1989-02-03,2.723708
1989-02-04,2.3498282
1989-02-05,2.2520537
1989-02-06,2.7991724
1989-02-07,2.1096995
1989-02-08,2.0411177
1989-02-09,1.9275364
1989-02-10,1.8186306
1989-02-11,1.7233711
1989-02-12,1.6371912
1989-02-13,1.5613747
1989-02-14,3.0452533
1989-02-15,1.4963913
1989-02-16,1.381498
1989-02-17,1.312471
1989-02-18,1.2469627
1989-02-19,1.1927899
1989-02-20,1.4220306
1989-02-21,1.1947138
1989-02-22,1.6657156
1989-02-23,1.1112492
1989-02-24,1.601706
1989-02-25,1.7786282
1989-02-26,2.4591608
1989-02-27,4.0431347
1989-02-28,1.4661778
1989-03-01,1.4581717
1989-03-02,2.1882365
1989-03-03,1.3370591
1989-03-04,1.759879
1989-03-05,4.314724
1989-03-06,2.9856658
1989-03-07,1.4078408
1989-03-08,1.411985
1989-03-09,1.9502109
1989-03-10,2.3057542
1989-03-11,3.5700128
1989-03-12,1.7580817
1989-03-13,1.5353793
1989-03-14,4.4417524
1989-03-15,1.6584835
1989-03-16,1.5139015
1989-03-17,1.5054054
1989-03-18,1.5748242
1989-03-19,1.8463964
1989-03-20,2.0818229
1989-03-21,2.4866676
1989-03-22,1.5612501
1989-03-23,2.921884
1989-03-24,2.420228
1989-03-25,1.7023529
1989-03-26,4.3103666
1989-03-27,1.6032155
1989-03-28,1.4739392
1989-03-29,2.699416
1989-03-30,1.890195
1989-03-31,2.0142868
1989-04-01,2.1600742
1989-04-02,2.6389709
1989-04-03,2.377067
1989-04-04,4.175906
1989-04-05,4.681173
1989-04-06,2.3929465
1989-04-07,3.1292915
1989-04-08,3.4358325
1989-04-09,3.3232672
1989-04-10,5.1497345
1989-04-11,3.0098774
1989-04-12,3.8196893
1989-04-13,5.0799375
1989-04-14,6.885575
1989-04-15,4.525727
1989-04-16,5.085035
1989-04-17,7.1358976
1989-04-18,4.6199975
1989-04-19,4.1885805
1989-04-20,5.997622
1989-04-21,5.154909
1989-04-22,3.919009
1989-04-23,7.7506742
1989-04-24,7.3760047
1989-04-25,4.292678
1989-04-26,4.9179125
1989-04-27,10.509189
1989-04-28,9.204525
1989-04-29,6.099987
1989-04-30,7.0759625
1989-05-01,5.653746
1989-05-02,9.2095995
1989-05-03,10.11488
1989-05-04,9.184828
1989-05-05,8.054478
1989-05-06,9.128841
1989-05-07,12.83858
1989-05-08,18.488358
1989-05-09,10.571215
1989-05-10,8.708713
1989-05-11,12.400183
1989-05-12,13.850245
1989-05-13,11.10671
1989-05-14,11.819962
1989-05-15,9.503106
1989-05-16,9.725065
1989-05-17,6.6476097
1989-05-18,6.2419
1989-05-19,7.9915876
1989-05-20,8.695861
1989-05-21,10.227897
1989-05-22,8.188545
1989-05-23,9.594795
1989-05-24,8.614302
1989-05-25,7.0794306
1989-05-26,7.492678
1989-05-27,25.148684
1989-05-28,16.430414
1989-05-29,11.284122
1989-05-30,10.445372
1989-05-31,7.666596
1989-06-01,6.6127844
1989-06-02,8.094311
1989-06-03,7.405632
1989-06-04,9.181994
1989-06-05,10.879466
1989-06-06,8.916575
1989-06-07,7.998596
1989-06-08,7.0525594
1989-06-09,6.3136086
1989-06-10,6.255396
1989-06-11,7.3713017
1989-06-12,6.3599124
1989-06-13,5.555812
1989-06-14,8.5707035
1989-06-15,10.483384
1989-06-16,11.696446
1989-06-17,9.764963
1989-06-18,9.396866
1989-06-19,11.355356
1989-06-20,8.957405
1989-06-21,8.048835
1989-06-22,23.964228
1989-06-23,15.408713
1989-06-24,20.94961
1989-06-25,9.704876
1989-06-26,8.748513
1989-06-27,7.902534
1989-06-28,5.784066
1989-06-29,5.14749
1989-06-30,4.6821027
1989-07-01,4.4178853
1989-07-02,5.878283
1989-07-03,3.8179348
1989-07-04,3.5418527
1989-07-05,3.3109019
1989-07-06,4.6904645
1989-07-07,4.384148
1989-07-08,3.071536
1989-07-09,2.845272
1989-07-10,2.79371
1989-07-11,2.725113
1989-07-12,2.6526902
1989-07-13,2.8280501
1989-07-14,3.4919562
1989-07-15,3.3850322
1989-07-16,3.586077
1989-07-17,3.7181082
1989-07-18,3.8126962
1989-07-19,3.7695217
1989-07-20,3.2815754
1989-07-21,3.132214
1989-07-22,4.561864
1989-07-23,4.6999702
1989-07-24,6.3559694
1989-07-25,4.7034864
1989-07-26,6.0012302
1989-07-27,5.039819
1989-07-28,5.3779297
1989-07-29,5.387532
1989-07-30,5.160723
1989-07-31,4.883447
1989-08-01,5.84196
1989-08-02,4.380899
1989-08-03,7.5628867
1989-08-04,3.9788663
1989-08-05,3.8957946
1989-08-06,3.9718263
1989-08-07,5.274384
1989-08-08,4.247166
1989-08-09,2.9939368
1989-08-10,5.520114
1989-08-11,3.4002886
1989-08-12,2.7797976
1989-08-13,4.5423994
1989-08-14,3.731472
1989-08-15,3.134191
1989-08-16,3.3161337
1989-08-17,2.6892896
1989-08-18,4.6444674
1989-08-19,3.2410228
1989-08-20,5.2559385
1989-08-21,2.6944127
1989-08-22,2.407971
1989-08-23,2.8442156
1989-08-24,2.3590543
1989-08-25,4.6333036
1989-08-26,2.9142864
1989-08-27,2.4031305
1989-08-28,2.3914676
1989-08-29,4.6883307
1989-08-30,2.456214
1989-08-31,2.949397
1989-09-01,2.387373
1989-09-02,2.4080262
1989-09-03,2.372401
1989-09-04,4.7611403
1989-09-05,2.350272
1989-09-06,3.4556987
1989-09-07,2.1988797
1989-09-08,2.0984495
1989-09-09,4.1997447
1989-09-10,3.7542431
1989-09-11,2.3132472
1989-09-12,1.9989624
1989-09-13,1.9656721
1989-09-14,1.8414142
1989-09-15,2.5899825
1989-09-16,1.8165027
1989-09-17,2.2562158
1989-09-18,2.1444583
1989-09-19,1.6307065
1989-09-20,2.1784637
1989-09-21,1.7610109
1989-09-22,4.6014357
1989-09-23,1.5556662
1989-09-24,2.4736953
1989-09-25,2.01187
1989-09-26,2.0020251
1989-09-27,1.4584391
1989-09-28,2.134785
1989-09-29,3.9128344
1989-09-30,1.9251683
1989-10-01,3.3890593
1989-10-02,2.5585067
1989-10-03,2.4148703
1989-10-04,1.9292703
1989-10-05,3.5892549
1989-10-06,2.3984866
1989-10-07,3.4303474
1989-10-08,2.927169
1989-10-09,2.7088242
1989-10-10,2.659864
1989-10-11,4.81278
1989-10-12,3.7159731
1989-10-13,2.9617174
1989-10-14,3.2794232
1989-10-15,3.3718991
1989-10-16,3.2831492
1989-10-17,3.8321786
1989-10-18,5.107958
1989-10-19,4.98628
1989-10-20,6.7530336
1989-10-21,3.1427596
1989-10-22,2.8465173
1989-10-23,3.2594323
1989-10-24,3.6112387
1989-10-25,4.048039
1989-10-26,4.1113925
1989-10-27,3.145837
1989-10-28,3.0694952
1989-10-29,2.7659876
1989-10-30,3.3070877
1989-10-31,4.016428
1989-11-01,4.0371013
1989-11-02,2.8381174
1989-11-03,3.3919048
1989-11-04,3.304354
1989-11-05,3.7700815
1989-11-06,3.193495
1989-11-07,3.544791
1989-11-08,3.659342
1989-11-09,2.4638538
1989-11-10,2.3535604
1989-11-11,4.839969
1989-11-12,2.3083658
1989-11-13,2.1221857
1989-11-14,2.0407958
1989-11-15,2.0007243
1989-11-16,1.9279579
1989-11-17,3.905502
1989-11-18,3.5387263
1989-11-19,2.3636408
1989-11-20,1.7951303
1989-11-21,1.7552803
1989-11-22,3.3629868
1989-11-23,4.3893228
1989-11-24,2.2657793
1989-11-25,2.9294112
1989-11-26,2.1001582
1989-11-27,2.2429504
1989-11-28,2.3026683
1989-11-29,2.370173
1989-11-30,2.2412548
1989-12-01,3.0234046
1989-12-02,2.1117523
1989-12-03,2.6955507
1989-12-04,2.135377
1989-12-05,1.9618887
1989-12-06,1.8946769
1989-12-07,1.8305229
1989-12-08,1.813478
1989-12-09,1.7243351
1989-12-10,1.707153
1989-12-11,1.664692
1989-12-12,1.6131378
1989-12-13,1.5540695
1989-12-14,1.5027623
1989-12-15,1.4261023
1989-12-16,1.3674395
1989-12-17,1.3520402
1989-12-18,1.2658474
1989-12-19,1.212396
1989-12-20,1.1613069
1989-12-21,1.1126697
1989-12-22,1.0652345
1989-12-23,1.0183219
1989-12-24,0.9750989
1989-12-25,0.9318889
1989-12-26,0.89268774
1989-12-27,0.85233575
1989-12-28,0.8154741
1989-12-29,0.78033644
1989-12-30,0.74606806
1989-12-31,0.71479577
1990-01-01,0.68596333
1990-01-02,0.66855204
1990-01-03,0.64541054
1990-01-04,0.6710538
1990-01-05,0.59381217
1990-01-06,0.5735316
1990-01-07,0.5507045
1990-01-08,0.53163886
1990-01-09,0.512088
1990-01-10,0.49403548
1990-01-11,0.47515246
1990-01-12,0.45442173
1990-01-13,0.4605655
1990-01-14,0.49114025
1990-01-15,1.2775544
1990-01-16,1.0244424
1990-01-17,0.4290115
1990-01-18,0.39940253
1990-01-19,0.3951805
1990-01-20,0.82809126
1990-01-21,0.70165026
1990-01-22,0.7908515
1990-01-23,0.9325414
1990-01-24,0.5042878
1990-01-25,0.43794408
1990-01-26,3.4553597
1990-01-27,1.6260157
1990-01-28,1.6016101
1990-01-29,0.4235417
1990-01-30,0.36352992
1990-01-31,0.42829025
1990-02-01,2.216899
1990-02-02,1.0494158
1990-02-03,0.90561515
1990-02-04,0.7090353
1990-02-05,0.3591745
1990-02-06,4.016964
1990-02-07,1.0966703
1990-02-08,1.1643988
1990-02-09,0.6085715
1990-02-10,0.4595265
1990-02-11,0.4295146
1990-02-12,0.44823584
1990-02-13,1.9293665
1990-02-14,4.0751104
1990-02-15,0.60808533
1990-02-16,0.5248096
1990-02-17,0.5304874
1990-02-18,0.53429055
1990-02-19,0.5332279
1990-02-20,0.529913
1990-02-21,0.5200447
1990-02-22,0.5856965
1990-02-23,0.51890343
1990-02-24,0.55404794
1990-02-25,0.4980203
1990-02-26,0.4830835
1990-02-27,0.4704877
1990-02-28,0.4593123
1990-03-01,0.4487606
1990-03-02,0.4419567
1990-03-03,0.44713813
1990-03-04,0.50263596
1990-03-05,0.49427366
1990-03-06,0.6484486
1990-03-07,0.95005006
1990-03-08,0.4858303
1990-03-09,1.9959841
1990-03-10,3.666883
1990-03-11,2.9302847
1990-03-12,1.7458471
1990-03-13,5.03791
1990-03-14,2.0002854
1990-03-15,0.78129125
1990-03-16,1.511972
1990-03-17,1.9657542
1990-03-18,2.7268963
1990-03-19,3.7360563
1990-03-20,1.8978959
1990-03-21,5.0372114
1990-03-22,3.7164009
1990-03-23,4.5725026
1990-03-24,3.4548125
1990-03-25,3.533411
1990-03-26,3.197339
1990-03-27,3.2223258
1990-03-28,3.2051091
1990-03-29,3.2351096
1990-03-30,3.142998
1990-03-31,3.0582283
1990-04-01,3.646282
1990-04-02,3.0986254
1990-04-03,4.0823765
1990-04-04,4.304414
1990-04-05,2.7325149
1990-04-06,6.5330215
1990-04-07,6.3850584
1990-04-08,3.3301868
1990-04-09,2.7258291
1990-04-10,3.7133467
1990-04-11,2.5035365
1990-04-12,4.1427565
1990-04-13,4.892496
1990-04-14,6.259652
1990-04-15,6.5028763
1990-04-16,4.8427267
1990-04-17,8.053939
1990-04-18,5.9435067
1990-04-19,5.9622006
1990-04-20,8.38551
1990-04-21,6.784157
1990-04-22,9.317595
1990-04-23,15.805153
1990-04-24,14.571789
1990-04-25,15.216939
1990-04-26,10.162924
1990-04-27,9.504842
1990-04-28,9.055144
1990-04-29,11.818444
1990-04-30,8.569598
1990-05-01,10.706147
1990-05-02,8.668768
1990-05-03,6.383164
1990-05-04,6.4208374
1990-05-05,6.402742
1990-05-06,6.2711616
1990-05-07,6.5886607
1990-05-08,7.1512256
1990-05-09,6.073237
1990-05-10,6.6783257
1990-05-11,6.561251
1990-05-12,8.830052
1990-05-13,10.58529
1990-05-14,9.590137
1990-05-15,9.460495
1990-05-16,9.216717
1990-05-17,9.261501
1990-05-18,8.253207
1990-05-19,25.277716
1990-05-20,12.677035
1990-05-21,8.553373
1990-05-22,7.157365
1990-05-23,10.1464205
1990-05-24,6.2145905
1990-05-25,5.4771414
1990-05-26,5.1411495
1990-05-27,4.846102
1990-05-28,4.551014
1990-05-29,4.261478
1990-05-30,4.2033367
1990-05-31,6.953974
1990-06-01,3.5822792
1990-06-02,4.5452685
1990-06-03,3.7093737
1990-06-04,4.7357965
1990-06-05,3.7790039
1990-06-06,11.799464
1990-06-07,3.150648
1990-06-08,3.4476542
1990-06-09,4.3653936
1990-06-10,4.410152
1990-06-11,6.0051064
1990-06-12,4.0206485
1990-06-13,7.7986155
1990-06-14,6.534672
1990-06-15,7.4468546
1990-06-16,7.3601832
1990-06-17,7.346649
1990-06-18,9.182359
1990-06-19,8.800999
1990-06-20,7.0020146
1990-06-21,9.063962
1990-06-22,7.2156987
1990-06-23,6.9641743
1990-06-24,6.0420194
1990-06-25,5.688877
1990-06-26,6.108248
1990-06-27,5.4937663
1990-06-28,5.05568
1990-06-29,5.1793947
1990-06-30,4.4584527
1990-07-01,6.425624
1990-07-02,5.549405
1990-07-03,4.031954
1990-07-04,4.9674597
1990-07-05,6.1989164
1990-07-06,7.91471
1990-07-07,5.9221683
1990-07-08,4.6194134
1990-07-09,6.3952456
1990-07-10,5.0425797
1990-07-11,4.51327
1990-07-12,8.526172
1990-07-13,7.947854
1990-07-14,8.196678
1990-07-15,8.278781
1990-07-16,8.165679
1990-07-17,7.244116
1990-07-18,6.7203217
1990-07-19,6.1186647
1990-07-20,5.2709603
1990-07-21,6.349105
1990-07-22,4.9856462
1990-07-23,5.2342405
1990-07-24,4.1990943
1990-07-25,3.8610213
1990-07-26,4.1688104
1990-07-27,3.5134265
1990-07-28,5.131541
1990-07-29,3.9785643
1990-07-30,3.208148
1990-07-31,10.556184
1990-08-01,6.9525223
1990-08-02,7.194079
1990-08-03,8.032563
1990-08-04,7.3438807
1990-08-05,9.132839
1990-08-06,6.8828945
1990-08-07,6.424748
1990-08-08,6.050472
1990-08-09,5.857061
1990-08-10,5.2576427
1990-08-11,6.5515075
1990-08-12,4.718716
1990-08-13,5.7269387
1990-08-14,4.3394003
1990-08-15,6.0726743
1990-08-16,7.038659
1990-08-17,3.8065498
1990-08-18,3.5355117
1990-08-19,3.4183247
1990-08-20,3.2633567
1990-08-21,3.5818486
1990-08-22,2.9735422
1990-08-23,2.827471
1990-08-24,2.7483873
1990-08-25,3.7340703
1990-08-26,2.8692248
1990-08-27,3.6892083
1990-08-28,3.7465434
1990-08-29,3.1631563
1990-08-30,2.976074
1990-08-31,2.1648686
1990-09-01,2.9316468
1990-09-02,2.5932412
1990-09-03,3.8811922
1990-09-04,3.1627843
1990-09-05,3.0846546
1990-09-06,3.1784134
1990-09-07,2.949644
1990-09-08,2.8792765
1990-09-09,3.5735908
1990-09-10,3.7591147
1990-09-11,3.4997752
1990-09-12,2.680587
1990-09-13,2.6638355
1990-09-14,2.7468095
1990-09-15,4.5856266
1990-09-16,3.250795
1990-09-17,2.849437
1990-09-18,2.9972029
1990-09-19,3.214021
1990-09-20,3.1847408
1990-09-21,4.1761813
1990-09-22,3.5492845
1990-09-23,3.074592
1990-09-24,3.8273313
1990-09-25,5.7954426
1990-09-26,3.1948988
1990-09-27,2.8615968
1990-09-28,3.4291186
1990-09-29,2.675773
1990-09-30,2.605153
1990-10-01,2.5603538
1990-10-02,2.8966208
1990-10-03,2.5729969
1990-10-04,3.1432517
1990-10-05,2.530234
1990-10-06,2.4187617
1990-10-07,2.2180905
1990-10-08,3.5279214
1990-10-09,2.5141537
1990-10-10,3.3278513
1990-10-11,2.2105553
1990-10-12,2.9022458
1990-10-13,2.3622935
1990-10-14,2.2460876
1990-10-15,3.4790075
1990-10-16,2.1563118
1990-10-17,3.323076
1990-10-18,2.1111722
1990-10-19,2.4463189
1990-10-20,2.280908
1990-10-21,2.6095228
1990-10-22,2.9884813
1990-10-23,2.9022706
1990-10-24,1.8344471
1990-10-25,2.9768527
1990-10-26,2.4528055
1990-10-27,4.0828624
1990-10-28,1.718958
1990-10-29,2.8507683
1990-10-30,1.7443357
1990-10-31,1.7320026
1990-11-01,1.8817614
1990-11-02,1.6790885
1990-11-03,1.6547308
1990-11-04,1.956079
1990-11-05,2.475636
1990-11-06,1.6946368
1990-11-07,2.2988222
1990-11-08,1.9685441
1990-11-09,3.9431005
1990-11-10,1.7572348
1990-11-11,1.7186917
1990-11-12,1.9046867
1990-11-13,1.7197603
1990-11-14,2.1654034
1990-11-15,1.6952211
1990-11-16,1.7202604
1990-11-17,4.1391473
1990-11-18,1.9383348
1990-11-19,1.678538
1990-11-20,3.2943623
1990-11-21,3.5674815
1990-11-22,3.3289583
1990-11-23,2.353503
1990-11-24,1.8110209
1990-11-25,2.709647
1990-11-26,3.4874353
1990-11-27,4.52133
1990-11-28,2.463205
1990-11-29,3.1179826
1990-11-30,5.525532
1990-12-01,3.0205848
1990-12-02,3.1102445
1990-12-03,4.209277
1990-12-04,3.2517128
1990-12-05,4.153148
1990-12-06,4.147277
1990-12-07,3.908847
1990-12-08,3.2448196
1990-12-09,3.140326
1990-12-10,3.0749416
1990-12-11,2.9259067
1990-12-12,2.8324733
1990-12-13,2.995722
1990-12-14,3.1953578
1990-12-15,3.8545256
1990-12-16,2.7149203
1990-12-17,2.61349
1990-12-18,2.3242822
1990-12-19,4.843116
1990-12-20,2.8717244
1990-12-21,3.3587646
1990-12-22,3.3245926
1990-12-23,1.9463145
1990-12-24,1.8322034
1990-12-25,1.7687874
1990-12-26,2.7325032
1990-12-27,2.9217024
1990-12-28,1.8015358
1990-12-29,2.4180658
1990-12-30,1.6447132
1990-12-31,2.0197754
1991-01-01,1.9930413
1991-01-02,1.5524215
1991-01-03,1.5081059
1991-01-04,1.483365
1991-01-05,1.4270468
1991-01-06,1.4375442
1991-01-07,1.3951248
1991-01-08,1.3418925
1991-01-09,1.3067058
1991-01-10,1.2681596
1991-01-11,1.2308484
1991-01-12,1.1933753
1991-01-13,1.1553664
1991-01-14,1.1139809
1991-01-15,1.0741327
1991-01-16,1.0345669
1991-01-17,0.9956709
1991-01-18,0.9571208
1991-01-19,0.92264485
1991-01-20,0.89346176
1991-01-21,0.85461044
1991-01-22,0.82093644
1991-01-23,0.8773924
1991-01-24,0.8457801
1991-01-25,0.7535488
1991-01-26,0.7244155
1991-01-27,0.6968906
1991-01-28,0.67317486
1991-01-29,0.6525667
1991-01-30,0.6262939
1991-01-31,0.6011949
1991-02-01,0.5755085
1991-02-02,0.55278593
1991-02-03,0.5336139
1991-02-04,0.5107975
1991-02-05,0.48977354
1991-02-06,0.46977282
1991-02-07,0.45210415
1991-02-08,0.44613424
1991-02-09,0.50835353
1991-02-10,0.41857156
1991-02-11,0.40530288
1991-02-12,0.4010895
1991-02-13,1.2327622
1991-02-14,0.4144996
1991-02-15,0.8768899
1991-02-16,0.39722002
1991-02-17,1.7365258
1991-02-18,0.5624638
1991-02-19,0.34194717
1991-02-20,0.32475793
1991-02-21,0.3124609
1991-02-22,0.33864346
1991-02-23,1.859339
1991-02-24,2.9754076
1991-02-25,1.5176969
1991-02-26,0.60023654
1991-02-27,2.5951483
1991-02-28,1.0304785
1991-03-01,0.48977426
1991-03-02,0.3025017
1991-03-03,0.2880708
1991-03-04,0.26528496
1991-03-05,0.29089776
1991-03-06,0.6916227
1991-03-07,0.61197263
1991-03-08,1.7841167
1991-03-09,1.4989252
1991-03-10,2.5462103
1991-03-11,2.8702261
1991-03-12,0.37050685
1991-03-13,1.7386615
1991-03-14,1.0719693
1991-03-15,0.38903877
1991-03-16,0.3978412
1991-03-17,1.6515732
1991-03-18,0.48988798
1991-03-19,1.254086
1991-03-20,0.46667305
1991-03-21,0.46816278
1991-03-22,0.5402817
1991-03-23,0.71461946
1991-03-24,0.50888604
1991-03-25,0.46376055
1991-03-26,0.46728528
1991-03-27,0.48446715
1991-03-28,0.51737577
1991-03-29,0.586848
1991-03-30,0.6894475
1991-03-31,0.49514702
1991-04-01,0.48506266
1991-04-02,0.47692636
1991-04-03,0.4691069
1991-04-04,1.4679744
1991-04-05,0.60581684
1991-04-06,0.7207062
1991-04-07,0.9286459
1991-04-08,0.8627935
1991-04-09,3.0053954
1991-04-10,2.0817232
1991-04-11,1.3817928
1991-04-12,1.0107013
1991-04-13,1.7332224
1991-04-14,1.8380373
1991-04-15,2.939225
1991-04-16,3.0855572
1991-04-17,3.2283275
1991-04-18,3.2042966
1991-04-19,3.679396
1991-04-20,3.7261138
1991-04-21,5.5861983
1991-04-22,7.196939
1991-04-23,9.281335
1991-04-24,7.8152165
1991-04-25,9.777417
1991-04-26,6.890533
1991-04-27,7.3892803
1991-04-28,8.684571
1991-04-29,7.495896
1991-04-30,6.8986673
1991-05-01,7.455298
1991-05-02,6.823905
1991-05-03,8.030444
1991-05-04,7.07881
1991-05-05,7.5358796
1991-05-06,6.443536
1991-05-07,7.8996654
1991-05-08,13.043205
1991-05-09,12.152868
1991-05-10,11.679152
1991-05-11,10.3631735
1991-05-12,12.820178
1991-05-13,20.359495
1991-05-14,9.337646
1991-05-15,9.56628
1991-05-16,9.429353
1991-05-17,10.3825245
1991-05-18,11.062709
1991-05-19,10.54246
1991-05-20,9.659657
1991-05-21,6.8458004
1991-05-22,6.297381
1991-05-23,7.2922196
1991-05-24,9.554447
1991-05-25,10.646068
1991-05-26,7.4595084
1991-05-27,6.722032
1991-05-28,6.3499155
1991-05-29,6.482139
1991-05-30,6.47862
1991-05-31,6.373422
1991-06-01,11.9483
1991-06-02,10.010516
1991-06-03,8.607741
1991-06-04,7.310249
1991-06-05,8.68067
1991-06-06,5.696158
1991-06-07,7.831349
1991-06-08,6.555315
1991-06-09,8.175038
1991-06-10,7.0660486
1991-06-11,5.9161415
1991-06-12,5.7029023
1991-06-13,6.1312723
1991-06-14,8.310102
1991-06-15,7.3294864
1991-06-16,10.660222
1991-06-17,14.24929
1991-06-18,11.989666
1991-06-19,8.862322
1991-06-20,9.303651
1991-06-21,6.987702
1991-06-22,6.739449
1991-06-23,6.042632
1991-06-24,7.0242834
1991-06-25,40.83678
1991-06-26,22.00885
1991-06-27,10.65457
1991-06-28,8.593239
1991-06-29,10.499753
1991-06-30,8.903716
1991-07-01,6.232067
1991-07-02,6.7014327
1991-07-03,35.41191
1991-07-04,37.49656
1991-07-05,12.572302
1991-07-06,10.076615
1991-07-07,9.106824
1991-07-08,8.387499
1991-07-09,8.875468
1991-07-10,7.3467426
1991-07-11,7.125233
1991-07-12,6.5571165
1991-07-13,6.193726
1991-07-14,6.584927
1991-07-15,6.7499533
1991-07-16,5.14716
1991-07-17,6.4150887
1991-07-18,5.815618
1991-07-19,7.2907443
1991-07-20,5.9227767
1991-07-21,7.012634
1991-07-22,6.196828
1991-07-23,6.314264
1991-07-24,17.778131
1991-07-25,23.007605
1991-07-26,7.6477175
1991-07-27,6.48793
1991-07-28,7.9050317
1991-07-29,9.180534
1991-07-30,5.9466214
1991-07-31,6.0791984
1991-08-01,4.9995217
1991-08-02,8.520072
1991-08-03,6.6368847
1991-08-04,8.283803
1991-08-05,6.3048267
1991-08-06,5.489827
1991-08-07,5.499324
1991-08-08,6.2803683
1991-08-09,5.9012523
1991-08-10,5.427343
1991-08-11,5.2908225
1991-08-12,6.0930586
1991-08-13,8.513777
1991-08-14,4.979157
1991-08-15,6.664801
1991-08-16,4.8489165
1991-08-17,7.8598123
1991-08-18,6.5181656
1991-08-19,9.688306
1991-08-20,8.333433
1991-08-21,11.089346
1991-08-22,8.392553
1991-08-23,7.1527967
1991-08-24,6.77931
1991-08-25,8.642686
1991-08-26,8.4207115
1991-08-27,5.684918
1991-08-28,5.1990094
1991-08-29,6.5466037
1991-08-30,5.457873
1991-08-31,6.1971855
1991-09-01,6.2008724
1991-09-02,4.8747373
1991-09-03,7.601155
1991-09-04,4.749894
1991-09-05,4.5379043
1991-09-06,4.017534
1991-09-07,4.502601
1991-09-08,3.9500387
1991-09-09,3.5385427
1991-09-10,3.9417634
1991-09-11,3.403895
1991-09-12,3.2729263
1991-09-13,3.264816
1991-09-14,3.0316498
1991-09-15,2.9087815
1991-09-16,4.018873
1991-09-17,2.9084268
1991-09-18,2.7962704
1991-09-19,4.860985
1991-09-20,3.060691
1991-09-21,3.850481
1991-09-22,4.112454
1991-09-23,2.630658
1991-09-24,2.4643397
1991-09-25,2.9061162
1991-09-26,3.379135
1991-09-27,3.5398967
1991-09-28,3.1381433
1991-09-29,2.976638
1991-09-30,2.9279408
1991-10-01,2.7802
1991-10-02,2.6261811
1991-10-03,2.5731742
1991-10-04,4.57421
1991-10-05,2.4262338
1991-10-06,2.6252918
1991-10-07,2.120801
1991-10-08,2.0534894
1991-10-09,2.141833
1991-10-10,6.918432
1991-10-11,3.551884
1991-10-12,2.2776845
1991-10-13,1.789788
1991-10-14,2.5202389
1991-10-15,1.6936522
1991-10-16,1.6061058
1991-10-17,2.1592684
1991-10-18,2.1389086
1991-10-19,3.5764327
1991-10-20,1.5776817
1991-10-21,1.4737194
1991-10-22,1.6886789
1991-10-23,1.9208126
1991-10-24,1.4612863
1991-10-25,1.415003
1991-10-26,2.2824192
1991-10-27,2.2500892
1991-10-28,1.6200653
1991-10-29,1.6155378
1991-10-30,2.1032457
1991-10-31,2.2454236
1991-11-01,2.5338223
1991-11-02,1.3779873
1991-11-03,3.0566168
1991-11-04,2.0624187
1991-11-05,1.3627096
1991-11-06,2.6576698
1991-11-07,1.4945663
1991-11-08,3.4571385
1991-11-09,3.4263377
1991-11-10,1.5116048
1991-11-11,2.0292375
1991-11-12,1.5243181
1991-11-13,1.5483506
1991-11-14,2.908621
1991-11-15,1.6221266
1991-11-16,1.8149137
1991-11-17,1.9386313
1991-11-18,1.547742
1991-11-19,1.541249
1991-11-20,2.6267958
1991-11-21,4.582461
1991-11-22,3.223503
1991-11-23,2.4491823
1991-11-24,1.9560577
1991-11-25,2.0009263
1991-11-26,2.6278305
1991-11-27,2.1636002
1991-11-28,3.2375205
1991-11-29,2.1833224
1991-11-30,3.3899467
1991-12-01,2.2882686
1991-12-02,3.2654426
1991-12-03,2.8982615
1991-12-04,2.5085888
1991-12-05,2.102034
1991-12-06,2.0642707
1991-12-07,2.0392373
1991-12-08,1.9881084
1991-12-09,1.9695283
1991-12-10,1.9016302
1991-12-11,1.8380386
1991-12-12,1.7771537
1991-12-13,1.7150389
1991-12-14,1.6521574
1991-12-15,1.5957667
1991-12-16,1.5312202
1991-12-17,1.4848614
1991-12-18,1.4479963
1991-12-19,1.3745508
1991-12-20,1.3222214
1991-12-21,1.2646619
1991-12-22,1.2165542
1991-12-23,1.1636772
1991-12-24,1.1120404
1991-12-25,1.069669
1991-12-26,1.0510373
1991-12-27,1.0175817
1991-12-28,1.2764776
1991-12-29,0.95137256
1991-12-30,0.8910807
1991-12-31,1.9676262
1992-01-01,0.89194316
1992-01-02,1.0765188
1992-01-03,0.93222755
1992-01-04,0.78862876
1992-01-05,1.6972388
1992-01-06,2.762828
1992-01-07,2.0110404
1992-01-08,2.0994034
1992-01-09,0.72269064
1992-01-10,0.6558623
1992-01-11,0.6398063
1992-01-12,0.62549096
1992-01-13,0.6034143
1992-01-14,0.58580375
1992-01-15,0.5675805
1992-01-16,0.5485378
1992-01-17,0.5315928
1992-01-18,0.6029784
1992-01-19,0.5111846
1992-01-20,0.48663387
1992-01-21,0.47190636
1992-01-22,0.45600998
1992-01-23,0.44086742
1992-01-24,0.4283598
1992-01-25,0.41162384
1992-01-26,0.3980179
1992-01-27,0.38478476
1992-01-28,0.37156624
1992-01-29,0.3566033
1992-01-30,0.37028867
1992-01-31,0.3425465
1992-02-01,0.32588333
1992-02-02,0.3148825
1992-02-03,0.30453137
1992-02-04,0.29294476
1992-02-05,0.28351215
1992-02-06,0.2726871
1992-02-07,0.27368578
1992-02-08,0.97245085
1992-02-09,0.5281973
1992-02-10,0.25586355
1992-02-11,0.23970996
1992-02-12,0.23039223
1992-02-13,0.2254815
1992-02-14,0.2144786
1992-02-15,0.21670102
1992-02-16,0.20253174
1992-02-17,0.09121187
1992-02-18,0.0060194456
1992-02-19,0.07464216
1992-02-20,0.00618185
1992-02-21,0.000119211094
1992-02-22,9.8284956e-23
1992-02-23,0.008710443
1992-02-24,0.015410297
1992-02-25,0.107007064
1992-02-26,0.11284578
1992-02-27,0.37894857
1992-02-28,0.05090373
1992-02-29,0.13858297
1992-03-01,1.1923094
1992-03-02,1.2625456
1992-03-03,0.27586138
1992-03-04,0.18754752
1992-03-05,0.6304056
1992-03-06,4.8549623
1992-03-07,1.3341255
1992-03-08,0.26308483
1992-03-09,1.7482215
1992-03-10,0.12210669
1992-03-11,0.05160146
1992-03-12,3.8583837
1992-03-13,5.1223645
1992-03-14,2.8225791
1992-03-15,2.4434516
1992-03-16,0.3843629
1992-03-17,0.10056345
1992-03-18,0.95947546
1992-03-19,0.161804
1992-03-20,4.202776
1992-03-21,0.14665383
1992-03-22,0.00056683837
1992-03-23,4.6733635e-22
1992-03-24,3.85301e-40
1992-03-25,0.010042243
1992-03-26,0.008285728
1992-03-27,0.0073271585
1992-03-28,0.0104843285
1992-03-29,0.008697957
1992-03-30,0.039925996
1992-03-31,0.9440376
1992-04-01,1.2531626
1992-04-02,0.19099726
1992-04-03,0.00892064
1992-04-04,0.031649303
1992-04-05,2.6583748
1992-04-06,2.7540948
1992-04-07,1.7831888
1992-04-08,0.090063855
1992-04-09,1.26226
1992-04-10,1.5496585
1992-04-11,1.752322
1992-04-12,0.8066964
1992-04-13,0.1591382
1992-04-14,0.12498443
1992-04-15,3.052437
1992-04-16,0.20234403
1992-04-17,0.61049503
1992-04-18,1.0139419
1992-04-19,3.6365004
1992-04-20,3.54748
1992-04-21,0.2621592
1992-04-22,0.19642885
1992-04-23,5.07676
1992-04-24,2.4845588
1992-04-25,1.7387874
1992-04-26,3.2821174
1992-04-27,2.0055854
1992-04-28,1.5380249
1992-04-29,1.561832
1992-04-30,1.1926433
1992-05-01,1.3248304
1992-05-02,1.416474
1992-05-03,1.666826
1992-05-04,4.107738
1992-05-05,1.7870035
1992-05-06,1.4245679
1992-05-07,3.2292807
1992-05-08,2.3686085
1992-05-09,2.721833
1992-05-10,2.9690776
1992-05-11,2.530001
1992-05-12,2.940593
1992-05-13,2.1869655
1992-05-14,3.7895646
1992-05-15,4.547535
1992-05-16,5.9443183
1992-05-17,5.8812566
1992-05-18,5.173906
1992-05-19,4.6527696
1992-05-20,8.95605
1992-05-21,8.466137
1992-05-22,6.4720945
1992-05-23,7.642196
1992-05-24,5.4333835
1992-05-25,5.2196503
1992-05-26,6.390834
1992-05-27,5.3606606
1992-05-28,4.578339
1992-05-29,4.2858505
1992-05-30,5.30227
1992-05-31,6.966389
1992-06-01,6.2122655
1992-06-02,5.052538
1992-06-03,4.1997404
1992-06-04,5.0693655
1992-06-05,6.0781264
1992-06-06,3.436593
1992-06-07,3.3090334
1992-06-08,8.3264
1992-06-09,4.085735
1992-06-10,3.635879
1992-06-11,3.461739
1992-06-12,5.0275793
1992-06-13,3.0815074
1992-06-14,2.961036
1992-06-15,4.2816367
1992-06-16,2.916721
1992-06-17,3.0205722
1992-06-18,4.247261
1992-06-19,5.1877685
1992-06-20,3.2364235
1992-06-21,4.473196
1992-06-22,4.3984623
1992-06-23,3.3367898
1992-06-24,3.2437785
1992-06-25,6.1419644
1992-06-26,5.0769963
1992-06-27,4.051037
1992-06-28,7.398077
1992-06-29,5.4728885
1992-06-30,4.665295
1992-07-01,4.5598145
1992-07-02,5.2711654
1992-07-03,12.277173
1992-07-04,6.817512
1992-07-05,7.148194
1992-07-06,7.9019656
1992-07-07,5.637053
1992-07-08,6.766861
1992-07-09,7.62133
1992-07-10,9.017467
1992-07-11,7.0405574
1992-07-12,5.3911963
1992-07-13,8.481199
1992-07-14,6.7793684
1992-07-15,7.9452596
1992-07-16,6.3002563
1992-07-17,6.966584
1992-07-18,12.706011
1992-07-19,11.033241
1992-07-20,10.361274
1992-07-21,9.217706
1992-07-22,7.99811
1992-07-23,11.753856
1992-07-24,7.488063
1992-07-25,6.649046
1992-07-26,6.7686477
1992-07-27,5.907104
1992-07-28,7.213278
1992-07-29,5.603096
1992-07-30,6.2824044
1992-07-31,7.1427565
1992-08-01,5.0360923
1992-08-02,7.191809
1992-08-03,4.923902
1992-08-04,4.473327
1992-08-05,5.1639447
1992-08-06,5.293994
1992-08-07,6.0559983
1992-08-08,5.436998
1992-08-09,5.969755
1992-08-10,5.7246985
1992-08-11,6.029717
1992-08-12,5.775153
1992-08-13,4.5165586
1992-08-14,5.395911
1992-08-15,6.1340795
1992-08-16,4.966434
1992-08-17,5.376555
1992-08-18,4.497997
1992-08-19,3.4848955
1992-08-20,4.8215938
1992-08-21,3.3239028
1992-08-22,3.4685056
1992-08-23,4.2787156
1992-08-24,4.5773253
1992-08-25,3.4612367
1992-08-26,3.065377
1992-08-27,3.039626
1992-08-28,5.09616
1992-08-29,3.7425704
1992-08-30,4.3909683
1992-08-31,3.0025306
1992-09-01,3.7299864
1992-09-02,3.4623082
1992-09-03,3.0429492
1992-09-04,3.1834857
1992-09-05,2.5944614
1992-09-06,2.488332
1992-09-07,2.6253476
1992-09-08,2.4209447
1992-09-09,2.4691737
1992-09-10,2.967744
1992-09-11,2.3540268
1992-09-12,2.2686248
1992-09-13,3.162724
1992-09-14,2.4004138
1992-09-15,2.160422
1992-09-16,2.5661092
1992-09-17,2.9023514
1992-09-18,2.1587517
1992-09-19,1.9472326
1992-09-20,1.9230028
1992-09-21,2.21866
1992-09-22,1.8937116
1992-09-23,1.7812895
1992-09-24,1.7291641
1992-09-25,2.2080626
1992-09-26,2.3258603
1992-09-27,1.7997625
1992-09-28,1.601528
1992-09-29,4.0331564
1992-09-30,1.6442353
1992-10-01,1.6680207
1992-10-02,1.4713714
1992-10-03,1.8203716
1992-10-04,3.6372654
1992-10-05,2.6930156
1992-10-06,2.3001652
1992-10-07,2.5418355
1992-10-08,1.7616267
1992-10-09,4.7685747
1992-10-10,2.5685139
1992-10-11,3.1124444
1992-10-12,1.4713784
1992-10-13,1.6671964
1992-10-14,1.4561815
1992-10-15,1.6825998
1992-10-16,3.0852256
1992-10-17,1.4882358
1992-10-18,1.9655563
1992-10-19,2.3101559
1992-10-20,1.5972276
1992-10-21,3.478087
1992-10-22,2.1661882
1992-10-23,1.5960448
1992-10-24,1.4310763
1992-10-25,2.425252
1992-10-26,1.4187123
1992-10-27,3.684567
1992-10-28,3.418824
1992-10-29,1.8829473
1992-10-30,1.5384758
1992-10-31,3.2147074
1992-11-01,1.6734254
1992-11-02,1.956654
1992-11-03,1.5813732
1992-11-04,1.5772066
1992-11-05,1.6126643
1992-11-06,1.7393845
1992-11-07,2.3331132
1992-11-08,1.9972771
1992-11-09,3.0482037
1992-11-10,2.620146
1992-11-11,4.334303
1992-11-12,3.6586504
1992-11-13,2.0555246
1992-11-14,2.8270144
1992-11-15,3.0202549
1992-11-16,3.2397878
1992-11-17,2.9207435
1992-11-18,2.9290485
1992-11-19,5.303284
1992-11-20,3.1286335
1992-11-21,3.0972772
1992-11-22,4.010543
1992-11-23,3.4054089
1992-11-24,2.974191
1992-11-25,2.9507046
1992-11-26,3.6363266
1992-11-27,3.5346808
1992-11-28,3.561825
1992-11-29,2.51987
1992-11-30,2.3925335
1992-12-01,2.8241541
1992-12-02,2.5634623
1992-12-03,2.2807329
1992-12-04,3.909626
1992-12-05,6.661182
1992-12-06,3.2680638
1992-12-07,3.5713158
1992-12-08,3.2702763
1992-12-09,2.5133238
1992-12-10,2.2046468
1992-12-11,2.176512
1992-12-12,2.9208193
1992-12-13,2.6123335
1992-12-14,2.6467748
1992-12-15,2.0881271
1992-12-16,1.975049
1992-12-17,1.9877058
1992-12-18,1.9579337
1992-12-19,1.9616144
1992-12-20,1.9341998
1992-12-21,1.933279
1992-12-22,1.9555821
1992-12-23,3.21456
1992-12-24,1.9332335
1992-12-25,2.232736
1992-12-26,1.9785951
1992-12-27,2.3641095
1992-12-28,1.839409
1992-12-29,1.7965224
1992-12-30,1.7562764
1992-12-31,1.705134
1993-01-01,1.6589103
1993-01-02,2.4548285
1993-01-03,1.9182854
1993-01-04,2.1895387
1993-01-05,2.3577158
1993-01-06,3.519943
1993-01-07,1.6349373
1993-01-08,1.4734561
1993-01-09,1.429361
1993-01-10,1.3880095
1993-01-11,1.3562081
1993-01-12,1.3166507
1993-01-13,1.2810212
1993-01-14,1.243404
1993-01-15,1.2096046
1993-01-16,1.1818588
1993-01-17,1.4689323
1993-01-18,1.6408364
1993-01-19,1.1811266
1993-01-20,1.0846037
1993-01-21,1.0530994
1993-01-22,3.6164627
1993-01-23,1.2379396
1993-01-24,1.0255204
1993-01-25,0.9564079
1993-01-26,0.9780208
1993-01-27,0.9961534
1993-01-28,1.5491457
1993-01-29,1.8680257
1993-01-30,0.9439461
1993-01-31,0.9955209
1993-02-01,0.8902627
1993-02-02,3.041255
1993-02-03,1.1740762
1993-02-04,0.89636266
1993-02-05,1.6351098
1993-02-06,0.92375493
1993-02-07,1.4080518
1993-02-08,0.86385185
1993-02-09,1.3592167
1993-02-10,1.4486904
1993-02-11,1.4379104
1993-02-12,0.8676962
1993-02-13,0.849998
1993-02-14,1.2796936
1993-02-15,1.6221355
1993-02-16,0.89666647
1993-02-17,0.8149657
1993-02-18,0.79588675
1993-02-19,0.77468914
1993-02-20,0.7558468
1993-02-21,0.7372936
1993-02-22,0.819948
1993-02-23,0.899189
1993-02-24,0.7487037
1993-02-25,0.69482166
1993-02-26,0.72243106
1993-02-27,0.7120425
1993-02-28,1.8385435
1993-03-01,1.3468636
1993-03-02,1.0795375
1993-03-03,0.6502611
1993-03-04,1.8784298
1993-03-05,1.6503637
1993-03-06,0.68218803
1993-03-07,2.191479
1993-03-08,1.0917405
1993-03-09,2.525724
1993-03-10,1.9622271
1993-03-11,2.7061641
1993-03-12,2.130661
1993-03-13,1.9356259
1993-03-14,3.6947553
1993-03-15,2.4447753
1993-03-16,2.0058796
1993-03-17,3.1310575
1993-03-18,3.1147213
1993-03-19,1.9265119
1993-03-20,1.8867735
1993-03-21,3.9841785
1993-03-22,3.0413797
1993-03-23,3.7368107
1993-03-24,4.6148086
1993-03-25,4.717231
1993-03-26,6.5873275
1993-03-27,7.1724505
1993-03-28,6.4957957
1993-03-29,5.234505
1993-03-30,5.1974497
1993-03-31,5.0490913
1993-04-01,4.81654
1993-04-02,6.4216313
1993-04-03,8.286787
1993-04-04,5.8356247
1993-04-05,5.8762064
1993-04-06,5.5761375
1993-04-07,5.3545485
1993-04-08,8.09655
1993-04-09,5.4565206
1993-04-10,7.1162095
1993-04-11,6.324549
1993-04-12,4.126817
1993-04-13,4.836246
1993-04-14,5.1869926
1993-04-15,4.9312797
1993-04-16,3.337151
1993-04-17,3.3423645
1993-04-18,5.8444815
1993-04-19,4.812519
1993-04-20,3.1709743
1993-04-21,3.5511663
1993-04-22,4.6717787
1993-04-23,10.103757
1993-04-24,11.081552
1993-04-25,8.324343
1993-04-26,11.608709
1993-04-27,7.668575
1993-04-28,8.908781
1993-04-29,12.266754
1993-04-30,11.163325
1993-05-01,21.963257
1993-05-02,12.189751
1993-05-03,12.494486
1993-05-04,10.028226
1993-05-05,7.2830057
1993-05-06,7.8749533
1993-05-07,6.7559743
1993-05-08,5.3676405
1993-05-09,4.924978
1993-05-10,7.0917234
1993-05-11,5.294122
1993-05-12,5.486071
1993-05-13,4.14283
1993-05-14,4.51415
1993-05-15,5.177376
1993-05-16,6.465695
1993-05-17,5.721352
1993-05-18,5.369243
1993-05-19,7.3290567
1993-05-20,6.596983
1993-05-21,8.918755
1993-05-22,10.228481
1993-05-23,7.5209737
1993-05-24,7.688194
1993-05-25,8.591434
1993-05-26,7.326605
1993-05-27,11.142614
1993-05-28,5.801434
1993-05-29,6.1140976
1993-05-30,6.958972
1993-05-31,7.9290013
1993-06-01,4.5995355
1993-06-02,4.6236763
1993-06-03,4.2437487
1993-06-04,5.402436
1993-06-05,5.2229185
1993-06-06,4.0387783
1993-06-07,4.383495
1993-06-08,6.691688
1993-06-09,5.3576465
1993-06-10,8.744399
1993-06-11,8.14294
1993-06-12,9.209153
1993-06-13,28.684757
1993-06-14,31.275173
1993-06-15,11.582448
1993-06-16,8.270951
1993-06-17,8.992844
1993-06-18,6.1547475
1993-06-19,5.395286
1993-06-20,7.0101447
1993-06-21,6.046373
1993-06-22,7.9373975
1993-06-23,5.1461186
1993-06-24,4.4288383
1993-06-25,5.2115355
1993-06-26,8.264389
1993-06-27,6.3288727
1993-06-28,5.190262
1993-06-29,5.2303286
1993-06-30,6.2557793
1993-07-01,6.6819487
1993-07-02,6.0097075
1993-07-03,5.8324056
1993-07-04,6.7667894
1993-07-05,5.3017545
1993-07-06,5.530712
1993-07-07,5.2795305
1993-07-08,4.4532766
1993-07-09,11.3361435
1993-07-10,5.773683
1993-07-11,6.2890344
1993-07-12,5.719863
1993-07-13,11.817377
1993-07-14,10.464675
1993-07-15,14.857994
1993-07-16,11.3285475
1993-07-17,11.260375
1993-07-18,9.472486
1993-07-19,8.783986
1993-07-20,8.238336
1993-07-21,7.520002
1993-07-22,5.600586
1993-07-23,5.4749684
1993-07-24,7.522778
1993-07-25,4.893146
1993-07-26,6.161019
1993-07-27,4.1572056
1993-07-28,3.7428224
1993-07-29,3.62045
1993-07-30,6.2021456
1993-07-31,4.6373706
1993-08-01,6.185365
1993-08-02,5.398442
1993-08-03,5.516631
1993-08-04,5.38985
1993-08-05,5.109292
1993-08-06,8.911667
1993-08-07,5.9844112
1993-08-08,5.5320234
1993-08-09,5.541845
1993-08-10,5.9220233
1993-08-11,4.5349617
1993-08-12,4.2311683
1993-08-13,5.8895874
1993-08-14,4.4824476
1993-08-15,4.15592
1993-08-16,3.695517
1993-08-17,4.2595696
1993-08-18,3.8487537
1993-08-19,3.210402
1993-08-20,4.6348963
1993-08-21,4.4409566
1993-08-22,3.173715
1993-08-23,3.1246076
1993-08-24,4.244464
1993-08-25,4.524687
1993-08-26,4.1998997
1993-08-27,3.9722857
1993-08-28,4.0654097
1993-08-29,3.4987082
1993-08-30,3.2424326
1993-08-31,3.021954
1993-09-01,3.5584586
1993-09-02,3.5848212
1993-09-03,2.8784413
1993-09-04,2.499374
1993-09-05,2.2565112
1993-09-06,3.1171196
1993-09-07,2.7051926
1993-09-08,1.9881287
1993-09-09,2.32199
1993-09-10,1.82723
1993-09-11,3.0307174
1993-09-12,1.8013082
1993-09-13,1.8681489
1993-09-14,3.3447096
1993-09-15,2.579206
1993-09-16,3.3060074
1993-09-17,2.4680123
1993-09-18,2.869099
1993-09-19,1.5120602
1993-09-20,1.4468349
1993-09-21,1.6375058
1993-09-22,1.372915
1993-09-23,2.7597797
1993-09-24,1.6926084
1993-09-25,1.3757191
1993-09-26,1.3289194
1993-09-27,1.5089786
1993-09-28,1.2926114
1993-09-29,2.9129038
1993-09-30,1.3171858
1993-10-01,1.4159899
1993-10-02,1.2969251
1993-10-03,4.4300103
1993-10-04,3.9205449
1993-10-05,1.3858857
1993-10-06,1.3758663
1993-10-07,3.8048253
1993-10-08,4.158125
1993-10-09,5.870346
1993-10-10,3.5671487
1993-10-11,3.6164644
1993-10-12,3.527179
1993-10-13,3.5548058
1993-10-14,4.4244423
1993-10-15,3.76291
1993-10-16,4.5231185
1993-10-17,2.8118038
1993-10-18,2.6172225
1993-10-19,3.7031312
1993-10-20,4.279556
1993-10-21,4.6490517
1993-10-22,2.9898574
1993-10-23,3.0467887
1993-10-24,4.8222294
1993-10-25,3.068585
1993-10-26,4.3652287
1993-10-27,2.7982852
1993-10-28,3.4417176
1993-10-29,4.183906
1993-10-30,3.140021
1993-10-31,3.1941123
1993-11-01,5.2899947
1993-11-02,3.254759
1993-11-03,3.664391
1993-11-04,4.745999
1993-11-05,4.089691
1993-11-06,3.1239238
1993-11-07,3.082452
1993-11-08,3.7224529
1993-11-09,5.0093493
1993-11-10,4.640539
1993-11-11,3.8620806
1993-11-12,3.9731934
1993-11-13,5.266795
1993-11-14,5.254797
1993-11-15,5.4940767
1993-11-16,6.0761123
1993-11-17,6.2030406
1993-11-18,4.2825265
1993-11-19,5.103196
1993-11-20,5.2231655
1993-11-21,3.4278367
1993-11-22,3.2624156
1993-11-23,3.0771167
1993-11-24,3.4867716
1993-11-25,2.8254335
1993-11-26,2.8092542
1993-11-27,3.3550518
1993-11-28,2.9481518
1993-11-29,4.738002
1993-11-30,3.4063647
1993-12-01,2.3520448
1993-12-02,2.2419047
1993-12-03,2.3477156
1993-12-04,3.5522091
1993-12-05,3.2841496
1993-12-06,2.4253852
1993-12-07,4.0792766
1993-12-08,3.0034547
1993-12-09,5.059477
1993-12-10,3.8279889
1993-12-11,2.8290637
1993-12-12,3.1342053
1993-12-13,3.4027574
1993-12-14,3.3426664
1993-12-15,2.8499644
1993-12-16,2.771518
1993-12-17,2.688194
1993-12-18,2.6485593
1993-12-19,2.641929
1993-12-20,2.6188858
1993-12-21,2.7045863
1993-12-22,2.3508148
1993-12-23,2.2517018
1993-12-24,2.4263558
1993-12-25,2.0969322
1993-12-26,1.9953016
1993-12-27,1.8975033
1993-12-28,1.8056996
1993-12-29,1.7167684
1993-12-30,1.6316748
1993-12-31,1.546562
1994-01-01,1.4651364
1994-01-02,1.3916843
1994-01-03,1.3229729
1994-01-04,1.3000566
1994-01-05,1.2112749
1994-01-06,1.1590248
1994-01-07,1.1022818
1994-01-08,1.047628
1994-01-09,1.004469
1994-01-10,0.9978001
1994-01-11,0.9327752
1994-01-12,0.9350317
1994-01-13,0.9050084
1994-01-14,0.91139096
1994-01-15,0.8207099
1994-01-16,0.8266365
1994-01-17,0.7724757
1994-01-18,0.73181117
1994-01-19,0.70104873
1994-01-20,0.67093736
1994-01-21,0.6418229
1994-01-22,0.6161599
1994-01-23,0.58859855
1994-01-24,0.56540644
1994-01-25,0.54249525
1994-01-26,0.52415264
1994-01-27,0.5058274
1994-01-28,0.5459367
1994-01-29,0.69918656
1994-01-30,0.47494695
1994-01-31,0.44528434
1994-02-01,0.42637
1994-02-02,0.41380188
1994-02-03,0.43281904
1994-02-04,0.40501726
1994-02-05,0.5888514
1994-02-06,0.4605524
1994-02-07,0.36320958
1994-02-08,1.5094234
1994-02-09,0.43107605
1994-02-10,0.38281098
1994-02-11,0.38429016
1994-02-12,1.2299011
1994-02-13,0.3538521
1994-02-14,0.30791646
1994-02-15,1.1419734
1994-02-16,0.37427548
1994-02-17,0.31373402
1994-02-18,0.8833252
1994-02-19,1.362627
1994-02-20,5.0685763
1994-02-21,0.9909972
1994-02-22,0.69955426
1994-02-23,0.284599
1994-02-24,0.30370906
1994-02-25,1.85573
1994-02-26,0.9239479
1994-02-27,1.8125015
1994-02-28,0.7832615
1994-03-01,1.2246794
1994-03-02,0.8190752
1994-03-03,2.0943906
1994-03-04,0.3820169
1994-03-05,0.25796375
1994-03-06,0.27581736
1994-03-07,0.25168777
1994-03-08,0.24643959
1994-03-09,0.2423715
1994-03-10,0.2498643
1994-03-11,1.6787412
1994-03-12,1.24497
1994-03-13,1.1797012
1994-03-14,1.6668345
1994-03-15,1.2882774
1994-03-16,0.34039125
1994-03-17,1.4405181
1994-03-18,4.609505
1994-03-19,0.45914137
1994-03-20,0.36738053
1994-03-21,0.42277512
1994-03-22,0.6092764
1994-03-23,0.71641314
1994-03-24,1.3138369
1994-03-25,0.8164298
1994-03-26,1.5414912
1994-03-27,1.6376705
1994-03-28,3.2941036
1994-03-29,3.272353
1994-03-30,2.7530756
1994-03-31,4.4924135
1994-04-01,4.4502525
1994-04-02,3.373295
1994-04-03,3.8304424
1994-04-04,4.36405
1994-04-05,6.4511952
1994-04-06,3.0295644
1994-04-07,6.934844
1994-04-08,4.7785707
1994-04-09,5.393487
1994-04-10,4.6666427
1994-04-11,3.4173443
1994-04-12,5.488648
1994-04-13,6.0447145
1994-04-14,6.2119
1994-04-15,4.054029
1994-04-16,6.198445
1994-04-17,7.0465403
1994-04-18,7.251744
1994-04-19,4.5394254
1994-04-20,12.096019
1994-04-21,6.443302
1994-04-22,6.7968793
1994-04-23,11.266121
1994-04-24,7.806541
1994-04-25,12.538406
1994-04-26,10.530218
1994-04-27,9.065465
1994-04-28,9.547247
1994-04-29,8.412192
1994-04-30,6.5858073
1994-05-01,6.981296
1994-05-02,6.212848
1994-05-03,5.7163405
1994-05-04,6.089862
1994-05-05,7.5868535
1994-05-06,6.874814
1994-05-07,6.2476826
1994-05-08,6.457925
1994-05-09,8.198429
1994-05-10,6.782067
1994-05-11,7.9107804
1994-05-12,9.755281
1994-05-13,9.665448
1994-05-14,13.58741
1994-05-15,8.749818
1994-05-16,9.125545
1994-05-17,10.523748
1994-05-18,33.35671
1994-05-19,16.601519
1994-05-20,10.124384
1994-05-21,7.9618535
1994-05-22,7.1371694
1994-05-23,5.7080755
1994-05-24,4.9865513
1994-05-25,4.457303
1994-05-26,7.626919
1994-05-27,4.9329615
1994-05-28,6.1321287
1994-05-29,3.6600196
1994-05-30,3.6391935
1994-05-31,5.065019
1994-06-01,4.4285507
1994-06-02,4.5909224
1994-06-03,5.0786295
1994-06-04,6.4933968
1994-06-05,10.178574
1994-06-06,22.090557
1994-06-07,11.885223
1994-06-08,11.681875
1994-06-09,10.33607
1994-06-10,14.423301
1994-06-11,7.5997195
1994-06-12,6.8077836
1994-06-13,7.5646596
1994-06-14,6.2945514
1994-06-15,8.047341
1994-06-16,7.419984
1994-06-17,5.670439
1994-06-18,5.9525266
1994-06-19,11.621643
1994-06-20,7.0864453
1994-06-21,6.810815
1994-06-22,5.1719923
1994-06-23,5.4230847
1994-06-24,5.4027314
1994-06-25,7.1734257
1994-06-26,4.9591064
1994-06-27,5.8083324
1994-06-28,6.7619057
1994-06-29,6.0463333
1994-06-30,5.8680973
1994-07-01,5.891717
1994-07-02,5.6129713
1994-07-03,5.3717036
1994-07-04,6.0026984
1994-07-05,5.094808
1994-07-06,7.645836
1994-07-07,5.572867
1994-07-08,4.8454547
1994-07-09,6.5644555
1994-07-10,8.047874
1994-07-11,5.61723
1994-07-12,12.310496
1994-07-13,10.502718
1994-07-14,9.407483
1994-07-15,8.64191
1994-07-16,7.7397604
1994-07-17,6.8191957
1994-07-18,6.0513186
1994-07-19,5.2995114
1994-07-20,6.2052064
1994-07-21,4.309355
1994-07-22,4.200992
1994-07-23,3.6310883
1994-07-24,4.640383
1994-07-25,4.051615
1994-07-26,5.016352
1994-07-27,3.5554996
1994-07-28,4.4470806
1994-07-29,3.1547785
1994-07-30,3.331237
1994-07-31,5.1433635
1994-08-01,4.502647
1994-08-02,3.2090282
1994-08-03,2.8841634
1994-08-04,7.4270043
1994-08-05,4.774378
1994-08-06,3.7989767
1994-08-07,3.5488305
1994-08-08,4.0026565
1994-08-09,3.6214314
1994-08-10,3.5165439
1994-08-11,4.787265
1994-08-12,11.841403
1994-08-13,5.5523024
1994-08-14,6.744603
1994-08-15,11.076101
1994-08-16,14.018572
1994-08-17,12.375685
1994-08-18,10.110187
1994-08-19,9.495899
1994-08-20,8.119571
1994-08-21,5.9321446
1994-08-22,6.5022454
1994-08-23,5.5744767
1994-08-24,6.0465317
1994-08-25,6.131953
1994-08-26,5.560955
1994-08-27,4.93702
1994-08-28,4.4802613
1994-08-29,5.33433
1994-08-30,4.3086767
1994-08-31,4.4379535
1994-09-01,3.940036
1994-09-02,3.6252415
1994-09-03,4.618049
1994-09-04,5.7577252
1994-09-05,8.214528
1994-09-06,4.4768524
1994-09-07,4.1439934
1994-09-08,3.8406632
1994-09-09,5.112331
1994-09-10,4.5739
1994-09-11,4.0558505
1994-09-12,3.6218975
1994-09-13,4.889334
1994-09-14,4.1781726
1994-09-15,5.1654954
1994-09-16,3.9823165
1994-09-17,4.0296674
1994-09-18,3.0814488
1994-09-19,3.086385
1994-09-20,6.236233
1994-09-21,4.5707474
1994-09-22,3.650124
1994-09-23,3.1298869
1994-09-24,3.8974266
1994-09-25,3.6466756
1994-09-26,3.4245486
1994-09-27,2.927394
1994-09-28,3.4190884
1994-09-29,5.547615
1994-09-30,2.9147682
1994-10-01,2.7321136
1994-10-02,2.7045426
1994-10-03,2.974758
1994-10-04,3.6680794
1994-10-05,3.3448513
1994-10-06,4.1981454
1994-10-07,2.784081
1994-10-08,2.9371295
1994-10-09,4.1597204
1994-10-10,3.2784624
1994-10-11,2.889935
1994-10-12,2.9570014
1994-10-13,2.923023
1994-10-14,5.236345
1994-10-15,3.2510917
1994-10-16,2.799937
1994-10-17,2.7694917
1994-10-18,2.6637506
1994-10-19,2.61949
1994-10-20,3.3730884
1994-10-21,2.5895476
1994-10-22,2.7005894
1994-10-23,2.919828
1994-10-24,3.9143655
1994-10-25,2.6221032
1994-10-26,2.6741507
1994-10-27,2.8185241
1994-10-28,3.8831751
1994-10-29,2.5566866
1994-10-30,2.9039369
1994-10-31,2.724208
1994-11-01,2.4613945
1994-11-02,3.5434582
1994-11-03,2.3014705
1994-11-04,4.6351867
1994-11-05,2.5895643
1994-11-06,2.1593287
1994-11-07,3.627148
1994-11-08,3.218477
1994-11-09,3.3315375
1994-11-10,2.2512884
1994-11-11,3.8311772
1994-11-12,2.33062
1994-11-13,3.2060466
1994-11-14,2.362063
1994-11-15,2.2733307
1994-11-16,2.2387183
1994-11-17,2.2727425
1994-11-18,2.1333284
1994-11-19,2.0767477
1994-11-20,2.3043866
1994-11-21,2.0134628
1994-11-22,2.978255
1994-11-23,2.581857
1994-11-24,4.282928
1994-11-25,3.8407876
1994-11-26,2.0436344
1994-11-27,2.3978758
1994-11-28,2.697292
1994-11-29,2.0815842
1994-11-30,2.0993214
1994-12-01,2.0401964
1994-12-02,1.9547781
1994-12-03,2.3135602
1994-12-04,3.1029038
1994-12-05,2.0210187
1994-12-06,1.8755035
1994-12-07,1.871866
1994-12-08,3.5466259
1994-12-09,2.5509038
1994-12-10,2.5473838
1994-12-11,3.378036
1994-12-12,2.0250378
1994-12-13,1.7814074
1994-12-14,2.2228422
1994-12-15,1.7869794
1994-12-16,1.8032283
1994-12-17,1.8297623
1994-12-18,2.2311063
1994-12-19,2.3816261
1994-12-20,2.9744024
1994-12-21,2.5534687
1994-12-22,1.7500992
1994-12-23,1.6635618
1994-12-24,1.6223788
1994-12-25,1.5831106
1994-12-26,1.5380889
1994-12-27,1.5191787
1994-12-28,1.4540416
1994-12-29,1.4115424
1994-12-30,1.3588116
1994-12-31,1.3168693
1995-01-01,1.2669749
1995-01-02,1.2315905
1995-01-03,1.1828705
1995-01-04,1.1342767
1995-01-05,1.0870194
1995-01-06,1.0430757
1995-01-07,0.998889
1995-01-08,0.95801204
1995-01-09,0.91778296
1995-01-10,0.877681
1995-01-11,0.83938503
1995-01-12,0.80375475
1995-01-13,0.7694601
1995-01-14,0.7383553
1995-01-15,0.7117776
1995-01-16,0.844204
1995-01-17,0.6829437
1995-01-18,0.68658334
1995-01-19,1.6397657
1995-01-20,1.1652789
1995-01-21,1.5956879
1995-01-22,1.6422888
1995-01-23,0.6424782
1995-01-24,0.5848041
1995-01-25,1.2312844
1995-01-26,0.5979196
1995-01-27,0.54485786
1995-01-28,0.53101987
1995-01-29,0.5115748
1995-01-30,0.5012594
1995-01-31,0.4847692
1995-02-01,0.4693722
1995-02-02,0.45590496
1995-02-03,0.44203526
1995-02-04,0.42778602
1995-02-05,0.4141821
1995-02-06,0.4013771
1995-02-07,0.38842225
1995-02-08,0.37669426
1995-02-09,0.36533517
1995-02-10,0.35191652
1995-02-11,0.34041166
1995-02-12,0.33141482
1995-02-13,0.32040533
1995-02-14,0.31053016
1995-02-15,0.29974347
1995-02-16,0.29136428
1995-02-17,0.28039637
1995-02-18,0.27170795
1995-02-19,0.2623473
1995-02-20,0.25546983
1995-02-21,0.24632579
1995-02-22,0.26970753
1995-02-23,0.2523083
1995-02-24,0.25620776
1995-02-25,0.2377184
1995-02-26,0.22937591
1995-02-27,0.3662904
1995-02-28,0.3121853
1995-03-01,0.24152121
1995-03-02,0.35453883
1995-03-03,1.364349
1995-03-04,0.8853331
1995-03-05,2.7602186
1995-03-06,1.6996855
1995-03-07,0.13463584
1995-03-08,0.1770044
1995-03-09,0.5818622
1995-03-10,0.09087231
1995-03-11,1.9227536
1995-03-12,0.48704216
1995-03-13,1.5821139
1995-03-14,0.20139197
1995-03-15,2.5150497
1995-03-16,0.17460203
1995-03-17,0.09888087
1995-03-18,0.11325076
1995-03-19,0.16102286
1995-03-20,0.10522279
1995-03-21,1.7303543
1995-03-22,0.19630554
1995-03-23,0.93377227
1995-03-24,0.17559421
1995-03-25,0.85969394
1995-03-26,1.3050177
1995-03-27,0.13989282
1995-03-28,0.122812144
1995-03-29,0.11316562
1995-03-30,0.11195819
1995-03-31,0.11355931
1995-04-01,0.11491175
1995-04-02,0.13701703
1995-04-03,0.30738264
1995-04-04,0.2102661
1995-04-05,0.16698125
1995-04-06,0.13107248
1995-04-07,0.20356324
1995-04-08,0.12687385
1995-04-09,0.12337538
1995-04-10,0.118945286
1995-04-11,0.11913686
1995-04-12,0.11849541
1995-04-13,1.7169744
1995-04-14,0.295315
1995-04-15,0.35433084
1995-04-16,1.4529645
1995-04-17,1.068975
1995-04-18,1.2677135
1995-04-19,0.26029384
1995-04-20,1.0240773
1995-04-21,1.3898082
1995-04-22,0.6058306
1995-04-23,2.2479205
1995-04-24,0.28552836
1995-04-25,0.21935974
1995-04-26,0.89812213
1995-04-27,0.83705556
1995-04-28,0.43870816
1995-04-29,0.36482432
1995-04-30,3.1298084
1995-05-01,2.2475953
1995-05-02,1.0684426
1995-05-03,0.4274622
1995-05-04,2.5223227
1995-05-05,1.3683913
1995-05-06,0.60479313
1995-05-07,0.5807974
1995-05-08,0.57809806
1995-05-09,1.2882208
1995-05-10,1.6095123
1995-05-11,2.2371018
1995-05-12,3.2133284
1995-05-13,4.582643
1995-05-14,2.8553984
1995-05-15,1.1462092
1995-05-16,5.3890777
1995-05-17,7.0429397
1995-05-18,3.8896515
1995-05-19,6.763767
1995-05-20,7.525634
1995-05-21,8.065102
1995-05-22,7.259735
1995-05-23,8.5147295
1995-05-24,6.816095
1995-05-25,8.391902
1995-05-26,9.43898
1995-05-27,8.6979265
1995-05-28,10.042735
1995-05-29,13.503261
1995-05-30,9.107323
1995-05-31,9.940643
1995-06-01,8.096881
1995-06-02,7.1360703
1995-06-03,9.165269
1995-06-04,10.389087
1995-06-05,7.226053
1995-06-06,7.5797906
1995-06-07,6.6148105
1995-06-08,9.069353
1995-06-09,9.012633
1995-06-10,6.926806
1995-06-11,5.512018
1995-06-12,5.1148467
1995-06-13,8.36058
1995-06-14,9.858913
1995-06-15,40.181816
1995-06-16,11.114308
1995-06-17,8.536377
1995-06-18,8.545811
1995-06-19,6.123419
1995-06-20,5.615029
1995-06-21,9.059804
1995-06-22,6.492122
1995-06-23,5.2557187
1995-06-24,6.4726143
1995-06-25,4.842959
1995-06-26,5.705607
1995-06-27,9.130929
1995-06-28,6.912689
1995-06-29,5.580734
1995-06-30,5.98821
1995-07-01,6.145364
1995-07-02,5.0199804
1995-07-03,5.044995
1995-07-04,4.935049
1995-07-05,5.121669
1995-07-06,6.2011256
1995-07-07,4.265131
1995-07-08,4.4392815
1995-07-09,5.4756823
1995-07-10,7.182562
1995-07-11,4.8902254
1995-07-12,5.560209
1995-07-13,4.5639033
1995-07-14,5.2151966
1995-07-15,5.0114207
1995-07-16,6.1067934
1995-07-17,5.6740756
1995-07-18,5.9024014
1995-07-19,5.9008136
1995-07-20,8.038119
1995-07-21,7.7808433
1995-07-22,7.6442356
1995-07-23,6.3163996
1995-07-24,6.1366224
1995-07-25,7.4113297
1995-07-26,9.122942
1995-07-27,8.370102
1995-07-28,8.215
1995-07-29,8.755469
1995-07-30,10.153065
1995-07-31,10.4843
1995-08-01,7.0989485
1995-08-02,6.1927114
1995-08-03,8.518662
1995-08-04,8.057699
1995-08-05,5.261263
1995-08-06,7.5033236
1995-08-07,7.393055
1995-08-08,6.979828
1995-08-09,5.1923103
1995-08-10,5.2437177
1995-08-11,4.5996985
1995-08-12,5.554971
1995-08-13,4.2306695
1995-08-14,4.096781
1995-08-15,3.8019853
1995-08-16,3.6421897
1995-08-17,6.3588076
1995-08-18,6.1696806
1995-08-19,4.051515
1995-08-20,3.1053407
1995-08-21,3.862385
1995-08-22,4.497584
1995-08-23,4.3762574
1995-08-24,4.1706433
1995-08-25,5.350548
1995-08-26,4.243084
1995-08-27,5.9242587
1995-08-28,3.9122765
1995-08-29,5.3219595
1995-08-30,4.442656
1995-08-31,4.2560863
1995-09-01,3.7947965
1995-09-02,3.4053202
1995-09-03,2.8856676
1995-09-04,3.9122317
1995-09-05,3.1559486
1995-09-06,2.607647
1995-09-07,2.576194
1995-09-08,3.8922074
1995-09-09,3.1128538
1995-09-10,5.908448
1995-09-11,2.9413903
1995-09-12,2.821502
1995-09-13,2.3798406
1995-09-14,2.3108985
1995-09-15,2.278413
1995-09-16,2.763327
1995-09-17,2.342732
1995-09-18,2.1023784
1995-09-19,2.4100442
1995-09-20,2.5330799
1995-09-21,3.7914956
1995-09-22,1.9854956
1995-09-23,1.878177
1995-09-24,1.8633361
1995-09-25,3.1775422
1995-09-26,3.6619399
1995-09-27,1.7799236
1995-09-28,3.895466
1995-09-29,2.453362
1995-09-30,2.6758618
1995-10-01,2.1142502
1995-10-02,2.5050027
1995-10-03,1.8562689
1995-10-04,1.9212855
1995-10-05,1.9780048
1995-10-06,1.940529
1995-10-07,1.9379736
1995-10-08,1.8700284
1995-10-09,2.2531288
1995-10-10,2.7628903
1995-10-11,3.1695466
1995-10-12,1.9682297
1995-10-13,1.7484804
1995-10-14,2.1180735
1995-10-15,2.4085224
1995-10-16,2.296718
1995-10-17,3.3042333
1995-10-18,1.6059052
1995-10-19,1.7606514
1995-10-20,1.5398674
1995-10-21,1.5129831
1995-10-22,2.0632365
1995-10-23,1.481235
1995-10-24,1.615722
1995-10-25,1.6379812
1995-10-26,2.1103923
1995-10-27,2.7052588
1995-10-28,1.6081789
1995-10-29,1.370617
1995-10-30,2.1701279
1995-10-31,1.8859017
1995-11-01,2.6537268
1995-11-02,3.6180553
1995-11-03,1.96972
1995-11-04,1.7986788
1995-11-05,2.2691433
1995-11-06,3.315523
1995-11-07,1.5108438
1995-11-08,2.5765254
1995-11-09,1.6835783
1995-11-10,2.0620933
1995-11-11,1.8316343
1995-11-12,1.8884643
1995-11-13,2.9277947
1995-11-14,3.2254937
1995-11-15,2.4508462
1995-11-16,2.258496
1995-11-17,2.2717552
1995-11-18,2.4217129
1995-11-19,2.7504656
1995-11-20,3.2043257
1995-11-21,2.993719
1995-11-22,3.6818569
1995-11-23,2.8082604
1995-11-24,3.5575068
1995-11-25,2.8239734
1995-11-26,2.770505
1995-11-27,2.6949263
1995-11-28,2.5999506
1995-11-29,2.5004833
1995-11-30,2.4002972
1995-12-01,2.3009763
1995-12-02,2.1904144
1995-12-03,2.1576521
1995-12-04,2.471455
1995-12-05,3.2231164
1995-12-06,1.9381312
1995-12-07,1.8075064
1995-12-08,1.7880269
1995-12-09,2.1692703
1995-12-10,4.0411935
1995-12-11,1.8366978
1995-12-12,1.5082657
1995-12-13,1.4469599
1995-12-14,1.3918643
1995-12-15,1.3625821
1995-12-16,2.334141
1995-12-17,1.3165171
1995-12-18,1.5774032
1995-12-19,1.5264946
1995-12-20,5.1207805
1995-12-21,2.1200075
1995-12-22,2.8179004
1995-12-23,3.8169222
1995-12-24,2.7262752
1995-12-25,2.7722507
1995-12-26,2.9190056
1995-12-27,2.0009646
1995-12-28,1.7341952
1995-12-29,1.2397529
1995-12-30,1.2541584
1995-12-31,1.2481791
1996-01-01,1.2036914
1996-01-02,1.1684312
1996-01-03,1.176306
1996-01-04,1.1904544
1996-01-05,2.1812143
1996-01-06,1.1395969
1996-01-07,1.0725948
1996-01-08,1.0402265
1996-01-09,1.0112752
1996-01-10,0.98796076
1996-01-11,1.0241835
1996-01-12,2.0836697
1996-01-13,1.3218501
1996-01-14,0.92227244
1996-01-15,0.8891948
1996-01-16,0.8639936
1996-01-17,0.83773154
1996-01-18,0.8095101
1996-01-19,0.78124136
1996-01-20,0.75278103
1996-01-21,0.72598374
1996-01-22,0.7008361
1996-01-23,0.6773595
1996-01-24,0.65440005
1996-01-25,0.6304841
1996-01-26,0.6061112
1996-01-27,0.59010375
1996-01-28,0.564694
1996-01-29,0.54651284
1996-01-30,0.5475267
1996-01-31,0.52309966
1996-02-01,0.61734974
1996-02-02,0.72301126
1996-02-03,1.11658
1996-02-04,4.7286
1996-02-05,3.2368782
1996-02-06,1.1392113
1996-02-07,0.47745362
1996-02-08,0.45875445
1996-02-09,1.2274112
1996-02-10,0.9507259
1996-02-11,2.0552883
1996-02-12,1.571825
1996-02-13,0.8633213
1996-02-14,1.8008174
1996-02-15,4.5301194
1996-02-16,1.2290545
1996-02-17,1.6524341
1996-02-18,0.98634654
1996-02-19,1.0380101
1996-02-20,1.11367
1996-02-21,1.1134374
1996-02-22,1.1130791
1996-02-23,1.101274
1996-02-24,1.0781806
1996-02-25,1.5443554
1996-02-26,5.704697
1996-02-27,1.8933955
1996-02-28,2.930939
1996-02-29,4.096336
1996-03-01,3.278167
1996-03-02,5.285417
1996-03-03,3.0324802
1996-03-04,3.4564428
1996-03-05,2.1271498
1996-03-06,2.0387127
1996-03-07,2.003851
1996-03-08,2.1411107
1996-03-09,2.8051462
1996-03-10,3.8833404
1996-03-11,2.7558045
1996-03-12,3.232614
1996-03-13,1.8589659
1996-03-14,1.7786651
1996-03-15,1.7234634
1996-03-16,1.6696143
1996-03-17,1.6181934
1996-03-18,1.5665716
1996-03-19,1.5117664
1996-03-20,1.5120484
1996-03-21,1.4181356
1996-03-22,1.4062852
1996-03-23,1.4506634
1996-03-24,1.5176715
1996-03-25,1.322571
1996-03-26,2.1725168
1996-03-27,1.532675
1996-03-28,1.2155957
1996-03-29,1.1665375
1996-03-30,2.9425983
1996-03-31,1.5135573
1996-04-01,1.1213951
1996-04-02,1.101527
1996-04-03,1.0759548
1996-04-04,3.3729844
1996-04-05,2.6265113
1996-04-06,1.7168669
1996-04-07,2.5111153
1996-04-08,2.0684123
1996-04-09,4.911386
1996-04-10,1.0817258
1996-04-11,1.3243572
1996-04-12,3.9072342
1996-04-13,2.3335435
1996-04-14,1.0561742
1996-04-15,1.0473077
1996-04-16,1.0489385
1996-04-17,1.0364141
1996-04-18,1.0153884
1996-04-19,1.0095495
1996-04-20,1.0385998
1996-04-21,2.0889509
1996-04-22,1.0534539
1996-04-23,1.2201066
1996-04-24,3.0774965
1996-04-25,2.0893352
1996-04-26,3.0010667
1996-04-27,2.0406942
1996-04-28,3.087891
1996-04-29,5.257515
1996-04-30,2.3681939
1996-05-01,5.4865303
1996-05-02,2.4880548
1996-05-03,2.6411252
1996-05-04,4.898574
1996-05-05,3.5521498
1996-05-06,3.636874
1996-05-07,5.1701083
1996-05-08,3.075627
1996-05-09,5.619707
1996-05-10,6.927692
1996-05-11,5.2852883
1996-05-12,7.9655414
1996-05-13,11.676688
1996-05-14,15.875446
1996-05-15,10.594647
1996-05-16,12.967792
1996-05-17,8.37457
1996-05-18,8.097647
1996-05-19,8.403838
1996-05-20,6.983436
1996-05-21,8.608913
1996-05-22,5.8470316
1996-05-23,5.26016
1996-05-24,5.060997
1996-05-25,8.015967
1996-05-26,5.9344645
1996-05-27,9.041955
1996-05-28,11.943951
1996-05-29,6.8378725
1996-05-30,6.524122
1996-05-31,6.8634005
1996-06-01,6.104704
1996-06-02,9.9161005
1996-06-03,27.917448
1996-06-04,28.06151
1996-06-05,11.294769
1996-06-06,9.176952
1996-06-07,7.334674
1996-06-08,7.192358
1996-06-09,6.03115
1996-06-10,5.111004
1996-06-11,7.875146
1996-06-12,6.1550856
1996-06-13,5.8469925
1996-06-14,5.691157
1996-06-15,7.1134686
1996-06-16,6.574917
1996-06-17,5.557269
1996-06-18,6.8175793
1996-06-19,10.840344
1996-06-20,13.371519
1996-06-21,12.085764
1996-06-22,9.318983
1996-06-23,13.032126
1996-06-24,10.04087
1996-06-25,9.517301
1996-06-26,9.814155
1996-06-27,7.5845604
1996-06-28,7.239134
1996-06-29,7.4182186
1996-06-30,8.50675
1996-07-01,7.362029
1996-07-02,5.776397
1996-07-03,6.0723853
1996-07-04,6.7167315
1996-07-05,8.687447
1996-07-06,6.962291
1996-07-07,5.2047696
1996-07-08,5.4480257
1996-07-09,4.981616
1996-07-10,6.0264754
1996-07-11,5.4535966
1996-07-12,8.746273
1996-07-13,6.7650228
1996-07-14,7.164388
1996-07-15,6.449917
1996-07-16,7.3420186
1996-07-17,9.417427
1996-07-18,11.160246
1996-07-19,12.715704
1996-07-20,10.827919
1996-07-21,8.523066
1996-07-22,10.596159
1996-07-23,6.7640634
1996-07-24,6.253193
1996-07-25,5.73369
1996-07-26,5.3609147
1996-07-27,5.497977
1996-07-28,5.952523
1996-07-29,5.851876
1996-07-30,5.57164
1996-07-31,4.8171883
1996-08-01,4.321266
1996-08-02,5.651244
1996-08-03,6.8115406
1996-08-04,8.787275
1996-08-05,6.3078375
1996-08-06,8.756078
1996-08-07,8.746977
1996-08-08,7.0713124
1996-08-09,7.3912
1996-08-10,6.318842
1996-08-11,8.233528
1996-08-12,6.417983
1996-08-13,4.9530706
1996-08-14,4.5394216
1996-08-15,4.321204
1996-08-16,4.060139
1996-08-17,6.122032
1996-08-18,3.523554
1996-08-19,6.6700583
1996-08-20,4.484631
1996-08-21,3.3044205
1996-08-22,2.82555
1996-08-23,2.6901445
1996-08-24,2.6175716
1996-08-25,6.6595016
1996-08-26,2.715289
1996-08-27,2.9793715
1996-08-28,2.7873888
1996-08-29,3.359921
1996-08-30,2.1777298
1996-08-31,3.4949937
1996-09-01,3.0228508
1996-09-02,1.9488853
1996-09-03,2.1573179
1996-09-04,1.8383677
1996-09-05,1.8020254
1996-09-06,2.7387598
1996-09-07,2.0762773
1996-09-08,2.8963943
1996-09-09,1.681669
1996-09-10,1.617058
1996-09-11,1.6379602
1996-09-12,3.3747492
1996-09-13,1.9269679
1996-09-14,2.9266171
1996-09-15,3.0745344
1996-09-16,2.2475426
1996-09-17,1.8126812
1996-09-18,2.259111
1996-09-19,4.3410244
1996-09-20,2.7798648
1996-09-21,4.5718627
1996-09-22,3.526507
1996-09-23,3.5869071
1996-09-24,5.077284
1996-09-25,3.6399307
1996-09-26,3.8117695
1996-09-27,5.0000353
1996-09-28,3.782527
1996-09-29,5.2644606
1996-09-30,3.5743105
1996-10-01,3.8914096
1996-10-02,3.3085327
1996-10-03,3.2028625
1996-10-04,3.4022024
1996-10-05,4.0359626
1996-10-06,3.532942
1996-10-07,2.7939713
1996-10-08,2.9310508
1996-10-09,2.5945597
1996-10-10,4.6014647
1996-10-11,2.4719293
1996-10-12,3.9180856
1996-10-13,2.2779663
1996-10-14,2.278375
1996-10-15,3.2535915
1996-10-16,3.5391986
1996-10-17,2.348401
1996-10-18,2.0345342
1996-10-19,1.9214175
1996-10-20,2.6914263
1996-10-21,2.6703868
1996-10-22,4.8802476
1996-10-23,3.2447891
1996-10-24,2.2563343
1996-10-25,2.7702186
1996-10-26,2.9372551
1996-10-27,1.7303333
1996-10-28,2.9208667
1996-10-29,2.0836546
1996-10-30,1.68328
1996-10-31,2.2253957
1996-11-01,1.7208735
1996-11-02,3.2768738
1996-11-03,1.665003
1996-11-04,1.6242095
1996-11-05,2.045659
1996-11-06,2.8291736
1996-11-07,1.6540177
1996-11-08,2.0709386
1996-11-09,1.6435567
1996-11-10,2.5935054
1996-11-11,1.5467285
1996-11-12,2.022282
1996-11-13,2.9378388
1996-11-14,1.5226697
1996-11-15,1.7462448
1996-11-16,1.8043764
1996-11-17,2.5965085
1996-11-18,5.1160407
1996-11-19,1.4997838
1996-11-20,1.4157846
1996-11-21,2.5567687
1996-11-22,3.2679875
1996-11-23,2.055224
1996-11-24,4.1117964
1996-11-25,2.882726
1996-11-26,1.6198689
1996-11-27,1.5997005
1996-11-28,2.313994
1996-11-29,4.217344
1996-11-30,3.12815
1996-12-01,2.8381107
1996-12-02,2.0914261
1996-12-03,2.129943
1996-12-04,2.1589034
1996-12-05,2.5103366
1996-12-06,2.320714
1996-12-07,2.9934728
1996-12-08,3.2825084
1996-12-09,2.1772306
1996-12-10,2.581426
1996-12-11,2.9521394
1996-12-12,3.7596295
1996-12-13,2.3144388
1996-12-14,2.8006742
1996-12-15,3.204789
1996-12-16,3.0054383
1996-12-17,2.454601
1996-12-18,2.4179192
1996-12-19,2.3913925
1996-12-20,4.4503374
1996-12-21,3.0809767
1996-12-22,3.193362
1996-12-23,2.2888975
1996-12-24,2.1800816
1996-12-25,2.1171014
1996-12-26,3.8034728
1996-12-27,2.0689454
1996-12-28,1.9446925
1996-12-29,1.8729125
1996-12-30,1.8099456
1996-12-31,1.7506963
1997-01-01,1.688116
1997-01-02,1.6329918
1997-01-03,1.5679015
1997-01-04,1.5102713
1997-01-05,1.4500233
1997-01-06,1.3927468
1997-01-07,1.3329474
1997-01-08,1.276522
1997-01-09,1.2248427
1997-01-10,1.231264
1997-01-11,1.2953644
1997-01-12,1.1413994
1997-01-13,1.4957632
1997-01-14,1.1214782
1997-01-15,1.0562078
1997-01-16,1.82969
1997-01-17,1.3161485
1997-01-18,1.0130228
1997-01-19,0.9439446
1997-01-20,0.9079783
1997-01-21,0.8751544
1997-01-22,0.84432065
1997-01-23,0.81659234
1997-01-24,0.7917423
1997-01-25,0.7614828
1997-01-26,0.73613167
1997-01-27,0.7399049
1997-01-28,0.6917392
1997-01-29,0.66547257
1997-01-30,0.63994646
1997-01-31,0.6150894
1997-02-01,0.5913984
1997-02-02,0.56906223
1997-02-03,0.5475048
1997-02-04,0.5457525
1997-02-05,0.57317275
1997-02-06,0.59295535
1997-02-07,0.60931164
1997-02-08,0.97426486
1997-02-09,0.7123539
1997-02-10,1.7503996
1997-02-11,3.1957076
1997-02-12,0.59237117
1997-02-13,2.359734
1997-02-14,1.3709555
1997-02-15,3.2420652
1997-02-16,0.7820955
1997-02-17,1.532066
1997-02-18,1.4427881
1997-02-19,0.49861345
1997-02-20,0.46522203
1997-02-21,0.46904448
1997-02-22,1.1570201
1997-02-23,1.6488683
1997-02-24,1.0496402
1997-02-25,1.5520412
1997-02-26,2.193305
1997-02-27,3.5554771
1997-02-28,0.9742516
1997-03-01,0.98678225
1997-03-02,1.0208684
1997-03-03,1.0222316
1997-03-04,1.0043035
1997-03-05,0.9821755
1997-03-06,0.9595005
1997-03-07,0.9362712
1997-03-08,1.0066835
1997-03-09,2.6640906
1997-03-10,2.5698864
1997-03-11,0.94023436
1997-03-12,0.89417475
1997-03-13,2.8129342
1997-03-14,3.2103896
1997-03-15,2.1757815
1997-03-16,1.853019
1997-03-17,2.7455359
1997-03-18,2.2684462
1997-03-19,1.3354615
1997-03-20,1.3568528
1997-03-21,1.3853896
1997-03-22,1.3734196
1997-03-23,1.3448073
1997-03-24,1.3114961
1997-03-25,1.2763234
1997-03-26,1.2439414
1997-03-27,1.2307397
1997-03-28,1.176502
1997-03-29,1.1361756
1997-03-30,1.0949984
1997-03-31,1.055752
1997-04-01,1.018537
1997-04-02,0.98455083
1997-04-03,0.9587779
1997-04-04,0.92244446
1997-04-05,0.8979262
1997-04-06,1.0975331
1997-04-07,2.278618
1997-04-08,2.4985852
1997-04-09,2.2318454
1997-04-10,3.1094089
1997-04-11,3.7051847
1997-04-12,1.533358
1997-04-13,1.6976113
1997-04-14,3.458105
1997-04-15,0.9342475
1997-04-16,1.9295969
1997-04-17,2.7394974
1997-04-18,2.0600317
1997-04-19,3.2617698
1997-04-20,3.6286654
1997-04-21,3.0731597
1997-04-22,5.3897357
1997-04-23,2.8203993
1997-04-24,3.5175848
1997-04-25,2.5292244
1997-04-26,5.922039
1997-04-27,5.304382
1997-04-28,3.467069
1997-04-29,3.3551707
1997-04-30,4.0423546
1997-05-01,9.209475
1997-05-02,5.1339445
1997-05-03,7.685843
1997-05-04,5.1977
1997-05-05,5.261781
1997-05-06,6.8222704
1997-05-07,8.940467
1997-05-08,21.768959
1997-05-09,13.642322
1997-05-10,9.958555
1997-05-11,15.460596
1997-05-12,14.060896
1997-05-13,10.302747
1997-05-14,9.321343
1997-05-15,8.051039
1997-05-16,8.633736
1997-05-17,5.5401278
1997-05-18,6.4647274
1997-05-19,6.0340877
1997-05-20,6.1094885
1997-05-21,7.1617002
1997-05-22,6.543239
1997-05-23,5.504162
1997-05-24,7.070951
1997-05-25,10.831281
1997-05-26,9.400543
1997-05-27,17.944952
1997-05-28,14.936809
1997-05-29,12.046731
1997-05-30,10.180902
1997-05-31,8.276342
1997-06-01,9.032627
1997-06-02,6.9090405
1997-06-03,7.539412
1997-06-04,5.6583486
1997-06-05,5.1025896
1997-06-06,4.731438
1997-06-07,4.335918
1997-06-08,4.06726
1997-06-09,6.519695
1997-06-10,6.1842484
1997-06-11,3.6154814
1997-06-12,3.375108
1997-06-13,3.434375
1997-06-14,3.1811726
1997-06-15,3.524105
1997-06-16,2.9479306
1997-06-17,3.0911787
1997-06-18,6.960672
1997-06-19,5.018017
1997-06-20,3.1619823
1997-06-21,3.6430416
1997-06-22,2.587213
1997-06-23,2.7353103
1997-06-24,6.505642
1997-06-25,5.895384
1997-06-26,4.292225
1997-06-27,3.1586947
1997-06-28,3.402714
1997-06-29,3.6841784
1997-06-30,4.82871
1997-07-01,5.5396814
1997-07-02,3.9289618
1997-07-03,3.760825
1997-07-04,6.094926
1997-07-05,3.797509
1997-07-06,4.2820683
1997-07-07,6.9458976
1997-07-08,7.9509897
1997-07-09,8.4148
1997-07-10,7.9430013
1997-07-11,19.658815
1997-07-12,12.332074
1997-07-13,9.013249
1997-07-14,7.446355
1997-07-15,8.011827
1997-07-16,12.904682
1997-07-17,6.413229
1997-07-18,7.068133
1997-07-19,6.5151563
1997-07-20,6.2853312
1997-07-21,9.819202
1997-07-22,6.781858
1997-07-23,5.823204
1997-07-24,6.35888
1997-07-25,5.226876
1997-07-26,5.1093774
1997-07-27,5.739938
1997-07-28,5.0506206
1997-07-29,5.9108686
1997-07-30,5.8145227
1997-07-31,5.0339556
1997-08-01,4.1711035
1997-08-02,4.379696
1997-08-03,5.1318483
1997-08-04,3.5901558
1997-08-05,3.3303921
1997-08-06,4.1754823
1997-08-07,3.4277537
1997-08-08,2.955778
1997-08-09,2.860937
1997-08-10,2.8789468
1997-08-11,2.82813
1997-08-12,3.1251516
1997-08-13,2.5651293
1997-08-14,3.1930258
1997-08-15,3.870027
1997-08-16,3.407377
1997-08-17,2.7662468
1997-08-18,3.772214
1997-08-19,2.6145878
1997-08-20,2.8016808
1997-08-21,3.068845
1997-08-22,4.2727165
1997-08-23,3.3956041
1997-08-24,2.9819171
1997-08-25,3.8852613
1997-08-26,5.484658
1997-08-27,2.9780366
1997-08-28,6.303161
1997-08-29,3.723617
1997-08-30,3.1138012
1997-08-31,3.0173247
1997-09-01,2.985017
1997-09-02,3.2482793
1997-09-03,3.5254679
1997-09-04,4.3088684
1997-09-05,2.8137026
1997-09-06,4.5097184
1997-09-07,4.57367
1997-09-08,3.148378
1997-09-09,3.634423
1997-09-10,2.6163378
1997-09-11,3.221687
1997-09-12,3.210595
1997-09-13,3.074425
1997-09-14,2.3224113
1997-09-15,2.2466888
1997-09-16,2.4103348
1997-09-17,2.0911462
1997-09-18,2.1167169
1997-09-19,2.9032996
1997-09-20,2.7518365
1997-09-21,1.8448645
1997-09-22,1.7623699
1997-09-23,4.2922053
1997-09-24,3.1941571
1997-09-25,2.4957378
1997-09-26,1.6357447
1997-09-27,1.736382
1997-09-28,5.581926
1997-09-29,2.27746
1997-09-30,1.6615385
1997-10-01,1.5123242
1997-10-02,3.350028
1997-10-03,4.903942
1997-10-04,2.532412
1997-10-05,1.4945267
1997-10-06,1.4899764
1997-10-07,1.9576719
1997-10-08,1.4158773
1997-10-09,1.3930465
1997-10-10,1.8694786
1997-10-11,1.7902668
1997-10-12,1.3378496
1997-10-13,1.2793021
1997-10-14,1.3253038
1997-10-15,2.549224
1997-10-16,1.2568098
1997-10-17,1.2229239
1997-10-18,2.0180666
1997-10-19,2.1748304
1997-10-20,2.649319
1997-10-21,1.5739197
1997-10-22,3.7226465
1997-10-23,3.4588447
1997-10-24,1.8601629
1997-10-25,1.4945749
1997-10-26,1.550808
1997-10-27,1.5545372
1997-10-28,1.5575465
1997-10-29,1.5556003
1997-10-30,1.470607
1997-10-31,2.4006574
1997-11-01,1.5138478
1997-11-02,1.9152589
1997-11-03,2.539953
1997-11-04,3.979889
1997-11-05,1.893541
1997-11-06,2.093557
1997-11-07,1.5859581
1997-11-08,2.0020595
1997-11-09,1.5466267
1997-11-10,3.1554797
1997-11-11,1.4069345
1997-11-12,1.3406748
1997-11-13,1.363972
1997-11-14,1.3693784
1997-11-15,1.3600163
1997-11-16,1.8242664
1997-11-17,1.3601744
1997-11-18,1.8913252
1997-11-19,1.7936286
1997-11-20,2.2756922
1997-11-21,1.319736
1997-11-22,1.266386
1997-11-23,1.2518823
1997-11-24,1.9426836
1997-11-25,2.44407
1997-11-26,5.1911545
1997-11-27,1.3061435
1997-11-28,1.1823138
1997-11-29,1.6096987
1997-11-30,2.567667
1997-12-01,2.3931112
1997-12-02,1.8066572
1997-12-03,1.2362864
1997-12-04,1.2267723
1997-12-05,1.2402304
1997-12-06,1.4160705
1997-12-07,1.4671483
1997-12-08,1.2431809
1997-12-09,2.2603638
1997-12-10,1.2387245
1997-12-11,3.0271459
1997-12-12,1.173806
1997-12-13,1.1036458
1997-12-14,1.0942141
1997-12-15,1.0724626
1997-12-16,1.0456119
1997-12-17,1.0233374
1997-12-18,1.0749834
1997-12-19,0.9924313
1997-12-20,0.9599224
1997-12-21,1.0704018
1997-12-22,0.92530733
1997-12-23,0.90461826
1997-12-24,0.94457585
1997-12-25,1.2581435
1997-12-26,0.8722561
1997-12-27,0.88894826
1997-12-28,0.8385244
1997-12-29,0.80535316
1997-12-30,1.4988091
1997-12-31,0.8688411
1998-01-01,0.770928
1998-01-02,0.7706744
1998-01-03,0.7354153
1998-01-04,0.7150032
1998-01-05,0.69998634
1998-01-06,1.9651651
1998-01-07,0.73001266
1998-01-08,0.6767389
1998-01-09,0.6484488
1998-01-10,0.6706258
1998-01-11,0.646781
1998-01-12,0.62800074
1998-01-13,0.63991195
1998-01-14,0.62108296
1998-01-15,0.5847102
1998-01-16,0.56721014
1998-01-17,0.5515036
1998-01-18,0.5300614
1998-01-19,0.5153851
1998-01-20,0.49967524
1998-01-21,0.4894749
1998-01-22,0.48118776
1998-01-23,0.46581498
1998-01-24,0.45157897
1998-01-25,0.43573248
1998-01-26,0.42070225
1998-01-27,0.4071054
1998-01-28,0.39145836
1998-01-29,0.38002697
1998-01-30,0.47608766
1998-01-31,0.36321223
1998-02-01,0.38698024
1998-02-02,0.37736323
1998-02-03,0.6170323
1998-02-04,0.35691622
1998-02-05,0.32187492
1998-02-06,0.34103423
1998-02-07,1.0910882
1998-02-08,0.36814317
1998-02-09,1.3264537
1998-02-10,0.33781475
1998-02-11,0.86596256
1998-02-12,0.32448858
1998-02-13,1.4352965
1998-02-14,1.8891249
1998-02-15,0.84547204
1998-02-16,1.4876777
1998-02-17,0.32734045
1998-02-18,0.26829135
1998-02-19,0.26164627
1998-02-20,0.25551665
1998-02-21,0.25816047
1998-02-22,0.23698302
1998-02-23,0.20649333
1998-02-24,0.1685011
1998-02-25,0.15789203
1998-02-26,0.15140972
1998-02-27,0.18001182
1998-02-28,1.0976108
1998-03-01,0.19733547
1998-03-02,0.15828845
1998-03-03,0.15296972
1998-03-04,0.14948602
1998-03-05,0.15989812
1998-03-06,0.28373313
1998-03-07,2.518681
1998-03-08,0.21689649
1998-03-09,0.14504743
1998-03-10,1.1868155
1998-03-11,0.2074604
1998-03-12,0.113257475
1998-03-13,0.07387895
1998-03-14,0.024513721
1998-03-15,0.089873604
1998-03-16,0.17321976
1998-03-17,0.022737628
1998-03-18,0.023326142
1998-03-19,0.5841892
1998-03-20,0.017797817
1998-03-21,1.7177362
1998-03-22,0.47593758
1998-03-23,2.4172451
1998-03-24,2.8100622
1998-03-25,1.7814382
1998-03-26,2.5662982
1998-03-27,0.31826517
1998-03-28,0.7109881
1998-03-29,4.6685343
1998-03-30,2.520379
1998-03-31,3.438441
1998-04-01,0.46750796
1998-04-02,0.1726899
1998-04-03,2.2243795
1998-04-04,2.3216808
1998-04-05,1.994933
1998-04-06,2.4192219
1998-04-07,0.37730554
1998-04-08,6.1039653
1998-04-09,3.163409
1998-04-10,3.7699082
1998-04-11,3.7193782
1998-04-12,1.8623371
1998-04-13,1.7599379
1998-04-14,2.0464284
1998-04-15,4.6502175
1998-04-16,2.5965712
1998-04-17,2.225478
1998-04-18,3.324538
1998-04-19,2.9238303
1998-04-20,3.229605
1998-04-21,7.4777575
1998-04-22,6.9440084
1998-04-23,9.601969
1998-04-24,10.923644
1998-04-25,21.947977
1998-04-26,10.888001
1998-04-27,8.596623
1998-04-28,8.117731
1998-04-29,6.719183
1998-04-30,6.02273
1998-05-01,7.8784556
1998-05-02,11.1884365
1998-05-03,31.164906
1998-05-04,12.704002
1998-05-05,7.553023
1998-05-06,7.4764647
1998-05-07,10.751178
1998-05-08,9.928768
1998-05-09,8.787061
1998-05-10,11.173328
1998-05-11,7.3320255
1998-05-12,9.889265
1998-05-13,7.63765
1998-05-14,8.856211
1998-05-15,7.0009913
1998-05-16,7.423037
1998-05-17,7.7819934
1998-05-18,16.880062
1998-05-19,9.216053
1998-05-20,8.58153
1998-05-21,7.6657057
1998-05-22,6.7926836
1998-05-23,6.109253
1998-05-24,5.438943
1998-05-25,7.661178
1998-05-26,5.3451476
1998-05-27,4.445612
1998-05-28,5.006685
1998-05-29,5.2071404
1998-05-30,7.1540504
1998-05-31,4.017122
1998-06-01,6.140369
1998-06-02,8.046731
1998-06-03,7.8673396
1998-06-04,8.866618
1998-06-05,7.4004116
1998-06-06,7.627581
1998-06-07,7.070066
1998-06-08,9.515821
1998-06-09,30.984451
1998-06-10,11.34989
1998-06-11,9.327431
1998-06-12,6.8552923
1998-06-13,7.2981896
1998-06-14,5.760245
1998-06-15,5.196931
1998-06-16,5.9389954
1998-06-17,4.7898545
1998-06-18,5.4859476
1998-06-19,5.3236413
1998-06-20,5.5742207
1998-06-21,4.187871
1998-06-22,4.504684
1998-06-23,9.080221
1998-06-24,13.722871
1998-06-25,13.582758
1998-06-26,10.4248
1998-06-27,10.983908
1998-06-28,12.957394
1998-06-29,9.8628
1998-06-30,10.01987
1998-07-01,8.097275
1998-07-02,8.641659
1998-07-03,8.172392
1998-07-04,7.0635624
1998-07-05,8.1276455
1998-07-06,7.0563455
1998-07-07,8.038258
1998-07-08,7.3210835
1998-07-09,5.7807126
1998-07-10,6.0938144
1998-07-11,7.4836097
1998-07-12,7.1219497
1998-07-13,5.704472
1998-07-14,6.4922676
1998-07-15,6.0918922
1998-07-16,5.4444337
1998-07-17,5.4488406
1998-07-18,5.9187503
1998-07-19,6.975753
1998-07-20,4.6039996
1998-07-21,4.003984
1998-07-22,4.0169997
1998-07-23,4.3443856
1998-07-24,3.9147382
1998-07-25,3.4811556
1998-07-26,6.6554174
1998-07-27,4.9977355
1998-07-28,5.206933
1998-07-29,5.618457
1998-07-30,4.7452826
1998-07-31,7.1112623
1998-08-01,6.218843
1998-08-02,6.510922
1998-08-03,6.9820547
1998-08-04,5.6095977
1998-08-05,6.7433033
1998-08-06,7.0781374
1998-08-07,5.833491
1998-08-08,5.9012365
1998-08-09,5.9906807
1998-08-10,5.7774615
1998-08-11,6.5412354
1998-08-12,4.930982
1998-08-13,3.9506857
1998-08-14,4.7033935
1998-08-15,8.040687
1998-08-16,3.5292716
1998-08-17,3.86335
1998-08-18,5.7112374
1998-08-19,3.1622403
1998-08-20,3.7319293
1998-08-21,3.550128
1998-08-22,2.8584125
1998-08-23,2.7456725
1998-08-24,4.355582
1998-08-25,2.7117505
1998-08-26,4.1112328
1998-08-27,2.4860528
1998-08-28,2.5802467
1998-08-29,2.7851236
1998-08-30,2.946121
1998-08-31,6.7334027
1998-09-01,3.6280394
1998-09-02,11.202902
1998-09-03,8.427228
1998-09-04,5.8930387
1998-09-05,5.319586
1998-09-06,4.2136755
1998-09-07,3.7587936
1998-09-08,4.6312323
1998-09-09,4.3113446
1998-09-10,3.683473
1998-09-11,3.2399116
1998-09-12,3.8482072
1998-09-13,2.9962807
1998-09-14,2.6157126
1998-09-15,4.1866827
1998-09-16,2.4920917
1998-09-17,4.6868873
1998-09-18,2.3326223
1998-09-19,2.383432
1998-09-20,2.6640928
1998-09-21,2.931802
1998-09-22,2.1969788
1998-09-23,2.3053858
1998-09-24,2.0611765
1998-09-25,4.1897655
1998-09-26,2.2299862
1998-09-27,3.26753
1998-09-28,1.9174786
1998-09-29,1.822421
1998-09-30,1.7727202
1998-10-01,1.7697935
1998-10-02,3.755821
1998-10-03,4.908981
1998-10-04,2.7625046
1998-10-05,2.8295376
1998-10-06,2.409689
1998-10-07,2.5312023
1998-10-08,4.050291
1998-10-09,2.0769894
1998-10-10,2.1412776
1998-10-11,1.9560328
1998-10-12,1.9073815
1998-10-13,1.8481462
1998-10-14,1.8363447
1998-10-15,1.782334
1998-10-16,2.153744
1998-10-17,1.780307
1998-10-18,2.178468
1998-10-19,1.5929619
1998-10-20,3.6761353
1998-10-21,4.7557626
1998-10-22,2.0416558
1998-10-23,2.0540485
1998-10-24,1.6083033
1998-10-25,2.6285877
1998-10-26,3.4086735
1998-10-27,1.5084796
1998-10-28,1.5061547
1998-10-29,2.9832354
1998-10-30,4.029785
1998-10-31,2.5342095
1998-11-01,1.7591177
1998-11-02,1.8202173
1998-11-03,1.9096428
1998-11-04,2.7190204
1998-11-05,2.1710863
1998-11-06,3.875921
1998-11-07,2.0551329
1998-11-08,2.114715
1998-11-09,2.0319283
1998-11-10,2.0389602
1998-11-11,5.1793756
1998-11-12,2.0468736
1998-11-13,1.920446
1998-11-14,2.25091
1998-11-15,2.7198853
1998-11-16,2.8023999
1998-11-17,2.0651627
1998-11-18,3.5134645
1998-11-19,1.8419868
1998-11-20,1.7535836
1998-11-21,2.7870276
1998-11-22,2.7716122
1998-11-23,2.1120114
1998-11-24,2.1517298
1998-11-25,1.7599403
1998-11-26,1.7480927
1998-11-27,1.7272122
1998-11-28,1.7084703
1998-11-29,1.6812919
1998-11-30,1.7022413
1998-12-01,1.743194
1998-12-02,1.6084887
1998-12-03,1.5564563
1998-12-04,1.5572146
1998-12-05,1.5137988
1998-12-06,1.4731183
1998-12-07,1.4206
1998-12-08,1.3782912
1998-12-09,1.4188677
1998-12-10,1.3312138
1998-12-11,3.9277868
1998-12-12,1.4578733
1998-12-13,1.6608102
1998-12-14,2.796527
1998-12-15,1.6624001
1998-12-16,5.6381955
1998-12-17,2.805717
1998-12-18,1.4855295
1998-12-19,1.2331845
1998-12-20,1.2599832
1998-12-21,1.4391996
1998-12-22,1.2823088
1998-12-23,1.2441669
1998-12-24,1.8090873
1998-12-25,1.8882074
1998-12-26,1.6350778
1998-12-27,2.9247618
1998-12-28,2.1068144
1998-12-29,1.1783804
1998-12-30,1.134696
1998-12-31,2.3860848
1999-01-01,4.0731926
1999-01-02,3.8688807
1999-01-03,2.9061813
1999-01-04,1.6401706
1999-01-05,1.1680616
1999-01-06,1.185016
1999-01-07,1.1593672
1999-01-08,1.1655552
1999-01-09,1.1566278
1999-01-10,1.1967727
1999-01-11,2.448597
1999-01-12,1.2255646
1999-01-13,2.1978488
1999-01-14,1.1812744
1999-01-15,1.0867287
1999-01-16,1.0670449
1999-01-17,1.07713
1999-01-18,1.0476216
1999-01-19,1.352788
1999-01-20,2.117122
1999-01-21,2.1412098
1999-01-22,1.0390725
1999-01-23,2.014657
1999-01-24,4.869076
1999-01-25,2.4198039
1999-01-26,4.9149075
1999-01-27,3.6343172
1999-01-28,2.5820096
1999-01-29,3.008422
1999-01-30,3.2786896
1999-01-31,2.951139
1999-02-01,2.9124594
1999-02-02,3.6076763
1999-02-03,2.7985268
1999-02-04,2.7144465
1999-02-05,2.6746106
1999-02-06,2.5518696
1999-02-07,2.5068264
1999-02-08,2.5254903
1999-02-09,2.4829645
1999-02-10,3.6249492
1999-02-11,2.7089698
1999-02-12,3.7195687
1999-02-13,3.7984593
1999-02-14,3.0164733
1999-02-15,3.4011474
1999-02-16,4.8837404
1999-02-17,4.200577
1999-02-18,3.3710027
1999-02-19,4.3568177
1999-02-20,3.7275906
1999-02-21,3.6719615
1999-02-22,4.77891
1999-02-23,4.6758947
1999-02-24,6.244304
1999-02-25,5.564361
1999-02-26,5.318006
1999-02-27,4.9869843
1999-02-28,4.7328997
1999-03-01,4.285057
1999-03-02,3.988986
1999-03-03,3.6162326
1999-03-04,5.3704944
1999-03-05,3.1946402
1999-03-06,2.8964436
1999-03-07,2.7039504
1999-03-08,2.5149596
1999-03-09,2.337256
1999-03-10,2.1759424
1999-03-11,2.0432305
1999-03-12,1.9511915
1999-03-13,1.8484285
1999-03-14,1.8540825
1999-03-15,2.4766066
1999-03-16,2.4611506
1999-03-17,3.956747
1999-03-18,3.6614408
1999-03-19,1.5200802
1999-03-20,1.4039028
1999-03-21,1.3549714
1999-03-22,1.3174869
1999-03-23,2.2483132
1999-03-24,1.577796
1999-03-25,1.3197365
1999-03-26,1.1902269
1999-03-27,1.5651109
1999-03-28,2.4879687
1999-03-29,1.7680433
1999-03-30,1.2548143
1999-03-31,1.0541961
1999-04-01,1.1104509
1999-04-02,4.5201497
1999-04-03,3.4662678
1999-04-04,1.7427443
1999-04-05,4.5866985
1999-04-06,2.746713
1999-04-07,3.113931
1999-04-08,2.7233577
1999-04-09,2.523575
1999-04-10,3.164941
1999-04-11,5.0650244
1999-04-12,3.948464
1999-04-13,4.7125225
1999-04-14,6.3659496
1999-04-15,5.878533
1999-04-16,11.629402
1999-04-17,5.980502
1999-04-18,6.8433757
1999-04-19,5.2864776
1999-04-20,5.0243363
1999-04-21,7.554905
1999-04-22,5.640447
1999-04-23,4.0990825
1999-04-24,5.8737473
1999-04-25,6.6086936
1999-04-26,8.531047
1999-04-27,5.75319
1999-04-28,7.521057
1999-04-29,4.8986173
1999-04-30,4.7770133
1999-05-01,3.8669631
1999-05-02,5.020809
1999-05-03,4.362576
1999-05-04,4.837662
1999-05-05,5.8162723
1999-05-06,4.669031
1999-05-07,8.353757
1999-05-08,5.8545885
1999-05-09,5.6279917
1999-05-10,8.198397
1999-05-11,10.368304
1999-05-12,10.043891
1999-05-13,8.290376
1999-05-14,10.083344
1999-05-15,6.754549
1999-05-16,5.886139
1999-05-17,5.501871
1999-05-18,6.3092246
1999-05-19,5.676309
1999-05-20,4.8139386
1999-05-21,6.6420903
1999-05-22,6.4894757
1999-05-23,5.20118
1999-05-24,4.9912004
1999-05-25,5.8705482
1999-05-26,7.472756
1999-05-27,6.11203
1999-05-28,4.606267
1999-05-29,6.1183367
1999-05-30,6.060406
1999-05-31,7.4252167
1999-06-01,9.17337
1999-06-02,7.128917
1999-06-03,7.5841093
1999-06-04,8.748139
1999-06-05,10.345901
1999-06-06,11.509757
1999-06-07,11.92669
1999-06-08,10.786929
1999-06-09,7.962107
1999-06-10,6.8703904
1999-06-11,8.647359
1999-06-12,8.344516
1999-06-13,6.445329
1999-06-14,6.6369686
1999-06-15,7.0829587
1999-06-16,6.263375
1999-06-17,4.753386
1999-06-18,6.4951806
1999-06-19,5.150801
1999-06-20,5.161698
1999-06-21,5.3811936
1999-06-22,6.130341
1999-06-23,4.0914125
1999-06-24,5.7564216
1999-06-25,4.7323904
1999-06-26,4.2336893
1999-06-27,4.2233953
1999-06-28,7.0666957
1999-06-29,4.9389925
1999-06-30,4.836132
1999-07-01,5.605749
1999-07-02,5.7200847
1999-07-03,4.847547
1999-07-04,5.7117195
1999-07-05,5.4916778
1999-07-06,7.0837593
1999-07-07,4.1858363
1999-07-08,7.701701
1999-07-09,6.105276
1999-07-10,5.2708755
1999-07-11,5.2854586
1999-07-12,5.1910033
1999-07-13,5.3703623
1999-07-14,8.328115
1999-07-15,5.621015
1999-07-16,6.3351626
1999-07-17,7.5327206
1999-07-18,6.882726
1999-07-19,9.017622
1999-07-20,8.01468
1999-07-21,8.278436
1999-07-22,7.4239717
1999-07-23,6.6654925
1999-07-24,5.5855064
1999-07-25,6.4226966
1999-07-26,4.6045403
1999-07-27,6.420429
1999-07-28,4.7424297
1999-07-29,6.4242043
1999-07-30,5.387803
1999-07-31,6.287488
1999-08-01,9.409655
1999-08-02,8.217984
1999-08-03,7.753434
1999-08-04,9.501103
1999-08-05,8.037701
1999-08-06,6.6913457
1999-08-07,5.988646
1999-08-08,7.882624
1999-08-09,7.6568165
1999-08-10,6.464263
1999-08-11,6.5153413
1999-08-12,7.086929
1999-08-13,9.486641
1999-08-14,8.276068
1999-08-15,5.608199
1999-08-16,5.263961
1999-08-17,5.7090964
1999-08-18,4.716054
1999-08-19,4.4415607
1999-08-20,4.2066097
1999-08-21,5.918206
1999-08-22,6.4185634
1999-08-23,4.3943796
1999-08-24,4.6215816
1999-08-25,4.55129
1999-08-26,6.9204307
1999-08-27,6.4504614
1999-08-28,3.3759449
1999-08-29,4.377232
1999-08-30,3.4293625
1999-08-31,3.1785438
1999-09-01,3.0442436
1999-09-02,2.957525
1999-09-03,3.6019235
1999-09-04,2.8242142
1999-09-05,4.3776455
1999-09-06,4.25746
1999-09-07,2.6361437
1999-09-08,2.504333
1999-09-09,2.989633
1999-09-10,2.7869234
1999-09-11,3.5934818
1999-09-12,2.2642171
1999-09-13,2.1882656
1999-09-14,2.3394141
1999-09-15,2.0478399
1999-09-16,2.3269417
1999-09-17,3.9760213
1999-09-18,3.1046243
1999-09-19,2.498513
1999-09-20,1.8397584
1999-09-21,1.8628317
1999-09-22,2.1170309
1999-09-23,1.7824317
1999-09-24,2.4872148
1999-09-25,1.7074538
1999-09-26,2.6893568
1999-09-27,3.9992054
1999-09-28,2.441473
1999-09-29,2.776469
1999-09-30,1.619263
1999-10-01,2.1289637
1999-10-02,1.5495348
1999-10-03,3.3289375
1999-10-04,3.6672165
1999-10-05,2.5389628
1999-10-06,3.010005
1999-10-07,2.0079875
1999-10-08,3.059685
1999-10-09,2.9686873
1999-10-10,3.8937256
1999-10-11,3.684626
1999-10-12,4.803809
1999-10-13,4.7804074
1999-10-14,4.095734
1999-10-15,5.6458454
1999-10-16,5.4903226
1999-10-17,3.568793
1999-10-18,3.0487633
1999-10-19,2.9186451
1999-10-20,2.799695
1999-10-21,2.8848116
1999-10-22,2.5503602
1999-10-23,2.4902225
1999-10-24,2.695778
1999-10-25,2.2983449
1999-10-26,3.0929956
1999-10-27,2.372686
1999-10-28,2.0216868
1999-10-29,2.9560838
1999-10-30,2.0625806
1999-10-31,1.8546128
1999-11-01,2.2958596
1999-11-02,2.577382
1999-11-03,1.7432408
1999-11-04,1.7282565
1999-11-05,1.646719
1999-11-06,1.5866327
1999-11-07,1.6154135
1999-11-08,1.4976865
1999-11-09,1.453379
1999-11-10,1.4309524
1999-11-11,1.4031011
1999-11-12,1.3731157
1999-11-13,1.322052
1999-11-14,1.284934
1999-11-15,1.2881619
1999-11-16,1.1938932
1999-11-17,1.155979
1999-11-18,1.2994454
1999-11-19,1.3526603
1999-11-20,1.0814539
1999-11-21,1.028518
1999-11-22,1.0118273
1999-11-23,1.8179541
1999-11-24,0.9931815
1999-11-25,0.92765194
1999-11-26,0.9069858
1999-11-27,1.0131578
1999-11-28,0.8978534
1999-11-29,1.4155989
1999-11-30,0.8113585
1999-12-01,0.7777146
1999-12-02,0.7839341
1999-12-03,0.7713061
1999-12-04,0.7389332
1999-12-05,1.2880075
1999-12-06,0.7348712
1999-12-07,0.67779696
1999-12-08,0.65972906
1999-12-09,0.6390786
1999-12-10,0.7025508
1999-12-11,1.8447027
1999-12-12,1.3464776
1999-12-13,1.1540314
1999-12-14,1.5230286
1999-12-15,0.6175325
1999-12-16,1.1426162
1999-12-17,0.8099034
1999-12-18,1.1365283
1999-12-19,1.9984034
1999-12-20,0.9634755
1999-12-21,0.5431759
1999-12-22,0.50835913
1999-12-23,0.497145
1999-12-24,0.48504376
1999-12-25,0.47392702
1999-12-26,0.4626383
1999-12-27,0.4493601
1999-12-28,0.43719044
1999-12-29,0.42479447
1999-12-30,0.42021787
1999-12-31,0.42538214
2000-01-01,0.4010558
2000-01-02,0.5492859
2000-01-03,0.5899479
2000-01-04,0.57655233
2000-01-05,0.5628748
2000-01-06,0.5433113
2000-01-07,0.52788067
2000-01-08,0.52330315
2000-01-09,0.5147875
2000-01-10,0.49094594
2000-01-11,0.47382253
2000-01-12,0.4578252
2000-01-13,0.44338804
2000-01-14,0.43562838
2000-01-15,0.43801728
2000-01-16,0.41254187
2000-01-17,0.3963178
2000-01-18,0.38333273
2000-01-19,0.37169313
2000-01-20,0.44975904
2000-01-21,0.42907774
2000-01-22,0.44634062
2000-01-23,0.35471624
2000-01-24,0.34051308
2000-01-25,0.33201256
2000-01-26,0.32156506
2000-01-27,0.3105023
2000-01-28,0.3036201
2000-01-29,0.29984447
2000-01-30,0.31161028
2000-01-31,0.31279927
2000-02-01,0.2957778
2000-02-02,0.6771982
2000-02-03,2.1759584
2000-02-04,1.439824
2000-02-05,0.30714247
2000-02-06,0.25571895
2000-02-07,0.25243136
2000-02-08,0.24136345
2000-02-09,0.22723173
2000-02-10,0.22008303
2000-02-11,0.13775262
2000-02-12,0.108305626
2000-02-13,0.10341271
2000-02-14,0.10060158
2000-02-15,0.09677418
2000-02-16,0.0943801
2000-02-17,0.09194931
2000-02-18,0.08992314
2000-02-19,0.088560775
2000-02-20,0.08230542
2000-02-21,0.033188056
2000-02-22,0.4526702
2000-02-23,0.48601538
2000-02-24,0.20952675
2000-02-25,0.15281639
2000-02-26,0.8316807
2000-02-27,0.10212778
2000-02-28,0.021235555
2000-02-29,0.4136276
2000-03-01,0.09748162
2000-03-02,1.0784527
2000-03-03,0.64709383
2000-03-04,0.05312534
2000-03-05,0.18384273
2000-03-06,0.02781121
2000-03-07,0.061742835
2000-03-08,0.049276404
2000-03-09,0.019727439
2000-03-10,0.010052656
2000-03-11,0.49251306
2000-03-12,0.5932193
2000-03-13,0.04662118
2000-03-14,0.032952994
2000-03-15,0.0009781701
2000-03-16,8.064635300000001e-22
2000-03-17,0.015007244
2000-03-18,0.0077481004
2000-03-19,0.0046191933
2000-03-20,0.030289639
2000-03-21,0.012959926
2000-03-22,0.029742923
2000-03-23,0.6080124
2000-03-24,1.591098
2000-03-25,0.08889572
2000-03-26,0.6790485
2000-03-27,0.2867302
2000-03-28,0.048577577
2000-03-29,0.044506222
2000-03-30,2.2033055
2000-03-31,2.7765043
2000-04-01,0.09265384
2000-04-02,0.016076287
2000-04-03,1.1158711
2000-04-04,2.0348577
2000-04-05,2.8069081
2000-04-06,1.2341481
2000-04-07,1.6868981
2000-04-08,1.9340726
2000-04-09,0.8703356
2000-04-10,0.20091075
2000-04-11,0.9981909
2000-04-12,4.1567526
2000-04-13,1.7248933
2000-04-14,2.4608104
2000-04-15,4.703363
2000-04-16,0.98728734
2000-04-17,5.1760726
2000-04-18,5.004581
2000-04-19,1.9225159
2000-04-20,3.1611238
2000-04-21,4.043589
2000-04-22,3.8078957
2000-04-23,3.2281394
2000-04-24,4.6705656
2000-04-25,6.9669194
2000-04-26,6.2841606
2000-04-27,8.334779
2000-04-28,6.1494107
2000-04-29,5.5449915
2000-04-30,5.9957957
2000-05-01,6.307602
2000-05-02,6.889552
2000-05-03,4.856661
2000-05-04,7.5292554
2000-05-05,7.8213863
2000-05-06,5.921699
2000-05-07,5.0639143
2000-05-08,5.074411
2000-05-09,5.0596795
2000-05-10,6.9707966
2000-05-11,6.8141546
2000-05-12,5.9830713
2000-05-13,11.05982
2000-05-14,29.56438
2000-05-15,12.176919
2000-05-16,7.7133155
2000-05-17,6.595194
2000-05-18,7.29169
2000-05-19,6.18036
2000-05-20,10.962643
2000-05-21,10.61697
2000-05-22,10.368592
2000-05-23,10.525922
2000-05-24,7.91383
2000-05-25,7.3229437
2000-05-26,10.6824465
2000-05-27,12.184847
2000-05-28,11.5857115
2000-05-29,9.646159
2000-05-30,8.939929
2000-05-31,8.0993395
2000-06-01,11.38894
2000-06-02,8.108082
2000-06-03,8.319542
2000-06-04,7.9462533
2000-06-05,10.525513
2000-06-06,7.9599524
2000-06-07,8.684186
2000-06-08,9.452106
2000-06-09,10.2344
2000-06-10,11.409758
2000-06-11,12.179931
2000-06-12,8.906053
2000-06-13,9.537
2000-06-14,8.479442
2000-06-15,6.719399
2000-06-16,6.249601
2000-06-17,7.7912507
2000-06-18,7.461371
2000-06-19,5.189486
2000-06-20,7.392143
2000-06-21,5.197832
2000-06-22,6.611486
2000-06-23,6.1431966
2000-06-24,8.112172
2000-06-25,8.68873
2000-06-26,7.4568906
2000-06-27,6.7694955
2000-06-28,6.395059
2000-06-29,5.648328
2000-06-30,5.9975104
2000-07-01,5.2437615
2000-07-02,4.873112
2000-07-03,5.0950947
2000-07-04,7.1090527
2000-07-05,6.3075275
2000-07-06,7.8591223
2000-07-07,6.1169596
2000-07-08,4.826243
2000-07-09,6.4257545
2000-07-10,5.811701
2000-07-11,5.6862516
2000-07-12,6.333468
2000-07-13,6.061061
2000-07-14,9.96362
2000-07-15,18.092636
2000-07-16,9.074254
2000-07-17,7.464811
2000-07-18,6.9329114
2000-07-19,6.711924
2000-07-20,5.9823956
2000-07-21,5.9971924
2000-07-22,5.0188293
2000-07-23,5.0598836
2000-07-24,4.407056
2000-07-25,4.557232
2000-07-26,5.2491837
2000-07-27,12.783024
2000-07-28,12.412023
2000-07-29,9.224894
2000-07-30,10.752097
2000-07-31,7.0872927
2000-08-01,7.2985024
2000-08-02,6.041304
2000-08-03,5.152529
2000-08-04,7.1879015
2000-08-05,4.931299
2000-08-06,8.759847
2000-08-07,9.748315
2000-08-08,9.090244
2000-08-09,6.1826143
2000-08-10,7.702585
2000-08-11,4.9836926
2000-08-12,4.740044
2000-08-13,7.1448655
2000-08-14,4.2360578
2000-08-15,5.4590135
2000-08-16,4.2893047
2000-08-17,5.4993925
2000-08-18,4.1565256
2000-08-19,6.0897923
2000-08-20,3.5253773
2000-08-21,3.6697786
2000-08-22,3.9213028
2000-08-23,3.0653777
2000-08-24,4.9886622
2000-08-25,5.5719275
2000-08-26,4.507475
2000-08-27,4.32366
2000-08-28,4.182898
2000-08-29,3.8976645
2000-08-30,3.626891
2000-08-31,4.931129
2000-09-01,3.242868
2000-09-02,3.1021855
2000-09-03,2.8530214
2000-09-04,3.6811845
2000-09-05,4.9544754
2000-09-06,3.151472
2000-09-07,2.5353062
2000-09-08,2.3854842
2000-09-09,2.3116663
2000-09-10,3.561024
2000-09-11,2.2758744
2000-09-12,2.741243
2000-09-13,2.5262835
2000-09-14,2.0005782
2000-09-15,4.4323096
2000-09-16,2.0189183
2000-09-17,3.019384
2000-09-18,5.0802608
2000-09-19,2.4900289
2000-09-20,2.6427147
2000-09-21,1.8951904
2000-09-22,1.8757951
2000-09-23,1.8035281
2000-09-24,2.472758
2000-09-25,3.2519257
2000-09-26,1.7281909
2000-09-27,4.0002613
2000-09-28,1.9875956
2000-09-29,2.3858147
2000-09-30,1.8890796
2000-10-01,2.874791
2000-10-02,3.5621333
2000-10-03,3.9577653
2000-10-04,3.837611
2000-10-05,2.413496
2000-10-06,3.1340969
2000-10-07,2.1315353
2000-10-08,2.2733064
2000-10-09,2.4241638
2000-10-10,2.5722668
2000-10-11,2.354641
2000-10-12,6.7984633
2000-10-13,3.391002
2000-10-14,3.022096
2000-10-15,3.3529487
2000-10-16,2.8551548
2000-10-17,4.1624928
2000-10-18,3.0805104
2000-10-19,2.6795042
2000-10-20,3.704194
2000-10-21,3.9420924
2000-10-22,7.1067357
2000-10-23,2.5631092
2000-10-24,2.3498409
2000-10-25,2.3100204
2000-10-26,2.842565
2000-10-27,3.799118
2000-10-28,3.4518344
2000-10-29,2.1651795
2000-10-30,2.4383073
2000-10-31,2.2486558
2000-11-01,2.0532377
2000-11-02,2.3984332
2000-11-03,1.9167819
2000-11-04,1.8837918
2000-11-05,1.8469319
2000-11-06,1.8327031
2000-11-07,1.7912134
2000-11-08,3.8456228
2000-11-09,1.8180081
2000-11-10,1.643232
2000-11-11,1.6089839
2000-11-12,1.5994153
2000-11-13,1.5316691
2000-11-14,1.4884522
2000-11-15,1.4431491
2000-11-16,1.450037
2000-11-17,2.2573817
2000-11-18,1.5946647
2000-11-19,2.844686
2000-11-20,2.7632976
2000-11-21,1.3889549
2000-11-22,1.3052669
2000-11-23,1.3220307
2000-11-24,1.2789048
2000-11-25,1.9745533
2000-11-26,3.8259635
2000-11-27,1.9536512
2000-11-28,1.5541825
2000-11-29,2.3452804
2000-11-30,2.3247144
2000-12-01,1.6621608
2000-12-02,1.569026
2000-12-03,1.58284
2000-12-04,1.9264501
2000-12-05,6.154072
2000-12-06,2.1741812
2000-12-07,1.9666852
2000-12-08,3.938931
2000-12-09,2.2076733
2000-12-10,3.1340506
2000-12-11,2.3427136
2000-12-12,2.2580059
2000-12-13,2.3660233
2000-12-14,2.0745144
2000-12-15,1.9989623
2000-12-16,1.9297571
2000-12-17,1.856195
2000-12-18,1.7841809
2000-12-19,1.7147065
2000-12-20,1.6466225
2000-12-21,1.5814106
2000-12-22,1.5786268
2000-12-23,1.7226887
2000-12-24,2.3951502
2000-12-25,3.1746953
2000-12-26,1.4820601
2000-12-27,1.3840832
2000-12-28,2.1319468
2000-12-29,3.8760316
2000-12-30,1.8070513
2000-12-31,2.1035304
2001-01-01,1.6710567
2001-01-02,1.6235833
2001-01-03,1.295277
2001-01-04,1.2906607
2001-01-05,1.2852904
2001-01-06,1.2661053
2001-01-07,1.2680299
2001-01-08,1.2946552
2001-01-09,1.2297311
2001-01-10,1.1854889
2001-01-11,1.1510186
2001-01-12,1.1173159
2001-01-13,1.0845408
2001-01-14,1.0541081
2001-01-15,1.1049056
2001-01-16,1.0538024
2001-01-17,2.4593587
2001-01-18,1.2098169
2001-01-19,1.63539
2001-01-20,0.98125625
2001-01-21,1.6216007
2001-01-22,1.5000337
2001-01-23,1.5055556
2001-01-24,0.8903762
2001-01-25,0.89245415
2001-01-26,2.8078544
2001-01-27,1.5090287
2001-01-28,0.83896583
2001-01-29,0.79992783
2001-01-30,0.78597796
2001-01-31,0.76230645
2001-02-01,0.7412283
2001-02-02,0.72247094
2001-02-03,0.70111305
2001-02-04,0.6821739
2001-02-05,0.6600723
2001-02-06,0.7508968
2001-02-07,1.8219814
2001-02-08,1.5701774
2001-02-09,2.1369793
2001-02-10,1.1494629
2001-02-11,1.2604836
2001-02-12,0.62900037
2001-02-13,0.600663
2001-02-14,1.195453
2001-02-15,0.58811927
2001-02-16,0.5597477
2001-02-17,0.5434099
2001-02-18,0.53199935
2001-02-19,0.51609534
2001-02-20,0.5227985
2001-02-21,0.5435654
2001-02-22,0.49227574
2001-02-23,0.47485876
2001-02-24,0.46293798
2001-02-25,0.45124412
2001-02-26,0.5111111
2001-02-27,0.44255984
2001-02-28,0.4257939
2001-03-01,0.41434062
2001-03-02,0.40553588
2001-03-03,0.39514026
2001-03-04,0.55125386
2001-03-05,0.40747747
2001-03-06,1.6741244
2001-03-07,0.42447463
2001-03-08,0.3991516
2001-03-09,1.1619449
2001-03-10,2.352422
2001-03-11,0.43416905
2001-03-12,0.3800743
2001-03-13,0.33899128
2001-03-14,0.32527834
2001-03-15,0.32179928
2001-03-16,0.33709875
2001-03-17,0.3475423
2001-03-18,1.4581617
2001-03-19,0.6907432
2001-03-20,0.31002432
2001-03-21,1.4556688
2001-03-22,0.8794669
2001-03-23,0.817493
2001-03-24,0.93766624
2001-03-25,0.31055018
2001-03-26,0.39429367
2001-03-27,1.208106
2001-03-28,0.9141025
2001-03-29,0.49297237
2001-03-30,4.866498
2001-03-31,0.49359497
2001-04-01,0.3159581
2001-04-02,0.28946507
2001-04-03,0.2865034
2001-04-04,0.29351345
2001-04-05,0.81953746
2001-04-06,0.34602615
2001-04-07,1.6872121
2001-04-08,4.2869277
2001-04-09,4.427589
2001-04-10,1.1754276
2001-04-11,0.37738404
2001-04-12,1.4321721
2001-04-13,1.129921
2001-04-14,0.7184269
2001-04-15,5.193165
2001-04-16,0.6675542
2001-04-17,4.168225
2001-04-18,5.175083
2001-04-19,2.8191178
2001-04-20,4.8316083
2001-04-21,1.0930268
2001-04-22,0.8637847
2001-04-23,0.9115743
2001-04-24,0.943944
2001-04-25,5.4922557
2001-04-26,4.121736
2001-04-27,3.9262123
2001-04-28,3.7343411
2001-04-29,3.520272
2001-04-30,4.5359716
2001-05-01,4.099074
2001-05-02,5.402109
2001-05-03,5.4430375
2001-05-04,7.7319517
2001-05-05,25.447973
2001-05-06,9.459529
2001-05-07,6.692191
2001-05-08,7.362425
2001-05-09,7.0027018
2001-05-10,9.2847595
2001-05-11,4.955881
2001-05-12,4.0298347
2001-05-13,4.894685
2001-05-14,4.463103
2001-05-15,3.8962827
2001-05-16,4.118167
2001-05-17,4.053608
2001-05-18,3.4438934
2001-05-19,4.1273003
2001-05-20,16.226295
2001-05-21,15.061477
2001-05-22,12.223788
2001-05-23,10.439832
2001-05-24,9.7318535
2001-05-25,9.305372
2001-05-26,8.621609
2001-05-27,5.88039
2001-05-28,7.439168
2001-05-29,10.876177
2001-05-30,7.405723
2001-05-31,7.4275246
2001-06-01,8.490553
2001-06-02,6.2854996
2001-06-03,8.679949
2001-06-04,7.05284
2001-06-05,5.6893888
2001-06-06,5.3899484
2001-06-07,6.484202
2001-06-08,4.9032583
2001-06-09,5.898182
2001-06-10,6.9218163
2001-06-11,9.016212
2001-06-12,5.8394017
2001-06-13,5.5775647
2001-06-14,7.693573
2001-06-15,7.9218535
2001-06-16,7.626691
2001-06-17,6.343982
2001-06-18,6.3395467
2001-06-19,6.4376893
2001-06-20,6.073432
2001-06-21,10.090827
2001-06-22,6.207378
2001-06-23,5.984647
2001-06-24,5.7925057
2001-06-25,5.5315948
2001-06-26,5.179983
2001-06-27,4.8426995
2001-06-28,4.514736
2001-06-29,5.1745133
2001-06-30,5.137732
2001-07-01,5.236088
2001-07-02,4.295818
2001-07-03,3.7986367
2001-07-04,5.0121603
2001-07-05,4.1609697
2001-07-06,4.384503
2001-07-07,8.460756
2001-07-08,3.8145058
2001-07-09,4.3047957
2001-07-10,5.1732264
2001-07-11,5.577144
2001-07-12,5.6487246
2001-07-13,3.7222168
2001-07-14,4.1994653
2001-07-15,4.0582724
2001-07-16,4.5470624
2001-07-17,4.9100647
2001-07-18,5.9196134
2001-07-19,4.7235727
2001-07-20,8.219816
2001-07-21,9.96326
2001-07-22,8.857483
2001-07-23,9.33288
2001-07-24,7.5538034
2001-07-25,5.6372576
2001-07-26,7.205138
2001-07-27,5.3286643
2001-07-28,4.9702835
2001-07-29,6.4126425
2001-07-30,4.163649
2001-07-31,3.6974738
2001-08-01,3.5401785
2001-08-02,7.361316
2001-08-03,3.9984438
2001-08-04,5.589542
2001-08-05,5.256218
2001-08-06,4.2939343
2001-08-07,3.3474002
2001-08-08,4.837638
2001-08-09,3.6778402
2001-08-10,3.6847575
2001-08-11,4.859088
2001-08-12,4.6368
2001-08-13,5.11792
2001-08-14,3.8301208
2001-08-15,4.8645444
2001-08-16,3.697041
2001-08-17,5.0540924
2001-08-18,3.748614
2001-08-19,5.31557
2001-08-20,3.3985765
2001-08-21,6.5026674
2001-08-22,3.978498
2001-08-23,3.710252
2001-08-24,3.842449
2001-08-25,4.3252673
2001-08-26,3.476867
2001-08-27,3.170949
2001-08-28,3.0403678
2001-08-29,3.3717046
2001-08-30,4.6697783
2001-08-31,2.8286374
2001-09-01,2.7857063
2001-09-02,2.8377988
2001-09-03,3.041657
2001-09-04,2.4780414
2001-09-05,3.0301335
2001-09-06,3.4552102
2001-09-07,3.5820367
2001-09-08,4.2566357
2001-09-09,4.2859087
2001-09-10,2.5508192
2001-09-11,3.0811136
2001-09-12,3.8315678
2001-09-13,2.9382975
2001-09-14,2.8241653
2001-09-15,3.5091166
2001-09-16,2.631215
2001-09-17,2.4016764
2001-09-18,2.3787284
2001-09-19,2.941328
2001-09-20,3.99113
2001-09-21,3.104462
2001-09-22,2.7515976
2001-09-23,2.8718293
2001-09-24,2.822899
2001-09-25,2.833431
2001-09-26,4.143874
2001-09-27,4.3373647
2001-09-28,2.8241332
2001-09-29,2.7795396
2001-09-30,2.9362857
2001-10-01,2.5878153
2001-10-02,2.2125387
2001-10-03,2.9065008
2001-10-04,2.0761964
2001-10-05,2.1572695
2001-10-06,1.9599249
2001-10-07,2.2779841
2001-10-08,1.835386
2001-10-09,1.7857944
2001-10-10,1.7330095
2001-10-11,1.6989282
2001-10-12,1.805164
2001-10-13,1.6428058
2001-10-14,3.4809766
2001-10-15,3.4000394
2001-10-16,1.5541339
2001-10-17,2.1019943
2001-10-18,2.2705922
2001-10-19,2.3627515
2001-10-20,2.3772361
2001-10-21,2.4341314
2001-10-22,1.5467923
2001-10-23,1.5887651
2001-10-24,1.8290629
2001-10-25,1.5565985
2001-10-26,3.84425
2001-10-27,1.5585525
2001-10-28,1.4709581
2001-10-29,1.470319
2001-10-30,1.3991362
2001-10-31,2.4347665
2001-11-01,3.4060276
2001-11-02,2.117546
2001-11-03,1.4620713
2001-11-04,1.735309
2001-11-05,3.319393
2001-11-06,3.864231
2001-11-07,1.5583175
2001-11-08,2.476496
2001-11-09,4.380133
2001-11-10,2.1428633
2001-11-11,3.2539754
2001-11-12,4.551575
2001-11-13,3.307119
2001-11-14,3.6872582
2001-11-15,3.6644633
2001-11-16,3.3397024
2001-11-17,3.9620895
2001-11-18,3.0807846
2001-11-19,3.0486271
2001-11-20,2.9707246
2001-11-21,3.0854855
2001-11-22,2.835355
2001-11-23,3.457046
2001-11-24,3.4673986
2001-11-25,2.924298
2001-11-26,3.5226517
2001-11-27,2.819743
2001-11-28,3.8815982
2001-11-29,2.7654042
2001-11-30,2.7050853
2001-12-01,2.6500719
2001-12-02,2.577939
2001-12-03,2.4827266
2001-12-04,2.4276214
2001-12-05,2.3662775
2001-12-06,2.6828663
2001-12-07,2.3504722
2001-12-08,2.64886
2001-12-09,2.2237053
2001-12-10,2.2401884
2001-12-11,3.8066788
2001-12-12,3.3738809
2001-12-13,3.2256863
2001-12-14,1.9331038
2001-12-15,1.9085294
2001-12-16,3.3994794
2001-12-17,3.9818397
2001-12-18,2.3129077
2001-12-19,3.0441675
2001-12-20,6.464413
2001-12-21,3.6811187
2001-12-22,3.3123226
2001-12-23,4.085029
2001-12-24,3.1576145
2001-12-25,4.2205606
2001-12-26,4.714207
2001-12-27,5.012644
2001-12-28,4.5777826
2001-12-29,4.5145116
2001-12-30,4.241683
2001-12-31,4.3433676
2002-01-01,3.8596492
2002-01-02,3.6623843
2002-01-03,3.4679756
2002-01-04,3.2616434
2002-01-05,3.0599914
2002-01-06,2.869332
2002-01-07,2.6914496
2002-01-08,2.516215
2002-01-09,2.3473883
2002-01-10,2.1912003
2002-01-11,2.0455275
2002-01-12,1.9155848
2002-01-13,1.7981962
2002-01-14,1.6894624
2002-01-15,1.6098136
2002-01-16,1.5058733
2002-01-17,1.4346746
2002-01-18,1.3421938
2002-01-19,1.2690668
2002-01-20,1.1953071
2002-01-21,1.2109016
2002-01-22,1.1298558
2002-01-23,1.6990824
2002-01-24,1.2249793
2002-01-25,2.375753
2002-01-26,2.5673733
2002-01-27,0.9612299
2002-01-28,0.862479
2002-01-29,0.8744205
2002-01-30,1.0179616
2002-01-31,1.6507611
2002-02-01,2.039242
2002-02-02,1.2762953
2002-02-03,1.3798134
2002-02-04,1.3028884
2002-02-05,0.71175
2002-02-06,0.7035356
2002-02-07,1.6240653
2002-02-08,0.7445948
2002-02-09,0.6354362
2002-02-10,0.6124833
2002-02-11,0.63297385
2002-02-12,0.57936543
2002-02-13,0.5588481
2002-02-14,0.5687293
2002-02-15,0.56690794
2002-02-16,0.5442684
2002-02-17,0.504942
2002-02-18,0.49865842
2002-02-19,1.0779514
2002-02-20,0.5114348
2002-02-21,0.4788977
2002-02-22,0.44957864
2002-02-23,0.44124368
2002-02-24,0.48484161
2002-02-25,0.42494416
2002-02-26,0.53644073
2002-02-27,0.41495186
2002-02-28,0.9247047
2002-03-01,0.41883472
2002-03-02,0.41440466
2002-03-03,0.4075352
2002-03-04,0.39587173
2002-03-05,0.36456975
2002-03-06,0.3527407
2002-03-07,0.34138995
2002-03-08,0.33315197
2002-03-09,0.32022396
2002-03-10,0.31012672
2002-03-11,0.30447036
2002-03-12,0.335748
2002-03-13,0.6645817
2002-03-14,0.5313154
2002-03-15,0.35991275
2002-03-16,1.1726158
2002-03-17,0.8399927
2002-03-18,1.1867955
2002-03-19,0.9799245
2002-03-20,0.95217144
2002-03-21,1.9736224
2002-03-22,4.3098283
2002-03-23,3.5006087
2002-03-24,0.95770764
2002-03-25,4.069245
2002-03-26,1.3396976
2002-03-27,1.1822561
2002-03-28,1.0856725
2002-03-29,4.290074
2002-03-30,2.4887676
2002-03-31,2.089912
2002-04-01,1.5029379
2002-04-02,2.635751
2002-04-03,2.3184261
2002-04-04,2.5943923
2002-04-05,2.125815
2002-04-06,2.1716313
2002-04-07,2.471349
2002-04-08,1.7553166
2002-04-09,2.0067248
2002-04-10,4.492628
2002-04-11,3.1873553
2002-04-12,2.4753878
2002-04-13,3.8139904
2002-04-14,4.058989
2002-04-15,6.5644164
2002-04-16,6.5339885
2002-04-17,4.2981186
2002-04-18,4.4471107
2002-04-19,4.394582
2002-04-20,8.918711
2002-04-21,4.682375
2002-04-22,6.39552
2002-04-23,4.9101963
2002-04-24,6.758435
2002-04-25,9.481518
2002-04-26,13.29528
2002-04-27,11.054877
2002-04-28,8.696688
2002-04-29,7.011377
2002-04-30,6.1182284
2002-05-01,5.648996
2002-05-02,8.484623
2002-05-03,7.6013193
2002-05-04,5.5332522
2002-05-05,5.217503
2002-05-06,4.0678368
2002-05-07,4.2559257
2002-05-08,4.61128
2002-05-09,5.7188864
2002-05-10,3.5375228
2002-05-11,5.0124598
2002-05-12,5.324389
2002-05-13,7.0013375
2002-05-14,5.1940193
2002-05-15,5.784807
2002-05-16,6.5429573
2002-05-17,7.110081
2002-05-18,9.249588
2002-05-19,22.94069
2002-05-20,15.239538
2002-05-21,10.26245
2002-05-22,8.1163845
2002-05-23,8.996683
2002-05-24,29.65182
2002-05-25,10.042408
2002-05-26,8.892354
2002-05-27,8.443782
2002-05-28,8.945201
2002-05-29,8.307942
2002-05-30,9.533405
2002-05-31,7.526562
2002-06-01,8.686804
2002-06-02,5.3911667
2002-06-03,5.955673
2002-06-04,5.924332
2002-06-05,7.7308955
2002-06-06,6.968302
2002-06-07,7.066148
2002-06-08,6.2478743
2002-06-09,9.656627
2002-06-10,8.151638
2002-06-11,6.8314376
2002-06-12,7.7317214
2002-06-13,9.016765
2002-06-14,8.399176
2002-06-15,5.6723776
2002-06-16,9.105311
2002-06-17,8.676585
2002-06-18,9.302407
2002-06-19,8.226532
2002-06-20,7.9013166
2002-06-21,8.025171
2002-06-22,9.555163
2002-06-23,12.909717
2002-06-24,8.530043
2002-06-25,8.049285
2002-06-26,7.6347227
2002-06-27,7.12428
2002-06-28,6.53161
2002-06-29,5.992274
2002-06-30,10.528072
2002-07-01,7.2058477
2002-07-02,8.283042
2002-07-03,7.747832
2002-07-04,7.62122
2002-07-05,9.482726
2002-07-06,10.267126
2002-07-07,6.7612267
2002-07-08,7.793231
2002-07-09,8.50468
2002-07-10,12.3960705
2002-07-11,12.316638
2002-07-12,10.529116
2002-07-13,8.196869
2002-07-14,8.202893
2002-07-15,7.1812196
2002-07-16,7.5611105
2002-07-17,6.7613206
2002-07-18,5.7752957
2002-07-19,4.732376
2002-07-20,4.4799433
2002-07-21,4.5158815
2002-07-22,5.6660323
2002-07-23,4.113862
2002-07-24,6.48072
2002-07-25,5.4356537
2002-07-26,30.13551
2002-07-27,8.796872
2002-07-28,6.8975115
2002-07-29,6.7311997
2002-07-30,5.4990892
2002-07-31,8.881918
2002-08-01,5.8918877
2002-08-02,5.266807
2002-08-03,4.0953965
2002-08-04,3.8703887
2002-08-05,4.0211453
2002-08-06,3.691371
2002-08-07,3.476754
2002-08-08,3.3520029
2002-08-09,6.101067
2002-08-10,5.2649493
2002-08-11,3.4721618
2002-08-12,2.9865787
2002-08-13,3.1896124
2002-08-14,3.3883128
2002-08-15,2.651049
2002-08-16,6.4887695
2002-08-17,2.7662678
2002-08-18,2.6331058
2002-08-19,2.6362226
2002-08-20,3.59776
2002-08-21,4.250191
2002-08-22,2.8475041
2002-08-23,2.9772239
2002-08-24,3.5023267
2002-08-25,2.4308097
2002-08-26,4.142959
2002-08-27,2.7528007
2002-08-28,2.7960093
2002-08-29,2.6761296
2002-08-30,2.9218524
2002-08-31,5.2385564
2002-09-01,3.4627004
2002-09-02,6.9182086
2002-09-03,7.6054006
2002-09-04,5.1550226
2002-09-05,7.7701845
2002-09-06,7.0333796
2002-09-07,5.033237
2002-09-08,4.649323
2002-09-09,4.545812
2002-09-10,4.632817
2002-09-11,4.1671634
2002-09-12,4.8333573
2002-09-13,3.3433058
2002-09-14,3.2058535
2002-09-15,2.9208298
2002-09-16,3.7270296
2002-09-17,3.8145063
2002-09-18,2.5914538
2002-09-19,3.250642
2002-09-20,2.3496766
2002-09-21,2.2200644
2002-09-22,2.1132922
2002-09-23,2.0538971
2002-09-24,2.469304
2002-09-25,1.9143795
2002-09-26,3.0119798
2002-09-27,2.6851087
2002-09-28,1.9009709
2002-09-29,1.7308745
2002-09-30,1.7023493
2002-10-01,1.6536523
2002-10-02,1.5352848
2002-10-03,2.0007873
2002-10-04,1.3577806
2002-10-05,2.642929
2002-10-06,3.3713894
2002-10-07,3.9212263
2002-10-08,4.238702
2002-10-09,1.2985692
2002-10-10,2.0452285
2002-10-11,2.1841738
2002-10-12,1.1867003
2002-10-13,4.1110153
2002-10-14,1.2298112
2002-10-15,1.8362927
2002-10-16,1.7734326
2002-10-17,2.274933
2002-10-18,1.1911311
2002-10-19,2.827363
2002-10-20,1.1419815
2002-10-21,3.0087783
2002-10-22,2.0007503
2002-10-23,2.3015773
2002-10-24,3.0284402
2002-10-25,1.6416199
2002-10-26,1.6926329
2002-10-27,1.7568532
2002-10-28,1.7440237
2002-10-29,2.2489028
2002-10-30,2.5312986
2002-10-31,6.162048
2002-11-01,2.936825
2002-11-02,1.6539114
2002-11-03,3.083252
2002-11-04,1.8849425
2002-11-05,2.6548128
2002-11-06,3.3110967
2002-11-07,5.101035
2002-11-08,3.1411083
2002-11-09,3.6658382
2002-11-10,4.1170263
2002-11-11,3.553467
2002-11-12,2.8476121
2002-11-13,7.1428275
2002-11-14,3.264611
2002-11-15,3.7942588
2002-11-16,3.1286616
2002-11-17,5.857378
2002-11-18,3.3177786
2002-11-19,3.0429604
2002-11-20,4.04342
2002-11-21,3.0641978
2002-11-22,3.0375354
2002-11-23,3.1747544
2002-11-24,4.536912
2002-11-25,5.8196626
2002-11-26,4.382722
2002-11-27,2.6830053
2002-11-28,2.5573936
2002-11-29,3.0353012
2002-11-30,3.5700648
2002-12-01,4.5893974
2002-12-02,5.623311
2002-12-03,3.1608021
2002-12-04,2.9478903
2002-12-05,2.3371623
2002-12-06,2.3092232
2002-12-07,2.2548192
2002-12-08,2.2490933
2002-12-09,2.1942654
2002-12-10,2.0761476
2002-12-11,2.0012553
2002-12-12,1.9462073
2002-12-13,1.9347335
2002-12-14,1.8126621
2002-12-15,1.769633
2002-12-16,1.705458
2002-12-17,1.8599467
2002-12-18,5.157719
2002-12-19,5.929361
2002-12-20,1.9186044
2002-12-21,1.5734979
2002-12-22,2.4628246
2002-12-23,2.6579604
2002-12-24,2.2911026
2002-12-25,1.6432403
2002-12-26,3.520038
2002-12-27,1.6522708
2002-12-28,1.717096
2002-12-29,1.7391095
2002-12-30,1.7236527
2002-12-31,1.6848787
2003-01-01,1.6407975
2003-01-02,1.5960919
2003-01-03,1.5906485
2003-01-04,1.5128907
2003-01-05,1.4587765
2003-01-06,1.4450421
2003-01-07,1.4241697
2003-01-08,1.353397
2003-01-09,1.3213372
2003-01-10,2.1121128
2003-01-11,1.7920029
2003-01-12,1.3304868
2003-01-13,1.1707464
2003-01-14,1.1224612
2003-01-15,1.0781585
2003-01-16,1.0366032
2003-01-17,0.99738115
2003-01-18,0.9659782
2003-01-19,0.93382376
2003-01-20,0.8915987
2003-01-21,0.8557594
2003-01-22,0.8186939
2003-01-23,0.78474766
2003-01-24,0.7529215
2003-01-25,0.7218609
2003-01-26,0.6979459
2003-01-27,0.7672666
2003-01-28,1.0068933
2003-01-29,0.6459176
2003-01-30,0.6109445
2003-01-31,0.5944267
2003-02-01,0.569425
2003-02-02,0.54768044
2003-02-03,1.4255728
2003-02-04,0.5656704
2003-02-05,0.5339845
2003-02-06,1.3291327
2003-02-07,0.5298177
2003-02-08,1.798213
2003-02-09,0.5332404
2003-02-10,1.8325881
2003-02-11,0.53915536
2003-02-12,2.8016074
2003-02-13,0.9318757
2003-02-14,0.4321989
2003-02-15,0.41359827
2003-02-16,0.40011433
2003-02-17,0.3868113
2003-02-18,0.3763706
2003-02-19,0.36844692
2003-02-20,0.35601553
2003-02-21,0.34543324
2003-02-22,0.3376731
2003-02-23,0.3332308
2003-02-24,1.5649959
2003-02-25,0.39468
2003-02-26,0.3719719
2003-02-27,0.31029844
2003-02-28,1.3382667
2003-03-01,1.1710235
2003-03-02,1.2510451
2003-03-03,0.33874068
2003-03-04,1.6750064
2003-03-05,0.33160803
2003-03-06,0.28031418
2003-03-07,2.0746272
2003-03-08,0.63309956
2003-03-09,0.6800345
2003-03-10,0.27626175
2003-03-11,1.1045396
2003-03-12,0.27855924
2003-03-13,2.2779796
2003-03-14,1.7865373
2003-03-15,1.2725376
2003-03-16,0.5489227
2003-03-17,1.8969377
2003-03-18,2.6760511
2003-03-19,0.32047096
2003-03-20,0.25893223
2003-03-21,0.27947342
2003-03-22,0.22871432
2003-03-23,0.21271779
2003-03-24,0.21968806
2003-03-25,0.16723211
2003-03-26,0.14988966
2003-03-27,0.58005893
2003-03-28,1.4156542
2003-03-29,0.2779948
2003-03-30,0.19514702
2003-03-31,0.20257293
2003-04-01,0.14896533
2003-04-02,0.17592083
2003-04-03,0.8772522
2003-04-04,0.56205535
2003-04-05,3.3534474
2003-04-06,0.27882528
2003-04-07,0.17133574
2003-04-08,0.22364596
2003-04-09,1.3340813
2003-04-10,0.27015245
2003-04-11,2.648015
2003-04-12,0.6914322
2003-04-13,0.3254105
2003-04-14,8.374263
2003-04-15,2.450272
2003-04-16,0.660965
2003-04-17,0.57385254
2003-04-18,0.64637476
2003-04-19,1.1406189
2003-04-20,1.4445578
2003-04-21,7.2659855
2003-04-22,1.5459926
2003-04-23,2.709065
2003-04-24,2.4853969
2003-04-25,1.688457
2003-04-26,4.5934725
2003-04-27,3.9877255
2003-04-28,4.321042
2003-04-29,2.4603739
2003-04-30,3.055506
2003-05-01,3.6624851
2003-05-02,5.4869494
2003-05-03,4.1282516
2003-05-04,4.7565217
2003-05-05,6.8696556
2003-05-06,6.918044
2003-05-07,7.1696477
2003-05-08,5.0626283
2003-05-09,6.0409865
2003-05-10,9.912416
2003-05-11,8.44257
2003-05-12,8.165805
2003-05-13,9.149335
2003-05-14,8.177341
2003-05-15,7.1047244
2003-05-16,8.176999
2003-05-17,7.207573
2003-05-18,11.841065
2003-05-19,9.490739
2003-05-20,11.584392
2003-05-21,8.608004
2003-05-22,7.554743
2003-05-23,7.1927633
2003-05-24,8.229542
2003-05-25,6.4450784
2003-05-26,7.2631826
2003-05-27,6.7771792
2003-05-28,10.717237
2003-05-29,9.882528
2003-05-30,10.902659
2003-05-31,12.496602
2003-06-01,10.717128
2003-06-02,9.52922
2003-06-03,9.566493
2003-06-04,7.3038206
2003-06-05,8.58831
2003-06-06,7.029494
2003-06-07,11.833686
2003-06-08,7.6073976
2003-06-09,6.1283946
2003-06-10,6.472354
2003-06-11,5.911357
2003-06-12,5.3980293
2003-06-13,9.482604
2003-06-14,6.7011924
2003-06-15,7.071797
2003-06-16,6.07472
2003-06-17,6.3748603
2003-06-18,4.95756
2003-06-19,4.633614
2003-06-20,5.2889996
2003-06-21,4.859581
2003-06-22,6.271622
2003-06-23,6.0531936
2003-06-24,6.3505116
2003-06-25,8.085826
2003-06-26,9.55347
2003-06-27,7.9707937
2003-06-28,8.301902
2003-06-29,8.334251
2003-06-30,6.850186
2003-07-01,7.026393
2003-07-02,5.8815002
2003-07-03,4.905553
2003-07-04,4.6875815
2003-07-05,5.6741014
2003-07-06,4.40374
2003-07-07,4.1687937
2003-07-08,4.326544
2003-07-09,4.7328825
2003-07-10,6.326695
2003-07-11,4.4269004
2003-07-12,5.057115
2003-07-13,5.0713463
2003-07-14,17.910835
2003-07-15,9.992125
2003-07-16,7.599624
2003-07-17,7.2963357
2003-07-18,7.496922
2003-07-19,7.4137425
2003-07-20,6.0353465
2003-07-21,6.920333
2003-07-22,6.618422
2003-07-23,7.0304847
2003-07-24,5.4145045
2003-07-25,8.812609
2003-07-26,5.492262
2003-07-27,6.4654007
2003-07-28,5.3898787
2003-07-29,6.0563855
2003-07-30,4.9589305
2003-07-31,13.055726
2003-08-01,9.341227
2003-08-02,39.542385
2003-08-03,18.290974
2003-08-04,9.353906
2003-08-05,7.356965
2003-08-06,5.6627803
2003-08-07,4.9148107
2003-08-08,5.590127
2003-08-09,6.290384
2003-08-10,7.745446
2003-08-11,4.6540294
2003-08-12,4.761157
2003-08-13,3.329019
2003-08-14,4.7134233
2003-08-15,3.2053473
2003-08-16,3.0086882
2003-08-17,4.0286946
2003-08-18,3.4612365
2003-08-19,5.1827497
2003-08-20,5.262389
2003-08-21,3.8237724
2003-08-22,6.1553874
2003-08-23,4.296188
2003-08-24,3.7812665
2003-08-25,4.3000884
2003-08-26,4.7365413
2003-08-27,4.479687
2003-08-28,4.5651026
2003-08-29,6.0143495
2003-08-30,4.374117
2003-08-31,7.0420637
2003-09-01,5.683932
2003-09-02,5.4687033
2003-09-03,6.288952
2003-09-04,6.360677
2003-09-05,5.110015
2003-09-06,4.271768
2003-09-07,4.7020144
2003-09-08,4.132674
2003-09-09,4.539039
2003-09-10,3.873674
2003-09-11,4.0073185
2003-09-12,3.3740053
2003-09-13,3.1121628
2003-09-14,4.125409
2003-09-15,4.285708
2003-09-16,3.824057
2003-09-17,3.3060675
2003-09-18,3.3158486
2003-09-19,3.4550788
2003-09-20,2.81459
2003-09-21,4.667807
2003-09-22,2.9300528
2003-09-23,3.6426058
2003-09-24,3.7410204
2003-09-25,3.5733624
2003-09-26,2.7286835
2003-09-27,3.6062193
2003-09-28,2.6982992
2003-09-29,4.0017366
2003-09-30,3.6373057
2003-10-01,2.9964342
2003-10-02,2.3251774
2003-10-03,2.2338562
2003-10-04,2.5223598
2003-10-05,7.379977
2003-10-06,6.8804893
2003-10-07,2.8086061
2003-10-08,2.634847
2003-10-09,3.145428
2003-10-10,3.4335124
2003-10-11,3.8329828
2003-10-12,3.7482336
2003-10-13,3.6579483
2003-10-14,3.278491
2003-10-15,3.6765866
2003-10-16,3.9272141
2003-10-17,3.2041
2003-10-18,3.3400233
2003-10-19,3.249458
2003-10-20,5.397899
2003-10-21,7.9347687
2003-10-22,3.4471784
2003-10-23,3.4646826
2003-10-24,3.3119943
2003-10-25,3.286558
2003-10-26,3.8075845
2003-10-27,3.2693827
2003-10-28,3.0002027
2003-10-29,4.6232214
2003-10-30,2.8349633
2003-10-31,3.6046
2003-11-01,2.6826313
2003-11-02,2.56928
2003-11-03,2.7854905
2003-11-04,2.8479707
2003-11-05,3.5330017
2003-11-06,2.4145064
2003-11-07,2.327203
2003-11-08,3.2425947
2003-11-09,3.886569
2003-11-10,2.2222931
2003-11-11,2.1604376
2003-11-12,2.519436
2003-11-13,2.0625365
2003-11-14,2.4097362
2003-11-15,4.4244156
2003-11-16,2.4367583
2003-11-17,1.8660716
2003-11-18,1.8815267
2003-11-19,1.9650654
2003-11-20,3.4321227
2003-11-21,1.737184
2003-11-22,1.6722101
2003-11-23,2.4397414
2003-11-24,1.8000664
2003-11-25,1.5680299
2003-11-26,2.421005
2003-11-27,2.4317315
2003-11-28,1.6645238
2003-11-29,4.9443665
2003-11-30,1.5108635
2003-12-01,1.4102858
2003-12-02,1.717788
2003-12-03,2.1367705
2003-12-04,1.3420568
2003-12-05,1.3477274
2003-12-06,1.7610481
2003-12-07,1.2959268
2003-12-08,1.2823672
2003-12-09,1.2191137
2003-12-10,1.859995
2003-12-11,3.5240548
2003-12-12,2.0682838
2003-12-13,1.2552013
2003-12-14,4.5124397
2003-12-15,3.5809243
2003-12-16,1.2182755
2003-12-17,1.1466434
2003-12-18,3.169766
2003-12-19,1.2947327
2003-12-20,2.0709054
2003-12-21,1.5708278
2003-12-22,1.7113628
2003-12-23,2.4045365
2003-12-24,1.7353764
2003-12-25,1.6895323
2003-12-26,1.887242
2003-12-27,3.3338637
2003-12-28,1.6686394
2003-12-29,1.5783315
2003-12-30,1.5452379
2003-12-31,1.5011407
2004-01-01,1.4539381
2004-01-02,1.4221017
2004-01-03,1.4179325
2004-01-04,1.4153781
2004-01-05,1.4763021
2004-01-06,2.1194675
2004-01-07,2.8982947
2004-01-08,3.3971565
2004-01-09,1.4288759
2004-01-10,1.3852832
2004-01-11,1.2025418
2004-01-12,1.6340448
2004-01-13,1.1640327
2004-01-14,1.1113573
2004-01-15,1.0748826
2004-01-16,1.0420759
2004-01-17,1.0103613
2004-01-18,0.98464227
2004-01-19,0.9530645
2004-01-20,0.9266735
2004-01-21,0.890929
2004-01-22,0.8591157
2004-01-23,0.8273896
2004-01-24,0.79542416
2004-01-25,0.7649632
2004-01-26,0.73572874
2004-01-27,0.70653594
2004-01-28,0.67901784
2004-01-29,0.653243
2004-01-30,0.6272232
2004-01-31,0.6017176
2004-02-01,0.5779549
2004-02-02,0.55580896
2004-02-03,0.5373446
2004-02-04,0.5200324
2004-02-05,0.4970593
2004-02-06,0.4779534
2004-02-07,0.46165147
2004-02-08,0.445646
2004-02-09,0.42875823
2004-02-10,0.4110639
2004-02-11,0.39559025
2004-02-12,0.38077214
2004-02-13,0.36666432
2004-02-14,0.35508287
2004-02-15,0.34654945
2004-02-16,0.3300482
2004-02-17,0.3198012
2004-02-18,0.3061244
2004-02-19,0.29689538
2004-02-20,0.28485775
2004-02-21,0.2745209
2004-02-22,0.2740127
2004-02-23,0.28255254
2004-02-24,1.2101218
2004-02-25,0.3975916
2004-02-26,0.26631653
2004-02-27,0.24726298
2004-02-28,0.5260417
2004-02-29,1.6619551
2004-03-01,0.65158683
2004-03-02,3.5508838
2004-03-03,0.9153626
2004-03-04,0.75302887
2004-03-05,0.2702294
2004-03-06,0.21483265
2004-03-07,0.21061882
2004-03-08,0.23434712
2004-03-09,0.2772854
2004-03-10,0.16992375
2004-03-11,0.4742014
2004-03-12,6.5845437
2004-03-13,0.5337784
2004-03-14,0.051717576
2004-03-15,0.10586329
2004-03-16,2.0969307
2004-03-17,0.1368199
2004-03-18,1.1541301
2004-03-19,0.058882285
2004-03-20,0.008677432
2004-03-21,0.0104048895
2004-03-22,1.0464085
2004-03-23,1.1746453
2004-03-24,0.10645593
2004-03-25,0.843422
2004-03-26,0.10154094
2004-03-27,0.74974954
2004-03-28,0.7795149
2004-03-29,2.6813443
2004-03-30,0.6047641
2004-03-31,0.052168194
2004-04-01,0.044871468
2004-04-02,0.70960474
2004-04-03,1.3299953
2004-04-04,0.9895287
2004-04-05,0.04819979
2004-04-06,0.1516476
2004-04-07,1.12346
2004-04-08,0.11375873
2004-04-09,3.4016511
2004-04-10,0.76240855
2004-04-11,0.17771463
2004-04-12,0.027768994
2004-04-13,0.053996988
2004-04-14,0.06551268
2004-04-15,1.2549403
2004-04-16,0.5520635
2004-04-17,0.39643982
2004-04-18,2.7793794
2004-04-19,1.4706264
2004-04-20,2.5566182
2004-04-21,2.494443
2004-04-22,2.3384907
2004-04-23,3.116674
2004-04-24,3.3961382
2004-04-25,0.95001537
2004-04-26,0.64246726
2004-04-27,0.55983603
2004-04-28,1.6581527
2004-04-29,0.78905463
2004-04-30,1.730972
2004-05-01,3.2651212
2004-05-02,8.041195
2004-05-03,3.8394792
2004-05-04,4.4446635
2004-05-05,4.4928317
2004-05-06,7.509533
2004-05-07,6.943432
2004-05-08,15.332683
2004-05-09,11.131634
2004-05-10,9.309081
2004-05-11,7.969262
2004-05-12,7.6609178
2004-05-13,6.963876
2004-05-14,6.998919
2004-05-15,5.5580387
2004-05-16,5.954826
2004-05-17,8.557322
2004-05-18,34.132454
2004-05-19,11.400291
2004-05-20,8.95663
2004-05-21,9.138557
2004-05-22,12.139941
2004-05-23,10.896829
2004-05-24,13.29699
2004-05-25,11.780245
2004-05-26,7.9686604
2004-05-27,7.3915296
2004-05-28,9.462934
2004-05-29,6.4733257
2004-05-30,7.5380383
2004-05-31,9.611798
2004-06-01,7.3864307
2004-06-02,6.993971
2004-06-03,9.008169
2004-06-04,6.397724
2004-06-05,7.994223
2004-06-06,11.0772295
2004-06-07,9.852506
2004-06-08,10.771579
2004-06-09,7.687391
2004-06-10,10.602821
2004-06-11,6.310794
2004-06-12,5.5903955
2004-06-13,8.76205
2004-06-14,9.943031
2004-06-15,8.915379
2004-06-16,6.420379
2004-06-17,6.162162
2004-06-18,6.384209
2004-06-19,6.1739798
2004-06-20,6.9018984
2004-06-21,6.3995204
2004-06-22,5.8673954
2004-06-23,5.905366
2004-06-24,5.8382735
2004-06-25,9.579514
2004-06-26,5.7482266
2004-06-27,7.1598587
2004-06-28,8.368976
2004-06-29,12.508508
2004-06-30,13.499597
2004-07-01,24.12825
2004-07-02,11.152401
2004-07-03,7.6902957
2004-07-04,7.5261884
2004-07-05,6.790486
2004-07-06,6.527482
2004-07-07,4.371281
2004-07-08,4.421453
2004-07-09,3.7092092
2004-07-10,3.710622
2004-07-11,3.2303112
2004-07-12,3.144214
2004-07-13,3.5587108
2004-07-14,2.8904016
2004-07-15,2.6665215
2004-07-16,4.030503
2004-07-17,3.8051062
2004-07-18,2.5637145
2004-07-19,3.2177887
2004-07-20,2.6555364
2004-07-21,2.2736921
2004-07-22,3.1741092
2004-07-23,2.5003908
2004-07-24,2.8422282
2004-07-25,2.3341804
2004-07-26,3.0692844
2004-07-27,5.8877797
2004-07-28,5.2265706
2004-07-29,2.3485472
2004-07-30,2.8930335
2004-07-31,1.9466335
2004-08-01,2.07276
2004-08-02,3.5622568
2004-08-03,3.3493624
2004-08-04,2.879051
2004-08-05,3.1912906
2004-08-06,3.266209
2004-08-07,4.03334
2004-08-08,4.5933375
2004-08-09,3.3291795
2004-08-10,3.5277915
2004-08-11,3.2292805
2004-08-12,3.5108082
2004-08-13,3.300039
2004-08-14,3.3333642
2004-08-15,5.5456505
2004-08-16,4.0899086
2004-08-17,3.0915878
2004-08-18,4.9528103
2004-08-19,5.133175
2004-08-20,5.1467648
2004-08-21,5.2330246
2004-08-22,4.519266
2004-08-23,4.744149
2004-08-24,3.4578998
2004-08-25,4.462159
2004-08-26,3.4103596
2004-08-27,3.0488434
2004-08-28,2.9300652
2004-08-29,3.3501327
2004-08-30,4.7891636
2004-08-31,2.9868622
2004-09-01,5.8073406
2004-09-02,3.1892805
2004-09-03,2.4152632
2004-09-04,4.0977745
2004-09-05,4.651733
2004-09-06,2.7898295
2004-09-07,2.5153813
2004-09-08,2.513429
2004-09-09,2.592627
2004-09-10,2.652704
2004-09-11,4.6470637
2004-09-12,2.4517305
2004-09-13,3.952211
2004-09-14,3.656592
2004-09-15,2.6487303
2004-09-16,2.3109086
2004-09-17,2.234829
2004-09-18,2.164409
2004-09-19,2.6490254
2004-09-20,2.2059104
2004-09-21,2.7776756
2004-09-22,1.9895742
2004-09-23,1.93898
2004-09-24,4.0303226
2004-09-25,4.4812484
2004-09-26,3.176982
2004-09-27,4.7132063
2004-09-28,2.6371827
2004-09-29,3.6634223
2004-09-30,1.6749624
2004-10-01,2.1873212
2004-10-02,2.2264855
2004-10-03,3.3952937
2004-10-04,2.1563299
2004-10-05,3.7895858
2004-10-06,2.960637
2004-10-07,2.1641407
2004-10-08,3.4964302
2004-10-09,4.3428907
2004-10-10,2.2459745
2004-10-11,2.2547197
2004-10-12,2.2829707
2004-10-13,2.1907866
2004-10-14,2.124799
2004-10-15,2.2584314
2004-10-16,1.9961777
2004-10-17,2.9841921
2004-10-18,2.512966
2004-10-19,1.8302649
2004-10-20,1.7747498
2004-10-21,2.9171028
2004-10-22,2.8137481
2004-10-23,2.6122515
2004-10-24,1.6800817
2004-10-25,1.8736945
2004-10-26,1.6125526
2004-10-27,1.4852796
2004-10-28,1.4368813
2004-10-29,2.5539412
2004-10-30,1.4143181
2004-10-31,1.3868037
2004-11-01,1.3382959
2004-11-02,4.039387
2004-11-03,1.5264108
2004-11-04,1.6601223
2004-11-05,2.6137683
2004-11-06,2.596543
2004-11-07,2.3052552
2004-11-08,4.649413
2004-11-09,1.3084235
2004-11-10,1.2338709
2004-11-11,1.4525775
2004-11-12,1.7403653
2004-11-13,1.2538577
2004-11-14,2.366433
2004-11-15,2.968968
2004-11-16,2.2279098
2004-11-17,1.2210311
2004-11-18,5.0165267
2004-11-19,1.9733833
2004-11-20,2.068274
2004-11-21,2.0378127
2004-11-22,2.6747277
2004-11-23,1.6420159
2004-11-24,2.0174677
2004-11-25,4.1358943
2004-11-26,3.2086217
2004-11-27,2.977581
2004-11-28,2.0996985
2004-11-29,2.167572
2004-11-30,2.1569247
2004-12-01,2.1927052
2004-12-02,2.248126
2004-12-03,2.7035236
2004-12-04,3.413338
2004-12-05,2.1335654
2004-12-06,5.125961
2004-12-07,4.853485
2004-12-08,4.402893
2004-12-09,2.9882612
2004-12-10,2.86865
2004-12-11,2.8429818
2004-12-12,3.1584659
2004-12-13,4.6110725
2004-12-14,2.7289472
2004-12-15,3.3236933
2004-12-16,3.1838176
2004-12-17,2.5644324
2004-12-18,2.3576589
2004-12-19,2.2684398
2004-12-20,2.4285257
2004-12-21,2.7063854
2004-12-22,2.1428585
2004-12-23,2.0419579
2004-12-24,3.0073125
2004-12-25,1.9575047
2004-12-26,1.8606194
2004-12-27,1.7895476
2004-12-28,1.7210042
2004-12-29,1.6641839
2004-12-30,1.6045083
2004-12-31,1.5524051
2005-01-01,1.5303028
2005-01-02,1.7058617
2005-01-03,1.6803622
2005-01-04,1.8658763
2005-01-05,3.527452
2005-01-06,2.1228743
2005-01-07,1.2972797
2005-01-08,1.3114564
2005-01-09,1.6102251
2005-01-10,1.4177758
2005-01-11,1.2208
2005-01-12,1.9004887
2005-01-13,1.5652409
2005-01-14,1.3828005
2005-01-15,1.2229751
2005-01-16,1.1850513
2005-01-17,1.2066092
2005-01-18,1.1837085
2005-01-19,1.1665616
2005-01-20,1.1408198
2005-01-21,1.1128151
2005-01-22,1.0841621
2005-01-23,1.0592593
2005-01-24,1.111918
2005-01-25,2.094998
2005-01-26,1.0434251
2005-01-27,0.9806312
2005-01-28,0.9558585
2005-01-29,1.0010893
2005-01-30,1.8674643
2005-01-31,0.9241153
2005-02-01,0.8780641
2005-02-02,1.4484302
2005-02-03,1.7122128
2005-02-04,1.0933102
2005-02-05,0.8393237
2005-02-06,1.0781081
2005-02-07,3.8634684
2005-02-08,0.89363503
2005-02-09,2.27081
2005-02-10,2.1047328
2005-02-11,1.1663241
2005-02-12,4.4038267
2005-02-13,1.0851874
2005-02-14,0.8222213
2005-02-15,0.8362503
2005-02-16,0.8108643
2005-02-17,0.8106771
2005-02-18,0.79887396
2005-02-19,0.7778619
2005-02-20,0.8704086
2005-02-21,0.7508966
2005-02-22,0.7388145
2005-02-23,0.7265367
2005-02-24,0.7100644
2005-02-25,0.6936185
2005-02-26,0.6790038
2005-02-27,0.67904097
2005-02-28,0.704675
2005-03-01,0.66887784
2005-03-02,0.6271456
2005-03-03,0.7189639
2005-03-04,0.85044086
2005-03-05,0.8307432
2005-03-06,0.5904467
2005-03-07,0.60031813
2005-03-08,0.57146645
2005-03-09,0.5542137
2005-03-10,0.5359227
2005-03-11,0.5205248
2005-03-12,0.5105961
2005-03-13,0.49682862
2005-03-14,0.47675267
2005-03-15,0.46468782
2005-03-16,0.4657492
2005-03-17,1.0590842
2005-03-18,0.9562371
2005-03-19,1.197111
2005-03-20,1.1447219
2005-03-21,0.42236197
2005-03-22,0.41348806
2005-03-23,0.38085765
2005-03-24,1.7225175
2005-03-25,2.818464
2005-03-26,2.147493
2005-03-27,1.0899317
2005-03-28,0.64797735
2005-03-29,0.35536447
2005-03-30,1.1780496
2005-03-31,0.36299267
2005-04-01,0.90346503
2005-04-02,1.0945609
2005-04-03,0.46286047
2005-04-04,0.7054478
2005-04-05,1.9888365
2005-04-06,0.92384166
2005-04-07,0.92340416
2005-04-08,1.2280829
2005-04-09,2.8072205
2005-04-10,2.713448
2005-04-11,2.1651676
2005-04-12,0.8863377
2005-04-13,2.401254
2005-04-14,2.0162358
2005-04-15,2.573698
2005-04-16,2.1089163
2005-04-17,0.9021847
2005-04-18,2.9652987
2005-04-19,2.3044882
2005-04-20,1.1003971
2005-04-21,2.8797503
2005-04-22,1.4297334
2005-04-23,1.3746889
2005-04-24,1.4161818
2005-04-25,1.4326458
2005-04-26,1.7049546
2005-04-27,1.5976608
2005-04-28,4.028906
2005-04-29,1.5219994
2005-04-30,1.4720063
2005-05-01,2.1938765
2005-05-02,1.6450511
2005-05-03,5.976872
2005-05-04,1.7843223
2005-05-05,5.7946215
2005-05-06,3.5568805
2005-05-07,2.0410986
2005-05-08,2.1737056
2005-05-09,2.3549452
2005-05-10,4.817356
2005-05-11,3.439894
2005-05-12,4.063433
2005-05-13,5.100769
2005-05-14,5.2745643
2005-05-15,4.272306
2005-05-16,6.5307293
2005-05-17,8.079199
2005-05-18,6.034357
2005-05-19,6.6371775
2005-05-20,5.236191
2005-05-21,4.9748187
2005-05-22,5.0617223
2005-05-23,7.8355665
2005-05-24,5.2506347
2005-05-25,4.0881715
2005-05-26,3.9008217
2005-05-27,4.6952386
2005-05-28,7.1258593
2005-05-29,4.0615773
2005-05-30,3.4465852
2005-05-31,4.4379873
2005-06-01,4.8416615
2005-06-02,3.6295924
2005-06-03,5.061588
2005-06-04,5.561923
2005-06-05,4.5373
2005-06-06,5.697517
2005-06-07,11.306297
2005-06-08,8.892857
2005-06-09,7.0685296
2005-06-10,9.396481
2005-06-11,7.3342433
2005-06-12,6.476161
2005-06-13,8.810775
2005-06-14,5.832756
2005-06-15,5.388924
2005-06-16,6.8432426
2005-06-17,4.746529
2005-06-18,5.197892
2005-06-19,5.2417235
2005-06-20,7.360722
2005-06-21,8.22965
2005-06-22,5.922821
2005-06-23,5.2716074
2005-06-24,5.169537
2005-06-25,5.1936646
2005-06-26,5.28066
2005-06-27,7.021363
2005-06-28,5.5788164
2005-06-29,4.630975
2005-06-30,4.8493257
2005-07-01,6.1145344
2005-07-02,7.362082
2005-07-03,4.226706
2005-07-04,5.4168873
2005-07-05,4.8062224
2005-07-06,3.8793068
2005-07-07,3.8849347
2005-07-08,4.072024
2005-07-09,4.57664
2005-07-10,3.3950179
2005-07-11,3.324714
2005-07-12,4.4142075
2005-07-13,5.429836
2005-07-14,3.695938
2005-07-15,4.4958453
2005-07-16,3.2492678
2005-07-17,8.120026
2005-07-18,4.005904
2005-07-19,5.142094
2005-07-20,5.0102406
2005-07-21,4.708259
2005-07-22,6.5406814
2005-07-23,5.230825
2005-07-24,5.3273306
2005-07-25,7.0353546
2005-07-26,4.936411
2005-07-27,6.275345
2005-07-28,5.819043
2005-07-29,8.264664
2005-07-30,6.704573
2005-07-31,5.5430183
2005-08-01,9.218063
2005-08-02,5.2518406
2005-08-03,7.8240523
2005-08-04,5.1716905
2005-08-05,5.811826
2005-08-06,5.5132422
2005-08-07,4.325925
2005-08-08,5.4270334
2005-08-09,4.1617007
2005-08-10,7.7305417
2005-08-11,5.6651025
2005-08-12,4.0805345
2005-08-13,4.0194025
2005-08-14,4.143272
2005-08-15,10.060213
2005-08-16,7.2004676
2005-08-17,8.062849
2005-08-18,6.9722524
2005-08-19,6.589076
2005-08-20,5.3472643
2005-08-21,5.0736656
2005-08-22,4.6752424
2005-08-23,4.300904
2005-08-24,4.010883
2005-08-25,5.8225455
2005-08-26,4.544684
2005-08-27,3.3177426
2005-08-28,4.4223785
2005-08-29,4.881141
2005-08-30,2.9105394
2005-08-31,3.4567792
2005-09-01,2.6622744
2005-09-02,2.6831522
2005-09-03,3.0713153
2005-09-04,3.4255664
2005-09-05,3.8356407
2005-09-06,2.8394318
2005-09-07,2.1934059
2005-09-08,2.156634
2005-09-09,3.2956326
2005-09-10,3.9064364
2005-09-11,2.0049715
2005-09-12,2.2799566
2005-09-13,2.220412
2005-09-14,1.9117928
2005-09-15,1.7306601
2005-09-16,2.4440556
2005-09-17,2.1476657
2005-09-18,1.6424326
2005-09-19,1.6179905
2005-09-20,3.257032
2005-09-21,5.094393
2005-09-22,1.7403587
2005-09-23,1.6541876
2005-09-24,1.6546135
2005-09-25,1.6646372
2005-09-26,1.6753587
2005-09-27,1.640857
2005-09-28,1.7573082
2005-09-29,2.9590476
2005-09-30,1.6498723
2005-10-01,1.6229063
2005-10-02,1.1738297
2005-10-03,1.1034383
2005-10-04,1.0259075
2005-10-05,1.2405244
2005-10-06,0.97499764
2005-10-07,0.9633664
2005-10-08,1.8380011
2005-10-09,1.5071477
2005-10-10,3.5539737
2005-10-11,2.7088165
2005-10-12,1.2317544
2005-10-13,0.9937749
2005-10-14,1.000894
2005-10-15,1.4443727
2005-10-16,2.9796815
2005-10-17,1.0719168
2005-10-18,1.0093603
2005-10-19,2.9155993
2005-10-20,1.7032068
2005-10-21,1.293242
2005-10-22,1.022968
2005-10-23,0.9721564
2005-10-24,1.390144
2005-10-25,2.1235282
2005-10-26,1.2799376
2005-10-27,0.9137372
2005-10-28,0.9091284
2005-10-29,1.8061748
2005-10-30,1.3915979
2005-10-31,1.1828258
2005-11-01,3.8371136
2005-11-02,1.2455556
2005-11-03,0.9699239
2005-11-04,3.5093112
2005-11-05,2.7205565
2005-11-06,1.9790568
2005-11-07,1.5071172
2005-11-08,1.5711453
2005-11-09,5.0932035
2005-11-10,3.14034
2005-11-11,2.3013606
2005-11-12,2.791362
2005-11-13,2.7143877
2005-11-14,4.4839015
2005-11-15,2.7906837
2005-11-16,2.6768198
2005-11-17,2.6696084
2005-11-18,2.5947025
2005-11-19,3.502594
2005-11-20,3.9660134
2005-11-21,2.5084379
2005-11-22,2.8723173
2005-11-23,2.7861896
2005-11-24,4.385625
2005-11-25,2.9443603
2005-11-26,2.3369606
2005-11-27,2.2164772
2005-11-28,2.1419291
2005-11-29,2.0838192
2005-11-30,2.0148067
2005-12-01,1.9439874
2005-12-02,2.8529284
2005-12-03,3.8416893
2005-12-04,3.3602154
2005-12-05,2.8896925
2005-12-06,2.5478752
2005-12-07,1.7406673
2005-12-08,1.688956
2005-12-09,1.6257961
2005-12-10,1.5744628
2005-12-11,2.4226642
2005-12-12,3.3111303
2005-12-13,1.5600659
2005-12-14,1.4832373
2005-12-15,3.6263223
2005-12-16,1.7860538
2005-12-17,1.8309728
2005-12-18,2.2954319
2005-12-19,1.5693933
2005-12-20,1.5354655
2005-12-21,1.5340897
2005-12-22,1.5937073
2005-12-23,1.5646104
2005-12-24,2.819178
2005-12-25,1.5795147
2005-12-26,2.0610058
2005-12-27,1.7858738
2005-12-28,1.4332469
2005-12-29,1.385122
2005-12-30,1.349747
2005-12-31,1.3216326
2006-01-01,1.2841676
2006-01-02,1.2461954
2006-01-03,1.2383324
2006-01-04,1.3024063
2006-01-05,3.1437836
2006-01-06,2.1273308
2006-01-07,3.087529
2006-01-08,2.2776518
2006-01-09,3.473084
2006-01-10,1.2260594
2006-01-11,1.154308
2006-01-12,1.7490282
2006-01-13,1.1172861
2006-01-14,1.0877347
2006-01-15,1.1031809
2006-01-16,1.0919976
2006-01-17,1.768159
2006-01-18,3.2805736
2006-01-19,3.486219
2006-01-20,1.1031003
2006-01-21,1.01187
2006-01-22,1.0061725
2006-01-23,0.99956304
2006-01-24,3.0557857
2006-01-25,2.1254354
2006-01-26,1.9087006
2006-01-27,1.6886547
2006-01-28,1.4243776
2006-01-29,4.905027
2006-01-30,2.459929
2006-01-31,4.4597864
2006-02-01,7.765689
2006-02-02,4.3366904
2006-02-03,10.578442
2006-02-04,6.4775705
2006-02-05,5.518733
2006-02-06,5.4172964
2006-02-07,5.706689
2006-02-08,4.7834473
2006-02-09,4.38171
2006-02-10,4.027146
2006-02-11,3.9944813
2006-02-12,4.9107084
2006-02-13,3.6588833
2006-02-14,3.098783
2006-02-15,2.8730927
2006-02-16,2.6704097
2006-02-17,2.4928102
2006-02-18,2.3440967
2006-02-19,2.8562617
2006-02-20,2.1024523
2006-02-21,1.9540932
2006-02-22,1.8348577
2006-02-23,1.8158903
2006-02-24,1.6665612
2006-02-25,2.3543465
2006-02-26,1.5319933
2006-02-27,1.4388169
2006-02-28,3.0935318
2006-03-01,2.2488003
2006-03-02,2.9936454
2006-03-03,2.2622395
2006-03-04,1.2108264
2006-03-05,1.1745021
2006-03-06,1.1212945
2006-03-07,1.5802798
2006-03-08,2.2742188
2006-03-09,3.4319026
2006-03-10,1.5567826
2006-03-11,1.0244488
2006-03-12,4.0854063
2006-03-13,1.8200016
2006-03-14,0.9556733
2006-03-15,0.91574657
2006-03-16,1.4633338
2006-03-17,2.2036035
2006-03-18,1.5075315
2006-03-19,1.0060011
2006-03-20,0.9638543
2006-03-21,1.8115822
2006-03-22,0.9737807
2006-03-23,4.38022
2006-03-24,2.0245168
2006-03-25,2.4876394
2006-03-26,2.45122
2006-03-27,1.9551513
2006-03-28,3.3796122
2006-03-29,3.12266
2006-03-30,2.0874004
2006-03-31,2.1360848
2006-04-01,2.2947445
2006-04-02,2.2920682
2006-04-03,4.4133224
2006-04-04,3.8027177
2006-04-05,2.0416164
2006-04-06,3.3521876
2006-04-07,3.1058517
2006-04-08,1.8990519
2006-04-09,2.1942024
2006-04-10,1.792807
2006-04-11,1.7084926
2006-04-12,1.733909
2006-04-13,1.6852477
2006-04-14,2.8613641
2006-04-15,3.920662
2006-04-16,1.7218721
2006-04-17,2.0625048
2006-04-18,2.9298503
2006-04-19,3.6739092
2006-04-20,6.2144523
2006-04-21,1.8299887
2006-04-22,1.9118495
2006-04-23,2.8763134
2006-04-24,5.075321
2006-04-25,2.5545888
2006-04-26,3.4180834
2006-04-27,3.6662407
2006-04-28,3.1568966
2006-04-29,3.3883348
2006-04-30,3.9246442
2006-05-01,4.839048
2006-05-02,6.137121
2006-05-03,5.956886
2006-05-04,10.711637
2006-05-05,9.569816
2006-05-06,10.796475
2006-05-07,20.997744
2006-05-08,14.176609
2006-05-09,11.0110035
2006-05-10,9.553641
2006-05-11,12.765223
2006-05-12,7.9232254
2006-05-13,7.143975
2006-05-14,6.425827
2006-05-15,6.935335
2006-05-16,5.3746862
2006-05-17,6.692313
2006-05-18,5.234255
2006-05-19,6.990377
2006-05-20,4.2651634
2006-05-21,3.9649055
2006-05-22,3.7523847
2006-05-23,3.5334878
2006-05-24,4.581723
2006-05-25,3.8502562
2006-05-26,4.188769
2006-05-27,3.080124
2006-05-28,4.6874623
2006-05-29,8.338
2006-05-30,5.73662
2006-05-31,5.364745
2006-06-01,4.376242
2006-06-02,6.022849
2006-06-03,9.431529
2006-06-04,4.685116
2006-06-05,5.116855
2006-06-06,4.582223
2006-06-07,5.429209
2006-06-08,6.0968246
2006-06-09,8.290791
2006-06-10,5.6352243
2006-06-11,5.873863
2006-06-12,5.688497
2006-06-13,5.670934
2006-06-14,7.583175
2006-06-15,7.7369213
2006-06-16,5.415206
2006-06-17,6.804053
2006-06-18,5.4896603
2006-06-19,5.3798084
2006-06-20,6.001079
2006-06-21,33.330585
2006-06-22,13.177051
2006-06-23,9.343725
2006-06-24,7.734326
2006-06-25,7.866725
2006-06-26,5.4430223
2006-06-27,4.7902565
2006-06-28,7.021885
2006-06-29,4.8411045
2006-06-30,3.9073825
2006-07-01,4.3120666
2006-07-02,3.6587403
2006-07-03,4.5064216
2006-07-04,7.2391696
2006-07-05,10.412773
2006-07-06,6.5876794
2006-07-07,8.296245
2006-07-08,14.883962
2006-07-09,10.274235
2006-07-10,8.9795
2006-07-11,12.859898
2006-07-12,8.337026
2006-07-13,7.7254558
2006-07-14,6.0401998
2006-07-15,22.982666
2006-07-16,50.24005
2006-07-17,11.772466
2006-07-18,8.320825
2006-07-19,6.87239
2006-07-20,6.948239
2006-07-21,7.021601
2006-07-22,5.101035
2006-07-23,5.8882117
2006-07-24,8.048488
2006-07-25,7.153091
2006-07-26,8.240409
2006-07-27,4.4231434
2006-07-28,6.171524
2006-07-29,25.35252
2006-07-30,9.662668
2006-07-31,6.214749
2006-08-01,7.8010135
2006-08-02,5.082818
2006-08-03,4.4090986
2006-08-04,4.414419
2006-08-05,4.007667
2006-08-06,3.6960063
2006-08-07,3.8524897
2006-08-08,5.0607653
2006-08-09,3.279025
2006-08-10,2.8982573
2006-08-11,4.4517274
2006-08-12,3.4581747
2006-08-13,3.4138236
2006-08-14,2.3809195
2006-08-15,2.3180807
2006-08-16,2.186859
2006-08-17,3.0247488
2006-08-18,4.5465884
2006-08-19,2.0752993
2006-08-20,2.7733183
2006-08-21,3.5048943
2006-08-22,3.5922894
2006-08-23,1.8536619
2006-08-24,1.7562518
2006-08-25,3.671159
2006-08-26,2.7707267
2006-08-27,1.69269
2006-08-28,1.6182804
2006-08-29,4.109789
2006-08-30,3.3029249
2006-08-31,1.8392788
2006-09-01,1.5133655
2006-09-02,1.4732975
2006-09-03,1.4332962
2006-09-04,2.8892019
2006-09-05,2.4283202
2006-09-06,2.3016503
2006-09-07,3.1591415
2006-09-08,1.455535
2006-09-09,3.1403286
2006-09-10,1.3942151
2006-09-11,1.3975976
2006-09-12,2.7468722
2006-09-13,2.0904903
2006-09-14,1.4492713
2006-09-15,1.318273
2006-09-16,1.4939358
2006-09-17,3.2698662
2006-09-18,3.7228508
2006-09-19,2.8406603
2006-09-20,1.5717734
2006-09-21,1.5724398
2006-09-22,1.6134667
2006-09-23,2.108207
2006-09-24,5.528472
2006-09-25,2.2698393
2006-09-26,1.9878036
2006-09-27,1.7738427
2006-09-28,1.7820164
2006-09-29,3.8055413
2006-09-30,2.0616155
2006-10-01,1.6802686
2006-10-02,1.4600518
2006-10-03,2.4314632
2006-10-04,1.2713209
2006-10-05,1.2320437
2006-10-06,1.3547829
2006-10-07,2.3478317
2006-10-08,1.2915175
2006-10-09,1.8916568
2006-10-10,4.8815813
2006-10-11,2.0800705
2006-10-12,1.558766
2006-10-13,1.25651
2006-10-14,2.011145
2006-10-15,3.2850988
2006-10-16,1.4731679
2006-10-17,3.1759346
2006-10-18,3.5944989
2006-10-19,2.2488313
2006-10-20,2.2942586
2006-10-21,2.9026957
2006-10-22,2.727557
2006-10-23,3.1036444
2006-10-24,4.6175084
2006-10-25,2.372289
2006-10-26,2.2511232
2006-10-27,2.8834126
2006-10-28,2.7026365
2006-10-29,2.4808524
2006-10-30,2.5306807
2006-10-31,2.5538604
2006-11-01,2.3782914
2006-11-02,2.3275478
2006-11-03,2.6292703
2006-11-04,3.8348663
2006-11-05,2.431745
2006-11-06,1.9116204
2006-11-07,1.8806032
2006-11-08,3.7228756
2006-11-09,7.7031665
2006-11-10,2.8290203
2006-11-11,2.5992405
2006-11-12,2.7796705
2006-11-13,7.7109203
2006-11-14,6.2391114
2006-11-15,5.3946195
2006-11-16,6.9921618
2006-11-17,5.432265
2006-11-18,8.546088
2006-11-19,5.0377746
2006-11-20,7.410929
2006-11-21,5.293222
2006-11-22,4.3730183
2006-11-23,4.908781
2006-11-24,5.2954865
2006-11-25,3.610101
2006-11-26,4.680296
2006-11-27,4.9754024
2006-11-28,3.5170662
2006-11-29,3.576241
2006-11-30,3.3172162
2006-12-01,2.9816744
2006-12-02,3.661227
2006-12-03,2.7066011
2006-12-04,3.7488222
2006-12-05,3.1087294
2006-12-06,2.7826958
2006-12-07,2.7101254
2006-12-08,3.9592223
2006-12-09,2.014061
2006-12-10,4.6546416
2006-12-11,2.19818
2006-12-12,2.1796348
2006-12-13,2.415376
2006-12-14,3.1696796
2006-12-15,1.7744598
2006-12-16,2.9628637
2006-12-17,1.8280258
2006-12-18,1.7180923
2006-12-19,2.595672
2006-12-20,2.034934
2006-12-21,4.7268586
2006-12-22,3.2484186
2006-12-23,9.593905
2006-12-24,3.3096411
2006-12-25,3.5286047
2006-12-26,3.8149326
2006-12-27,4.854502
2006-12-28,3.420799
2006-12-29,6.578609
2006-12-30,4.40829
2006-12-31,3.1944654
2007-01-01,3.6214094
2007-01-02,3.665715
2007-01-03,2.9415135
2007-01-04,2.8076212
2007-01-05,2.704825
2007-01-06,2.6908426
2007-01-07,3.456852
2007-01-08,2.4176643
2007-01-09,2.2814996
2007-01-10,2.181421
2007-01-11,2.908504
2007-01-12,2.0476813
2007-01-13,2.1393642
2007-01-14,2.3858812
2007-01-15,1.810801
2007-01-16,1.7197722
2007-01-17,2.1021981
2007-01-18,1.6147113
2007-01-19,3.0433147
2007-01-20,1.5576338
2007-01-21,2.32913
2007-01-22,1.4472891
2007-01-23,1.434149
2007-01-24,1.3393902
2007-01-25,1.3067485
2007-01-26,1.2425398
2007-01-27,1.755161
2007-01-28,1.1807944
2007-01-29,1.1233965
2007-01-30,1.0836838
2007-01-31,1.0545518
2007-02-01,1.0051762
2007-02-02,0.96720314
2007-02-03,0.9285739
2007-02-04,0.8892967
2007-02-05,0.849937
2007-02-06,0.8124999
2007-02-07,0.7762614
2007-02-08,0.74099994
2007-02-09,0.7084935
2007-02-10,0.67708254
2007-02-11,0.64825505
2007-02-12,0.6223312
2007-02-13,0.6016978
2007-02-14,0.5825537
2007-02-15,0.5557476
2007-02-16,0.5316424
2007-02-17,0.5079694
2007-02-18,0.4881388
2007-02-19,0.46455848
2007-02-20,0.4449187
2007-02-21,0.4243796
2007-02-22,0.40540808
2007-02-23,0.3880147
2007-02-24,0.3742847
2007-02-25,0.35831577
2007-02-26,0.35395095
2007-02-27,0.34840658
2007-02-28,0.3239774
2007-03-01,0.3112068
2007-03-02,0.30009443
2007-03-03,0.28671867
2007-03-04,0.31037697
2007-03-05,0.32807058
2007-03-06,0.2806981
2007-03-07,0.32830426
2007-03-08,0.6045168
2007-03-09,2.1045883
2007-03-10,0.55586386
2007-03-11,0.25020364
2007-03-12,0.23435631
2007-03-13,0.23102489
2007-03-14,0.22042388
2007-03-15,1.703072
2007-03-16,0.26452857
2007-03-17,2.1120224
2007-03-18,0.26318768
2007-03-19,0.25239435
2007-03-20,2.1504307
2007-03-21,0.9494588
2007-03-22,1.5761933
2007-03-23,2.057864
2007-03-24,1.0202872
2007-03-25,3.2639322
2007-03-26,2.4404898
2007-03-27,0.8436677
2007-03-28,0.2061108
2007-03-29,3.0131123
2007-03-30,0.42869562
2007-03-31,0.18274379
2007-04-01,2.035246
2007-04-02,2.7123346
2007-04-03,7.2622695
2007-04-04,2.204686
2007-04-05,0.5509291
2007-04-06,0.30580667
2007-04-07,7.307094
2007-04-08,1.3466282
2007-04-09,1.317559
2007-04-10,0.64829266
2007-04-11,0.499667
2007-04-12,0.52698016
2007-04-13,1.0966616
2007-04-14,2.1309617
2007-04-15,1.5368068
2007-04-16,0.6662637
2007-04-17,6.4149437
2007-04-18,2.4489512
2007-04-19,3.1967688
2007-04-20,6.508677
2007-04-21,8.168873
2007-04-22,6.130655
2007-04-23,5.953421
2007-04-24,5.6422963
2007-04-25,5.455949
2007-04-26,7.7267823
2007-04-27,4.346281
2007-04-28,5.7792416
2007-04-29,5.279604
2007-04-30,4.72306
2007-05-01,7.7125087
2007-05-02,4.2246284
2007-05-03,4.4470863
2007-05-04,5.8879848
2007-05-05,8.142805
2007-05-06,7.2466655
2007-05-07,6.042859
2007-05-08,7.172202
2007-05-09,5.746266
2007-05-10,7.422846
2007-05-11,6.542232
2007-05-12,6.1368585
2007-05-13,6.9262166
2007-05-14,5.6872754
2007-05-15,5.30785
2007-05-16,5.526111
2007-05-17,9.232195
2007-05-18,6.472623
2007-05-19,22.909153
2007-05-20,10.073422
2007-05-21,8.21355
2007-05-22,7.147394
2007-05-23,7.066282
2007-05-24,5.994939
2007-05-25,6.140182
2007-05-26,5.9656024
2007-05-27,6.8527327
2007-05-28,4.6111174
2007-05-29,5.4996567
2007-05-30,4.5316844
2007-05-31,4.3787208
2007-06-01,4.341462
2007-06-02,4.178909
2007-06-03,4.430879
2007-06-04,3.6340966
2007-06-05,3.9536843
2007-06-06,7.856256
2007-06-07,3.8716636
2007-06-08,8.216074
2007-06-09,6.3441916
2007-06-10,5.9152055
2007-06-11,6.7141876
2007-06-12,5.2350383
2007-06-13,4.9297085
2007-06-14,6.374081
2007-06-15,6.0988183
2007-06-16,6.4533896
2007-06-17,5.364276
2007-06-18,4.4142385
2007-06-19,6.934748
2007-06-20,4.4898925
2007-06-21,4.8552055
2007-06-22,6.775725
2007-06-23,7.212921
2007-06-24,5.388303
2007-06-25,4.9744735
2007-06-26,5.337493
2007-06-27,6.2730856
2007-06-28,5.162676
2007-06-29,5.4248013
2007-06-30,7.077425
2007-07-01,11.7875
2007-07-02,32.23575
2007-07-03,10.223847
2007-07-04,7.8647823
2007-07-05,6.5727334
2007-07-06,5.683925
2007-07-07,9.974504
2007-07-08,6.0526304
2007-07-09,5.1013155
2007-07-10,5.0698276
2007-07-11,7.664877
2007-07-12,4.2693496
2007-07-13,3.42759
2007-07-14,5.710682
2007-07-15,3.4360485
2007-07-16,3.1737013
2007-07-17,3.4948847
2007-07-18,3.3485444
2007-07-19,3.46853
2007-07-20,3.0519285
2007-07-21,3.569043
2007-07-22,3.622749
2007-07-23,3.3535926
2007-07-24,2.7608523
2007-07-25,2.6515305
2007-07-26,2.6372185
2007-07-27,2.634723
2007-07-28,3.544825
2007-07-29,4.74755
2007-07-30,3.088049
2007-07-31,2.4172103
2007-08-01,2.4466367
2007-08-02,2.357472
2007-08-03,2.380065
2007-08-04,5.9508905
2007-08-05,6.569647
2007-08-06,9.255573
2007-08-07,5.1761184
2007-08-08,4.884113
2007-08-09,4.711754
2007-08-10,5.6441646
2007-08-11,5.9516487
2007-08-12,4.3229527
2007-08-13,6.00911
2007-08-14,4.280481
2007-08-15,3.7415936
2007-08-16,4.499936
2007-08-17,3.6872134
2007-08-18,3.7731354
2007-08-19,4.084639
2007-08-20,3.7463
2007-08-21,3.8034592
2007-08-22,6.744786
2007-08-23,4.313429
2007-08-24,3.983239
2007-08-25,3.3931973
2007-08-26,3.5794654
2007-08-27,3.2682946
2007-08-28,3.189759
2007-08-29,4.1434608
2007-08-30,5.52685
2007-08-31,5.2251487
2007-09-01,3.5429206
2007-09-02,3.5903316
2007-09-03,3.672192
2007-09-04,4.4883
2007-09-05,4.1592584
2007-09-06,5.1497645
2007-09-07,4.228713
2007-09-08,4.767755
2007-09-09,4.132897
2007-09-10,3.9495468
2007-09-11,5.925669
2007-09-12,4.7433734
2007-09-13,3.3920019
2007-09-14,3.5254505
2007-09-15,6.331166
2007-09-16,3.4052277
2007-09-17,3.3052335
2007-09-18,3.1542017
2007-09-19,4.2757397
2007-09-20,5.2954497
2007-09-21,3.9579718
2007-09-22,2.7991164
2007-09-23,3.6541584
2007-09-24,2.7173743
2007-09-25,2.5794976
2007-09-26,4.2375817
2007-09-27,5.5819006
2007-09-28,4.008476
2007-09-29,2.424856
2007-09-30,4.158788
2007-10-01,3.454896
2007-10-02,2.36642
2007-10-03,3.719824
2007-10-04,2.3305159
2007-10-05,3.014372
2007-10-06,2.2108452
2007-10-07,2.141293
2007-10-08,4.096128
2007-10-09,5.1177263
2007-10-10,2.1357348
2007-10-11,1.9513268
2007-10-12,1.908746
2007-10-13,2.366446
2007-10-14,1.8413436
2007-10-15,2.5566132
2007-10-16,2.8457215
2007-10-17,1.7193207
2007-10-18,2.486481
2007-10-19,1.6951177
2007-10-20,3.129453
2007-10-21,2.4426274
2007-10-22,4.576995
2007-10-23,3.368101
2007-10-24,3.234171
2007-10-25,3.5597177
2007-10-26,2.173071
2007-10-27,4.4392304
2007-10-28,3.839836
2007-10-29,2.5560338
2007-10-30,2.2564943
2007-10-31,3.0253232
2007-11-01,4.6570325
2007-11-02,2.4699214
2007-11-03,2.5038762
2007-11-04,2.4295578
2007-11-05,2.3633974
2007-11-06,2.5217056
2007-11-07,3.039579
2007-11-08,3.2322466
2007-11-09,3.9837737
2007-11-10,2.281366
2007-11-11,2.7889686
2007-11-12,2.2564619
2007-11-13,2.4177377
2007-11-14,2.8034759
2007-11-15,3.2193074
2007-11-16,2.4551413
2007-11-17,4.0612497
2007-11-18,2.4681475
2007-11-19,1.9262624
2007-11-20,3.6958077
2007-11-21,2.2077048
2007-11-22,2.7915108
2007-11-23,3.0354345
2007-11-24,3.901841
2007-11-25,2.711694
2007-11-26,3.257563
2007-11-27,2.183222
2007-11-28,2.461661
2007-11-29,2.2082117
2007-11-30,2.1846018
2007-12-01,2.1245322
2007-12-02,2.058517
2007-12-03,1.9859309
2007-12-04,1.9071376
2007-12-05,1.8294638
2007-12-06,1.7531679
2007-12-07,1.6986085
2007-12-08,1.6351006
2007-12-09,1.5456781
2007-12-10,1.4862213
2007-12-11,1.4174848
2007-12-12,1.3768568
2007-12-13,1.833388
2007-12-14,1.8877487
2007-12-15,2.3371499
2007-12-16,1.340948
2007-12-17,1.1574794
2007-12-18,1.104751
2007-12-19,1.8572016
2007-12-20,1.0835086
2007-12-21,2.1269522
2007-12-22,3.075825
2007-12-23,3.4253905
2007-12-24,2.4497457
2007-12-25,1.4393165
2007-12-26,2.7050586
2007-12-27,1.6253172
2007-12-28,0.9548183
2007-12-29,2.0222034
2007-12-30,0.88903105
2007-12-31,0.837082
2008-01-01,0.8149358
2008-01-02,0.6364087
2008-01-03,0.5570255
2008-01-04,0.5496571
2008-01-05,0.9822591
2008-01-06,1.3865932
2008-01-07,1.3425678
2008-01-08,0.60225385
2008-01-09,0.556248
2008-01-10,0.54411113
2008-01-11,0.5086933
2008-01-12,0.5053078
2008-01-13,0.5261661
2008-01-14,1.6232011
2008-01-15,2.3247354
2008-01-16,0.88529336
2008-01-17,1.7286544
2008-01-18,0.54016906
2008-01-19,0.50396454
2008-01-20,0.5280495
2008-01-21,0.6143251
2008-01-22,0.63647026
2008-01-23,0.56967247
2008-01-24,0.5066608
2008-01-25,0.49790457
2008-01-26,0.49323356
2008-01-27,0.48511928
2008-01-28,0.47395003
2008-01-29,0.46033525
2008-01-30,0.4547248
2008-01-31,0.44300637
2008-02-01,0.43082026
2008-02-02,0.42236432
2008-02-03,0.40994108
2008-02-04,0.3962068
2008-02-05,0.38598353
2008-02-06,0.41588187
2008-02-07,0.4185874
2008-02-08,0.38589904
2008-02-09,0.49136588
2008-02-10,0.85947925
2008-02-11,0.38900274
2008-02-12,0.48836094
2008-02-13,2.7891738
2008-02-14,4.121186
2008-02-15,1.2491162
2008-02-16,0.40440723
2008-02-17,0.3581233
2008-02-18,1.146759
2008-02-19,0.62123746
2008-02-20,1.9872887
2008-02-21,0.5576317
2008-02-22,0.35943794
2008-02-23,0.39472747
2008-02-24,6.2211056
2008-02-25,0.55952334
2008-02-26,2.3784704
2008-02-27,0.48380625
2008-02-28,0.41630018
2008-02-29,0.6332832
2008-03-01,0.40188605
2008-03-02,0.90524006
2008-03-03,0.4439798
2008-03-04,0.4279487
2008-03-05,0.4194231
2008-03-06,2.491762
2008-03-07,0.62967867
2008-03-08,0.43242007
2008-03-09,0.4826656
2008-03-10,0.42864728
2008-03-11,0.6251542
2008-03-12,0.6873045
2008-03-13,0.4661162
2008-03-14,0.9099071
2008-03-15,1.53668
2008-03-16,0.49603823
2008-03-17,0.47598946
2008-03-18,0.5181712
2008-03-19,0.77410346
2008-03-20,2.2370915
2008-03-21,2.3469074
2008-03-22,1.8908386
2008-03-23,0.56148905
2008-03-24,0.91444194
2008-03-25,0.5656035
2008-03-26,2.5022051
2008-03-27,0.7020236
2008-03-28,0.56874496
2008-03-29,0.56427276
2008-03-30,0.5499451
2008-03-31,0.5191148
2008-04-01,0.5145236
2008-04-02,0.5014043
2008-04-03,0.4910285
2008-04-04,0.47837296
2008-04-05,0.52976656
2008-04-06,2.1071148
2008-04-07,1.7451705
2008-04-08,0.49382082
2008-04-09,0.47749585
2008-04-10,1.9118224
2008-04-11,0.55037767
2008-04-12,2.7873213
2008-04-13,0.87343186
2008-04-14,0.95431995
2008-04-15,4.9528522
2008-04-16,1.4317862
2008-04-17,1.0724357
2008-04-18,1.2057264
2008-04-19,0.67689174
2008-04-20,1.3060803
2008-04-21,2.08767
2008-04-22,1.3155034
2008-04-23,6.8443475
2008-04-24,4.719361
2008-04-25,5.724205
2008-04-26,4.6241384
2008-04-27,6.1514173
2008-04-28,5.81025
2008-04-29,4.007457
2008-04-30,3.9252937
2008-05-01,3.7450929
2008-05-02,7.3354216
2008-05-03,4.134525
2008-05-04,3.9855764
2008-05-05,3.5754325
2008-05-06,3.1717615
2008-05-07,3.1047747
2008-05-08,2.9223728
2008-05-09,2.7822142
2008-05-10,3.2434409
2008-05-11,2.5768595
2008-05-12,2.9096956
2008-05-13,5.0542393
2008-05-14,2.4297252
2008-05-15,4.5771403
2008-05-16,5.48447
2008-05-17,4.0638156
2008-05-18,6.7999563
2008-05-19,7.410851
2008-05-20,4.570969
2008-05-21,6.6868267
2008-05-22,21.133596
2008-05-23,13.806291
2008-05-24,10.968415
2008-05-25,9.444503
2008-05-26,8.521932
2008-05-27,6.8351574
2008-05-28,7.697273
2008-05-29,9.042752
2008-05-30,5.582621
2008-05-31,8.67689
2008-06-01,4.975004
2008-06-02,5.4709897
2008-06-03,6.10267
2008-06-04,9.833222
2008-06-05,6.6030674
2008-06-06,11.073631
2008-06-07,9.808648
2008-06-08,7.9402714
2008-06-09,11.907693
2008-06-10,8.239479
2008-06-11,9.040678
2008-06-12,7.4978147
2008-06-13,6.258937
2008-06-14,5.7307878
2008-06-15,5.7156324
2008-06-16,6.593622
2008-06-17,6.3892026
2008-06-18,5.3526196
2008-06-19,9.873987
2008-06-20,7.3010135
2008-06-21,10.985565
2008-06-22,7.413201
2008-06-23,8.744889
2008-06-24,6.930949
2008-06-25,8.586263
2008-06-26,6.4300866
2008-06-27,7.3252587
2008-06-28,6.904201
2008-06-29,7.924721
2008-06-30,8.825717
2008-07-01,8.911546
2008-07-02,8.671984
2008-07-03,9.491618
2008-07-04,12.026812
2008-07-05,21.710213
2008-07-06,13.836529
2008-07-07,9.313518
2008-07-08,7.7240844
2008-07-09,7.4599295
2008-07-10,7.8778996
2008-07-11,7.6589675
2008-07-12,27.712717
2008-07-13,8.46242
2008-07-14,7.6704755
2008-07-15,10.052645
2008-07-16,5.6623483
2008-07-17,4.8925505
2008-07-18,4.582028
2008-07-19,6.223287
2008-07-20,8.715814
2008-07-21,5.3653936
2008-07-22,5.1765637
2008-07-23,5.114471
2008-07-24,4.1837025
2008-07-25,5.6707807
2008-07-26,8.334033
2008-07-27,9.067555
2008-07-28,8.605925
2008-07-29,8.287288
2008-07-30,7.026258
2008-07-31,8.440162
2008-08-01,5.794825
2008-08-02,5.4711456
2008-08-03,8.178721
2008-08-04,4.916751
2008-08-05,5.736682
2008-08-06,6.0747166
2008-08-07,5.857868
2008-08-08,3.7694745
2008-08-09,4.078821
2008-08-10,5.976175
2008-08-11,5.4522696
2008-08-12,3.1673696
2008-08-13,2.9924772
2008-08-14,4.7591925
2008-08-15,7.171935
2008-08-16,4.129216
2008-08-17,4.008887
2008-08-18,2.7181604
2008-08-19,5.1238403
2008-08-20,3.4384675
2008-08-21,2.838656
2008-08-22,2.7857816
2008-08-23,3.4792466
2008-08-24,2.6982367
2008-08-25,2.7706847
2008-08-26,2.9837735
2008-08-27,9.547529
2008-08-28,6.2283106
2008-08-29,4.3133917
2008-08-30,4.342151
2008-08-31,4.8402424
2008-09-01,4.659205
2008-09-02,4.1955323
2008-09-03,3.824658
2008-09-04,3.4521255
2008-09-05,3.3419678
2008-09-06,3.250953
2008-09-07,4.1940393
2008-09-08,4.3583856
2008-09-09,4.9449396
2008-09-10,2.8163118
2008-09-11,2.70187
2008-09-12,2.9213672
2008-09-13,2.5294118
2008-09-14,5.3953447
2008-09-15,4.4123707
2008-09-16,3.3895545
2008-09-17,3.4212036
2008-09-18,3.9329338
2008-09-19,4.325695
2008-09-20,2.2799258
2008-09-21,2.1168616
2008-09-22,2.2571642
2008-09-23,2.9817288
2008-09-24,2.3510425
2008-09-25,2.10057
2008-09-26,2.3015404
2008-09-27,2.8153157
2008-09-28,2.017117
2008-09-29,1.9503313
2008-09-30,2.2257347
2008-10-01,4.1580462
2008-10-02,2.3171163
2008-10-03,1.8822367
2008-10-04,1.9895134
2008-10-05,2.2853549
2008-10-06,4.127516
2008-10-07,2.600833
2008-10-08,2.7662296
2008-10-09,2.3381114
2008-10-10,2.1798682
2008-10-11,1.9989917
2008-10-12,4.073067
2008-10-13,1.9247478
2008-10-14,6.0514493
2008-10-15,3.571835
2008-10-16,3.1779003
2008-10-17,2.2132192
2008-10-18,3.220603
2008-10-19,2.4517329
2008-10-20,3.162121
2008-10-21,4.0712523
2008-10-22,3.3348086
2008-10-23,2.7671854
2008-10-24,2.436961
2008-10-25,2.432617
2008-10-26,2.8845823
2008-10-27,2.8384552
2008-10-28,3.9962344
2008-10-29,4.211479
2008-10-30,2.9151928
2008-10-31,2.9933605
2008-11-01,5.986014
2008-11-02,3.1396155
2008-11-03,2.8550162
2008-11-04,5.1556964
2008-11-05,2.8110888
2008-11-06,3.3729043
2008-11-07,2.6302054
2008-11-08,2.5575194
2008-11-09,2.4215865
2008-11-10,2.4388554
2008-11-11,2.3535016
2008-11-12,2.2457266
2008-11-13,2.1102362
2008-11-14,2.5034242
2008-11-15,2.568533
2008-11-16,2.4393542
2008-11-17,1.8764898
2008-11-18,1.7820218
2008-11-19,3.1824853
2008-11-20,2.3498898
2008-11-21,3.8302927
2008-11-22,2.128557
2008-11-23,2.609944
2008-11-24,2.1015213
2008-11-25,2.6342494
2008-11-26,3.9414196
2008-11-27,3.7878053
2008-11-28,3.1642237
2008-11-29,4.3246326
2008-11-30,3.5486276
2008-12-01,4.200736
2008-12-02,3.014629
2008-12-03,2.9418375
2008-12-04,5.6181855
2008-12-05,2.904103
2008-12-06,2.7643344
2008-12-07,4.235929
2008-12-08,3.7271762
2008-12-09,2.6794374
2008-12-10,3.2802835
2008-12-11,3.3424227
2008-12-12,2.5460827
2008-12-13,4.8782797
2008-12-14,3.683528
2008-12-15,3.424978
2008-12-16,3.1114745
2008-12-17,2.246519
2008-12-18,2.1410918
2008-12-19,2.2252207
2008-12-20,2.08472
2008-12-21,1.947648
2008-12-22,1.8833448
2008-12-23,1.8226218
2008-12-24,1.9249023
2008-12-25,3.118685
2008-12-26,2.0217407
2008-12-27,1.6194508
2008-12-28,1.5610594
2008-12-29,1.5061545
2008-12-30,1.4788468
2008-12-31,1.5346439
2009-01-01,1.547493
2009-01-02,1.93302
2009-01-03,2.5133872
2009-01-04,2.5417776
2009-01-05,2.1174505
2009-01-06,2.3962421
2009-01-07,1.8272581
2009-01-08,2.1153169
2009-01-09,1.3940758
2009-01-10,2.4970012
2009-01-11,4.5059514
2009-01-12,2.7056649
2009-01-13,3.1327434
2009-01-14,3.6346676
2009-01-15,3.902096
2009-01-16,4.716197
2009-01-17,3.1770926
2009-01-18,4.8234797
2009-01-19,3.3990786
2009-01-20,4.634508
2009-01-21,3.5801768
2009-01-22,3.481713
2009-01-23,3.8659217
2009-01-24,3.1642892
2009-01-25,2.8439393
2009-01-26,2.728861
2009-01-27,2.5989413
2009-01-28,2.5415816
2009-01-29,2.3691585
2009-01-30,2.298636
2009-01-31,3.6278176
2009-02-01,2.5477917
2009-02-02,2.6745331
2009-02-03,2.0466506
2009-02-04,1.9471264
2009-02-05,3.546257
2009-02-06,3.260642
2009-02-07,1.8415823
2009-02-08,3.2966025
2009-02-09,1.7570509
2009-02-10,1.7355042
2009-02-11,1.8769808
2009-02-12,5.4325223
2009-02-13,4.989592
2009-02-14,1.7260076
2009-02-15,1.597188
2009-02-16,1.5673445
2009-02-17,1.5263704
2009-02-18,1.5977784
2009-02-19,1.985785
2009-02-20,2.1556237
2009-02-21,1.4711629
2009-02-22,1.4239899
2009-02-23,1.396621
2009-02-24,1.3617243
2009-02-25,1.3243904
2009-02-26,1.2908678
2009-02-27,1.2746263
2009-02-28,1.3211148
2009-03-01,1.6194948
2009-03-02,1.2011975
2009-03-03,1.5821394
2009-03-04,2.3290548
2009-03-05,2.5764606
2009-03-06,1.1488321
2009-03-07,1.3246409
2009-03-08,4.2954135
2009-03-09,1.1607492
2009-03-10,1.6282874
2009-03-11,1.0166885
2009-03-12,0.98393553
2009-03-13,0.95841974
2009-03-14,0.95455885
2009-03-15,2.7385135
2009-03-16,2.262061
2009-03-17,2.743253
2009-03-18,0.9712042
2009-03-19,1.5401038
2009-03-20,0.9342332
2009-03-21,2.9541094
2009-03-22,2.2162488
2009-03-23,4.790792
2009-03-24,1.4630013
2009-03-25,2.545708
2009-03-26,1.5591668
2009-03-27,1.7022021
2009-03-28,2.5587711
2009-03-29,4.208745
2009-03-30,7.5719624
2009-03-31,2.6381078
2009-04-01,1.9094642
2009-04-02,2.1466715
2009-04-03,4.798366
2009-04-04,2.0402317
2009-04-05,1.938542
2009-04-06,1.9240605
2009-04-07,1.8911619
2009-04-08,5.669443
2009-04-09,5.061984
2009-04-10,3.3388534
2009-04-11,5.4023805
2009-04-12,4.3036623
2009-04-13,2.748077
2009-04-14,4.5141606
2009-04-15,3.649297
2009-04-16,3.5578985
2009-04-17,3.5460951
2009-04-18,3.6839194
2009-04-19,3.4589543
2009-04-20,2.810163
2009-04-21,3.1687467
2009-04-22,2.8376737
2009-04-23,5.0346274
2009-04-24,5.8089557
2009-04-25,6.333451
2009-04-26,5.419713
2009-04-27,6.4332304
2009-04-28,5.889742
2009-04-29,7.050435
2009-04-30,11.134347
2009-05-01,7.338586
2009-05-02,9.710749
2009-05-03,5.9404616
2009-05-04,8.917611
2009-05-05,5.5663824
2009-05-06,5.1502733
2009-05-07,10.465834
2009-05-08,5.675077
2009-05-09,7.663156
2009-05-10,6.9263434
2009-05-11,6.515971
2009-05-12,6.547679
2009-05-13,4.7764583
2009-05-14,4.567643
2009-05-15,5.97046
2009-05-16,7.06732
2009-05-17,4.595558
2009-05-18,6.2667913
2009-05-19,4.1593485
2009-05-20,6.531488
2009-05-21,6.351308
2009-05-22,4.66109
2009-05-23,4.724781
2009-05-24,4.6703253
2009-05-25,6.001493
2009-05-26,4.316906
2009-05-27,4.4016385
2009-05-28,4.357624
2009-05-29,4.042542
2009-05-30,3.5053213
2009-05-31,3.2089741
2009-06-01,3.0502036
2009-06-02,2.9644933
2009-06-03,3.2971687
2009-06-04,3.5432346
2009-06-05,3.7910502
2009-06-06,2.5189254
2009-06-07,2.869833
2009-06-08,4.8759804
2009-06-09,6.5579386
2009-06-10,3.5761166
2009-06-11,5.7763205
2009-06-12,7.5713344
2009-06-13,10.473989
2009-06-14,6.7354016
2009-06-15,8.473645
2009-06-16,7.5747733
2009-06-17,6.794023
2009-06-18,9.217065
2009-06-19,7.795991
2009-06-20,7.631005
2009-06-21,5.955706
2009-06-22,8.907694
2009-06-23,9.724018
2009-06-24,31.3822
2009-06-25,10.650031
2009-06-26,11.844529
2009-06-27,9.948331
2009-06-28,7.5504537
2009-06-29,9.376376
2009-06-30,8.760901
2009-07-01,6.431879
2009-07-02,6.675771
2009-07-03,6.1134515
2009-07-04,13.651243
2009-07-05,8.733855
2009-07-06,11.361235
2009-07-07,9.85186
2009-07-08,8.349345
2009-07-09,7.322737
2009-07-10,5.945081
2009-07-11,5.7503877
2009-07-12,4.656703
2009-07-13,4.8358564
2009-07-14,4.076082
2009-07-15,5.4497657
2009-07-16,5.0368176
2009-07-17,3.3009539
2009-07-18,3.0924618
2009-07-19,3.031527
2009-07-20,8.637237
2009-07-21,2.985216
2009-07-22,2.9291968
2009-07-23,3.5806665
2009-07-24,2.6522655
2009-07-25,2.8687592
2009-07-26,2.4797978
2009-07-27,2.501739
2009-07-28,2.3831697
2009-07-29,3.352186
2009-07-30,7.2174096
2009-07-31,3.7129393
2009-08-01,5.9973364
2009-08-02,3.927629
2009-08-03,3.8470573
2009-08-04,3.8459775
2009-08-05,5.4487286
2009-08-06,7.1748962
2009-08-07,10.339562
2009-08-08,6.421733
2009-08-09,7.1597824
2009-08-10,6.3371987
2009-08-11,5.3099885
2009-08-12,5.7901516
2009-08-13,5.529815
2009-08-14,6.0813036
2009-08-15,4.1785216
2009-08-16,6.268622
2009-08-17,3.682242
2009-08-18,6.357023
2009-08-19,4.4494348
2009-08-20,3.1881769
2009-08-21,3.0026774
2009-08-22,5.610576
2009-08-23,5.306116
2009-08-24,2.7904062
2009-08-25,4.124223
2009-08-26,3.1010787
2009-08-27,3.4078856
2009-08-28,2.8797004
2009-08-29,2.5566397
2009-08-30,3.959086
2009-08-31,3.1415682
2009-09-01,2.9599314
2009-09-02,2.8794744
2009-09-03,2.7905405
2009-09-04,2.6885414
2009-09-05,2.9000673
2009-09-06,3.150246
2009-09-07,3.4561765
2009-09-08,5.0724287
2009-09-09,5.607113
2009-09-10,2.2848396
2009-09-11,2.127885
2009-09-12,3.2168133
2009-09-13,2.1818988
2009-09-14,2.8134668
2009-09-15,2.817405
2009-09-16,3.2389185
2009-09-17,2.1118755
2009-09-18,3.8259754
2009-09-19,2.3569384
2009-09-20,4.7206726
2009-09-21,2.2050674
2009-09-22,2.1424487
2009-09-23,2.0510602
2009-09-24,1.9922731
2009-09-25,3.4002836
2009-09-26,1.9551255
2009-09-27,2.3115525
2009-09-28,1.8387846
2009-09-29,1.808228
2009-09-30,1.7058804
2009-10-01,1.6576102
2009-10-02,1.764983
2009-10-03,3.851081
2009-10-04,2.1034982
2009-10-05,1.5129734
2009-10-06,1.4786092
2009-10-07,1.4671367
2009-10-08,2.9119043
2009-10-09,1.3925724
2009-10-10,1.3059562
2009-10-11,1.3128998
2009-10-12,1.6831211
2009-10-13,1.2340064
2009-10-14,2.7779744
2009-10-15,3.378542
2009-10-16,5.211613
2009-10-17,2.06164
2009-10-18,2.1796958
2009-10-19,1.9486687
2009-10-20,4.3456926
2009-10-21,1.3826512
2009-10-22,1.3302064
2009-10-23,1.3695984
2009-10-24,1.3670491
2009-10-25,2.8507316
2009-10-26,1.4047798
2009-10-27,1.3474585
2009-10-28,1.4131684
2009-10-29,2.4062858
2009-10-30,1.6678398
2009-10-31,1.836289
2009-11-01,1.8886005
2009-11-02,1.3444403
2009-11-03,1.7379289
2009-11-04,1.6168946
2009-11-05,2.0069914
2009-11-06,1.9373229
2009-11-07,1.4782803
2009-11-08,1.3912512
2009-11-09,1.7493057
2009-11-10,1.3382045
2009-11-11,1.2799708
2009-11-12,1.3080401
2009-11-13,4.094255
2009-11-14,2.3938098
2009-11-15,2.3698652
2009-11-16,1.1666318
2009-11-17,1.2867064
2009-11-18,2.904154
2009-11-19,1.1363969
2009-11-20,2.917323
2009-11-21,1.136404
2009-11-22,2.9353151
2009-11-23,1.8103236
2009-11-24,2.0390303
2009-11-25,1.6638452
2009-11-26,4.765115
2009-11-27,1.2828484
2009-11-28,1.2108637
2009-11-29,3.2840238
2009-11-30,2.0668492
2009-12-01,1.3741883
2009-12-02,1.3715117
2009-12-03,1.3429744
2009-12-04,1.3409325
2009-12-05,1.301615
2009-12-06,1.2647033
2009-12-07,1.2259578
2009-12-08,1.1963979
2009-12-09,1.1659279
2009-12-10,1.1925129
2009-12-11,1.2460823
2009-12-12,2.241084
2009-12-13,1.167472
2009-12-14,1.0507823
2009-12-15,1.0358745
2009-12-16,1.0056674
2009-12-17,0.97959703
2009-12-18,0.9655323
2009-12-19,0.9651174
2009-12-20,0.9257812
2009-12-21,1.6631854
2009-12-22,1.3827817
2009-12-23,3.541788
2009-12-24,1.2706875
2009-12-25,1.0122472
2009-12-26,1.6437937
2009-12-27,2.158299
2009-12-28,1.1338135
2009-12-29,0.8781703
2009-12-30,0.8893709
2009-12-31,0.8931617
2010-01-01,0.88051313
2010-01-02,0.77011514
2010-01-03,0.7123002
2010-01-04,0.6904145
2010-01-05,0.6689512
2010-01-06,0.6505449
2010-01-07,0.64040816
2010-01-08,0.6936456
2010-01-09,1.2667197
2010-01-10,0.6131299
2010-01-11,0.57680506
2010-01-12,0.5593241
2010-01-13,0.5417041
2010-01-14,0.5259115
2010-01-15,0.5098275
2010-01-16,0.49817526
2010-01-17,1.3051236
2010-01-18,1.0082362
2010-01-19,0.49481615
2010-01-20,0.66475856
2010-01-21,0.46006832
2010-01-22,0.44353387
2010-01-23,0.43021196
2010-01-24,0.42355806
2010-01-25,0.41447687
2010-01-26,1.7461035
2010-01-27,0.44117182
2010-01-28,0.85512984
2010-01-29,0.39131853
2010-01-30,0.36472315
2010-01-31,0.35488975
2010-02-01,0.34419265
2010-02-02,0.33650762
2010-02-03,0.4121514
2010-02-04,0.3314549
2010-02-05,0.349401
2010-02-06,0.35224476
2010-02-07,0.7308474
2010-02-08,0.30954742
2010-02-09,0.34918693
2010-02-10,0.35808516
2010-02-11,0.28505442
2010-02-12,0.27328402
2010-02-13,0.26361424
2010-02-14,0.25649554
2010-02-15,0.2474315
2010-02-16,0.24125405
2010-02-17,0.2555025
2010-02-18,0.23034944
2010-02-19,0.23191631
2010-02-20,3.0282364
2010-02-21,0.56866926
2010-02-22,0.31902537
2010-02-23,0.23055924
2010-02-24,0.94114375
2010-02-25,0.730781
2010-02-26,0.26565716
2010-02-27,1.218931
2010-02-28,0.2313803
2010-03-01,0.19839245
2010-03-02,0.2417752
2010-03-03,1.5344367
2010-03-04,0.71084285
2010-03-05,1.2268673
2010-03-06,0.42659053
2010-03-07,0.2099677
2010-03-08,0.19807334
2010-03-09,0.70447326
2010-03-10,2.177592
2010-03-11,0.28061223
2010-03-12,0.2343658
2010-03-13,0.19081825
2010-03-14,0.17266501
2010-03-15,0.20233402
2010-03-16,0.1694384
2010-03-17,0.17557094
2010-03-18,2.0727623
2010-03-19,2.2864776
2010-03-20,2.8719223
2010-03-21,1.1622993
2010-03-22,0.21353085
2010-03-23,0.18131311
2010-03-24,0.16360822
2010-03-25,0.18715355
2010-03-26,0.16612239
2010-03-27,0.17602673
2010-03-28,0.20200537
2010-03-29,0.8508612
2010-03-30,0.38701883
2010-03-31,4.5885677
2010-04-01,0.8073337
2010-04-02,0.4200047
2010-04-03,0.17888694
2010-04-04,0.17825787
2010-04-05,2.338612
2010-04-06,1.5455952
2010-04-07,0.60272545
2010-04-08,0.25167122
2010-04-09,1.1821288
2010-04-10,2.1952267
2010-04-11,9.472003
2010-04-12,2.5985072
2010-04-13,2.4650123
2010-04-14,3.6787531
2010-04-15,5.8000937
2010-04-16,5.560141
2010-04-17,2.6787949
2010-04-18,2.6297874
2010-04-19,5.1485105
2010-04-20,2.6454227
2010-04-21,2.4204037
2010-04-22,4.064244
2010-04-23,2.362376
2010-04-24,4.801263
2010-04-25,5.4950457
2010-04-26,3.2855158
2010-04-27,3.0787547
2010-04-28,2.6450715
2010-04-29,2.7972288
2010-04-30,5.2219605
2010-05-01,2.6802835
2010-05-02,2.5469375
2010-05-03,2.662198
2010-05-04,2.72796
2010-05-05,2.4711082
2010-05-06,5.1847935
2010-05-07,2.4294336
2010-05-08,2.538538
2010-05-09,4.535992
2010-05-10,5.9026904
2010-05-11,5.2888193
2010-05-12,80.21304
2010-05-13,14.6275015
2010-05-14,9.573382
2010-05-15,7.8804526
2010-05-16,6.847267
2010-05-17,5.71731
2010-05-18,5.989891
2010-05-19,4.5707545
2010-05-20,4.363731
2010-05-21,10.32831
2010-05-22,4.2973604
2010-05-23,9.593539
2010-05-24,6.429268
2010-05-25,6.1429577
2010-05-26,6.4726257
2010-05-27,7.2085905
2010-05-28,9.70695
2010-05-29,11.071876
2010-05-30,8.137636
2010-05-31,7.3331556
2010-06-01,7.428552
2010-06-02,8.748313
2010-06-03,10.21019
2010-06-04,8.836811
2010-06-05,8.0399
2010-06-06,8.37529
2010-06-07,8.159656
2010-06-08,6.7827506
2010-06-09,8.186961
2010-06-10,6.270143
2010-06-11,5.9272842
2010-06-12,6.706038
2010-06-13,5.24068
2010-06-14,5.8041973
2010-06-15,9.978174
2010-06-16,5.1449223
2010-06-17,6.8710656
2010-06-18,6.4277544
2010-06-19,6.6862526
2010-06-20,10.096727
2010-06-21,9.041287
2010-06-22,8.534175
2010-06-23,7.543406
2010-06-24,6.836631
2010-06-25,7.7452188
2010-06-26,7.29293
2010-06-27,6.1464944
2010-06-28,4.827142
2010-06-29,6.0369077
2010-06-30,12.400359
2010-07-01,6.746314
2010-07-02,7.819434
2010-07-03,6.5677223
2010-07-04,7.3904624
2010-07-05,7.2113347
2010-07-06,7.170062
2010-07-07,5.385607
2010-07-08,5.170415
2010-07-09,8.280037
2010-07-10,4.938907
2010-07-11,8.252696
2010-07-12,5.530237
2010-07-13,4.480411
2010-07-14,4.050346
2010-07-15,4.721822
2010-07-16,4.4566717
2010-07-17,7.54682
2010-07-18,5.390202
2010-07-19,5.13695
2010-07-20,4.571622
2010-07-21,4.4635253
2010-07-22,4.3129716
2010-07-23,7.6248636
2010-07-24,4.8963513
2010-07-25,5.1274366
2010-07-26,7.0209303
2010-07-27,6.3524327
2010-07-28,3.7698038
2010-07-29,3.624109
2010-07-30,8.260077
2010-07-31,5.86298
2010-08-01,5.6728215
2010-08-02,7.1291943
2010-08-03,5.214731
2010-08-04,12.201156
2010-08-05,5.988495
2010-08-06,9.520804
2010-08-07,5.80764
2010-08-08,5.456328
2010-08-09,5.026781
2010-08-10,4.871178
2010-08-11,10.615485
2010-08-12,7.7536364
2010-08-13,5.1977625
2010-08-14,29.558765
2010-08-15,14.618865
2010-08-16,9.480632
2010-08-17,7.847625
2010-08-18,6.83362
2010-08-19,8.779166
2010-08-20,5.900697
2010-08-21,5.402141
2010-08-22,7.3162804
2010-08-23,7.2209725
2010-08-24,4.7957096
2010-08-25,5.3586264
2010-08-26,4.7550077
2010-08-27,4.278904
2010-08-28,5.868428
2010-08-29,5.6023574
2010-08-30,3.8835323
2010-08-31,7.075013
2010-09-01,4.1015396
2010-09-02,6.0962467
2010-09-03,3.320265
2010-09-04,3.299864
2010-09-05,3.0299234
2010-09-06,2.8846605
2010-09-07,4.2688227
2010-09-08,5.5005264
2010-09-09,2.7519708
2010-09-10,2.571258
2010-09-11,2.457356
2010-09-12,3.4037395
2010-09-13,2.575847
2010-09-14,2.1989946
2010-09-15,2.0911937
2010-09-16,3.3188832
2010-09-17,5.0953007
2010-09-18,1.9706724
2010-09-19,1.8687519
2010-09-20,1.771874
2010-09-21,1.715952
2010-09-22,1.6783136
2010-09-23,1.6035382
2010-09-24,1.6885332
2010-09-25,2.11392
2010-09-26,1.4824817
2010-09-27,1.4181612
2010-09-28,1.4483252
2010-09-29,1.3444908
2010-09-30,1.2944107
2010-10-01,1.2409793
2010-10-02,2.8442504
2010-10-03,1.1966558
2010-10-04,1.1258565
2010-10-05,1.9694877
2010-10-06,2.4128423
2010-10-07,1.0850552
2010-10-08,0.99750185
2010-10-09,0.9672147
2010-10-10,1.0776035
2010-10-11,1.1085019
2010-10-12,0.8997985
2010-10-13,0.8656335
2010-10-14,0.8482845
2010-10-15,1.4551591
2010-10-16,0.81836015
2010-10-17,3.5899777
2010-10-18,2.0275626
2010-10-19,1.0892551
2010-10-20,1.3091575
2010-10-21,7.5982485
2010-10-22,0.94573784
2010-10-23,0.7086645
2010-10-24,0.6877107
2010-10-25,1.0763669
2010-10-26,3.1098871
2010-10-27,0.7590833
2010-10-28,1.1476167
2010-10-29,0.6746687
2010-10-30,0.64637816
2010-10-31,0.66422176
2010-11-01,1.2230752
2010-11-02,0.7436814
2010-11-03,0.6276522
2010-11-04,0.7036624
2010-11-05,0.58778524
2010-11-06,0.57847875
2010-11-07,2.2965748
2010-11-08,1.7925683
2010-11-09,0.8642572
2010-11-10,1.2455335
2010-11-11,1.017418
2010-11-12,2.6791642
2010-11-13,1.1455295
2010-11-14,3.08978
2010-11-15,0.7165067
2010-11-16,0.68346006
2010-11-17,1.5402594
2010-11-18,4.680186
2010-11-19,2.9716268
2010-11-20,1.1284171
2010-11-21,1.2782216
2010-11-22,2.3319385
2010-11-23,1.3465612
2010-11-24,2.4128706
2010-11-25,1.3778085
2010-11-26,1.3716909
2010-11-27,2.0737069
2010-11-28,2.5564086
2010-11-29,2.1487732
2010-11-30,2.3398478
2010-12-01,2.332894
2010-12-02,2.3567562
2010-12-03,2.3300884
2010-12-04,2.6443484
2010-12-05,2.434783
2010-12-06,2.2624114
2010-12-07,2.2833457
2010-12-08,3.192589
2010-12-09,3.4827023
2010-12-10,3.093776
2010-12-11,3.4801028
2010-12-12,2.2714827
2010-12-13,2.1751666
2010-12-14,2.1277592
2010-12-15,2.0501263
2010-12-16,2.1402628
2010-12-17,3.9093747
2010-12-18,3.4316256
2010-12-19,2.2775824
2010-12-20,1.883969
2010-12-21,1.8452268
2010-12-22,1.9736725
2010-12-23,2.9020727
2010-12-24,1.9788973
2010-12-25,1.9452507
2010-12-26,4.0999346
2010-12-27,3.6204972
2010-12-28,3.3197484
2010-12-29,3.7105603
2010-12-30,1.7249764
2010-12-31,1.6404067
2011-01-01,1.6092983
2011-01-02,1.5702456
2011-01-03,1.5255897
2011-01-04,1.481491
2011-01-05,1.4407411
2011-01-06,1.4638826
2011-01-07,4.4998913
2011-01-08,1.7401177
2011-01-09,1.3513961
2011-01-10,2.6649463
2011-01-11,4.1640024
2011-01-12,2.2570028
2011-01-13,1.2859327
2011-01-14,1.2356089
2011-01-15,1.2102045
2011-01-16,1.2125772
2011-01-17,1.4102758
2011-01-18,1.1685866
2011-01-19,1.1329578
2011-01-20,1.1063854
2011-01-21,1.0731494
2011-01-22,1.0408834
2011-01-23,1.0078162
2011-01-24,0.9763223
2011-01-25,0.9489123
2011-01-26,0.9181249
2011-01-27,0.9382871
2011-01-28,0.88068354
2011-01-29,0.8508379
2011-01-30,0.8259679
2011-01-31,0.87167555
2011-02-01,1.0480698
2011-02-02,0.85575837
2011-02-03,0.76126885
2011-02-04,0.7363008
2011-02-05,0.7139799
2011-02-06,0.6904339
2011-02-07,0.66901314
2011-02-08,0.6500367
2011-02-09,0.63246906
2011-02-10,0.6191187
2011-02-11,0.6509338
2011-02-12,0.60164785
2011-02-13,1.1147369
2011-02-14,0.636532
2011-02-15,0.9675724
2011-02-16,1.2554884
2011-02-17,0.83495367
2011-02-18,0.5344877
2011-02-19,0.5101801
2011-02-20,0.50128716
2011-02-21,0.4857151
2011-02-22,0.47256097
2011-02-23,2.6736813
2011-02-24,1.0676149
2011-02-25,0.5360808
2011-02-26,1.9990145
2011-02-27,1.0480055
2011-02-28,1.4229935
2011-03-01,0.48052
2011-03-02,1.3910779
2011-03-03,0.5583932
2011-03-04,0.4805756
2011-03-05,0.49974218
2011-03-06,1.5172198
2011-03-07,6.641733
2011-03-08,1.4343204
2011-03-09,0.55660087
2011-03-10,4.414104
2011-03-11,5.2883124
2011-03-12,0.8985534
2011-03-13,0.83166265
2011-03-14,0.8851279
2011-03-15,0.900505
2011-03-16,0.9156377
2011-03-17,3.1251373
2011-03-18,1.2654269
2011-03-19,3.9762862
2011-03-20,2.6490273
2011-03-21,1.0767964
2011-03-22,2.4153006
2011-03-23,2.469076
2011-03-24,2.461213
2011-03-25,2.0094461
2011-03-26,5.6159906
2011-03-27,2.2139633
2011-03-28,2.0217135
2011-03-29,2.0788305
2011-03-30,2.0555975
2011-03-31,2.0676968
2011-04-01,2.1627803
2011-04-02,2.0163038
2011-04-03,3.7419193
2011-04-04,3.0611994
2011-04-05,2.74921
2011-04-06,1.9465966
2011-04-07,3.9343786
2011-04-08,4.256505
2011-04-09,3.102924
2011-04-10,6.4612613
2011-04-11,4.0967627
2011-04-12,3.649695
2011-04-13,2.656921
2011-04-14,4.503718
2011-04-15,3.9226723
2011-04-16,8.55961
2011-04-17,5.4037805
2011-04-18,7.37746
2011-04-19,7.871654
2011-04-20,8.167819
2011-04-21,7.4132786
2011-04-22,7.1557717
2011-04-23,9.044311
2011-04-24,16.799435
2011-04-25,11.791991
2011-04-26,10.794696
2011-04-27,7.073446
2011-04-28,5.828041
2011-04-29,10.849116
2011-04-30,5.531464
2011-05-01,4.397985
2011-05-02,8.081914
2011-05-03,7.5349755
2011-05-04,5.068701
2011-05-05,4.081373
2011-05-06,4.6807156
2011-05-07,3.8590746
2011-05-08,6.14748
2011-05-09,20.685991
2011-05-10,12.523353
2011-05-11,11.681742
2011-05-12,8.384588
2011-05-13,6.7745256
2011-05-14,6.1348443
2011-05-15,8.076282
2011-05-16,5.21957
2011-05-17,6.6724906
2011-05-18,6.331514
2011-05-19,4.2564073
2011-05-20,7.6141887
2011-05-21,4.146836
2011-05-22,6.623554
2011-05-23,7.7718515
2011-05-24,6.91925
2011-05-25,7.2344084
2011-05-26,6.2838697
2011-05-27,5.4520144
2011-05-28,6.948331
2011-05-29,5.6078253
2011-05-30,16.762249
2011-05-31,9.399221
2011-06-01,7.663427
2011-06-02,6.7008533
2011-06-03,7.2706122
2011-06-04,6.1593065
2011-06-05,6.3959036
2011-06-06,5.6211367
2011-06-07,4.8924675
2011-06-08,5.092442
2011-06-09,5.2834454
2011-06-10,4.3692665
2011-06-11,4.17379
2011-06-12,4.6764793
2011-06-13,4.17162
2011-06-14,4.8671274
2011-06-15,5.2672687
2011-06-16,5.5286994
2011-06-17,6.467077
2011-06-18,7.9736385
2011-06-19,14.500628
2011-06-20,9.551169
2011-06-21,8.467329
2011-06-22,7.5626473
2011-06-23,7.2594295
2011-06-24,9.006734
2011-06-25,6.8627853
2011-06-26,7.300322
2011-06-27,6.520398
2011-06-28,6.3323035
2011-06-29,5.836694
2011-06-30,5.799154
2011-07-01,5.787898
2011-07-02,12.362231
2011-07-03,6.7773614
2011-07-04,9.062253
2011-07-05,6.9031467
2011-07-06,7.9722824
2011-07-07,14.054548
2011-07-08,12.652579
2011-07-09,9.232021
2011-07-10,8.114774
2011-07-11,8.292989
2011-07-12,7.8841844
2011-07-13,6.5823064
2011-07-14,5.554131
2011-07-15,5.183183
2011-07-16,5.167085
2011-07-17,4.3527765
2011-07-18,4.1943703
2011-07-19,4.1217594
2011-07-20,3.7689557
2011-07-21,3.5018017
2011-07-22,3.1392882
2011-07-23,5.7721252
2011-07-24,2.9805112
2011-07-25,4.993392
2011-07-26,6.326885
2011-07-27,2.8854127
2011-07-28,7.922179
2011-07-29,4.816478
2011-07-30,6.7504196
2011-07-31,5.4795938
2011-08-01,5.267229
2011-08-02,5.0627303
2011-08-03,4.823191
2011-08-04,5.4252763
2011-08-05,4.490102
2011-08-06,4.518682
2011-08-07,5.4813375
2011-08-08,3.6374393
2011-08-09,3.4512663
2011-08-10,3.3365297
2011-08-11,3.047257
2011-08-12,4.0386996
2011-08-13,2.7771635
2011-08-14,2.6373613
2011-08-15,2.6761954
2011-08-16,2.5004473
2011-08-17,2.2832623
2011-08-18,2.1819668
2011-08-19,5.609134
2011-08-20,2.7148902
2011-08-21,5.6641836
2011-08-22,2.3596132
2011-08-23,1.9207885
2011-08-24,2.8776639
2011-08-25,3.8247888
2011-08-26,2.744513
2011-08-27,2.4174917
2011-08-28,1.9329975
2011-08-29,3.3926244
2011-08-30,2.0312827
2011-08-31,2.0466352
2011-09-01,2.4654741
2011-09-02,4.5556474
2011-09-03,3.3002908
2011-09-04,2.5928807
2011-09-05,2.657107
2011-09-06,2.6423268
2011-09-07,4.2208214
2011-09-08,2.5323293
2011-09-09,3.583418
2011-09-10,2.5108392
2011-09-11,2.4852626
2011-09-12,2.7303617
2011-09-13,4.4150114
2011-09-14,2.8889515
2011-09-15,2.95642
2011-09-16,2.6715639
2011-09-17,3.0450945
2011-09-18,2.477455
2011-09-19,4.647939
2011-09-20,6.1836033
2011-09-21,4.3336844
2011-09-22,3.3687193
2011-09-23,2.2356474
2011-09-24,2.22493
2011-09-25,4.058734
2011-09-26,3.4362688
2011-09-27,2.5011234
2011-09-28,3.4087305
2011-09-29,2.9788675
2011-09-30,2.5689523
2011-10-01,3.9830475
2011-10-02,2.5714242
2011-10-03,2.4611
2011-10-04,3.1817033
2011-10-05,3.247554
2011-10-06,2.570896
2011-10-07,3.480557
2011-10-08,2.8518138
2011-10-09,2.7187574
2011-10-10,4.2816477
2011-10-11,3.2897255
2011-10-12,3.1155982
2011-10-13,3.245756
2011-10-14,3.212324
2011-10-15,3.1631796
2011-10-16,3.2845066
2011-10-17,2.9234316
2011-10-18,2.7622614
2011-10-19,3.9722073
2011-10-20,2.6357577
2011-10-21,3.7605362
2011-10-22,2.4685338
2011-10-23,2.2642512
2011-10-24,3.383057
2011-10-25,3.1492288
2011-10-26,4.199862
2011-10-27,2.0672336
2011-10-28,3.2823858
2011-10-29,4.6889057
2011-10-30,2.2006335
2011-10-31,2.0343564
2011-11-01,2.1200535
2011-11-02,3.6742089
2011-11-03,3.6192114
2011-11-04,2.2909343
2011-11-05,2.040327
2011-11-06,2.0004687
2011-11-07,1.9760957
2011-11-08,3.7299032
2011-11-09,4.8258348
2011-11-10,3.3939598
2011-11-11,2.0483217
2011-11-12,3.2776794
2011-11-13,2.1289349
2011-11-14,2.842695
2011-11-15,2.3096223
2011-11-16,3.5104532
2011-11-17,4.057885
2011-11-18,2.3553267
2011-11-19,2.3089323
2011-11-20,3.1458147
2011-11-21,4.396118
2011-11-22,2.8138018
2011-11-23,2.2418907
2011-11-24,2.4772835
2011-11-25,3.0119545
2011-11-26,2.8204195
2011-11-27,2.7965708
2011-11-28,2.762154
2011-11-29,3.1834414
2011-11-30,4.296579
2011-12-01,3.4497285
2011-12-02,2.5486393
2011-12-03,4.111779
2011-12-04,2.5293794
2011-12-05,3.0116482
2011-12-06,2.303118
2011-12-07,3.5739021
2011-12-08,2.1942
2011-12-09,2.0835502
2011-12-10,1.9995557
2011-12-11,3.2791858
2011-12-12,2.2362382
2011-12-13,1.87298
2011-12-14,2.7517815
2011-12-15,3.2575755
2011-12-16,2.8501177
2011-12-17,2.8670897
2011-12-18,4.376005
2011-12-19,2.359258
2011-12-20,3.7099996
2011-12-21,2.3516998
2011-12-22,2.5091982
2011-12-23,2.5995705
2011-12-24,2.5862916
2011-12-25,3.2727993
2011-12-26,2.5449142
2011-12-27,2.471959
2011-12-28,5.09609
2011-12-29,5.123219
2011-12-30,4.4999604
2011-12-31,4.4365563
2012-01-01,3.4112668
2012-01-02,3.2758114
2012-01-03,3.1413755
2012-01-04,3.0483499
2012-01-05,2.909762
2012-01-06,3.749303
2012-01-07,3.5435693
2012-01-08,2.9186094
2012-01-09,2.4955385
2012-01-10,3.8540962
2012-01-11,3.527986
2012-01-12,2.6531515
2012-01-13,2.1798651
2012-01-14,2.0646062
2012-01-15,2.0582945
2012-01-16,2.378234
2012-01-17,1.911544
2012-01-18,3.0533361
2012-01-19,1.830481
2012-01-20,1.7335888
2012-01-21,1.679505
2012-01-22,1.6215695
2012-01-23,1.568011
2012-01-24,1.5727334
2012-01-25,1.5482596
2012-01-26,1.4652458
2012-01-27,1.3934082
2012-01-28,2.4901042
2012-01-29,1.4608196
2012-01-30,1.9584951
2012-01-31,1.3173852
2012-02-01,1.2312973
2012-02-02,1.2015698
2012-02-03,1.1671537
2012-02-04,1.1200603
2012-02-05,1.4457631
2012-02-06,4.023982
2012-02-07,4.5537114
2012-02-08,2.899053
2012-02-09,4.804916
2012-02-10,1.4334562
2012-02-11,1.429788
2012-02-12,1.4702835
2012-02-13,1.4787475
2012-02-14,1.4565637
2012-02-15,1.4233962
2012-02-16,1.3838688
2012-02-17,1.4129806
2012-02-18,1.441222
2012-02-19,1.3100947
2012-02-20,1.2610734
2012-02-21,1.2227397
2012-02-22,1.1940678
2012-02-23,1.2038857
2012-02-24,1.1521472
2012-02-25,2.3773148
2012-02-26,1.334889
2012-02-27,1.0609233
2012-02-28,1.0259494
2012-02-29,1.0090079
2012-03-01,1.0632373
2012-03-02,4.985085
2012-03-03,3.6555746
2012-03-04,2.2914932
2012-03-05,3.7665975
2012-03-06,1.869261
2012-03-07,1.7077154
2012-03-08,5.3811274
2012-03-09,1.6205128
2012-03-10,1.7800281
2012-03-11,2.1551447
2012-03-12,1.5402033
2012-03-13,3.9680836
2012-03-14,1.7004544
2012-03-15,1.5922891
2012-03-16,2.1170986
2012-03-17,2.4962442
2012-03-18,2.5826094
2012-03-19,2.8970644
2012-03-20,2.5012174
2012-03-21,4.9613776
2012-03-22,4.427983
2012-03-23,6.188075
2012-03-24,4.094241
2012-03-25,4.322247
2012-03-26,4.797582
2012-03-27,4.0282946
2012-03-28,5.623656
2012-03-29,4.34006
2012-03-30,5.54669
2012-03-31,4.8979445
2012-04-01,5.5247455
2012-04-02,6.128605
2012-04-03,5.7363405
2012-04-04,5.4117
2012-04-05,6.3125205
2012-04-06,6.259121
2012-04-07,5.1993403
2012-04-08,7.367818
2012-04-09,5.9682264
2012-04-10,6.644577
2012-04-11,5.787049
2012-04-12,6.80795
2012-04-13,5.4493904
2012-04-14,7.334416
2012-04-15,5.2242346
2012-04-16,5.519455
2012-04-17,5.137848
2012-04-18,4.772468
2012-04-19,5.8558364
2012-04-20,6.058587
2012-04-21,4.1824737
2012-04-22,4.9882097
2012-04-23,3.8743527
2012-04-24,5.26847
2012-04-25,3.848091
2012-04-26,3.4857366
2012-04-27,6.671485
2012-04-28,4.8726163
2012-04-29,6.97689
2012-04-30,6.785664
2012-05-01,8.889801
2012-05-02,16.413298
2012-05-03,10.566478
2012-05-04,9.275401
2012-05-05,8.25776
2012-05-06,7.6018214
2012-05-07,8.894851
2012-05-08,6.1327925
2012-05-09,5.7445235
2012-05-10,5.5053616
2012-05-11,4.902051
2012-05-12,6.161451
2012-05-13,6.8445463
2012-05-14,5.212563
2012-05-15,4.465449
2012-05-16,31.01156
2012-05-17,7.956739
2012-05-18,8.505313
2012-05-19,8.735146
2012-05-20,10.235759
2012-05-21,6.5508842
2012-05-22,5.991283
2012-05-23,7.1214304
2012-05-24,5.4561915
2012-05-25,5.1223955
2012-05-26,4.7330556
2012-05-27,4.4308133
2012-05-28,4.1869473
2012-05-29,5.7653475
2012-05-30,3.8528733
2012-05-31,4.4715843
2012-06-01,4.715538
2012-06-02,3.7231464
2012-06-03,3.887995
2012-06-04,5.0793
2012-06-05,3.1152751
2012-06-06,3.0055943
2012-06-07,3.0276067
2012-06-08,3.6243606
2012-06-09,3.4642398
2012-06-10,4.475801
2012-06-11,3.0470676
2012-06-12,3.2864897
2012-06-13,4.5443697
2012-06-14,3.5795784
2012-06-15,3.7277744
2012-06-16,3.5352247
2012-06-17,3.402347
2012-06-18,3.7584522
2012-06-19,3.210154
2012-06-20,3.131711
2012-06-21,3.1325014
2012-06-22,2.875202
2012-06-23,2.8422437
2012-06-24,2.942405
2012-06-25,2.7374792
2012-06-26,3.2654896
2012-06-27,4.0507474
2012-06-28,3.9764285
2012-06-29,2.4053614
2012-06-30,4.6231318
2012-07-01,2.7579136
2012-07-02,2.8563612
2012-07-03,2.6690161
2012-07-04,2.4411304
2012-07-05,4.381102
2012-07-06,4.236853
2012-07-07,5.979053
2012-07-08,8.785318
2012-07-09,8.478808
2012-07-10,7.7627544
2012-07-11,8.019081
2012-07-12,8.812182
2012-07-13,6.886606
2012-07-14,6.4963584
2012-07-15,5.9382687
2012-07-16,8.397056
2012-07-17,5.19133
2012-07-18,4.8430614
2012-07-19,5.4268265
2012-07-20,7.9410367
2012-07-21,4.479066
2012-07-22,4.2188783
2012-07-23,4.083011
2012-07-24,4.062506
2012-07-25,3.8216534
2012-07-26,4.2053404
2012-07-27,4.354211
2012-07-28,4.997412
2012-07-29,4.862621
2012-07-30,6.0318093
2012-07-31,5.4218893
2012-08-01,4.5196533
2012-08-02,6.139014
2012-08-03,6.5736423
2012-08-04,6.1221485
2012-08-05,5.0573554
2012-08-06,7.785833
2012-08-07,7.487264
2012-08-08,7.867407
2012-08-09,6.2758613
2012-08-10,5.559915
2012-08-11,5.5524263
2012-08-12,4.472282
2012-08-13,4.554374
2012-08-14,4.587982
2012-08-15,7.330375
2012-08-16,3.7391396
2012-08-17,6.1870174
2012-08-18,8.341139
2012-08-19,6.5443354
2012-08-20,6.275366
2012-08-21,6.0892243
2012-08-22,5.5535293
2012-08-23,9.4518795
2012-08-24,4.8789654
2012-08-25,5.19296
2012-08-26,8.601082
2012-08-27,9.95751
2012-08-28,9.845752
2012-08-29,9.769162
2012-08-30,7.819043
2012-08-31,8.301221
2012-09-01,13.06879
2012-09-02,6.301684
2012-09-03,5.721661
2012-09-04,7.49906
2012-09-05,7.2614264
2012-09-06,5.3725967
2012-09-07,4.548928
2012-09-08,4.280479
2012-09-09,3.9253225
2012-09-10,3.8150685
2012-09-11,3.906479
2012-09-12,4.0191746
2012-09-13,3.6769607
2012-09-14,6.106723
2012-09-15,2.808865
2012-09-16,2.6791537
2012-09-17,2.509267
2012-09-18,2.5141072
2012-09-19,2.3965254
2012-09-20,2.2133822
2012-09-21,2.1163676
2012-09-22,2.0827825
2012-09-23,2.318097
2012-09-24,1.9506099
2012-09-25,7.4765134
2012-09-26,2.532109
2012-09-27,3.3672717
2012-09-28,3.517148
2012-09-29,1.8918
2012-09-30,2.9475198
2012-10-01,2.8984823
2012-10-02,2.9532197
2012-10-03,2.3033507
2012-10-04,2.7364354
2012-10-05,4.6846595
2012-10-06,3.7956502
2012-10-07,2.2517989
2012-10-08,2.9509797
2012-10-09,2.1466687
2012-10-10,2.1034167
2012-10-11,2.044728
2012-10-12,2.225461
2012-10-13,2.436447
2012-10-14,2.8951216
2012-10-15,6.38892
2012-10-16,1.9963933
2012-10-17,2.648638
2012-10-18,1.8782843
2012-10-19,2.8797152
2012-10-20,2.6749105
2012-10-21,3.2274547
2012-10-22,1.9534464
2012-10-23,1.8178884
2012-10-24,1.7733016
2012-10-25,1.7209159
2012-10-26,1.7523468
2012-10-27,2.11635
2012-10-28,1.5970315
2012-10-29,1.6153537
2012-10-30,2.6212916
2012-10-31,2.2519202
2012-11-01,2.7492373
2012-11-02,3.420671
2012-11-03,1.5993279
2012-11-04,1.3839464
2012-11-05,1.3297316
2012-11-06,1.9771392
2012-11-07,1.3094237
2012-11-08,1.3829609
2012-11-09,2.0769029
2012-11-10,1.2620517
2012-11-11,1.2147627
2012-11-12,1.2226503
2012-11-13,2.3752346
2012-11-14,2.0433302
2012-11-15,1.9314408
2012-11-16,1.3906775
2012-11-17,1.8457844
2012-11-18,1.5047995
2012-11-19,1.7997301
2012-11-20,1.4631853
2012-11-21,1.3863527
2012-11-22,1.3653299
2012-11-23,1.3418199
2012-11-24,1.2831316
2012-11-25,1.2415121
2012-11-26,1.242747
2012-11-27,1.9356716
2012-11-28,2.5951533
2012-11-29,1.1841241
2012-11-30,1.1020521
2012-12-01,1.0678558
2012-12-02,1.0369934
2012-12-03,1.0153735
2012-12-04,1.0660521
2012-12-05,0.9686761
2012-12-06,1.0580033
2012-12-07,0.9703935
2012-12-08,0.8858853
2012-12-09,0.87229097
2012-12-10,0.8568003
2012-12-11,0.875623
2012-12-12,0.8660575
2012-12-13,0.9075154
2012-12-14,0.78547037
2012-12-15,1.5911932
2012-12-16,0.76571053
2012-12-17,0.7276881
2012-12-18,0.7103294
2012-12-19,0.7451933
2012-12-20,2.5849335
2012-12-21,0.72082484
2012-12-22,1.0828487
2012-12-23,0.94170654
2012-12-24,1.6241426
2012-12-25,3.6319919
2012-12-26,0.7338999
2012-12-27,1.7248942
2012-12-28,0.6876343
2012-12-29,0.6668179
2012-12-30,0.6725469
2012-12-31,0.6391812
2013-01-01,0.63283134
2013-01-02,0.62149745
2013-01-03,0.61219454
2013-01-04,0.61229116
2013-01-05,0.58777744
2013-01-06,0.57852095
2013-01-07,0.5620442
2013-01-08,0.54386675
2013-01-09,0.5298603
2013-01-10,0.5163019
2013-01-11,0.5044454
2013-01-12,0.48829725
2013-01-13,0.4726566
2013-01-14,0.4579186
2013-01-15,0.44300488
2013-01-16,0.43154398
2013-01-17,0.41861308
2013-01-18,0.40700632
2013-01-19,0.4022501
2013-01-20,0.38385195
2013-01-21,0.37790447
2013-01-22,0.3606278
2013-01-23,0.3570118
2013-01-24,0.35497013
2013-01-25,0.337286
2013-01-26,0.32203212
2013-01-27,0.3113201
2013-01-28,0.30148295
2013-01-29,0.29070267
2013-01-30,0.2813819
2013-01-31,0.2741643
2013-02-01,0.3134676
2013-02-02,0.2648195
2013-02-03,0.24947764
2013-02-04,0.2625767
2013-02-05,0.24036857
2013-02-06,0.2337422
2013-02-07,0.2493512
2013-02-08,0.23915237
2013-02-09,0.25847197
2013-02-10,0.4346981
2013-02-11,0.23564011
2013-02-12,0.2174532
2013-02-13,0.5208345
2013-02-14,0.20862465
2013-02-15,0.19560935
2013-02-16,0.283434
2013-02-17,0.6862687
2013-02-18,1.4029025
2013-02-19,0.28435305
2013-02-20,0.95478266
2013-02-21,2.355808
2013-02-22,1.2072555
2013-02-23,1.3674754
2013-02-24,2.1900826
2013-02-25,1.031062
2013-02-26,1.0255741
2013-02-27,0.20342146
2013-02-28,2.274632
2013-03-01,1.3694311
2013-03-02,0.20746984
2013-03-03,0.1629513
2013-03-04,0.20183021
2013-03-05,4.625493
2013-03-06,2.539944
2013-03-07,1.0889657
2013-03-08,1.4588256
2013-03-09,0.23207596
2013-03-10,0.31099445
2013-03-11,2.467323
2013-03-12,1.8808469
2013-03-13,0.6901863
2013-03-14,1.2653548
2013-03-15,0.92005944
2013-03-16,0.21997596
2013-03-17,3.1435337
2013-03-18,1.0250155
2013-03-19,4.0793705
2013-03-20,0.40591407
2013-03-21,0.27860186
2013-03-22,1.0016798
2013-03-23,3.6667886
2013-03-24,1.0949025
2013-03-25,0.4298462
2013-03-26,0.44782385
2013-03-27,0.5116166
2013-03-28,0.5401957
2013-03-29,3.1539419
2013-03-30,0.6593069
2013-03-31,3.2470405
2013-04-01,3.6912968
2013-04-02,2.1633477
2013-04-03,0.6416583
2013-04-04,0.8102494
2013-04-05,0.70361763
2013-04-06,0.7133767
2013-04-07,0.700328
2013-04-08,0.6957652
2013-04-09,1.6240872
2013-04-10,0.75575024
2013-04-11,0.69329524
2013-04-12,0.6860495
2013-04-13,0.68968993
2013-04-14,4.638037
2013-04-15,1.8484747
2013-04-16,1.0327259
2013-04-17,1.6285683
2013-04-18,0.9817402
2013-04-19,7.5523224
2013-04-20,2.2623096
2013-04-21,2.4099848
2013-04-22,4.830367
2013-04-23,5.552431
2013-04-24,10.244068
2013-04-25,6.93826
2013-04-26,11.053244
2013-04-27,6.3160267
2013-04-28,5.641899
2013-04-29,5.169031
2013-04-30,7.0930552
2013-05-01,7.789953
2013-05-02,5.612431
2013-05-03,6.637672
2013-05-04,3.9411917
2013-05-05,3.7006536
2013-05-06,4.680614
2013-05-07,4.3019857
2013-05-08,6.7512255
2013-05-09,3.4656627
2013-05-10,3.9131758
2013-05-11,3.4008865
2013-05-12,3.8651083
2013-05-13,3.1102126
2013-05-14,4.424708
2013-05-15,3.1440988
2013-05-16,4.707059
2013-05-17,5.069611
2013-05-18,7.3371625
2013-05-19,14.153505
2013-05-20,8.032624
2013-05-21,6.7526755
2013-05-22,7.144036
2013-05-23,5.9335
2013-05-24,5.555772
2013-05-25,7.890317
2013-05-26,5.979136
2013-05-27,6.4291573
2013-05-28,8.763623
2013-05-29,9.789379
2013-05-30,7.550199
2013-05-31,6.362073
2013-06-01,7.077009
2013-06-02,7.9467745
2013-06-03,6.0898666
2013-06-04,7.698225
2013-06-05,5.8404207
2013-06-06,7.32947
2013-06-07,8.08985
2013-06-08,6.908868
2013-06-09,6.8965907
2013-06-10,10.334828
2013-06-11,9.738404
2013-06-12,13.684078
2013-06-13,9.613152
2013-06-14,11.460301
2013-06-15,8.732137
2013-06-16,7.6818833
2013-06-17,7.435455
2013-06-18,7.9513855
2013-06-19,6.5933194
2013-06-20,5.4136024
2013-06-21,6.1781397
2013-06-22,4.809013
2013-06-23,5.584047
2013-06-24,6.3659496
2013-06-25,4.9438443
2013-06-26,4.8727884
2013-06-27,3.546553
2013-06-28,3.9112365
2013-06-29,3.7271771
2013-06-30,3.0863485
2013-07-01,3.3459513
2013-07-02,6.874915
2013-07-03,2.9371994
2013-07-04,2.6905928
2013-07-05,2.7461913
2013-07-06,2.7867732
2013-07-07,2.4137866
2013-07-08,2.7665167
2013-07-09,3.152348
2013-07-10,2.672137
2013-07-11,3.384632
2013-07-12,3.9468033
2013-07-13,5.354012
2013-07-14,2.1391041
2013-07-15,2.7352936
2013-07-16,2.5661767
2013-07-17,6.6035953
2013-07-18,2.6824615
2013-07-19,3.6884522
2013-07-20,3.7831142
2013-07-21,4.9858513
2013-07-22,3.6125207
2013-07-23,3.7106352
2013-07-24,7.8896346
2013-07-25,4.678321
2013-07-26,5.4530287
2013-07-27,4.4350886
2013-07-28,4.2503667
2013-07-29,4.5840254
2013-07-30,4.012883
2013-07-31,4.315433
2013-08-01,3.6427617
2013-08-02,5.375683
2013-08-03,12.398758
2013-08-04,4.416267
2013-08-05,6.419518
2013-08-06,4.451008
2013-08-07,4.4759426
2013-08-08,5.2567677
2013-08-09,3.9358368
2013-08-10,4.327668
2013-08-11,3.569201
2013-08-12,5.176781
2013-08-13,5.7120967
2013-08-14,4.981793
2013-08-15,4.027578
2013-08-16,3.1308103
2013-08-17,3.883431
2013-08-18,4.390575
2013-08-19,7.481951
2013-08-20,5.125178
2013-08-21,4.26465
2013-08-22,4.8784995
2013-08-23,3.9923365
2013-08-24,3.8729208
2013-08-25,4.8635006
2013-08-26,4.46696
2013-08-27,5.366014
2013-08-28,6.3278613
2013-08-29,5.413031
2013-08-30,4.1338053
2013-08-31,4.041686
2013-09-01,3.944643
2013-09-02,3.8237154
2013-09-03,3.6542919
2013-09-04,3.477662
2013-09-05,3.681281
2013-09-06,3.3257911
2013-09-07,3.7088814
2013-09-08,2.9397979
2013-09-09,3.3684876
2013-09-10,3.0363467
2013-09-11,3.1544359
2013-09-12,4.1590667
2013-09-13,2.516772
2013-09-14,2.4251983
2013-09-15,2.5345013
2013-09-16,4.3446617
2013-09-17,4.05224
2013-09-18,5.1195564
2013-09-19,4.417117
2013-09-20,2.9064767
2013-09-21,3.5133212
2013-09-22,2.5631382
2013-09-23,2.497918
2013-09-24,3.3581612
2013-09-25,6.675507
2013-09-26,4.1319675
2013-09-27,3.931526
2013-09-28,3.179384
2013-09-29,3.2916868
2013-09-30,5.6749344
2013-10-01,4.8204913
2013-10-02,3.1299167
2013-10-03,3.0429363
2013-10-04,5.1996894
2013-10-05,7.5905685
2013-10-06,2.9454618
2013-10-07,2.743512
2013-10-08,3.3524654
2013-10-09,2.8782725
2013-10-10,3.1774673
2013-10-11,2.4249792
2013-10-12,2.7540247
2013-10-13,3.8253782
2013-10-14,2.242854
2013-10-15,2.1008897
2013-10-16,2.1163123
2013-10-17,2.0685368
2013-10-18,2.2988827
2013-10-19,1.8831043
2013-10-20,1.9715419
2013-10-21,1.7504413
2013-10-22,2.5051777
2013-10-23,4.340069
2013-10-24,3.647976
2013-10-25,1.6070117
2013-10-26,1.5058718
2013-10-27,1.4906884
2013-10-28,1.4253545
2013-10-29,2.0086915
2013-10-30,1.6527001
2013-10-31,2.3362901
2013-11-01,1.3728654
2013-11-02,1.5903496
2013-11-03,2.1594472
2013-11-04,2.3044007
2013-11-05,2.2397416
2013-11-06,1.2071456
2013-11-07,1.5798392
2013-11-08,1.3427002
2013-11-09,1.1285315
2013-11-10,1.1354289
2013-11-11,2.1451247
2013-11-12,1.1116195
2013-11-13,1.820246
2013-11-14,2.4656937
2013-11-15,3.6236653
2013-11-16,1.7945819
2013-11-17,1.0281279
2013-11-18,0.99250394
2013-11-19,0.98895204
2013-11-20,0.96269125
2013-11-21,0.9437287
2013-11-22,2.3934844
2013-11-23,2.409647
2013-11-24,0.95844483
2013-11-25,0.9406977
2013-11-26,0.9031966
2013-11-27,1.3423239
2013-11-28,0.8780021
2013-11-29,0.81882244
2013-11-30,0.8240928
2013-12-01,0.821582
2013-12-02,0.79331255
2013-12-03,1.4917084
2013-12-04,0.9612329
2013-12-05,0.9257972
2013-12-06,6.8367524
2013-12-07,1.9085006
2013-12-08,2.215761
2013-12-09,1.4810299
2013-12-10,2.4400117
2013-12-11,2.3591049
2013-12-12,7.989294
2013-12-13,2.4128287
2013-12-14,2.8249748
2013-12-15,2.8402264
2013-12-16,2.6610372
2013-12-17,5.0721445
2013-12-18,2.7992857
2013-12-19,2.4673288
2013-12-20,2.3923686
2013-12-21,2.3057275
2013-12-22,2.2212484
2013-12-23,2.13555
2013-12-24,2.048201
2013-12-25,1.9797362
2013-12-26,1.8949809
2013-12-27,1.8304293
2013-12-28,1.7679621
2013-12-29,1.7230384
2013-12-30,1.628782
2013-12-31,1.554803
2014-01-01,1.5060408
2014-01-02,1.4372563
2014-01-03,1.4269475
2014-01-04,1.3299353
2014-01-05,1.2900498
2014-01-06,1.3121225
2014-01-07,2.740421
2014-01-08,1.2116551
2014-01-09,1.148708
2014-01-10,1.1332294
2014-01-11,1.0620193
2014-01-12,1.009624
2014-01-13,0.96928525
2014-01-14,0.9307546
2014-01-15,0.89521664
2014-01-16,0.8684665
2014-01-17,0.8395351
2014-01-18,1.362322
2014-01-19,0.9338213
2014-01-20,1.3894753
2014-01-21,0.77598184
2014-01-22,0.73423064
2014-01-23,0.704899
2014-01-24,0.69019616
2014-01-25,0.66663396
2014-01-26,0.6499205
2014-01-27,0.6226097
2014-01-28,0.60293466
2014-01-29,0.580822
2014-01-30,0.8568284
2014-01-31,0.5563386
2014-02-01,0.5320182
2014-02-02,0.51393396
2014-02-03,0.49992406
2014-02-04,0.729222
2014-02-05,0.4851154
2014-02-06,0.46475697
2014-02-07,0.46219572
2014-02-08,0.4476095
2014-02-09,0.45871785
2014-02-10,0.43366066
2014-02-11,0.40827402
2014-02-12,1.291868
2014-02-13,1.3464514
2014-02-14,0.41504765
2014-02-15,0.3742257
2014-02-16,0.35985813
2014-02-17,0.34926674
2014-02-18,0.33804843
2014-02-19,0.33159313
2014-02-20,0.32467854
2014-02-21,0.31504145
2014-02-22,0.30828214
2014-02-23,0.2978973
2014-02-24,0.3579904
2014-02-25,0.35674283
2014-02-26,0.4784873
2014-02-27,0.2955096
2014-02-28,0.8262462
2014-03-01,1.6362294
2014-03-02,0.67901355
2014-03-03,0.2763646
2014-03-04,0.25634935
2014-03-05,0.27602586
2014-03-06,0.5483594
2014-03-07,0.89110917
2014-03-08,1.0543574
2014-03-09,0.27434164
2014-03-10,0.23712051
2014-03-11,1.7696419
2014-03-12,0.27075496
2014-03-13,0.28681067
2014-03-14,0.3151157
2014-03-15,1.0883051
2014-03-16,0.8827662
2014-03-17,1.9394647
2014-03-18,0.5779389
2014-03-19,0.7818558
2014-03-20,0.28694654
2014-03-21,0.21951512
2014-03-22,0.21901387
2014-03-23,0.26068917
2014-03-24,0.893083
2014-03-25,3.0095575
2014-03-26,2.7923303
2014-03-27,3.4783254
2014-03-28,1.4960479
2014-03-29,0.38699517
2014-03-30,0.3574775
2014-03-31,0.36763147
2014-04-01,0.37187624
2014-04-02,1.1871014
2014-04-03,0.43680152
2014-04-04,3.5034645
2014-04-05,2.2607555
2014-04-06,1.2187952
2014-04-07,2.9642267
2014-04-08,1.4047297
2014-04-09,2.0164566
2014-04-10,3.885746
2014-04-11,1.592271
2014-04-12,0.5566662
2014-04-13,0.57327986
2014-04-14,2.618514
2014-04-15,1.4150056
2014-04-16,1.163169
2014-04-17,2.912637
2014-04-18,0.97208464
2014-04-19,2.8071582
2014-04-20,2.4979057
2014-04-21,2.2602997
2014-04-22,4.382668
2014-04-23,2.9677303
2014-04-24,2.3697774
2014-04-25,2.8405836
2014-04-26,3.5481365
2014-04-27,6.020184
2014-04-28,3.3545816
2014-04-29,3.4031398
2014-04-30,4.2828026
2014-05-01,5.1934175
2014-05-02,6.1986103
2014-05-03,4.774909
2014-05-04,7.0161543
2014-05-05,5.099098
2014-05-06,4.161555
2014-05-07,3.9771595
2014-05-08,5.928899
2014-05-09,7.1434507
2014-05-10,10.285383
2014-05-11,28.896065
2014-05-12,12.591931
2014-05-13,10.072428
2014-05-14,10.272328
2014-05-15,6.833212
2014-05-16,6.687379
2014-05-17,8.801964
2014-05-18,5.0627084
2014-05-19,12.176565
2014-05-20,7.1283474
2014-05-21,5.074766
2014-05-22,7.1475754
2014-05-23,7.1196504
2014-05-24,4.4778996
2014-05-25,4.454907
2014-05-26,4.026235
2014-05-27,4.7775664
2014-05-28,4.1584334
2014-05-29,5.8432555
2014-05-30,3.5026262
2014-05-31,4.9047303
2014-06-01,3.3359
2014-06-02,3.2530847
2014-06-03,4.886176
2014-06-04,5.4213157
2014-06-05,3.2896056
2014-06-06,4.2482467
2014-06-07,10.936752
2014-06-08,46.039803
2014-06-09,17.573017
2014-06-10,10.843193
2014-06-11,8.736646
2014-06-12,6.899198
2014-06-13,7.4384456
2014-06-14,7.015195
2014-06-15,6.7818346
2014-06-16,12.432889
2014-06-17,5.4016337
2014-06-18,6.7234797
2014-06-19,8.509561
2014-06-20,6.4056416
2014-06-21,5.5340962
2014-06-22,5.3279095
2014-06-23,5.2074833
2014-06-24,4.973878
2014-06-25,11.086571
2014-06-26,18.976786
2014-06-27,12.654557
2014-06-28,9.981871
2014-06-29,8.94439
2014-06-30,9.413152
2014-07-01,8.002658
2014-07-02,7.142684
2014-07-03,6.3079767
2014-07-04,5.8705497
2014-07-05,6.980982
2014-07-06,5.687223
2014-07-07,4.5613723
2014-07-08,6.65385
2014-07-09,5.2208824
2014-07-10,4.291061
2014-07-11,3.9468575
2014-07-12,9.654003
2014-07-13,5.6243253
2014-07-14,6.5404606
2014-07-15,5.935753
2014-07-16,8.151519
2014-07-17,5.736103
2014-07-18,5.324403
2014-07-19,7.3773193
2014-07-20,4.6880093
2014-07-21,4.5621696
2014-07-22,5.4172935
2014-07-23,4.5089445
2014-07-24,3.6334925
2014-07-25,3.3681417
2014-07-26,3.3175082
2014-07-27,3.255763
2014-07-28,2.904617
2014-07-29,2.8541894
2014-07-30,6.7316
2014-07-31,3.3752327
2014-08-01,2.607312
2014-08-02,3.3392553
2014-08-03,3.5174494
2014-08-04,3.0273104
2014-08-05,2.4970958
2014-08-06,3.8629332
2014-08-07,3.9863544
2014-08-08,2.2628417
2014-08-09,8.3891735
2014-08-10,3.0230591
2014-08-11,2.3896735
2014-08-12,4.9540753
2014-08-13,2.654763
2014-08-14,4.1609306
2014-08-15,6.676041
2014-08-16,3.4351604
2014-08-17,3.5992494
2014-08-18,4.260381
2014-08-19,6.601013
2014-08-20,6.8357015
2014-08-21,6.660006
2014-08-22,6.014649
2014-08-23,5.669289
2014-08-24,5.2791595
2014-08-25,5.052654
2014-08-26,5.313962
2014-08-27,4.4577775
2014-08-28,4.292981
2014-08-29,4.582539
2014-08-30,3.5222874
2014-08-31,3.399444
2014-09-01,3.1779914
2014-09-02,3.0323625
2014-09-03,4.773276
2014-09-04,4.878577
2014-09-05,2.7802503
2014-09-06,2.8515458
2014-09-07,2.855483
2014-09-08,2.4974709
2014-09-09,2.4334028
2014-09-10,2.2716022
2014-09-11,3.2495737
2014-09-12,3.6007142
2014-09-13,4.7196836
2014-09-14,2.7667058
2014-09-15,3.8087769
2014-09-16,3.7759385
2014-09-17,2.9802802
2014-09-18,2.7709205
2014-09-19,2.4258156
2014-09-20,3.6812801
2014-09-21,3.8587291
2014-09-22,3.7361708
2014-09-23,3.8540478
2014-09-24,2.522439
2014-09-25,2.3915062
2014-09-26,2.3244817
2014-09-27,2.3885272
2014-09-28,2.2260547
2014-09-29,2.1232548
2014-09-30,2.7399192
2014-10-01,2.0322487
2014-10-02,2.834201
2014-10-03,1.9846425
2014-10-04,2.2365096
2014-10-05,1.8316936
2014-10-06,2.2974243
2014-10-07,3.728749
2014-10-08,1.7676796
2014-10-09,2.015783
2014-10-10,3.2853203
2014-10-11,1.736183
2014-10-12,2.2324402
2014-10-13,2.3137236
2014-10-14,2.7644632
2014-10-15,3.5706756
2014-10-16,3.4981682
2014-10-17,2.3446484
2014-10-18,5.544824
2014-10-19,2.7725027
2014-10-20,2.80924
2014-10-21,8.41433
2014-10-22,3.6363997
2014-10-23,4.135353
2014-10-24,3.7708611
2014-10-25,3.3923328
2014-10-26,3.3046699
2014-10-27,3.2724001
2014-10-28,3.6399162
2014-10-29,3.059071
2014-10-30,3.0613263
2014-10-31,2.799996
2014-11-01,3.4275131
2014-11-02,3.2792194
2014-11-03,3.691537
2014-11-04,2.7755084
2014-11-05,2.2815268
2014-11-06,4.539826
2014-11-07,3.4645743
2014-11-08,2.098967
2014-11-09,3.0509415
2014-11-10,2.1660485
2014-11-11,1.9898366
2014-11-12,3.5559163
2014-11-13,2.0085826
2014-11-14,3.8011935
2014-11-15,1.9194704
2014-11-16,5.56368
2014-11-17,3.1680448
2014-11-18,3.0965617
2014-11-19,4.5378876
2014-11-20,2.989185
2014-11-21,4.520291
2014-11-22,2.6251442
2014-11-23,3.4626396
2014-11-24,2.5770829
2014-11-25,6.4093776
2014-11-26,2.8281984
2014-11-27,2.768985
2014-11-28,2.7726164
2014-11-29,2.7274365
2014-11-30,3.1121333
2014-12-01,2.6103988
2014-12-02,2.4988923
2014-12-03,2.390438
2014-12-04,2.291887
2014-12-05,2.2025256
2014-12-06,2.1437821
2014-12-07,2.110751
2014-12-08,2.5548456
2014-12-09,1.8983003
2014-12-10,2.4139867
2014-12-11,2.4517303
2014-12-12,3.8619204
2014-12-13,2.5365767
2014-12-14,3.2277539
2014-12-15,1.684219
2014-12-16,1.584042
2014-12-17,1.6924366
2014-12-18,1.6053509
2014-12-19,1.4670935
2014-12-20,1.418798
2014-12-21,1.3890721
2014-12-22,1.3274504
2014-12-23,1.2790272
2014-12-24,1.2517043
2014-12-25,2.1753278
2014-12-26,1.2321725
2014-12-27,1.1746147
2014-12-28,1.1236296
2014-12-29,1.092074
2014-12-30,1.1397244
2014-12-31,1.1325226
2015-01-01,1.0095395
2015-01-02,0.8982315
2015-01-03,0.8437691
2015-01-04,0.8219738
2015-01-05,0.80466855
2015-01-06,0.784431
2015-01-07,0.7609907
2015-01-08,0.74007696
2015-01-09,0.726
2015-01-10,0.72799
2015-01-11,1.0556123
2015-01-12,0.73866725
2015-01-13,1.8051758
2015-01-14,0.70435315
2015-01-15,0.64584357
2015-01-16,1.6817036
2015-01-17,2.4092064
2015-01-18,1.6463081
2015-01-19,0.64182806
2015-01-20,1.3300767
2015-01-21,1.1873213
2015-01-22,1.692117
2015-01-23,1.0658221
2015-01-24,1.5127854
2015-01-25,0.59763145
2015-01-26,0.5558326
2015-01-27,0.55377233
2015-01-28,0.540157
2015-01-29,0.8889623
2015-01-30,0.5668067
2015-01-31,1.2553489
2015-02-01,0.97648925
2015-02-02,1.7267101
2015-02-03,1.9442747
2015-02-04,0.6416113
2015-02-05,2.408445
2015-02-06,0.65708715
2015-02-07,0.58766794
2015-02-08,0.57895124
2015-02-09,0.5755346
2015-02-10,0.58768594
2015-02-11,0.58769697
2015-02-12,0.5898999
2015-02-13,0.7645981
2015-02-14,0.8531275
2015-02-15,3.05334
2015-02-16,1.394996
2015-02-17,0.5837514
2015-02-18,0.59797364
2015-02-19,0.56956816
2015-02-20,0.5677776
2015-02-21,0.5629887
2015-02-22,0.55258656
2015-02-23,0.5410227
2015-02-24,0.53589445
2015-02-25,0.61260825
2015-02-26,1.1508247
2015-02-27,0.5822848
2015-02-28,2.2623963
2015-03-01,0.7952826
2015-03-02,3.9352767
2015-03-03,0.63799167
2015-03-04,0.5148731
2015-03-05,0.644727
2015-03-06,1.2114296
2015-03-07,1.3055755
2015-03-08,3.2670257
2015-03-09,1.4030064
2015-03-10,1.8284485
2015-03-11,3.6974323
2015-03-12,3.563202
2015-03-13,0.8629279
2015-03-14,0.89137137
2015-03-15,1.2272861
2015-03-16,0.89405984
2015-03-17,0.92565256
2015-03-18,2.1315827
2015-03-19,1.1040642
2015-03-20,5.357854
2015-03-21,3.2743561
2015-03-22,1.0459363
2015-03-23,0.97046965
2015-03-24,0.9698845
2015-03-25,0.9721764
2015-03-26,0.9890763
2015-03-27,1.5078464
2015-03-28,2.5657654
2015-03-29,2.0026805
2015-03-30,0.978301
2015-03-31,0.9313026
2015-04-01,0.9154929
2015-04-02,1.0733116
2015-04-03,3.723943
2015-04-04,3.4641209
2015-04-05,1.6102599
2015-04-06,1.7722304
2015-04-07,4.4872108
2015-04-08,2.4648316
2015-04-09,3.2854965
2015-04-10,4.788771
2015-04-11,3.046696
2015-04-12,2.8379116
2015-04-13,3.1024504
2015-04-14,4.717642
2015-04-15,2.6614375
2015-04-16,3.8523574
2015-04-17,5.621428
2015-04-18,6.4546885
2015-04-19,7.8426957
2015-04-20,7.366055
2015-04-21,6.9218354
2015-04-22,8.757187
2015-04-23,6.2181892
2015-04-24,5.6643343
2015-04-25,8.136881
2015-04-26,9.301401
2015-04-27,6.1785665
2015-04-28,6.5231137
2015-04-29,5.9255133
2015-04-30,5.580297
2015-05-01,5.1744094
2015-05-02,5.5576615
2015-05-03,4.4047194
2015-05-04,4.04499
2015-05-05,3.7594254
2015-05-06,4.449447
2015-05-07,3.2394469
2015-05-08,7.079667
2015-05-09,5.573565
2015-05-10,2.9303875
2015-05-11,2.5292962
2015-05-12,3.055199
2015-05-13,4.177653
2015-05-14,4.6942015
2015-05-15,5.579603
2015-05-16,4.9382606
2015-05-17,2.3641784
2015-05-18,5.207717
2015-05-19,6.9815316
2015-05-20,6.56994
2015-05-21,7.2281556
2015-05-22,6.6135197
2015-05-23,5.874866
2015-05-24,6.366335
2015-05-25,6.2292733
2015-05-26,6.539172
2015-05-27,4.6339555
2015-05-28,4.581467
2015-05-29,6.621755
2015-05-30,4.280164
2015-05-31,7.601074
2015-06-01,4.574533
2015-06-02,4.2333565
2015-06-03,6.8634253
2015-06-04,12.3180065
2015-06-05,7.9052753
2015-06-06,8.72549
2015-06-07,5.997572
2015-06-08,9.70156
2015-06-09,10.309419
2015-06-10,27.278854
2015-06-11,8.681138
2015-06-12,7.81189
2015-06-13,7.0543523
2015-06-14,7.233438
2015-06-15,6.8621755
2015-06-16,7.0130424
2015-06-17,6.8551116
2015-06-18,7.4034343
2015-06-19,7.658114
2015-06-20,24.180784
2015-06-21,14.734026
2015-06-22,12.825787
2015-06-23,10.387203
2015-06-24,34.402927
2015-06-25,10.809279
2015-06-26,7.935867
2015-06-27,32.271137
2015-06-28,10.609325
2015-06-29,7.5418825
2015-06-30,7.7651987
2015-07-01,9.267641
2015-07-02,5.5991526
2015-07-03,5.4481163
2015-07-04,5.152461
2015-07-05,5.933054
2015-07-06,5.108267
2015-07-07,5.221608
2015-07-08,4.8903713
2015-07-09,4.3195157
2015-07-10,4.704411
2015-07-11,6.4686747
2015-07-12,3.6882071
2015-07-13,4.5913434
2015-07-14,5.0982447
2015-07-15,3.297195
2015-07-16,4.6270432
2015-07-17,3.0311878
2015-07-18,4.243738
2015-07-19,3.1346827
2015-07-20,3.5595136
2015-07-21,4.502905
2015-07-22,5.1250763
2015-07-23,6.578401
2015-07-24,7.5085526
2015-07-25,10.347252
2015-07-26,7.5912237
2015-07-27,9.35179
2015-07-28,6.7222815
2015-07-29,8.266699
2015-07-30,8.478086
2015-07-31,6.3170843
2015-08-01,5.305477
2015-08-02,4.8315177
2015-08-03,4.494298
2015-08-04,5.7450666
2015-08-05,5.3683453
2015-08-06,5.024203
2015-08-07,3.9299943
2015-08-08,7.071883
2015-08-09,3.6313868
2015-08-10,3.3950126
2015-08-11,3.5583096
2015-08-12,3.1185076
2015-08-13,3.7699854
2015-08-14,3.261599
2015-08-15,3.299673
2015-08-16,3.1638634
2015-08-17,3.6910868
2015-08-18,2.6503077
2015-08-19,4.3269854
2015-08-20,3.052682
2015-08-21,2.4187095
2015-08-22,2.404282
2015-08-23,5.5715137
2015-08-24,2.5776439
2015-08-25,2.3488467
2015-08-26,2.4266844
2015-08-27,2.8058047
2015-08-28,4.2818437
2015-08-29,2.861491
2015-08-30,5.334164
2015-08-31,3.8836343
2015-09-01,6.6837463
2015-09-02,4.1240253
2015-09-03,5.2984104
2015-09-04,4.0401177
2015-09-05,3.8829267
2015-09-06,5.284338
2015-09-07,5.0134206
2015-09-08,4.1128893
2015-09-09,3.286048
2015-09-10,3.106185
2015-09-11,2.9415393
2015-09-12,2.783318
2015-09-13,2.6222334
2015-09-14,2.7706087
2015-09-15,2.484734
2015-09-16,2.2216816
2015-09-17,2.3668716
2015-09-18,2.069295
2015-09-19,2.5507114
2015-09-20,2.5251846
2015-09-21,2.7496114
2015-09-22,1.6649085
2015-09-23,3.0027895
2015-09-24,1.5491644
2015-09-25,1.5042404
2015-09-26,1.3862886
2015-09-27,1.9743706
2015-09-28,1.2928059
2015-09-29,1.2652862
2015-09-30,1.1860136
2015-10-01,1.1573572
2015-10-02,1.2832068
2015-10-03,1.6584905
2015-10-04,1.0451329
2015-10-05,0.9968322
2015-10-06,0.96021014
2015-10-07,1.0248379
2015-10-08,2.7876527
2015-10-09,2.1020203
2015-10-10,0.88670224
2015-10-11,1.3694308
2015-10-12,2.8657587
2015-10-13,2.6105626
2015-10-14,3.0031185
2015-10-15,3.674064
2015-10-16,0.8431354
2015-10-17,0.7512259
2015-10-18,1.2872586
2015-10-19,1.2850646
2015-10-20,0.8576176
2015-10-21,0.69767517
2015-10-22,1.0398766
2015-10-23,0.95718914
2015-10-24,4.1963887
2015-10-25,0.92921597
2015-10-26,2.0195057
2015-10-27,0.7015118
2015-10-28,1.2068207
2015-10-29,0.9286244
2015-10-30,0.66433823
2015-10-31,1.1432526
2015-11-01,0.8816976
2015-11-02,1.2066371
2015-11-03,2.8693283
2015-11-04,1.2884698
2015-11-05,1.9517319
2015-11-06,3.3494465
2015-11-07,3.0799878
2015-11-08,2.9378345
2015-11-09,1.1960133
2015-11-10,3.2537634
2015-11-11,1.4282457
2015-11-12,3.0535321
2015-11-13,2.7287946
2015-11-14,1.2530696
2015-11-15,2.0031276
2015-11-16,2.0230396
2015-11-17,5.3527436
2015-11-18,1.464238
2015-11-19,1.4353434
2015-11-20,1.4420204
2015-11-21,1.4333932
2015-11-22,2.3520675
2015-11-23,1.4719026
2015-11-24,3.0755897
2015-11-25,1.4114815
2015-11-26,1.7640661
2015-11-27,1.3951843
2015-11-28,4.328831
2015-11-29,2.8471653
2015-11-30,1.6214814
2015-12-01,1.3080816
2015-12-02,1.2924839
2015-12-03,1.3129649
2015-12-04,1.3205391
2015-12-05,1.3385568
2015-12-06,1.3431153
2015-12-07,1.4365914
2015-12-08,1.2267593
2015-12-09,1.1745646
2015-12-10,1.1471597
2015-12-11,1.117454
2015-12-12,1.1093516
2015-12-13,1.0614114
2015-12-14,1.4500968
2015-12-15,2.7989562
2015-12-16,1.4637034
2015-12-17,1.0428745
2015-12-18,2.166037
2015-12-19,1.4851433
2015-12-20,0.95032847
2015-12-21,0.91290957
2015-12-22,0.892161
2015-12-23,0.89790386
2015-12-24,0.85192287
2015-12-25,0.83346474
2015-12-26,0.8316635
2015-12-27,0.8177975
2015-12-28,0.77527326
2015-12-29,0.76418424
2015-12-30,0.7987814
2015-12-31,0.90700847
2016-01-01,0.7236144
2016-01-02,0.6964294
2016-01-03,0.67370677
2016-01-04,0.65754867
2016-01-05,0.64024246
2016-01-06,0.6269902
2016-01-07,0.61144745
2016-01-08,0.5894648
2016-01-09,0.5733006
2016-01-10,0.5545515
2016-01-11,0.53462523
2016-01-12,0.5153575
2016-01-13,0.4980297
2016-01-14,0.48111513
2016-01-15,0.4633801
2016-01-16,0.4482998
2016-01-17,0.43102825
2016-01-18,0.4163965
2016-01-19,0.39977828
2016-01-20,0.38720104
2016-01-21,0.37087718
2016-01-22,0.36012793
2016-01-23,0.34745812
2016-01-24,0.33535305
2016-01-25,0.32558736
2016-01-26,0.31487438
2016-01-27,0.30340952
2016-01-28,0.29277793
2016-01-29,0.28270704
2016-01-30,0.2734314
2016-01-31,0.26450515
2016-02-01,0.25611842
2016-02-02,0.2472063
2016-02-03,0.2392787
2016-02-04,0.23827802
2016-02-05,0.22572929
2016-02-06,0.23816413
2016-02-07,0.2342789
2016-02-08,0.9825867
2016-02-09,0.2502879
2016-02-10,0.21876864
2016-02-11,0.2424107
2016-02-12,0.63499933
2016-02-13,2.3158288
2016-02-14,0.2501504
2016-02-15,0.7470989
2016-02-16,0.19841449
2016-02-17,0.17580667
2016-02-18,0.17568333
2016-02-19,0.19914897
2016-02-20,0.18210849
2016-02-21,1.2573647
2016-02-22,0.43458456
2016-02-23,0.16717865
2016-02-24,0.15767787
2016-02-25,0.21139833
2016-02-26,0.33391562
2016-02-27,0.15317242
2016-02-28,0.14836054
2016-02-29,0.14079836
2016-03-01,0.14371102
2016-03-02,0.18464823
2016-03-03,0.21461768
2016-03-04,0.13683008
2016-03-05,0.16125616
2016-03-06,0.13639273
2016-03-07,0.13741621
2016-03-08,0.13094494
2016-03-09,0.13101467
2016-03-10,0.115548074
2016-03-11,0.12071129
2016-03-12,0.1145385
2016-03-13,0.10964698
2016-03-14,0.11522994
2016-03-15,0.121237405
2016-03-16,1.6575131
2016-03-17,0.6477629
2016-03-18,1.4934545
2016-03-19,0.89693195
2016-03-20,0.15618925
2016-03-21,0.12626317
2016-03-22,0.34712553
2016-03-23,0.120939314
2016-03-24,0.102678
2016-03-25,0.09423764
2016-03-26,0.114421725
2016-03-27,0.104121365
2016-03-28,0.139196
2016-03-29,0.12810148
2016-03-30,0.09401216
2016-03-31,0.12386267
2016-04-01,1.5079712
2016-04-02,1.5779338
2016-04-03,3.3646817
2016-04-04,1.3359597
2016-04-05,1.1414233
2016-04-06,0.171629
2016-04-07,0.5066309
2016-04-08,0.14215748
2016-04-09,2.0189521
2016-04-10,0.15960576
2016-04-11,1.2617608
2016-04-12,1.0143578
2016-04-13,2.579724
2016-04-14,4.600926
2016-04-15,2.0535946
2016-04-16,0.6537631
2016-04-17,5.2876725
2016-04-18,5.942737
2016-04-19,3.432597
2016-04-20,1.0713444
2016-04-21,4.060806
2016-04-22,0.9115101
2016-04-23,2.241036
2016-04-24,4.0611963
2016-04-25,2.8176455
2016-04-26,0.9048604
2016-04-27,0.96015304
2016-04-28,1.7651418
2016-04-29,3.5485854
2016-04-30,2.9734838
2016-05-01,1.9014019
2016-05-02,2.2516158
2016-05-03,3.7791514
2016-05-04,2.779311
2016-05-05,6.1623516
2016-05-06,3.58902
2016-05-07,3.7832463
2016-05-08,7.086139
2016-05-09,9.254278
2016-05-10,8.366848
2016-05-11,8.280259
2016-05-12,7.6758413
2016-05-13,10.477636
2016-05-14,8.766245
2016-05-15,8.174541
2016-05-16,7.010078
2016-05-17,8.479458
2016-05-18,6.052041
2016-05-19,7.4455924
2016-05-20,6.2900887
2016-05-21,4.8651447
2016-05-22,5.0768433
2016-05-23,6.34704
2016-05-24,5.2292414
2016-05-25,4.519704
2016-05-26,6.6404066
2016-05-27,6.572017
2016-05-28,5.644685
2016-05-29,34.807022
2016-05-30,11.559153
2016-05-31,8.688418
2016-06-01,6.487883
2016-06-02,5.7971325
2016-06-03,5.2402315
2016-06-04,7.981456
2016-06-05,4.5953846
2016-06-06,4.80123
2016-06-07,4.0888414
2016-06-08,4.5312924
2016-06-09,4.778162
2016-06-10,4.1624517
2016-06-11,3.7068343
2016-06-12,5.3795805
2016-06-13,3.3962822
2016-06-14,4.5734506
2016-06-15,6.4103465
2016-06-16,14.3260565
2016-06-17,4.8718386
2016-06-18,5.863309
2016-06-19,4.4799323
2016-06-20,5.6500134
2016-06-21,5.143444
2016-06-22,34.388294
2016-06-23,14.368149
2016-06-24,7.631698
2016-06-25,8.080231
2016-06-26,7.575557
2016-06-27,6.418071
2016-06-28,6.2337613
2016-06-29,5.786264
2016-06-30,7.2374945
2016-07-01,9.516102
2016-07-02,6.374519
2016-07-03,8.183909
2016-07-04,45.539528
2016-07-05,15.511988
2016-07-06,9.569163
2016-07-07,9.232726
2016-07-08,8.776033
2016-07-09,6.2502427
2016-07-10,7.6900725
2016-07-11,5.477497
2016-07-12,6.3029504
2016-07-13,4.4143076
2016-07-14,5.578151
2016-07-15,8.746453
2016-07-16,3.8945448
2016-07-17,3.447521
2016-07-18,3.8926244
2016-07-19,4.1727147
2016-07-20,3.6425817
2016-07-21,3.7641418
2016-07-22,7.043166
2016-07-23,8.244892
2016-07-24,5.3418627
2016-07-25,5.235015
2016-07-26,6.7062397
2016-07-27,4.859801
2016-07-28,6.1197414
2016-07-29,5.1694613
2016-07-30,4.149512
2016-07-31,4.6314025
2016-08-01,5.4137435
2016-08-02,6.6712294
2016-08-03,4.652226
2016-08-04,5.0425816
2016-08-05,4.7289147
2016-08-06,5.703252
2016-08-07,5.187597
2016-08-08,5.190674
2016-08-09,7.2614594
2016-08-10,5.8183575
2016-08-11,6.707196
2016-08-12,4.406143
2016-08-13,5.986028
2016-08-14,4.0869937
2016-08-15,5.0200453
2016-08-16,5.4152417
2016-08-17,6.9140153
2016-08-18,3.7410073
2016-08-19,3.8630555
2016-08-20,3.3369198
2016-08-21,3.2074788
2016-08-22,4.978525
2016-08-23,3.7373884
2016-08-24,6.0728154
2016-08-25,3.0746477
2016-08-26,2.9829605
2016-08-27,2.972125
2016-08-28,4.681013
2016-08-29,2.8465295
2016-08-30,3.5832858
2016-08-31,2.6732595
2016-09-01,6.866491
2016-09-02,4.495756
2016-09-03,3.2939105
2016-09-04,2.3898942
2016-09-05,2.305892
2016-09-06,3.1863053
2016-09-07,6.8451962
2016-09-08,6.086939
2016-09-09,3.9059823
2016-09-10,4.0345755
2016-09-11,6.6094666
2016-09-12,3.9280224
2016-09-13,5.0912066
2016-09-14,3.7275267
2016-09-15,5.8624496
2016-09-16,3.480379
2016-09-17,3.283074
2016-09-18,5.3800955
2016-09-19,3.875547
2016-09-20,2.972371
2016-09-21,2.9354925
2016-09-22,4.344786
2016-09-23,5.1913185
2016-09-24,4.6542954
2016-09-25,3.3031628
2016-09-26,2.8935783
2016-09-27,2.6791291
2016-09-28,3.641873
2016-09-29,3.3163114
2016-09-30,2.5484185
2016-10-01,2.4381588
2016-10-02,3.9161744
2016-10-03,3.4070365
2016-10-04,2.619955
2016-10-05,2.2212408
2016-10-06,2.149634
2016-10-07,2.1234045
2016-10-08,3.2798223
2016-10-09,2.039671
2016-10-10,1.954218
2016-10-11,4.274625
2016-10-12,2.0250409
2016-10-13,4.1431556
2016-10-14,2.6665754
2016-10-15,3.5538344
2016-10-16,2.8041809
2016-10-17,2.125631
2016-10-18,2.130878
2016-10-19,2.1500134
2016-10-20,2.2245476
2016-10-21,1.994605
2016-10-22,2.7401268
2016-10-23,2.585888
2016-10-24,3.5668452
2016-10-25,1.886754
2016-10-26,3.537377
2016-10-27,3.97536
2016-10-28,2.1000397
2016-10-29,3.0138712
2016-10-30,3.037276
2016-10-31,1.7744203
2016-11-01,1.798709
2016-11-02,2.4274826
2016-11-03,3.1800249
2016-11-04,1.8120178
2016-11-05,1.8147852
2016-11-06,1.75679
2016-11-07,2.2508597
2016-11-08,1.6799374
2016-11-09,2.3637598
2016-11-10,1.6623954
2016-11-11,2.1972413
2016-11-12,1.6776404
2016-11-13,1.6054128
2016-11-14,1.6273862
2016-11-15,1.7279317
2016-11-16,1.6177579
2016-11-17,1.6113036
2016-11-18,3.1703982
2016-11-19,4.1038136
2016-11-20,4.715044
2016-11-21,1.5830079
2016-11-22,1.4617039
2016-11-23,1.5163757
2016-11-24,3.1153865
2016-11-25,2.3980465
2016-11-26,3.9882214
2016-11-27,1.7919164
2016-11-28,2.0015094
2016-11-29,2.7919397
2016-11-30,3.4005013
2016-12-01,2.1247058
2016-12-02,2.447653
2016-12-03,2.4712737
2016-12-04,3.6878269
2016-12-05,2.783142
2016-12-06,3.1614206
2016-12-07,2.8787827
2016-12-08,2.8267236
2016-12-09,2.8116934
2016-12-10,2.9420514
2016-12-11,2.7362032
2016-12-12,2.9138587
2016-12-13,2.549936
2016-12-14,2.7789137
2016-12-15,2.351424
2016-12-16,2.5785427
2016-12-17,2.500527
2016-12-18,5.1376257
2016-12-19,3.0178695
2016-12-20,2.1271267
2016-12-21,2.0647237
2016-12-22,2.0352187
2016-12-23,2.089215
2016-12-24,2.165397
2016-12-25,1.9508569
2016-12-26,2.9641855
2016-12-27,2.492171
2016-12-28,2.8759916
2016-12-29,1.9716693
2016-12-30,1.8654968
2016-12-31,6.9261146
2017-01-01,5.538929
2017-01-02,2.5755546
2017-01-03,2.8245971
2017-01-04,4.8682175
2017-01-05,3.840656
2017-01-06,5.2223573
2017-01-07,3.7531166
2017-01-08,4.793279
2017-01-09,4.061987
2017-01-10,4.992698
2017-01-11,4.0430064
2017-01-12,3.8906703
2017-01-13,3.7705195
2017-01-14,3.6913793
2017-01-15,3.4451492
2017-01-16,3.2422926
2017-01-17,3.0362632
2017-01-18,2.8379169
2017-01-19,2.6455297
2017-01-20,2.471451
2017-01-21,2.3101692
2017-01-22,2.1657028
2017-01-23,2.0336795
2017-01-24,1.915172
2017-01-25,1.8017972
2017-01-26,2.1360521
2017-01-27,1.7005244
2017-01-28,1.5791975
2017-01-29,1.5082432
2017-01-30,1.5033517
2017-01-31,3.3088667
2017-02-01,1.4360592
2017-02-02,1.3028047
2017-02-03,2.6766841
2017-02-04,1.2394624
2017-02-05,1.1375636
2017-02-06,1.1047012
2017-02-07,1.0539783
2017-02-08,1.0266922
2017-02-09,1.4571291
2017-02-10,0.9788709
2017-02-11,0.92264026
2017-02-12,0.8835821
2017-02-13,0.8453149
2017-02-14,0.80744684
2017-02-15,0.7700901
2017-02-16,0.7370692
2017-02-17,0.7080524
2017-02-18,0.6783743
2017-02-19,0.6561444
2017-02-20,0.67150116
2017-02-21,1.435639
2017-02-22,0.6250492
2017-02-23,0.61565924
2017-02-24,0.89635
2017-02-25,0.8517496
2017-02-26,0.58537173
2017-02-27,0.6327044
2017-02-28,0.84241533
2017-03-01,0.52689147
2017-03-02,0.49416524
2017-03-03,0.47657007
2017-03-04,0.50756073
2017-03-05,0.482606
2017-03-06,1.2625535
2017-03-07,1.4007272
2017-03-08,1.094134
2017-03-09,1.5782552
2017-03-10,0.50607187
2017-03-11,1.9661893
2017-03-12,2.724664
2017-03-13,1.1643405
2017-03-14,2.1366096
2017-03-15,0.49527013
2017-03-16,0.40424296
2017-03-17,0.39640567
2017-03-18,0.39876208
2017-03-19,0.39650396
2017-03-20,0.80188537
2017-03-21,0.43412268
2017-03-22,0.40648845
2017-03-23,2.7831903
2017-03-24,1.1800287
2017-03-25,0.411596
2017-03-26,0.9797672
2017-03-27,3.4746659
2017-03-28,1.4642502
2017-03-29,0.90692407
2017-03-30,1.5648122
2017-03-31,1.5701863
2017-04-01,3.83237
2017-04-02,0.56099117
2017-04-03,0.6891854
2017-04-04,0.50633353
2017-04-05,0.54548144
2017-04-06,0.5402713
2017-04-07,0.54720044
2017-04-08,0.5726299
2017-04-09,0.5493679
2017-04-10,0.65184736
2017-04-11,0.568951
2017-04-12,0.6130773
2017-04-13,2.2274606
2017-04-14,3.3300662
2017-04-15,4.258043
2017-04-16,0.8680819
2017-04-17,4.191332
2017-04-18,1.0602865
2017-04-19,1.2686299
2017-04-20,2.1738737
2017-04-21,1.2529405
2017-04-22,2.286859
2017-04-23,1.4003923
2017-04-24,1.6833292
2017-04-25,1.573852
2017-04-26,2.7813613
2017-04-27,1.6976662
2017-04-28,3.783965
2017-04-29,1.9776456
2017-04-30,1.9656887
2017-05-01,4.800876
2017-05-02,5.5400867
2017-05-03,3.1499193
2017-05-04,6.1188526
2017-05-05,3.6559496
2017-05-06,5.839244
2017-05-07,4.5563164
2017-05-08,23.514732
2017-05-09,28.14165
2017-05-10,14.831171
2017-05-11,8.198418
2017-05-12,8.673396
2017-05-13,6.1116157
2017-05-14,5.2263336
2017-05-15,6.1263986
2017-05-16,5.6858993
2017-05-17,4.220556
2017-05-18,4.0145993
2017-05-19,4.1625924
2017-05-20,3.4552114
2017-05-21,3.2399707
2017-05-22,6.2241836
2017-05-23,6.311202
2017-05-24,2.920277
2017-05-25,3.1670568
2017-05-26,2.6668763
2017-05-27,2.5688903
2017-05-28,2.7167132
2017-05-29,2.400379
2017-05-30,2.3479254
2017-05-31,3.4654608
2017-06-01,4.2102685
2017-06-02,3.4453967
2017-06-03,5.3918223
2017-06-04,4.000163
2017-06-05,3.6767266
2017-06-06,2.2062578
2017-06-07,4.023287
2017-06-08,6.5203757
2017-06-09,6.5093713
2017-06-10,7.022342
2017-06-11,6.419284
2017-06-12,6.230974
2017-06-13,6.032008
2017-06-14,6.0834985
2017-06-15,10.176164
2017-06-16,10.696811
2017-06-17,10.912145
2017-06-18,8.261659
2017-06-19,10.082354
2017-06-20,11.409657
2017-06-21,12.576344
2017-06-22,9.374977
2017-06-23,8.837124
2017-06-24,8.141327
2017-06-25,9.085697
2017-06-26,6.8203664
2017-06-27,23.979107
2017-06-28,12.200435
2017-06-29,10.0755
2017-06-30,11.55895
2017-07-01,6.922126
2017-07-02,8.067118
2017-07-03,8.494077
2017-07-04,5.975406
2017-07-05,5.145025
2017-07-06,7.4948716
2017-07-07,4.6180544
2017-07-08,4.3159547
2017-07-09,6.524447
2017-07-10,6.2094903
2017-07-11,5.4213285
2017-07-12,7.472493
2017-07-13,30.409277
2017-07-14,16.248663
2017-07-15,8.751109
2017-07-16,7.1689816
2017-07-17,7.152424
2017-07-18,5.48487
2017-07-19,4.6729
2017-07-20,4.2996764
2017-07-21,5.0255947
2017-07-22,3.7893445
2017-07-23,3.845821
2017-07-24,4.4150157
2017-07-25,3.1838686
2017-07-26,3.0664973
2017-07-27,3.045421
2017-07-28,11.675226
2017-07-29,3.6153677
2017-07-30,3.0557053
2017-07-31,6.6494303
2017-08-01,6.311731
2017-08-02,6.112814
2017-08-03,5.5070558
2017-08-04,5.1875525
2017-08-05,4.80564
2017-08-06,5.5326414
2017-08-07,5.98446
2017-08-08,3.883349
2017-08-09,3.664483
2017-08-10,3.3972971
2017-08-11,3.4994712
2017-08-12,5.472698
2017-08-13,2.9116423
2017-08-14,2.6668236
2017-08-15,2.5322232
2017-08-16,4.2182417
2017-08-17,4.6531363
2017-08-18,2.3517282
2017-08-19,2.2282827
2017-08-20,2.8616152
2017-08-21,2.494249
2017-08-22,2.3480392
2017-08-23,4.400221
2017-08-24,2.364322
2017-08-25,1.8768893
2017-08-26,3.2941554
2017-08-27,1.7850833
2017-08-28,2.4514863
2017-08-29,1.6665379
2017-08-30,4.599118
2017-08-31,1.6562479
2017-09-01,1.5456884
2017-09-02,1.8068564
2017-09-03,2.3459642
2017-09-04,4.375931
2017-09-05,2.5739233
2017-09-06,3.165163
2017-09-07,1.3944428
2017-09-08,1.3195186
2017-09-09,1.3063612
2017-09-10,1.2960979
2017-09-11,2.4423006
2017-09-12,1.2584177
2017-09-13,5.0365725
2017-09-14,5.027871
2017-09-15,1.9426774
2017-09-16,1.199766
2017-09-17,1.3760117
2017-09-18,2.9063058
2017-09-19,1.2667385
2017-09-20,2.0612822
2017-09-21,1.259594
2017-09-22,1.2688901
2017-09-23,1.2557636
2017-09-24,1.9710197
2017-09-25,3.5900652
2017-09-26,1.3571012
2017-09-27,3.3587286
2017-09-28,2.4759538
2017-09-29,1.3950764
2017-09-30,1.619191
2017-10-01,1.4041183
2017-10-02,1.4088448
2017-10-03,1.404799
2017-10-04,2.7937088
2017-10-05,4.0641947
2017-10-06,1.4596169
2017-10-07,1.4443159
2017-10-08,2.590859
2017-10-09,1.3636854
2017-10-10,1.3163096
2017-10-11,1.3437848
2017-10-12,1.8357897
2017-10-13,1.7449324
2017-10-14,1.3971345
2017-10-15,1.5305446
2017-10-16,3.4894288
2017-10-17,1.8311307
2017-10-18,2.0302575
2017-10-19,1.1853236
2017-10-20,1.3874686
2017-10-21,1.1461494
2017-10-22,1.6917297
2017-10-23,1.7326357
2017-10-24,1.111904
2017-10-25,1.9599417
2017-10-26,2.6266284
2017-10-27,1.1382675
2017-10-28,1.9533634
2017-10-29,2.2082841
2017-10-30,1.6891522
2017-10-31,1.0507253
2017-11-01,1.935412
2017-11-02,1.1108851
2017-11-03,1.2021255
2017-11-04,1.2744855
2017-11-05,1.2625563
2017-11-06,1.8576775
2017-11-07,1.3666898
2017-11-08,2.403854
2017-11-09,1.6068157
2017-11-10,1.365332
2017-11-11,3.0939972
2017-11-12,2.8876612
2017-11-13,2.0596144
2017-11-14,3.1079218
2017-11-15,2.5457797
2017-11-16,2.7253377
2017-11-17,1.9805498
2017-11-18,3.5555692
2017-11-19,2.109684
2017-11-20,2.053232
2017-11-21,4.1581783
2017-11-22,2.1035235
2017-11-23,2.4765723
2017-11-24,3.9929526
2017-11-25,3.331978
2017-11-26,3.1796339
2017-11-27,2.3128357
2017-11-28,2.04897
2017-11-29,2.031709
2017-11-30,2.925068
2017-12-01,2.7861412
2017-12-02,2.0403087
2017-12-03,2.702438
2017-12-04,2.1102672
2017-12-05,2.078417
2017-12-06,2.053104
2017-12-07,2.01645
2017-12-08,2.685147
2017-12-09,3.242982
2017-12-10,1.9826282
2017-12-11,1.8548841
2017-12-12,1.7955211
2017-12-13,1.7479194
2017-12-14,1.7078184
2017-12-15,1.66609
2017-12-16,2.4159455
2017-12-17,1.6018374
2017-12-18,1.5206658
2017-12-19,1.4636637
2017-12-20,1.4055269
2017-12-21,1.3506576
2017-12-22,1.3026805
2017-12-23,1.264301
2017-12-24,1.2927127
2017-12-25,1.1804454
2017-12-26,1.1437323
2017-12-27,1.0956872
2017-12-28,1.0638287
2017-12-29,1.1183164
2017-12-30,1.1702522
2017-12-31,1.375263
2018-01-01,3.1493225
2018-01-02,3.3773315
2018-01-03,1.1908435
2018-01-04,2.8466406
2018-01-05,0.95140964
2018-01-06,1.515936
2018-01-07,1.2809142
2018-01-08,0.8729698
2018-01-09,1.5928378
2018-01-10,1.5399166
2018-01-11,0.91442
2018-01-12,1.4813353
2018-01-13,1.6081412
2018-01-14,1.3696144
2018-01-15,0.89985245
2018-01-16,2.136075
2018-01-17,2.8596098
2018-01-18,2.7821763
2018-01-19,4.982258
2018-01-20,4.2900457
2018-01-21,1.6746553
2018-01-22,1.4315789
2018-01-23,1.4685782
2018-01-24,1.4283241
2018-01-25,1.4787589
2018-01-26,1.437274
2018-01-27,1.3593826
2018-01-28,1.331469
2018-01-29,1.292444
2018-01-30,1.2510848
2018-01-31,1.21241
2018-02-01,1.1715755
2018-02-02,1.1363459
2018-02-03,1.0917374
2018-02-04,1.0498377
2018-02-05,1.0080409
2018-02-06,0.9666281
2018-02-07,0.9261688
2018-02-08,0.88743556
2018-02-09,0.85017294
2018-02-10,0.8148838
2018-02-11,0.7811129
2018-02-12,0.76221335
2018-02-13,0.7268279
2018-02-14,0.7008337
2018-02-15,0.67789805
2018-02-16,0.6564705
2018-02-17,0.6361102
2018-02-18,0.6911327
2018-02-19,0.6160247
2018-02-20,0.5804755
2018-02-21,0.5573279
2018-02-22,0.5334942
2018-02-23,0.5115134
2018-02-24,0.489171
2018-02-25,0.47346222
2018-02-26,0.45503128
2018-02-27,0.43541786
2018-02-28,0.42123035
2018-03-01,0.40793702
2018-03-02,0.39337456
2018-03-03,0.4890766
2018-03-04,0.38509628
2018-03-05,0.37627807
2018-03-06,0.55973345
2018-03-07,0.42718238
2018-03-08,0.35581917
2018-03-09,0.4467632
2018-03-10,0.32792357
2018-03-11,0.3181363
2018-03-12,0.30759558
2018-03-13,0.29476696
2018-03-14,0.28412274
2018-03-15,0.27743778
2018-03-16,0.27401045
2018-03-17,0.30330244
2018-03-18,0.2625871
2018-03-19,0.24581577
2018-03-20,0.2548984
2018-03-21,0.25722095
2018-03-22,0.6231544
2018-03-23,3.3885977
2018-03-24,1.1536748
2018-03-25,0.24866958
2018-03-26,0.29802012
2018-03-27,0.34343484
2018-03-28,0.75031805
2018-03-29,4.0182805
2018-03-30,0.36160368
2018-03-31,1.9678891
2018-04-01,0.59353447
2018-04-02,2.1626294
2018-04-03,0.9751704
2018-04-04,3.2431889
2018-04-05,1.5882045
2018-04-06,5.1121163
2018-04-07,0.970963
2018-04-08,2.7592444
2018-04-09,1.7677059
2018-04-10,0.59416986
2018-04-11,4.5679193
2018-04-12,2.1496167
2018-04-13,0.9822668
2018-04-14,0.6300689
2018-04-15,3.8522935
2018-04-16,0.77907526
2018-04-17,2.458101
2018-04-18,4.2555947
2018-04-19,1.604545
2018-04-20,3.4269226
2018-04-21,1.6571449
2018-04-22,3.4957314
2018-04-23,4.195246
2018-04-24,2.6537263
2018-04-25,4.810749
2018-04-26,8.371278
2018-04-27,5.6293488
2018-04-28,8.100131
2018-04-29,7.439269
2018-04-30,9.752493
2018-05-01,7.808351
2018-05-02,7.9134808
2018-05-03,8.359818
2018-05-04,7.189399
2018-05-05,10.324202
2018-05-06,10.428644
2018-05-07,9.809736
2018-05-08,8.742203
2018-05-09,9.5947695
2018-05-10,7.8352494
2018-05-11,9.842254
2018-05-12,8.77635
2018-05-13,8.399241
2018-05-14,10.384474
2018-05-15,10.446035
2018-05-16,5.381461
2018-05-17,5.1526427
2018-05-18,7.93801
2018-05-19,6.003678
2018-05-20,5.959298
2018-05-21,9.22776
2018-05-22,6.479799
2018-05-23,5.713624
2018-05-24,6.1718354
2018-05-25,5.5889916
2018-05-26,6.5824504
2018-05-27,5.368743
2018-05-28,6.1051335
2018-05-29,8.931628
2018-05-30,32.2067
2018-05-31,13.3323
2018-06-01,11.770879
2018-06-02,7.4165187
2018-06-03,7.407736
2018-06-04,5.570077
2018-06-05,6.233437
2018-06-06,4.7239237
2018-06-07,4.218385
2018-06-08,3.981065
2018-06-09,3.7817976
2018-06-10,3.9321814
2018-06-11,5.6156235
2018-06-12,4.339156
2018-06-13,6.7218943
2018-06-14,11.752932
2018-06-15,9.301525
2018-06-16,6.597639
2018-06-17,7.110276
2018-06-18,7.8601413
2018-06-19,5.7959375
2018-06-20,5.393661
2018-06-21,5.093129
2018-06-22,5.1322126
2018-06-23,5.2033696
2018-06-24,4.763006
2018-06-25,4.5237017
2018-06-26,6.488861
2018-06-27,5.1472425
2018-06-28,6.051316
2018-06-29,5.203594
2018-06-30,5.775993
2018-07-01,8.210195
2018-07-02,8.011311
2018-07-03,7.6847415
2018-07-04,7.0155344
2018-07-05,6.486122
2018-07-06,5.7573757
2018-07-07,10.462724
2018-07-08,5.66322
2018-07-09,4.6921678
2018-07-10,4.382639
2018-07-11,6.208079
2018-07-12,7.992232
2018-07-13,7.1756406
2018-07-14,6.618646
2018-07-15,7.938306
2018-07-16,5.350762
2018-07-17,4.7427835
2018-07-18,5.054255
2018-07-19,17.255205
2018-07-20,4.361412
2018-07-21,5.754742
2018-07-22,11.290456
2018-07-23,6.803369
2018-07-24,7.4157853
2018-07-25,13.905968
2018-07-26,8.833944
2018-07-27,7.979024
2018-07-28,6.992852
2018-07-29,7.3864245
2018-07-30,6.90691
2018-07-31,7.9540114
2018-08-01,6.695127
2018-08-02,6.3274527
2018-08-03,4.8371058
2018-08-04,4.6500254
2018-08-05,4.502493
2018-08-06,4.3237963
2018-08-07,4.4031296
2018-08-08,6.597145
2018-08-09,4.8714614
2018-08-10,7.352433
2018-08-11,3.5399451
2018-08-12,3.350977
2018-08-13,3.423526
2018-08-14,4.3684697
2018-08-15,4.548114
2018-08-16,2.96453
2018-08-17,2.8219535
2018-08-18,4.078969
2018-08-19,2.8417678
2018-08-20,2.6534479
2018-08-21,2.6467712
2018-08-22,7.210251
2018-08-23,2.7182612
2018-08-24,3.3021128
2018-08-25,2.3821104
2018-08-26,2.5897436
2018-08-27,2.457612
2018-08-28,2.8001122
2018-08-29,3.0254078
2018-08-30,2.1675396
2018-08-31,2.1197333
2018-09-01,2.0311086
2018-09-02,1.9763222
2018-09-03,2.4537585
2018-09-04,4.4465985
2018-09-05,3.4305935
2018-09-06,3.057119
2018-09-07,2.5396843
2018-09-08,4.7509427
2018-09-09,2.3887615
2018-09-10,2.384857
2018-09-11,2.9304469
2018-09-12,2.306488
2018-09-13,2.314467
2018-09-14,2.2269857
2018-09-15,4.172953
2018-09-16,3.1345975
2018-09-17,2.0607154
2018-09-18,5.7309484
2018-09-19,2.0836508
2018-09-20,3.0850956
2018-09-21,2.0104184
2018-09-22,4.7321587
2018-09-23,3.6722167
2018-09-24,3.4098308
2018-09-25,2.6198542
2018-09-26,2.3738983
2018-09-27,2.422583
2018-09-28,2.680424
2018-09-29,2.2608879
2018-09-30,2.1699595
2018-10-01,2.1355145
2018-10-02,2.4529734
2018-10-03,2.019871
2018-10-04,1.9614127
2018-10-05,2.0243292
2018-10-06,2.0464072
2018-10-07,2.7698846
2018-10-08,1.793879
2018-10-09,1.708855
2018-10-10,1.6522044
2018-10-11,3.1916673
2018-10-12,2.466711
2018-10-13,1.572204
2018-10-14,2.816307
2018-10-15,4.1825547
2018-10-16,1.5395417
2018-10-17,1.423286
2018-10-18,1.3945373
2018-10-19,1.4267417
2018-10-20,1.4869702
2018-10-21,1.3797044
2018-10-22,1.9293041
2018-10-23,3.6443458
2018-10-24,1.3474227
2018-10-25,2.2523453
2018-10-26,3.1791062
2018-10-27,1.372826
2018-10-28,1.5684631
2018-10-29,1.96237
2018-10-30,1.8160549
2018-10-31,1.3722072
2018-11-01,1.36529
2018-11-02,1.7319025
2018-11-03,2.7196066
2018-11-04,1.8254393
2018-11-05,1.4395734
2018-11-06,4.7769837
2018-11-07,4.0579348
2018-11-08,4.659214
2018-11-09,2.312221
2018-11-10,3.4556208
2018-11-11,3.45909
2018-11-12,2.0797193
2018-11-13,1.6790853
2018-11-14,1.6146269
2018-11-15,1.6031852
2018-11-16,2.2581599
2018-11-17,2.7879698
2018-11-18,3.195632
2018-11-19,1.614444
2018-11-20,1.6128542
2018-11-21,3.1356921
2018-11-22,4.3468013
2018-11-23,4.324958
2018-11-24,2.8933203
2018-11-25,2.178672
2018-11-26,2.2088823
2018-11-27,2.4245963
2018-11-28,2.4987428
2018-11-29,2.9197671
2018-11-30,3.2331274
2018-12-01,3.6815772
2018-12-02,2.383318
2018-12-03,2.4139764
2018-12-04,2.3709285
2018-12-05,2.3126085
2018-12-06,2.2396924
2018-12-07,2.160551
2018-12-08,2.0855174
2018-12-09,2.0408483
2018-12-10,1.9441768
2018-12-11,1.9729834
2018-12-12,1.8699073
2018-12-13,1.8255454
2018-12-14,2.5360208
2018-12-15,1.6785376
2018-12-16,1.6674511
2018-12-17,1.5912021
2018-12-18,1.5382111
2018-12-19,1.5170324
2018-12-20,1.52347
2018-12-21,1.5786327
2018-12-22,1.3930613
2018-12-23,1.3548169
2018-12-24,1.2788517
2018-12-25,1.2288449
2018-12-26,1.192694
2018-12-27,1.2410368
2018-12-28,1.1165894
2018-12-29,1.0748084
2018-12-30,1.0332813
2018-12-31,0.99269754
2019-01-01,0.95900023
2019-01-02,0.88804346
2019-01-03,0.85446376
2019-01-04,0.83598584
2019-01-05,0.83228123
2019-01-06,0.7847639
2019-01-07,0.7600125
2019-01-08,0.7306828
2019-01-09,0.72691214
2019-01-10,0.68312424
2019-01-11,0.6654358
2019-01-12,0.66815877
2019-01-13,0.6392137
2019-01-14,0.64016485
2019-01-15,0.59208715
2019-01-16,0.5756635
2019-01-17,1.3332837
2019-01-18,0.62983376
2019-01-19,0.5705992
2019-01-20,0.54140353
2019-01-21,0.5646978
2019-01-22,0.4992191
2019-01-23,0.48925078
2019-01-24,0.4705478
2019-01-25,0.6397036
2019-01-26,0.45733982
2019-01-27,0.4467837
2019-01-28,0.42963892
2019-01-29,0.41716626
2019-01-30,0.4183208
2019-01-31,0.4620212
2019-02-01,0.76517195
2019-02-02,0.39074865
2019-02-03,0.4266092
2019-02-04,0.41346243
2019-02-05,0.5664778
2019-02-06,0.6004564
2019-02-07,0.8948466
2019-02-08,0.36311936
2019-02-09,0.35251895
2019-02-10,0.36285502
2019-02-11,0.32074705
2019-02-12,0.33228448
2019-02-13,0.34440187
2019-02-14,0.31534383
2019-02-15,0.32675633
2019-02-16,0.30618674
2019-02-17,0.6857291
2019-02-18,0.3023016
2019-02-19,0.27312142
2019-02-20,0.2687795
2019-02-21,0.27061892
2019-02-22,1.5285755
2019-02-23,0.42875156
2019-02-24,0.25130782
2019-02-25,0.23970953
2019-02-26,0.23347072
2019-02-27,0.22607708
2019-02-28,0.22332795
2019-03-01,0.21892521
2019-03-02,0.25931388
2019-03-03,0.4596564
2019-03-04,0.23280123
2019-03-05,0.21763913
2019-03-06,0.2241287
2019-03-07,0.3389215
2019-03-08,0.2738089
2019-03-09,1.2463318
2019-03-10,0.26242855
2019-03-11,3.4506595
2019-03-12,0.81797516
2019-03-13,0.23901363
2019-03-14,1.2310364
2019-03-15,2.5925791
2019-03-16,3.0475729
2019-03-17,1.2241663
2019-03-18,1.5202279
2019-03-19,0.88915795
2019-03-20,0.24695504
2019-03-21,0.40211117
2019-03-22,1.9423239
2019-03-23,0.3744521
2019-03-24,0.23167542
2019-03-25,0.226876
2019-03-26,0.24457009
2019-03-27,0.23470953
2019-03-28,0.2936639
2019-03-29,0.88702637
2019-03-30,0.6725021
2019-03-31,0.30093637
2019-04-01,1.5947354
2019-04-02,1.7042837
2019-04-03,0.2750057
2019-04-04,0.22702487
2019-04-05,0.22756784
2019-04-06,0.2268556
2019-04-07,0.22592622
2019-04-08,0.33574787
2019-04-09,1.3296399
2019-04-10,2.551299
2019-04-11,3.2073789
2019-04-12,7.105634
2019-04-13,0.45799777
2019-04-14,1.698915
2019-04-15,1.942815
2019-04-16,5.1730723
2019-04-17,0.5316397
2019-04-18,1.1281695
2019-04-19,3.6450825
2019-04-20,6.4319034
2019-04-21,1.631835
2019-04-22,3.7639892
2019-04-23,1.882937
2019-04-24,4.396457
2019-04-25,7.042665
2019-04-26,3.9367485
2019-04-27,7.891336
2019-04-28,4.023896
2019-04-29,3.8060477
2019-04-30,3.542572
2019-05-01,3.2062688
2019-05-02,4.041696
2019-05-03,2.7238553
2019-05-04,4.5724916
2019-05-05,3.3313894
2019-05-06,4.243334
2019-05-07,2.6393628
2019-05-08,2.4480474
2019-05-09,2.3661268
2019-05-10,2.356218
2019-05-11,8.018533
2019-05-12,2.5725155
2019-05-13,4.089763
2019-05-14,8.917684
2019-05-15,4.9388967
2019-05-16,5.6208005
2019-05-17,5.690716
2019-05-18,6.0547724
2019-05-19,13.069717
2019-05-20,13.532857
2019-05-21,11.899992
2019-05-22,9.329578
2019-05-23,7.712145
2019-05-24,6.5479302
2019-05-25,6.9841805
2019-05-26,7.5076265
2019-05-27,5.746005
2019-05-28,4.188804
2019-05-29,6.0908275
2019-05-30,4.420952
2019-05-31,7.559947
2019-06-01,5.383074
2019-06-02,5.712185
2019-06-03,5.1422405
2019-06-04,25.533245
2019-06-05,9.69281
2019-06-06,8.142675
2019-06-07,7.3324003
2019-06-08,8.428946
2019-06-09,5.8856826
2019-06-10,6.6375804
2019-06-11,5.8854065
2019-06-12,6.1781664
2019-06-13,9.553847
2019-06-14,5.8311276
2019-06-15,7.2345986
2019-06-16,6.8758626
2019-06-17,7.7983823
2019-06-18,6.7694087
2019-06-19,9.878324
2019-06-20,10.506134
2019-06-21,13.201935
2019-06-22,9.823036
2019-06-23,8.474106
2019-06-24,8.9079075
2019-06-25,8.445543
2019-06-26,7.0699887
2019-06-27,8.431498
2019-06-28,6.1165833
2019-06-29,7.6514406
2019-06-30,12.919308
2019-07-01,14.271342
2019-07-02,9.721125
2019-07-03,8.653835
2019-07-04,10.626282
2019-07-05,10.515639
2019-07-06,6.418661
2019-07-07,5.58773
2019-07-08,6.546207
2019-07-09,36.96225
2019-07-10,11.51178
2019-07-11,7.2537904
2019-07-12,6.6023397
2019-07-13,5.802986
2019-07-14,6.491636
2019-07-15,5.3950415
2019-07-16,5.2904644
2019-07-17,4.4543877
2019-07-18,5.437214
2019-07-19,4.430268
2019-07-20,4.629154
2019-07-21,3.7020283
2019-07-22,8.28681
2019-07-23,9.682143
2019-07-24,4.8024006
2019-07-25,7.692537
2019-07-26,7.9036055
2019-07-27,5.837546
2019-07-28,6.982859
2019-07-29,5.639351
2019-07-30,5.349652
2019-07-31,5.1419444
2019-08-01,5.0016794
2019-08-02,5.142755
2019-08-03,4.7593894
2019-08-04,28.32187
2019-08-05,9.703721
2019-08-06,6.19764
2019-08-07,5.016715
2019-08-08,4.965718
2019-08-09,3.9017043
2019-08-10,4.133492
2019-08-11,3.2847333
2019-08-12,3.0446706
2019-08-13,6.5275683
2019-08-14,2.9068012
2019-08-15,3.1084638
2019-08-16,3.2003329
2019-08-17,2.575313
2019-08-18,2.4532845
2019-08-19,3.0233674
2019-08-20,2.3141925
2019-08-21,2.5707684
2019-08-22,2.180296
2019-08-23,2.3329666
2019-08-24,2.073101
2019-08-25,2.7930052
2019-08-26,2.1007638
2019-08-27,3.6017146
2019-08-28,4.7467237
2019-08-29,1.7933677
2019-08-30,1.6325202
2019-08-31,3.0624645
2019-09-01,3.0842438
2019-09-02,1.5853655
2019-09-03,1.4300538
2019-09-04,2.6912653
2019-09-05,2.055461
2019-09-06,1.3628857
2019-09-07,1.3041393
2019-09-08,2.129239
2019-09-09,1.317994
2019-09-10,1.2319313
2019-09-11,1.7738124
2019-09-12,2.524519
2019-09-13,1.7811992
2019-09-14,1.4632366
2019-09-15,4.1516194
2019-09-16,1.1908188
2019-09-17,1.1685963
2019-09-18,1.9979948
2019-09-19,1.0398527
2019-09-20,1.0404581
2019-09-21,1.0622363
2019-09-22,1.6350132
2019-09-23,0.96075714
2019-09-24,0.93550956
2019-09-25,0.9022084
2019-09-26,4.5596185
2019-09-27,2.116856
2019-09-28,2.2760582
2019-09-29,0.9326128
2019-09-30,0.8549051
2019-10-01,0.8667756
2019-10-02,4.725564
2019-10-03,3.2578745
2019-10-04,0.9923144
2019-10-05,2.4999366
2019-10-06,0.9733068
2019-10-07,3.1733081
2019-10-08,3.8479648
2019-10-09,1.1786238
2019-10-10,1.0905958
2019-10-11,1.1639283
2019-10-12,1.2210869
2019-10-13,1.1911954
2019-10-14,2.1868303
2019-10-15,3.4495647
2019-10-16,2.8541431
2019-10-17,1.3896368
2019-10-18,2.5972793
2019-10-19,1.730571
2019-10-20,3.0924003
2019-10-21,1.5760677
2019-10-22,2.971929
2019-10-23,4.027321
2019-10-24,2.964207
2019-10-25,2.2091746
2019-10-26,2.2533193
2019-10-27,3.327356
2019-10-28,2.83219
2019-10-29,5.9441752
2019-10-30,3.010858
2019-10-31,3.4025397
2019-11-01,3.6296852
2019-11-02,3.1361194
2019-11-03,2.3615417
2019-11-04,2.6596258
2019-11-05,5.0347486
2019-11-06,4.386703
2019-11-07,3.7665355
2019-11-08,4.623983
2019-11-09,5.0381894
2019-11-10,2.4723687
2019-11-11,3.149716
2019-11-12,3.256036
2019-11-13,2.4043286
2019-11-14,2.3474836
2019-11-15,3.7658923
2019-11-16,2.5850992
2019-11-17,2.2186317
2019-11-18,2.1432228
2019-11-19,2.083987
2019-11-20,2.0445993
2019-11-21,2.3607535
2019-11-22,2.0230486
2019-11-23,3.0354223
2019-11-24,3.0104566
2019-11-25,3.1959128
2019-11-26,1.8055352
2019-11-27,4.6378903
2019-11-28,2.5489087
2019-11-29,2.4245472
2019-11-30,1.953306
2019-12-01,2.3977067
2019-12-02,1.5230602
2019-12-03,1.4943961
2019-12-04,3.1029127
2019-12-05,1.76774
2019-12-06,2.6922078
2019-12-07,1.6290385
2019-12-08,3.1423464
2019-12-09,1.8776679
2019-12-10,2.631707
2019-12-11,1.4264773
2019-12-12,1.3335466
2019-12-13,1.3158278
2019-12-14,3.0444057
2019-12-15,2.5054982
2019-12-16,2.5529895
2019-12-17,1.6955789
2019-12-18,3.2507567
2019-12-19,2.318754
2019-12-20,4.928972
2019-12-21,4.3686123
2019-12-22,6.695392
2019-12-23,4.753625
2019-12-24,4.955752
2019-12-25,6.174998
2019-12-26,4.7274337
2019-12-27,5.3280334
2019-12-28,5.357386
2019-12-29,9.96381
2019-12-30,4.048159
2019-12-31,3.6827161
2020-01-01,3.4832826
2020-01-02,3.2786117
2020-01-03,3.087925
2020-01-04,2.8962708
2020-01-05,2.7064483
2020-01-06,2.522169
2020-01-07,2.3515723
2020-01-08,2.1984198
2020-01-09,2.0669303
2020-01-10,1.9376915
2020-01-11,1.8226018
2020-01-12,1.7183112
2020-01-13,1.6233499
2020-01-14,1.5266113
2020-01-15,1.4480397
2020-01-16,1.4722642
2020-01-17,3.9062579
2020-01-18,1.4198265
2020-01-19,1.3038636
2020-01-20,1.2690657
2020-01-21,1.2214825
2020-01-22,1.116797
2020-01-23,1.0688748
2020-01-24,1.0236375
2020-01-25,0.9838995
2020-01-26,0.944456
2020-01-27,0.9100803
2020-01-28,0.86587167
2020-01-29,0.8286317
2020-01-30,0.83730316
2020-01-31,0.7961955
2020-02-01,0.8012508
2020-02-02,1.6037736
2020-02-03,0.7297926
2020-02-04,0.67243135
2020-02-05,0.6432819
2020-02-06,0.6180111
2020-02-07,0.59178156
2020-02-08,0.5680534
2020-02-09,0.5426939
2020-02-10,0.52201504
2020-02-11,0.49895132
2020-02-12,0.4787758
2020-02-13,0.4759107
2020-02-14,0.4977499
2020-02-15,0.4363338
2020-02-16,0.41800827
2020-02-17,0.40274352
2020-02-18,0.39172885
2020-02-19,0.4266002
2020-02-20,0.36750007
2020-02-21,0.3502446
2020-02-22,0.3389594
2020-02-23,0.3483616
2020-02-24,0.39729774
2020-02-25,0.3477757
2020-02-26,0.3180261
2020-02-27,0.30441478
2020-02-28,0.30483258
2020-02-29,0.284438
2020-03-01,0.28528097
2020-03-02,0.31769323
2020-03-03,0.2682178
2020-03-04,0.25325817
2020-03-05,0.24139962
2020-03-06,0.23356697
2020-03-07,0.22817616
2020-03-08,0.26515225
2020-03-09,0.2339472
2020-03-10,0.211523
2020-03-11,0.20638005
2020-03-12,0.2029464
2020-03-13,0.21747288
2020-03-14,0.22182651
2020-03-15,0.23817427
2020-03-16,0.18893367
2020-03-17,0.18000895
2020-03-18,0.1773927
2020-03-19,0.17718777
2020-03-20,0.17334041
2020-03-21,0.15966779
2020-03-22,0.1768204
2020-03-23,0.27580872
2020-03-24,0.5337319
2020-03-25,0.16184632
2020-03-26,0.14404479
2020-03-27,0.13805185
2020-03-28,0.13352591
2020-03-29,0.22872978
2020-03-30,4.6751738
2020-03-31,0.38030905
2020-04-01,3.1550224
2020-04-02,0.47825202
2020-04-03,2.10632
2020-04-04,3.5766711
2020-04-05,0.2474316
2020-04-06,3.8979166
2020-04-07,0.24266736
2020-04-08,1.4497768
2020-04-09,2.0290601
2020-04-10,0.9420438
2020-04-11,0.20065983
2020-04-12,0.14119633
2020-04-13,0.13700563
2020-04-14,0.13761052
2020-04-15,0.13921237
2020-04-16,0.13916719
2020-04-17,0.1968739
2020-04-18,1.1374717
2020-04-19,0.90303135
2020-04-20,0.18776989
2020-04-21,1.3902401
2020-04-22,2.4188302
2020-04-23,0.9141342
2020-04-24,0.16804668
2020-04-25,0.17404835
2020-04-26,0.16965176
2020-04-27,0.21205598
2020-04-28,1.9401678
2020-04-29,2.8782303
2020-04-30,0.8776475
2020-05-01,0.24991332
2020-05-02,1.3745035
2020-05-03,2.389321
2020-05-04,0.35172617
2020-05-05,0.3422715
2020-05-06,3.627697
2020-05-07,1.3855408
2020-05-08,7.4356985
2020-05-09,0.8306665
2020-05-10,2.5609353
2020-05-11,0.86966074
2020-05-12,0.93646145
2020-05-13,1.0037798
2020-05-14,1.0441831
2020-05-15,1.03352
2020-05-16,1.0529628
2020-05-17,5.3155904
2020-05-18,3.2092564
2020-05-19,1.2961358
2020-05-20,2.095422
2020-05-21,1.5362432
2020-05-22,5.882634
2020-05-23,1.6327727
2020-05-24,1.5902008
2020-05-25,4.659992
2020-05-26,4.796216
2020-05-27,4.6300154
2020-05-28,5.1776934
2020-05-29,4.401528
2020-05-30,5.2055297
2020-05-31,6.0197854
2020-06-01,4.393045
2020-06-02,11.559682
2020-06-03,5.3726397
2020-06-04,4.9809346
2020-06-05,5.1830482
2020-06-06,9.619033
2020-06-07,5.287389
2020-06-08,6.291392
2020-06-09,6.823183
2020-06-10,6.512155
2020-06-11,10.023043
2020-06-12,7.774366
2020-06-13,6.661595
2020-06-14,10.897303
2020-06-15,23.945902
2020-06-16,13.687502
2020-06-17,11.878216
2020-06-18,9.79916
2020-06-19,7.9917336
2020-06-20,7.1561413
2020-06-21,9.716286
2020-06-22,10.815622
2020-06-23,9.40666
2020-06-24,5.83184
2020-06-25,6.228921
2020-06-26,6.5485826
2020-06-27,10.30537
2020-06-28,41.89999
2020-06-29,14.32985
2020-06-30,8.777893
2020-07-01,9.264051
2020-07-02,6.5477204
2020-07-03,7.5460134
2020-07-04,19.49125
2020-07-05,8.564771
2020-07-06,7.780289
2020-07-07,7.2045407
2020-07-08,6.04536
2020-07-09,6.6610622
2020-07-10,5.067233
2020-07-11,6.841634
2020-07-12,4.252769
2020-07-13,3.972097
2020-07-14,3.943637
2020-07-15,3.680221
2020-07-16,5.124605
2020-07-17,3.3436522
2020-07-18,3.2334802
2020-07-19,3.3032439
2020-07-20,2.9925485
2020-07-21,4.3888583
2020-07-22,2.9508636
2020-07-23,2.7168252
2020-07-24,2.901795
2020-07-25,2.5532045
2020-07-26,5.434535
2020-07-27,2.514992
2020-07-28,3.7978606
2020-07-29,2.718164
2020-07-30,2.4832335
2020-07-31,2.444916
2020-08-01,3.188341
2020-08-02,2.8465376
2020-08-03,2.811586
2020-08-04,2.382366
2020-08-05,2.3290982
2020-08-06,5.4472265
2020-08-07,2.8741229
2020-08-08,2.8008022
2020-08-09,3.1005752
2020-08-10,3.0638654
2020-08-11,3.0114567
2020-08-12,2.991834
2020-08-13,6.403745
2020-08-14,5.072429
2020-08-15,3.4992528
2020-08-16,3.2243533
2020-08-17,3.5789125
2020-08-18,2.6661332
2020-08-19,2.561602
2020-08-20,3.8730779
2020-08-21,2.5276763
2020-08-22,2.6998951
2020-08-23,2.399683
2020-08-24,2.3291588
2020-08-25,2.274103
2020-08-26,3.3752995
2020-08-27,2.6816452
2020-08-28,4.4148235
2020-08-29,2.688576
2020-08-30,2.1251512
2020-08-31,2.0906618
2020-09-01,2.1730392
2020-09-02,6.2080135
2020-09-03,2.7468987
2020-09-04,2.6810822
2020-09-05,3.705414
2020-09-06,2.5904546
2020-09-07,4.913162
2020-09-08,3.5717187
2020-09-09,3.0464866
2020-09-10,2.3853621
2020-09-11,3.4610708
2020-09-12,2.3453813
2020-09-13,2.274281
2020-09-14,2.5230083
2020-09-15,5.0345645
2020-09-16,3.1537287
2020-09-17,2.1582038
2020-09-18,2.331447
2020-09-19,2.703754
2020-09-20,2.201986
2020-09-21,1.9608049
2020-09-22,1.9363538
2020-09-23,3.529224
2020-09-24,1.9991974
2020-09-25,1.7632874
2020-09-26,1.7316558
2020-09-27,2.4134912
2020-09-28,1.6830891
2020-09-29,3.6828284
2020-09-30,2.4144526
2020-10-01,1.5548912
2020-10-02,1.8876354
2020-10-03,1.4857278
2020-10-04,2.704946
2020-10-05,3.3866236
2020-10-06,1.4566569
2020-10-07,2.2912574
2020-10-08,5.664472
2020-10-09,1.6135987
2020-10-10,1.4927026
2020-10-11,1.4875633
2020-10-12,1.9709513
2020-10-13,2.0254784
2020-10-14,1.4614084
2020-10-15,1.3960721
2020-10-16,4.6168237
2020-10-17,3.4169602
2020-10-18,3.2302508
2020-10-19,1.3290919
2020-10-20,1.8537856
2020-10-21,2.0674105
2020-10-22,2.5238051
2020-10-23,1.2890114
2020-10-24,1.2495728
2020-10-25,1.2517356
2020-10-26,1.4412851
2020-10-27,1.3036528
2020-10-28,1.2250632
2020-10-29,1.1848271
2020-10-30,1.1586446
2020-10-31,3.3322856
2020-11-01,1.5525357
2020-11-02,2.3503208
2020-11-03,3.4700778
2020-11-04,3.2077615
2020-11-05,1.9019405
2020-11-06,1.6619561
2020-11-07,2.4105325
2020-11-08,2.07762
2020-11-09,2.1685448
2020-11-10,2.133607
2020-11-11,2.0674622
2020-11-12,2.150791
2020-11-13,3.0617955
2020-11-14,1.9353622
2020-11-15,2.2403376
2020-11-16,4.6722465
2020-11-17,3.3995621
2020-11-18,1.8808961
2020-11-19,1.8352984
2020-11-20,1.8268334
2020-11-21,3.9959803
2020-11-22,4.49534
2020-11-23,2.8349094
2020-11-24,2.092096
2020-11-25,1.7045493
2020-11-26,1.662683
2020-11-27,1.7868683
2020-11-28,1.6594393
2020-11-29,1.6411984
2020-11-30,2.0143948
2020-12-01,4.4243336
2020-12-02,1.7740963
2020-12-03,2.1318128
2020-12-04,3.521284
2020-12-05,1.7867306
2020-12-06,1.8024398
2020-12-07,2.1855602
2020-12-08,1.9315237
2020-12-09,1.6855526
2020-12-10,1.6271036
2020-12-11,1.7919363
2020-12-12,1.5747747
2020-12-13,1.5123745
2020-12-14,1.5877023
2020-12-15,1.456826
2020-12-16,1.4258667
2020-12-17,2.1983688
2020-12-18,4.7206173
2020-12-19,1.545904
2020-12-20,1.4885554
2020-12-21,1.471469
2020-12-22,1.5049934
2020-12-23,1.8168155
2020-12-24,3.380154
2020-12-25,1.5620981
2020-12-26,1.4176779
2020-12-27,1.3871495
2020-12-28,1.8913568
2020-12-29,2.0955255
2020-12-30,2.6042433
2020-12-31,2.3321228
2021-01-01,2.2620533
2021-01-02,3.0861104
2021-01-03,1.9891557
2021-01-04,1.5440259
2021-01-05,1.5665969
2021-01-06,1.5833607
2021-01-07,3.3204308
2021-01-08,5.832071
2021-01-09,5.9621887
2021-01-10,5.22371
2021-01-11,5.0469704
2021-01-12,4.070416
2021-01-13,3.8832057
2021-01-14,3.6840448
2021-01-15,3.4829664
2021-01-16,3.2684684
2021-01-17,3.1518095
2021-01-18,2.8726525
2021-01-19,2.685418
2021-01-20,2.5078964
2021-01-21,2.4363973
2021-01-22,3.6229885
2021-01-23,2.1746376
2021-01-24,3.0595756
2021-01-25,1.9600574
2021-01-26,1.8404986
2021-01-27,1.7331808
2021-01-28,1.6402194
2021-01-29,1.5483769
2021-01-30,1.4642413
2021-01-31,1.4029948
2021-02-01,1.3246893
2021-02-02,1.2699778
2021-02-03,1.2309264
2021-02-04,1.15736
2021-02-05,1.135859
2021-02-06,1.0807203
2021-02-07,1.0320765
2021-02-08,0.9835755
2021-02-09,0.9368801
2021-02-10,0.8899085
2021-02-11,0.8506487
2021-02-12,1.5424604
2021-02-13,0.80262405
2021-02-14,0.9659933
2021-02-15,0.7295701
2021-02-16,0.6959616
2021-02-17,0.66065246
2021-02-18,0.6337254
2021-02-19,0.6040496
2021-02-20,0.58233535
2021-02-21,0.5607739
2021-02-22,0.6121768
2021-02-23,0.5269866
2021-02-24,2.369862
2021-02-25,0.552939
2021-02-26,0.47745636
2021-02-27,0.48984393
2021-02-28,0.4457541
2021-03-01,0.42733085
2021-03-02,0.4132557
2021-03-03,0.3986044
2021-03-04,0.38456976
2021-03-05,0.41488123
2021-03-06,2.0491624
2021-03-07,1.0797044
2021-03-08,1.3507874
2021-03-09,1.4803816
2021-03-10,1.5144535
2021-03-11,0.36601755
2021-03-12,0.32027844
2021-03-13,0.5217943
2021-03-14,0.32990706
2021-03-15,0.5908512
2021-03-16,1.6481546
2021-03-17,1.5130093
2021-03-18,0.4582489
2021-03-19,0.315709
2021-03-20,0.28255504
2021-03-21,0.27917546
2021-03-22,0.45025897
2021-03-23,0.45196313
2021-03-24,0.33672982
2021-03-25,1.013
2021-03-26,0.6254436
2021-03-27,0.73492104
2021-03-28,2.9125197
2021-03-29,0.5712167
2021-03-30,0.6603585
2021-03-31,2.325942
2021-04-01,0.41052026
2021-04-02,1.3049191
2021-04-03,6.40818
2021-04-04,2.2390563
2021-04-05,3.2256393
2021-04-06,2.564945
2021-04-07,2.8374314
2021-04-08,1.4801471
2021-04-09,0.83628666
2021-04-10,0.88932645
2021-04-11,0.92601955
2021-04-12,1.0608174
2021-04-13,7.4333987
2021-04-14,4.580802
2021-04-15,2.6541252
2021-04-16,2.7232444
2021-04-17,2.752596
2021-04-18,3.9727726
2021-04-19,2.6055787
2021-04-20,2.4650288
2021-04-21,2.347457
2021-04-22,2.2270892
2021-04-23,2.243689
2021-04-24,4.3922276
2021-04-25,7.2130394
2021-04-26,3.631532
2021-04-27,8.932241
2021-04-28,10.7704315
2021-04-29,5.978879
2021-04-30,7.054557
2021-05-01,7.053474
2021-05-02,7.0118585
2021-05-03,6.571792
2021-05-04,9.800016
2021-05-05,9.16541
2021-05-06,8.815615
2021-05-07,6.43289
2021-05-08,9.913543
2021-05-09,8.294476
2021-05-10,8.321936
2021-05-11,12.581288
2021-05-12,11.408447
2021-05-13,15.1363325
2021-05-14,12.471537
2021-05-15,9.889295
2021-05-16,12.864747
2021-05-17,32.88991
2021-05-18,11.069965
2021-05-19,7.739332
2021-05-20,8.059464
2021-05-21,7.940374
2021-05-22,7.0624514
2021-05-23,7.109345
2021-05-24,11.059186
2021-05-25,7.3245945
2021-05-26,6.995857
2021-05-27,9.255987
2021-05-28,7.05297
2021-05-29,6.8037763
2021-05-30,9.976559
2021-05-31,7.9795575
2021-06-01,38.947517
2021-06-02,15.875188
2021-06-03,14.465918
2021-06-04,10.717158
2021-06-05,7.7876954
2021-06-06,5.9387984
2021-06-07,7.6003785
2021-06-08,5.123443
2021-06-09,4.750294
2021-06-10,4.1656866
2021-06-11,3.9424214
2021-06-12,4.383661
2021-06-13,5.6752334
2021-06-14,5.798263
2021-06-15,4.605225
2021-06-16,5.0723276
2021-06-17,4.564048
2021-06-18,3.9210389
2021-06-19,6.228691
2021-06-20,15.188799
2021-06-21,13.7755
2021-06-22,10.52984
2021-06-23,9.23504
2021-06-24,7.270559
2021-06-25,6.288027
2021-06-26,5.5666814
2021-06-27,5.079744
2021-06-28,5.9377275
2021-06-29,4.241787
2021-06-30,6.3345084
2021-07-01,3.7695355
2021-07-02,3.5556846
2021-07-03,3.3687358
2021-07-04,3.4111974
2021-07-05,3.1061985
2021-07-06,3.6755393
2021-07-07,3.5961177
2021-07-08,4.0801277
2021-07-09,16.16583
2021-07-10,7.0219374
2021-07-11,9.741982
2021-07-12,7.249496
2021-07-13,19.29359
2021-07-14,9.283397
2021-07-15,7.1165004
2021-07-16,8.201313
2021-07-17,6.9048247
2021-07-18,6.6185026
2021-07-19,8.363345
2021-07-20,6.5091963
2021-07-21,7.5874367
2021-07-22,7.1233497
2021-07-23,7.742518
2021-07-24,5.891345
2021-07-25,5.1087136
2021-07-26,9.006663
2021-07-27,5.8048844
2021-07-28,4.7620173
2021-07-29,4.6548634
2021-07-30,5.573864
2021-07-31,4.4247055
2021-08-01,4.144065
2021-08-02,3.9489696
2021-08-03,4.1280413
2021-08-04,3.6499996
2021-08-05,3.7246335
2021-08-06,3.3650522
2021-08-07,3.2739387
2021-08-08,3.0980136
2021-08-09,2.9758015
2021-08-10,2.8773084
2021-08-11,3.1272197
2021-08-12,2.6322243
2021-08-13,2.5094616
2021-08-14,3.7801774
2021-08-15,3.0963316
2021-08-16,2.2723067
2021-08-17,2.9919176
2021-08-18,2.1779459
2021-08-19,3.864976
2021-08-20,2.0747848
2021-08-21,1.9390383
2021-08-22,5.716062
2021-08-23,2.0327573
2021-08-24,1.8282768
2021-08-25,1.8243108
2021-08-26,1.7424809
2021-08-27,2.4523695
2021-08-28,2.870278
2021-08-29,3.5932453
2021-08-30,1.695739
2021-08-31,2.092393
2021-09-01,2.753146
2021-09-02,1.6764241
2021-09-03,4.033738
2021-09-04,3.363116
2021-09-05,1.7971634
2021-09-06,1.7829932
2021-09-07,3.0940647
2021-09-08,1.786416
2021-09-09,2.041021
2021-09-10,4.833777
2021-09-11,2.607962
2021-09-12,1.6867619
2021-09-13,1.8390372
2021-09-14,1.6589565
2021-09-15,1.6444192
2021-09-16,1.6815287
2021-09-17,1.5943702
2021-09-18,3.1958501
2021-09-19,1.5755087
2021-09-20,1.5305256
2021-09-21,4.363668
2021-09-22,1.6793603
2021-09-23,1.448421
2021-09-24,2.6274736
2021-09-25,1.4292336
2021-09-26,1.3576459
2021-09-27,1.395227
2021-09-28,1.6034245
2021-09-29,1.5070912
2021-09-30,2.8008878
2021-10-01,1.2549014
2021-10-02,1.2471775
2021-10-03,1.2746395
2021-10-04,1.4217699
2021-10-05,3.740792
2021-10-06,2.9768054
2021-10-07,5.5562606
2021-10-08,2.1463099
2021-10-09,2.2606552
2021-10-10,3.2290087
2021-10-11,3.4267747
2021-10-12,7.426929
2021-10-13,2.562961
2021-10-14,2.4119668
2021-10-15,2.3707273
2021-10-16,3.5330973
2021-10-17,2.297108
2021-10-18,2.1982677
2021-10-19,2.7017672
2021-10-20,2.803183
2021-10-21,2.0954182
2021-10-22,1.9743173
2021-10-23,3.1600146
2021-10-24,2.3997352
2021-10-25,3.386145
2021-10-26,3.4802394
2021-10-27,5.0145006
2021-10-28,4.124774
2021-10-29,1.962001
2021-10-30,2.2750502
2021-10-31,2.5253243
2021-11-01,2.0868604
2021-11-02,2.0560486
2021-11-03,2.2070186
2021-11-04,6.874294
2021-11-05,5.1986504
2021-11-06,2.0608444
2021-11-07,2.9971445
2021-11-08,4.8768888
2021-11-09,2.390764
2021-11-10,1.9878604
2021-11-11,1.9628766
2021-11-12,1.9202145
2021-11-13,1.9007701
2021-11-14,1.841359
2021-11-15,1.7853482
2021-11-16,1.7317871
2021-11-17,1.6740164
2021-11-18,1.6196738
2021-11-19,1.5675088
2021-11-20,2.2106118
2021-11-21,1.5732052
2021-11-22,1.5320481
2021-11-23,3.1583538
2021-11-24,2.1125674
2021-11-25,1.3772676
2021-11-26,1.3369083
2021-11-27,1.3176913
2021-11-28,1.3071048
2021-11-29,1.2919594
2021-11-30,1.182743
2021-12-01,1.1943475
2021-12-02,1.9565288
2021-12-03,1.1568267
2021-12-04,1.0726063
2021-12-05,1.0954105
2021-12-06,1.032635
2021-12-07,1.668222
2021-12-08,1.017555
2021-12-09,0.95000654
2021-12-10,0.92743987
2021-12-11,0.90479654
2021-12-12,0.8718722
2021-12-13,0.8593168
2021-12-14,0.8752305
2021-12-15,0.82910603
2021-12-16,1.3895183
2021-12-17,1.5164413
2021-12-18,0.8216781
2021-12-19,0.7767494
2021-12-20,0.79110044
2021-12-21,1.0714892
2021-12-22,0.7166297
2021-12-23,0.6837647
2021-12-24,0.8625728
2021-12-25,1.1428092
2021-12-26,0.7196418
2021-12-27,0.6249185
2021-12-28,0.606418
2021-12-29,0.62487
2021-12-30,0.61423856
2021-12-31,0.57358074
2022-01-01,0.5542047
2022-01-02,0.5410713
2022-01-03,0.5238321
2022-01-04,0.50902015
2022-01-05,0.49302384
2022-01-06,0.47889656
2022-01-07,0.46470502
2022-01-08,0.45153347
2022-01-09,0.43724757
2022-01-10,0.42287436
2022-01-11,0.40887758
2022-01-12,0.39673546
2022-01-13,0.38285887
2022-01-14,0.37161395
2022-01-15,0.36713728
2022-01-16,0.39539534
2022-01-17,0.39172694
2022-01-18,0.36448768
2022-01-19,0.8671649
2022-01-20,0.34168962
2022-01-21,0.3305008
2022-01-22,0.337862
2022-01-23,0.34501037
2022-01-24,0.30880114
2022-01-25,0.2969101
2022-01-26,0.2921674
2022-01-27,0.28586918
2022-01-28,0.27388352
2022-01-29,0.26683116
2022-01-30,0.25841078
2022-01-31,0.25251415
2022-02-01,0.24236347
2022-02-02,0.23574764
2022-02-03,0.31382346
2022-02-04,0.24876869
2022-02-05,0.27828658
2022-02-06,0.2254265
2022-02-07,0.66572064
2022-02-08,0.8506417
2022-02-09,0.42430052
2022-02-10,0.21675254
2022-02-11,0.20785178
2022-02-12,0.20197563
2022-02-13,0.20817524
2022-02-14,0.24834718
2022-02-15,0.198219
2022-02-16,0.18550596
2022-02-17,0.21458286
2022-02-18,0.68073475
2022-02-19,0.18993384
2022-02-20,0.17070991
2022-02-21,0.16723858
2022-02-22,0.16045508
2022-02-23,0.17129005
2022-02-24,1.2967576
2022-02-25,0.3927978
2022-02-26,1.0578324
2022-02-27,1.1641395
2022-02-28,0.50562567
2022-03-01,1.4188173
2022-03-02,1.1057044
2022-03-03,0.86593014
2022-03-04,0.21136326
2022-03-05,3.599635
2022-03-06,0.27284062
2022-03-07,0.16658081
2022-03-08,0.17160371
2022-03-09,0.18836449
2022-03-10,0.7353128
2022-03-11,1.368187
2022-03-12,2.3316224
2022-03-13,1.7364074
2022-03-14,0.2729388
2022-03-15,0.36354876
2022-03-16,2.6591723
2022-03-17,2.6807678
2022-03-18,2.2903254
2022-03-19,0.74447274
2022-03-20,1.6639569
2022-03-21,1.0176647
2022-03-22,0.7157915
2022-03-23,1.0372069
2022-03-24,0.7909335
2022-03-25,0.8362181
2022-03-26,1.0689591
2022-03-27,4.9084444
2022-03-28,3.1091492
2022-03-29,2.125644
2022-03-30,1.349869
2022-03-31,1.4246368
2022-04-01,1.4149715
2022-04-02,1.4335167
2022-04-03,1.4201698
2022-04-04,2.1318207
2022-04-05,2.931348
2022-04-06,2.2978148
2022-04-07,2.0800865
2022-04-08,1.733791
2022-04-09,2.3162796
2022-04-10,1.3576578
2022-04-11,1.3144435
2022-04-12,1.2466588
2022-04-13,1.2257015
2022-04-14,1.197055
2022-04-15,1.1874666
2022-04-16,1.1592264
2022-04-17,1.9664743
2022-04-18,2.3334317
2022-04-19,1.4696784
2022-04-20,1.7325047
2022-04-21,2.4687674
2022-04-22,1.2614115
2022-04-23,1.2783738
2022-04-24,5.930758
2022-04-25,5.6281447
2022-04-26,1.5437602
2022-04-27,2.4385152
2022-04-28,1.5863621
2022-04-29,5.518981
2022-04-30,14.778818
2022-05-01,7.2506785
2022-05-02,5.976506
2022-05-03,5.5479646
2022-05-04,6.147052
2022-05-05,5.1229696
2022-05-06,8.418447
2022-05-07,33.95911
2022-05-08,10.39115
2022-05-09,8.668775
2022-05-10,7.4846625
2022-05-11,6.913702
2022-05-12,6.4127483
2022-05-13,7.7365937
2022-05-14,4.911003
2022-05-15,5.083328
2022-05-16,10.917175
2022-05-17,6.6960144
2022-05-18,104.42708
2022-05-19,19.88114
2022-05-20,11.763917
2022-05-21,9.107197
2022-05-22,7.415841
2022-05-23,6.221771
2022-05-24,6.935252
2022-05-25,4.906847
2022-05-26,4.8071833
2022-05-27,5.1070504
2022-05-28,4.1095705
2022-05-29,6.5621276
2022-05-30,4.818164
2022-05-31,3.4473653
2022-06-01,4.099636
2022-06-02,3.2824712
2022-06-03,3.3180876
2022-06-04,3.1534054
2022-06-05,3.1962652
2022-06-06,2.9415498
2022-06-07,2.9522297
2022-06-08,4.6929784
2022-06-09,2.772086
2022-06-10,3.0268266
2022-06-11,5.8752327
2022-06-12,9.0589905
2022-06-13,6.4681597
2022-06-14,6.6787243
2022-06-15,6.513516
2022-06-16,10.433807
2022-06-17,6.018758
2022-06-18,5.5631795
2022-06-19,7.532321
2022-06-20,8.79614
2022-06-21,6.7764726
2022-06-22,6.237192
2022-06-23,8.488185
2022-06-24,9.957852
2022-06-25,12.183075
2022-06-26,19.250044
2022-06-27,12.169676
2022-06-28,9.888289
2022-06-29,8.575642
2022-06-30,6.7965307
2022-07-01,6.0843487
2022-07-02,5.179533
2022-07-03,4.711449
2022-07-04,4.719716
2022-07-05,5.0945473
2022-07-06,3.6217785
2022-07-07,5.2968044
2022-07-08,5.77104
2022-07-09,4.31782
2022-07-10,3.224434
2022-07-11,3.5730386
2022-07-12,4.917644
2022-07-13,5.092996
2022-07-14,3.618986
2022-07-15,2.5704288
2022-07-16,2.5002878
2022-07-17,2.5007198
2022-07-18,6.121033
2022-07-19,3.1182778
2022-07-20,3.672514
2022-07-21,5.8642054
2022-07-22,4.145811
2022-07-23,21.695017
2022-07-24,15.878261
2022-07-25,10.31316
2022-07-26,8.420065
2022-07-27,10.583498
2022-07-28,7.7886467
2022-07-29,6.8886166
2022-07-30,5.0504727
2022-07-31,5.086339
2022-08-01,4.1552463
2022-08-02,4.461356
2022-08-03,3.7961102
2022-08-04,4.040024
2022-08-05,4.1705084
2022-08-06,4.7332263
2022-08-07,3.1307569
2022-08-08,4.897928
2022-08-09,9.527152
2022-08-10,3.9107032
2022-08-11,4.234761
2022-08-12,3.8831158
2022-08-13,3.8418705
2022-08-14,3.490278
2022-08-15,3.2360654
2022-08-16,2.9996746
2022-08-17,2.767269
2022-08-18,2.5583684
2022-08-19,2.716714
2022-08-20,4.8479557
2022-08-21,2.2976625
2022-08-22,2.0439937
2022-08-23,1.9271872
2022-08-24,2.2944605
2022-08-25,3.9218922
2022-08-26,2.6253874
2022-08-27,5.8607225
2022-08-28,1.7081364
2022-08-29,5.0542555
2022-08-30,1.6253791
2022-08-31,1.5538182
2022-09-01,1.4511701
2022-09-02,1.8091818
2022-09-03,1.484955
2022-09-04,2.3916082
2022-09-05,3.3703682
2022-09-06,1.5378779
2022-09-07,1.4249697
2022-09-08,1.3858411
2022-09-09,2.14334
2022-09-10,2.1256235
2022-09-11,1.3485264
2022-09-12,1.3550177
2022-09-13,1.2801424
2022-09-14,1.2897241
2022-09-15,2.2130895
2022-09-16,2.6945553
2022-09-17,1.3175472
2022-09-18,1.2531551
2022-09-19,1.2436631
2022-09-20,1.2305768
2022-09-21,1.2678624
2022-09-22,1.1955351
2022-09-23,1.2179984
2022-09-24,1.1679435
2022-09-25,1.1136307
2022-09-26,1.0480038
2022-09-27,3.1143882
2022-09-28,2.831024
2022-09-29,1.0268561
2022-09-30,0.9662999
2022-10-01,1.1349281
2022-10-02,0.9906431
2022-10-03,0.9000041
2022-10-04,0.8779046
2022-10-05,0.90817046
2022-10-06,0.8746315
2022-10-07,0.81813604
2022-10-08,0.84440064
2022-10-09,0.8040954
2022-10-10,0.764817
2022-10-11,1.0923924
2022-10-12,0.73016745
2022-10-13,0.70285827
2022-10-14,0.68339354
2022-10-15,0.8582822
2022-10-16,0.77735335
2022-10-17,0.6563695
2022-10-18,0.63376945
2022-10-19,2.8364842
2022-10-20,0.7116551
2022-10-21,1.0778008
2022-10-22,0.70751303
2022-10-23,0.78825647
2022-10-24,3.4498243
2022-10-25,0.6593086
2022-10-26,0.5854023
2022-10-27,0.63382226
2022-10-28,0.6551765
2022-10-29,1.3452867
2022-10-30,0.6411916
2022-10-31,0.6251349
2022-11-01,1.2556666
2022-11-02,5.703482
2022-11-03,0.83032155
2022-11-04,0.7330835
2022-11-05,0.7613488
2022-11-06,0.7658006
2022-11-07,0.7655159
2022-11-08,1.4629276
2022-11-09,1.4430534
2022-11-10,0.7787696
2022-11-11,0.7460597
2022-11-12,1.0316572
2022-11-13,0.7718011
2022-11-14,0.7347003
2022-11-15,1.2546449
2022-11-16,3.3970299
2022-11-17,2.585905
2022-11-18,0.8955678
2022-11-19,0.7457235
2022-11-20,0.8168776
2022-11-21,1.1284322
2022-11-22,0.7673395
2022-11-23,0.76060003
2022-11-24,1.2816018
2022-11-25,0.7666593
2022-11-26,2.05238
2022-11-27,4.622885
2022-11-28,3.3581104
2022-11-29,1.0436016
2022-11-30,1.1407064
2022-12-01,0.78262484
2022-12-02,0.8083834
2022-12-03,0.82064
2022-12-04,0.8285635
2022-12-05,0.78263575
2022-12-06,0.77343076
2022-12-07,0.7840931
2022-12-08,0.7593892
2022-12-09,0.7816302
2022-12-10,2.952686
2022-12-11,0.81052494
2022-12-12,0.7258036
2022-12-13,2.1862137
2022-12-14,1.2219014
2022-12-15,0.7005778
2022-12-16,0.661181
2022-12-17,0.63599205
2022-12-18,0.622437
2022-12-19,0.9959973
2022-12-20,0.6090608
2022-12-21,0.5813333
2022-12-22,1.3141029
2022-12-23,0.5835122
2022-12-24,0.54273
2022-12-25,0.52784777
2022-12-26,0.5154152
2022-12-27,0.5047281
2022-12-28,0.49158734
2022-12-29,0.48403722
2022-12-30,0.46634108
2022-12-31,0.4587721
2023-01-01,0.7791596
2023-01-02,0.4502313
2023-01-03,0.6023642
2023-01-04,0.43688783
2023-01-05,0.41431025
2023-01-06,0.4353638
2023-01-07,28.765326
2023-01-08,2.6794565
2023-01-09,2.6335423
2023-01-10,3.384324
2023-01-11,0.7816349
2023-01-12,1.3076822
2023-01-13,3.3417993
2023-01-14,0.80057013
2023-01-15,1.5119398
2023-01-16,0.90263164
2023-01-17,2.2634282
2023-01-18,0.88179827
2023-01-19,0.88406664
2023-01-20,2.8155951
2023-01-21,0.889216
2023-01-22,0.8562181
2023-01-23,1.3066937
2023-01-24,0.8364056
2023-01-25,0.8008913
2023-01-26,0.7781805
2023-01-27,0.7587612
2023-01-28,0.7393685
2023-01-29,0.72097266
2023-01-30,0.7036374
2023-01-31,0.6832748
2023-02-01,0.64355415
2023-02-02,0.64515954
2023-02-03,0.6298001
2023-02-04,0.61821973
2023-02-05,0.63418853
2023-02-06,0.5982603
2023-02-07,0.5829835
2023-02-08,0.5699078
2023-02-09,0.57986313
2023-02-10,0.5327052
2023-02-11,0.5591552
2023-02-12,0.50800157
2023-02-13,0.4981712
2023-02-14,0.49070394
2023-02-15,0.5323585
2023-02-16,0.47074744
2023-02-17,0.4592294
2023-02-18,0.4422844
2023-02-19,0.4276592
2023-02-20,0.7478392
2023-02-21,0.41976243
2023-02-22,0.4023592
2023-02-23,0.40274954
2023-02-24,0.37210453
2023-02-25,0.36347118
2023-02-26,0.35304895
2023-02-27,0.33910945
2023-02-28,0.36518374
2023-03-01,0.3157266
2023-03-02,0.3433146
2023-03-03,0.3681219
2023-03-04,0.34441376
2023-03-05,0.37935877
2023-03-06,0.33082405
2023-03-07,0.7820324
2023-03-08,0.36425412
2023-03-09,0.4436476
2023-03-10,4.2266603
2023-03-11,2.6156976
2023-03-12,1.0372226
2023-03-13,0.2842638
2023-03-14,0.25037915
2023-03-15,0.24097808
2023-03-16,0.2333065
2023-03-17,0.22839488
2023-03-18,0.22905421
2023-03-19,0.22136807
2023-03-20,0.21324864
2023-03-21,0.20753695
2023-03-22,0.20021802
2023-03-23,0.19680163
2023-03-24,0.19184893
2023-03-25,0.19629465
2023-03-26,0.20487939
2023-03-27,0.22737317
2023-03-28,0.187214
2023-03-29,0.23716506
2023-03-30,0.2550247
2023-03-31,1.0515172
2023-04-01,0.4143128
2023-04-02,0.2203405
2023-04-03,0.16529582
2023-04-04,0.18654993
2023-04-05,0.17447491
2023-04-06,0.15545519
2023-04-07,1.0253078
2023-04-08,2.8225322
2023-04-09,0.23523585
2023-04-10,0.16144551
2023-04-11,1.0908412
2023-04-12,2.6075535
2023-04-13,0.25286973
2023-04-14,0.18530005
2023-04-15,0.19896576
2023-04-16,1.6883086
2023-04-17,0.7620777
2023-04-18,0.48552844
2023-04-19,0.20304069
2023-04-20,0.17831999
2023-04-21,0.5205925
2023-04-22,1.3595405
2023-04-23,3.6252618
2023-04-24,2.2025576
2023-04-25,0.45842144
2023-04-26,0.9506126
2023-04-27,2.8867583
2023-04-28,4.5957365
2023-04-29,3.1363478
2023-04-30,0.5490794
2023-05-01,1.3993131
2023-05-02,1.0814503
2023-05-03,1.5849357
2023-05-04,7.314346
2023-05-05,1.1420293
2023-05-06,0.98094237
2023-05-07,1.4383879
2023-05-08,1.4731811
2023-05-09,3.410898
2023-05-10,11.053968
2023-05-11,4.896072
2023-05-12,3.6846266
2023-05-13,3.8077857
2023-05-14,5.446893
2023-05-15,6.6464577
2023-05-16,4.1937246
2023-05-17,4.63388
2023-05-18,3.9439728
2023-05-19,4.7181153
2023-05-20,5.743382
2023-05-21,9.659274
2023-05-22,5.672913
2023-05-23,4.8898354
2023-05-24,8.49828
2023-05-25,11.111912
2023-05-26,7.8894315
2023-05-27,8.620377
2023-05-28,7.742547
2023-05-29,7.3909736
2023-05-30,7.9427195
2023-05-31,8.676427
2023-06-01,7.3432217
2023-06-02,5.827487
2023-06-03,5.4407086
2023-06-04,5.086409
2023-06-05,39.192326
2023-06-06,16.22753
2023-06-07,10.378985
2023-06-08,8.3342905
2023-06-09,6.8268814
2023-06-10,5.9086742
2023-06-11,8.156402
2023-06-12,4.7736487
2023-06-13,6.7636566
2023-06-14,5.845879
2023-06-15,7.0912232
2023-06-16,5.7274985
2023-06-17,3.730028
2023-06-18,3.6146622
2023-06-19,3.5630524
2023-06-20,3.4943054
2023-06-21,3.4313486
2023-06-22,3.294065
2023-06-23,4.541332
2023-06-24,4.4141455
2023-06-25,4.322513
2023-06-26,4.636881
2023-06-27,3.0018613
2023-06-28,5.292813
2023-06-29,3.9152577
2023-06-30,2.7644649
