datetime,streamflow_m^3/s
1979-01-01,0.0
1979-01-02,1.7816039
1979-01-03,2.099429
1979-01-04,2.0266423
1979-01-05,1.9448197
1979-01-06,1.8643676
1979-01-07,1.7876977
1979-01-08,1.7155915
1979-01-09,1.6441084
1979-01-10,1.5767494
1979-01-11,1.5150619
1979-01-12,1.449903
1979-01-13,1.389677
1979-01-14,1.3360224
1979-01-15,1.2828635
1979-01-16,1.2298932
1979-01-17,1.179271
1979-01-18,1.133106
1979-01-19,1.0896281
1979-01-20,1.0431191
1979-01-21,1.0007389
1979-01-22,0.9633698
1979-01-23,0.93800026
1979-01-24,0.90720916
1979-01-25,0.86675805
1979-01-26,0.8837914
1979-01-27,1.0020032
1979-01-28,0.8873231
1979-01-29,1.115322
1979-01-30,0.971757
1979-01-31,0.8921972
1979-02-01,0.75385416
1979-02-02,0.71091247
1979-02-03,0.6895248
1979-02-04,0.66208005
1979-02-05,0.6405132
1979-02-06,0.61357427
1979-02-07,0.5950171
1979-02-08,0.5732544
1979-02-09,0.55103374
1979-02-10,0.5355275
1979-02-11,0.5163831
1979-02-12,0.58265835
1979-02-13,0.5085668
1979-02-14,0.4799372
1979-02-15,0.463218
1979-02-16,0.4868028
1979-02-17,0.44260144
1979-02-18,0.43149272
1979-02-19,0.4199419
1979-02-20,0.40111032
1979-02-21,0.3914626
1979-02-22,0.38086158
1979-02-23,0.3699531
1979-02-24,0.5774282
1979-02-25,0.39583063
1979-02-26,0.33943477
1979-02-27,0.4127526
1979-02-28,0.3517
1979-03-01,10.456608
1979-03-02,5.186782
1979-03-03,4.733169
1979-03-04,1.0977839
1979-03-05,2.0872211
1979-03-06,1.3977277
1979-03-07,3.108333
1979-03-08,0.862334
1979-03-09,7.3346524
1979-03-10,7.997628
1979-03-11,2.2097998
1979-03-12,0.47494054
1979-03-13,0.38197517
1979-03-14,0.34776938
1979-03-15,0.40850517
1979-03-16,0.8374524
1979-03-17,1.5864334
1979-03-18,5.317786
1979-03-19,7.653513
1979-03-20,9.008078
1979-03-21,9.333527
1979-03-22,4.1560655
1979-03-23,4.0335217
1979-03-24,1.5329008
1979-03-25,12.561963
1979-03-26,7.239058
1979-03-27,7.0446606
1979-03-28,4.7545877
1979-03-29,2.0157375
1979-03-30,1.6561785
1979-03-31,1.7636989
1979-04-01,1.840093
1979-04-02,2.1674504
1979-04-03,6.8401556
1979-04-04,3.1895292
1979-04-05,5.41891
1979-04-06,9.909697
1979-04-07,4.0989485
1979-04-08,18.138403
1979-04-09,8.175304
1979-04-10,5.3930144
1979-04-11,6.744566
1979-04-12,9.598906
1979-04-13,7.744562
1979-04-14,11.558583
1979-04-15,17.98738
1979-04-16,16.28323
1979-04-17,30.978033
1979-04-18,41.922966
1979-04-19,36.644085
1979-04-20,34.45356
1979-04-21,26.016857
1979-04-22,26.143312
1979-04-23,27.024828
1979-04-24,25.826176
1979-04-25,20.95362
1979-04-26,24.609121
1979-04-27,22.296051
1979-04-28,23.103052
1979-04-29,19.88658
1979-04-30,21.855654
1979-05-01,26.751543
1979-05-02,23.961123
1979-05-03,23.729103
1979-05-04,21.269913
1979-05-05,19.418951
1979-05-06,19.133656
1979-05-07,21.450975
1979-05-08,22.000154
1979-05-09,18.820887
1979-05-10,13.7545395
1979-05-11,12.569724
1979-05-12,16.55491
1979-05-13,12.080836
1979-05-14,11.070349
1979-05-15,11.56619
1979-05-16,9.959111
1979-05-17,15.204481
1979-05-18,12.127114
1979-05-19,9.927884
1979-05-20,14.512277
1979-05-21,17.549137
1979-05-22,17.82641
1979-05-23,17.590649
1979-05-24,20.771175
1979-05-25,20.315485
1979-05-26,25.262127
1979-05-27,20.398539
1979-05-28,33.024628
1979-05-29,40.551308
1979-05-30,34.35581
1979-05-31,33.300793
1979-06-01,33.40296
1979-06-02,27.37653
1979-06-03,20.738218
1979-06-04,18.55838
1979-06-05,17.078215
1979-06-06,22.504774
1979-06-07,20.985142
1979-06-08,15.842072
1979-06-09,19.059036
1979-06-10,17.493723
1979-06-11,16.307543
1979-06-12,14.673179
1979-06-13,17.515867
1979-06-14,15.512356
1979-06-15,19.244722
1979-06-16,23.973415
1979-06-17,17.085781
1979-06-18,17.254744
1979-06-19,17.554253
1979-06-20,20.296566
1979-06-21,17.968166
1979-06-22,17.350933
1979-06-23,18.181597
1979-06-24,16.980848
1979-06-25,15.854625
1979-06-26,17.358582
1979-06-27,20.797733
1979-06-28,15.344621
1979-06-29,16.11098
1979-06-30,13.166779
1979-07-01,12.966022
1979-07-02,15.308056
1979-07-03,13.841278
1979-07-04,13.940708
1979-07-05,16.940134
1979-07-06,30.013254
1979-07-07,109.53321
1979-07-08,46.277283
1979-07-09,27.465372
1979-07-10,19.32797
1979-07-11,21.398973
1979-07-12,15.297686
1979-07-13,12.57293
1979-07-14,11.334079
1979-07-15,10.625738
1979-07-16,10.520039
1979-07-17,14.6790905
1979-07-18,10.299924
1979-07-19,8.541261
1979-07-20,8.462101
1979-07-21,16.57377
1979-07-22,10.062239
1979-07-23,10.683423
1979-07-24,8.895121
1979-07-25,11.583802
1979-07-26,10.561781
1979-07-27,10.080129
1979-07-28,14.296957
1979-07-29,8.230279
1979-07-30,6.547921
1979-07-31,6.382691
1979-08-01,6.2918925
1979-08-02,6.5649304
1979-08-03,8.19728
1979-08-04,6.4174323
1979-08-05,6.1018214
1979-08-06,8.593762
1979-08-07,6.7695436
1979-08-08,5.783624
1979-08-09,8.079624
1979-08-10,5.9768143
1979-08-11,5.292901
1979-08-12,5.152574
1979-08-13,6.0445857
1979-08-14,6.0709853
1979-08-15,8.415412
1979-08-16,9.673776
1979-08-17,8.449271
1979-08-18,5.8602414
1979-08-19,4.7897654
1979-08-20,4.9388433
1979-08-21,8.121397
1979-08-22,7.04889
1979-08-23,6.09033
1979-08-24,8.36322
1979-08-25,10.534495
1979-08-26,7.788793
1979-08-27,7.552099
1979-08-28,14.838743
1979-08-29,9.045545
1979-08-30,7.4386992
1979-08-31,13.789743
1979-09-01,8.479513
1979-09-02,7.0095134
1979-09-03,7.2446322
1979-09-04,8.1572275
1979-09-05,9.626384
1979-09-06,21.011154
1979-09-07,13.907009
1979-09-08,8.162823
1979-09-09,10.526981
1979-09-10,7.87955
1979-09-11,7.5131564
1979-09-12,7.761387
1979-09-13,13.255139
1979-09-14,8.989664
1979-09-15,7.813281
1979-09-16,7.4418597
1979-09-17,7.504016
1979-09-18,7.3945494
1979-09-19,12.104372
1979-09-20,10.656
1979-09-21,7.488331
1979-09-22,6.6371026
1979-09-23,6.8062572
1979-09-24,6.653081
1979-09-25,6.2556257
1979-09-26,8.65864
1979-09-27,6.8429904
1979-09-28,6.1509376
1979-09-29,5.979951
1979-09-30,5.8312325
1979-10-01,5.775733
1979-10-02,5.7538786
1979-10-03,6.242131
1979-10-04,5.6652675
1979-10-05,7.419259
1979-10-06,8.624587
1979-10-07,6.8162026
1979-10-08,10.951111
1979-10-09,6.7837954
1979-10-10,5.4049764
1979-10-11,5.364916
1979-10-12,6.8056035
1979-10-13,5.6694126
1979-10-14,5.574494
1979-10-15,5.663261
1979-10-16,5.8409643
1979-10-17,7.6360097
1979-10-18,10.328892
1979-10-19,7.199123
1979-10-20,9.038497
1979-10-21,9.008541
1979-10-22,12.414829
1979-10-23,12.20944
1979-10-24,9.43259
1979-10-25,12.219498
1979-10-26,11.295478
1979-10-27,10.006176
1979-10-28,9.95317
1979-10-29,12.904918
1979-10-30,9.21898
1979-10-31,8.16438
1979-11-01,7.9735303
1979-11-02,9.10194
1979-11-03,7.921839
1979-11-04,7.5023623
1979-11-05,7.4874887
1979-11-06,9.624933
1979-11-07,8.794242
1979-11-08,11.252199
1979-11-09,9.163146
1979-11-10,8.014451
1979-11-11,12.591899
1979-11-12,7.5902796
1979-11-13,6.0641227
1979-11-14,5.868044
1979-11-15,13.939838
1979-11-16,9.343665
1979-11-17,6.363128
1979-11-18,8.518647
1979-11-19,6.003147
1979-11-20,9.797389
1979-11-21,6.528246
1979-11-22,5.9757934
1979-11-23,6.389461
1979-11-24,7.638866
1979-11-25,7.6939526
1979-11-26,9.362558
1979-11-27,9.601636
1979-11-28,19.93237
1979-11-29,38.290924
1979-11-30,28.79352
1979-12-01,26.952084
1979-12-02,26.244246
1979-12-03,22.160267
1979-12-04,20.608757
1979-12-05,16.976765
1979-12-06,15.182185
1979-12-07,17.977678
1979-12-08,23.69642
1979-12-09,14.002507
1979-12-10,11.457283
1979-12-11,10.672219
1979-12-12,9.993756
1979-12-13,9.36747
1979-12-14,8.811311
1979-12-15,8.288309
1979-12-16,7.7670894
1979-12-17,7.4023128
1979-12-18,6.9844985
1979-12-19,8.145278
1979-12-20,6.5520997
1979-12-21,5.8306274
1979-12-22,5.4739294
1979-12-23,5.13062
1979-12-24,4.829271
1979-12-25,4.530114
1979-12-26,4.251923
1979-12-27,4.00013
1979-12-28,3.7628934
1979-12-29,3.859893
1979-12-30,3.5250187
1979-12-31,3.3312447
1980-01-01,3.241225
1980-01-02,3.3534296
1980-01-03,3.2043827
1980-01-04,3.0373945
1980-01-05,2.773011
1980-01-06,2.732772
1980-01-07,2.557982
1980-01-08,2.4391806
1980-01-09,2.3056228
1980-01-10,2.1947083
1980-01-11,2.0905604
1980-01-12,1.992259
1980-01-13,1.8994075
1980-01-14,1.8131864
1980-01-15,1.7354561
1980-01-16,1.6567386
1980-01-17,1.5790946
1980-01-18,1.5090536
1980-01-19,1.4397471
1980-01-20,1.3808441
1980-01-21,1.3385199
1980-01-22,1.3955239
1980-01-23,1.2923535
1980-01-24,1.2116618
1980-01-25,1.2142206
1980-01-26,1.1594822
1980-01-27,1.0921162
1980-01-28,1.0472227
1980-01-29,1.0104679
1980-01-30,0.9800301
1980-01-31,0.9324675
1980-02-01,0.89012957
1980-02-02,0.85071236
1980-02-03,0.81463015
1980-02-04,0.78216165
1980-02-05,0.7646391
1980-02-06,0.72950214
1980-02-07,0.69926095
1980-02-08,0.67237574
1980-02-09,0.647155
1980-02-10,0.6206324
1980-02-11,0.597783
1980-02-12,0.57329494
1980-02-13,0.55049044
1980-02-14,0.53457254
1980-02-15,0.5128584
1980-02-16,0.49182767
1980-02-17,0.46704987
1980-02-18,0.4507078
1980-02-19,0.43638748
1980-02-20,0.4479001
1980-02-21,0.41957933
1980-02-22,0.4000475
1980-02-23,0.38268518
1980-02-24,0.37187037
1980-02-25,0.35413322
1980-02-26,0.34188372
1980-02-27,0.32927927
1980-02-28,0.32371214
1980-02-29,0.30922785
1980-03-01,0.2978924
1980-03-02,0.28860217
1980-03-03,0.27675372
1980-03-04,0.2649823
1980-03-05,0.26262563
1980-03-06,0.25714764
1980-03-07,0.24443994
1980-03-08,0.23594499
1980-03-09,0.22533472
1980-03-10,0.23129766
1980-03-11,0.2455685
1980-03-12,0.23722613
1980-03-13,0.4109148
1980-03-14,0.37364438
1980-03-15,0.47749057
1980-03-16,0.6529674
1980-03-17,0.3135379
1980-03-18,0.20312688
1980-03-19,0.20014068
1980-03-20,0.1905688
1980-03-21,0.1866819
1980-03-22,0.18402472
1980-03-23,0.42226818
1980-03-24,0.6309419
1980-03-25,0.6662931
1980-03-26,0.332029
1980-03-27,0.41176116
1980-03-28,3.4511268
1980-03-29,9.350824
1980-03-30,5.294442
1980-03-31,3.0246832
1980-04-01,5.818718
1980-04-02,1.497293
1980-04-03,0.23640244
1980-04-04,0.1606037
1980-04-05,0.15741816
1980-04-06,0.15037008
1980-04-07,0.15308762
1980-04-08,0.14769793
1980-04-09,0.14075945
1980-04-10,0.14455257
1980-04-11,0.13934766
1980-04-12,0.13160525
1980-04-13,0.13612501
1980-04-14,0.2139091
1980-04-15,10.148463
1980-04-16,4.2677073
1980-04-17,0.5882593
1980-04-18,7.7820125
1980-04-19,6.2047515
1980-04-20,9.646289
1980-04-21,2.4188147
1980-04-22,0.58145183
1980-04-23,6.9828496
1980-04-24,1.7335759
1980-04-25,4.211076
1980-04-26,1.0605321
1980-04-27,5.752934
1980-04-28,7.1158333
1980-04-29,4.906211
1980-04-30,8.919132
1980-05-01,2.6322553
1980-05-02,1.8516419
1980-05-03,16.899902
1980-05-04,4.245118
1980-05-05,7.4689655
1980-05-06,2.0933208
1980-05-07,0.5614717
1980-05-08,0.7047143
1980-05-09,0.6273033
1980-05-10,1.5627271
1980-05-11,1.6998193
1980-05-12,1.7839977
1980-05-13,16.71817
1980-05-14,17.190022
1980-05-15,5.2824183
1980-05-16,2.0571697
1980-05-17,2.019603
1980-05-18,3.3231633
1980-05-19,7.5616117
1980-05-20,13.895403
1980-05-21,8.092907
1980-05-22,13.504051
1980-05-23,10.398335
1980-05-24,16.88572
1980-05-25,12.521
1980-05-26,16.41659
1980-05-27,16.128025
1980-05-28,27.98762
1980-05-29,21.655346
1980-05-30,18.979122
1980-05-31,21.1777
1980-06-01,17.734324
1980-06-02,18.430248
1980-06-03,17.27537
1980-06-04,15.167348
1980-06-05,17.705746
1980-06-06,15.653746
1980-06-07,19.181889
1980-06-08,15.250209
1980-06-09,15.126055
1980-06-10,19.328909
1980-06-11,15.92351
1980-06-12,16.311789
1980-06-13,16.225306
1980-06-14,15.985757
1980-06-15,15.037135
1980-06-16,19.469421
1980-06-17,28.251104
1980-06-18,25.055336
1980-06-19,17.67029
1980-06-20,13.365579
1980-06-21,20.379864
1980-06-22,27.864262
1980-06-23,18.551031
1980-06-24,15.934804
1980-06-25,15.348853
1980-06-26,14.811593
1980-06-27,20.02564
1980-06-28,15.079581
1980-06-29,12.926289
1980-06-30,13.783671
1980-07-01,22.470667
1980-07-02,20.508661
1980-07-03,13.872613
1980-07-04,21.655973
1980-07-05,16.399525
1980-07-06,12.190656
1980-07-07,11.242999
1980-07-08,10.926741
1980-07-09,10.533007
1980-07-10,10.490655
1980-07-11,18.68311
1980-07-12,11.456118
1980-07-13,9.946387
1980-07-14,9.196907
1980-07-15,12.921042
1980-07-16,21.23031
1980-07-17,12.680901
1980-07-18,8.746416
1980-07-19,8.696311
1980-07-20,9.02767
1980-07-21,11.040375
1980-07-22,8.657161
1980-07-23,9.738782
1980-07-24,11.6420555
1980-07-25,8.463894
1980-07-26,9.972827
1980-07-27,9.047014
1980-07-28,18.443153
1980-07-29,11.075309
1980-07-30,8.976651
1980-07-31,8.88371
1980-08-01,16.583296
1980-08-02,18.981686
1980-08-03,18.1286
1980-08-04,17.45485
1980-08-05,16.564005
1980-08-06,15.454818
1980-08-07,21.202204
1980-08-08,14.884464
1980-08-09,13.389456
1980-08-10,12.579723
1980-08-11,11.579696
1980-08-12,20.790987
1980-08-13,12.431433
1980-08-14,9.901164
1980-08-15,11.41682
1980-08-16,10.194649
1980-08-17,8.699132
1980-08-18,13.079411
1980-08-19,16.981272
1980-08-20,9.264172
1980-08-21,9.590426
1980-08-22,7.8265185
1980-08-23,9.13623
1980-08-24,7.986732
1980-08-25,6.841927
1980-08-26,6.577216
1980-08-27,9.068162
1980-08-28,11.390411
1980-08-29,11.274619
1980-08-30,8.374038
1980-08-31,6.130979
1980-09-01,8.347177
1980-09-02,7.197897
1980-09-03,5.876972
1980-09-04,6.469632
1980-09-05,7.7563815
1980-09-06,13.688154
1980-09-07,10.922119
1980-09-08,8.041207
1980-09-09,6.831209
1980-09-10,17.659336
1980-09-11,14.166903
1980-09-12,12.054642
1980-09-13,12.029069
1980-09-14,11.599493
1980-09-15,11.316481
1980-09-16,10.979585
1980-09-17,14.26676
1980-09-18,17.874691
1980-09-19,11.030205
1980-09-20,10.290177
1980-09-21,9.136137
1980-09-22,8.721379
1980-09-23,9.222529
1980-09-24,12.796497
1980-09-25,8.790677
1980-09-26,8.111424
1980-09-27,7.493366
1980-09-28,7.17504
1980-09-29,6.9501953
1980-09-30,9.764971
1980-10-01,7.388589
1980-10-02,6.379692
1980-10-03,6.100706
1980-10-04,5.84236
1980-10-05,6.180544
1980-10-06,7.1998506
1980-10-07,13.641303
1980-10-08,7.2635164
1980-10-09,6.8621054
1980-10-10,11.717227
1980-10-11,7.6762524
1980-10-12,10.693709
1980-10-13,7.8884983
1980-10-14,9.889222
1980-10-15,19.016327
1980-10-16,13.133111
1980-10-17,11.83693
1980-10-18,12.816664
1980-10-19,13.763361
1980-10-20,9.548984
1980-10-21,9.480412
1980-10-22,12.424634
1980-10-23,17.524498
1980-10-24,17.11885
1980-10-25,16.338306
1980-10-26,33.306057
1980-10-27,29.363354
1980-10-28,26.10013
1980-10-29,24.195738
1980-10-30,21.75389
1980-10-31,18.621761
1980-11-01,16.617426
1980-11-02,18.349249
1980-11-03,14.365035
1980-11-04,13.346503
1980-11-05,11.80494
1980-11-06,11.783094
1980-11-07,10.326239
1980-11-08,9.616392
1980-11-09,8.918386
1980-11-10,8.316969
1980-11-11,7.772358
1980-11-12,7.309773
1980-11-13,7.404749
1980-11-14,8.814593
1980-11-15,7.410429
1980-11-16,6.2362256
1980-11-17,5.843418
1980-11-18,5.5779
1980-11-19,5.314346
1980-11-20,5.067979
1980-11-21,7.530232
1980-11-22,5.243944
1980-11-23,4.6620445
1980-11-24,4.4316926
1980-11-25,4.1852717
1980-11-26,4.090062
1980-11-27,3.863247
1980-11-28,3.698741
1980-11-29,3.5912182
1980-11-30,7.768866
1980-12-01,4.8800516
1980-12-02,3.3654716
1980-12-03,3.0822823
1980-12-04,2.9495034
1980-12-05,2.8228524
1980-12-06,2.7036
1980-12-07,2.596099
1980-12-08,2.6514733
1980-12-09,3.529847
1980-12-10,2.797192
1980-12-11,2.5149205
1980-12-12,10.024417
1980-12-13,3.7734976
1980-12-14,2.1622965
1980-12-15,2.0700984
1980-12-16,2.000841
1980-12-17,1.936618
1980-12-18,1.8772728
1980-12-19,1.815675
1980-12-20,1.755753
1980-12-21,1.6873674
1980-12-22,1.6294911
1980-12-23,1.5805452
1980-12-24,1.5370543
1980-12-25,1.6485893
1980-12-26,1.6394795
1980-12-27,1.4827801
1980-12-28,1.4994473
1980-12-29,1.3843527
1980-12-30,1.3544523
1980-12-31,1.2847422
1981-01-01,1.2480211
1981-01-02,1.2027639
1981-01-03,1.1610116
1981-01-04,1.1189045
1981-01-05,1.0849946
1981-01-06,1.0528673
1981-01-07,1.0145074
1981-01-08,1.2368642
1981-01-09,1.8036038
1981-01-10,1.4217225
1981-01-11,1.0537915
1981-01-12,1.0102857
1981-01-13,0.93113285
1981-01-14,0.8817062
1981-01-15,0.8555379
1981-01-16,0.83796364
1981-01-17,0.8140777
1981-01-18,0.79000396
1981-01-19,0.7633763
1981-01-20,0.73899037
1981-01-21,0.7164339
1981-01-22,0.6982439
1981-01-23,0.6741148
1981-01-24,0.65376616
1981-01-25,0.63113225
1981-01-26,0.61114305
1981-01-27,0.57480514
1981-01-28,0.48679772
1981-01-29,0.11078637
1981-01-30,0.036584906
1981-01-31,0.034985065
1981-02-01,0.099398635
1981-02-02,0.04732495
1981-02-03,0.03062219
1981-02-04,0.008140191
1981-02-05,0.021516649
1981-02-06,0.0041971323
1981-02-07,4.560003e-05
1981-02-08,0.325048
1981-02-09,0.6299517
1981-02-10,0.35549435
1981-02-11,0.052721843
1981-02-12,0.0025626144
1981-02-13,0.00023387547
1981-02-14,2.5352167e-06
1981-02-15,2.9482086e-08
1981-02-16,3.4284775e-10
1981-02-17,0.3137727
1981-02-18,0.5899153
1981-02-19,0.6348756
1981-02-20,1.8505462
1981-02-21,4.974438
1981-02-22,1.2581718
1981-02-23,0.7184763
1981-02-24,0.49432647
1981-02-25,0.36184806
1981-02-26,0.18822579
1981-02-27,0.38583234
1981-02-28,0.84570867
1981-03-01,6.965241
1981-03-02,3.2028553
1981-03-03,1.1354839
1981-03-04,4.4849777
1981-03-05,2.0955875
1981-03-06,1.615407
1981-03-07,2.1786997
1981-03-08,0.7851801
1981-03-09,0.31790563
1981-03-10,4.3496227
1981-03-11,6.347342
1981-03-12,1.3590397
1981-03-13,0.24779853
1981-03-14,0.23144007
1981-03-15,0.23061278
1981-03-16,0.22520103
1981-03-17,0.2188894
1981-03-18,0.21252595
1981-03-19,0.20527233
1981-03-20,0.19850175
1981-03-21,0.19152515
1981-03-22,0.18470584
1981-03-23,0.17816828
1981-03-24,0.17154106
1981-03-25,0.16518603
1981-03-26,0.15872362
1981-03-27,0.15239376
1981-03-28,0.1472256
1981-03-29,0.14126898
1981-03-30,0.13548125
1981-03-31,0.12994486
1981-04-01,0.124713495
1981-04-02,0.12015223
1981-04-03,0.17446518
1981-04-04,0.14447786
1981-04-05,0.88081765
1981-04-06,1.0164922
1981-04-07,2.0523062
1981-04-08,0.57515484
1981-04-09,6.2938046
1981-04-10,1.4392194
1981-04-11,1.308529
1981-04-12,0.36463994
1981-04-13,0.6125335
1981-04-14,3.703472
1981-04-15,2.1533656
1981-04-16,0.39953968
1981-04-17,10.8282795
1981-04-18,4.0654798
1981-04-19,4.727385
1981-04-20,1.243524
1981-04-21,0.8199821
1981-04-22,1.5300341
1981-04-23,7.0427094
1981-04-24,2.2809782
1981-04-25,2.7474961
1981-04-26,10.118557
1981-04-27,7.3921375
1981-04-28,11.08134
1981-04-29,5.6849113
1981-04-30,4.663639
1981-05-01,9.821718
1981-05-02,17.120539
1981-05-03,9.245319
1981-05-04,8.925771
1981-05-05,10.164969
1981-05-06,17.063845
1981-05-07,12.351577
1981-05-08,10.534783
1981-05-09,13.585444
1981-05-10,10.936042
1981-05-11,10.212909
1981-05-12,13.476425
1981-05-13,16.368483
1981-05-14,14.535265
1981-05-15,12.270352
1981-05-16,13.756648
1981-05-17,14.22224
1981-05-18,13.6533375
1981-05-19,14.34331
1981-05-20,14.87476
1981-05-21,17.327969
1981-05-22,16.612486
1981-05-23,20.971725
1981-05-24,19.094439
1981-05-25,19.48683
1981-05-26,20.624987
1981-05-27,22.518244
1981-05-28,19.983189
1981-05-29,21.12464
1981-05-30,30.957798
1981-05-31,31.733355
1981-06-01,21.22861
1981-06-02,20.189579
1981-06-03,19.61893
1981-06-04,23.23464
1981-06-05,19.77481
1981-06-06,18.953465
1981-06-07,15.532851
1981-06-08,30.682085
1981-06-09,31.160646
1981-06-10,17.276798
1981-06-11,107.31533
1981-06-12,51.096325
1981-06-13,52.25205
1981-06-14,32.331326
1981-06-15,22.875011
1981-06-16,27.396645
1981-06-17,32.10162
1981-06-18,26.341219
1981-06-19,25.31844
1981-06-20,30.727335
1981-06-21,33.99664
1981-06-22,28.107319
1981-06-23,25.721628
1981-06-24,24.030678
1981-06-25,20.122713
1981-06-26,17.616257
1981-06-27,30.2384
1981-06-28,26.521143
1981-06-29,17.104113
1981-06-30,14.822774
1981-07-01,13.637049
1981-07-02,12.889461
1981-07-03,19.195045
1981-07-04,16.981848
1981-07-05,12.864301
1981-07-06,15.610687
1981-07-07,15.176214
1981-07-08,14.404
1981-07-09,18.203253
1981-07-10,19.36917
1981-07-11,20.012072
1981-07-12,16.659632
1981-07-13,17.180813
1981-07-14,13.361377
1981-07-15,16.31856
1981-07-16,12.657392
1981-07-17,11.939362
1981-07-18,15.367797
1981-07-19,12.113825
1981-07-20,20.688812
1981-07-21,12.917886
1981-07-22,10.8942
1981-07-23,10.743331
1981-07-24,10.482914
1981-07-25,10.162154
1981-07-26,9.802583
1981-07-27,9.448206
1981-07-28,9.108557
1981-07-29,8.6960535
1981-07-30,8.372723
1981-07-31,8.02182
1981-08-01,9.814715
1981-08-02,11.242909
1981-08-03,7.683073
1981-08-04,9.073438
1981-08-05,9.944447
1981-08-06,10.395844
1981-08-07,6.6609654
1981-08-08,6.0165133
1981-08-09,5.8708105
1981-08-10,5.664601
1981-08-11,5.3060308
1981-08-12,4.959559
1981-08-13,4.862762
1981-08-14,5.673179
1981-08-15,4.7891684
1981-08-16,8.136652
1981-08-17,5.1083784
1981-08-18,15.77649
1981-08-19,6.7071886
1981-08-20,9.025413
1981-08-21,5.0192413
1981-08-22,3.9652872
1981-08-23,3.8829784
1981-08-24,7.663963
1981-08-25,8.916569
1981-08-26,8.750192
1981-08-27,4.7058673
1981-08-28,4.0665307
1981-08-29,3.8126822
1981-08-30,6.7094064
1981-08-31,7.5114007
1981-09-01,14.282594
1981-09-02,7.5873914
1981-09-03,5.679695
1981-09-04,6.699504
1981-09-05,9.159979
1981-09-06,7.8203716
1981-09-07,8.760388
1981-09-08,9.062812
1981-09-09,6.9211383
1981-09-10,9.083599
1981-09-11,6.986501
1981-09-12,6.480731
1981-09-13,6.102081
1981-09-14,5.909078
1981-09-15,10.113699
1981-09-16,7.7197742
1981-09-17,6.263844
1981-09-18,5.8295045
1981-09-19,5.836199
1981-09-20,15.848956
1981-09-21,8.219089
1981-09-22,6.2541776
1981-09-23,5.610988
1981-09-24,11.607085
1981-09-25,8.516607
1981-09-26,6.4232893
1981-09-27,6.370996
1981-09-28,7.998915
1981-09-29,7.184094
1981-09-30,13.100527
1981-10-01,10.07895
1981-10-02,11.017149
1981-10-03,11.359543
1981-10-04,16.33523
1981-10-05,14.003955
1981-10-06,12.796232
1981-10-07,12.110238
1981-10-08,11.369506
1981-10-09,11.0137415
1981-10-10,12.553882
1981-10-11,10.156174
1981-10-12,9.080089
1981-10-13,8.694754
1981-10-14,9.647649
1981-10-15,8.623012
1981-10-16,7.764259
1981-10-17,7.737706
1981-10-18,8.804678
1981-10-19,6.940893
1981-10-20,6.3970532
1981-10-21,6.1760526
1981-10-22,5.97842
1981-10-23,7.382704
1981-10-24,6.1082935
1981-10-25,6.9569345
1981-10-26,6.1919055
1981-10-27,10.88245
1981-10-28,6.428915
1981-10-29,5.229958
1981-10-30,5.0987325
1981-10-31,12.259801
1981-11-01,7.834291
1981-11-02,5.283016
1981-11-03,4.8297477
1981-11-04,4.8429527
1981-11-05,8.435641
1981-11-06,7.3904347
1981-11-07,4.9606524
1981-11-08,5.161814
1981-11-09,8.5135355
1981-11-10,10.348644
1981-11-11,5.348518
1981-11-12,4.1624017
1981-11-13,4.078967
1981-11-14,4.0291257
1981-11-15,3.9979382
1981-11-16,9.294043
1981-11-17,5.216408
1981-11-18,5.0857472
1981-11-19,3.9472823
1981-11-20,3.6352084
1981-11-21,4.9294453
1981-11-22,4.4300604
1981-11-23,4.450776
1981-11-24,5.440589
1981-11-25,10.873517
1981-11-26,9.618181
1981-11-27,5.326314
1981-11-28,4.689526
1981-11-29,9.520144
1981-11-30,6.0062633
1981-12-01,7.8625298
1981-12-02,5.9043756
1981-12-03,5.4503508
1981-12-04,11.906004
1981-12-05,7.172323
1981-12-06,6.103932
1981-12-07,6.3282695
1981-12-08,15.36571
1981-12-09,14.147324
1981-12-10,11.384664
1981-12-11,23.885283
1981-12-12,14.54769
1981-12-13,14.455725
1981-12-14,12.32129
1981-12-15,11.2153845
1981-12-16,11.049951
1981-12-17,10.550608
1981-12-18,10.122935
1981-12-19,9.563914
1981-12-20,9.016897
1981-12-21,8.5187435
1981-12-22,8.024605
1981-12-23,7.5326877
1981-12-24,7.062516
1981-12-25,6.6175995
1981-12-26,6.2626095
1981-12-27,6.22295
1981-12-28,5.7427697
1981-12-29,5.7233973
1981-12-30,5.3834786
1981-12-31,5.1149683
1982-01-01,4.906881
1982-01-02,4.7479496
1982-01-03,4.704263
1982-01-04,4.557865
1982-01-05,4.938908
1982-01-06,4.3951144
1982-01-07,4.1210794
1982-01-08,3.9396627
1982-01-09,3.8062904
1982-01-10,3.6634455
1982-01-11,3.5256572
1982-01-12,3.4124432
1982-01-13,3.4189348
1982-01-14,3.26271
1982-01-15,3.0995004
1982-01-16,2.9827123
1982-01-17,2.8636339
1982-01-18,2.7432566
1982-01-19,2.6220531
1982-01-20,2.5069776
1982-01-21,2.4012651
1982-01-22,2.2988806
1982-01-23,2.1966417
1982-01-24,2.0966613
1982-01-25,2.0134964
1982-01-26,1.9232163
1982-01-27,1.8363183
1982-01-28,1.7497463
1982-01-29,1.6788714
1982-01-30,1.676078
1982-01-31,1.6609664
1982-02-01,1.6248927
1982-02-02,1.4913224
1982-02-03,1.420376
1982-02-04,1.3688134
1982-02-05,1.4447522
1982-02-06,1.7980715
1982-02-07,1.6920943
1982-02-08,2.734441
1982-02-09,1.592741
1982-02-10,1.2844335
1982-02-11,1.5331824
1982-02-12,1.9093014
1982-02-13,1.4135965
1982-02-14,1.603767
1982-02-15,1.1782842
1982-02-16,1.0583733
1982-02-17,1.0270381
1982-02-18,0.99909407
1982-02-19,0.9720294
1982-02-20,0.9807536
1982-02-21,1.1803837
1982-02-22,0.99063647
1982-02-23,0.9279634
1982-02-24,1.0110035
1982-02-25,2.9231684
1982-02-26,1.4719806
1982-02-27,1.2040483
1982-02-28,0.8979509
1982-03-01,1.0794855
1982-03-02,0.97808105
1982-03-03,0.7907851
1982-03-04,0.742843
1982-03-05,0.71573
1982-03-06,3.260956
1982-03-07,1.2263167
1982-03-08,0.6832461
1982-03-09,0.6562123
1982-03-10,0.63584197
1982-03-11,0.61953163
1982-03-12,0.60411346
1982-03-13,0.5953163
1982-03-14,1.0417315
1982-03-15,1.6877434
1982-03-16,0.833817
1982-03-17,0.6163589
1982-03-18,0.6140831
1982-03-19,0.98555297
1982-03-20,0.7894439
1982-03-21,5.198309
1982-03-22,2.185486
1982-03-23,6.5466437
1982-03-24,3.0332847
1982-03-25,3.6584282
1982-03-26,6.484312
1982-03-27,5.4038253
1982-03-28,1.6581184
1982-03-29,11.8447075
1982-03-30,19.130066
1982-03-31,9.000792
1982-04-01,1.9786463
1982-04-02,8.117231
1982-04-03,5.3717766
1982-04-04,2.65145
1982-04-05,2.5401444
1982-04-06,1.8773096
1982-04-07,10.286851
1982-04-08,9.828865
1982-04-09,6.232992
1982-04-10,7.5932007
1982-04-11,5.189799
1982-04-12,5.1447053
1982-04-13,5.6640854
1982-04-14,5.9843383
1982-04-15,6.05858
1982-04-16,5.9759765
1982-04-17,6.2919526
1982-04-18,22.902912
1982-04-19,18.095198
1982-04-20,11.2226305
1982-04-21,9.738029
1982-04-22,11.398228
1982-04-23,12.364727
1982-04-24,17.55363
1982-04-25,12.167136
1982-04-26,20.31209
1982-04-27,33.632748
1982-04-28,25.213604
1982-04-29,21.807737
1982-04-30,20.99759
1982-05-01,18.878164
1982-05-02,17.23391
1982-05-03,15.449552
1982-05-04,14.85502
1982-05-05,12.956598
1982-05-06,11.845102
1982-05-07,10.97217
1982-05-08,10.277902
1982-05-09,18.32657
1982-05-10,10.88137
1982-05-11,10.159523
1982-05-12,8.510032
1982-05-13,14.699657
1982-05-14,14.591927
1982-05-15,8.295446
1982-05-16,13.073184
1982-05-17,10.644122
1982-05-18,12.65179
1982-05-19,8.926064
1982-05-20,14.593556
1982-05-21,9.004528
1982-05-22,12.375521
1982-05-23,10.929256
1982-05-24,11.124957
1982-05-25,9.435672
1982-05-26,10.457828
1982-05-27,16.455976
1982-05-28,24.655807
1982-05-29,22.801182
1982-05-30,21.363129
1982-05-31,19.46644
1982-06-01,17.721823
1982-06-02,16.164755
1982-06-03,14.879772
1982-06-04,13.565605
1982-06-05,15.023882
1982-06-06,23.583227
1982-06-07,13.993244
1982-06-08,12.152417
1982-06-09,10.614168
1982-06-10,15.512053
1982-06-11,15.401601
1982-06-12,10.345461
1982-06-13,10.26436
1982-06-14,19.483755
1982-06-15,16.978262
1982-06-16,12.728906
1982-06-17,20.646305
1982-06-18,14.29536
1982-06-19,9.871669
1982-06-20,10.4811735
1982-06-21,14.078122
1982-06-22,15.942787
1982-06-23,19.206316
1982-06-24,19.775248
1982-06-25,13.509353
1982-06-26,12.605341
1982-06-27,12.566499
1982-06-28,13.68375
1982-06-29,17.155794
1982-06-30,22.17095
1982-07-01,14.727254
1982-07-02,19.163908
1982-07-03,15.700207
1982-07-04,14.8938875
1982-07-05,13.8726425
1982-07-06,13.6616745
1982-07-07,16.651749
1982-07-08,18.924488
1982-07-09,17.882292
1982-07-10,26.689777
1982-07-11,19.122313
1982-07-12,17.888664
1982-07-13,14.407333
1982-07-14,17.279312
1982-07-15,18.270279
1982-07-16,14.4668255
1982-07-17,14.38126
1982-07-18,13.071118
1982-07-19,17.139944
1982-07-20,18.135239
1982-07-21,22.227978
1982-07-22,15.877077
1982-07-23,14.787059
1982-07-24,14.323009
1982-07-25,15.015927
1982-07-26,18.88271
1982-07-27,13.712037
1982-07-28,15.708863
1982-07-29,15.04975
1982-07-30,12.529399
1982-07-31,17.361258
1982-08-01,14.613183
1982-08-02,16.106466
1982-08-03,11.6244135
1982-08-04,10.387369
1982-08-05,9.484715
1982-08-06,9.24736
1982-08-07,13.877206
1982-08-08,11.896751
1982-08-09,16.039078
1982-08-10,14.181401
1982-08-11,16.824022
1982-08-12,9.713295
1982-08-13,11.43891
1982-08-14,11.518177
1982-08-15,8.748337
1982-08-16,8.198507
1982-08-17,8.042927
1982-08-18,7.9855304
1982-08-19,7.7184525
1982-08-20,7.390897
1982-08-21,9.507891
1982-08-22,7.4575114
1982-08-23,14.150927
1982-08-24,11.446955
1982-08-25,7.2514157
1982-08-26,6.6934485
1982-08-27,8.043364
1982-08-28,10.820978
1982-08-29,12.140954
1982-08-30,7.1404943
1982-08-31,9.421479
1982-09-01,16.243292
1982-09-02,11.660383
1982-09-03,7.35017
1982-09-04,6.7105255
1982-09-05,7.040753
1982-09-06,7.150707
1982-09-07,7.0133505
1982-09-08,7.9656706
1982-09-09,7.0292315
1982-09-10,9.634436
1982-09-11,7.0916367
1982-09-12,17.769047
1982-09-13,16.214392
1982-09-14,7.7448807
1982-09-15,6.0727663
1982-09-16,6.0552564
1982-09-17,5.84961
1982-09-18,5.9272046
1982-09-19,7.3907924
1982-09-20,6.1139817
1982-09-21,13.058374
1982-09-22,7.8938055
1982-09-23,5.552929
1982-09-24,10.210636
1982-09-25,6.215677
1982-09-26,5.1089573
1982-09-27,5.261223
1982-09-28,5.118036
1982-09-29,19.104752
1982-09-30,11.46362
1982-10-01,13.951886
1982-10-02,14.6725445
1982-10-03,14.612839
1982-10-04,13.834141
1982-10-05,13.029283
1982-10-06,12.4199505
1982-10-07,11.703956
1982-10-08,11.025417
1982-10-09,10.11253
1982-10-10,9.561995
1982-10-11,10.514633
1982-10-12,8.995156
1982-10-13,8.169044
1982-10-14,7.9756556
1982-10-15,8.460138
1982-10-16,14.148106
1982-10-17,8.6746855
1982-10-18,9.78844
1982-10-19,7.2407894
1982-10-20,19.876556
1982-10-21,8.9332485
1982-10-22,9.039244
1982-10-23,6.692192
1982-10-24,5.853799
1982-10-25,5.9662766
1982-10-26,12.667002
1982-10-27,6.972207
1982-10-28,5.4407535
1982-10-29,5.3031263
1982-10-30,5.1449027
1982-10-31,5.090514
1982-11-01,8.151864
1982-11-02,8.528091
1982-11-03,5.377124
1982-11-04,8.792235
1982-11-05,5.5371995
1982-11-06,4.5144005
1982-11-07,4.417065
1982-11-08,4.3516173
1982-11-09,4.447906
1982-11-10,5.0975146
1982-11-11,6.6928473
1982-11-12,7.8084793
1982-11-13,5.880977
1982-11-14,4.231768
1982-11-15,12.953884
1982-11-16,11.427725
1982-11-17,5.743499
1982-11-18,4.4179306
1982-11-19,5.0601153
1982-11-20,5.26794
1982-11-21,5.4118013
1982-11-22,6.6234026
1982-11-23,8.715791
1982-11-24,6.544156
1982-11-25,8.288812
1982-11-26,6.3412504
1982-11-27,10.379995
1982-11-28,6.49865
1982-11-29,5.4946976
1982-11-30,5.3826127
1982-12-01,6.89194
1982-12-02,8.65757
1982-12-03,9.562836
1982-12-04,9.129663
1982-12-05,8.368412
1982-12-06,6.771863
1982-12-07,6.6966224
1982-12-08,6.9639225
1982-12-09,10.202812
1982-12-10,8.247162
1982-12-11,8.110805
1982-12-12,11.711143
1982-12-13,10.459923
1982-12-14,9.823619
1982-12-15,12.697344
1982-12-16,9.657841
1982-12-17,8.678172
1982-12-18,8.396853
1982-12-19,8.093674
1982-12-20,7.777161
1982-12-21,7.508518
1982-12-22,7.3615055
1982-12-23,7.115196
1982-12-24,6.7239914
1982-12-25,6.3616166
1982-12-26,6.0287843
1982-12-27,5.751713
1982-12-28,5.462553
1982-12-29,5.1880536
1982-12-30,4.9377804
1982-12-31,4.689899
1983-01-01,4.6102543
1983-01-02,4.4041157
1983-01-03,4.2038336
1983-01-04,4.213182
1983-01-05,5.102454
1983-01-06,7.998748
1983-01-07,4.73575
1983-01-08,4.8794227
1983-01-09,3.808058
1983-01-10,5.1934958
1983-01-11,15.52944
1983-01-12,5.890514
1983-01-13,3.2855031
1983-01-14,3.0329087
1983-01-15,2.921284
1983-01-16,2.8347468
1983-01-17,2.7604334
1983-01-18,2.7424202
1983-01-19,2.6385355
1983-01-20,2.633382
1983-01-21,2.7101417
1983-01-22,2.5049732
1983-01-23,2.4036796
1983-01-24,2.3371964
1983-01-25,2.2671018
1983-01-26,2.197707
1983-01-27,2.1333356
1983-01-28,2.0593395
1983-01-29,1.9814237
1983-01-30,1.9095173
1983-01-31,1.8398998
1983-02-01,1.7695776
1983-02-02,1.7090392
1983-02-03,1.6390064
1983-02-04,1.5912478
1983-02-05,1.5371407
1983-02-06,1.4898952
1983-02-07,1.42784
1983-02-08,1.3757609
1983-02-09,1.323924
1983-02-10,1.2732733
1983-02-11,1.2280295
1983-02-12,1.1806489
1983-02-13,1.1332666
1983-02-14,1.0893841
1983-02-15,1.0486128
1983-02-16,1.0111806
1983-02-17,0.97346157
1983-02-18,1.0040616
1983-02-19,1.6502366
1983-02-20,1.4350256
1983-02-21,1.1143689
1983-02-22,1.3285667
1983-02-23,2.7044911
1983-02-24,2.735081
1983-02-25,5.592048
1983-02-26,3.984541
1983-02-27,8.059327
1983-02-28,5.697673
1983-03-01,1.9795316
1983-03-02,0.94100857
1983-03-03,0.82073826
1983-03-04,0.9113927
1983-03-05,0.78153694
1983-03-06,0.7398376
1983-03-07,0.7225186
1983-03-08,0.7035947
1983-03-09,0.686355
1983-03-10,0.66637623
1983-03-11,0.66156864
1983-03-12,0.895366
1983-03-13,0.84904516
1983-03-14,3.4634013
1983-03-15,6.293985
1983-03-16,1.6931624
1983-03-17,0.6645499
1983-03-18,1.5196224
1983-03-19,0.77212304
1983-03-20,1.389807
1983-03-21,1.4126456
1983-03-22,0.71232575
1983-03-23,5.028191
1983-03-24,7.700009
1983-03-25,2.098032
1983-03-26,0.4949735
1983-03-27,0.12076457
1983-03-28,0.106037185
1983-03-29,0.09629424
1983-03-30,0.015827203
1983-03-31,0.00017221613
1983-04-01,2.0027048e-06
1983-04-02,0.18279381
1983-04-03,3.5998385
1983-04-04,11.267429
1983-04-05,2.2140484
1983-04-06,0.88665164
1983-04-07,4.053607
1983-04-08,2.4716413
1983-04-09,6.970468
1983-04-10,8.024563
1983-04-11,5.6127663
1983-04-12,6.8214254
1983-04-13,4.661436
1983-04-14,6.7925663
1983-04-15,15.467174
1983-04-16,9.291026
1983-04-17,9.557404
1983-04-18,7.6588483
1983-04-19,5.795155
1983-04-20,5.8865423
1983-04-21,6.413429
1983-04-22,19.493801
1983-04-23,10.456954
1983-04-24,8.747744
1983-04-25,9.552945
1983-04-26,8.905982
1983-04-27,18.669542
1983-04-28,12.672782
1983-04-29,11.18294
1983-04-30,11.279778
1983-05-01,10.994446
1983-05-02,16.353668
1983-05-03,16.33054
1983-05-04,12.461481
1983-05-05,18.240702
1983-05-06,15.336656
1983-05-07,17.289278
1983-05-08,17.498615
1983-05-09,15.61488
1983-05-10,17.80486
1983-05-11,21.287872
1983-05-12,16.085293
1983-05-13,14.050504
1983-05-14,13.546197
1983-05-15,15.914847
1983-05-16,13.795297
1983-05-17,11.602341
1983-05-18,10.781635
1983-05-19,11.522162
1983-05-20,9.96377
1983-05-21,9.063679
1983-05-22,8.838529
1983-05-23,8.30689
1983-05-24,7.845194
1983-05-25,15.715458
1983-05-26,9.55952
1983-05-27,8.3770485
1983-05-28,7.908763
1983-05-29,6.9861007
1983-05-30,9.453478
1983-05-31,6.9644413
1983-06-01,6.3071256
1983-06-02,14.3088875
1983-06-03,9.882909
1983-06-04,6.5200167
1983-06-05,8.239348
1983-06-06,7.0516863
1983-06-07,6.5477104
1983-06-08,8.765257
1983-06-09,9.56647
1983-06-10,7.1071415
1983-06-11,7.0627503
1983-06-12,6.968203
1983-06-13,12.121201
1983-06-14,23.17872
1983-06-15,19.05793
1983-06-16,16.721449
1983-06-17,11.114054
1983-06-18,11.423578
1983-06-19,11.109559
1983-06-20,10.97868
1983-06-21,11.501222
1983-06-22,10.778465
1983-06-23,10.443139
1983-06-24,10.405557
1983-06-25,17.815002
1983-06-26,14.881725
1983-06-27,17.38244
1983-06-28,13.841804
1983-06-29,9.98895
1983-06-30,10.182517
1983-07-01,8.976251
1983-07-02,9.430613
1983-07-03,8.392907
1983-07-04,7.9284534
1983-07-05,13.762652
1983-07-06,8.708053
1983-07-07,7.4549427
1983-07-08,7.740675
1983-07-09,8.415973
1983-07-10,11.728556
1983-07-11,7.6002417
1983-07-12,6.537517
1983-07-13,8.661692
1983-07-14,13.224167
1983-07-15,7.4701133
1983-07-16,8.516807
1983-07-17,9.963433
1983-07-18,9.524188
1983-07-19,7.838641
1983-07-20,6.643923
1983-07-21,7.1015286
1983-07-22,6.1705
1983-07-23,6.0865364
1983-07-24,7.4916353
1983-07-25,6.766401
1983-07-26,6.420368
1983-07-27,6.1793356
1983-07-28,7.286008
1983-07-29,8.329825
1983-07-30,6.4987597
1983-07-31,14.392433
1983-08-01,19.829622
1983-08-02,12.257458
1983-08-03,9.32841
1983-08-04,8.953874
1983-08-05,10.056098
1983-08-06,17.357368
1983-08-07,13.327797
1983-08-08,11.918734
1983-08-09,11.222874
1983-08-10,10.844719
1983-08-11,10.460259
1983-08-12,10.172896
1983-08-13,10.14554
1983-08-14,9.719366
1983-08-15,9.361373
1983-08-16,14.403641
1983-08-17,14.785053
1983-08-18,9.580685
1983-08-19,11.239164
1983-08-20,15.002324
1983-08-21,9.271403
1983-08-22,8.084613
1983-08-23,8.167053
1983-08-24,11.7722645
1983-08-25,10.237091
1983-08-26,9.705581
1983-08-27,12.666481
1983-08-28,10.202554
1983-08-29,12.563983
1983-08-30,11.369936
1983-08-31,10.341182
1983-09-01,9.939383
1983-09-02,9.699462
1983-09-03,10.920452
1983-09-04,18.614481
1983-09-05,11.391379
1983-09-06,14.544506
1983-09-07,10.5423
1983-09-08,8.706235
1983-09-09,8.678307
1983-09-10,12.77569
1983-09-11,11.535212
1983-09-12,8.522175
1983-09-13,8.045446
1983-09-14,8.373232
1983-09-15,7.8839507
1983-09-16,9.943718
1983-09-17,13.08116
1983-09-18,10.652771
1983-09-19,12.116861
1983-09-20,18.027794
1983-09-21,12.588048
1983-09-22,10.590263
1983-09-23,10.164832
1983-09-24,9.774553
1983-09-25,9.363381
1983-09-26,8.929424
1983-09-27,16.035938
1983-09-28,14.194245
1983-09-29,8.847216
1983-09-30,7.7381644
1983-10-01,7.303463
1983-10-02,6.9902754
1983-10-03,7.5405693
1983-10-04,6.711921
1983-10-05,8.623531
1983-10-06,6.6961384
1983-10-07,6.217885
1983-10-08,11.307898
1983-10-09,7.3669486
1983-10-10,5.690738
1983-10-11,5.3622904
1983-10-12,8.635762
1983-10-13,9.825021
1983-10-14,6.434423
1983-10-15,5.1464167
1983-10-16,4.9969244
1983-10-17,5.1529374
1983-10-18,4.8802075
1983-10-19,4.6427207
1983-10-20,6.9708652
1983-10-21,5.0184026
1983-10-22,5.3546195
1983-10-23,4.368217
1983-10-24,4.6252265
1983-10-25,6.5648723
1983-10-26,4.6008554
1983-10-27,3.9103978
1983-10-28,6.1790676
1983-10-29,4.41805
1983-10-30,4.2243
1983-10-31,4.136315
1983-11-01,3.8781033
1983-11-02,8.548999
1983-11-03,14.835128
1983-11-04,12.939418
1983-11-05,6.238395
1983-11-06,5.584187
1983-11-07,10.983116
1983-11-08,7.3004503
1983-11-09,6.4793744
1983-11-10,6.471952
1983-11-11,6.265983
1983-11-12,6.2173796
1983-11-13,6.0664234
1983-11-14,5.8496385
1983-11-15,5.636095
1983-11-16,5.5107865
1983-11-17,5.7442393
1983-11-18,5.362097
1983-11-19,5.087189
1983-11-20,6.29008
1983-11-21,5.257395
1983-11-22,8.170242
1983-11-23,11.300399
1983-11-24,7.59713
1983-11-25,8.866155
1983-11-26,6.900569
1983-11-27,15.796559
1983-11-28,7.869466
1983-11-29,5.216953
1983-11-30,5.5980706
1983-12-01,7.903278
1983-12-02,5.459973
1983-12-03,11.0575905
1983-12-04,8.519891
1983-12-05,11.171729
1983-12-06,6.7615576
1983-12-07,5.994345
1983-12-08,6.10116
1983-12-09,5.9969745
1983-12-10,7.33385
1983-12-11,18.643976
1983-12-12,14.685675
1983-12-13,6.953961
1983-12-14,8.896621
1983-12-15,15.043308
1983-12-16,13.248105
1983-12-17,20.14212
1983-12-18,9.924669
1983-12-19,7.4626455
1983-12-20,8.704281
1983-12-21,12.316683
1983-12-22,10.560764
1983-12-23,9.621238
1983-12-24,7.7650046
1983-12-25,14.22527
1983-12-26,8.53337
1983-12-27,15.843286
1983-12-28,9.412319
1983-12-29,7.5026236
1983-12-30,7.3512864
1983-12-31,7.1626782
1984-01-01,6.927118
1984-01-02,6.688811
1984-01-03,6.434621
1984-01-04,6.169411
1984-01-05,5.8989563
1984-01-06,5.625531
1984-01-07,5.360696
1984-01-08,5.153941
1984-01-09,5.182857
1984-01-10,4.8126
1984-01-11,4.560778
1984-01-12,4.3491473
1984-01-13,4.141772
1984-01-14,3.9324358
1984-01-15,3.7405174
1984-01-16,3.711666
1984-01-17,3.9375885
1984-01-18,5.8082414
1984-01-19,4.046393
1984-01-20,4.702846
1984-01-21,3.4047701
1984-01-22,3.0709
1984-01-23,2.9082644
1984-01-24,2.800755
1984-01-25,2.7071085
1984-01-26,2.6194983
1984-01-27,2.5158267
1984-01-28,2.4135547
1984-01-29,2.311597
1984-01-30,2.2159822
1984-01-31,2.1210186
1984-02-01,2.0343487
1984-02-02,2.2501533
1984-02-03,3.703341
1984-02-04,2.781841
1984-02-05,2.4359334
1984-02-06,2.11421
1984-02-07,3.1287947
1984-02-08,3.7901766
1984-02-09,4.8614345
1984-02-10,6.585775
1984-02-11,7.4331207
1984-02-12,2.9256146
1984-02-13,2.1164117
1984-02-14,2.1845908
1984-02-15,4.0402102
1984-02-16,2.5630856
1984-02-17,4.642824
1984-02-18,8.888433
1984-02-19,6.3716373
1984-02-20,9.865168
1984-02-21,5.5423512
1984-02-22,11.334205
1984-02-23,14.02669
1984-02-24,12.319851
1984-02-25,13.493068
1984-02-26,16.659605
1984-02-27,14.0381
1984-02-28,13.06136
1984-02-29,12.482439
1984-03-01,14.783314
1984-03-02,16.15702
1984-03-03,16.152582
1984-03-04,11.313415
1984-03-05,16.186472
1984-03-06,11.2365265
1984-03-07,12.626425
1984-03-08,14.574418
1984-03-09,9.609013
1984-03-10,8.266632
1984-03-11,7.8925943
1984-03-12,7.5072665
1984-03-13,7.119265
1984-03-14,6.7361135
1984-03-15,6.366105
1984-03-16,6.0144153
1984-03-17,5.675138
1984-03-18,5.341485
1984-03-19,5.0399623
1984-03-20,5.0835834
1984-03-21,5.8507004
1984-03-22,4.655626
1984-03-23,7.475024
1984-03-24,12.196077
1984-03-25,11.116044
1984-03-26,5.012141
1984-03-27,4.1513743
1984-03-28,5.2998767
1984-03-29,4.026288
1984-03-30,6.3890505
1984-03-31,9.293101
1984-04-01,4.506872
1984-04-02,3.4624488
1984-04-03,3.3920546
1984-04-04,3.265731
1984-04-05,3.1577141
1984-04-06,3.1168625
1984-04-07,5.71504
1984-04-08,7.4434342
1984-04-09,4.474681
1984-04-10,11.742036
1984-04-11,5.677857
1984-04-12,3.199669
1984-04-13,8.922562
1984-04-14,7.7386837
1984-04-15,5.772331
1984-04-16,3.276285
1984-04-17,9.038369
1984-04-18,9.226278
1984-04-19,14.699624
1984-04-20,5.516178
1984-04-21,6.951772
1984-04-22,4.5916367
1984-04-23,6.8298626
1984-04-24,10.388302
1984-04-25,9.612117
1984-04-26,10.151658
1984-04-27,6.135011
1984-04-28,5.609135
1984-04-29,6.055308
1984-04-30,11.217752
1984-05-01,9.576806
1984-05-02,10.860522
1984-05-03,9.700736
1984-05-04,14.763932
1984-05-05,12.856304
1984-05-06,12.485671
1984-05-07,12.031767
1984-05-08,12.342923
1984-05-09,11.190334
1984-05-10,11.859382
1984-05-11,11.408043
1984-05-12,11.527686
1984-05-13,9.67034
1984-05-14,8.861882
1984-05-15,8.922273
1984-05-16,23.895731
1984-05-17,11.3906555
1984-05-18,13.071315
1984-05-19,10.381508
1984-05-20,8.283072
1984-05-21,8.266951
1984-05-22,15.98109
1984-05-23,14.849476
1984-05-24,13.561581
1984-05-25,12.049756
1984-05-26,11.604619
1984-05-27,17.578642
1984-05-28,12.29317
1984-05-29,10.855644
1984-05-30,11.7593
1984-05-31,14.857588
1984-06-01,25.681871
1984-06-02,15.359783
1984-06-03,17.656553
1984-06-04,15.793907
1984-06-05,13.336975
1984-06-06,16.90233
1984-06-07,21.863205
1984-06-08,21.841715
1984-06-09,19.009224
1984-06-10,16.656828
1984-06-11,14.794218
1984-06-12,17.904894
1984-06-13,26.620197
1984-06-14,16.481611
1984-06-15,15.55358
1984-06-16,21.837212
1984-06-17,21.009602
1984-06-18,17.57743
1984-06-19,22.138176
1984-06-20,23.532837
1984-06-21,21.164211
1984-06-22,28.262756
1984-06-23,23.90698
1984-06-24,23.203398
1984-06-25,21.713627
1984-06-26,22.855368
1984-06-27,19.357569
1984-06-28,25.035316
1984-06-29,18.172655
1984-06-30,31.478258
1984-07-01,29.79419
1984-07-02,23.609941
1984-07-03,21.39186
1984-07-04,20.65635
1984-07-05,26.18817
1984-07-06,18.436659
1984-07-07,17.387243
1984-07-08,17.861399
1984-07-09,14.607414
1984-07-10,13.743408
1984-07-11,12.456065
1984-07-12,11.768873
1984-07-13,12.1413555
1984-07-14,11.292967
1984-07-15,19.537485
1984-07-16,15.061797
1984-07-17,11.129743
1984-07-18,12.834576
1984-07-19,11.373254
1984-07-20,9.266717
1984-07-21,8.257908
1984-07-22,7.8383465
1984-07-23,10.493395
1984-07-24,13.946763
1984-07-25,8.321863
1984-07-26,7.3532624
1984-07-27,7.1581206
1984-07-28,6.5467677
1984-07-29,9.603368
1984-07-30,7.472077
1984-07-31,7.0949335
1984-08-01,6.2638006
1984-08-02,5.958647
1984-08-03,6.181973
1984-08-04,8.643162
1984-08-05,6.393584
1984-08-06,7.6986113
1984-08-07,14.000003
1984-08-08,10.21265
1984-08-09,8.694548
1984-08-10,7.360084
1984-08-11,13.049017
1984-08-12,7.599389
1984-08-13,8.104226
1984-08-14,7.0552254
1984-08-15,6.594578
1984-08-16,7.79056
1984-08-17,14.716843
1984-08-18,8.614203
1984-08-19,9.574904
1984-08-20,7.441984
1984-08-21,6.4443517
1984-08-22,12.394664
1984-08-23,7.974432
1984-08-24,8.2335615
1984-08-25,8.06526
1984-08-26,11.632638
1984-08-27,15.098631
1984-08-28,11.134897
1984-08-29,9.044053
1984-08-30,8.924395
1984-08-31,8.864351
1984-09-01,8.655423
1984-09-02,9.884945
1984-09-03,8.640894
1984-09-04,8.381036
1984-09-05,9.453608
1984-09-06,7.742564
1984-09-07,8.725302
1984-09-08,10.419342
1984-09-09,13.293222
1984-09-10,8.817432
1984-09-11,14.135507
1984-09-12,8.03874
1984-09-13,7.989812
1984-09-14,9.588478
1984-09-15,6.758021
1984-09-16,7.837723
1984-09-17,8.163837
1984-09-18,10.582981
1984-09-19,6.551111
1984-09-20,7.4528527
1984-09-21,5.9426055
1984-09-22,5.3360033
1984-09-23,7.2698627
1984-09-24,6.9292636
1984-09-25,5.082531
1984-09-26,4.6252456
1984-09-27,5.1752005
1984-09-28,4.578484
1984-09-29,4.7570534
1984-09-30,7.775148
1984-10-01,5.1460667
1984-10-02,7.0618997
1984-10-03,4.714874
1984-10-04,6.480732
1984-10-05,4.6495657
1984-10-06,4.271431
1984-10-07,4.1447215
1984-10-08,4.249256
1984-10-09,4.1692014
1984-10-10,7.598812
1984-10-11,8.809814
1984-10-12,5.3132114
1984-10-13,6.4647317
1984-10-14,4.5656404
1984-10-15,4.313204
1984-10-16,4.8282223
1984-10-17,6.721086
1984-10-18,5.629234
1984-10-19,4.6817904
1984-10-20,9.889101
1984-10-21,6.3964086
1984-10-22,7.756159
1984-10-23,5.5910535
1984-10-24,5.0881243
1984-10-25,4.8863883
1984-10-26,5.8505983
1984-10-27,11.19889
1984-10-28,6.002005
1984-10-29,4.7779937
1984-10-30,5.4793115
1984-10-31,7.9592156
1984-11-01,6.254014
1984-11-02,5.481956
1984-11-03,4.8864565
1984-11-04,4.851766
1984-11-05,5.876379
1984-11-06,9.100967
1984-11-07,7.8441467
1984-11-08,5.2222714
1984-11-09,4.828946
1984-11-10,8.028881
1984-11-11,5.357339
1984-11-12,4.7768803
1984-11-13,5.7037535
1984-11-14,11.712224
1984-11-15,7.680118
1984-11-16,8.105879
1984-11-17,6.1794934
1984-11-18,6.037287
1984-11-19,9.971714
1984-11-20,11.560439
1984-11-21,11.185389
1984-11-22,10.832236
1984-11-23,10.707522
1984-11-24,10.761728
1984-11-25,10.39001
1984-11-26,14.519675
1984-11-27,20.544676
1984-11-28,11.356674
1984-11-29,9.313779
1984-11-30,11.2660265
1984-12-01,10.949906
1984-12-02,8.7357235
1984-12-03,8.102454
1984-12-04,7.767292
1984-12-05,7.4361753
1984-12-06,7.1062093
1984-12-07,6.8119993
1984-12-08,6.4915304
1984-12-09,6.165134
1984-12-10,5.851584
1984-12-11,5.556045
1984-12-12,5.2799983
1984-12-13,5.0289006
1984-12-14,4.9210324
1984-12-15,4.621123
1984-12-16,4.3532147
1984-12-17,4.1271615
1984-12-18,3.914492
1984-12-19,3.70753
1984-12-20,3.616778
1984-12-21,3.6032078
1984-12-22,3.497795
1984-12-23,4.267144
1984-12-24,4.0736904
1984-12-25,4.383327
1984-12-26,3.2044709
1984-12-27,2.8209305
1984-12-28,2.8373258
1984-12-29,2.6600296
1984-12-30,2.5355706
1984-12-31,2.443216
1985-01-01,2.3458884
1985-01-02,2.2478745
1985-01-03,2.1625063
1985-01-04,2.0838335
1985-01-05,2.0031419
1985-01-06,1.9248551
1985-01-07,1.8455681
1985-01-08,1.766796
1985-01-09,1.6919954
1985-01-10,1.6190871
1985-01-11,1.5555322
1985-01-12,1.4857044
1985-01-13,1.423145
1985-01-14,1.3599286
1985-01-15,1.2999707
1985-01-16,1.244011
1985-01-17,1.1886895
1985-01-18,1.1386497
1985-01-19,1.0970694
1985-01-20,1.0510764
1985-01-21,1.0020999
1985-01-22,0.96032137
1985-01-23,0.9186998
1985-01-24,0.8824024
1985-01-25,0.8431203
1985-01-26,0.80938786
1985-01-27,0.7738873
1985-01-28,0.7423384
1985-01-29,0.70927906
1985-01-30,0.68111193
1985-01-31,0.65698
1985-02-01,0.62863123
1985-02-02,0.6060812
1985-02-03,0.5871887
1985-02-04,0.3809445
1985-02-05,0.064718835
1985-02-06,0.0018821472
1985-02-07,2.0830697e-05
1985-02-08,0.18663281
1985-02-09,0.41534773
1985-02-10,3.911773
1985-02-11,5.2532854
1985-02-12,1.265818
1985-02-13,0.08485146
1985-02-14,0.0011959845
1985-02-15,0.0011998136
1985-02-16,0.00021874877
1985-02-17,2.359308e-06
1985-02-18,0.025814591
1985-02-19,0.119821794
1985-02-20,0.023348097
1985-02-21,0.000253886
1985-02-22,2.9524454e-06
1985-02-23,0.6786159
1985-02-24,0.13548033
1985-02-25,0.0014708826
1985-02-26,1.7104923e-05
1985-02-27,1.9891348e-07
1985-02-28,2.313169e-09
1985-03-01,0.03834577
1985-03-02,0.13533002
1985-03-03,0.22042504
1985-03-04,8.570011
1985-03-05,10.146459
1985-03-06,7.556508
1985-03-07,8.133321
1985-03-08,1.4589024
1985-03-09,0.14119056
1985-03-10,0.056752864
1985-03-11,0.0068916674
1985-03-12,7.512572e-05
1985-03-13,8.7363844e-07
1985-03-14,0.0017253112
1985-03-15,0.00031794893
1985-03-16,3.429033e-06
1985-03-17,3.9876294e-08
1985-03-18,4.6372223e-10
1985-03-19,0.3719199
1985-03-20,0.50477207
1985-03-21,2.4568172
1985-03-22,0.48231032
1985-03-23,0.005244382
1985-03-24,6.0987026e-05
1985-03-25,7.092193e-07
1985-03-26,0.15867215
1985-03-27,4.9598484
1985-03-28,1.6188109
1985-03-29,0.45811448
1985-03-30,9.586369
1985-03-31,2.5768917
1985-04-01,6.2415223
1985-04-02,2.165733
1985-04-03,0.8649591
1985-04-04,1.9379835
1985-04-05,9.5606365
1985-04-06,14.464296
1985-04-07,5.9629316
1985-04-08,11.407978
1985-04-09,5.645467
1985-04-10,1.4534926
1985-04-11,1.6706765
1985-04-12,1.7088819
1985-04-13,5.9370465
1985-04-14,1.926091
1985-04-15,1.0555265
1985-04-16,1.2267929
1985-04-17,1.1940162
1985-04-18,1.825647
1985-04-19,4.977946
1985-04-20,8.3566675
1985-04-21,5.5329556
1985-04-22,6.6575675
1985-04-23,9.528584
1985-04-24,11.234667
1985-04-25,9.251873
1985-04-26,11.56222
1985-04-27,13.78673
1985-04-28,17.170486
1985-04-29,23.817017
1985-04-30,18.464846
1985-05-01,20.79198
1985-05-02,31.170378
1985-05-03,18.723894
1985-05-04,27.804573
1985-05-05,33.538685
1985-05-06,29.905134
1985-05-07,25.343348
1985-05-08,21.382948
1985-05-09,25.117838
1985-05-10,21.289804
1985-05-11,18.064196
1985-05-12,17.959948
1985-05-13,17.698097
1985-05-14,13.86189
1985-05-15,19.847221
1985-05-16,15.977208
1985-05-17,12.547547
1985-05-18,15.959995
1985-05-19,14.344384
1985-05-20,17.989857
1985-05-21,17.457987
1985-05-22,13.981148
1985-05-23,21.061384
1985-05-24,25.859022
1985-05-25,21.854002
1985-05-26,25.298346
1985-05-27,19.70851
1985-05-28,21.083113
1985-05-29,23.200808
1985-05-30,18.337059
1985-05-31,25.724514
1985-06-01,28.381794
1985-06-02,25.14139
1985-06-03,29.177063
1985-06-04,46.721916
1985-06-05,47.357117
1985-06-06,38.59527
1985-06-07,30.049135
1985-06-08,25.824162
1985-06-09,36.93327
1985-06-10,53.69825
1985-06-11,32.217697
1985-06-12,22.017044
1985-06-13,17.56612
1985-06-14,14.718371
1985-06-15,12.726401
1985-06-16,19.091314
1985-06-17,11.829223
1985-06-18,16.080036
1985-06-19,15.332075
1985-06-20,9.664127
1985-06-21,7.827726
1985-06-22,17.92027
1985-06-23,17.393131
1985-06-24,12.033133
1985-06-25,8.61373
1985-06-26,10.502922
1985-06-27,9.409765
1985-06-28,9.4391985
1985-06-29,9.200685
1985-06-30,202.25833
1985-07-01,73.42147
1985-07-02,27.274776
1985-07-03,27.875662
1985-07-04,18.966599
1985-07-05,15.225932
1985-07-06,21.879004
1985-07-07,20.53738
1985-07-08,18.67384
1985-07-09,12.943541
1985-07-10,13.222891
1985-07-11,11.849993
1985-07-12,11.123077
1985-07-13,10.680904
1985-07-14,13.240376
1985-07-15,13.172858
1985-07-16,20.102816
1985-07-17,14.268523
1985-07-18,10.351738
1985-07-19,9.938625
1985-07-20,15.980043
1985-07-21,11.491139
1985-07-22,10.118418
1985-07-23,9.806251
1985-07-24,9.607041
1985-07-25,9.502294
1985-07-26,11.616856
1985-07-27,9.625946
1985-07-28,13.783698
1985-07-29,10.427455
1985-07-30,10.525894
1985-07-31,10.505588
1985-08-01,13.10664
1985-08-02,10.7960415
1985-08-03,11.348015
1985-08-04,10.438338
1985-08-05,10.45342
1985-08-06,10.353791
1985-08-07,10.249914
1985-08-08,10.24071
1985-08-09,17.86806
1985-08-10,12.70123
1985-08-11,15.066981
1985-08-12,11.765282
1985-08-13,10.583753
1985-08-14,14.137483
1985-08-15,12.135445
1985-08-16,12.0844965
1985-08-17,9.495359
1985-08-18,13.064395
1985-08-19,9.012431
1985-08-20,11.01693
1985-08-21,8.227423
1985-08-22,7.2682395
1985-08-23,8.185546
1985-08-24,8.362151
1985-08-25,14.417493
1985-08-26,12.695392
1985-08-27,6.9723635
1985-08-28,5.6703925
1985-08-29,12.453793
1985-08-30,6.8521876
1985-08-31,7.24552
1985-09-01,7.4755716
1985-09-02,5.6594033
1985-09-03,7.264505
1985-09-04,12.961252
1985-09-05,6.663279
1985-09-06,5.2390604
1985-09-07,8.445933
1985-09-08,5.556772
1985-09-09,5.132563
1985-09-10,5.257214
1985-09-11,5.5419335
1985-09-12,10.336267
1985-09-13,6.6108994
1985-09-14,6.1086416
1985-09-15,7.0737286
1985-09-16,5.809444
1985-09-17,5.6058135
1985-09-18,5.3817534
1985-09-19,6.7643423
1985-09-20,5.6310415
1985-09-21,5.184167
1985-09-22,5.574395
1985-09-23,5.0816936
1985-09-24,4.8321686
1985-09-25,5.030087
1985-09-26,6.5238147
1985-09-27,6.9671307
1985-09-28,5.2921863
1985-09-29,4.7473106
1985-09-30,5.4704266
1985-10-01,4.867364
1985-10-02,4.791292
1985-10-03,7.1087384
1985-10-04,9.788035
1985-10-05,8.042145
1985-10-06,5.5217547
1985-10-07,5.48004
1985-10-08,5.244469
1985-10-09,5.5597706
1985-10-10,8.011379
1985-10-11,6.2114906
1985-10-12,8.980906
1985-10-13,7.4463134
1985-10-14,6.521466
1985-10-15,7.58154
1985-10-16,8.523916
1985-10-17,9.025573
1985-10-18,8.2990885
1985-10-19,7.7609262
1985-10-20,9.434796
1985-10-21,8.049565
1985-10-22,10.599313
1985-10-23,7.935396
1985-10-24,7.531737
1985-10-25,8.603723
1985-10-26,8.9164715
1985-10-27,7.318217
1985-10-28,9.041379
1985-10-29,7.190112
1985-10-30,6.5375466
1985-10-31,9.903028
1985-11-01,7.9189262
1985-11-02,6.2174487
1985-11-03,5.815879
1985-11-04,5.689244
1985-11-05,5.4564924
1985-11-06,6.947103
1985-11-07,5.539783
1985-11-08,11.8654585
1985-11-09,7.306683
1985-11-10,5.2349052
1985-11-11,4.823362
1985-11-12,4.6503477
1985-11-13,5.0971656
1985-11-14,4.8193583
1985-11-15,4.8594646
1985-11-16,6.961332
1985-11-17,4.95588
1985-11-18,4.3082213
1985-11-19,4.230872
1985-11-20,7.616791
1985-11-21,8.893646
1985-11-22,4.984123
1985-11-23,4.7711434
1985-11-24,4.8488445
1985-11-25,4.1802225
1985-11-26,3.961551
1985-11-27,3.8890488
1985-11-28,3.8490756
1985-11-29,7.1355433
1985-11-30,6.3811975
1985-12-01,4.3869724
1985-12-02,3.6755233
1985-12-03,3.5501595
1985-12-04,5.9468904
1985-12-05,6.495118
1985-12-06,9.748324
1985-12-07,4.5470934
1985-12-08,3.9362233
1985-12-09,4.609177
1985-12-10,6.3562317
1985-12-11,4.1070423
1985-12-12,3.598409
1985-12-13,3.756993
1985-12-14,3.6903486
1985-12-15,3.5861819
1985-12-16,3.5002983
1985-12-17,3.417042
1985-12-18,3.3306777
1985-12-19,3.2514174
1985-12-20,3.169757
1985-12-21,3.0944033
1985-12-22,3.0027287
1985-12-23,2.920019
1985-12-24,2.82494
1985-12-25,2.7260175
1985-12-26,2.6266189
1985-12-27,2.5272398
1985-12-28,2.4322186
1985-12-29,2.3378944
1985-12-30,2.2484477
1985-12-31,2.158664
1986-01-01,2.0779047
1986-01-02,2.0001361
1986-01-03,1.9202224
1986-01-04,2.1846087
1986-01-05,1.8713269
1986-01-06,1.7375532
1986-01-07,1.6712625
1986-01-08,1.6065758
1986-01-09,1.5504992
1986-01-10,1.4908044
1986-01-11,1.43736
1986-01-12,1.3846233
1986-01-13,1.3355215
1986-01-14,1.2873513
1986-01-15,1.4654255
1986-01-16,1.4050686
1986-01-17,1.2061168
1986-01-18,1.1313087
1986-01-19,1.0752171
1986-01-20,1.0184717
1986-01-21,0.9720625
1986-01-22,0.9388719
1986-01-23,0.9178945
1986-01-24,1.375793
1986-01-25,1.1682653
1986-01-26,1.131256
1986-01-27,1.112362
1986-01-28,1.678958
1986-01-29,2.9308605
1986-01-30,1.6838948
1986-01-31,0.9618872
1986-02-01,0.78277117
1986-02-02,0.7418703
1986-02-03,0.7172217
1986-02-04,0.69718426
1986-02-05,0.6749914
1986-02-06,0.6556777
1986-02-07,0.6322252
1986-02-08,0.61043966
1986-02-09,0.5896217
1986-02-10,0.5715436
1986-02-11,0.5906474
1986-02-12,0.5943718
1986-02-13,4.224071
1986-02-14,8.291573
1986-02-15,2.0725224
1986-02-16,0.23849806
1986-02-17,0.043196056
1986-02-18,0.0042014574
1986-02-19,4.587538e-05
1986-02-20,0.06222666
1986-02-21,0.27002212
1986-02-22,3.1538439
1986-02-23,19.898882
1986-02-24,5.994084
1986-02-25,1.902362
1986-02-26,10.433717
1986-02-27,2.4477227
1986-02-28,4.767855
1986-03-01,1.9379096
1986-03-02,5.541643
1986-03-03,2.4807835
1986-03-04,1.1499789
1986-03-05,2.8501682
1986-03-06,1.5603963
1986-03-07,0.73861676
1986-03-08,0.6744077
1986-03-09,0.9312217
1986-03-10,0.77267724
1986-03-11,0.7349516
1986-03-12,0.7327029
1986-03-13,0.9367302
1986-03-14,13.672915
1986-03-15,3.4655752
1986-03-16,1.5592221
1986-03-17,1.5722507
1986-03-18,1.6314706
1986-03-19,1.1952429
1986-03-20,8.206365
1986-03-21,9.549082
1986-03-22,10.985194
1986-03-23,4.43759
1986-03-24,3.107521
1986-03-25,10.227816
1986-03-26,8.874503
1986-03-27,11.809404
1986-03-28,12.969089
1986-03-29,10.839325
1986-03-30,10.430226
1986-03-31,17.324142
1986-04-01,17.065674
1986-04-02,6.811063
1986-04-03,3.6979883
1986-04-04,2.6954694
1986-04-05,6.5250616
1986-04-06,13.997358
1986-04-07,6.6031694
1986-04-08,6.467242
1986-04-09,7.1862106
1986-04-10,5.6056094
1986-04-11,7.0213733
1986-04-12,6.38983
1986-04-13,8.240634
1986-04-14,13.5941305
1986-04-15,7.520441
1986-04-16,14.250654
1986-04-17,21.891932
1986-04-18,14.353249
1986-04-19,12.237413
1986-04-20,13.150914
1986-04-21,15.8853
1986-04-22,20.190378
1986-04-23,22.236576
1986-04-24,21.195063
1986-04-25,15.4282
1986-04-26,14.637222
1986-04-27,15.123667
1986-04-28,20.315197
1986-04-29,28.740345
1986-04-30,21.926792
1986-05-01,18.651352
1986-05-02,23.799185
1986-05-03,22.123226
1986-05-04,22.368876
1986-05-05,19.0811
1986-05-06,19.953838
1986-05-07,25.552176
1986-05-08,16.918392
1986-05-09,15.126839
1986-05-10,15.603422
1986-05-11,16.09342
1986-05-12,13.482937
1986-05-13,16.76216
1986-05-14,16.086683
1986-05-15,12.022676
1986-05-16,23.446682
1986-05-17,13.049595
1986-05-18,10.386628
1986-05-19,10.240386
1986-05-20,12.005342
1986-05-21,20.878267
1986-05-22,19.511156
1986-05-23,25.462507
1986-05-24,25.178585
1986-05-25,24.551775
1986-05-26,26.125107
1986-05-27,29.853163
1986-05-28,27.503994
1986-05-29,23.235104
1986-05-30,21.716566
1986-05-31,19.907488
1986-06-01,21.281504
1986-06-02,28.759315
1986-06-03,21.62428
1986-06-04,17.120691
1986-06-05,16.036743
1986-06-06,15.245668
1986-06-07,17.304647
1986-06-08,14.929248
1986-06-09,13.080332
1986-06-10,12.753694
1986-06-11,12.153941
1986-06-12,14.000735
1986-06-13,23.007538
1986-06-14,19.86399
1986-06-15,23.190237
1986-06-16,27.456804
1986-06-17,34.63301
1986-06-18,32.997913
1986-06-19,34.504612
1986-06-20,30.887466
1986-06-21,32.858837
1986-06-22,112.11534
1986-06-23,58.20349
1986-06-24,34.451496
1986-06-25,30.34662
1986-06-26,34.73626
1986-06-27,24.141325
1986-06-28,18.820347
1986-06-29,17.754782
1986-06-30,19.379856
1986-07-01,21.955225
1986-07-02,17.462864
1986-07-03,122.66971
1986-07-04,55.219925
1986-07-05,27.013666
1986-07-06,20.635344
1986-07-07,17.771175
1986-07-08,19.22667
1986-07-09,15.22108
1986-07-10,13.228465
1986-07-11,12.758967
1986-07-12,13.104438
1986-07-13,11.273811
1986-07-14,15.007668
1986-07-15,14.325512
1986-07-16,10.500905
1986-07-17,9.66219
1986-07-18,12.031159
1986-07-19,10.230658
1986-07-20,9.559542
1986-07-21,9.220649
1986-07-22,10.911004
1986-07-23,17.74141
1986-07-24,15.979141
1986-07-25,14.906669
1986-07-26,14.645815
1986-07-27,14.231177
1986-07-28,14.538224
1986-07-29,13.223117
1986-07-30,13.280328
1986-07-31,11.873478
1986-08-01,12.758797
1986-08-02,12.770663
1986-08-03,12.442869
1986-08-04,9.88836
1986-08-05,11.624908
1986-08-06,9.677159
1986-08-07,11.930949
1986-08-08,12.167777
1986-08-09,9.509981
1986-08-10,7.8784957
1986-08-11,8.543416
1986-08-12,7.4319353
1986-08-13,10.116413
1986-08-14,15.334038
1986-08-15,17.941034
1986-08-16,9.139325
1986-08-17,14.311318
1986-08-18,11.162746
1986-08-19,10.378362
1986-08-20,10.608033
1986-08-21,11.472711
1986-08-22,11.748851
1986-08-23,11.58448
1986-08-24,11.299617
1986-08-25,10.869331
1986-08-26,10.521072
1986-08-27,11.479558
1986-08-28,10.134923
1986-08-29,8.96847
1986-08-30,10.136389
1986-08-31,8.467534
1986-09-01,8.509642
1986-09-02,7.4820733
1986-09-03,7.449678
1986-09-04,7.859628
1986-09-05,12.494651
1986-09-06,9.955232
1986-09-07,10.085266
1986-09-08,9.887093
1986-09-09,12.32017
1986-09-10,7.3297443
1986-09-11,10.25729
1986-09-12,11.745375
1986-09-13,7.78044
1986-09-14,7.7115746
1986-09-15,7.3010783
1986-09-16,7.0989375
1986-09-17,7.3995876
1986-09-18,7.5136137
1986-09-19,6.9667606
1986-09-20,11.22893
1986-09-21,9.068125
1986-09-22,9.210536
1986-09-23,12.674603
1986-09-24,8.9619055
1986-09-25,8.960827
1986-09-26,8.320706
1986-09-27,11.908703
1986-09-28,11.802889
1986-09-29,9.103973
1986-09-30,13.830074
1986-10-01,9.8197975
1986-10-02,9.063778
1986-10-03,8.725529
1986-10-04,9.198721
1986-10-05,21.05751
1986-10-06,21.12492
1986-10-07,18.785538
1986-10-08,22.12987
1986-10-09,17.621943
1986-10-10,17.237478
1986-10-11,14.242936
1986-10-12,15.088655
1986-10-13,12.785271
1986-10-14,17.288837
1986-10-15,13.676411
1986-10-16,15.758542
1986-10-17,11.184253
1986-10-18,16.508053
1986-10-19,19.2726
1986-10-20,12.851043
1986-10-21,12.622533
1986-10-22,12.345131
1986-10-23,13.145851
1986-10-24,16.88226
1986-10-25,14.782688
1986-10-26,12.137099
1986-10-27,11.363223
1986-10-28,12.362996
1986-10-29,11.361598
1986-10-30,10.519497
1986-10-31,10.381358
1986-11-01,10.511763
1986-11-02,9.762991
1986-11-03,9.663432
1986-11-04,9.237399
1986-11-05,14.378928
1986-11-06,9.737515
1986-11-07,8.664137
1986-11-08,13.103761
1986-11-09,9.153351
1986-11-10,7.9482694
1986-11-11,7.9002213
1986-11-12,8.020819
1986-11-13,9.94294
1986-11-14,8.408484
1986-11-15,7.907133
1986-11-16,8.005885
1986-11-17,7.777911
1986-11-18,10.367019
1986-11-19,14.408743
1986-11-20,9.851705
1986-11-21,10.0209055
1986-11-22,9.39875
1986-11-23,9.245662
1986-11-24,8.961215
1986-11-25,8.668515
1986-11-26,8.347869
1986-11-27,7.990473
1986-11-28,7.9365206
1986-11-29,7.424379
1986-11-30,7.05469
1986-12-01,6.7200446
1986-12-02,6.4065576
1986-12-03,6.0819187
1986-12-04,5.788659
1986-12-05,5.8158646
1986-12-06,7.9283757
1986-12-07,5.801228
1986-12-08,7.424121
1986-12-09,21.664808
1986-12-10,11.635081
1986-12-11,6.318777
1986-12-12,4.585637
1986-12-13,4.2384577
1986-12-14,4.1093435
1986-12-15,3.9704492
1986-12-16,3.8450203
1986-12-17,3.6979718
1986-12-18,3.5596282
1986-12-19,3.4301233
1986-12-20,3.3191402
1986-12-21,3.6871774
1986-12-22,4.1820455
1986-12-23,4.4910893
1986-12-24,6.6135516
1986-12-25,7.952847
1986-12-26,3.8030756
1986-12-27,2.8591146
1986-12-28,2.7694662
1986-12-29,2.6856594
1986-12-30,2.6255977
1986-12-31,2.5488384
1987-01-01,2.4713235
1987-01-02,2.3926709
1987-01-03,2.312803
1987-01-04,2.2465107
1987-01-05,2.17557
1987-01-06,2.1492493
1987-01-07,2.2960892
1987-01-08,2.2432163
1987-01-09,3.4148052
1987-01-10,2.4846013
1987-01-11,3.3210657
1987-01-12,2.140784
1987-01-13,1.8097173
1987-01-14,1.7480416
1987-01-15,1.699682
1987-01-16,1.666744
1987-01-17,9.496732
1987-01-18,3.4302847
1987-01-19,2.0083537
1987-01-20,1.6301924
1987-01-21,1.4904011
1987-01-22,1.4514078
1987-01-23,1.4116825
1987-01-24,1.3755913
1987-01-25,1.3265572
1987-01-26,1.2895441
1987-01-27,1.244385
1987-01-28,1.2056961
1987-01-29,1.167756
1987-01-30,1.1414276
1987-01-31,1.183113
1987-02-01,1.1056925
1987-02-02,1.0607126
1987-02-03,1.0285095
1987-02-04,1.0141156
1987-02-05,1.2896712
1987-02-06,1.1649095
1987-02-07,0.99556845
1987-02-08,0.9393023
1987-02-09,0.9308219
1987-02-10,1.0656816
1987-02-11,1.0724986
1987-02-12,0.9883448
1987-02-13,0.893242
1987-02-14,2.0888758
1987-02-15,2.628848
1987-02-16,3.25494
1987-02-17,4.6060615
1987-02-18,1.5382031
1987-02-19,0.9698458
1987-02-20,2.5962389
1987-02-21,1.4592155
1987-02-22,0.84353524
1987-02-23,0.7686667
1987-02-24,0.92921567
1987-02-25,5.398147
1987-02-26,1.6967282
1987-02-27,1.1050348
1987-02-28,2.28349
1987-03-01,1.4056196
1987-03-02,8.925307
1987-03-03,2.421995
1987-03-04,0.8341591
1987-03-05,0.7387816
1987-03-06,0.7373106
1987-03-07,0.70896775
1987-03-08,0.71956503
1987-03-09,0.68479025
1987-03-10,0.6661185
1987-03-11,0.65577334
1987-03-12,0.62210697
1987-03-13,0.61024946
1987-03-14,0.8702612
1987-03-15,4.5942883
1987-03-16,3.4001565
1987-03-17,4.9771605
1987-03-18,6.168408
1987-03-19,1.6734796
1987-03-20,0.2557054
1987-03-21,0.2529387
1987-03-22,10.481007
1987-03-23,2.461661
1987-03-24,0.2813233
1987-03-25,0.9575691
1987-03-26,0.34488273
1987-03-27,0.59629226
1987-03-28,0.53693604
1987-03-29,0.57029426
1987-03-30,0.53101516
1987-03-31,0.42923898
1987-04-01,0.51924485
1987-04-02,1.0553436
1987-04-03,0.6580743
1987-04-04,0.6440401
1987-04-05,2.1187456
1987-04-06,0.547101
1987-04-07,0.6291946
1987-04-08,6.5264893
1987-04-09,2.8018167
1987-04-10,9.031984
1987-04-11,2.3403072
1987-04-12,3.873947
1987-04-13,1.4150878
1987-04-14,1.0594225
1987-04-15,0.9132038
1987-04-16,0.91849184
1987-04-17,1.044298
1987-04-18,1.1502678
1987-04-19,5.206328
1987-04-20,2.8299673
1987-04-21,6.484451
1987-04-22,3.0217838
1987-04-23,3.951177
1987-04-24,6.3740063
1987-04-25,9.644798
1987-04-26,8.719148
1987-04-27,12.267912
1987-04-28,8.583038
1987-04-29,10.130117
1987-04-30,17.556389
1987-05-01,12.79201
1987-05-02,9.651633
1987-05-03,9.341946
1987-05-04,8.4282055
1987-05-05,12.235709
1987-05-06,26.799864
1987-05-07,19.296305
1987-05-08,16.770464
1987-05-09,18.653378
1987-05-10,17.576157
1987-05-11,18.701527
1987-05-12,16.911915
1987-05-13,16.79253
1987-05-14,28.62633
1987-05-15,25.03818
1987-05-16,18.384071
1987-05-17,16.934427
1987-05-18,23.561144
1987-05-19,16.65815
1987-05-20,17.929462
1987-05-21,14.403022
1987-05-22,13.125492
1987-05-23,13.105419
1987-05-24,29.816818
1987-05-25,16.40634
1987-05-26,12.458886
1987-05-27,19.393965
1987-05-28,17.173643
1987-05-29,16.353848
1987-05-30,18.176378
1987-05-31,17.399942
1987-06-01,14.710763
1987-06-02,14.898291
1987-06-03,18.158274
1987-06-04,18.937927
1987-06-05,17.464052
1987-06-06,13.093024
1987-06-07,16.120626
1987-06-08,16.447075
1987-06-09,22.997179
1987-06-10,13.682752
1987-06-11,11.723069
1987-06-12,11.565921
1987-06-13,11.702767
1987-06-14,18.933653
1987-06-15,21.761604
1987-06-16,15.854251
1987-06-17,11.675036
1987-06-18,17.63456
1987-06-19,13.097467
1987-06-20,11.915415
1987-06-21,11.714884
1987-06-22,11.419406
1987-06-23,11.021388
1987-06-24,13.91558
1987-06-25,13.155094
1987-06-26,11.857128
1987-06-27,22.480173
1987-06-28,11.920638
1987-06-29,9.205829
1987-06-30,9.180652
1987-07-01,14.337849
1987-07-02,10.659438
1987-07-03,20.031292
1987-07-04,12.25116
1987-07-05,24.424782
1987-07-06,13.45801
1987-07-07,11.128961
1987-07-08,10.991581
1987-07-09,10.740717
1987-07-10,10.730069
1987-07-11,21.838547
1987-07-12,13.734497
1987-07-13,19.764095
1987-07-14,15.900404
1987-07-15,22.320192
1987-07-16,24.402311
1987-07-17,20.611593
1987-07-18,17.759756
1987-07-19,16.314535
1987-07-20,15.161272
1987-07-21,20.427183
1987-07-22,22.55939
1987-07-23,14.032599
1987-07-24,11.773851
1987-07-25,13.258902
1987-07-26,12.5797615
1987-07-27,13.398557
1987-07-28,11.722984
1987-07-29,11.106407
1987-07-30,9.775703
1987-07-31,22.626684
1987-08-01,22.989136
1987-08-02,16.261524
1987-08-03,12.868716
1987-08-04,13.415516
1987-08-05,12.104938
1987-08-06,11.489811
1987-08-07,16.04419
1987-08-08,28.396433
1987-08-09,14.062101
1987-08-10,10.599321
1987-08-11,16.268913
1987-08-12,17.650986
1987-08-13,11.649886
1987-08-14,10.220684
1987-08-15,9.812357
1987-08-16,11.20549
1987-08-17,9.863569
1987-08-18,11.001758
1987-08-19,9.760707
1987-08-20,10.981047
1987-08-21,9.162579
1987-08-22,16.192858
1987-08-23,11.068089
1987-08-24,8.553088
1987-08-25,8.252873
1987-08-26,8.301384
1987-08-27,14.965407
1987-08-28,11.723704
1987-08-29,8.240879
1987-08-30,8.169988
1987-08-31,18.816467
1987-09-01,13.179383
1987-09-02,12.845405
1987-09-03,8.724918
1987-09-04,8.369407
1987-09-05,17.59892
1987-09-06,10.16935
1987-09-07,8.417736
1987-09-08,8.334588
1987-09-09,8.287419
1987-09-10,8.317722
1987-09-11,7.8099566
1987-09-12,13.261248
1987-09-13,8.870438
1987-09-14,7.2247505
1987-09-15,6.8445354
1987-09-16,8.320158
1987-09-17,10.364948
1987-09-18,9.609925
1987-09-19,6.6757627
1987-09-20,6.07658
1987-09-21,10.52391
1987-09-22,8.879666
1987-09-23,6.8211637
1987-09-24,8.670037
1987-09-25,7.380348
1987-09-26,7.6128607
1987-09-27,8.585637
1987-09-28,9.163587
1987-09-29,8.765517
1987-09-30,9.76901
1987-10-01,9.663565
1987-10-02,10.229344
1987-10-03,10.526185
1987-10-04,21.402761
1987-10-05,21.711142
1987-10-06,24.007664
1987-10-07,20.300138
1987-10-08,23.569033
1987-10-09,18.924223
1987-10-10,16.624025
1987-10-11,15.4328985
1987-10-12,14.096265
1987-10-13,13.121321
1987-10-14,11.927741
1987-10-15,11.385368
1987-10-16,10.421725
1987-10-17,10.559103
1987-10-18,9.510307
1987-10-19,8.706121
1987-10-20,8.239893
1987-10-21,7.839504
1987-10-22,7.5616937
1987-10-23,8.282754
1987-10-24,11.171146
1987-10-25,7.514767
1987-10-26,6.5562906
1987-10-27,7.512992
1987-10-28,12.029593
1987-10-29,8.788774
1987-10-30,6.2641006
1987-10-31,7.7147264
1987-11-01,6.123834
1987-11-02,5.5996585
1987-11-03,5.514484
1987-11-04,8.144244
1987-11-05,5.9661784
1987-11-06,5.269398
1987-11-07,6.1758547
1987-11-08,7.892632
1987-11-09,8.809435
1987-11-10,8.584131
1987-11-11,6.4606137
1987-11-12,20.835766
1987-11-13,8.454472
1987-11-14,5.8208685
1987-11-15,9.116871
1987-11-16,9.248821
1987-11-17,9.683874
1987-11-18,6.176218
1987-11-19,11.335662
1987-11-20,8.594897
1987-11-21,5.853108
1987-11-22,7.1610823
1987-11-23,11.108635
1987-11-24,10.451569
1987-11-25,12.109902
1987-11-26,9.039536
1987-11-27,19.341393
1987-11-28,20.556286
1987-11-29,10.320356
1987-11-30,14.16274
1987-12-01,12.006771
1987-12-02,21.08222
1987-12-03,10.557282
1987-12-04,8.613392
1987-12-05,8.215991
1987-12-06,7.9756317
1987-12-07,8.255766
1987-12-08,9.533024
1987-12-09,8.414979
1987-12-10,7.4214344
1987-12-11,8.35217
1987-12-12,8.68227
1987-12-13,7.2292767
1987-12-14,18.3547
1987-12-15,10.224064
1987-12-16,6.781327
1987-12-17,6.3372507
1987-12-18,6.1183167
1987-12-19,5.9446607
1987-12-20,5.7511606
1987-12-21,7.650889
1987-12-22,5.86953
1987-12-23,5.2754045
1987-12-24,5.063526
1987-12-25,4.8529553
1987-12-26,4.6440845
1987-12-27,4.449237
1987-12-28,4.258626
1987-12-29,4.071496
1987-12-30,3.89834
1987-12-31,4.070601
1988-01-01,4.84185
1988-01-02,3.810179
1988-01-03,3.4276495
1988-01-04,3.2665672
1988-01-05,3.1211119
1988-01-06,2.9803352
1988-01-07,2.844442
1988-01-08,2.7161167
1988-01-09,2.5949478
1988-01-10,2.479286
1988-01-11,2.3682315
1988-01-12,2.2586858
1988-01-13,2.1506515
1988-01-14,2.0500624
1988-01-15,1.9517479
1988-01-16,1.8574579
1988-01-17,1.7804062
1988-01-18,1.7700032
1988-01-19,1.8002299
1988-01-20,1.6461422
1988-01-21,1.5351876
1988-01-22,1.5033576
1988-01-23,1.4215463
1988-01-24,1.362751
1988-01-25,1.3022383
1988-01-26,1.2478563
1988-01-27,1.1936357
1988-01-28,1.1410903
1988-01-29,1.0977771
1988-01-30,1.0594847
1988-01-31,1.0353469
1988-02-01,1.0409102
1988-02-02,1.1026103
1988-02-03,1.6318678
1988-02-04,1.0615728
1988-02-05,0.9005945
1988-02-06,0.8545298
1988-02-07,0.8344917
1988-02-08,1.1003345
1988-02-09,1.9875402
1988-02-10,9.2161
1988-02-11,4.5401473
1988-02-12,1.2962639
1988-02-13,2.4593072
1988-02-14,1.5200661
1988-02-15,0.8157683
1988-02-16,0.69400096
1988-02-17,0.6719397
1988-02-18,0.6476561
1988-02-19,0.6237375
1988-02-20,0.587295
1988-02-21,0.56714416
1988-02-22,0.55900764
1988-02-23,0.6397127
1988-02-24,0.56640697
1988-02-25,0.33755046
1988-02-26,0.050537743
1988-02-27,0.020824961
1988-02-28,0.0041271676
1988-02-29,0.002524996
1988-03-01,0.00045757327
1988-03-02,4.935302e-06
1988-03-03,5.7392725e-08
1988-03-04,6.674212e-10
1988-03-05,7.761454e-12
1988-03-06,9.02581e-14
1988-03-07,1.0496133e-15
1988-03-08,1.2205974e-17
1988-03-09,1.4194352e-19
1988-03-10,1.6506641e-21
1988-03-11,1.9195605e-23
1988-03-12,2.2322607e-25
1988-03-13,2.5959005000000002e-27
1988-03-14,3.0187778e-29
1988-03-15,3.5105429e-31
1988-03-16,0.08131209
1988-03-17,0.4980608
1988-03-18,1.3458632
1988-03-19,1.2678269
1988-03-20,0.20854573
1988-03-21,0.25878927
1988-03-22,2.805125
1988-03-23,0.560096
1988-03-24,0.006089853
1988-03-25,7.081902e-05
1988-03-26,8.2355587e-07
1988-03-27,0.16359468
1988-03-28,0.7262781
1988-03-29,7.4793334
1988-03-30,3.626744
1988-03-31,11.089497
1988-04-01,2.1974277
1988-04-02,0.18948267
1988-04-03,1.9558132
1988-04-04,1.3916318
1988-04-05,0.28308934
1988-04-06,0.09653833
1988-04-07,1.5348169
1988-04-08,1.0969175
1988-04-09,2.5698576
1988-04-10,7.2162704
1988-04-11,2.990242
1988-04-12,1.2917354
1988-04-13,0.2423185
1988-04-14,9.601483
1988-04-15,2.0614357
1988-04-16,0.4565082
1988-04-17,0.14121221
1988-04-18,0.012515427
1988-04-19,0.034515668
1988-04-20,0.0529341
1988-04-21,0.34871018
1988-04-22,3.3427563
1988-04-23,3.3843248
1988-04-24,1.3384104
1988-04-25,9.430434
1988-04-26,6.59854
1988-04-27,8.345705
1988-04-28,3.1891813
1988-04-29,3.1985908
1988-04-30,4.9746394
1988-05-01,1.3155153
1988-05-02,0.831341
1988-05-03,0.7375089
1988-05-04,3.4686713
1988-05-05,6.105914
1988-05-06,2.646239
1988-05-07,6.6235023
1988-05-08,8.752678
1988-05-09,3.1753986
1988-05-10,5.9064827
1988-05-11,4.5040355
1988-05-12,14.425422
1988-05-13,12.254335
1988-05-14,14.614193
1988-05-15,24.992708
1988-05-16,19.832922
1988-05-17,21.161848
1988-05-18,23.131834
1988-05-19,19.27204
1988-05-20,17.552801
1988-05-21,16.973228
1988-05-22,16.49762
1988-05-23,15.462246
1988-05-24,18.367157
1988-05-25,16.712624
1988-05-26,27.20064
1988-05-27,24.980915
1988-05-28,35.645523
1988-05-29,24.925219
1988-05-30,21.053501
1988-05-31,20.399035
1988-06-01,18.607536
1988-06-02,38.85051
1988-06-03,26.879694
1988-06-04,21.98497
1988-06-05,20.89949
1988-06-06,20.270678
1988-06-07,18.601421
1988-06-08,17.322603
1988-06-09,17.229555
1988-06-10,16.162817
1988-06-11,25.433455
1988-06-12,18.524326
1988-06-13,13.977419
1988-06-14,13.986957
1988-06-15,18.112041
1988-06-16,18.033707
1988-06-17,13.034237
1988-06-18,18.681078
1988-06-19,15.141264
1988-06-20,26.491615
1988-06-21,30.89444
1988-06-22,27.526228
1988-06-23,23.84217
1988-06-24,20.68384
1988-06-25,21.481642
1988-06-26,17.475245
1988-06-27,17.451109
1988-06-28,16.532421
1988-06-29,14.572285
1988-06-30,16.948446
1988-07-01,12.089968
1988-07-02,14.124367
1988-07-03,10.6855955
1988-07-04,17.835236
1988-07-05,17.137375
1988-07-06,12.332248
1988-07-07,9.961004
1988-07-08,21.137688
1988-07-09,30.613422
1988-07-10,64.784805
1988-07-11,47.236225
1988-07-12,30.63494
1988-07-13,35.34541
1988-07-14,24.561953
1988-07-15,18.846844
1988-07-16,16.670717
1988-07-17,22.210606
1988-07-18,20.866432
1988-07-19,16.800938
1988-07-20,13.604796
1988-07-21,11.174841
1988-07-22,10.630764
1988-07-23,9.756013
1988-07-24,9.48436
1988-07-25,9.146812
1988-07-26,9.5603695
1988-07-27,8.234164
1988-07-28,7.636866
1988-07-29,7.329969
1988-07-30,7.457487
1988-07-31,9.813858
1988-08-01,7.5536013
1988-08-02,7.0607243
1988-08-03,11.251397
1988-08-04,8.516798
1988-08-05,11.301033
1988-08-06,7.437559
1988-08-07,5.8094697
1988-08-08,5.3754516
1988-08-09,5.215343
1988-08-10,11.338916
1988-08-11,7.7872677
1988-08-12,5.241216
1988-08-13,4.8789883
1988-08-14,5.2291512
1988-08-15,8.621713
1988-08-16,5.3475714
1988-08-17,12.012726
1988-08-18,6.932638
1988-08-19,4.739471
1988-08-20,4.4952
1988-08-21,6.966217
1988-08-22,7.2640123
1988-08-23,4.944381
1988-08-24,4.382978
1988-08-25,4.467586
1988-08-26,4.2989016
1988-08-27,4.382679
1988-08-28,4.77916
1988-08-29,4.4074497
1988-08-30,4.289054
1988-08-31,4.3671246
1988-09-01,6.0862246
1988-09-02,5.350231
1988-09-03,6.6388717
1988-09-04,6.984348
1988-09-05,9.299578
1988-09-06,5.737251
1988-09-07,4.9883857
1988-09-08,8.431653
1988-09-09,6.2506933
1988-09-10,5.739714
1988-09-11,5.784904
1988-09-12,11.000874
1988-09-13,8.1249895
1988-09-14,6.459587
1988-09-15,6.9214153
1988-09-16,6.32268
1988-09-17,6.394594
1988-09-18,15.183821
1988-09-19,16.082008
1988-09-20,13.979555
1988-09-21,12.623339
1988-09-22,14.285103
1988-09-23,13.141585
1988-09-24,12.90276
1988-09-25,17.741592
1988-09-26,15.307716
1988-09-27,13.640259
1988-09-28,16.079128
1988-09-29,13.409814
1988-09-30,10.957579
1988-10-01,10.187172
1988-10-02,8.850156
1988-10-03,8.699451
1988-10-04,7.917445
1988-10-05,8.359953
1988-10-06,7.1095886
1988-10-07,9.135324
1988-10-08,11.108597
1988-10-09,12.151827
1988-10-10,7.281815
1988-10-11,5.813728
1988-10-12,6.228569
1988-10-13,5.527556
1988-10-14,9.8836975
1988-10-15,6.3636293
1988-10-16,5.078406
1988-10-17,5.148529
1988-10-18,9.149167
1988-10-19,9.647217
1988-10-20,10.766463
1988-10-21,9.104349
1988-10-22,19.489004
1988-10-23,9.718248
1988-10-24,8.860231
1988-10-25,9.786015
1988-10-26,9.54601
1988-10-27,9.395428
1988-10-28,9.087455
1988-10-29,8.9676
1988-10-30,8.49637
1988-10-31,8.214653
1988-11-01,9.811421
1988-11-02,11.793253
1988-11-03,8.350867
1988-11-04,12.91285
1988-11-05,8.189369
1988-11-06,6.8366776
1988-11-07,8.2775545
1988-11-08,10.073119
1988-11-09,16.679888
1988-11-10,8.463914
1988-11-11,6.3063025
1988-11-12,7.146998
1988-11-13,6.4579825
1988-11-14,6.380663
1988-11-15,9.600936
1988-11-16,6.565555
1988-11-17,9.143872
1988-11-18,6.423622
1988-11-19,5.747086
1988-11-20,6.6819987
1988-11-21,13.520817
1988-11-22,8.330969
1988-11-23,6.2450376
1988-11-24,6.3958087
1988-11-25,6.477013
1988-11-26,9.512791
1988-11-27,6.74634
1988-11-28,6.3622227
1988-11-29,6.033094
1988-11-30,5.674575
1988-12-01,5.433849
1988-12-02,5.2147098
1988-12-03,5.0170417
1988-12-04,5.0285826
1988-12-05,4.735293
1988-12-06,4.526453
1988-12-07,4.3132358
1988-12-08,4.125262
1988-12-09,5.0454636
1988-12-10,4.06426
1988-12-11,3.6795385
1988-12-12,3.5137527
1988-12-13,3.4542205
1988-12-14,3.34286
1988-12-15,3.755435
1988-12-16,3.1790287
1988-12-17,2.9176302
1988-12-18,2.7915623
1988-12-19,2.6710258
1988-12-20,2.557562
1988-12-21,2.4541137
1988-12-22,2.3599167
1988-12-23,2.2604866
1988-12-24,2.159689
1988-12-25,2.0770068
1988-12-26,1.984981
1988-12-27,1.9173933
1988-12-28,1.9551867
1988-12-29,1.8516976
1988-12-30,3.4398942
1988-12-31,5.176425
1989-01-01,3.2857394
1989-01-02,2.268543
1989-01-03,6.716626
1989-01-04,5.922198
1989-01-05,4.0111017
1989-01-06,2.2467918
1989-01-07,2.2785802
1989-01-08,1.7666227
1989-01-09,1.4941678
1989-01-10,1.4278356
1989-01-11,1.3898449
1989-01-12,1.3674165
1989-01-13,1.4531842
1989-01-14,3.0473142
1989-01-15,1.861313
1989-01-16,1.4094093
1989-01-17,1.3205235
1989-01-18,1.4936391
1989-01-19,1.6521649
1989-01-20,1.2950038
1989-01-21,1.2051561
1989-01-22,4.040278
1989-01-23,9.511594
1989-01-24,3.2432134
1989-01-25,1.4350834
1989-01-26,1.2009313
1989-01-27,1.1609521
1989-01-28,1.140675
1989-01-29,1.1175841
1989-01-30,1.0929204
1989-01-31,1.0699152
1989-02-01,1.0503172
1989-02-02,1.0875126
1989-02-03,1.0310973
1989-02-04,0.9912124
1989-02-05,0.96901053
1989-02-06,0.9519312
1989-02-07,0.93760586
1989-02-08,1.0992217
1989-02-09,0.9336828
1989-02-10,0.8738299
1989-02-11,0.84948224
1989-02-12,0.82374376
1989-02-13,0.80065054
1989-02-14,0.80067164
1989-02-15,0.76105267
1989-02-16,0.74021536
1989-02-17,0.7074229
1989-02-18,0.6631993
1989-02-19,0.6394268
1989-02-20,0.66592735
1989-02-21,0.977313
1989-02-22,0.7936326
1989-02-23,0.62493175
1989-02-24,0.58477765
1989-02-25,0.5682236
1989-02-26,0.7415215
1989-02-27,1.7909163
1989-02-28,0.8477979
1989-03-01,0.9470643
1989-03-02,11.485113
1989-03-03,2.8338108
1989-03-04,0.8411886
1989-03-05,2.8667073
1989-03-06,1.2478416
1989-03-07,1.341094
1989-03-08,4.9616523
1989-03-09,7.530849
1989-03-10,1.6300066
1989-03-11,0.25573316
1989-03-12,4.6537843
1989-03-13,1.4509437
1989-03-14,6.8980722
1989-03-15,1.995568
1989-03-16,2.750549
1989-03-17,1.0458231
1989-03-18,0.63917404
1989-03-19,0.82449925
1989-03-20,6.968577
1989-03-21,2.2702818
1989-03-22,4.823904
1989-03-23,9.392988
1989-03-24,8.804098
1989-03-25,3.115763
1989-03-26,13.592173
1989-03-27,16.372711
1989-03-28,4.520138
1989-03-29,2.288985
1989-03-30,5.7115345
1989-03-31,8.696586
1989-04-01,13.355995
1989-04-02,12.052419
1989-04-03,19.058426
1989-04-04,9.982533
1989-04-05,17.97849
1989-04-06,10.231242
1989-04-07,17.410421
1989-04-08,16.114561
1989-04-09,12.787274
1989-04-10,15.885538
1989-04-11,16.491829
1989-04-12,12.783557
1989-04-13,12.565036
1989-04-14,20.3895
1989-04-15,14.839423
1989-04-16,16.91952
1989-04-17,19.235367
1989-04-18,15.190908
1989-04-19,13.933968
1989-04-20,13.340653
1989-04-21,14.136447
1989-04-22,13.69727
1989-04-23,18.779453
1989-04-24,19.776665
1989-04-25,13.336498
1989-04-26,12.277833
1989-04-27,11.687911
1989-04-28,14.365569
1989-04-29,17.095705
1989-04-30,17.356617
1989-05-01,14.345087
1989-05-02,18.061846
1989-05-03,14.468375
1989-05-04,15.501607
1989-05-05,15.188449
1989-05-06,17.331717
1989-05-07,28.605625
1989-05-08,18.205862
1989-05-09,16.09321
1989-05-10,15.306694
1989-05-11,14.529392
1989-05-12,16.39619
1989-05-13,14.136499
1989-05-14,13.952224
1989-05-15,13.797687
1989-05-16,14.386697
1989-05-17,13.237171
1989-05-18,19.05614
1989-05-19,17.236887
1989-05-20,17.450014
1989-05-21,20.181934
1989-05-22,26.581606
1989-05-23,24.94839
1989-05-24,22.706278
1989-05-25,21.082098
1989-05-26,19.773975
1989-05-27,18.153637
1989-05-28,19.84185
1989-05-29,19.924871
1989-05-30,24.315617
1989-05-31,23.415094
1989-06-01,18.555367
1989-06-02,21.64202
1989-06-03,19.3313
1989-06-04,14.221551
1989-06-05,21.89343
1989-06-06,15.091203
1989-06-07,17.017275
1989-06-08,24.742128
1989-06-09,31.642525
1989-06-10,40.954594
1989-06-11,38.198704
1989-06-12,33.86009
1989-06-13,47.136833
1989-06-14,33.006653
1989-06-15,26.952595
1989-06-16,25.765562
1989-06-17,26.236296
1989-06-18,25.265694
1989-06-19,27.133162
1989-06-20,26.48777
1989-06-21,19.997309
1989-06-22,18.697165
1989-06-23,20.435291
1989-06-24,18.876966
1989-06-25,18.116274
1989-06-26,22.334461
1989-06-27,20.00581
1989-06-28,19.189392
1989-06-29,18.200998
1989-06-30,17.398655
1989-07-01,21.233696
1989-07-02,20.71433
1989-07-03,20.782076
1989-07-04,14.582916
1989-07-05,12.9973135
1989-07-06,14.520378
1989-07-07,20.969818
1989-07-08,14.899935
1989-07-09,11.668356
1989-07-10,11.10072
1989-07-11,10.763648
1989-07-12,10.340235
1989-07-13,9.9009695
1989-07-14,9.863584
1989-07-15,9.2526655
1989-07-16,10.721434
1989-07-17,20.872902
1989-07-18,10.734595
1989-07-19,8.151808
1989-07-20,7.9758854
1989-07-21,7.7400427
1989-07-22,10.696156
1989-07-23,12.065106
1989-07-24,7.981675
1989-07-25,7.171536
1989-07-26,9.475942
1989-07-27,10.865121
1989-07-28,7.705147
1989-07-29,6.8018136
1989-07-30,6.6824436
1989-07-31,6.50085
1989-08-01,9.663548
1989-08-02,19.445812
1989-08-03,9.531342
1989-08-04,7.821347
1989-08-05,8.089132
1989-08-06,9.922244
1989-08-07,14.994186
1989-08-08,9.379691
1989-08-09,8.208878
1989-08-10,11.62423
1989-08-11,12.241275
1989-08-12,15.452585
1989-08-13,10.969201
1989-08-14,8.904212
1989-08-15,8.60236
1989-08-16,8.916776
1989-08-17,8.925929
1989-08-18,8.305707
1989-08-19,7.9900465
1989-08-20,10.776424
1989-08-21,8.498324
1989-08-22,8.108111
1989-08-23,10.337269
1989-08-24,10.325221
1989-08-25,8.161568
1989-08-26,7.999931
1989-08-27,9.164824
1989-08-28,8.7246475
1989-08-29,13.883696
1989-08-30,8.416352
1989-08-31,6.9649615
1989-09-01,7.1913004
1989-09-02,9.807817
1989-09-03,7.4068108
1989-09-04,6.509831
1989-09-05,6.3285174
1989-09-06,6.464655
1989-09-07,6.635496
1989-09-08,6.020203
1989-09-09,7.243763
1989-09-10,5.998929
1989-09-11,5.636589
1989-09-12,8.569038
1989-09-13,5.970671
1989-09-14,5.16665
1989-09-15,4.9741755
1989-09-16,4.7643104
1989-09-17,13.538941
1989-09-18,8.116757
1989-09-19,4.76053
1989-09-20,4.4111447
1989-09-21,11.631189
1989-09-22,7.222749
1989-09-23,4.379578
1989-09-24,4.0010247
1989-09-25,3.9772425
1989-09-26,6.539068
1989-09-27,4.598285
1989-09-28,3.8027225
1989-09-29,7.438452
1989-09-30,4.6438913
1989-10-01,6.5690784
1989-10-02,4.800849
1989-10-03,3.754737
1989-10-04,3.7727077
1989-10-05,4.094046
1989-10-06,3.769945
1989-10-07,3.576069
1989-10-08,9.695725
1989-10-09,6.364009
1989-10-10,4.0265517
1989-10-11,4.116014
1989-10-12,4.529406
1989-10-13,6.4094048
1989-10-14,8.917939
1989-10-15,6.6141276
1989-10-16,6.301508
1989-10-17,6.1238146
1989-10-18,13.15078
1989-10-19,13.338382
1989-10-20,10.314964
1989-10-21,11.398434
1989-10-22,15.120892
1989-10-23,9.826903
1989-10-24,8.639168
1989-10-25,9.595208
1989-10-26,8.519459
1989-10-27,11.180728
1989-10-28,8.846302
1989-10-29,11.371191
1989-10-30,8.304366
1989-10-31,7.344666
1989-11-01,7.8195577
1989-11-02,7.7848573
1989-11-03,7.0308394
1989-11-04,6.9029202
1989-11-05,6.668578
1989-11-06,6.3544693
1989-11-07,6.3935175
1989-11-08,5.966327
1989-11-09,5.7312818
1989-11-10,5.5207596
1989-11-11,5.3024874
1989-11-12,5.12615
1989-11-13,4.92088
1989-11-14,4.8924146
1989-11-15,5.574529
1989-11-16,4.8088336
1989-11-17,4.389653
1989-11-18,13.026641
1989-11-19,11.609106
1989-11-20,9.168888
1989-11-21,4.9531803
1989-11-22,4.4195333
1989-11-23,4.3877106
1989-11-24,10.406521
1989-11-25,5.395727
1989-11-26,4.08455
1989-11-27,4.240054
1989-11-28,4.237801
1989-11-29,8.522289
1989-11-30,9.093572
1989-12-01,6.507237
1989-12-02,5.5370164
1989-12-03,10.835397
1989-12-04,7.1004944
1989-12-05,6.2726045
1989-12-06,6.21468
1989-12-07,6.0722847
1989-12-08,5.9207764
1989-12-09,5.753108
1989-12-10,5.5688214
1989-12-11,5.375757
1989-12-12,5.1692924
1989-12-13,4.952825
1989-12-14,4.733352
1989-12-15,4.5172133
1989-12-16,4.3110266
1989-12-17,4.1025047
1989-12-18,3.9057631
1989-12-19,3.7185957
1989-12-20,3.5357175
1989-12-21,3.361163
1989-12-22,3.195756
1989-12-23,3.0376337
1989-12-24,2.8862786
1989-12-25,2.7439456
1989-12-26,2.607158
1989-12-27,2.4796345
1989-12-28,2.3615723
1989-12-29,2.2442687
1989-12-30,2.135736
1989-12-31,2.033367
1990-01-01,1.9345925
1990-01-02,1.8387576
1990-01-03,1.7530543
1990-01-04,1.6903547
1990-01-05,1.6058922
1990-01-06,1.5306628
1990-01-07,1.4625238
1990-01-08,1.3965499
1990-01-09,1.330071
1990-01-10,1.2671775
1990-01-11,1.2079797
1990-01-12,1.1502193
1990-01-13,1.0961518
1990-01-14,1.0512745
1990-01-15,1.4307736
1990-01-16,1.585699
1990-01-17,1.0897691
1990-01-18,0.9447921
1990-01-19,0.9014077
1990-01-20,0.864104
1990-01-21,1.172048
1990-01-22,1.122974
1990-01-23,1.2729679
1990-01-24,0.90558606
1990-01-25,0.9598533
1990-01-26,1.6671606
1990-01-27,8.405368
1990-01-28,4.104196
1990-01-29,5.346791
1990-01-30,1.6203779
1990-01-31,0.7265527
1990-02-01,0.7006113
1990-02-02,0.7643675
1990-02-03,0.9470775
1990-02-04,0.93496996
1990-02-05,0.748028
1990-02-06,0.9247632
1990-02-07,0.7981877
1990-02-08,3.5029004
1990-02-09,1.7016029
1990-02-10,0.72008246
1990-02-11,0.5931747
1990-02-12,0.5802966
1990-02-13,0.58100176
1990-02-14,0.5697374
1990-02-15,0.51146746
1990-02-16,0.49348894
1990-02-17,0.2689991
1990-02-18,0.038537093
1990-02-19,0.0004196702
1990-02-20,4.880353e-06
1990-02-21,0.044895247
1990-02-22,0.008975525
1990-02-23,0.022135254
1990-02-24,0.024314249
1990-02-25,0.004079898
1990-02-26,4.4393957e-05
1990-02-27,5.1625824e-07
1990-02-28,6.003577e-09
1990-03-01,6.981572e-11
1990-03-02,8.118884e-13
1990-03-03,9.441467e-15
1990-03-04,0.1771839
1990-03-05,0.5339868
1990-03-06,0.307677
1990-03-07,0.1227026
1990-03-08,1.6584803
1990-03-09,4.246541
1990-03-10,9.717879
1990-03-11,4.3526225
1990-03-12,3.908632
1990-03-13,8.441576
1990-03-14,9.740281
1990-03-15,5.5874934
1990-03-16,1.9781803
1990-03-17,0.79217744
1990-03-18,13.678144
1990-03-19,8.513344
1990-03-20,1.9161183
1990-03-21,0.9698134
1990-03-22,1.1067668
1990-03-23,5.112732
1990-03-24,2.054281
1990-03-25,1.8246732
1990-03-26,6.073644
1990-03-27,8.403433
1990-03-28,2.6547482
1990-03-29,1.5121524
1990-03-30,1.5729014
1990-03-31,1.620823
1990-04-01,1.6373273
1990-04-02,2.3513794
1990-04-03,6.1417184
1990-04-04,6.1383324
1990-04-05,2.9769266
1990-04-06,2.6006908
1990-04-07,8.78076
1990-04-08,3.6747909
1990-04-09,5.2089314
1990-04-10,3.3315053
1990-04-11,3.0732737
1990-04-12,3.19785
1990-04-13,4.4981136
1990-04-14,4.1791096
1990-04-15,11.221783
1990-04-16,7.8673687
1990-04-17,6.9751163
1990-04-18,5.0888624
1990-04-19,8.9815445
1990-04-20,6.8069916
1990-04-21,17.99655
1990-04-22,15.530435
1990-04-23,13.727221
1990-04-24,15.353656
1990-04-25,20.876223
1990-04-26,18.236042
1990-04-27,15.358437
1990-04-28,14.725979
1990-04-29,14.212127
1990-04-30,13.47474
1990-05-01,16.498722
1990-05-02,16.805923
1990-05-03,13.195275
1990-05-04,15.128588
1990-05-05,11.796337
1990-05-06,12.784306
1990-05-07,14.591764
1990-05-08,15.252608
1990-05-09,14.125074
1990-05-10,12.147932
1990-05-11,17.138649
1990-05-12,14.3454485
1990-05-13,20.500761
1990-05-14,19.54073
1990-05-15,26.669476
1990-05-16,26.537838
1990-05-17,27.904469
1990-05-18,23.143246
1990-05-19,27.857782
1990-05-20,28.262522
1990-05-21,20.453226
1990-05-22,18.014097
1990-05-23,19.691786
1990-05-24,22.524012
1990-05-25,17.196358
1990-05-26,15.522685
1990-05-27,14.665094
1990-05-28,13.620169
1990-05-29,13.332482
1990-05-30,13.850421
1990-05-31,11.189721
1990-06-01,10.085258
1990-06-02,9.821409
1990-06-03,11.217148
1990-06-04,10.317096
1990-06-05,11.149919
1990-06-06,27.39506
1990-06-07,14.668807
1990-06-08,8.970985
1990-06-09,16.785992
1990-06-10,17.762655
1990-06-11,53.33083
1990-06-12,160.25223
1990-06-13,62.53509
1990-06-14,25.82853
1990-06-15,26.895578
1990-06-16,18.28365
1990-06-17,14.77721
1990-06-18,13.286217
1990-06-19,12.049899
1990-06-20,12.589613
1990-06-21,14.877589
1990-06-22,13.997616
1990-06-23,10.001525
1990-06-24,8.767026
1990-06-25,8.521799
1990-06-26,7.890385
1990-06-27,8.914687
1990-06-28,9.778839
1990-06-29,10.199017
1990-06-30,11.829613
1990-07-01,7.8673563
1990-07-02,6.952948
1990-07-03,7.533422
1990-07-04,7.11606
1990-07-05,10.056124
1990-07-06,8.215677
1990-07-07,8.040422
1990-07-08,7.834717
1990-07-09,8.217006
1990-07-10,14.411321
1990-07-11,9.177511
1990-07-12,14.182234
1990-07-13,15.134792
1990-07-14,28.981457
1990-07-15,24.774862
1990-07-16,26.155996
1990-07-17,23.395014
1990-07-18,19.300188
1990-07-19,19.198172
1990-07-20,19.225872
1990-07-21,17.050102
1990-07-22,13.900794
1990-07-23,12.784452
1990-07-24,12.839331
1990-07-25,10.425185
1990-07-26,9.424087
1990-07-27,8.880951
1990-07-28,8.476733
1990-07-29,11.38185
1990-07-30,9.129234
1990-07-31,7.932477
1990-08-01,7.7967772
1990-08-02,7.1339474
1990-08-03,6.860473
1990-08-04,6.756397
1990-08-05,6.6739283
1990-08-06,9.339305
1990-08-07,6.6889386
1990-08-08,5.9196763
1990-08-09,9.131595
1990-08-10,16.60193
1990-08-11,15.055868
1990-08-12,6.9208975
1990-08-13,5.1888437
1990-08-14,6.5530653
1990-08-15,5.3941164
1990-08-16,5.0111914
1990-08-17,6.296849
1990-08-18,5.073635
1990-08-19,5.169641
1990-08-20,4.692559
1990-08-21,6.859016
1990-08-22,5.1937747
1990-08-23,4.4777637
1990-08-24,4.377486
1990-08-25,4.219611
1990-08-26,4.1020446
1990-08-27,4.1026645
1990-08-28,4.015604
1990-08-29,4.0611515
1990-08-30,10.545045
1990-08-31,5.2486897
1990-09-01,4.028488
1990-09-02,3.8243115
1990-09-03,12.00054
1990-09-04,5.5357466
1990-09-05,7.3978004
1990-09-06,4.3570824
1990-09-07,7.87044
1990-09-08,4.429692
1990-09-09,3.9799013
1990-09-10,6.660523
1990-09-11,4.1742134
1990-09-12,3.7242253
1990-09-13,5.4866133
1990-09-14,7.379654
1990-09-15,12.967867
1990-09-16,6.5763445
1990-09-17,5.2523036
1990-09-18,5.529527
1990-09-19,5.594589
1990-09-20,5.5490246
1990-09-21,5.518396
1990-09-22,7.090814
1990-09-23,5.7528753
1990-09-24,13.63552
1990-09-25,7.120038
1990-09-26,5.6654243
1990-09-27,5.743975
1990-09-28,6.113096
1990-09-29,9.658659
1990-09-30,12.859382
1990-10-01,13.04393
1990-10-02,10.819405
1990-10-03,7.0034184
1990-10-04,6.038467
1990-10-05,5.8819246
1990-10-06,11.030078
1990-10-07,6.918334
1990-10-08,8.526265
1990-10-09,7.051591
1990-10-10,6.5458107
1990-10-11,6.82289
1990-10-12,6.6917167
1990-10-13,6.8766174
1990-10-14,6.4179926
1990-10-15,6.4888487
1990-10-16,6.2161345
1990-10-17,6.095905
1990-10-18,6.0746264
1990-10-19,6.0751576
1990-10-20,10.284546
1990-10-21,11.299752
1990-10-22,17.40678
1990-10-23,8.2220955
1990-10-24,5.3292856
1990-10-25,9.142696
1990-10-26,5.8026752
1990-10-27,5.983055
1990-10-28,4.9918623
1990-10-29,6.0872736
1990-10-30,4.8717256
1990-10-31,5.462106
1990-11-01,8.452231
1990-11-02,8.354348
1990-11-03,8.369053
1990-11-04,4.9733524
1990-11-05,4.2942767
1990-11-06,4.457405
1990-11-07,4.2153773
1990-11-08,4.303287
1990-11-09,9.316034
1990-11-10,9.951109
1990-11-11,7.039575
1990-11-12,5.119491
1990-11-13,5.1742706
1990-11-14,6.340148
1990-11-15,5.896802
1990-11-16,10.631585
1990-11-17,10.437304
1990-11-18,12.055385
1990-11-19,12.694757
1990-11-20,9.982748
1990-11-21,9.940512
1990-11-22,11.208222
1990-11-23,10.259833
1990-11-24,10.841311
1990-11-25,10.052854
1990-11-26,12.072297
1990-11-27,22.235224
1990-11-28,16.537437
1990-11-29,15.700437
1990-11-30,16.505106
1990-12-01,17.495903
1990-12-02,14.234407
1990-12-03,12.81218
1990-12-04,13.655382
1990-12-05,11.98832
1990-12-06,15.355508
1990-12-07,11.734784
1990-12-08,10.340201
1990-12-09,9.854779
1990-12-10,9.354698
1990-12-11,8.845239
1990-12-12,8.342447
1990-12-13,7.8439503
1990-12-14,7.5306964
1990-12-15,7.122872
1990-12-16,6.6959586
1990-12-17,7.4954033
1990-12-18,10.219487
1990-12-19,12.850709
1990-12-20,15.383804
1990-12-21,12.057282
1990-12-22,6.585511
1990-12-23,5.449434
1990-12-24,5.2672586
1990-12-25,5.0931587
1990-12-26,5.0149527
1990-12-27,7.8559384
1990-12-28,6.2093983
1990-12-29,7.916344
1990-12-30,5.2847877
1990-12-31,7.386936
1991-01-01,5.9340034
1991-01-02,4.6019716
1991-01-03,4.3101573
1991-01-04,4.17612
1991-01-05,4.0410347
1991-01-06,3.9242039
1991-01-07,3.8147514
1991-01-08,3.6906521
1991-01-09,3.5560157
1991-01-10,3.4495199
1991-01-11,3.3191667
1991-01-12,3.190315
1991-01-13,3.0630195
1991-01-14,2.9443855
1991-01-15,2.8217256
1991-01-16,2.6975405
1991-01-17,2.5747344
1991-01-18,2.4543178
1991-01-19,2.3409336
1991-01-20,2.2282858
1991-01-21,2.1178076
1991-01-22,2.0098684
1991-01-23,1.9133972
1991-01-24,1.8231249
1991-01-25,1.7340734
1991-01-26,1.6601889
1991-01-27,1.5843467
1991-01-28,1.5165476
1991-01-29,1.4403656
1991-01-30,1.376201
1991-01-31,1.3167003
1991-02-01,1.2617584
1991-02-02,1.2043345
1991-02-03,1.1508613
1991-02-04,1.0970479
1991-02-05,1.0491295
1991-02-06,1.0020438
1991-02-07,0.96119237
1991-02-08,0.92962426
1991-02-09,0.90392905
1991-02-10,0.8791845
1991-02-11,0.8370356
1991-02-12,0.86070454
1991-02-13,1.0524337
1991-02-14,5.548251
1991-02-15,1.8251886
1991-02-16,10.194748
1991-02-17,5.713711
1991-02-18,4.6491385
1991-02-19,1.456188
1991-02-20,0.70432776
1991-02-21,0.65950274
1991-02-22,0.6434106
1991-02-23,0.6385419
1991-02-24,1.2142769
1991-02-25,0.8714914
1991-02-26,2.7254727
1991-02-27,3.392332
1991-02-28,1.0690992
1991-03-01,0.6945012
1991-03-02,0.4244217
1991-03-03,0.08397664
1991-03-04,0.043987
1991-03-05,0.030895656
1991-03-06,1.0978378
1991-03-07,8.415187
1991-03-08,6.0085225
1991-03-09,3.2214396
1991-03-10,5.0953784
1991-03-11,2.3507137
1991-03-12,7.5453987
1991-03-13,5.8868256
1991-03-14,2.0021923
1991-03-15,2.9754467
1991-03-16,1.1022607
1991-03-17,0.63302314
1991-03-18,0.63437116
1991-03-19,0.6532507
1991-03-20,0.6606447
1991-03-21,0.66104746
1991-03-22,0.6583226
1991-03-23,0.6555427
1991-03-24,0.6458304
1991-03-25,0.63913584
1991-03-26,0.62931526
1991-03-27,0.6226644
1991-03-28,0.76911324
1991-03-29,0.8725513
1991-03-30,0.88449585
1991-03-31,0.65781426
1991-04-01,0.6265797
1991-04-02,0.58359146
1991-04-03,0.566968
1991-04-04,0.5591753
1991-04-05,1.4700543
1991-04-06,4.1773396
1991-04-07,1.5034697
1991-04-08,1.2716343
1991-04-09,0.70481366
1991-04-10,1.9169452
1991-04-11,2.9225905
1991-04-12,1.3505411
1991-04-13,2.1985195
1991-04-14,1.6180081
1991-04-15,3.4732153
1991-04-16,6.054024
1991-04-17,10.0914955
1991-04-18,2.6458194
1991-04-19,7.8245516
1991-04-20,7.6846004
1991-04-21,9.714609
1991-04-22,11.370017
1991-04-23,4.14164
1991-04-24,2.8218176
1991-04-25,2.6915033
1991-04-26,6.0605917
1991-04-27,5.6320734
1991-04-28,6.004082
1991-04-29,7.815661
1991-04-30,9.136753
1991-05-01,39.396305
1991-05-02,23.486248
1991-05-03,20.836409
1991-05-04,25.369658
1991-05-05,22.883148
1991-05-06,21.988638
1991-05-07,18.808002
1991-05-08,34.840252
1991-05-09,26.501581
1991-05-10,26.745712
1991-05-11,33.56175
1991-05-12,42.21196
1991-05-13,28.808102
1991-05-14,24.610075
1991-05-15,24.422241
1991-05-16,20.72526
1991-05-17,17.199072
1991-05-18,27.61552
1991-05-19,18.744621
1991-05-20,24.895796
1991-05-21,20.719402
1991-05-22,21.14841
1991-05-23,16.020824
1991-05-24,28.92635
1991-05-25,25.702461
1991-05-26,23.202816
1991-05-27,21.12014
1991-05-28,25.418571
1991-05-29,28.671167
1991-05-30,25.907703
1991-05-31,22.45536
1991-06-01,19.25185
1991-06-02,16.161972
1991-06-03,15.386632
1991-06-04,19.6019
1991-06-05,16.485287
1991-06-06,21.962448
1991-06-07,15.61205
1991-06-08,16.597296
1991-06-09,20.897833
1991-06-10,18.1731
1991-06-11,20.552998
1991-06-12,19.710108
1991-06-13,18.776001
1991-06-14,17.814293
1991-06-15,18.808764
1991-06-16,17.385712
1991-06-17,18.302486
1991-06-18,21.888618
1991-06-19,16.362114
1991-06-20,15.816003
1991-06-21,14.508415
1991-06-22,20.62348
1991-06-23,22.935669
1991-06-24,42.759724
1991-06-25,146.80592
1991-06-26,57.65027
1991-06-27,26.55013
1991-06-28,22.04454
1991-06-29,21.615477
1991-06-30,19.567871
1991-07-01,22.788736
1991-07-02,23.093344
1991-07-03,19.037317
1991-07-04,22.67969
1991-07-05,41.595886
1991-07-06,31.244925
1991-07-07,24.363415
1991-07-08,22.70749
1991-07-09,17.485418
1991-07-10,16.052341
1991-07-11,17.86648
1991-07-12,19.272802
1991-07-13,17.767859
1991-07-14,27.47187
1991-07-15,17.20802
1991-07-16,14.893541
1991-07-17,15.93813
1991-07-18,14.043511
1991-07-19,13.218509
1991-07-20,15.177115
1991-07-21,18.458261
1991-07-22,13.546677
1991-07-23,12.976516
1991-07-24,21.029858
1991-07-25,16.902807
1991-07-26,22.68877
1991-07-27,18.53804
1991-07-28,17.435785
1991-07-29,17.309305
1991-07-30,15.829267
1991-07-31,16.049692
1991-08-01,18.250837
1991-08-02,14.722681
1991-08-03,13.616248
1991-08-04,14.620381
1991-08-05,13.150452
1991-08-06,12.403066
1991-08-07,19.077366
1991-08-08,22.801697
1991-08-09,17.88713
1991-08-10,21.64509
1991-08-11,18.68604
1991-08-12,15.60007
1991-08-13,14.790722
1991-08-14,14.550214
1991-08-15,20.270353
1991-08-16,15.727782
1991-08-17,13.2526245
1991-08-18,12.640757
1991-08-19,12.170496
1991-08-20,22.18258
1991-08-21,13.514884
1991-08-22,14.45435
1991-08-23,12.695888
1991-08-24,16.403498
1991-08-25,18.318287
1991-08-26,10.885217
1991-08-27,8.918528
1991-08-28,11.6618595
1991-08-29,10.847967
1991-08-30,8.782789
1991-08-31,7.5897994
1991-09-01,13.218869
1991-09-02,13.820874
1991-09-03,7.826549
1991-09-04,7.7459135
1991-09-05,9.819046
1991-09-06,9.425676
1991-09-07,7.204505
1991-09-08,6.630401
1991-09-09,10.766201
1991-09-10,17.732136
1991-09-11,13.112132
1991-09-12,10.801021
1991-09-13,9.2288265
1991-09-14,8.785265
1991-09-15,9.5109215
1991-09-16,9.7147665
1991-09-17,9.874455
1991-09-18,8.437247
1991-09-19,12.302193
1991-09-20,9.595393
1991-09-21,14.718469
1991-09-22,12.2855425
1991-09-23,11.910683
1991-09-24,11.752322
1991-09-25,13.544844
1991-09-26,12.543428
1991-09-27,10.938121
1991-09-28,11.43566
1991-09-29,10.209445
1991-09-30,9.818516
1991-10-01,9.023317
1991-10-02,8.486689
1991-10-03,14.626415
1991-10-04,10.013212
1991-10-05,7.725753
1991-10-06,7.247243
1991-10-07,6.891557
1991-10-08,6.771579
1991-10-09,9.749337
1991-10-10,6.950241
1991-10-11,6.0330853
1991-10-12,9.716979
1991-10-13,6.410555
1991-10-14,5.5639186
1991-10-15,5.252766
1991-10-16,5.0530314
1991-10-17,5.1275854
1991-10-18,5.004576
1991-10-19,5.9054656
1991-10-20,4.798479
1991-10-21,4.6034427
1991-10-22,4.355776
1991-10-23,4.280843
1991-10-24,4.259951
1991-10-25,4.254909
1991-10-26,4.10009
1991-10-27,7.6773033
1991-10-28,4.6150007
1991-10-29,3.871296
1991-10-30,3.7076201
1991-10-31,3.5918515
1991-11-01,4.160469
1991-11-02,8.900116
1991-11-03,4.8474426
1991-11-04,3.5335574
1991-11-05,3.3319407
1991-11-06,3.4853313
1991-11-07,6.369787
1991-11-08,4.2657394
1991-11-09,6.0655894
1991-11-10,7.796379
1991-11-11,7.40876
1991-11-12,4.3179727
1991-11-13,3.750819
1991-11-14,3.7996907
1991-11-15,4.0515957
1991-11-16,4.143817
1991-11-17,5.614821
1991-11-18,4.2275267
1991-11-19,3.7529109
1991-11-20,9.181348
1991-11-21,6.9219933
1991-11-22,4.488133
1991-11-23,4.897413
1991-11-24,4.7354746
1991-11-25,4.8203583
1991-11-26,4.9810414
1991-11-27,5.212226
1991-11-28,9.203478
1991-11-29,6.629643
1991-11-30,5.501886
1991-12-01,8.491161
1991-12-02,5.997723
1991-12-03,7.06873
1991-12-04,5.843771
1991-12-05,5.6068783
1991-12-06,5.5599036
1991-12-07,5.447835
1991-12-08,5.317496
1991-12-09,5.2287736
1991-12-10,5.0701537
1991-12-11,4.904578
1991-12-12,4.740206
1991-12-13,4.597973
1991-12-14,4.4327354
1991-12-15,4.273033
1991-12-16,4.1163516
1991-12-17,3.9570696
1991-12-18,3.8863816
1991-12-19,3.6986806
1991-12-20,3.5512807
1991-12-21,3.403255
1991-12-22,3.2513263
1991-12-23,3.1086984
1991-12-24,2.964527
1991-12-25,2.8346534
1991-12-26,2.719001
1991-12-27,2.7412167
1991-12-28,2.581017
1991-12-29,2.5884376
1991-12-30,2.3674185
1991-12-31,2.236807
1992-01-01,2.1523678
1992-01-02,2.2602463
1992-01-03,2.0930786
1992-01-04,1.9555005
1992-01-05,2.1143205
1992-01-06,2.017939
1992-01-07,1.8457934
1992-01-08,2.092364
1992-01-09,1.8785853
1992-01-10,1.6531065
1992-01-11,1.5655035
1992-01-12,1.5127442
1992-01-13,1.4548596
1992-01-14,1.4004565
1992-01-15,1.3466606
1992-01-16,1.2979137
1992-01-17,1.2444983
1992-01-18,1.1937839
1992-01-19,1.153449
1992-01-20,1.1075857
1992-01-21,1.0640165
1992-01-22,1.0234009
1992-01-23,0.9875317
1992-01-24,0.9477215
1992-01-25,0.91112334
1992-01-26,0.87144727
1992-01-27,0.8371281
1992-01-28,0.80577564
1992-01-29,0.7746551
1992-01-30,0.7462567
1992-01-31,0.7146636
1992-02-01,0.689201
1992-02-02,0.6596822
1992-02-03,0.6378895
1992-02-04,0.6061684
1992-02-05,0.5613112
1992-02-06,0.3721306
1992-02-07,0.09448788
1992-02-08,0.67470306
1992-02-09,0.13512632
1992-02-10,0.08934775
1992-02-11,0.017833158
1992-02-12,0.00019385878
1992-02-13,2.2543877e-06
1992-02-14,0.021156313
1992-02-15,0.0042999336
1992-02-16,4.674934e-05
1992-02-17,5.4364904e-07
1992-02-18,6.3221055e-09
1992-02-19,7.351989e-11
1992-02-20,8.5496427e-13
1992-02-21,9.9423965e-15
1992-02-22,1.1562033e-16
1992-02-23,1.3445511999999999e-18
1992-02-24,1.5635812e-20
1992-02-25,1.8182918e-22
1992-02-26,0.010324849
1992-02-27,0.79379123
1992-02-28,1.5675672
1992-02-29,0.8233541
1992-03-01,0.31255725
1992-03-02,4.464456
1992-03-03,1.5916398
1992-03-04,2.4692328
1992-03-05,2.7336671
1992-03-06,0.9721875
1992-03-07,0.8882362
1992-03-08,4.091658
1992-03-09,3.538984
1992-03-10,2.3307157
1992-03-11,0.40690812
1992-03-12,2.2204835
1992-03-13,5.348019
1992-03-14,6.7354527
1992-03-15,3.8636172
1992-03-16,6.531533
1992-03-17,2.4594336
1992-03-18,0.762289
1992-03-19,0.6312833
1992-03-20,0.22254872
1992-03-21,0.24563532
1992-03-22,0.13893552
1992-03-23,0.0686789
1992-03-24,0.061036613
1992-03-25,0.062619075
1992-03-26,0.06305862
1992-03-27,0.063176975
1992-03-28,0.062707044
1992-03-29,0.062429085
1992-03-30,0.061935063
1992-03-31,0.83169353
1992-04-01,2.960863
1992-04-02,2.114951
1992-04-03,0.62971
1992-04-04,3.8178437
1992-04-05,2.032053
1992-04-06,6.074171
1992-04-07,1.323945
1992-04-08,11.908863
1992-04-09,12.848541
1992-04-10,14.647437
1992-04-11,7.665838
1992-04-12,5.376026
1992-04-13,3.57429
1992-04-14,0.7916091
1992-04-15,1.0246254
1992-04-16,1.6451805
1992-04-17,6.8969364
1992-04-18,4.079709
1992-04-19,2.2736824
1992-04-20,11.741991
1992-04-21,3.7517653
1992-04-22,2.248402
1992-04-23,8.376115
1992-04-24,21.273699
1992-04-25,7.5206547
1992-04-26,4.6766267
1992-04-27,21.459002
1992-04-28,16.811546
1992-04-29,11.434333
1992-04-30,10.192591
1992-05-01,9.836102
1992-05-02,9.283478
1992-05-03,18.703953
1992-05-04,11.017175
1992-05-05,8.511581
1992-05-06,8.166211
1992-05-07,10.030105
1992-05-08,8.302292
1992-05-09,9.038182
1992-05-10,16.229956
1992-05-11,10.636389
1992-05-12,7.90673
1992-05-13,9.429761
1992-05-14,7.6041408
1992-05-15,7.5191145
1992-05-16,14.455231
1992-05-17,12.74379
1992-05-18,11.936088
1992-05-19,11.083281
1992-05-20,17.050438
1992-05-21,18.958948
1992-05-22,20.019232
1992-05-23,24.751673
1992-05-24,19.93948
1992-05-25,25.236774
1992-05-26,20.211424
1992-05-27,27.002075
1992-05-28,16.523651
1992-05-29,13.819067
1992-05-30,17.250849
1992-05-31,17.25083
1992-06-01,14.088428
1992-06-02,15.417106
1992-06-03,15.044031
1992-06-04,12.087587
1992-06-05,17.60885
1992-06-06,12.8492565
1992-06-07,11.3828335
1992-06-08,12.708424
1992-06-09,15.191429
1992-06-10,12.052171
1992-06-11,16.322697
1992-06-12,13.113261
1992-06-13,13.562358
1992-06-14,19.495766
1992-06-15,15.732866
1992-06-16,22.222149
1992-06-17,18.489744
1992-06-18,19.46425
1992-06-19,14.351672
1992-06-20,21.946575
1992-06-21,15.80127
1992-06-22,14.844348
1992-06-23,13.336908
1992-06-24,11.762919
1992-06-25,16.060005
1992-06-26,18.953669
1992-06-27,20.609694
1992-06-28,16.435146
1992-06-29,15.430928
1992-06-30,13.538245
1992-07-01,15.66987
1992-07-02,19.294329
1992-07-03,18.104334
1992-07-04,23.851233
1992-07-05,16.096748
1992-07-06,14.46239
1992-07-07,14.038074
1992-07-08,14.92808
1992-07-09,16.01606
1992-07-10,16.86058
1992-07-11,17.366425
1992-07-12,17.73932
1992-07-13,18.030922
1992-07-14,19.562271
1992-07-15,16.934511
1992-07-16,19.491749
1992-07-17,25.918255
1992-07-18,20.180807
1992-07-19,19.335644
1992-07-20,25.877548
1992-07-21,21.409246
1992-07-22,22.058249
1992-07-23,26.099907
1992-07-24,22.843481
1992-07-25,18.848408
1992-07-26,18.845428
1992-07-27,17.991707
1992-07-28,21.23564
1992-07-29,16.78667
1992-07-30,14.697202
1992-07-31,18.880476
1992-08-01,14.063397
1992-08-02,13.510054
1992-08-03,17.343517
1992-08-04,12.323929
1992-08-05,11.789488
1992-08-06,13.646958
1992-08-07,12.853769
1992-08-08,10.272198
1992-08-09,9.873093
1992-08-10,9.843821
1992-08-11,8.977602
1992-08-12,9.117135
1992-08-13,13.226451
1992-08-14,9.179614
1992-08-15,8.022308
1992-08-16,10.265217
1992-08-17,9.379467
1992-08-18,9.527515
1992-08-19,8.128368
1992-08-20,8.198612
1992-08-21,8.21649
1992-08-22,8.511665
1992-08-23,13.194293
1992-08-24,16.097723
1992-08-25,13.050875
1992-08-26,11.352257
1992-08-27,11.87573
1992-08-28,11.766117
1992-08-29,15.161805
1992-08-30,11.776612
1992-08-31,17.151337
1992-09-01,12.218965
1992-09-02,10.144294
1992-09-03,13.266652
1992-09-04,11.851702
1992-09-05,15.4092865
1992-09-06,10.482014
1992-09-07,10.525351
1992-09-08,13.3949
1992-09-09,9.638435
1992-09-10,8.410683
1992-09-11,8.311887
1992-09-12,7.876246
1992-09-13,8.66609
1992-09-14,9.773741
1992-09-15,10.636283
1992-09-16,13.564379
1992-09-17,8.50118
1992-09-18,7.2382793
1992-09-19,7.8138094
1992-09-20,7.2839284
1992-09-21,8.076531
1992-09-22,6.9079432
1992-09-23,8.130173
1992-09-24,7.013864
1992-09-25,6.661809
1992-09-26,6.3799458
1992-09-27,9.503186
1992-09-28,8.158737
1992-09-29,13.46269
1992-09-30,11.840223
1992-10-01,7.9521537
1992-10-02,7.2306175
1992-10-03,7.575512
1992-10-04,7.9735403
1992-10-05,7.4810414
1992-10-06,7.072298
1992-10-07,9.389728
1992-10-08,9.73102
1992-10-09,12.988988
1992-10-10,7.9762654
1992-10-11,8.036698
1992-10-12,15.032597
1992-10-13,13.992509
1992-10-14,21.851841
1992-10-15,10.344203
1992-10-16,8.259294
1992-10-17,8.356826
1992-10-18,8.377208
1992-10-19,9.22548
1992-10-20,8.280366
1992-10-21,10.812595
1992-10-22,8.560315
1992-10-23,7.9066725
1992-10-24,11.761408
1992-10-25,10.748793
1992-10-26,8.217737
1992-10-27,7.506486
1992-10-28,8.387134
1992-10-29,7.495542
1992-10-30,6.862527
1992-10-31,11.087129
1992-11-01,10.016811
1992-11-02,7.2848816
1992-11-03,6.4850264
1992-11-04,6.2358913
1992-11-05,7.4579988
1992-11-06,7.6137567
1992-11-07,10.158406
1992-11-08,7.4541783
1992-11-09,7.1830387
1992-11-10,8.176501
1992-11-11,9.294022
1992-11-12,17.816498
1992-11-13,14.838525
1992-11-14,16.602934
1992-11-15,18.22079
1992-11-16,20.069042
1992-11-17,27.504505
1992-11-18,29.6611
1992-11-19,18.6586
1992-11-20,17.48032
1992-11-21,16.707952
1992-11-22,16.473738
1992-11-23,16.268095
1992-11-24,22.16341
1992-11-25,25.654385
1992-11-26,16.849094
1992-11-27,17.230106
1992-11-28,15.276297
1992-11-29,17.473616
1992-11-30,14.190689
1992-12-01,15.003011
1992-12-02,12.633829
1992-12-03,11.556588
1992-12-04,11.231278
1992-12-05,13.695341
1992-12-06,13.277419
1992-12-07,14.477278
1992-12-08,10.1634
1992-12-09,8.939725
1992-12-10,8.795789
1992-12-11,8.360729
1992-12-12,7.972983
1992-12-13,9.237045
1992-12-14,7.698375
1992-12-15,7.2527623
1992-12-16,7.054232
1992-12-17,6.562478
1992-12-18,6.612792
1992-12-19,9.106392
1992-12-20,6.400588
1992-12-21,5.5275817
1992-12-22,5.26501
1992-12-23,5.3206787
1992-12-24,5.5887513
1992-12-25,8.184763
1992-12-26,5.3126745
1992-12-27,4.860906
1992-12-28,4.6322775
1992-12-29,4.298277
1992-12-30,4.0953326
1992-12-31,3.9303527
1993-01-01,3.7808158
1993-01-02,6.4305573
1993-01-03,8.327807
1993-01-04,5.0939293
1993-01-05,3.905788
1993-01-06,5.809191
1993-01-07,5.486604
1993-01-08,3.6700137
1993-01-09,3.15786
1993-01-10,3.0292447
1993-01-11,2.9415624
1993-01-12,2.88043
1993-01-13,2.7727172
1993-01-14,2.6714137
1993-01-15,2.5804765
1993-01-16,2.5209372
1993-01-17,2.4735007
1993-01-18,2.5445654
1993-01-19,3.0932894
1993-01-20,2.51675
1993-01-21,2.1953945
1993-01-22,2.1000876
1993-01-23,2.0229163
1993-01-24,1.9587463
1993-01-25,1.8813676
1993-01-26,1.8111229
1993-01-27,1.7524054
1993-01-28,2.2798245
1993-01-29,3.6782248
1993-01-30,2.0566857
1993-01-31,4.3007116
1993-02-01,2.1488585
1993-02-02,1.992253
1993-02-03,3.7846088
1993-02-04,2.6827955
1993-02-05,3.3472173
1993-02-06,2.1896703
1993-02-07,4.7881713
1993-02-08,2.1143048
1993-02-09,1.4743229
1993-02-10,1.3873491
1993-02-11,1.3528688
1993-02-12,1.3320681
1993-02-13,1.2906021
1993-02-14,1.2627249
1993-02-15,1.2379833
1993-02-16,1.2012596
1993-02-17,1.1971159
1993-02-18,1.1566144
1993-02-19,1.1217152
1993-02-20,1.0873605
1993-02-21,1.0554744
1993-02-22,1.1076224
1993-02-23,1.0895051
1993-02-24,1.0742526
1993-02-25,2.0573053
1993-02-26,1.4428713
1993-02-27,1.9836555
1993-02-28,1.427415
1993-03-01,1.6253597
1993-03-02,4.60993
1993-03-03,1.6853652
1993-03-04,8.998337
1993-03-05,10.574318
1993-03-06,7.1301413
1993-03-07,4.5805945
1993-03-08,3.5097196
1993-03-09,3.0465128
1993-03-10,2.598296
1993-03-11,1.5960326
1993-03-12,1.7414643
1993-03-13,2.148173
1993-03-14,3.7713685
1993-03-15,2.7998314
1993-03-16,10.154989
1993-03-17,4.7155485
1993-03-18,3.436121
1993-03-19,3.5325835
1993-03-20,3.5653424
1993-03-21,7.101713
1993-03-22,12.721425
1993-03-23,11.203461
1993-03-24,6.7254887
1993-03-25,18.816422
1993-03-26,15.030412
1993-03-27,23.854492
1993-03-28,22.035103
1993-03-29,23.768505
1993-03-30,19.388725
1993-03-31,17.572527
1993-04-01,16.808334
1993-04-02,16.920574
1993-04-03,15.736913
1993-04-04,19.34522
1993-04-05,14.771436
1993-04-06,17.376534
1993-04-07,14.325226
1993-04-08,11.949055
1993-04-09,11.178773
1993-04-10,14.8359165
1993-04-11,19.636957
1993-04-12,13.348851
1993-04-13,13.267661
1993-04-14,11.581448
1993-04-15,12.579769
1993-04-16,13.114321
1993-04-17,12.354971
1993-04-18,12.376952
1993-04-19,14.916367
1993-04-20,12.145073
1993-04-21,14.080653
1993-04-22,19.05636
1993-04-23,17.490742
1993-04-24,24.672348
1993-04-25,20.926182
1993-04-26,40.945526
1993-04-27,39.92277
1993-04-28,33.247726
1993-04-29,28.36843
1993-04-30,23.257113
1993-05-01,22.699966
1993-05-02,20.83258
1993-05-03,15.876499
1993-05-04,27.548218
1993-05-05,16.006706
1993-05-06,12.735582
1993-05-07,17.46071
1993-05-08,12.69169
1993-05-09,13.688174
1993-05-10,15.955194
1993-05-11,11.323742
1993-05-12,12.097843
1993-05-13,10.130026
1993-05-14,14.583168
1993-05-15,9.862175
1993-05-16,20.798864
1993-05-17,17.002066
1993-05-18,16.29452
1993-05-19,10.623605
1993-05-20,12.554982
1993-05-21,10.764384
1993-05-22,12.5953455
1993-05-23,11.482075
1993-05-24,10.357683
1993-05-25,17.051447
1993-05-26,12.018355
1993-05-27,9.872882
1993-05-28,10.999662
1993-05-29,14.15641
1993-05-30,13.736188
1993-05-31,14.121723
1993-06-01,18.751987
1993-06-02,16.62912
1993-06-03,16.705797
1993-06-04,13.776432
1993-06-05,15.4652
1993-06-06,18.16727
1993-06-07,27.76839
1993-06-08,25.43424
1993-06-09,24.885036
1993-06-10,25.708902
1993-06-11,31.396439
1993-06-12,25.758564
1993-06-13,22.787613
1993-06-14,23.53157
1993-06-15,19.840672
1993-06-16,18.275427
1993-06-17,17.274181
1993-06-18,16.417019
1993-06-19,19.459751
1993-06-20,17.456373
1993-06-21,19.427124
1993-06-22,13.527195
1993-06-23,13.750996
1993-06-24,12.034572
1993-06-25,12.907196
1993-06-26,28.915012
1993-06-27,15.612077
1993-06-28,11.16077
1993-06-29,12.068201
1993-06-30,11.60033
1993-07-01,11.578601
1993-07-02,11.224114
1993-07-03,10.827823
1993-07-04,10.415321
1993-07-05,10.00229
1993-07-06,9.660504
1993-07-07,9.708272
1993-07-08,9.096556
1993-07-09,15.199068
1993-07-10,10.395749
1993-07-11,16.16113
1993-07-12,17.07247
1993-07-13,19.175419
1993-07-14,24.651014
1993-07-15,22.650236
1993-07-16,19.741081
1993-07-17,18.336433
1993-07-18,17.194195
1993-07-19,16.216667
1993-07-20,15.020914
1993-07-21,13.665772
1993-07-22,16.538475
1993-07-23,12.71972
1993-07-24,11.925857
1993-07-25,20.08589
1993-07-26,17.80425
1993-07-27,11.531534
1993-07-28,10.450773
1993-07-29,18.169275
1993-07-30,16.242304
1993-07-31,20.362268
1993-08-01,17.920443
1993-08-02,11.418928
1993-08-03,8.982208
1993-08-04,8.438201
1993-08-05,8.225751
1993-08-06,8.009334
1993-08-07,7.6613245
1993-08-08,7.3180733
1993-08-09,6.989433
1993-08-10,7.99652
1993-08-11,11.135192
1993-08-12,7.227524
1993-08-13,6.60398
1993-08-14,7.586819
1993-08-15,6.129704
1993-08-16,5.6294537
1993-08-17,6.9975805
1993-08-18,8.977012
1993-08-19,13.059594
1993-08-20,7.012059
1993-08-21,5.2318416
1993-08-22,9.359615
1993-08-23,6.094012
1993-08-24,11.129879
1993-08-25,13.465685
1993-08-26,7.4442034
1993-08-27,5.0940127
1993-08-28,8.784118
1993-08-29,5.925328
1993-08-30,4.6856194
1993-08-31,4.623456
1993-09-01,7.005315
1993-09-02,11.808403
1993-09-03,7.0111055
1993-09-04,10.306035
1993-09-05,7.480931
1993-09-06,6.3645635
1993-09-07,5.1757636
1993-09-08,4.79004
1993-09-09,4.8623967
1993-09-10,7.7908797
1993-09-11,6.4809566
1993-09-12,4.9096327
1993-09-13,7.61723
1993-09-14,6.704053
1993-09-15,5.319941
1993-09-16,5.3005857
1993-09-17,5.4085913
1993-09-18,6.842666
1993-09-19,6.49623
1993-09-20,6.063
1993-09-21,6.1215754
1993-09-22,13.218064
1993-09-23,7.551197
1993-09-24,5.8610835
1993-09-25,7.800035
1993-09-26,6.1263247
1993-09-27,6.5979266
1993-09-28,6.4830832
1993-09-29,8.896372
1993-09-30,10.44792
1993-10-01,7.088748
1993-10-02,15.338326
1993-10-03,10.000271
1993-10-04,7.911491
1993-10-05,8.190632
1993-10-06,8.200723
1993-10-07,9.41134
1993-10-08,10.173789
1993-10-09,8.174157
1993-10-10,9.740249
1993-10-11,8.601515
1993-10-12,7.8106084
1993-10-13,7.0090485
1993-10-14,7.10131
1993-10-15,9.72529
1993-10-16,8.295786
1993-10-17,6.701102
1993-10-18,6.25913
1993-10-19,7.0990562
1993-10-20,6.5663495
1993-10-21,11.629527
1993-10-22,9.264252
1993-10-23,6.936794
1993-10-24,10.448691
1993-10-25,7.934718
1993-10-26,9.860518
1993-10-27,14.897703
1993-10-28,20.088627
1993-10-29,11.319375
1993-10-30,10.084058
1993-10-31,10.609972
1993-11-01,14.195331
1993-11-02,10.722271
1993-11-03,12.428307
1993-11-04,13.453163
1993-11-05,9.8827
1993-11-06,8.933571
1993-11-07,8.566782
1993-11-08,9.1880245
1993-11-09,10.677377
1993-11-10,16.776318
1993-11-11,17.148579
1993-11-12,9.550671
1993-11-13,14.8328285
1993-11-14,12.29551
1993-11-15,12.258593
1993-11-16,14.56525
1993-11-17,11.179007
1993-11-18,10.25273
1993-11-19,12.295616
1993-11-20,11.453485
1993-11-21,10.561422
1993-11-22,9.813341
1993-11-23,9.607129
1993-11-24,9.301427
1993-11-25,13.814573
1993-11-26,21.259506
1993-11-27,14.985722
1993-11-28,14.487507
1993-11-29,13.49587
1993-11-30,11.108689
1993-12-01,9.33071
1993-12-02,9.310454
1993-12-03,10.980723
1993-12-04,13.024382
1993-12-05,9.873611
1993-12-06,9.151872
1993-12-07,13.281797
1993-12-08,17.714293
1993-12-09,18.008047
1993-12-10,11.697614
1993-12-11,12.162814
1993-12-12,10.293527
1993-12-13,9.214661
1993-12-14,8.056189
1993-12-15,7.652221
1993-12-16,7.3907433
1993-12-17,7.1118526
1993-12-18,6.818271
1993-12-19,6.538618
1993-12-20,6.3062754
1993-12-21,6.0922203
1993-12-22,5.8144484
1993-12-23,5.541746
1993-12-24,5.282337
1993-12-25,5.0238495
1993-12-26,4.7631335
1993-12-27,4.516956
1993-12-28,4.2771244
1993-12-29,4.0476274
1993-12-30,3.832033
1993-12-31,3.620264
1994-01-01,3.4256575
1994-01-02,3.239236
1994-01-03,3.0643542
1994-01-04,2.9034553
1994-01-05,2.7508967
1994-01-06,2.607488
1994-01-07,2.480725
1994-01-08,2.353536
1994-01-09,2.231705
1994-01-10,2.1207728
1994-01-11,2.013218
1994-01-12,1.923283
1994-01-13,1.8386497
1994-01-14,1.8257302
1994-01-15,1.885079
1994-01-16,1.7656307
1994-01-17,1.6190639
1994-01-18,1.5302393
1994-01-19,1.462102
1994-01-20,1.3976394
1994-01-21,1.3341615
1994-01-22,1.2713922
1994-01-23,1.2173606
1994-01-24,1.1669704
1994-01-25,1.1148589
1994-01-26,1.0687958
1994-01-27,1.0253054
1994-01-28,1.0050962
1994-01-29,1.2456166
1994-01-30,0.9989859
1994-01-31,0.90853137
1994-02-01,0.87416685
1994-02-02,0.84727544
1994-02-03,0.82053506
1994-02-04,0.7989824
1994-02-05,2.0902145
1994-02-06,4.7859726
1994-02-07,1.5115921
1994-02-08,0.73281986
1994-02-09,0.7017404
1994-02-10,0.680193
1994-02-11,0.65566176
1994-02-12,0.6440217
1994-02-13,0.60833573
1994-02-14,0.58126765
1994-02-15,0.5015062
1994-02-16,0.46561208
1994-02-17,0.07866071
1994-02-18,0.29221177
1994-02-19,0.27093685
1994-02-20,0.55715376
1994-02-21,1.5478824
1994-02-22,1.3598949
1994-02-23,0.66936964
1994-02-24,10.00086
1994-02-25,7.7127943
1994-02-26,2.1795661
1994-02-27,6.6805086
1994-02-28,3.9120893
1994-03-01,0.7170673
1994-03-02,0.6741117
1994-03-03,3.8395154
1994-03-04,2.9070737
1994-03-05,0.5011172
1994-03-06,3.4428692
1994-03-07,0.7849663
1994-03-08,0.081997864
1994-03-09,0.08627277
1994-03-10,0.03373213
1994-03-11,0.5465797
1994-03-12,1.1701527
1994-03-13,9.14932
1994-03-14,8.186996
1994-03-15,3.200456
1994-03-16,1.136079
1994-03-17,12.099564
1994-03-18,6.003001
1994-03-19,12.442885
1994-03-20,2.933877
1994-03-21,0.82111204
1994-03-22,1.4274265
1994-03-23,1.8393608
1994-03-24,1.3987062
1994-03-25,6.043771
1994-03-26,2.5960195
1994-03-27,12.918379
1994-03-28,16.187418
1994-03-29,9.831802
1994-03-30,7.08779
1994-03-31,13.523465
1994-04-01,29.040396
1994-04-02,50.129425
1994-04-03,51.20664
1994-04-04,94.13291
1994-04-05,55.256523
1994-04-06,32.82881
1994-04-07,26.439978
1994-04-08,20.665491
1994-04-09,18.95482
1994-04-10,19.044117
1994-04-11,16.632074
1994-04-12,22.02121
1994-04-13,14.652386
1994-04-14,12.845535
1994-04-15,11.814149
1994-04-16,11.148606
1994-04-17,25.949972
1994-04-18,15.374766
1994-04-19,17.912127
1994-04-20,19.642967
1994-04-21,23.16278
1994-04-22,19.564474
1994-04-23,20.445686
1994-04-24,15.04102
1994-04-25,15.660512
1994-04-26,19.398602
1994-04-27,33.993916
1994-04-28,22.714254
1994-04-29,19.610083
1994-04-30,19.17694
1994-05-01,26.566154
1994-05-02,32.260967
1994-05-03,19.17667
1994-05-04,18.019693
1994-05-05,21.765348
1994-05-06,20.625748
1994-05-07,17.714813
1994-05-08,15.907501
1994-05-09,15.6114435
1994-05-10,17.291378
1994-05-11,15.290029
1994-05-12,25.416327
1994-05-13,31.951609
1994-05-14,33.451984
1994-05-15,31.00442
1994-05-16,24.865307
1994-05-17,22.87241
1994-05-18,20.939415
1994-05-19,21.223583
1994-05-20,22.60832
1994-05-21,20.24002
1994-05-22,19.336243
1994-05-23,15.935351
1994-05-24,13.321235
1994-05-25,15.862746
1994-05-26,14.701978
1994-05-27,15.874854
1994-05-28,12.351645
1994-05-29,14.6529455
1994-05-30,19.959742
1994-05-31,22.450943
1994-06-01,24.151571
1994-06-02,19.538189
1994-06-03,14.695885
1994-06-04,28.790152
1994-06-05,24.217937
1994-06-06,112.91133
1994-06-07,58.827286
1994-06-08,26.787197
1994-06-09,23.151186
1994-06-10,30.096876
1994-06-11,22.769335
1994-06-12,22.582502
1994-06-13,20.43301
1994-06-14,17.524164
1994-06-15,14.574938
1994-06-16,17.290777
1994-06-17,16.732924
1994-06-18,20.621948
1994-06-19,17.002537
1994-06-20,21.658054
1994-06-21,13.324725
1994-06-22,14.211292
1994-06-23,15.82187
1994-06-24,11.3984785
1994-06-25,10.293923
1994-06-26,21.58995
1994-06-27,16.217312
1994-06-28,24.264893
1994-06-29,25.750092
1994-06-30,23.944576
1994-07-01,21.245882
1994-07-02,19.07199
1994-07-03,17.848522
1994-07-04,17.694721
1994-07-05,15.3201275
1994-07-06,16.73258
1994-07-07,13.123724
1994-07-08,14.524213
1994-07-09,15.073179
1994-07-10,20.187803
1994-07-11,27.148672
1994-07-12,36.11888
1994-07-13,32.381935
1994-07-14,26.190205
1994-07-15,21.384054
1994-07-16,25.575668
1994-07-17,17.344492
1994-07-18,14.227932
1994-07-19,12.95563
1994-07-20,11.953832
1994-07-21,14.27495
1994-07-22,11.58731
1994-07-23,10.518747
1994-07-24,12.260899
1994-07-25,15.909412
1994-07-26,12.369207
1994-07-27,9.199178
1994-07-28,12.893847
1994-07-29,10.505727
1994-07-30,15.388185
1994-07-31,15.907768
1994-08-01,12.142534
1994-08-02,10.913532
1994-08-03,10.036027
1994-08-04,9.486044
1994-08-05,14.198017
1994-08-06,11.203165
1994-08-07,18.082155
1994-08-08,14.718364
1994-08-09,10.001731
1994-08-10,10.413549
1994-08-11,15.149551
1994-08-12,24.713184
1994-08-13,112.21107
1994-08-14,51.175312
1994-08-15,25.270874
1994-08-16,20.977661
1994-08-17,17.082506
1994-08-18,20.039465
1994-08-19,13.183865
1994-08-20,13.780126
1994-08-21,21.680563
1994-08-22,14.042402
1994-08-23,8.733692
1994-08-24,9.93152
1994-08-25,7.8570704
1994-08-26,7.0831866
1994-08-27,6.7935762
1994-08-28,6.635784
1994-08-29,8.347445
1994-08-30,7.020503
1994-08-31,6.074303
1994-09-01,7.227203
1994-09-02,6.188187
1994-09-03,5.5129
1994-09-04,5.6538763
1994-09-05,7.8104973
1994-09-06,5.473837
1994-09-07,4.723872
1994-09-08,11.210181
1994-09-09,6.9621882
1994-09-10,7.8292017
1994-09-11,6.41802
1994-09-12,4.946029
1994-09-13,4.1983585
1994-09-14,5.1742263
1994-09-15,5.0274315
1994-09-16,3.9268792
1994-09-17,4.494534
1994-09-18,3.8526545
1994-09-19,3.6104567
1994-09-20,3.5374858
1994-09-21,4.795843
1994-09-22,3.7552328
1994-09-23,5.9483647
1994-09-24,4.870679
1994-09-25,4.079023
1994-09-26,6.7429404
1994-09-27,11.480736
1994-09-28,11.03508
1994-09-29,6.5632515
1994-09-30,5.391138
1994-10-01,5.487914
1994-10-02,5.687916
1994-10-03,6.0391574
1994-10-04,5.8833222
1994-10-05,7.377852
1994-10-06,6.394378
1994-10-07,7.3279696
1994-10-08,6.5780883
1994-10-09,9.301218
1994-10-10,7.6525154
1994-10-11,5.5280666
1994-10-12,14.591183
1994-10-13,7.0131364
1994-10-14,5.344746
1994-10-15,11.479009
1994-10-16,7.715965
1994-10-17,5.637874
1994-10-18,5.681063
1994-10-19,6.469871
1994-10-20,9.03723
1994-10-21,6.6801777
1994-10-22,6.198027
1994-10-23,6.4575105
1994-10-24,10.282851
1994-10-25,11.118423
1994-10-26,6.5956173
1994-10-27,5.6766915
1994-10-28,5.617148
1994-10-29,5.545227
1994-10-30,7.6131506
1994-10-31,7.7964964
1994-11-01,9.583637
1994-11-02,10.541272
1994-11-03,6.4632854
1994-11-04,5.708226
1994-11-05,5.5176187
1994-11-06,6.4080615
1994-11-07,5.49932
1994-11-08,10.994957
1994-11-09,7.696504
1994-11-10,5.795784
1994-11-11,12.77262
1994-11-12,7.646712
1994-11-13,5.721679
1994-11-14,5.549423
1994-11-15,5.5996337
1994-11-16,5.392685
1994-11-17,8.16097
1994-11-18,5.638462
1994-11-19,4.9286633
1994-11-20,4.805455
1994-11-21,4.642106
1994-11-22,4.509569
1994-11-23,4.5526056
1994-11-24,4.957956
1994-11-25,4.289007
1994-11-26,4.20063
1994-11-27,9.120692
1994-11-28,9.418376
1994-11-29,4.706859
1994-11-30,3.6712458
1994-12-01,3.5412521
1994-12-02,3.4282324
1994-12-03,3.3296998
1994-12-04,3.2724416
1994-12-05,3.1540198
1994-12-06,3.0761185
1994-12-07,3.0970967
1994-12-08,5.385395
1994-12-09,4.3247848
1994-12-10,3.1280205
1994-12-11,2.9620354
1994-12-12,2.8120403
1994-12-13,2.647545
1994-12-14,2.5775
1994-12-15,2.6204824
1994-12-16,2.641126
1994-12-17,2.4045486
1994-12-18,2.2939684
1994-12-19,2.281743
1994-12-20,2.7690222
1994-12-21,2.442283
1994-12-22,2.1425068
1994-12-23,2.0510561
1994-12-24,1.98544
1994-12-25,1.9231579
1994-12-26,1.8664912
1994-12-27,1.8149843
1994-12-28,1.7570176
1994-12-29,1.6977924
1994-12-30,1.6377463
1994-12-31,1.5766988
1995-01-01,1.5277755
1995-01-02,1.474183
1995-01-03,1.4209913
1995-01-04,1.3709588
1995-01-05,1.3215244
1995-01-06,1.2720741
1995-01-07,1.2195244
1995-01-08,1.1722114
1995-01-09,1.1313168
1995-01-10,1.0852386
1995-01-11,1.0490565
1995-01-12,1.0075423
1995-01-13,0.9722493
1995-01-14,0.93829244
1995-01-15,0.8998952
1995-01-16,0.8753711
1995-01-17,0.96917415
1995-01-18,1.2162392
1995-01-19,1.3251565
1995-01-20,0.9503619
1995-01-21,0.85191685
1995-01-22,1.231923
1995-01-23,1.5229342
1995-01-24,1.0755944
1995-01-25,0.77135736
1995-01-26,0.7177262
1995-01-27,0.6963774
1995-01-28,0.67296094
1995-01-29,0.65568113
1995-01-30,0.6400623
1995-01-31,0.6236683
1995-02-01,0.6017305
1995-02-02,0.57829714
1995-02-03,0.2931471
1995-02-04,0.068587996
1995-02-05,0.032100264
1995-02-06,0.01738943
1995-02-07,0.002348467
1995-02-08,2.5372847e-05
1995-02-09,2.9506134e-07
1995-02-10,3.4312744e-09
1995-02-11,3.990236e-11
1995-02-12,4.6402536e-13
1995-02-13,5.3961598e-15
1995-02-14,6.275205000000001e-17
1995-02-15,7.297448999999999e-19
1995-02-16,8.486218e-21
1995-02-17,9.868640000000001e-23
1995-02-18,1.1476261e-24
1995-02-19,1.3345767e-26
1995-02-20,1.5519819e-28
1995-02-21,1.8048029000000002e-30
1995-02-22,2.0988089000000002e-32
1995-02-23,2.440709e-34
1995-02-24,0.0015096384
1995-02-25,0.59316635
1995-02-26,0.4108327
1995-02-27,4.927648
1995-02-28,1.1161151
1995-03-01,4.4063334
1995-03-02,1.1748164
1995-03-03,0.35475427
1995-03-04,6.117068
1995-03-05,6.4507594
1995-03-06,1.5774499
1995-03-07,2.1935506
1995-03-08,0.62534
1995-03-09,0.07323965
1995-03-10,0.36353406
1995-03-11,0.5969831
1995-03-12,4.3283863
1995-03-13,5.757309
1995-03-14,1.8715453
1995-03-15,0.20736364
1995-03-16,0.09508101
1995-03-17,0.01816284
1995-03-18,0.12804914
1995-03-19,0.028373338
1995-03-20,0.0019199793
1995-03-21,0.06443699
1995-03-22,2.9946766
1995-03-23,0.6177357
1995-03-24,0.08889706
1995-03-25,0.27824816
1995-03-26,3.1068113
1995-03-27,0.6716825
1995-03-28,3.6198711
1995-03-29,0.7313132
1995-03-30,0.00795021
1995-03-31,0.023855552
1995-04-01,0.42292172
1995-04-02,0.4327456
1995-04-03,11.317846
1995-04-04,2.3321846
1995-04-05,0.52598566
1995-04-06,0.2663088
1995-04-07,3.103214
1995-04-08,13.461799
1995-04-09,2.79912
1995-04-10,1.4209558
1995-04-11,0.4778908
1995-04-12,1.1404088
1995-04-13,1.3043121
1995-04-14,0.6136723
1995-04-15,0.4104131
1995-04-16,0.6533063
1995-04-17,26.357782
1995-04-18,6.4050217
1995-04-19,1.6363326
1995-04-20,1.5233272
1995-04-21,4.239698
1995-04-22,8.488504
1995-04-23,4.801936
1995-04-24,9.035617
1995-04-25,8.079429
1995-04-26,5.9782715
1995-04-27,7.3676662
1995-04-28,8.981809
1995-04-29,13.622427
1995-04-30,8.083956
1995-05-01,7.120605
1995-05-02,7.977415
1995-05-03,8.690571
1995-05-04,22.975645
1995-05-05,18.280222
1995-05-06,12.7136545
1995-05-07,12.045385
1995-05-08,11.668463
1995-05-09,11.210778
1995-05-10,11.930038
1995-05-11,12.265964
1995-05-12,10.563
1995-05-13,13.03193
1995-05-14,12.874685
1995-05-15,16.395449
1995-05-16,18.159657
1995-05-17,12.379796
1995-05-18,13.664765
1995-05-19,31.602982
1995-05-20,29.304014
1995-05-21,26.544134
1995-05-22,27.342682
1995-05-23,29.371735
1995-05-24,21.368834
1995-05-25,18.599304
1995-05-26,18.372028
1995-05-27,19.749588
1995-05-28,15.861904
1995-05-29,14.425383
1995-05-30,20.577324
1995-05-31,18.494637
1995-06-01,19.062876
1995-06-02,14.433247
1995-06-03,12.855986
1995-06-04,12.277643
1995-06-05,15.052957
1995-06-06,11.899515
1995-06-07,12.607201
1995-06-08,11.762862
1995-06-09,13.382334
1995-06-10,16.372543
1995-06-11,13.586979
1995-06-12,29.778446
1995-06-13,24.48988
1995-06-14,34.834133
1995-06-15,38.63461
1995-06-16,31.403078
1995-06-17,26.728243
1995-06-18,23.694733
1995-06-19,24.411451
1995-06-20,26.941479
1995-06-21,23.201212
1995-06-22,17.797688
1995-06-23,19.412722
1995-06-24,17.237026
1995-06-25,15.559597
1995-06-26,18.193434
1995-06-27,18.144157
1995-06-28,23.429497
1995-06-29,32.64322
1995-06-30,32.95216
1995-07-01,26.460718
1995-07-02,22.700006
1995-07-03,20.226206
1995-07-04,21.5399
1995-07-05,23.547857
1995-07-06,18.910463
1995-07-07,15.54579
1995-07-08,14.902082
1995-07-09,16.004847
1995-07-10,15.416678
1995-07-11,25.964775
1995-07-12,16.292646
1995-07-13,14.238796
1995-07-14,12.724955
1995-07-15,15.222126
1995-07-16,15.807702
1995-07-17,15.346809
1995-07-18,16.13575
1995-07-19,14.102075
1995-07-20,15.177857
1995-07-21,18.274473
1995-07-22,23.361986
1995-07-23,16.005407
1995-07-24,13.6778145
1995-07-25,13.559557
1995-07-26,12.833029
1995-07-27,12.650937
1995-07-28,15.639863
1995-07-29,12.189294
1995-07-30,17.15228
1995-07-31,14.81408
1995-08-01,12.2603445
1995-08-02,11.691377
1995-08-03,13.148077
1995-08-04,11.222931
1995-08-05,9.674012
1995-08-06,11.7560835
1995-08-07,11.561373
1995-08-08,9.710848
1995-08-09,9.547965
1995-08-10,8.985136
1995-08-11,8.692771
1995-08-12,8.932392
1995-08-13,12.523718
1995-08-14,9.127574
1995-08-15,7.9953866
1995-08-16,7.821459
1995-08-17,18.932428
1995-08-18,10.272008
1995-08-19,9.557031
1995-08-20,8.309196
1995-08-21,13.478711
1995-08-22,14.878578
1995-08-23,14.16683
1995-08-24,13.517789
1995-08-25,12.658632
1995-08-26,11.796746
1995-08-27,14.486453
1995-08-28,11.179089
1995-08-29,13.613157
1995-08-30,17.258505
1995-08-31,10.229236
1995-09-01,10.831675
1995-09-02,10.244916
1995-09-03,13.581877
1995-09-04,12.891292
1995-09-05,9.894012
1995-09-06,9.285353
1995-09-07,9.00002
1995-09-08,8.52205
1995-09-09,9.681923
1995-09-10,10.334078
1995-09-11,8.21523
1995-09-12,7.66362
1995-09-13,9.348427
1995-09-14,13.659543
1995-09-15,11.333638
1995-09-16,8.852823
1995-09-17,13.41986
1995-09-18,10.615258
1995-09-19,9.740602
1995-09-20,13.928847
1995-09-21,12.932202
1995-09-22,13.078154
1995-09-23,9.494279
1995-09-24,8.98884
1995-09-25,8.363063
1995-09-26,8.23789
1995-09-27,7.777965
1995-09-28,7.417843
1995-09-29,7.1152515
1995-09-30,8.035464
1995-10-01,15.386613
1995-10-02,15.833043
1995-10-03,8.255252
1995-10-04,7.031296
1995-10-05,7.3790445
1995-10-06,17.491385
1995-10-07,9.619253
1995-10-08,7.4545383
1995-10-09,7.5714564
1995-10-10,7.692353
1995-10-11,9.689926
1995-10-12,12.877115
1995-10-13,8.318825
1995-10-14,7.3711433
1995-10-15,8.358959
1995-10-16,13.927054
1995-10-17,9.170099
1995-10-18,8.513714
1995-10-19,8.1397505
1995-10-20,7.974462
1995-10-21,7.8305497
1995-10-22,7.9039927
1995-10-23,8.789869
1995-10-24,7.5609584
1995-10-25,8.688499
1995-10-26,10.375436
1995-10-27,9.564079
1995-10-28,11.372856
1995-10-29,7.7886367
1995-10-30,10.884653
1995-10-31,8.892823
1995-11-01,11.687438
1995-11-02,13.540025
1995-11-03,13.1462965
1995-11-04,13.215678
1995-11-05,14.401487
1995-11-06,20.84735
1995-11-07,25.91118
1995-11-08,17.740145
1995-11-09,17.305704
1995-11-10,18.265621
1995-11-11,17.079874
1995-11-12,15.529959
1995-11-13,14.289473
1995-11-14,13.1700115
1995-11-15,14.259122
1995-11-16,11.690402
1995-11-17,10.821496
1995-11-18,9.797881
1995-11-19,9.003401
1995-11-20,8.338485
1995-11-21,8.565018
1995-11-22,7.781324
1995-11-23,7.2325044
1995-11-24,7.8281536
1995-11-25,6.692965
1995-11-26,6.1373205
1995-11-27,5.8051596
1995-11-28,5.508234
1995-11-29,5.2175922
1995-11-30,4.948301
1995-12-01,4.6877193
1995-12-02,4.4360485
1995-12-03,4.2031803
1995-12-04,4.099201
1995-12-05,3.908811
1995-12-06,3.721727
1995-12-07,3.539233
1995-12-08,3.3669312
1995-12-09,3.205295
1995-12-10,3.0566652
1995-12-11,3.064205
1995-12-12,2.820901
1995-12-13,2.6762164
1995-12-14,2.5558343
1995-12-15,2.4733737
1995-12-16,2.4005387
1995-12-17,2.3850055
1995-12-18,2.192003
1995-12-19,2.3648674
1995-12-20,3.873404
1995-12-21,2.465265
1995-12-22,2.1275868
1995-12-23,2.3940096
1995-12-24,2.0548115
1995-12-25,2.2602015
1995-12-26,5.0309186
1995-12-27,17.108496
1995-12-28,4.693008
1995-12-29,1.6693453
1995-12-30,1.7131758
1995-12-31,5.8341174
1996-01-01,2.3770802
1996-01-02,1.4662464
1996-01-03,1.4224302
1996-01-04,2.527603
1996-01-05,1.581261
1996-01-06,1.3154811
1996-01-07,1.2709439
1996-01-08,1.2325168
1996-01-09,1.2023305
1996-01-10,1.1619788
1996-01-11,1.1262243
1996-01-12,1.0983957
1996-01-13,1.1512635
1996-01-14,1.0617054
1996-01-15,1.0175741
1996-01-16,0.9930112
1996-01-17,0.96222997
1996-01-18,0.926146
1996-01-19,0.8902269
1996-01-20,0.8596381
1996-01-21,0.8276989
1996-01-22,0.80286205
1996-01-23,0.78437656
1996-01-24,0.7567534
1996-01-25,0.72659343
1996-01-26,0.7001637
1996-01-27,0.6818578
1996-01-28,0.6555398
1996-01-29,0.6219811
1996-01-30,0.58221227
1996-01-31,0.55830735
1996-02-01,0.48469096
1996-02-02,4.489458
1996-02-03,1.5469843
1996-02-04,0.5477483
1996-02-05,0.3410152
1996-02-06,0.07670265
1996-02-07,0.0054128836
1996-02-08,5.928502e-05
1996-02-09,0.08109979
1996-02-10,2.7614324
1996-02-11,3.5074422
1996-02-12,10.811382
1996-02-13,8.874053
1996-02-14,6.6649156
1996-02-15,1.6362116
1996-02-16,0.21651383
1996-02-17,0.25165945
1996-02-18,0.3197396
1996-02-19,0.2962501
1996-02-20,0.17107356
1996-02-21,0.102951765
1996-02-22,0.017145008
1996-02-23,0.00038287716
1996-02-24,0.0023226496
1996-02-25,0.04802894
1996-02-26,6.4160786
1996-02-27,4.4479265
1996-02-28,2.9118965
1996-02-29,4.780389
1996-03-01,1.1405308
1996-03-02,12.600522
1996-03-03,8.825606
1996-03-04,6.8976016
1996-03-05,2.212146
1996-03-06,0.92827564
1996-03-07,0.9054801
1996-03-08,0.9527918
1996-03-09,1.0191846
1996-03-10,5.3148713
1996-03-11,4.9593534
1996-03-12,10.814392
1996-03-13,5.067362
1996-03-14,1.7477384
1996-03-15,1.353922
1996-03-16,1.3895661
1996-03-17,1.4205141
1996-03-18,1.4281828
1996-03-19,1.4231098
1996-03-20,1.4160161
1996-03-21,1.4195448
1996-03-22,1.5917509
1996-03-23,7.930028
1996-03-24,5.7670193
1996-03-25,2.0573318
1996-03-26,4.765795
1996-03-27,2.0960624
1996-03-28,1.4191561
1996-03-29,1.374236
1996-03-30,3.822572
1996-03-31,2.2346299
1996-04-01,2.3749623
1996-04-02,3.610975
1996-04-03,1.8995304
1996-04-04,1.825186
1996-04-05,6.185106
1996-04-06,5.368062
1996-04-07,4.479499
1996-04-08,16.722427
1996-04-09,11.047225
1996-04-10,6.0230885
1996-04-11,5.0613813
1996-04-12,5.7140164
1996-04-13,5.5759254
1996-04-14,7.9066944
1996-04-15,6.1005845
1996-04-16,5.6858296
1996-04-17,5.6123347
1996-04-18,5.4746575
1996-04-19,5.3346725
1996-04-20,5.2187023
1996-04-21,5.0941963
1996-04-22,4.9682765
1996-04-23,4.9554567
1996-04-24,5.2735534
1996-04-25,10.949822
1996-04-26,17.41069
1996-04-27,13.807408
1996-04-28,19.194681
1996-04-29,14.23813
1996-04-30,7.7112045
1996-05-01,10.210678
1996-05-02,16.136595
1996-05-03,11.755656
1996-05-04,13.217916
1996-05-05,13.560929
1996-05-06,14.655118
1996-05-07,19.402084
1996-05-08,18.897213
1996-05-09,24.748123
1996-05-10,29.26563
1996-05-11,27.435873
1996-05-12,27.734602
1996-05-13,116.54438
1996-05-14,53.764503
1996-05-15,32.006157
1996-05-16,21.397888
1996-05-17,16.516691
1996-05-18,14.386358
1996-05-19,20.794046
1996-05-20,20.478367
1996-05-21,13.986231
1996-05-22,10.9195
1996-05-23,12.656715
1996-05-24,11.667954
1996-05-25,9.527179
1996-05-26,10.205838
1996-05-27,15.371472
1996-05-28,12.504434
1996-05-29,8.867531
1996-05-30,11.046533
1996-05-31,10.547694
1996-06-01,8.1137295
1996-06-02,8.583535
1996-06-03,9.135373
1996-06-04,14.319279
1996-06-05,15.226256
1996-06-06,18.193434
1996-06-07,15.695697
1996-06-08,14.5620985
1996-06-09,14.211625
1996-06-10,13.887479
1996-06-11,13.235585
1996-06-12,12.615505
1996-06-13,12.037695
1996-06-14,11.991509
1996-06-15,13.374026
1996-06-16,18.512064
1996-06-17,20.26105
1996-06-18,17.567423
1996-06-19,24.01309
1996-06-20,32.60125
1996-06-21,38.4824
1996-06-22,38.031994
1996-06-23,29.130186
1996-06-24,26.701813
1996-06-25,29.489004
1996-06-26,29.126945
1996-06-27,24.90834
1996-06-28,19.379894
1996-06-29,20.511875
1996-06-30,19.42256
1996-07-01,19.152748
1996-07-02,15.867805
1996-07-03,14.942335
1996-07-04,14.413325
1996-07-05,13.741628
1996-07-06,17.332712
1996-07-07,13.552902
1996-07-08,12.298304
1996-07-09,11.691132
1996-07-10,19.850088
1996-07-11,13.055342
1996-07-12,20.137455
1996-07-13,12.836165
1996-07-14,12.948258
1996-07-15,13.44281
1996-07-16,13.567261
1996-07-17,12.978433
1996-07-18,12.412558
1996-07-19,11.953324
1996-07-20,11.480048
1996-07-21,21.298279
1996-07-22,14.142196
1996-07-23,25.900097
1996-07-24,14.4785185
1996-07-25,12.215448
1996-07-26,12.363137
1996-07-27,11.976961
1996-07-28,11.674074
1996-07-29,17.407324
1996-07-30,19.276089
1996-07-31,22.332815
1996-08-01,23.243876
1996-08-02,31.291002
1996-08-03,24.992933
1996-08-04,26.46193
1996-08-05,19.02176
1996-08-06,16.481133
1996-08-07,17.120287
1996-08-08,14.71373
1996-08-09,13.632427
1996-08-10,12.662032
1996-08-11,23.317099
1996-08-12,13.775644
1996-08-13,11.4024
1996-08-14,13.316792
1996-08-15,14.811049
1996-08-16,14.975688
1996-08-17,10.122533
1996-08-18,9.520577
1996-08-19,8.466545
1996-08-20,7.950909
1996-08-21,13.802862
1996-08-22,8.777911
1996-08-23,10.780724
1996-08-24,7.8276362
1996-08-25,9.359576
1996-08-26,12.03026
1996-08-27,9.637056
1996-08-28,7.4323955
1996-08-29,13.156101
1996-08-30,11.838079
1996-08-31,8.107417
1996-09-01,12.187819
1996-09-02,9.044052
1996-09-03,7.853729
1996-09-04,7.820307
1996-09-05,7.779421
1996-09-06,8.569134
1996-09-07,12.412006
1996-09-08,8.287444
1996-09-09,7.1318307
1996-09-10,6.9198675
1996-09-11,6.8416095
1996-09-12,7.330721
1996-09-13,6.5936303
1996-09-14,7.1243134
1996-09-15,6.4624043
1996-09-16,5.964197
1996-09-17,5.721669
1996-09-18,5.529397
1996-09-19,5.2949452
1996-09-20,5.4147863
1996-09-21,8.440839
1996-09-22,13.2649975
1996-09-23,6.3645644
1996-09-24,12.265252
1996-09-25,6.160247
1996-09-26,6.5232606
1996-09-27,7.245161
1996-09-28,4.807399
1996-09-29,4.204962
1996-09-30,7.2985764
1996-10-01,6.123938
1996-10-02,8.159275
1996-10-03,4.8667207
1996-10-04,4.2679467
1996-10-05,4.619767
1996-10-06,4.0835395
1996-10-07,4.772752
1996-10-08,8.472642
1996-10-09,8.429879
1996-10-10,5.702548
1996-10-11,4.3081717
1996-10-12,4.1556315
1996-10-13,8.940455
1996-10-14,17.073126
1996-10-15,8.699022
1996-10-16,19.26231
1996-10-17,8.458118
1996-10-18,6.306512
1996-10-19,6.4930525
1996-10-20,6.4625673
1996-10-21,6.608268
1996-10-22,6.852031
1996-10-23,6.3810863
1996-10-24,8.39095
1996-10-25,8.881662
1996-10-26,14.887736
1996-10-27,7.5536027
1996-10-28,6.469412
1996-10-29,7.250766
1996-10-30,6.391041
1996-10-31,7.439188
1996-11-01,8.538896
1996-11-02,9.32401
1996-11-03,8.439876
1996-11-04,9.486825
1996-11-05,8.355388
1996-11-06,8.71046
1996-11-07,8.160602
1996-11-08,7.628749
1996-11-09,7.417479
1996-11-10,7.4952927
1996-11-11,8.014332
1996-11-12,7.8803306
1996-11-13,9.8426
1996-11-14,7.555073
1996-11-15,8.433053
1996-11-16,7.7625737
1996-11-17,10.105107
1996-11-18,8.187145
1996-11-19,6.5037036
1996-11-20,6.778048
1996-11-21,6.122041
1996-11-22,6.463497
1996-11-23,7.871253
1996-11-24,6.3412075
1996-11-25,5.9083567
1996-11-26,8.017504
1996-11-27,15.2438965
1996-11-28,17.24721
1996-11-29,12.896123
1996-11-30,13.628973
1996-12-01,14.233105
1996-12-02,14.418205
1996-12-03,11.611537
1996-12-04,10.6583185
1996-12-05,10.834681
1996-12-06,10.587567
1996-12-07,10.247031
1996-12-08,9.540988
1996-12-09,10.103131
1996-12-10,14.301767
1996-12-11,11.927684
1996-12-12,11.387198
1996-12-13,15.8889885
1996-12-14,12.14018
1996-12-15,9.055217
1996-12-16,8.186336
1996-12-17,14.664199
1996-12-18,9.027228
1996-12-19,7.599471
1996-12-20,7.577149
1996-12-21,7.374004
1996-12-22,7.2107244
1996-12-23,7.4381323
1996-12-24,6.8713374
1996-12-25,6.580713
1996-12-26,6.409651
1996-12-27,6.1858506
1996-12-28,5.9546957
1996-12-29,5.709785
1996-12-30,5.470267
1996-12-31,5.2420745
1997-01-01,5.0160956
1997-01-02,4.7977576
1997-01-03,4.575304
1997-01-04,4.350033
1997-01-05,4.130209
1997-01-06,3.924659
1997-01-07,3.7237506
1997-01-08,3.5374916
1997-01-09,3.3531313
1997-01-10,3.1888258
1997-01-11,3.1941795
1997-01-12,2.9703317
1997-01-13,2.835418
1997-01-14,2.750897
1997-01-15,2.6524184
1997-01-16,2.4961586
1997-01-17,2.3967812
1997-01-18,2.2976358
1997-01-19,2.1773212
1997-01-20,2.0660143
1997-01-21,1.9629916
1997-01-22,1.8639796
1997-01-23,1.7689611
1997-01-24,1.6818498
1997-01-25,1.6008765
1997-01-26,1.5241654
1997-01-27,1.4515674
1997-01-28,1.3824383
1997-01-29,1.3196893
1997-01-30,1.2594485
1997-01-31,1.2009636
1997-02-01,1.1448398
1997-02-02,1.1056921
1997-02-03,1.0473495
1997-02-04,1.0039685
1997-02-05,1.0449789
1997-02-06,0.99071944
1997-02-07,2.8223338
1997-02-08,2.4761662
1997-02-09,1.347508
1997-02-10,1.1454885
1997-02-11,2.422867
1997-02-12,6.111924
1997-02-13,7.015622
1997-02-14,2.15479
1997-02-15,3.4306483
1997-02-16,1.8178973
1997-02-17,0.9034744
1997-02-18,0.79335153
1997-02-19,0.7640163
1997-02-20,0.73894507
1997-02-21,0.7244699
1997-02-22,0.7127322
1997-02-23,1.1097937
1997-02-24,2.8302343
1997-02-25,2.250988
1997-02-26,8.751304
1997-02-27,10.15723
1997-02-28,2.4260411
1997-03-01,0.7478648
1997-03-02,0.7075782
1997-03-03,0.7064093
1997-03-04,0.70609456
1997-03-05,0.7047895
1997-03-06,0.6977497
1997-03-07,0.6859271
1997-03-08,0.68348694
1997-03-09,0.6689896
1997-03-10,0.66516584
1997-03-11,0.65897906
1997-03-12,0.6639489
1997-03-13,6.761446
1997-03-14,3.8932846
1997-03-15,1.5099406
1997-03-16,1.4636073
1997-03-17,1.1251851
1997-03-18,7.545415
1997-03-19,2.7055194
1997-03-20,0.9421796
1997-03-21,0.67242426
1997-03-22,0.63581413
1997-03-23,0.61889684
1997-03-24,0.61189246
1997-03-25,0.60666364
1997-03-26,0.59464157
1997-03-27,0.5360829
1997-03-28,0.31475052
1997-03-29,0.085757315
1997-03-30,0.046709307
1997-03-31,0.06591612
1997-04-01,0.067741804
1997-04-02,0.32332593
1997-04-03,0.92164093
1997-04-04,0.3189914
1997-04-05,0.6250656
1997-04-06,1.409971
1997-04-07,10.149019
1997-04-08,6.4126034
1997-04-09,3.3535686
1997-04-10,4.2600884
1997-04-11,2.097254
1997-04-12,12.130009
1997-04-13,8.742161
1997-04-14,4.6302342
1997-04-15,10.00775
1997-04-16,3.7716491
1997-04-17,2.275014
1997-04-18,8.667558
1997-04-19,14.794726
1997-04-20,6.5639195
1997-04-21,4.9179106
1997-04-22,5.6069193
1997-04-23,6.399041
1997-04-24,10.112112
1997-04-25,8.327406
1997-04-26,15.108074
1997-04-27,16.938818
1997-04-28,11.881238
1997-04-29,12.918407
1997-04-30,10.83732
1997-05-01,10.099881
1997-05-02,10.03998
1997-05-03,20.716843
1997-05-04,13.725575
1997-05-05,15.091703
1997-05-06,23.258759
1997-05-07,32.558167
1997-05-08,24.016087
1997-05-09,20.770662
1997-05-10,19.142147
1997-05-11,20.985456
1997-05-12,16.942533
1997-05-13,14.962378
1997-05-14,13.71175
1997-05-15,19.58565
1997-05-16,18.95026
1997-05-17,15.178618
1997-05-18,12.007672
1997-05-19,15.647268
1997-05-20,12.03869
1997-05-21,10.7635
1997-05-22,11.455198
1997-05-23,10.6208315
1997-05-24,15.692293
1997-05-25,37.61113
1997-05-26,22.130821
1997-05-27,17.203913
1997-05-28,29.646103
1997-05-29,39.84933
1997-05-30,37.201153
1997-05-31,27.523369
1997-06-01,24.033422
1997-06-02,18.624088
1997-06-03,16.27681
1997-06-04,14.131216
1997-06-05,16.517921
1997-06-06,14.178728
1997-06-07,11.597578
1997-06-08,11.9580345
1997-06-09,14.098484
1997-06-10,14.150248
1997-06-11,18.413795
1997-06-12,14.238196
1997-06-13,11.444022
1997-06-14,10.186016
1997-06-15,16.023134
1997-06-16,13.387216
1997-06-17,10.566016
1997-06-18,18.521255
1997-06-19,19.585312
1997-06-20,19.756187
1997-06-21,18.529247
1997-06-22,15.960281
1997-06-23,15.840601
1997-06-24,15.827306
1997-06-25,18.429697
1997-06-26,15.059215
1997-06-27,15.29153
1997-06-28,13.872069
1997-06-29,13.53845
1997-06-30,17.146227
1997-07-01,18.278719
1997-07-02,20.73305
1997-07-03,15.847396
1997-07-04,15.6809635
1997-07-05,13.692987
1997-07-06,13.376262
1997-07-07,17.950428
1997-07-08,22.59915
1997-07-09,13.727902
1997-07-10,13.172703
1997-07-11,11.521258
1997-07-12,19.954996
1997-07-13,12.687304
1997-07-14,11.700018
1997-07-15,14.590361
1997-07-16,13.022477
1997-07-17,19.706144
1997-07-18,13.97391
1997-07-19,12.344281
1997-07-20,13.926686
1997-07-21,11.999772
1997-07-22,11.328091
1997-07-23,21.51378
1997-07-24,13.089989
1997-07-25,11.331003
1997-07-26,10.274367
1997-07-27,9.759467
1997-07-28,10.427805
1997-07-29,9.372522
1997-07-30,8.861736
1997-07-31,8.675269
1997-08-01,8.204267
1997-08-02,9.50916
1997-08-03,17.562616
1997-08-04,9.367837
1997-08-05,7.207223
1997-08-06,10.3765545
1997-08-07,8.280966
1997-08-08,6.836685
1997-08-09,6.3830767
1997-08-10,6.42801
1997-08-11,6.107842
1997-08-12,5.882907
1997-08-13,5.8642535
1997-08-14,5.69148
1997-08-15,5.4834943
1997-08-16,5.233079
1997-08-17,5.284427
1997-08-18,10.311786
1997-08-19,5.8690267
1997-08-20,9.061776
1997-08-21,5.7115574
1997-08-22,4.807199
1997-08-23,7.6059713
1997-08-24,13.321466
1997-08-25,7.0032563
1997-08-26,4.682887
1997-08-27,8.3374195
1997-08-28,5.247256
1997-08-29,5.906763
1997-08-30,4.829934
1997-08-31,4.4672546
1997-09-01,4.441032
1997-09-02,4.709523
1997-09-03,4.5474663
1997-09-04,4.5347013
1997-09-05,4.2937427
1997-09-06,4.3375187
1997-09-07,4.18118
1997-09-08,6.1932335
1997-09-09,4.4884706
1997-09-10,3.9577308
1997-09-11,7.187487
1997-09-12,4.8660855
1997-09-13,4.258578
1997-09-14,3.84137
1997-09-15,5.4389877
1997-09-16,4.378588
1997-09-17,3.643791
1997-09-18,3.5011885
1997-09-19,3.402773
1997-09-20,5.0594525
1997-09-21,3.659427
1997-09-22,3.1812613
1997-09-23,3.3857272
1997-09-24,4.2320576
1997-09-25,3.479766
1997-09-26,3.0882013
1997-09-27,15.321135
1997-09-28,6.109884
1997-09-29,3.3181837
1997-09-30,2.929385
1997-10-01,4.779767
1997-10-02,3.3226285
1997-10-03,5.687023
1997-10-04,10.780002
1997-10-05,4.2429447
1997-10-06,2.6995459
1997-10-07,4.594764
1997-10-08,3.2080758
1997-10-09,2.627081
1997-10-10,6.5937433
1997-10-11,3.513436
1997-10-12,7.331535
1997-10-13,3.6620526
1997-10-14,2.525724
1997-10-15,2.3965335
1997-10-16,2.5285344
1997-10-17,11.117337
1997-10-18,7.371858
1997-10-19,3.1320214
1997-10-20,2.3561845
1997-10-21,3.7371855
1997-10-22,4.6016836
1997-10-23,2.9212248
1997-10-24,3.456072
1997-10-25,9.417532
1997-10-26,5.263296
1997-10-27,2.7526314
1997-10-28,2.5514634
1997-10-29,10.830591
1997-10-30,5.016256
1997-10-31,5.2375627
1997-11-01,24.176981
1997-11-02,10.80424
1997-11-03,4.423176
1997-11-04,7.4960995
1997-11-05,6.9667253
1997-11-06,5.609449
1997-11-07,5.9948473
1997-11-08,12.226673
1997-11-09,8.941608
1997-11-10,8.315704
1997-11-11,8.557298
1997-11-12,9.777313
1997-11-13,8.437701
1997-11-14,7.922021
1997-11-15,7.6510267
1997-11-16,7.552075
1997-11-17,8.690456
1997-11-18,11.9886875
1997-11-19,12.291652
1997-11-20,9.853789
1997-11-21,10.194448
1997-11-22,7.03163
1997-11-23,7.159579
1997-11-24,10.191854
1997-11-25,8.807336
1997-11-26,6.4492283
1997-11-27,5.927191
1997-11-28,5.870956
1997-11-29,5.978599
1997-11-30,9.033676
1997-12-01,6.546662
1997-12-02,5.689267
1997-12-03,5.570575
1997-12-04,5.3080397
1997-12-05,5.1355414
1997-12-06,4.9845896
1997-12-07,5.0624866
1997-12-08,11.129721
1997-12-09,6.2054386
1997-12-10,12.110495
1997-12-11,10.625409
1997-12-12,5.3277426
1997-12-13,4.261348
1997-12-14,4.1183534
1997-12-15,3.9928546
1997-12-16,3.8667843
1997-12-17,3.738289
1997-12-18,3.6399596
1997-12-19,3.6755373
1997-12-20,3.437295
1997-12-21,3.27971
1997-12-22,3.16303
1997-12-23,3.0615623
1997-12-24,2.9872923
1997-12-25,8.048605
1997-12-26,4.057978
1997-12-27,2.8542252
1997-12-28,2.6922998
1997-12-29,2.6011455
1997-12-30,2.542421
1997-12-31,2.6056802
1998-01-01,2.5842338
1998-01-02,2.3743029
1998-01-03,2.246763
1998-01-04,2.1673856
1998-01-05,2.1260796
1998-01-06,2.2581234
1998-01-07,6.8607197
1998-01-08,4.994425
1998-01-09,3.1305184
1998-01-10,4.6140766
1998-01-11,2.502239
1998-01-12,5.0327835
1998-01-13,3.7563555
1998-01-14,4.060324
1998-01-15,2.1657336
1998-01-16,1.7178031
1998-01-17,1.7336462
1998-01-18,1.6584742
1998-01-19,1.6238738
1998-01-20,1.5914552
1998-01-21,1.6320947
1998-01-22,1.6048515
1998-01-23,1.5460443
1998-01-24,1.4892195
1998-01-25,1.4451321
1998-01-26,1.4023465
1998-01-27,1.365698
1998-01-28,1.31724
1998-01-29,1.287286
1998-01-30,2.5334406
1998-01-31,6.4618964
1998-02-01,6.3787165
1998-02-02,2.0717845
1998-02-03,1.2483687
1998-02-04,1.3022494
1998-02-05,1.7893252
1998-02-06,1.3256365
1998-02-07,1.5136197
1998-02-08,1.2601101
1998-02-09,4.1903515
1998-02-10,5.617479
1998-02-11,2.1752393
1998-02-12,5.1483173
1998-02-13,12.164243
1998-02-14,3.1642838
1998-02-15,6.086779
1998-02-16,10.169867
1998-02-17,3.1390426
1998-02-18,1.6042397
1998-02-19,1.7270893
1998-02-20,1.8249993
1998-02-21,1.8728175
1998-02-22,1.8797456
1998-02-23,1.8604277
1998-02-24,1.8335677
1998-02-25,1.8539897
1998-02-26,1.8160448
1998-02-27,1.7681971
1998-02-28,4.0645437
1998-03-01,2.2503016
1998-03-02,1.9501566
1998-03-03,2.065323
1998-03-04,2.5868607
1998-03-05,10.761877
1998-03-06,3.8161485
1998-03-07,3.3942962
1998-03-08,2.1233633
1998-03-09,2.6834784
1998-03-10,1.8201445
1998-03-11,1.5849961
1998-03-12,1.4560977
1998-03-13,1.4065306
1998-03-14,1.3650169
1998-03-15,1.3245559
1998-03-16,1.2992072
1998-03-17,1.2746756
1998-03-18,1.2610558
1998-03-19,1.4399137
1998-03-20,1.8878376
1998-03-21,2.0811372
1998-03-22,1.7438734
1998-03-23,2.3683865
1998-03-24,4.0120654
1998-03-25,10.611854
1998-03-26,3.60672
1998-03-27,17.385065
1998-03-28,4.5236464
1998-03-29,6.7867794
1998-03-30,5.3360863
1998-03-31,2.9408586
1998-04-01,2.1296988
1998-04-02,12.557752
1998-04-03,8.324249
1998-04-04,3.8380868
1998-04-05,2.9419918
1998-04-06,3.8308332
1998-04-07,3.8670382
1998-04-08,5.043918
1998-04-09,19.34652
1998-04-10,14.172623
1998-04-11,10.730125
1998-04-12,26.280472
1998-04-13,16.630388
1998-04-14,21.478247
1998-04-15,17.180338
1998-04-16,18.796305
1998-04-17,16.74933
1998-04-18,13.8459835
1998-04-19,16.872086
1998-04-20,38.93781
1998-04-21,30.046707
1998-04-22,21.665756
1998-04-23,20.538261
1998-04-24,24.045092
1998-04-25,25.4843
1998-04-26,25.441826
1998-04-27,22.021671
1998-04-28,17.6787
1998-04-29,18.096813
1998-04-30,23.581825
1998-05-01,20.449106
1998-05-02,19.381586
1998-05-03,16.745636
1998-05-04,18.764538
1998-05-05,19.881071
1998-05-06,24.987425
1998-05-07,26.333776
1998-05-08,31.756872
1998-05-09,29.995995
1998-05-10,34.076286
1998-05-11,27.23581
1998-05-12,30.809986
1998-05-13,22.428442
1998-05-14,27.4458
1998-05-15,28.839996
1998-05-16,26.047338
1998-05-17,27.327806
1998-05-18,33.2175
1998-05-19,22.844076
1998-05-20,19.582006
1998-05-21,18.289875
1998-05-22,16.872108
1998-05-23,15.457571
1998-05-24,14.38169
1998-05-25,13.136712
1998-05-26,13.766966
1998-05-27,12.854985
1998-05-28,10.4526825
1998-05-29,16.358475
1998-05-30,10.431363
1998-05-31,9.098844
1998-06-01,16.349411
1998-06-02,14.897082
1998-06-03,12.163236
1998-06-04,13.658506
1998-06-05,8.708545
1998-06-06,10.041052
1998-06-07,8.341614
1998-06-08,12.578258
1998-06-09,12.117873
1998-06-10,13.301723
1998-06-11,20.029856
1998-06-12,13.085472
1998-06-13,12.7382965
1998-06-14,17.12868
1998-06-15,20.972075
1998-06-16,34.901104
1998-06-17,38.330875
1998-06-18,30.574291
1998-06-19,23.819635
1998-06-20,29.721283
1998-06-21,22.616426
1998-06-22,25.991762
1998-06-23,22.099302
1998-06-24,16.8701
1998-06-25,15.862878
1998-06-26,18.729416
1998-06-27,21.6199
1998-06-28,17.351011
1998-06-29,18.89104
1998-06-30,19.402811
1998-07-01,18.791777
1998-07-02,21.27333
1998-07-03,18.437578
1998-07-04,18.839977
1998-07-05,19.438057
1998-07-06,17.26498
1998-07-07,14.320055
1998-07-08,14.012634
1998-07-09,12.584111
1998-07-10,13.341522
1998-07-11,14.817807
1998-07-12,18.750162
1998-07-13,20.122396
1998-07-14,16.0702
1998-07-15,17.151773
1998-07-16,18.756025
1998-07-17,20.52727
1998-07-18,19.360577
1998-07-19,31.350445
1998-07-20,28.848999
1998-07-21,21.74993
1998-07-22,15.551905
1998-07-23,15.128985
1998-07-24,14.026277
1998-07-25,13.920889
1998-07-26,21.068245
1998-07-27,13.840949
1998-07-28,11.611225
1998-07-29,17.062124
1998-07-30,19.55968
1998-07-31,14.10184
1998-08-01,10.706672
1998-08-02,17.238028
1998-08-03,13.532338
1998-08-04,12.002719
1998-08-05,10.861478
1998-08-06,10.988666
1998-08-07,17.378666
1998-08-08,13.951676
1998-08-09,11.4986925
1998-08-10,10.785027
1998-08-11,12.930132
1998-08-12,15.04186
1998-08-13,15.656445
1998-08-14,10.955953
1998-08-15,12.155004
1998-08-16,13.570625
1998-08-17,11.076792
1998-08-18,10.543706
1998-08-19,10.346414
1998-08-20,10.106122
1998-08-21,9.865788
1998-08-22,12.337786
1998-08-23,16.769506
1998-08-24,10.447549
1998-08-25,8.789837
1998-08-26,14.417221
1998-08-27,11.172871
1998-08-28,11.685257
1998-08-29,14.415519
1998-08-30,10.683619
1998-08-31,12.697604
1998-09-01,8.6219225
1998-09-02,7.440871
1998-09-03,7.335063
1998-09-04,7.4863663
1998-09-05,7.686317
1998-09-06,7.3128366
1998-09-07,6.953601
1998-09-08,7.756273
1998-09-09,7.116581
1998-09-10,6.724894
1998-09-11,8.760784
1998-09-12,7.1324944
1998-09-13,6.738353
1998-09-14,7.0895576
1998-09-15,8.796226
1998-09-16,7.995035
1998-09-17,6.8037267
1998-09-18,6.596852
1998-09-19,7.2548666
1998-09-20,10.7526655
1998-09-21,7.3078446
1998-09-22,6.356243
1998-09-23,9.803901
1998-09-24,6.837432
1998-09-25,8.875563
1998-09-26,6.717504
1998-09-27,6.11389
1998-09-28,5.91604
1998-09-29,5.6272316
1998-09-30,5.968473
1998-10-01,9.574594
1998-10-02,8.804517
1998-10-03,6.0225234
1998-10-04,5.5286264
1998-10-05,6.5131774
1998-10-06,15.085641
1998-10-07,7.6169357
1998-10-08,6.2661815
1998-10-09,17.263723
1998-10-10,14.263105
1998-10-11,10.296987
1998-10-12,9.786065
1998-10-13,9.655385
1998-10-14,10.134143
1998-10-15,9.342864
1998-10-16,12.054513
1998-10-17,9.500623
1998-10-18,8.515404
1998-10-19,17.440548
1998-10-20,15.616506
1998-10-21,8.9916115
1998-10-22,11.9223
1998-10-23,8.249453
1998-10-24,10.119244
1998-10-25,10.028525
1998-10-26,8.448677
1998-10-27,8.967867
1998-10-28,7.470189
1998-10-29,6.9646673
1998-10-30,11.052847
1998-10-31,12.708517
1998-11-01,7.861293
1998-11-02,6.60063
1998-11-03,6.350601
1998-11-04,6.029301
1998-11-05,8.595862
1998-11-06,10.10518
1998-11-07,10.694989
1998-11-08,7.9560885
1998-11-09,6.464581
1998-11-10,6.530021
1998-11-11,7.039657
1998-11-12,6.604523
1998-11-13,6.1909127
1998-11-14,6.1063676
1998-11-15,5.8102927
1998-11-16,6.1932187
1998-11-17,5.8595924
1998-11-18,10.440556
1998-11-19,8.55205
1998-11-20,5.9315515
1998-11-21,16.4216
1998-11-22,11.177241
1998-11-23,8.758608
1998-11-24,7.444113
1998-11-25,7.3265824
1998-11-26,7.2247753
1998-11-27,7.0697308
1998-11-28,6.8550096
1998-11-29,6.6782527
1998-11-30,6.596121
1998-12-01,6.4480047
1998-12-02,6.096172
1998-12-03,5.81741
1998-12-04,5.597525
1998-12-05,5.3471503
1998-12-06,5.1157293
1998-12-07,5.0460725
1998-12-08,4.8190293
1998-12-09,4.6118684
1998-12-10,4.3787546
1998-12-11,4.1772647
1998-12-12,4.0871925
1998-12-13,4.0212007
1998-12-14,10.075198
1998-12-15,5.637013
1998-12-16,4.259194
1998-12-17,3.9440951
1998-12-18,6.5155516
1998-12-19,3.9324658
1998-12-20,3.2319274
1998-12-21,3.200231
1998-12-22,3.0393124
1998-12-23,2.9295824
1998-12-24,2.85416
1998-12-25,2.8537562
1998-12-26,4.139053
1998-12-27,8.303583
1998-12-28,6.176904
1998-12-29,3.2190497
1998-12-30,2.5573444
1998-12-31,2.633294
1999-01-01,9.186601
1999-01-02,8.234563
1999-01-03,4.295621
1999-01-04,2.5092516
1999-01-05,2.2414823
1999-01-06,2.1799152
1999-01-07,2.1114204
1999-01-08,2.055062
1999-01-09,1.9928241
1999-01-10,1.9350386
1999-01-11,1.8942331
1999-01-12,1.9486476
1999-01-13,2.2703092
1999-01-14,9.868479
1999-01-15,3.395481
1999-01-16,1.7551057
1999-01-17,1.6867465
1999-01-18,1.6391864
1999-01-19,1.6217049
1999-01-20,3.2301247
1999-01-21,2.2909272
1999-01-22,4.128157
1999-01-23,11.81276
1999-01-24,4.924008
1999-01-25,13.5819025
1999-01-26,6.6120844
1999-01-27,5.2303586
1999-01-28,5.363622
1999-01-29,2.4297664
1999-01-30,1.8951976
1999-01-31,1.9972814
1999-02-01,2.3315008
1999-02-02,2.0622704
1999-02-03,1.9658803
1999-02-04,1.9195572
1999-02-05,1.8860252
1999-02-06,1.8477806
1999-02-07,1.8041528
1999-02-08,1.7714196
1999-02-09,1.7196163
1999-02-10,4.143311
1999-02-11,3.0922325
1999-02-12,1.9794546
1999-02-13,2.667085
1999-02-14,4.0595946
1999-02-15,2.587191
1999-02-16,3.1313179
1999-02-17,4.01359
1999-02-18,3.481614
1999-02-19,14.608086
1999-02-20,6.3631496
1999-02-21,3.944896
1999-02-22,3.9390867
1999-02-23,4.3113384
1999-02-24,8.388629
1999-02-25,10.2618475
1999-02-26,6.6404138
1999-02-27,10.365577
1999-02-28,7.120564
1999-03-01,6.5378704
1999-03-02,6.131265
1999-03-03,5.8879914
1999-03-04,5.692728
1999-03-05,5.516577
1999-03-06,5.3405066
1999-03-07,5.158123
1999-03-08,4.9626493
1999-03-09,4.752256
1999-03-10,4.5450387
1999-03-11,4.353043
1999-03-12,4.3786416
1999-03-13,4.6710033
1999-03-14,6.771366
1999-03-15,6.340278
1999-03-16,6.999487
1999-03-17,4.635884
1999-03-18,14.141945
1999-03-19,5.7885695
1999-03-20,3.6055706
1999-03-21,3.493383
1999-03-22,4.1102924
1999-03-23,7.2809167
1999-03-24,4.3638105
1999-03-25,4.722023
1999-03-26,8.231715
1999-03-27,5.0628986
1999-03-28,16.055305
1999-03-29,8.070963
1999-03-30,12.852446
1999-03-31,5.9993763
1999-04-01,4.6953015
1999-04-02,4.917319
1999-04-03,6.567561
1999-04-04,10.218418
1999-04-05,12.248372
1999-04-06,14.142146
1999-04-07,8.279964
1999-04-08,7.9758573
1999-04-09,10.206258
1999-04-10,8.895783
1999-04-11,16.88272
1999-04-12,22.784933
1999-04-13,21.214697
1999-04-14,18.820242
1999-04-15,24.710375
1999-04-16,18.008316
1999-04-17,17.458382
1999-04-18,27.994528
1999-04-19,18.044813
1999-04-20,14.318187
1999-04-21,13.38897
1999-04-22,12.951562
1999-04-23,12.48225
1999-04-24,12.421177
1999-04-25,15.181343
1999-04-26,12.147553
1999-04-27,22.759697
1999-04-28,27.718292
1999-04-29,26.244894
1999-04-30,25.921244
1999-05-01,24.662321
1999-05-02,27.432245
1999-05-03,23.38236
1999-05-04,19.463696
1999-05-05,18.535873
1999-05-06,16.653532
1999-05-07,18.63278
1999-05-08,14.591883
1999-05-09,18.124962
1999-05-10,13.908184
1999-05-11,12.365624
1999-05-12,24.15244
1999-05-13,18.62471
1999-05-14,13.956292
1999-05-15,12.450105
1999-05-16,12.090555
1999-05-17,11.340091
1999-05-18,12.2264595
1999-05-19,13.181601
1999-05-20,15.001959
1999-05-21,11.390561
1999-05-22,11.207928
1999-05-23,11.481615
1999-05-24,11.580006
1999-05-25,15.205002
1999-05-26,13.714122
1999-05-27,11.896103
1999-05-28,11.600619
1999-05-29,24.485575
1999-05-30,15.808198
1999-05-31,14.064973
1999-06-01,12.226483
1999-06-02,10.882362
1999-06-03,15.252363
1999-06-04,12.871583
1999-06-05,14.57255
1999-06-06,14.976215
1999-06-07,13.137703
1999-06-08,12.930128
1999-06-09,12.526863
1999-06-10,12.178171
1999-06-11,13.893578
1999-06-12,12.127575
1999-06-13,10.996152
1999-06-14,20.500559
1999-06-15,13.223042
1999-06-16,10.552635
1999-06-17,10.854084
1999-06-18,16.184555
1999-06-19,11.0856905
1999-06-20,14.294041
1999-06-21,15.601458
1999-06-22,14.09119
1999-06-23,13.271177
1999-06-24,12.9979
1999-06-25,12.781649
1999-06-26,15.194897
1999-06-27,17.678589
1999-06-28,13.631121
1999-06-29,12.1396265
1999-06-30,11.86129
1999-07-01,16.47293
1999-07-02,27.602888
1999-07-03,24.303164
1999-07-04,25.396381
1999-07-05,22.170828
1999-07-06,25.727905
1999-07-07,28.085371
1999-07-08,33.330112
1999-07-09,30.31575
1999-07-10,25.254786
1999-07-11,20.953453
1999-07-12,17.550526
1999-07-13,15.207595
1999-07-14,13.181981
1999-07-15,11.665764
1999-07-16,14.189917
1999-07-17,11.219907
1999-07-18,9.66079
1999-07-19,8.61239
1999-07-20,7.989725
1999-07-21,7.5363235
1999-07-22,6.9560065
1999-07-23,11.38481
1999-07-24,10.388745
1999-07-25,9.859362
1999-07-26,10.569615
1999-07-27,6.6997
1999-07-28,5.627911
1999-07-29,5.5089574
1999-07-30,5.637377
1999-07-31,9.971382
1999-08-01,12.01367
1999-08-02,7.4412727
1999-08-03,6.4950247
1999-08-04,7.540447
1999-08-05,6.6000566
1999-08-06,6.7182465
1999-08-07,7.323496
1999-08-08,7.954839
1999-08-09,19.811504
1999-08-10,14.534197
1999-08-11,11.516934
1999-08-12,15.849222
1999-08-13,12.341612
1999-08-14,11.752904
1999-08-15,12.01103
1999-08-16,17.219763
1999-08-17,12.696129
1999-08-18,10.845531
1999-08-19,10.341929
1999-08-20,9.881578
1999-08-21,9.41346
1999-08-22,9.094382
1999-08-23,8.793606
1999-08-24,8.275184
1999-08-25,7.6584015
1999-08-26,7.276931
1999-08-27,6.854845
1999-08-28,6.523297
1999-08-29,6.2105327
1999-08-30,6.049111
1999-08-31,5.757511
1999-09-01,6.496185
1999-09-02,5.372444
1999-09-03,5.380485
1999-09-04,4.844847
1999-09-05,5.0824027
1999-09-06,5.547975
1999-09-07,4.5211353
1999-09-08,4.429224
1999-09-09,12.903407
1999-09-10,5.770417
1999-09-11,7.5099087
1999-09-12,5.5151095
1999-09-13,3.9599693
1999-09-14,3.4575658
1999-09-15,5.861447
1999-09-16,4.5507507
1999-09-17,3.9844031
1999-09-18,3.3403628
1999-09-19,3.0452237
1999-09-20,2.8872027
1999-09-21,4.295458
1999-09-22,4.5161657
1999-09-23,2.9823587
1999-09-24,2.8514464
1999-09-25,2.6010606
1999-09-26,2.6023684
1999-09-27,7.561167
1999-09-28,7.696427
1999-09-29,3.9449673
1999-09-30,2.6469142
1999-10-01,4.76412
1999-10-02,2.8342967
1999-10-03,2.9251015
1999-10-04,3.0920484
1999-10-05,6.303947
1999-10-06,3.3861074
1999-10-07,2.417974
1999-10-08,2.4087622
1999-10-09,3.3393958
1999-10-10,2.6911979
1999-10-11,2.4150317
1999-10-12,5.2089424
1999-10-13,4.112039
1999-10-14,2.8336575
1999-10-15,3.5866425
1999-10-16,7.1870146
1999-10-17,3.7006834
1999-10-18,2.814808
1999-10-19,2.8456156
1999-10-20,3.4064283
1999-10-21,2.875026
1999-10-22,2.7278917
1999-10-23,4.4994106
1999-10-24,17.541498
1999-10-25,11.448611
1999-10-26,6.564206
1999-10-27,3.4870691
1999-10-28,2.9740944
1999-10-29,2.9605713
1999-10-30,9.6826935
1999-10-31,4.962663
1999-11-01,6.8730197
1999-11-02,3.9094312
1999-11-03,5.7262216
1999-11-04,7.5627174
1999-11-05,4.2619114
1999-11-06,3.6180522
1999-11-07,4.1253595
1999-11-08,3.9070292
1999-11-09,3.7902155
1999-11-10,3.8592563
1999-11-11,9.337321
1999-11-12,5.083999
1999-11-13,4.00735
1999-11-14,4.0364113
1999-11-15,4.0387435
1999-11-16,3.9709628
1999-11-17,3.8954985
1999-11-18,9.648949
1999-11-19,7.175328
1999-11-20,4.2221227
1999-11-21,3.7241476
1999-11-22,4.098847
1999-11-23,4.7451854
1999-11-24,9.046516
1999-11-25,4.6807704
1999-11-26,3.7949183
1999-11-27,6.6483564
1999-11-28,4.4720597
1999-11-29,3.8730328
1999-11-30,3.9058642
1999-12-01,11.575406
1999-12-02,7.111362
1999-12-03,5.987298
1999-12-04,11.056981
1999-12-05,9.043905
1999-12-06,8.081984
1999-12-07,7.675476
1999-12-08,7.716381
1999-12-09,7.5804152
1999-12-10,7.41942
1999-12-11,7.398397
1999-12-12,7.2808833
1999-12-13,12.652147
1999-12-14,8.186712
1999-12-15,7.235608
1999-12-16,6.5216346
1999-12-17,10.913522
1999-12-18,8.088392
1999-12-19,6.1227803
1999-12-20,5.722017
1999-12-21,5.529461
1999-12-22,5.309342
1999-12-23,5.108446
1999-12-24,4.9071674
1999-12-25,4.696755
1999-12-26,4.505444
1999-12-27,4.3057604
1999-12-28,4.111847
1999-12-29,3.9311357
1999-12-30,3.7606711
1999-12-31,3.5882227
2000-01-01,3.4249246
2000-01-02,3.3261793
2000-01-03,3.2125463
2000-01-04,3.0814252
2000-01-05,2.9453924
2000-01-06,2.8084095
2000-01-07,2.6737776
2000-01-08,2.5503142
2000-01-09,2.4523933
2000-01-10,2.3380392
2000-01-11,2.224238
2000-01-12,2.1169143
2000-01-13,2.0140362
2000-01-14,1.9186106
2000-01-15,1.8234686
2000-01-16,1.7341491
2000-01-17,1.6459118
2000-01-18,1.5673596
2000-01-19,1.4933052
2000-01-20,1.4889773
2000-01-21,1.592032
2000-01-22,1.5111519
2000-01-23,3.1353905
2000-01-24,1.6504457
2000-01-25,1.2409208
2000-01-26,1.1837727
2000-01-27,1.1365914
2000-01-28,1.0865786
2000-01-29,1.0460933
2000-01-30,0.9993201
2000-01-31,0.95122737
2000-02-01,0.929375
2000-02-02,0.9045748
2000-02-03,0.9649128
2000-02-04,1.0814867
2000-02-05,0.87222457
2000-02-06,0.7744349
2000-02-07,0.73588955
2000-02-08,0.71159023
2000-02-09,0.68308246
2000-02-10,0.6568679
2000-02-11,0.6282714
2000-02-12,0.6039038
2000-02-13,0.5822778
2000-02-14,0.5566132
2000-02-15,0.3533137
2000-02-16,0.053698596
2000-02-17,0.0005845923
2000-02-18,6.7982355e-06
2000-02-19,7.905682e-08
2000-02-20,9.193533e-10
2000-02-21,1.0691178e-11
2000-02-22,1.2432793e-13
2000-02-23,0.018511752
2000-02-24,0.27109927
2000-02-25,0.3208204
2000-02-26,0.7358662
2000-02-27,0.8126072
2000-02-28,0.32473034
2000-02-29,0.10601037
2000-03-01,1.9454759
2000-03-02,2.136426
2000-03-03,2.7355602
2000-03-04,4.0993586
2000-03-05,0.73509383
2000-03-06,2.9204538
2000-03-07,0.9381868
2000-03-08,0.14154807
2000-03-09,0.12294006
2000-03-10,0.15769897
2000-03-11,0.027730597
2000-03-12,0.00030161024
2000-03-13,0.020278282
2000-03-14,0.0041208104
2000-03-15,4.4801924e-05
2000-03-16,5.2100245e-07
2000-03-17,6.058748e-09
2000-03-18,7.045731e-11
2000-03-19,8.193494e-13
2000-03-20,9.5282304e-15
2000-03-21,1.10803986e-16
2000-03-22,0.023800822
2000-03-23,2.9013402
2000-03-24,1.8886207
2000-03-25,1.5197014
2000-03-26,3.3095803
2000-03-27,0.8492986
2000-03-28,3.2865162
2000-03-29,5.035929
2000-03-30,12.217087
2000-03-31,3.9373934
2000-04-01,0.37459642
2000-04-02,0.03308727
2000-04-03,0.057828534
2000-04-04,4.7786474
2000-04-05,1.0763335
2000-04-06,1.2118803
2000-04-07,7.3748937
2000-04-08,2.829673
2000-04-09,1.0309998
2000-04-10,0.39148736
2000-04-11,0.09411964
2000-04-12,2.2862206
2000-04-13,5.0092998
2000-04-14,9.71034
2000-04-15,2.6585925
2000-04-16,1.1493477
2000-04-17,6.563348
2000-04-18,8.896538
2000-04-19,3.9520884
2000-04-20,12.631518
2000-04-21,14.744045
2000-04-22,16.268568
2000-04-23,8.074362
2000-04-24,20.37415
2000-04-25,20.498468
2000-04-26,20.301222
2000-04-27,21.468414
2000-04-28,28.454811
2000-04-29,27.411821
2000-04-30,26.561838
2000-05-01,22.552402
2000-05-02,25.437515
2000-05-03,21.231842
2000-05-04,21.13419
2000-05-05,20.891668
2000-05-06,19.348522
2000-05-07,21.039843
2000-05-08,19.471153
2000-05-09,25.29268
2000-05-10,75.81497
2000-05-11,75.24354
2000-05-12,32.843525
2000-05-13,26.010511
2000-05-14,19.321823
2000-05-15,19.39577
2000-05-16,15.574791
2000-05-17,17.186123
2000-05-18,13.235401
2000-05-19,15.717374
2000-05-20,11.989365
2000-05-21,12.024977
2000-05-22,22.627522
2000-05-23,21.30603
2000-05-24,19.722965
2000-05-25,19.359518
2000-05-26,20.203487
2000-05-27,38.25414
2000-05-28,49.646366
2000-05-29,46.46152
2000-05-30,35.853947
2000-05-31,31.88735
2000-06-01,27.334682
2000-06-02,25.191725
2000-06-03,24.213404
2000-06-04,20.285645
2000-06-05,24.06086
2000-06-06,19.607843
2000-06-07,17.312061
2000-06-08,14.517445
2000-06-09,22.207403
2000-06-10,25.401468
2000-06-11,22.91541
2000-06-12,28.874949
2000-06-13,21.045076
2000-06-14,19.81795
2000-06-15,20.27954
2000-06-16,25.25408
2000-06-17,27.336641
2000-06-18,36.281548
2000-06-19,132.78516
2000-06-20,58.315514
2000-06-21,30.360361
2000-06-22,31.564043
2000-06-23,21.261961
2000-06-24,23.874933
2000-06-25,17.703392
2000-06-26,24.313187
2000-06-27,19.654339
2000-06-28,26.456867
2000-06-29,28.635483
2000-06-30,27.160992
2000-07-01,34.67252
2000-07-02,126.33861
2000-07-03,55.845547
2000-07-04,26.465506
2000-07-05,28.924438
2000-07-06,25.15193
2000-07-07,17.715284
2000-07-08,13.959439
2000-07-09,12.511095
2000-07-10,11.609017
2000-07-11,13.287465
2000-07-12,11.44352
2000-07-13,14.16488
2000-07-14,16.037395
2000-07-15,11.205102
2000-07-16,9.684108
2000-07-17,9.549789
2000-07-18,9.444626
2000-07-19,12.2182045
2000-07-20,9.815254
2000-07-21,9.696271
2000-07-22,10.97729
2000-07-23,10.817502
2000-07-24,19.572697
2000-07-25,16.844477
2000-07-26,13.371241
2000-07-27,11.990965
2000-07-28,20.768204
2000-07-29,26.855064
2000-07-30,26.239454
2000-07-31,23.779722
2000-08-01,22.235786
2000-08-02,19.289131
2000-08-03,23.311913
2000-08-04,22.850864
2000-08-05,20.772627
2000-08-06,14.455387
2000-08-07,15.006212
2000-08-08,18.048012
2000-08-09,13.276722
2000-08-10,13.341113
2000-08-11,14.579926
2000-08-12,11.673265
2000-08-13,10.72686
2000-08-14,12.575962
2000-08-15,12.66336
2000-08-16,11.914317
2000-08-17,12.699525
2000-08-18,10.21502
2000-08-19,15.498656
2000-08-20,18.35755
2000-08-21,13.355729
2000-08-22,17.380354
2000-08-23,15.841267
2000-08-24,15.138936
2000-08-25,16.655489
2000-08-26,13.185163
2000-08-27,10.023321
2000-08-28,14.023588
2000-08-29,11.524042
2000-08-30,11.384595
2000-08-31,11.727179
2000-09-01,15.701755
2000-09-02,12.599073
2000-09-03,10.645349
2000-09-04,13.867483
2000-09-05,10.929587
2000-09-06,9.80025
2000-09-07,19.642897
2000-09-08,11.196558
2000-09-09,8.806848
2000-09-10,10.672768
2000-09-11,13.452565
2000-09-12,12.676854
2000-09-13,14.157967
2000-09-14,9.037817
2000-09-15,10.366359
2000-09-16,7.9554143
2000-09-17,7.55057
2000-09-18,7.4058595
2000-09-19,7.0881763
2000-09-20,7.1282387
2000-09-21,6.808562
2000-09-22,6.688631
2000-09-23,10.757776
2000-09-24,7.3020926
2000-09-25,6.1274276
2000-09-26,11.462948
2000-09-27,13.182448
2000-09-28,10.417617
2000-09-29,10.537423
2000-09-30,7.4313183
2000-10-01,12.269973
2000-10-02,11.704873
2000-10-03,16.44922
2000-10-04,19.182112
2000-10-05,14.423283
2000-10-06,17.079346
2000-10-07,13.656311
2000-10-08,12.705891
2000-10-09,16.819632
2000-10-10,19.85486
2000-10-11,15.212176
2000-10-12,11.653713
2000-10-13,10.78327
2000-10-14,12.417743
2000-10-15,12.727667
2000-10-16,11.013396
2000-10-17,9.637194
2000-10-18,10.907387
2000-10-19,9.96511
2000-10-20,11.8379545
2000-10-21,8.76603
2000-10-22,10.833598
2000-10-23,10.955564
2000-10-24,11.687687
2000-10-25,10.104943
2000-10-26,13.136066
2000-10-27,14.411684
2000-10-28,10.922294
2000-10-29,11.817846
2000-10-30,13.0771885
2000-10-31,16.50531
2000-11-01,15.637408
2000-11-02,13.196739
2000-11-03,12.808617
2000-11-04,12.4922495
2000-11-05,12.48725
2000-11-06,11.782731
2000-11-07,11.229152
2000-11-08,10.609948
2000-11-09,9.979882
2000-11-10,9.3872595
2000-11-11,8.907594
2000-11-12,8.306676
2000-11-13,7.8083234
2000-11-14,7.35416
2000-11-15,6.905921
2000-11-16,6.48786
2000-11-17,6.3102994
2000-11-18,6.2058682
2000-11-19,10.418797
2000-11-20,12.8432865
2000-11-21,7.1358657
2000-11-22,5.1766562
2000-11-23,4.8698664
2000-11-24,4.74849
2000-11-25,4.6840844
2000-11-26,8.773066
2000-11-27,5.4307265
2000-11-28,4.738784
2000-11-29,9.739883
2000-11-30,5.2256393
2000-12-01,4.913075
2000-12-02,4.361436
2000-12-03,5.0820007
2000-12-04,3.9827046
2000-12-05,3.6585567
2000-12-06,3.5272937
2000-12-07,3.5636103
2000-12-08,3.5529628
2000-12-09,4.351894
2000-12-10,4.402436
2000-12-11,5.4655066
2000-12-12,3.6281312
2000-12-13,3.1182036
2000-12-14,3.0199523
2000-12-15,2.9289412
2000-12-16,2.8439786
2000-12-17,2.7599435
2000-12-18,2.672475
2000-12-19,2.5850348
2000-12-20,2.5120099
2000-12-21,2.4351408
2000-12-22,2.355461
2000-12-23,2.313156
2000-12-24,2.6619484
2000-12-25,4.5239615
2000-12-26,8.504724
2000-12-27,3.367248
2000-12-28,2.4150028
2000-12-29,2.2498624
2000-12-30,5.9480023
2000-12-31,2.932205
2001-01-01,5.704473
2001-01-02,6.599214
2001-01-03,2.741878
2001-01-04,1.9211241
2001-01-05,1.8671802
2001-01-06,1.8229349
2001-01-07,1.7835816
2001-01-08,1.7665489
2001-01-09,1.7206922
2001-01-10,1.678117
2001-01-11,1.6266177
2001-01-12,1.5798163
2001-01-13,1.5357103
2001-01-14,1.4950172
2001-01-15,1.4491439
2001-01-16,1.4364399
2001-01-17,1.4510761
2001-01-18,1.8449756
2001-01-19,4.0289407
2001-01-20,2.341152
2001-01-21,1.7322308
2001-01-22,3.0604746
2001-01-23,1.6518546
2001-01-24,1.2945468
2001-01-25,1.261822
2001-01-26,3.3769035
2001-01-27,1.7291524
2001-01-28,1.2454064
2001-01-29,1.1816629
2001-01-30,1.1498889
2001-01-31,1.1178565
2001-02-01,1.0914216
2001-02-02,1.0664485
2001-02-03,1.0344731
2001-02-04,0.99938214
2001-02-05,0.96914095
2001-02-06,0.98094296
2001-02-07,0.9740099
2001-02-08,1.846937
2001-02-09,3.3166003
2001-02-10,1.88745
2001-02-11,1.0075841
2001-02-12,0.8847085
2001-02-13,0.86962724
2001-02-14,0.87012815
2001-02-15,0.8698539
2001-02-16,0.8274434
2001-02-17,0.8006083
2001-02-18,0.7809867
2001-02-19,0.7575705
2001-02-20,0.7461373
2001-02-21,0.72956246
2001-02-22,0.71169025
2001-02-23,0.68823534
2001-02-24,0.6642923
2001-02-25,0.63102585
2001-02-26,0.61053765
2001-02-27,0.6142311
2001-02-28,0.5795866
2001-03-01,0.56041473
2001-03-02,0.5442536
2001-03-03,0.44404227
2001-03-04,0.33721137
2001-03-05,0.6233088
2001-03-06,0.3636919
2001-03-07,2.3876903
2001-03-08,3.34758
2001-03-09,4.2190123
2001-03-10,7.2603087
2001-03-11,4.584167
2001-03-12,0.7295102
2001-03-13,0.019161735
2001-03-14,0.00021378683
2001-03-15,2.4861313e-06
2001-03-16,2.8911272e-08
2001-03-17,0.024186328
2001-03-18,0.721305
2001-03-19,1.0294564
2001-03-20,1.7459913
2001-03-21,7.90404
2001-03-22,10.890809
2001-03-23,2.915961
2001-03-24,1.3708122
2001-03-25,5.7793007
2001-03-26,6.4186687
2001-03-27,1.2618897
2001-03-28,1.2079953
2001-03-29,2.4684243
2001-03-30,4.501614
2001-03-31,3.4525824
2001-04-01,11.6788025
2001-04-02,2.3744965
2001-04-03,1.6753283
2001-04-04,0.6628558
2001-04-05,2.1213572
2001-04-06,4.57711
2001-04-07,14.6375
2001-04-08,11.13295
2001-04-09,2.6117744
2001-04-10,1.0010167
2001-04-11,1.3047198
2001-04-12,3.405414
2001-04-13,5.875556
2001-04-14,20.657837
2001-04-15,5.4631605
2001-04-16,2.7475982
2001-04-17,3.1905284
2001-04-18,3.9971428
2001-04-19,5.3455067
2001-04-20,5.1383324
2001-04-21,3.3930023
2001-04-22,3.7551138
2001-04-23,3.3482468
2001-04-24,3.301823
2001-04-25,3.3424497
2001-04-26,7.128083
2001-04-27,19.718159
2001-04-28,7.4489303
2001-04-29,10.488794
2001-04-30,16.529558
2001-05-01,15.0646925
2001-05-02,15.433615
2001-05-03,21.507326
2001-05-04,20.71803
2001-05-05,23.279936
2001-05-06,19.6358
2001-05-07,19.12828
2001-05-08,20.5568
2001-05-09,19.445486
2001-05-10,23.04482
2001-05-11,16.082552
2001-05-12,13.767132
2001-05-13,13.189534
2001-05-14,16.70634
2001-05-15,21.701817
2001-05-16,13.3985815
2001-05-17,13.290376
2001-05-18,12.588273
2001-05-19,17.908438
2001-05-20,11.681149
2001-05-21,16.785082
2001-05-22,24.479929
2001-05-23,14.254162
2001-05-24,19.42642
2001-05-25,16.674318
2001-05-26,16.542616
2001-05-27,25.04925
2001-05-28,28.161375
2001-05-29,121.511185
2001-05-30,56.923355
2001-05-31,29.812794
2001-06-01,32.460976
2001-06-02,24.414776
2001-06-03,18.181684
2001-06-04,17.34282
2001-06-05,13.509677
2001-06-06,12.816827
2001-06-07,14.019803
2001-06-08,12.166703
2001-06-09,18.893135
2001-06-10,15.292241
2001-06-11,11.179583
2001-06-12,15.210007
2001-06-13,22.208668
2001-06-14,13.680766
2001-06-15,13.615584
2001-06-16,14.247352
2001-06-17,12.642515
2001-06-18,13.777583
2001-06-19,21.577185
2001-06-20,22.538897
2001-06-21,22.21278
2001-06-22,22.466063
2001-06-23,21.862614
2001-06-24,20.589073
2001-06-25,18.686924
2001-06-26,16.892323
2001-06-27,15.302214
2001-06-28,26.868195
2001-06-29,18.312437
2001-06-30,13.529299
2001-07-01,12.539531
2001-07-02,12.28656
2001-07-03,14.328755
2001-07-04,11.62371
2001-07-05,11.34753
2001-07-06,13.9723015
2001-07-07,17.940256
2001-07-08,18.60391
2001-07-09,18.164507
2001-07-10,21.384392
2001-07-11,21.850515
2001-07-12,17.620134
2001-07-13,17.834837
2001-07-14,21.961666
2001-07-15,24.538818
2001-07-16,25.46395
2001-07-17,16.597832
2001-07-18,18.710127
2001-07-19,18.727999
2001-07-20,21.492437
2001-07-21,24.509586
2001-07-22,23.45171
2001-07-23,20.35889
2001-07-24,19.928226
2001-07-25,29.272135
2001-07-26,33.728367
2001-07-27,27.361294
2001-07-28,23.854008
2001-07-29,22.039371
2001-07-30,18.257391
2001-07-31,16.347975
2001-08-01,18.885195
2001-08-02,14.561365
2001-08-03,16.488455
2001-08-04,12.38966
2001-08-05,12.038984
2001-08-06,10.299029
2001-08-07,9.568377
2001-08-08,8.870937
2001-08-09,12.634208
2001-08-10,8.919168
2001-08-11,7.737195
2001-08-12,7.2456255
2001-08-13,6.8021574
2001-08-14,6.480721
2001-08-15,6.2095847
2001-08-16,5.9934797
2001-08-17,10.033882
2001-08-18,6.333395
2001-08-19,8.136143
2001-08-20,11.958216
2001-08-21,14.2216215
2001-08-22,11.006981
2001-08-23,10.072862
2001-08-24,5.344966
2001-08-25,7.8009267
2001-08-26,12.454179
2001-08-27,12.067957
2001-08-28,5.3214645
2001-08-29,4.2531157
2001-08-30,4.004256
2001-08-31,3.8048372
2001-09-01,7.0601583
2001-09-02,4.3705297
2001-09-03,3.7549982
2001-09-04,4.540474
2001-09-05,3.887133
2001-09-06,3.8503208
2001-09-07,5.9552
2001-09-08,3.7462308
2001-09-09,12.231997
2001-09-10,5.0628395
2001-09-11,5.334301
2001-09-12,10.007157
2001-09-13,4.5018353
2001-09-14,3.3663764
2001-09-15,13.224522
2001-09-16,5.4886127
2001-09-17,3.8121963
2001-09-18,8.401862
2001-09-19,4.766577
2001-09-20,6.4015093
2001-09-21,4.3254557
2001-09-22,3.8875945
2001-09-23,4.2987294
2001-09-24,6.3603163
2001-09-25,4.411909
2001-09-26,4.297738
2001-09-27,7.9571457
2001-09-28,11.26596
2001-09-29,7.297495
2001-09-30,7.226064
2001-10-01,9.218997
2001-10-02,6.781906
2001-10-03,7.6174307
2001-10-04,6.46848
2001-10-05,5.997993
2001-10-06,5.863941
2001-10-07,8.17681
2001-10-08,6.076602
2001-10-09,5.3870487
2001-10-10,5.2303724
2001-10-11,5.089127
2001-10-12,6.259055
2001-10-13,5.186987
2001-10-14,4.98947
2001-10-15,5.0294123
2001-10-16,4.641417
2001-10-17,6.7576733
2001-10-18,4.848449
2001-10-19,9.96441
2001-10-20,5.372958
2001-10-21,4.1649256
2001-10-22,4.0361986
2001-10-23,15.87602
2001-10-24,8.96518
2001-10-25,5.791268
2001-10-26,10.46432
2001-10-27,5.3711085
2001-10-28,4.181843
2001-10-29,4.1072736
2001-10-30,4.0168686
2001-10-31,6.006094
2001-11-01,9.74657
2001-11-02,6.3359246
2001-11-03,4.8171844
2001-11-04,5.310183
2001-11-05,4.513599
2001-11-06,4.4727426
2001-11-07,4.418469
2001-11-08,4.71482
2001-11-09,5.0565658
2001-11-10,5.850696
2001-11-11,7.3894715
2001-11-12,15.453196
2001-11-13,9.269944
2001-11-14,20.021414
2001-11-15,10.6834545
2001-11-16,8.679222
2001-11-17,13.181228
2001-11-18,13.331992
2001-11-19,10.113477
2001-11-20,13.33367
2001-11-21,14.339359
2001-11-22,14.140852
2001-11-23,22.581228
2001-11-24,16.288517
2001-11-25,12.610058
2001-11-26,11.67353
2001-11-27,11.206257
2001-11-28,10.6006565
2001-11-29,10.015165
2001-11-30,9.453143
2001-12-01,8.855085
2001-12-02,8.306132
2001-12-03,7.809909
2001-12-04,7.3422103
2001-12-05,7.030102
2001-12-06,6.5803795
2001-12-07,8.381477
2001-12-08,9.74384
2001-12-09,9.282809
2001-12-10,10.450152
2001-12-11,13.432502
2001-12-12,12.418978
2001-12-13,25.043785
2001-12-14,16.011257
2001-12-15,12.247358
2001-12-16,12.043106
2001-12-17,11.775318
2001-12-18,13.723165
2001-12-19,11.834084
2001-12-20,14.629084
2001-12-21,13.5185175
2001-12-22,12.454491
2001-12-23,12.095707
2001-12-24,11.848907
2001-12-25,12.586651
2001-12-26,19.531284
2001-12-27,12.607446
2001-12-28,15.226979
2001-12-29,11.353409
2001-12-30,10.355286
2001-12-31,9.822354
2002-01-01,9.365849
2002-01-02,8.901457
2002-01-03,8.414453
2002-01-04,7.930396
2002-01-05,7.4687815
2002-01-06,7.0372357
2002-01-07,6.6324377
2002-01-08,6.232746
2002-01-09,5.848047
2002-01-10,5.4737287
2002-01-11,5.1214023
2002-01-12,4.7958274
2002-01-13,4.4971595
2002-01-14,4.2253656
2002-01-15,4.020928
2002-01-16,3.7773988
2002-01-17,3.5777028
2002-01-18,3.3865795
2002-01-19,3.20403
2002-01-20,3.0389652
2002-01-21,2.9230385
2002-01-22,2.7848353
2002-01-23,2.6540484
2002-01-24,3.013829
2002-01-25,2.8673313
2002-01-26,2.4415567
2002-01-27,2.2954035
2002-01-28,2.189445
2002-01-29,2.0986483
2002-01-30,2.0299318
2002-01-31,1.9724716
2002-02-01,2.219123
2002-02-02,1.9802821
2002-02-03,2.1369314
2002-02-04,1.8697817
2002-02-05,1.7182491
2002-02-06,1.6049825
2002-02-07,1.531538
2002-02-08,1.4630177
2002-02-09,1.3974361
2002-02-10,1.3345973
2002-02-11,1.2735237
2002-02-12,1.2171087
2002-02-13,1.1627659
2002-02-14,1.1085316
2002-02-15,1.0589254
2002-02-16,1.0165918
2002-02-17,0.9721341
2002-02-18,0.9376797
2002-02-19,1.0311596
2002-02-20,1.1089529
2002-02-21,0.905355
2002-02-22,0.8308728
2002-02-23,0.80743706
2002-02-24,0.80856526
2002-02-25,0.87303656
2002-02-26,0.7688963
2002-02-27,0.722258
2002-02-28,0.8488835
2002-03-01,0.707945
2002-03-02,0.65070164
2002-03-03,0.6267715
2002-03-04,1.1152788
2002-03-05,0.70441985
2002-03-06,0.5848054
2002-03-07,0.39925542
2002-03-08,0.061820485
2002-03-09,0.00067259994
2002-03-10,7.821678e-06
2002-03-11,9.095845e-08
2002-03-12,2.614132
2002-03-13,3.7587183
2002-03-14,5.8101335
2002-03-15,1.7582124
2002-03-16,1.9159573
2002-03-17,0.5011974
2002-03-18,0.224607
2002-03-19,3.850749
2002-03-20,4.8118424
2002-03-21,4.811607
2002-03-22,7.6095533
2002-03-23,3.803774
2002-03-24,1.1225737
2002-03-25,6.9793315
2002-03-26,1.9953331
2002-03-27,0.91154057
2002-03-28,1.0242358
2002-03-29,4.679904
2002-03-30,5.935841
2002-03-31,11.109393
2002-04-01,3.0718782
2002-04-02,9.055767
2002-04-03,7.406999
2002-04-04,11.453827
2002-04-05,8.526331
2002-04-06,7.9584765
2002-04-07,8.003231
2002-04-08,8.058029
2002-04-09,13.230953
2002-04-10,8.908813
2002-04-11,8.121862
2002-04-12,7.8226504
2002-04-13,9.353807
2002-04-14,7.726095
2002-04-15,7.2014484
2002-04-16,8.005874
2002-04-17,7.1581187
2002-04-18,11.085921
2002-04-19,10.624918
2002-04-20,9.1106615
2002-04-21,12.6506
2002-04-22,17.264767
2002-04-23,12.806738
2002-04-24,12.786854
2002-04-25,17.324213
2002-04-26,20.408642
2002-04-27,14.585162
2002-04-28,20.466839
2002-04-29,16.799065
2002-04-30,14.820354
2002-05-01,29.684462
2002-05-02,25.3178
2002-05-03,27.102777
2002-05-04,24.037773
2002-05-05,25.935247
2002-05-06,26.790163
2002-05-07,27.620955
2002-05-08,30.526901
2002-05-09,24.171402
2002-05-10,24.306652
2002-05-11,22.97265
2002-05-12,23.1548
2002-05-13,19.54684
2002-05-14,18.29745
2002-05-15,17.96441
2002-05-16,18.218182
2002-05-17,22.82153
2002-05-18,18.352459
2002-05-19,17.837503
2002-05-20,19.697802
2002-05-21,19.196527
2002-05-22,18.685425
2002-05-23,24.709883
2002-05-24,27.082941
2002-05-25,22.177113
2002-05-26,20.805067
2002-05-27,20.715586
2002-05-28,18.56618
2002-05-29,18.208271
2002-05-30,21.641283
2002-05-31,18.699305
2002-06-01,18.934292
2002-06-02,17.572468
2002-06-03,16.351498
2002-06-04,18.464418
2002-06-05,15.374811
2002-06-06,13.617107
2002-06-07,14.524696
2002-06-08,14.459524
2002-06-09,12.060325
2002-06-10,14.683151
2002-06-11,15.415568
2002-06-12,14.97253
2002-06-13,12.397459
2002-06-14,10.248362
2002-06-15,9.366075
2002-06-16,14.230286
2002-06-17,10.129534
2002-06-18,9.621019
2002-06-19,10.046571
2002-06-20,12.471144
2002-06-21,9.687064
2002-06-22,9.016664
2002-06-23,13.775092
2002-06-24,13.164443
2002-06-25,11.830761
2002-06-26,12.036268
2002-06-27,12.486166
2002-06-28,11.955538
2002-06-29,11.583288
2002-06-30,11.271372
2002-07-01,10.879712
2002-07-02,10.719622
2002-07-03,12.382753
2002-07-04,10.265904
2002-07-05,12.294951
2002-07-06,28.672352
2002-07-07,13.44203
2002-07-08,9.554119
2002-07-09,10.565333
2002-07-10,9.242736
2002-07-11,8.882919
2002-07-12,10.999716
2002-07-13,10.389318
2002-07-14,21.18471
2002-07-15,15.231132
2002-07-16,9.315587
2002-07-17,9.186481
2002-07-18,12.585933
2002-07-19,15.181738
2002-07-20,10.8134775
2002-07-21,10.517843
2002-07-22,10.954566
2002-07-23,10.368982
2002-07-24,17.788984
2002-07-25,15.1263895
2002-07-26,18.370121
2002-07-27,20.002644
2002-07-28,18.870543
2002-07-29,20.282818
2002-07-30,21.37307
2002-07-31,16.319574
2002-08-01,18.12695
2002-08-02,14.919656
2002-08-03,13.29064
2002-08-04,14.896474
2002-08-05,17.13542
2002-08-06,12.566524
2002-08-07,11.66191
2002-08-08,16.613998
2002-08-09,11.645151
2002-08-10,16.22182
2002-08-11,19.538612
2002-08-12,11.955227
2002-08-13,10.803029
2002-08-14,13.160956
2002-08-15,10.458073
2002-08-16,12.179006
2002-08-17,11.22644
2002-08-18,9.5985365
2002-08-19,12.698582
2002-08-20,11.437073
2002-08-21,9.506141
2002-08-22,8.898209
2002-08-23,9.085004
2002-08-24,11.31525
2002-08-25,8.957579
2002-08-26,15.121958
2002-08-27,15.384273
2002-08-28,9.048866
2002-08-29,7.7014437
2002-08-30,12.738004
2002-08-31,12.749912
2002-09-01,12.473749
2002-09-02,12.41964
2002-09-03,19.57522
2002-09-04,14.272237
2002-09-05,12.421313
2002-09-06,14.193025
2002-09-07,12.195921
2002-09-08,12.242697
2002-09-09,11.495103
2002-09-10,10.45319
2002-09-11,13.804048
2002-09-12,10.307376
2002-09-13,9.069076
2002-09-14,9.140372
2002-09-15,10.32827
2002-09-16,8.559851
2002-09-17,8.010708
2002-09-18,8.809921
2002-09-19,12.451728
2002-09-20,8.562254
2002-09-21,7.554513
2002-09-22,7.3756185
2002-09-23,6.964748
2002-09-24,6.7040834
2002-09-25,6.4885545
2002-09-26,6.4552526
2002-09-27,6.647455
2002-09-28,12.328807
2002-09-29,7.0584445
2002-09-30,5.5693703
2002-10-01,5.5356016
2002-10-02,9.967982
2002-10-03,8.574066
2002-10-04,4.7394443
2002-10-05,3.9593897
2002-10-06,14.466619
2002-10-07,8.785194
2002-10-08,4.536353
2002-10-09,3.9339871
2002-10-10,8.467983
2002-10-11,5.2698636
2002-10-12,4.5443683
2002-10-13,9.915042
2002-10-14,5.0107503
2002-10-15,3.7371442
2002-10-16,8.403459
2002-10-17,9.843981
2002-10-18,6.332497
2002-10-19,7.46757
2002-10-20,5.300464
2002-10-21,12.557783
2002-10-22,14.388596
2002-10-23,22.851278
2002-10-24,22.850832
2002-10-25,24.14167
2002-10-26,20.297096
2002-10-27,19.107285
2002-10-28,18.728712
2002-10-29,20.769854
2002-10-30,22.507196
2002-10-31,19.425735
2002-11-01,13.9161005
2002-11-02,12.308849
2002-11-03,14.869386
2002-11-04,11.978428
2002-11-05,10.631914
2002-11-06,11.06468
2002-11-07,10.272327
2002-11-08,13.471009
2002-11-09,9.639224
2002-11-10,8.863213
2002-11-11,9.988159
2002-11-12,16.190996
2002-11-13,13.6396675
2002-11-14,14.578011
2002-11-15,10.402276
2002-11-16,9.610862
2002-11-17,18.165043
2002-11-18,12.188189
2002-11-19,13.510023
2002-11-20,10.128866
2002-11-21,10.911006
2002-11-22,15.103977
2002-11-23,10.211959
2002-11-24,8.7772255
2002-11-25,14.414198
2002-11-26,15.627756
2002-11-27,11.550137
2002-11-28,9.682809
2002-11-29,9.2109375
2002-11-30,9.064046
2002-12-01,9.091756
2002-12-02,20.757889
2002-12-03,16.57599
2002-12-04,9.048499
2002-12-05,7.987938
2002-12-06,7.926004
2002-12-07,7.7080917
2002-12-08,7.480591
2002-12-09,7.199583
2002-12-10,6.896085
2002-12-11,6.5847034
2002-12-12,6.271516
2002-12-13,5.95741
2002-12-14,5.6514125
2002-12-15,5.380837
2002-12-16,5.186198
2002-12-17,5.03146
2002-12-18,6.9018025
2002-12-19,5.273029
2002-12-20,4.7969704
2002-12-21,4.7194657
2002-12-22,4.2607346
2002-12-23,4.0531754
2002-12-24,3.9404697
2002-12-25,3.8130965
2002-12-26,3.6678243
2002-12-27,3.7089422
2002-12-28,3.4579382
2002-12-29,3.2927933
2002-12-30,3.1521628
2002-12-31,3.0206082
2003-01-01,2.8935642
2003-01-02,2.7794492
2003-01-03,2.672849
2003-01-04,2.5749354
2003-01-05,2.4790902
2003-01-06,2.3798091
2003-01-07,2.4891555
2003-01-08,2.344797
2003-01-09,2.341605
2003-01-10,2.1753407
2003-01-11,2.2810097
2003-01-12,2.6397514
2003-01-13,2.0901468
2003-01-14,1.9147137
2003-01-15,1.84211
2003-01-16,1.7749708
2003-01-17,1.7062427
2003-01-18,1.6364067
2003-01-19,1.580496
2003-01-20,1.5199376
2003-01-21,1.4669007
2003-01-22,1.4089284
2003-01-23,1.3519089
2003-01-24,1.2972497
2003-01-25,1.2462088
2003-01-26,1.2014272
2003-01-27,1.1830351
2003-01-28,1.1583443
2003-01-29,1.1006945
2003-01-30,1.0572687
2003-01-31,1.0179652
2003-02-01,0.9893646
2003-02-02,0.957317
2003-02-03,0.9468336
2003-02-04,0.939774
2003-02-05,0.99517137
2003-02-06,0.915304
2003-02-07,0.84817547
2003-02-08,0.9708033
2003-02-09,0.9825781
2003-02-10,1.1036075
2003-02-11,0.8501177
2003-02-12,0.9246369
2003-02-13,0.79737395
2003-02-14,0.73561203
2003-02-15,0.7128933
2003-02-16,0.69010943
2003-02-17,0.6648524
2003-02-18,0.62912107
2003-02-19,0.589536
2003-02-20,0.56486315
2003-02-21,0.5509813
2003-02-22,0.38976723
2003-02-23,0.25691292
2003-02-24,0.374747
2003-02-25,0.25469956
2003-02-26,0.4665607
2003-02-27,0.1283708
2003-02-28,0.00966742
2003-03-01,0.0012379395
2003-03-02,0.7111782
2003-03-03,4.178839
2003-03-04,3.9411457
2003-03-05,1.1785582
2003-03-06,0.15612692
2003-03-07,0.14232898
2003-03-08,0.03375454
2003-03-09,1.3490324
2003-03-10,0.27697176
2003-03-11,3.926232
2003-03-12,0.81489116
2003-03-13,0.3106143
2003-03-14,0.68347853
2003-03-15,14.818268
2003-03-16,7.8746
2003-03-17,4.4777036
2003-03-18,0.83223855
2003-03-19,3.697531
2003-03-20,0.7969812
2003-03-21,1.1229192
2003-03-22,1.8917661
2003-03-23,0.81072754
2003-03-24,4.706183
2003-03-25,1.0477964
2003-03-26,2.1834345
2003-03-27,1.5974104
2003-03-28,1.0002657
2003-03-29,9.491293
2003-03-30,6.403096
2003-03-31,1.0239068
2003-04-01,0.17516764
2003-04-02,1.6743613
2003-04-03,1.8406531
2003-04-04,1.0378649
2003-04-05,6.6855426
2003-04-06,5.5151258
2003-04-07,2.7052336
2003-04-08,1.4926043
2003-04-09,1.1287798
2003-04-10,5.0626974
2003-04-11,4.545857
2003-04-12,4.313952
2003-04-13,4.81581
2003-04-14,8.596151
2003-04-15,3.8254588
2003-04-16,3.20713
2003-04-17,3.1906168
2003-04-18,10.919003
2003-04-19,6.7493086
2003-04-20,8.218845
2003-04-21,10.216867
2003-04-22,19.167315
2003-04-23,15.3396015
2003-04-24,15.408135
2003-04-25,15.850082
2003-04-26,17.125381
2003-04-27,17.815954
2003-04-28,16.766068
2003-04-29,13.722955
2003-04-30,21.645895
2003-05-01,14.86284
2003-05-02,12.399833
2003-05-03,13.626656
2003-05-04,13.641656
2003-05-05,11.386037
2003-05-06,11.338232
2003-05-07,14.392016
2003-05-08,18.57794
2003-05-09,12.878141
2003-05-10,13.840606
2003-05-11,12.832511
2003-05-12,12.370066
2003-05-13,13.054634
2003-05-14,15.28173
2003-05-15,12.673719
2003-05-16,11.885425
2003-05-17,13.55826
2003-05-18,11.511228
2003-05-19,11.009497
2003-05-20,10.536101
2003-05-21,10.337287
2003-05-22,9.879953
2003-05-23,11.354542
2003-05-24,9.684155
2003-05-25,13.655626
2003-05-26,14.283149
2003-05-27,24.326153
2003-05-28,18.82897
2003-05-29,24.39511
2003-05-30,21.19352
2003-05-31,20.14657
2003-06-01,18.338305
2003-06-02,17.331287
2003-06-03,16.135818
2003-06-04,15.038044
2003-06-05,15.102271
2003-06-06,15.414508
2003-06-07,12.881455
2003-06-08,22.057892
2003-06-09,14.767304
2003-06-10,13.048505
2003-06-11,13.0461035
2003-06-12,12.826063
2003-06-13,15.687332
2003-06-14,14.818047
2003-06-15,13.587428
2003-06-16,22.200699
2003-06-17,14.05689
2003-06-18,12.685674
2003-06-19,11.945816
2003-06-20,18.622953
2003-06-21,27.332077
2003-06-22,23.814505
2003-06-23,25.746864
2003-06-24,21.742096
2003-06-25,19.829319
2003-06-26,26.224707
2003-06-27,19.620604
2003-06-28,20.154335
2003-06-29,25.479012
2003-06-30,19.596443
2003-07-01,16.486332
2003-07-02,15.050822
2003-07-03,14.939767
2003-07-04,18.185457
2003-07-05,16.970798
2003-07-06,13.901051
2003-07-07,12.540801
2003-07-08,18.99148
2003-07-09,13.528571
2003-07-10,15.031942
2003-07-11,12.703431
2003-07-12,28.06636
2003-07-13,27.36852
2003-07-14,27.30226
2003-07-15,26.803993
2003-07-16,21.786493
2003-07-17,20.547462
2003-07-18,19.348202
2003-07-19,16.65913
2003-07-20,16.148306
2003-07-21,14.441646
2003-07-22,13.362568
2003-07-23,12.403956
2003-07-24,11.626089
2003-07-25,10.655246
2003-07-26,14.579503
2003-07-27,11.203844
2003-07-28,9.022349
2003-07-29,8.569318
2003-07-30,20.591871
2003-07-31,15.206844
2003-08-01,8.572063
2003-08-02,7.9722157
2003-08-03,7.1781464
2003-08-04,6.797558
2003-08-05,6.9052615
2003-08-06,6.3642287
2003-08-07,16.757484
2003-08-08,11.83167
2003-08-09,13.454641
2003-08-10,12.100493
2003-08-11,8.439735
2003-08-12,5.9077992
2003-08-13,5.582184
2003-08-14,6.575378
2003-08-15,12.368219
2003-08-16,14.526469
2003-08-17,7.469954
2003-08-18,6.487162
2003-08-19,8.834754
2003-08-20,9.8131895
2003-08-21,10.441867
2003-08-22,15.544326
2003-08-23,11.382257
2003-08-24,10.848329
2003-08-25,10.120955
2003-08-26,17.399673
2003-08-27,13.648221
2003-08-28,11.023244
2003-08-29,15.307203
2003-08-30,10.3646345
2003-08-31,8.968142
2003-09-01,8.680751
2003-09-02,8.47849
2003-09-03,9.56186
2003-09-04,9.244867
2003-09-05,8.845012
2003-09-06,7.6097193
2003-09-07,7.2982826
2003-09-08,9.595526
2003-09-09,7.3657784
2003-09-10,6.6487145
2003-09-11,15.3991785
2003-09-12,9.521305
2003-09-13,6.6445274
2003-09-14,6.289841
2003-09-15,6.333092
2003-09-16,6.107713
2003-09-17,6.8667736
2003-09-18,6.197803
2003-09-19,5.8273697
2003-09-20,5.608795
2003-09-21,10.342935
2003-09-22,9.987886
2003-09-23,8.561839
2003-09-24,5.7015667
2003-09-25,7.9741716
2003-09-26,5.5536766
2003-09-27,4.9791875
2003-09-28,5.8515043
2003-09-29,11.812905
2003-09-30,6.3607345
2003-10-01,7.3342357
2003-10-02,4.7077756
2003-10-03,3.6589854
2003-10-04,5.564456
2003-10-05,6.1632333
2003-10-06,4.616397
2003-10-07,3.6442945
2003-10-08,3.5063517
2003-10-09,3.479933
2003-10-10,3.9801695
2003-10-11,4.7437663
2003-10-12,3.5071654
2003-10-13,11.598446
2003-10-14,6.197488
2003-10-15,3.6705227
2003-10-16,3.4541447
2003-10-17,6.047739
2003-10-18,4.8953266
2003-10-19,4.2127223
2003-10-20,7.654879
2003-10-21,5.5917473
2003-10-22,5.7368464
2003-10-23,5.152209
2003-10-24,5.074711
2003-10-25,8.577498
2003-10-26,5.649262
2003-10-27,4.8997264
2003-10-28,4.8388677
2003-10-29,6.23191
2003-10-30,12.7930975
2003-10-31,7.2981353
2003-11-01,5.34379
2003-11-02,5.199011
2003-11-03,7.3266935
2003-11-04,6.731873
2003-11-05,5.688355
2003-11-06,6.014572
2003-11-07,7.4864182
2003-11-08,8.950956
2003-11-09,7.380513
2003-11-10,5.7345405
2003-11-11,11.819677
2003-11-12,9.141091
2003-11-13,6.833729
2003-11-14,5.4481626
2003-11-15,5.1545253
2003-11-16,6.3838315
2003-11-17,5.3527775
2003-11-18,4.881219
2003-11-19,4.719813
2003-11-20,4.734174
2003-11-21,4.863601
2003-11-22,12.251179
2003-11-23,14.314436
2003-11-24,6.0289674
2003-11-25,6.2946787
2003-11-26,4.79744
2003-11-27,4.0826735
2003-11-28,5.774011
2003-11-29,12.811862
2003-11-30,10.366074
2003-12-01,4.888928
2003-12-02,4.1577525
2003-12-03,8.262012
2003-12-04,5.458871
2003-12-05,4.385876
2003-12-06,4.6129794
2003-12-07,7.4629364
2003-12-08,6.203816
2003-12-09,4.978877
2003-12-10,8.319985
2003-12-11,10.048113
2003-12-12,7.2421217
2003-12-13,12.802868
2003-12-14,7.964364
2003-12-15,10.074498
2003-12-16,7.3289504
2003-12-17,6.752472
2003-12-18,7.1183653
2003-12-19,7.324299
2003-12-20,9.114935
2003-12-21,7.9775944
2003-12-22,7.1759095
2003-12-23,12.693721
2003-12-24,8.659063
2003-12-25,8.1069565
2003-12-26,7.832465
2003-12-27,11.212097
2003-12-28,8.299845
2003-12-29,7.4107413
2003-12-30,7.1726017
2003-12-31,6.934355
2004-01-01,6.6968575
2004-01-02,6.490212
2004-01-03,6.2870035
2004-01-04,6.0771155
2004-01-05,5.844467
2004-01-06,5.597665
2004-01-07,5.341731
2004-01-08,5.4428134
2004-01-09,5.608204
2004-01-10,4.9300904
2004-01-11,4.6263633
2004-01-12,4.4243326
2004-01-13,4.225034
2004-01-14,4.046611
2004-01-15,3.848222
2004-01-16,3.6574948
2004-01-17,3.4710968
2004-01-18,3.3023236
2004-01-19,3.149909
2004-01-20,2.995372
2004-01-21,2.835307
2004-01-22,2.6857514
2004-01-23,2.5418866
2004-01-24,2.4107003
2004-01-25,2.2845898
2004-01-26,2.1654835
2004-01-27,2.0488381
2004-01-28,1.9425639
2004-01-29,1.8431098
2004-01-30,1.7497573
2004-01-31,1.6644657
2004-02-01,1.5839684
2004-02-02,1.5092275
2004-02-03,1.4377676
2004-02-04,1.3685566
2004-02-05,1.3126941
2004-02-06,1.2538738
2004-02-07,1.197755
2004-02-08,1.1498883
2004-02-09,1.1026348
2004-02-10,1.0558156
2004-02-11,1.0200526
2004-02-12,0.97491103
2004-02-13,0.93674
2004-02-14,0.89762783
2004-02-15,0.8646075
2004-02-16,0.8317864
2004-02-17,0.80042785
2004-02-18,0.762295
2004-02-19,0.73696095
2004-02-20,0.7067408
2004-02-21,0.6792152
2004-02-22,0.8140213
2004-02-23,0.8930552
2004-02-24,0.7879883
2004-02-25,1.0453733
2004-02-26,0.9669668
2004-02-27,0.84417003
2004-02-28,0.79483455
2004-02-29,0.62119275
2004-03-01,0.5374848
2004-03-02,0.5309777
2004-03-03,2.8730862
2004-03-04,0.6395905
2004-03-05,0.044370826
2004-03-06,0.0048961267
2004-03-07,5.3411255e-05
2004-03-08,6.211206e-07
2004-03-09,7.2230235e-09
2004-03-10,8.3996685e-11
2004-03-11,6.04549
2004-03-12,6.523898
2004-03-13,1.9438009
2004-03-14,2.64304
2004-03-15,0.60600024
2004-03-16,8.87557
2004-03-17,1.8584434
2004-03-18,0.09303919
2004-03-19,4.918051
2004-03-20,0.9969614
2004-03-21,0.010839007
2004-03-22,0.00012604703
2004-03-23,3.5229042
2004-03-24,3.6395037
2004-03-25,0.7886518
2004-03-26,0.5183708
2004-03-27,1.0342629
2004-03-28,2.4434242
2004-03-29,11.333964
2004-03-30,3.663792
2004-03-31,0.32307652
2004-04-01,3.2849362
2004-04-02,0.7697846
2004-04-03,3.786958
2004-04-04,15.132367
2004-04-05,3.422078
2004-04-06,4.1733665
2004-04-07,7.238708
2004-04-08,1.9129913
2004-04-09,1.543227
2004-04-10,9.704371
2004-04-11,2.827343
2004-04-12,1.4366711
2004-04-13,2.770334
2004-04-14,1.8895136
2004-04-15,1.9757571
2004-04-16,2.729362
2004-04-17,2.3296144
2004-04-18,7.8075247
2004-04-19,3.0394874
2004-04-20,2.3194306
2004-04-21,1.9227527
2004-04-22,2.2992618
2004-04-23,2.0600882
2004-04-24,19.65177
2004-04-25,5.5652885
2004-04-26,2.8849
2004-04-27,2.5904927
2004-04-28,12.475838
2004-04-29,5.7211742
2004-04-30,7.8025336
2004-05-01,8.019972
2004-05-02,11.204015
2004-05-03,9.127638
2004-05-04,8.731199
2004-05-05,12.892754
2004-05-06,15.325856
2004-05-07,21.096548
2004-05-08,23.783838
2004-05-09,25.933386
2004-05-10,22.255947
2004-05-11,19.008091
2004-05-12,17.49179
2004-05-13,22.654333
2004-05-14,19.484303
2004-05-15,15.37111
2004-05-16,22.791882
2004-05-17,30.634512
2004-05-18,17.68812
2004-05-19,17.750267
2004-05-20,18.800838
2004-05-21,19.48697
2004-05-22,17.108381
2004-05-23,15.938091
2004-05-24,15.197344
2004-05-25,14.218225
2004-05-26,15.281447
2004-05-27,14.152055
2004-05-28,16.013468
2004-05-29,26.020945
2004-05-30,13.902061
2004-05-31,16.704048
2004-06-01,11.919756
2004-06-02,12.403334
2004-06-03,12.878555
2004-06-04,14.859503
2004-06-05,11.748615
2004-06-06,11.851661
2004-06-07,14.406873
2004-06-08,12.811122
2004-06-09,10.654287
2004-06-10,10.412549
2004-06-11,12.696471
2004-06-12,15.002403
2004-06-13,14.644112
2004-06-14,15.300677
2004-06-15,18.778181
2004-06-16,18.283375
2004-06-17,18.6953
2004-06-18,17.761316
2004-06-19,16.72758
2004-06-20,15.649169
2004-06-21,18.929537
2004-06-22,16.490675
2004-06-23,13.02673
2004-06-24,12.50774
2004-06-25,20.796858
2004-06-26,12.361219
2004-06-27,10.351865
2004-06-28,17.123484
2004-06-29,13.54884
2004-06-30,10.268457
2004-07-01,12.074361
2004-07-02,9.692629
2004-07-03,9.272098
2004-07-04,18.151615
2004-07-05,13.742007
2004-07-06,12.834722
2004-07-07,14.710789
2004-07-08,12.973027
2004-07-09,12.577778
2004-07-10,14.41172
2004-07-11,16.31978
2004-07-12,17.931791
2004-07-13,15.567587
2004-07-14,16.096354
2004-07-15,18.30429
2004-07-16,16.527782
2004-07-17,18.697397
2004-07-18,16.577517
2004-07-19,14.860607
2004-07-20,14.566121
2004-07-21,14.1699
2004-07-22,15.139785
2004-07-23,13.491671
2004-07-24,12.333403
2004-07-25,14.057708
2004-07-26,11.793306
2004-07-27,10.759818
2004-07-28,17.956762
2004-07-29,11.592663
2004-07-30,17.551159
2004-07-31,11.544926
2004-08-01,14.054646
2004-08-02,9.887219
2004-08-03,8.87748
2004-08-04,27.966116
2004-08-05,15.609989
2004-08-06,12.678469
2004-08-07,11.78508
2004-08-08,21.133623
2004-08-09,16.355997
2004-08-10,12.886436
2004-08-11,12.942796
2004-08-12,12.800394
2004-08-13,12.368812
2004-08-14,16.405043
2004-08-15,18.582201
2004-08-16,12.094523
2004-08-17,11.324285
2004-08-18,11.626997
2004-08-19,12.874056
2004-08-20,19.681713
2004-08-21,10.694334
2004-08-22,14.381712
2004-08-23,13.031613
2004-08-24,8.8696165
2004-08-25,8.139006
2004-08-26,9.2221365
2004-08-27,7.991901
2004-08-28,7.6585727
2004-08-29,8.275704
2004-08-30,9.384539
2004-08-31,8.386617
2004-09-01,7.1413665
2004-09-02,6.7631297
2004-09-03,6.5352755
2004-09-04,6.96654
2004-09-05,8.942899
2004-09-06,6.6982327
2004-09-07,5.9536667
2004-09-08,5.912703
2004-09-09,9.3655815
2004-09-10,9.27918
2004-09-11,6.029407
2004-09-12,5.2994094
2004-09-13,9.392366
2004-09-14,6.289545
2004-09-15,5.001345
2004-09-16,4.753298
2004-09-17,5.0185976
2004-09-18,4.7314806
2004-09-19,4.4214435
2004-09-20,4.646952
2004-09-21,4.2704825
2004-09-22,4.1488953
2004-09-23,4.0174055
2004-09-24,4.072703
2004-09-25,3.7912822
2004-09-26,5.976304
2004-09-27,10.061654
2004-09-28,4.685674
2004-09-29,7.083593
2004-09-30,4.284618
2004-10-01,3.5270557
2004-10-02,4.4412327
2004-10-03,4.5407605
2004-10-04,4.559818
2004-10-05,8.282541
2004-10-06,5.3815536
2004-10-07,4.3760505
2004-10-08,4.318164
2004-10-09,6.135952
2004-10-10,4.6526356
2004-10-11,4.0965657
2004-10-12,3.9592767
2004-10-13,3.8158736
2004-10-14,3.8730447
2004-10-15,4.349056
2004-10-16,3.7570388
2004-10-17,4.0461903
2004-10-18,6.615678
2004-10-19,4.0613685
2004-10-20,4.06004
2004-10-21,21.646898
2004-10-22,7.054209
2004-10-23,3.5294418
2004-10-24,8.6178255
2004-10-25,7.481825
2004-10-26,4.480626
2004-10-27,5.0231996
2004-10-28,4.5931587
2004-10-29,4.2282357
2004-10-30,4.100381
2004-10-31,4.1609488
2004-11-01,4.7593307
2004-11-02,6.174765
2004-11-03,7.9909363
2004-11-04,9.435508
2004-11-05,7.526609
2004-11-06,7.274158
2004-11-07,9.871477
2004-11-08,19.471085
2004-11-09,17.21563
2004-11-10,15.33891
2004-11-11,14.654892
2004-11-12,14.067517
2004-11-13,15.681846
2004-11-14,22.17752
2004-11-15,16.794178
2004-11-16,16.273348
2004-11-17,12.684589
2004-11-18,11.739953
2004-11-19,11.176203
2004-11-20,15.928323
2004-11-21,27.722496
2004-11-22,14.656602
2004-11-23,10.5766
2004-11-24,17.049528
2004-11-25,15.351797
2004-11-26,16.684055
2004-11-27,12.709537
2004-11-28,11.602621
2004-11-29,11.357017
2004-11-30,10.864403
2004-12-01,10.664357
2004-12-02,10.411937
2004-12-03,10.25087
2004-12-04,13.384338
2004-12-05,10.013499
2004-12-06,13.8475485
2004-12-07,16.462072
2004-12-08,14.194798
2004-12-09,10.514609
2004-12-10,9.87005
2004-12-11,9.674386
2004-12-12,9.442106
2004-12-13,11.434995
2004-12-14,9.679268
2004-12-15,8.712483
2004-12-16,8.396324
2004-12-17,9.88467
2004-12-18,8.024362
2004-12-19,7.3362865
2004-12-20,6.9864945
2004-12-21,6.788899
2004-12-22,12.941936
2004-12-23,7.441728
2004-12-24,5.893502
2004-12-25,5.561377
2004-12-26,5.2751174
2004-12-27,5.0109234
2004-12-28,4.755095
2004-12-29,4.515553
2004-12-30,4.2939925
2004-12-31,4.083738
2005-01-01,3.8777697
2005-01-02,3.832797
2005-01-03,3.6035957
2005-01-04,3.7701237
2005-01-05,3.3950171
2005-01-06,3.2032568
2005-01-07,3.235606
2005-01-08,3.0218272
2005-01-09,3.1712532
2005-01-10,3.3028977
2005-01-11,2.89275
2005-01-12,2.847875
2005-01-13,5.836439
2005-01-14,4.808394
2005-01-15,3.3001573
2005-01-16,3.0001013
2005-01-17,2.5192537
2005-01-18,2.3627996
2005-01-19,2.3014426
2005-01-20,2.2313123
2005-01-21,2.1552918
2005-01-22,2.0856624
2005-01-23,2.0126495
2005-01-24,1.9430026
2005-01-25,1.9184761
2005-01-26,1.8477429
2005-01-27,1.7771862
2005-01-28,1.711831
2005-01-29,1.6501617
2005-01-30,1.6064659
2005-01-31,1.5512199
2005-02-01,1.4958006
2005-02-02,1.4424758
2005-02-03,1.3928883
2005-02-04,1.3511786
2005-02-05,1.4503828
2005-02-06,1.5452713
2005-02-07,1.31342
2005-02-08,1.2629775
2005-02-09,2.4094367
2005-02-10,1.677248
2005-02-11,3.5680614
2005-02-12,5.1795454
2005-02-13,5.6310573
2005-02-14,1.9111805
2005-02-15,1.1534548
2005-02-16,1.0968273
2005-02-17,1.0756556
2005-02-18,1.0574715
2005-02-19,1.0250401
2005-02-20,1.0079976
2005-02-21,0.991738
2005-02-22,0.9712624
2005-02-23,0.9502333
2005-02-24,0.9248772
2005-02-25,0.90194595
2005-02-26,0.87969947
2005-02-27,0.8572395
2005-02-28,0.8633512
2005-03-01,0.8468316
2005-03-02,0.8191677
2005-03-03,2.940438
2005-03-04,2.8152983
2005-03-05,2.176837
2005-03-06,1.1151096
2005-03-07,0.8091929
2005-03-08,1.0076925
2005-03-09,0.8080433
2005-03-10,0.73430234
2005-03-11,0.7074348
2005-03-12,0.69527036
2005-03-13,0.6804514
2005-03-14,0.6646072
2005-03-15,0.64536005
2005-03-16,0.6435821
2005-03-17,0.63442177
2005-03-18,1.4236887
2005-03-19,5.416469
2005-03-20,8.111908
2005-03-21,5.054667
2005-03-22,1.3716598
2005-03-23,0.8044537
2005-03-24,2.4416797
2005-03-25,1.1744211
2005-03-26,0.64163166
2005-03-27,0.7105543
2005-03-28,0.6968401
2005-03-29,0.68006045
2005-03-30,3.2392924
2005-03-31,1.1290892
2005-04-01,1.6543748
2005-04-02,0.79244375
2005-04-03,8.342502
2005-04-04,2.504953
2005-04-05,8.08511
2005-04-06,4.4525414
2005-04-07,10.873384
2005-04-08,4.2401414
2005-04-09,11.660535
2005-04-10,3.2572567
2005-04-11,2.363861
2005-04-12,1.7010542
2005-04-13,8.176255
2005-04-14,14.401403
2005-04-15,14.603117
2005-04-16,13.698149
2005-04-17,5.348767
2005-04-18,3.6450238
2005-04-19,3.902611
2005-04-20,5.764432
2005-04-21,4.7311563
2005-04-22,12.497241
2005-04-23,9.221439
2005-04-24,10.060222
2005-04-25,10.821112
2005-04-26,12.280746
2005-04-27,13.243866
2005-04-28,18.41999
2005-04-29,19.493347
2005-04-30,19.48146
2005-05-01,18.589327
2005-05-02,17.388302
2005-05-03,16.559412
2005-05-04,15.83547
2005-05-05,18.88464
2005-05-06,14.093938
2005-05-07,16.795897
2005-05-08,12.424073
2005-05-09,15.365968
2005-05-10,13.042117
2005-05-11,11.058896
2005-05-12,11.897904
2005-05-13,21.062206
2005-05-14,13.244367
2005-05-15,11.142561
2005-05-16,14.340461
2005-05-17,11.212904
2005-05-18,12.668787
2005-05-19,10.429584
2005-05-20,9.68181
2005-05-21,9.306479
2005-05-22,9.213637
2005-05-23,14.195438
2005-05-24,10.583193
2005-05-25,8.389087
2005-05-26,7.856915
2005-05-27,20.46431
2005-05-28,10.724329
2005-05-29,11.969516
2005-05-30,8.736969
2005-05-31,12.981966
2005-06-01,17.786077
2005-06-02,16.26674
2005-06-03,12.914042
2005-06-04,13.909589
2005-06-05,13.311559
2005-06-06,23.09086
2005-06-07,14.772606
2005-06-08,12.17247
2005-06-09,11.818153
2005-06-10,12.715036
2005-06-11,19.74153
2005-06-12,12.472739
2005-06-13,16.809721
2005-06-14,14.345149
2005-06-15,14.3009815
2005-06-16,15.757215
2005-06-17,11.575039
2005-06-18,9.705384
2005-06-19,12.199761
2005-06-20,12.1409645
2005-06-21,14.724159
2005-06-22,14.25505
2005-06-23,22.641138
2005-06-24,11.781035
2005-06-25,9.566123
2005-06-26,9.936636
2005-06-27,10.9304695
2005-06-28,10.365092
2005-06-29,9.900958
2005-06-30,12.410619
2005-07-01,14.899374
2005-07-02,13.25957
2005-07-03,11.808477
2005-07-04,9.72992
2005-07-05,9.186399
2005-07-06,9.195412
2005-07-07,30.962564
2005-07-08,18.476263
2005-07-09,11.728627
2005-07-10,10.296013
2005-07-11,9.9592905
2005-07-12,9.699206
2005-07-13,9.996569
2005-07-14,9.314205
2005-07-15,8.85799
2005-07-16,8.532225
2005-07-17,8.39018
2005-07-18,8.557655
2005-07-19,14.290021
2005-07-20,8.996892
2005-07-21,7.5243607
2005-07-22,7.292684
2005-07-23,7.1102552
2005-07-24,6.959637
2005-07-25,12.716927
2005-07-26,8.063095
2005-07-27,6.965376
2005-07-28,8.119357
2005-07-29,6.8393517
2005-07-30,10.70314
2005-07-31,7.413348
2005-08-01,6.4183493
2005-08-02,6.4267845
2005-08-03,12.321531
2005-08-04,13.179241
2005-08-05,11.339552
2005-08-06,8.349832
2005-08-07,8.586175
2005-08-08,22.417809
2005-08-09,13.52535
2005-08-10,8.386393
2005-08-11,7.7718163
2005-08-12,7.3930016
2005-08-13,7.1931744
2005-08-14,7.069386
2005-08-15,7.107873
2005-08-16,12.982875
2005-08-17,13.858683
2005-08-18,7.9046135
2005-08-19,13.247116
2005-08-20,7.7165046
2005-08-21,6.28896
2005-08-22,6.0893884
2005-08-23,5.96904
2005-08-24,9.964131
2005-08-25,12.075878
2005-08-26,10.573559
2005-08-27,6.282389
2005-08-28,5.389675
2005-08-29,5.3110228
2005-08-30,5.2699175
2005-08-31,5.217012
2005-09-01,7.2759356
2005-09-02,5.427118
2005-09-03,4.806349
2005-09-04,6.4960523
2005-09-05,4.9606004
2005-09-06,5.2454267
2005-09-07,6.161903
2005-09-08,12.694724
2005-09-09,9.474092
2005-09-10,7.878572
2005-09-11,5.1988716
2005-09-12,4.6172
2005-09-13,8.595649
2005-09-14,5.839553
2005-09-15,4.897454
2005-09-16,5.0434375
2005-09-17,4.929269
2005-09-18,4.8967214
2005-09-19,4.8323402
2005-09-20,10.95937
2005-09-21,5.9725533
2005-09-22,4.656364
2005-09-23,4.7486753
2005-09-24,7.035901
2005-09-25,4.87006
2005-09-26,4.2404304
2005-09-27,4.307465
2005-09-28,16.474804
2005-09-29,9.124656
2005-09-30,4.4714556
2005-10-01,3.8789618
2005-10-02,3.7400856
2005-10-03,3.5595808
2005-10-04,3.3702967
2005-10-05,3.4768608
2005-10-06,6.4933343
2005-10-07,11.884811
2005-10-08,4.7706995
2005-10-09,3.0176685
2005-10-10,3.0910413
2005-10-11,2.9171915
2005-10-12,2.8664515
2005-10-13,6.702914
2005-10-14,4.5967283
2005-10-15,3.458227
2005-10-16,2.7497408
2005-10-17,2.7108276
2005-10-18,2.603689
2005-10-19,9.622329
2005-10-20,3.951923
2005-10-21,2.7268593
2005-10-22,4.557595
2005-10-23,3.0559053
2005-10-24,2.8538625
2005-10-25,7.8017297
2005-10-26,3.738324
2005-10-27,2.6745648
2005-10-28,2.7663052
2005-10-29,14.822607
2005-10-30,11.205199
2005-10-31,11.241324
2005-11-01,9.884917
2005-11-02,15.860461
2005-11-03,10.682619
2005-11-04,12.176069
2005-11-05,14.048929
2005-11-06,20.082869
2005-11-07,19.651386
2005-11-08,18.82634
2005-11-09,15.138835
2005-11-10,19.725004
2005-11-11,13.581458
2005-11-12,12.590065
2005-11-13,11.550029
2005-11-14,11.796475
2005-11-15,11.023058
2005-11-16,14.119876
2005-11-17,10.806251
2005-11-18,9.690667
2005-11-19,9.414776
2005-11-20,14.97838
2005-11-21,13.743782
2005-11-22,9.455184
2005-11-23,8.0007
2005-11-24,7.9101243
2005-11-25,7.7382646
2005-11-26,7.1384497
2005-11-27,6.752251
2005-11-28,6.4302936
2005-11-29,6.1109066
2005-11-30,5.803745
2005-12-01,5.508935
2005-12-02,5.2286386
2005-12-03,4.9638586
2005-12-04,4.809586
2005-12-05,4.598897
2005-12-06,5.421367
2005-12-07,4.4024796
2005-12-08,3.9901564
2005-12-09,3.7891517
2005-12-10,3.6011193
2005-12-11,3.4314945
2005-12-12,3.7561939
2005-12-13,3.3119144
2005-12-14,3.182777
2005-12-15,3.7793067
2005-12-16,3.009708
2005-12-17,2.856239
2005-12-18,2.7746477
2005-12-19,2.6199133
2005-12-20,2.480141
2005-12-21,2.3712738
2005-12-22,2.3145776
2005-12-23,2.233874
2005-12-24,2.1703613
2005-12-25,2.0956047
2005-12-26,2.0189197
2005-12-27,1.9771127
2005-12-28,1.8954726
2005-12-29,1.8224543
2005-12-30,1.7431501
2005-12-31,1.6676455
2006-01-01,1.5974448
2006-01-02,1.5295814
2006-01-03,1.4681063
2006-01-04,1.4099596
2006-01-05,1.4091966
2006-01-06,1.4298699
2006-01-07,1.321307
2006-01-08,1.2997363
2006-01-09,1.6555089
2006-01-10,1.2599777
2006-01-11,1.1401974
2006-01-12,1.0915699
2006-01-13,1.0517863
2006-01-14,1.0155823
2006-01-15,0.98873097
2006-01-16,0.96238166
2006-01-17,1.1567755
2006-01-18,1.2832336
2006-01-19,2.1331637
2006-01-20,1.1371995
2006-01-21,0.8631431
2006-01-22,0.82638246
2006-01-23,0.81148005
2006-01-24,1.0497656
2006-01-25,0.96258986
2006-01-26,5.9158936
2006-01-27,1.9307171
2006-01-28,5.176048
2006-01-29,3.9170294
2006-01-30,2.6162798
2006-01-31,1.6479679
2006-02-01,4.184805
2006-02-02,1.3922876
2006-02-03,0.7648741
2006-02-04,6.881029
2006-02-05,4.716702
2006-02-06,1.2766744
2006-02-07,0.6869524
2006-02-08,0.66920006
2006-02-09,0.6568843
2006-02-10,0.64228004
2006-02-11,0.63773745
2006-02-12,0.64920723
2006-02-13,0.669443
2006-02-14,0.63839495
2006-02-15,0.60011613
2006-02-16,0.58584297
2006-02-17,0.5773363
2006-02-18,0.5624915
2006-02-19,0.5589308
2006-02-20,0.5535417
2006-02-21,0.5351509
2006-02-22,0.52340835
2006-02-23,0.51270455
2006-02-24,0.5074778
2006-02-25,0.5064431
2006-02-26,0.48371732
2006-02-27,0.4696711
2006-02-28,0.46871728
2006-03-01,0.50326884
2006-03-02,0.49561882
2006-03-03,0.46289942
2006-03-04,0.5567619
2006-03-05,0.48618776
2006-03-06,0.57161766
2006-03-07,1.1805665
2006-03-08,0.8097373
2006-03-09,0.693998
2006-03-10,1.5450212
2006-03-11,0.62860084
2006-03-12,0.42077333
2006-03-13,0.38233835
2006-03-14,0.37281996
2006-03-15,0.36535698
2006-03-16,0.35889676
2006-03-17,0.64140487
2006-03-18,0.7798313
2006-03-19,2.0337605
2006-03-20,0.6937866
2006-03-21,2.0691812
2006-03-22,1.9525161
2006-03-23,7.6466417
2006-03-24,2.931787
2006-03-25,7.0597544
2006-03-26,1.9446036
2006-03-27,10.0113535
2006-03-28,2.548623
2006-03-29,2.1992562
2006-03-30,10.121912
2006-03-31,2.3575857
2006-04-01,0.5222343
2006-04-02,1.585668
2006-04-03,10.532567
2006-04-04,3.136904
2006-04-05,4.4020715
2006-04-06,10.0902605
2006-04-07,2.4500823
2006-04-08,2.5271785
2006-04-09,4.3234487
2006-04-10,1.5002496
2006-04-11,0.8324458
2006-04-12,0.8762609
2006-04-13,1.2893566
2006-04-14,9.209221
2006-04-15,8.46361
2006-04-16,8.230816
2006-04-17,5.5973535
2006-04-18,13.016761
2006-04-19,4.199126
2006-04-20,2.2499938
2006-04-21,8.229253
2006-04-22,12.302697
2006-04-23,8.258063
2006-04-24,12.822056
2006-04-25,7.8141484
2006-04-26,4.507151
2006-04-27,4.3363905
2006-04-28,9.345511
2006-04-29,5.8330226
2006-04-30,5.514052
2006-05-01,13.164905
2006-05-02,17.857618
2006-05-03,16.873777
2006-05-04,16.618372
2006-05-05,15.898909
2006-05-06,15.199042
2006-05-07,14.419265
2006-05-08,13.621571
2006-05-09,14.950487
2006-05-10,12.700678
2006-05-11,11.527579
2006-05-12,11.07502
2006-05-13,10.197889
2006-05-14,9.531053
2006-05-15,8.974951
2006-05-16,8.418918
2006-05-17,7.934897
2006-05-18,7.51923
2006-05-19,7.4105678
2006-05-20,8.556513
2006-05-21,7.1141706
2006-05-22,6.604785
2006-05-23,5.8215218
2006-05-24,11.943833
2006-05-25,7.686872
2006-05-26,5.615204
2006-05-27,5.306917
2006-05-28,6.786872
2006-05-29,5.287562
2006-05-30,10.649101
2006-05-31,5.7406535
2006-06-01,9.901742
2006-06-02,15.540606
2006-06-03,6.4991198
2006-06-04,4.556788
2006-06-05,11.03504
2006-06-06,17.175968
2006-06-07,7.1935177
2006-06-08,13.012384
2006-06-09,11.446559
2006-06-10,7.279739
2006-06-11,6.102114
2006-06-12,6.069705
2006-06-13,7.545478
2006-06-14,7.3631988
2006-06-15,11.822934
2006-06-16,16.307764
2006-06-17,11.237134
2006-06-18,8.629303
2006-06-19,9.037292
2006-06-20,9.39087
2006-06-21,9.429444
2006-06-22,12.623343
2006-06-23,10.993285
2006-06-24,8.888066
2006-06-25,8.3570595
2006-06-26,8.173139
2006-06-27,10.567807
2006-06-28,14.0321865
2006-06-29,16.593496
2006-06-30,10.794317
2006-07-01,9.089706
2006-07-02,10.977894
2006-07-03,23.564514
2006-07-04,27.943005
2006-07-05,21.370127
2006-07-06,19.631697
2006-07-07,19.061066
2006-07-08,18.176706
2006-07-09,17.056164
2006-07-10,15.757906
2006-07-11,18.299274
2006-07-12,21.153553
2006-07-13,17.890045
2006-07-14,12.583565
2006-07-15,11.139814
2006-07-16,14.639961
2006-07-17,10.715587
2006-07-18,11.432786
2006-07-19,14.310325
2006-07-20,9.778962
2006-07-21,8.546382
2006-07-22,8.27797
2006-07-23,17.355751
2006-07-24,11.89696
2006-07-25,18.275934
2006-07-26,10.495826
2006-07-27,7.666464
2006-07-28,7.4697447
2006-07-29,23.381792
2006-07-30,12.622241
2006-07-31,10.015948
2006-08-01,13.39528
2006-08-02,18.910322
2006-08-03,16.115898
2006-08-04,10.4420395
2006-08-05,13.407737
2006-08-06,9.792182
2006-08-07,10.532981
2006-08-08,12.767039
2006-08-09,14.681565
2006-08-10,9.2399645
2006-08-11,8.322946
2006-08-12,10.282821
2006-08-13,8.136517
2006-08-14,8.148746
2006-08-15,7.516507
2006-08-16,9.444847
2006-08-17,7.562529
2006-08-18,7.0466523
2006-08-19,8.106452
2006-08-20,10.286649
2006-08-21,7.0859833
2006-08-22,6.6505103
2006-08-23,5.9873104
2006-08-24,10.4319515
2006-08-25,6.4223013
2006-08-26,5.23374
2006-08-27,5.1202435
2006-08-28,4.915951
2006-08-29,4.771237
2006-08-30,5.4256883
2006-08-31,8.651792
2006-09-01,5.071804
2006-09-02,5.9018226
2006-09-03,4.3657007
2006-09-04,5.1941967
2006-09-05,8.053902
2006-09-06,4.615496
2006-09-07,4.114567
2006-09-08,4.2750673
2006-09-09,3.6433914
2006-09-10,3.5707264
2006-09-11,15.13547
2006-09-12,6.5663304
2006-09-13,3.696874
2006-09-14,7.2340946
2006-09-15,4.049172
2006-09-16,5.4809313
2006-09-17,6.5634484
2006-09-18,8.6924715
2006-09-19,11.748244
2006-09-20,8.648198
2006-09-21,9.962779
2006-09-22,8.470352
2006-09-23,8.030521
2006-09-24,8.267268
2006-09-25,8.746806
2006-09-26,8.333468
2006-09-27,8.206234
2006-09-28,7.1478453
2006-09-29,6.761287
2006-09-30,6.8320518
2006-10-01,7.6245513
2006-10-02,5.160673
2006-10-03,16.017025
2006-10-04,7.7050123
2006-10-05,6.1561575
2006-10-06,11.022501
2006-10-07,9.465925
2006-10-08,6.8372397
2006-10-09,6.1507
2006-10-10,6.0269117
2006-10-11,7.270867
2006-10-12,6.038491
2006-10-13,5.765853
2006-10-14,13.8477335
2006-10-15,8.58674
2006-10-16,5.972416
2006-10-17,5.747095
2006-10-18,7.1649113
2006-10-19,6.024682
2006-10-20,5.6897426
2006-10-21,8.552993
2006-10-22,6.4111342
2006-10-23,8.56921
2006-10-24,16.314999
2006-10-25,7.8957443
2006-10-26,5.8237987
2006-10-27,6.4086804
2006-10-28,5.9073477
2006-10-29,8.679364
2006-10-30,6.222253
2006-10-31,5.337741
2006-11-01,6.460745
2006-11-02,5.3022885
2006-11-03,4.890161
2006-11-04,4.7859335
2006-11-05,4.72878
2006-11-06,13.592401
2006-11-07,6.271983
2006-11-08,5.8946724
2006-11-09,9.678811
2006-11-10,6.206893
2006-11-11,5.473651
2006-11-12,4.2787786
2006-11-13,18.026867
2006-11-14,14.26449
2006-11-15,10.654445
2006-11-16,10.9255705
2006-11-17,11.245495
2006-11-18,11.832401
2006-11-19,17.857695
2006-11-20,16.276173
2006-11-21,14.74243
2006-11-22,16.0306
2006-11-23,17.390135
2006-11-24,15.533207
2006-11-25,15.225797
2006-11-26,14.847634
2006-11-27,14.276684
2006-11-28,13.546786
2006-11-29,12.680426
2006-11-30,18.798784
2006-12-01,12.16137
2006-12-02,11.051873
2006-12-03,9.366794
2006-12-04,8.479519
2006-12-05,7.8882446
2006-12-06,7.431269
2006-12-07,7.231011
2006-12-08,6.8421206
2006-12-09,6.3479776
2006-12-10,8.387051
2006-12-11,6.071666
2006-12-12,5.9657874
2006-12-13,7.0932527
2006-12-14,6.7638617
2006-12-15,4.8250084
2006-12-16,4.2864676
2006-12-17,4.0945783
2006-12-18,3.9389825
2006-12-19,3.7434804
2006-12-20,3.575406
2006-12-21,3.615859
2006-12-22,3.8936598
2006-12-23,3.772813
2006-12-24,6.843221
2006-12-25,3.8218048
2006-12-26,2.9425862
2006-12-27,2.824181
2006-12-28,3.3587065
2006-12-29,3.0133505
2006-12-30,2.8115664
2006-12-31,2.597346
2007-01-01,2.4513376
2007-01-02,2.3759506
2007-01-03,2.2888923
2007-01-04,2.2123377
2007-01-05,2.1311626
2007-01-06,2.0560994
2007-01-07,1.9786646
2007-01-08,1.9060454
2007-01-09,1.8359241
2007-01-10,1.7735497
2007-01-11,1.7105908
2007-01-12,1.6514022
2007-01-13,1.6133723
2007-01-14,1.5745403
2007-01-15,1.4988335
2007-01-16,1.4396358
2007-01-17,1.3864405
2007-01-18,1.3327329
2007-01-19,1.2989438
2007-01-20,1.4068351
2007-01-21,1.2764142
2007-01-22,1.271736
2007-01-23,1.4276996
2007-01-24,1.3523558
2007-01-25,1.1407115
2007-01-26,1.070387
2007-01-27,1.0340648
2007-01-28,1.0040411
2007-01-29,0.97634476
2007-01-30,0.9444404
2007-01-31,0.91372496
2007-02-01,0.8756634
2007-02-02,0.841263
2007-02-03,0.80668855
2007-02-04,0.78084934
2007-02-05,0.7577543
2007-02-06,0.72781605
2007-02-07,0.70011693
2007-02-08,0.6718222
2007-02-09,0.6499043
2007-02-10,0.61839485
2007-02-11,0.5986348
2007-02-12,0.57739264
2007-02-13,0.55150014
2007-02-14,0.5370284
2007-02-15,0.5174578
2007-02-16,0.4961243
2007-02-17,0.48173526
2007-02-18,0.45899564
2007-02-19,0.44024128
2007-02-20,0.43203366
2007-02-21,0.41130286
2007-02-22,0.39923343
2007-02-23,0.38386002
2007-02-24,0.37014586
2007-02-25,0.35533664
2007-02-26,0.3544071
2007-02-27,0.36190963
2007-02-28,0.41170207
2007-03-01,0.33970773
2007-03-02,0.30742586
2007-03-03,0.30601716
2007-03-04,0.6762379
2007-03-05,0.6496565
2007-03-06,0.34613404
2007-03-07,0.31198105
2007-03-08,1.3583944
2007-03-09,3.9179177
2007-03-10,1.162551
2007-03-11,0.4207107
2007-03-12,0.32078743
2007-03-13,0.26870131
2007-03-14,0.30111283
2007-03-15,0.2924106
2007-03-16,4.5252247
2007-03-17,2.4306428
2007-03-18,0.57211536
2007-03-19,5.264963
2007-03-20,6.043911
2007-03-21,5.10621
2007-03-22,1.2902929
2007-03-23,4.05173
2007-03-24,12.12951
2007-03-25,3.826234
2007-03-26,0.5879966
2007-03-27,0.24122396
2007-03-28,7.6376266
2007-03-29,8.020113
2007-03-30,5.583062
2007-03-31,2.6002524
2007-04-01,1.1082057
2007-04-02,5.853434
2007-04-03,2.0549545
2007-04-04,2.07072
2007-04-05,0.75986207
2007-04-06,1.5723995
2007-04-07,11.955778
2007-04-08,4.16644
2007-04-09,6.03404
2007-04-10,3.6172605
2007-04-11,7.1417265
2007-04-12,1.7891034
2007-04-13,2.6340182
2007-04-14,7.713338
2007-04-15,3.4297996
2007-04-16,1.9548273
2007-04-17,13.055421
2007-04-18,9.887289
2007-04-19,4.9303665
2007-04-20,11.630315
2007-04-21,7.1852226
2007-04-22,2.8465512
2007-04-23,7.60123
2007-04-24,16.279207
2007-04-25,9.503175
2007-04-26,8.821128
2007-04-27,8.753545
2007-04-28,9.827048
2007-04-29,29.429186
2007-04-30,39.72404
2007-05-01,32.949123
2007-05-02,26.378695
2007-05-03,25.062227
2007-05-04,20.895765
2007-05-05,16.783644
2007-05-06,14.693103
2007-05-07,13.189872
2007-05-08,13.299045
2007-05-09,21.056812
2007-05-10,13.300813
2007-05-11,15.225901
2007-05-12,13.144742
2007-05-13,10.448385
2007-05-14,14.187572
2007-05-15,10.498306
2007-05-16,9.357526
2007-05-17,9.212617
2007-05-18,14.060524
2007-05-19,15.756116
2007-05-20,11.070476
2007-05-21,9.436967
2007-05-22,9.629964
2007-05-23,9.779652
2007-05-24,9.646789
2007-05-25,15.58208
2007-05-26,14.583132
2007-05-27,10.004191
2007-05-28,8.934409
2007-05-29,9.196774
2007-05-30,15.4234915
2007-05-31,18.224115
2007-06-01,11.94917
2007-06-02,13.160767
2007-06-03,15.524214
2007-06-04,11.896459
2007-06-05,21.27997
2007-06-06,17.38644
2007-06-07,17.74928
2007-06-08,21.067793
2007-06-09,21.60631
2007-06-10,20.892902
2007-06-11,27.985048
2007-06-12,31.772682
2007-06-13,26.120028
2007-06-14,19.659431
2007-06-15,18.18869
2007-06-16,16.052374
2007-06-17,15.122711
2007-06-18,16.076826
2007-06-19,16.341806
2007-06-20,24.260643
2007-06-21,20.050606
2007-06-22,13.357951
2007-06-23,12.28918
2007-06-24,19.844542
2007-06-25,12.683033
2007-06-26,13.602638
2007-06-27,23.080448
2007-06-28,20.71322
2007-06-29,19.130543
2007-06-30,18.601192
2007-07-01,18.00388
2007-07-02,17.350517
2007-07-03,16.694439
2007-07-04,15.570374
2007-07-05,14.553642
2007-07-06,16.304491
2007-07-07,13.027296
2007-07-08,11.57612
2007-07-09,10.945484
2007-07-10,12.904624
2007-07-11,16.274014
2007-07-12,10.638243
2007-07-13,9.128246
2007-07-14,11.866105
2007-07-15,13.464735
2007-07-16,13.862391
2007-07-17,10.476839
2007-07-18,8.283008
2007-07-19,7.802185
2007-07-20,13.319289
2007-07-21,9.334041
2007-07-22,8.666471
2007-07-23,7.4662576
2007-07-24,7.1106043
2007-07-25,7.6799974
2007-07-26,7.081597
2007-07-27,12.680172
2007-07-28,7.909938
2007-07-29,6.6362286
2007-07-30,6.362231
2007-07-31,6.164115
2007-08-01,6.0348344
2007-08-02,5.8225136
2007-08-03,7.120446
2007-08-04,7.317507
2007-08-05,6.4862924
2007-08-06,5.362503
2007-08-07,5.033402
2007-08-08,4.992318
2007-08-09,4.763269
2007-08-10,4.6497755
2007-08-11,4.5097256
2007-08-12,14.218282
2007-08-13,8.828054
2007-08-14,4.736177
2007-08-15,4.130094
2007-08-16,4.271051
2007-08-17,9.619709
2007-08-18,5.125848
2007-08-19,7.163184
2007-08-20,4.4951463
2007-08-21,16.12528
2007-08-22,6.437979
2007-08-23,3.8526788
2007-08-24,3.9690623
2007-08-25,3.8040943
2007-08-26,4.0477233
2007-08-27,5.643241
2007-08-28,5.0277567
2007-08-29,6.44053
2007-08-30,9.551051
2007-08-31,7.74556
2007-09-01,7.8222547
2007-09-02,13.2784605
2007-09-03,8.665857
2007-09-04,9.428913
2007-09-05,10.259044
2007-09-06,7.6676555
2007-09-07,7.385887
2007-09-08,9.991162
2007-09-09,7.375544
2007-09-10,11.8992405
2007-09-11,7.5863485
2007-09-12,11.074591
2007-09-13,7.5082607
2007-09-14,9.010177
2007-09-15,11.89141
2007-09-16,15.017916
2007-09-17,11.831072
2007-09-18,12.1445
2007-09-19,16.687252
2007-09-20,12.877644
2007-09-21,12.232365
2007-09-22,9.977939
2007-09-23,9.2252245
2007-09-24,10.865552
2007-09-25,20.665562
2007-09-26,10.780308
2007-09-27,15.884379
2007-09-28,14.528763
2007-09-29,9.927359
2007-09-30,22.342873
2007-10-01,11.570635
2007-10-02,12.990871
2007-10-03,10.214759
2007-10-04,11.524752
2007-10-05,9.636715
2007-10-06,10.955459
2007-10-07,9.374313
2007-10-08,8.555321
2007-10-09,12.142983
2007-10-10,11.057385
2007-10-11,8.367863
2007-10-12,9.585235
2007-10-13,7.6980968
2007-10-14,8.090722
2007-10-15,11.474796
2007-10-16,7.6527495
2007-10-17,10.74893
2007-10-18,11.099062
2007-10-19,7.031763
2007-10-20,11.123868
2007-10-21,8.302245
2007-10-22,6.452672
2007-10-23,6.945395
2007-10-24,6.147705
2007-10-25,5.9651155
2007-10-26,6.4322734
2007-10-27,8.038802
2007-10-28,15.667879
2007-10-29,11.886167
2007-10-30,7.4758825
2007-10-31,10.087333
2007-11-01,7.956424
2007-11-02,5.793191
2007-11-03,5.4349484
2007-11-04,5.393428
2007-11-05,7.244047
2007-11-06,6.404553
2007-11-07,5.4753227
2007-11-08,8.595603
2007-11-09,5.8947506
2007-11-10,7.9965296
2007-11-11,5.607357
2007-11-12,6.0290504
2007-11-13,5.087605
2007-11-14,18.463354
2007-11-15,7.5267406
2007-11-16,10.226862
2007-11-17,11.726942
2007-11-18,11.452759
2007-11-19,9.421828
2007-11-20,9.378394
2007-11-21,9.576
2007-11-22,12.5852785
2007-11-23,10.967282
2007-11-24,13.6648245
2007-11-25,14.476896
2007-11-26,16.069948
2007-11-27,14.255301
2007-11-28,13.23641
2007-11-29,12.4483185
2007-11-30,11.611135
2007-12-01,10.771173
2007-12-02,9.958196
2007-12-03,9.194938
2007-12-04,8.501404
2007-12-05,7.8784013
2007-12-06,7.2933097
2007-12-07,6.766033
2007-12-08,6.285743
2007-12-09,5.8640814
2007-12-10,5.464523
2007-12-11,5.0950136
2007-12-12,4.765982
2007-12-13,4.493561
2007-12-14,4.829709
2007-12-15,4.411023
2007-12-16,4.0718713
2007-12-17,3.7707727
2007-12-18,3.5370686
2007-12-19,3.3539891
2007-12-20,3.18863
2007-12-21,3.1365807
2007-12-22,3.0434287
2007-12-23,3.2558963
2007-12-24,2.8934424
2007-12-25,2.7586994
2007-12-26,5.3498855
2007-12-27,3.1000032
2007-12-28,2.572146
2007-12-29,2.3588414
2007-12-30,2.2323623
2007-12-31,2.1356263
2008-01-01,2.0499787
2008-01-02,1.8383194
2008-01-03,1.6935183
2008-01-04,1.6179079
2008-01-05,1.5868574
2008-01-06,1.5513299
2008-01-07,1.6745552
2008-01-08,6.2554784
2008-01-09,2.4066577
2008-01-10,1.399431
2008-01-11,1.3292114
2008-01-12,1.2878339
2008-01-13,1.2395957
2008-01-14,1.2073987
2008-01-15,1.3921785
2008-01-16,1.2043647
2008-01-17,1.1153792
2008-01-18,1.077466
2008-01-19,1.0397043
2008-01-20,1.0005318
2008-01-21,0.9704834
2008-01-22,0.94394004
2008-01-23,0.9035802
2008-01-24,0.869063
2008-01-25,0.8454151
2008-01-26,0.8109456
2008-01-27,0.7803368
2008-01-28,0.7541652
2008-01-29,0.7261397
2008-01-30,0.6983824
2008-01-31,0.67072487
2008-02-01,0.64773625
2008-02-02,0.6201344
2008-02-03,0.59983706
2008-02-04,0.57352096
2008-02-05,0.55375594
2008-02-06,0.5352296
2008-02-07,0.52842444
2008-02-08,0.5039846
2008-02-09,0.5022197
2008-02-10,0.5407051
2008-02-11,0.4775185
2008-02-12,0.5087642
2008-02-13,0.53004783
2008-02-14,0.6880942
2008-02-15,0.6321928
2008-02-16,0.6032029
2008-02-17,0.43926594
2008-02-18,0.40096506
2008-02-19,0.3837479
2008-02-20,0.46390033
2008-02-21,2.4750636
2008-02-22,0.7779807
2008-02-23,0.35708174
2008-02-24,0.34543952
2008-02-25,0.39470646
2008-02-26,0.4026188
2008-02-27,0.33937934
2008-02-28,0.31639722
2008-02-29,1.7980009
2008-03-01,0.6209585
2008-03-02,0.29906476
2008-03-03,0.28686282
2008-03-04,0.27413866
2008-03-05,0.27150992
2008-03-06,0.38983613
2008-03-07,4.0665994
2008-03-08,1.1044492
2008-03-09,0.31552324
2008-03-10,0.25590515
2008-03-11,0.23343843
2008-03-12,0.27248788
2008-03-13,0.64799225
2008-03-14,0.854874
2008-03-15,2.9952426
2008-03-16,0.7655094
2008-03-17,0.41280714
2008-03-18,9.474672
2008-03-19,2.1266625
2008-03-20,0.25551137
2008-03-21,0.20441313
2008-03-22,0.4664158
2008-03-23,7.7746243
2008-03-24,4.462054
2008-03-25,5.893408
2008-03-26,4.406652
2008-03-27,4.182165
2008-03-28,0.92885286
2008-03-29,0.20346387
2008-03-30,0.19378681
2008-03-31,0.19231807
2008-04-01,0.19576015
2008-04-02,0.25769103
2008-04-03,0.19194013
2008-04-04,0.16351953
2008-04-05,0.16151018
2008-04-06,0.47952947
2008-04-07,1.3248755
2008-04-08,0.5703445
2008-04-09,0.2372418
2008-04-10,2.9425085
2008-04-11,6.86985
2008-04-12,1.5318747
2008-04-13,0.28508234
2008-04-14,0.33985576
2008-04-15,4.326858
2008-04-16,2.0322232
2008-04-17,5.206015
2008-04-18,22.942177
2008-04-19,9.294152
2008-04-20,11.963697
2008-04-21,2.8263896
2008-04-22,9.3197155
2008-04-23,2.9440868
2008-04-24,13.009503
2008-04-25,5.0061793
2008-04-26,1.1266226
2008-04-27,4.231005
2008-04-28,3.927826
2008-04-29,1.5220827
2008-04-30,1.223612
2008-05-01,1.3101482
2008-05-02,1.5444063
2008-05-03,1.571913
2008-05-04,18.235706
2008-05-05,5.389071
2008-05-06,2.5440168
2008-05-07,2.7277236
2008-05-08,2.9813364
2008-05-09,3.205906
2008-05-10,12.3810835
2008-05-11,5.223895
2008-05-12,3.9559197
2008-05-13,14.555987
2008-05-14,6.2160664
2008-05-15,7.610601
2008-05-16,5.1427736
2008-05-17,7.8709145
2008-05-18,12.984318
2008-05-19,10.690577
2008-05-20,8.425577
2008-05-21,10.718725
2008-05-22,14.044915
2008-05-23,21.025797
2008-05-24,114.33014
2008-05-25,52.559174
2008-05-26,28.852453
2008-05-27,21.705772
2008-05-28,18.794682
2008-05-29,22.90618
2008-05-30,20.364618
2008-05-31,23.213133
2008-06-01,13.84785
2008-06-02,12.624622
2008-06-03,12.962722
2008-06-04,10.742
2008-06-05,10.844274
2008-06-06,9.885822
2008-06-07,17.752592
2008-06-08,11.216719
2008-06-09,14.351867
2008-06-10,16.027124
2008-06-11,19.244017
2008-06-12,29.690157
2008-06-13,19.931461
2008-06-14,16.371954
2008-06-15,17.10809
2008-06-16,16.516712
2008-06-17,27.472387
2008-06-18,16.585653
2008-06-19,13.1380205
2008-06-20,17.349733
2008-06-21,16.770948
2008-06-22,19.34673
2008-06-23,43.26248
2008-06-24,37.715996
2008-06-25,33.906254
2008-06-26,29.20609
2008-06-27,24.666538
2008-06-28,22.051094
2008-06-29,26.494688
2008-06-30,19.4731
2008-07-01,16.801283
2008-07-02,15.399773
2008-07-03,14.336738
2008-07-04,13.315969
2008-07-05,12.485539
2008-07-06,11.579516
2008-07-07,10.710664
2008-07-08,11.402318
2008-07-09,12.4018135
2008-07-10,10.559642
2008-07-11,9.062967
2008-07-12,8.511482
2008-07-13,8.288278
2008-07-14,7.853732
2008-07-15,12.280486
2008-07-16,8.497478
2008-07-17,7.2868147
2008-07-18,7.049857
2008-07-19,6.9729376
2008-07-20,6.845968
2008-07-21,6.9737854
2008-07-22,8.240971
2008-07-23,14.216778
2008-07-24,9.635376
2008-07-25,6.9940677
2008-07-26,12.55868
2008-07-27,9.371443
2008-07-28,6.5208244
2008-07-29,6.1051774
2008-07-30,6.1453824
2008-07-31,9.683053
2008-08-01,12.749736
2008-08-02,12.681507
2008-08-03,10.885652
2008-08-04,19.82805
2008-08-05,15.615972
2008-08-06,14.972064
2008-08-07,20.559708
2008-08-08,14.573579
2008-08-09,13.083739
2008-08-10,16.991257
2008-08-11,13.321521
2008-08-12,11.783868
2008-08-13,11.066814
2008-08-14,17.359068
2008-08-15,11.352199
2008-08-16,13.354245
2008-08-17,9.898181
2008-08-18,8.821669
2008-08-19,9.927484
2008-08-20,8.997196
2008-08-21,10.33457
2008-08-22,8.113853
2008-08-23,8.188743
2008-08-24,11.718687
2008-08-25,8.040436
2008-08-26,7.056288
2008-08-27,6.870469
2008-08-28,6.6706305
2008-08-29,6.7101464
2008-08-30,6.4424872
2008-08-31,6.5121984
2008-09-01,6.056451
2008-09-02,5.8716726
2008-09-03,5.619258
2008-09-04,5.3904724
2008-09-05,10.404289
2008-09-06,7.9626102
2008-09-07,11.905145
2008-09-08,6.9542346
2008-09-09,4.9311633
2008-09-10,4.7814527
2008-09-11,4.6230397
2008-09-12,4.49671
2008-09-13,4.393653
2008-09-14,4.381451
2008-09-15,5.046836
2008-09-16,7.4240046
2008-09-17,4.97932
2008-09-18,4.091504
2008-09-19,3.8159506
2008-09-20,4.393183
2008-09-21,4.5761795
2008-09-22,7.9147725
2008-09-23,10.23227
2008-09-24,4.637831
2008-09-25,3.4187508
2008-09-26,5.7397833
2008-09-27,3.965698
2008-09-28,3.422771
2008-09-29,5.672687
2008-09-30,5.0552683
2008-10-01,9.897625
2008-10-02,6.86311
2008-10-03,3.7683532
2008-10-04,3.2750432
2008-10-05,3.2227213
2008-10-06,3.3052545
2008-10-07,3.9414427
2008-10-08,3.7996905
2008-10-09,3.2426088
2008-10-10,3.0675137
2008-10-11,3.145208
2008-10-12,2.896098
2008-10-13,11.541876
2008-10-14,7.9343643
2008-10-15,6.1435137
2008-10-16,3.2846856
2008-10-17,3.756261
2008-10-18,2.8630357
2008-10-19,2.7770977
2008-10-20,2.8916907
2008-10-21,5.18019
2008-10-22,3.770944
2008-10-23,9.153978
2008-10-24,4.328796
2008-10-25,2.6747966
2008-10-26,2.458424
2008-10-27,2.4776695
2008-10-28,7.24147
2008-10-29,10.4337015
2008-10-30,3.8534954
2008-10-31,2.8394485
2008-11-01,7.932375
2008-11-02,8.257319
2008-11-03,3.8212085
2008-11-04,9.446057
2008-11-05,4.92054
2008-11-06,3.3370478
2008-11-07,3.5658383
2008-11-08,6.2549596
2008-11-09,4.4235444
2008-11-10,5.6239133
2008-11-11,4.3876185
2008-11-12,4.0536575
2008-11-13,3.8958921
2008-11-14,3.7518466
2008-11-15,5.7128057
2008-11-16,6.647502
2008-11-17,10.730368
2008-11-18,4.856529
2008-11-19,4.4959707
2008-11-20,7.5253763
2008-11-21,12.148329
2008-11-22,12.100474
2008-11-23,6.027028
2008-11-24,5.168948
2008-11-25,5.4594946
2008-11-26,7.887994
2008-11-27,9.266609
2008-11-28,6.1385813
2008-11-29,5.5572963
2008-11-30,5.464875
2008-12-01,6.080375
2008-12-02,6.585893
2008-12-03,7.420487
2008-12-04,5.9840403
2008-12-05,5.240994
2008-12-06,5.057917
2008-12-07,4.946868
2008-12-08,4.9427686
2008-12-09,7.1665745
2008-12-10,5.263698
2008-12-11,12.161582
2008-12-12,6.1172905
2008-12-13,4.5061674
2008-12-14,4.535322
2008-12-15,4.3585362
2008-12-16,4.21613
2008-12-17,4.0891647
2008-12-18,3.9878557
2008-12-19,3.859079
2008-12-20,3.7386296
2008-12-21,3.6259694
2008-12-22,3.505672
2008-12-23,3.412103
2008-12-24,3.285537
2008-12-25,3.1556466
2008-12-26,3.056351
2008-12-27,2.9211307
2008-12-28,2.7926846
2008-12-29,2.6672099
2008-12-30,2.5433547
2008-12-31,2.4289663
2009-01-01,2.3220015
2009-01-02,2.4906418
2009-01-03,2.2854328
2009-01-04,2.1010962
2009-01-05,2.1044605
2009-01-06,2.0235384
2009-01-07,1.9966325
2009-01-08,1.8841566
2009-01-09,1.8475747
2009-01-10,1.8003201
2009-01-11,1.6550106
2009-01-12,1.5731289
2009-01-13,1.6185751
2009-01-14,1.7205194
2009-01-15,1.4689274
2009-01-16,1.3641589
2009-01-17,1.3107982
2009-01-18,1.2602978
2009-01-19,1.2097962
2009-01-20,1.503035
2009-01-21,3.3830116
2009-01-22,3.266328
2009-01-23,3.5953727
2009-01-24,1.7244656
2009-01-25,1.3145856
2009-01-26,1.0566363
2009-01-27,0.9811764
2009-01-28,0.9538059
2009-01-29,0.9327364
2009-01-30,0.8981524
2009-01-31,1.8782455
2009-02-01,1.2853788
2009-02-02,0.98869
2009-02-03,0.95355284
2009-02-04,0.89855874
2009-02-05,4.986827
2009-02-06,10.825161
2009-02-07,2.6708007
2009-02-08,0.80733794
2009-02-09,0.7471244
2009-02-10,0.7214684
2009-02-11,0.69628763
2009-02-12,1.1591129
2009-02-13,0.88581866
2009-02-14,0.7261797
2009-02-15,0.6706528
2009-02-16,0.64079034
2009-02-17,0.6215213
2009-02-18,0.60724294
2009-02-19,0.76371646
2009-02-20,3.7657318
2009-02-21,1.2260743
2009-02-22,0.5749239
2009-02-23,0.54829395
2009-02-24,0.5331811
2009-02-25,0.5224351
2009-02-26,0.5108243
2009-02-27,0.5042799
2009-02-28,0.49361047
2009-03-01,0.6431345
2009-03-02,0.7500413
2009-03-03,5.6738267
2009-03-04,3.357888
2009-03-05,7.253278
2009-03-06,3.4926603
2009-03-07,1.377341
2009-03-08,4.15621
2009-03-09,1.2952993
2009-03-10,0.46888804
2009-03-11,0.42673272
2009-03-12,0.4203139
2009-03-13,0.41205838
2009-03-14,0.40050882
2009-03-15,0.3888683
2009-03-16,0.77676076
2009-03-17,2.4280531
2009-03-18,4.4281697
2009-03-19,2.9813595
2009-03-20,7.7579966
2009-03-21,4.8651276
2009-03-22,7.1054087
2009-03-23,2.6198573
2009-03-24,3.9801238
2009-03-25,6.0873775
2009-03-26,4.323438
2009-03-27,1.2710477
2009-03-28,0.7276301
2009-03-29,1.2260178
2009-03-30,6.320581
2009-03-31,1.9372996
2009-04-01,0.9464873
2009-04-02,0.9048857
2009-04-03,3.0606194
2009-04-04,2.5575275
2009-04-05,1.4814949
2009-04-06,1.2751055
2009-04-07,1.4865696
2009-04-08,2.043113
2009-04-09,10.047309
2009-04-10,4.5613008
2009-04-11,5.2340894
2009-04-12,3.378581
2009-04-13,11.297178
2009-04-14,6.2595034
2009-04-15,9.639077
2009-04-16,12.610962
2009-04-17,9.342685
2009-04-18,13.157972
2009-04-19,17.844276
2009-04-20,13.830027
2009-04-21,15.070646
2009-04-22,24.407043
2009-04-23,19.524158
2009-04-24,19.264679
2009-04-25,20.145226
2009-04-26,15.232827
2009-04-27,13.753163
2009-04-28,12.8534975
2009-04-29,15.492225
2009-04-30,18.60114
2009-05-01,17.90122
2009-05-02,12.477999
2009-05-03,14.426649
2009-05-04,14.5983
2009-05-05,11.339357
2009-05-06,10.23729
2009-05-07,12.999103
2009-05-08,15.081488
2009-05-09,20.308725
2009-05-10,12.247268
2009-05-11,22.839962
2009-05-12,19.143524
2009-05-13,20.401764
2009-05-14,15.774841
2009-05-15,12.653114
2009-05-16,12.019705
2009-05-17,15.93606
2009-05-18,15.329608
2009-05-19,14.272203
2009-05-20,27.452652
2009-05-21,24.636408
2009-05-22,22.619917
2009-05-23,29.444286
2009-05-24,20.964222
2009-05-25,24.230898
2009-05-26,19.009504
2009-05-27,16.2527
2009-05-28,18.070406
2009-05-29,18.73357
2009-05-30,13.636192
2009-05-31,10.993425
2009-06-01,10.255165
2009-06-02,9.922812
2009-06-03,9.482154
2009-06-04,9.285657
2009-06-05,24.192091
2009-06-06,16.67202
2009-06-07,10.416309
2009-06-08,10.255512
2009-06-09,10.147569
2009-06-10,9.723126
2009-06-11,11.06495
2009-06-12,10.703036
2009-06-13,9.777831
2009-06-14,9.982842
2009-06-15,9.623654
2009-06-16,9.55112
2009-06-17,14.162074
2009-06-18,11.067989
2009-06-19,21.634485
2009-06-20,19.865936
2009-06-21,19.143044
2009-06-22,14.4543085
2009-06-23,11.490884
2009-06-24,17.072739
2009-06-25,16.676538
2009-06-26,21.627989
2009-06-27,16.909042
2009-06-28,18.099293
2009-06-29,15.557173
2009-06-30,15.075377
2009-07-01,14.69386
2009-07-02,18.723938
2009-07-03,20.789701
2009-07-04,18.87148
2009-07-05,22.973063
2009-07-06,23.69894
2009-07-07,18.134642
2009-07-08,29.451548
2009-07-09,39.78577
2009-07-10,33.757397
2009-07-11,29.74932
2009-07-12,25.62042
2009-07-13,25.836979
2009-07-14,21.393782
2009-07-15,24.078053
2009-07-16,20.2987
2009-07-17,19.204401
2009-07-18,15.179198
2009-07-19,13.754258
2009-07-20,14.693082
2009-07-21,12.4066725
2009-07-22,11.171297
2009-07-23,11.814189
2009-07-24,23.937181
2009-07-25,21.095367
2009-07-26,14.242719
2009-07-27,9.605141
2009-07-28,8.76876
2009-07-29,8.567163
2009-07-30,9.014263
2009-07-31,8.402073
2009-08-01,9.747407
2009-08-02,8.745588
2009-08-03,8.22071
2009-08-04,12.0063305
2009-08-05,11.700676
2009-08-06,20.55728
2009-08-07,18.543028
2009-08-08,71.034744
2009-08-09,44.24236
2009-08-10,29.169744
2009-08-11,22.835257
2009-08-12,24.960596
2009-08-13,22.703724
2009-08-14,19.648033
2009-08-15,16.048294
2009-08-16,12.570479
2009-08-17,11.144026
2009-08-18,10.247029
2009-08-19,15.898988
2009-08-20,10.30595
2009-08-21,8.257105
2009-08-22,12.496258
2009-08-23,9.172973
2009-08-24,7.4903793
2009-08-25,7.3469567
2009-08-26,11.10921
2009-08-27,7.6141562
2009-08-28,11.513925
2009-08-29,7.17028
2009-08-30,9.914778
2009-08-31,9.195661
2009-09-01,6.038306
2009-09-02,5.5478992
2009-09-03,5.214763
2009-09-04,8.363179
2009-09-05,7.734896
2009-09-06,5.3311114
2009-09-07,4.5440545
2009-09-08,4.3449
2009-09-09,4.436364
2009-09-10,7.9740953
2009-09-11,4.7761335
2009-09-12,10.662988
2009-09-13,9.557512
2009-09-14,4.6270075
2009-09-15,3.6501672
2009-09-16,3.6400971
2009-09-17,5.7404976
2009-09-18,6.262171
2009-09-19,3.908238
2009-09-20,6.8712196
2009-09-21,5.8357167
2009-09-22,8.249138
2009-09-23,5.0648346
2009-09-24,4.141037
2009-09-25,6.478016
2009-09-26,5.146307
2009-09-27,5.200006
2009-09-28,5.273316
2009-09-29,5.521883
2009-09-30,5.3607473
2009-10-01,5.3198385
2009-10-02,5.3332324
2009-10-03,7.576489
2009-10-04,6.5234976
2009-10-05,5.401287
2009-10-06,5.7307606
2009-10-07,5.100616
2009-10-08,12.269281
2009-10-09,7.053194
2009-10-10,4.8383574
2009-10-11,4.6186423
2009-10-12,4.6202736
2009-10-13,4.4856987
2009-10-14,4.3575583
2009-10-15,8.219252
2009-10-16,14.459233
2009-10-17,18.16278
2009-10-18,6.8401012
2009-10-19,5.831447
2009-10-20,6.9365406
2009-10-21,4.9432836
2009-10-22,4.6573954
2009-10-23,6.1995535
2009-10-24,4.987568
2009-10-25,8.920212
2009-10-26,5.8578925
2009-10-27,4.7831583
2009-10-28,4.776127
2009-10-29,4.6356363
2009-10-30,8.04685
2009-10-31,5.1565332
2009-11-01,4.353384
2009-11-02,4.351105
2009-11-03,4.324178
2009-11-04,4.52662
2009-11-05,7.936034
2009-11-06,4.680933
2009-11-07,3.8153398
2009-11-08,3.7231493
2009-11-09,3.6184893
2009-11-10,3.5098512
2009-11-11,3.5843246
2009-11-12,7.6468277
2009-11-13,8.159949
2009-11-14,4.039814
2009-11-15,6.8668313
2009-11-16,9.004629
2009-11-17,7.770647
2009-11-18,11.063641
2009-11-19,4.651463
2009-11-20,2.9403937
2009-11-21,3.0952864
2009-11-22,7.020997
2009-11-23,6.447423
2009-11-24,12.256793
2009-11-25,4.492171
2009-11-26,2.6814418
2009-11-27,2.596939
2009-11-28,2.7805026
2009-11-29,2.550034
2009-11-30,2.4490123
2009-12-01,2.4042401
2009-12-02,2.3617046
2009-12-03,2.3105094
2009-12-04,2.247079
2009-12-05,2.1855004
2009-12-06,2.1294312
2009-12-07,2.0646653
2009-12-08,2.0034704
2009-12-09,1.9438423
2009-12-10,1.9198759
2009-12-11,1.8859984
2009-12-12,1.8368099
2009-12-13,1.7601792
2009-12-14,1.7080517
2009-12-15,1.655516
2009-12-16,1.6166306
2009-12-17,1.5639939
2009-12-18,1.5281532
2009-12-19,1.4964463
2009-12-20,1.9528315
2009-12-21,1.9733723
2009-12-22,2.8592086
2009-12-23,1.7167276
2009-12-24,2.0389
2009-12-25,3.109857
2009-12-26,3.5866752
2009-12-27,1.9524652
2009-12-28,1.4490365
2009-12-29,1.2829508
2009-12-30,1.2289978
2009-12-31,1.2015477
2010-01-01,1.1727159
2010-01-02,1.1505593
2010-01-03,1.1121446
2010-01-04,1.0831935
2010-01-05,1.0468746
2010-01-06,1.0132488
2010-01-07,0.9803323
2010-01-08,1.1918482
2010-01-09,1.1042104
2010-01-10,0.93592715
2010-01-11,0.88474405
2010-01-12,0.85519725
2010-01-13,0.82398134
2010-01-14,0.79475904
2010-01-15,0.7725626
2010-01-16,0.75100535
2010-01-17,0.73086894
2010-01-18,0.7508184
2010-01-19,0.7124659
2010-01-20,0.68398297
2010-01-21,0.66559434
2010-01-22,0.64137673
2010-01-23,0.6292407
2010-01-24,0.60675746
2010-01-25,0.59525204
2010-01-26,0.68368226
2010-01-27,0.60232466
2010-01-28,0.5727762
2010-01-29,0.5410887
2010-01-30,0.52245486
2010-01-31,0.50463533
2010-02-01,0.48903725
2010-02-02,0.48647672
2010-02-03,0.5315037
2010-02-04,0.70602846
2010-02-05,0.51998764
2010-02-06,0.48029807
2010-02-07,0.4759271
2010-02-08,0.43646213
2010-02-09,0.43038866
2010-02-10,1.2630954
2010-02-11,0.56639755
2010-02-12,0.38944083
2010-02-13,0.3786611
2010-02-14,0.37647802
2010-02-15,0.3566517
2010-02-16,0.43462434
2010-02-17,0.3613401
2010-02-18,0.32592788
2010-02-19,0.47985807
2010-02-20,0.5200167
2010-02-21,0.36915803
2010-02-22,0.32705805
2010-02-23,0.31792417
2010-02-24,0.49825156
2010-02-25,0.37706918
2010-02-26,0.5731314
2010-02-27,7.4120626
2010-02-28,1.709114
2010-03-01,0.3131362
2010-03-02,2.6261418
2010-03-03,9.6866455
2010-03-04,7.892004
2010-03-05,1.4740732
2010-03-06,0.6172484
2010-03-07,0.33732092
2010-03-08,3.1572418
2010-03-09,5.654683
2010-03-10,7.9300385
2010-03-11,3.9849014
2010-03-12,1.0954618
2010-03-13,0.4583652
2010-03-14,5.9650383
2010-03-15,1.3974822
2010-03-16,0.2564299
2010-03-17,9.740303
2010-03-18,14.551168
2010-03-19,2.8616385
2010-03-20,0.40767512
2010-03-21,3.7474835
2010-03-22,0.9551669
2010-03-23,0.98711544
2010-03-24,0.38892296
2010-03-25,0.24759603
2010-03-26,0.2636006
2010-03-27,4.0629153
2010-03-28,1.030743
2010-03-29,0.31837836
2010-03-30,0.33229682
2010-03-31,4.0193467
2010-04-01,1.1816239
2010-04-02,0.33781815
2010-04-03,0.31959334
2010-04-04,0.549319
2010-04-05,0.7550345
2010-04-06,4.923052
2010-04-07,3.0990362
2010-04-08,15.049426
2010-04-09,5.652101
2010-04-10,7.1798635
2010-04-11,7.1202474
2010-04-12,2.7502477
2010-04-13,9.824686
2010-04-14,16.083408
2010-04-15,13.064
2010-04-16,12.391944
2010-04-17,17.258844
2010-04-18,8.301608
2010-04-19,6.2714167
2010-04-20,20.43322
2010-04-21,11.413518
2010-04-22,13.968298
2010-04-23,11.251046
2010-04-24,9.381263
2010-04-25,10.529959
2010-04-26,9.902394
2010-04-27,13.000719
2010-04-28,13.82462
2010-04-29,19.156847
2010-04-30,20.160131
2010-05-01,20.384684
2010-05-02,19.542923
2010-05-03,28.287243
2010-05-04,19.414457
2010-05-05,15.670595
2010-05-06,14.168133
2010-05-07,12.880703
2010-05-08,18.179588
2010-05-09,13.87848
2010-05-10,13.0449915
2010-05-11,24.837461
2010-05-12,12.379078
2010-05-13,9.082559
2010-05-14,8.606072
2010-05-15,8.180885
2010-05-16,7.7468305
2010-05-17,7.718921
2010-05-18,12.281392
2010-05-19,9.769601
2010-05-20,9.931314
2010-05-21,7.609751
2010-05-22,6.5896254
2010-05-23,5.917756
2010-05-24,5.7622075
2010-05-25,5.430629
2010-05-26,8.5871725
2010-05-27,6.3459415
2010-05-28,15.095598
2010-05-29,6.9106646
2010-05-30,4.749153
2010-05-31,8.550609
2010-06-01,17.831266
2010-06-02,12.168257
2010-06-03,8.751237
2010-06-04,16.661995
2010-06-05,15.394474
2010-06-06,20.208475
2010-06-07,17.508366
2010-06-08,15.4453125
2010-06-09,21.685986
2010-06-10,19.140316
2010-06-11,19.278017
2010-06-12,24.553223
2010-06-13,15.77033
2010-06-14,13.412313
2010-06-15,13.12871
2010-06-16,12.699424
2010-06-17,19.050812
2010-06-18,17.206892
2010-06-19,18.165714
2010-06-20,12.892969
2010-06-21,11.802161
2010-06-22,10.776039
2010-06-23,14.420071
2010-06-24,11.18714
2010-06-25,9.663749
2010-06-26,13.887513
2010-06-27,13.190296
2010-06-28,9.561822
2010-06-29,11.606011
2010-06-30,12.591971
2010-07-01,9.213048
2010-07-02,8.434528
2010-07-03,8.388523
2010-07-04,8.20546
2010-07-05,13.134081
2010-07-06,8.927477
2010-07-07,12.929413
2010-07-08,11.865134
2010-07-09,10.320104
2010-07-10,20.919006
2010-07-11,14.0526
2010-07-12,15.749092
2010-07-13,13.167117
2010-07-14,17.110836
2010-07-15,18.408548
2010-07-16,15.199049
2010-07-17,12.291507
2010-07-18,12.1060705
2010-07-19,11.5543375
2010-07-20,11.04698
2010-07-21,10.72213
2010-07-22,10.38653
2010-07-23,9.985827
2010-07-24,16.51119
2010-07-25,16.767115
2010-07-26,16.395123
2010-07-27,18.400541
2010-07-28,10.709108
2010-07-29,8.760021
2010-07-30,8.520857
2010-07-31,8.347649
2010-08-01,8.090293
2010-08-02,9.9177
2010-08-03,12.4634
2010-08-04,8.63757
2010-08-05,21.440348
2010-08-06,13.434832
2010-08-07,14.516036
2010-08-08,14.985741
2010-08-09,14.640375
2010-08-10,14.07237
2010-08-11,13.53326
2010-08-12,12.765524
2010-08-13,11.877085
2010-08-14,11.204473
2010-08-15,10.430352
2010-08-16,9.732938
2010-08-17,9.065733
2010-08-18,8.637409
2010-08-19,7.981589
2010-08-20,7.472472
2010-08-21,7.04083
2010-08-22,6.6612616
2010-08-23,6.272671
2010-08-24,6.060998
2010-08-25,9.399772
2010-08-26,6.231873
2010-08-27,5.5543637
2010-08-28,5.1479726
2010-08-29,11.039599
2010-08-30,5.862611
2010-08-31,6.143416
2010-09-01,4.573978
2010-09-02,6.759054
2010-09-03,5.8432593
2010-09-04,13.005434
2010-09-05,5.9269624
2010-09-06,7.440969
2010-09-07,9.817406
2010-09-08,6.4776416
2010-09-09,4.14627
2010-09-10,3.8235798
2010-09-11,4.006124
2010-09-12,3.8362894
2010-09-13,7.6794815
2010-09-14,4.643506
2010-09-15,3.8589907
2010-09-16,3.7359536
2010-09-17,4.0238533
2010-09-18,3.5625174
2010-09-19,3.4187303
2010-09-20,4.7772827
2010-09-21,3.8037999
2010-09-22,3.3714106
2010-09-23,3.4158785
2010-09-24,3.996139
2010-09-25,3.2912376
2010-09-26,3.2836096
2010-09-27,3.0638185
2010-09-28,3.1169682
2010-09-29,2.9697375
2010-09-30,2.783846
2010-10-01,3.020258
2010-10-02,2.7366467
2010-10-03,2.655096
2010-10-04,2.546041
2010-10-05,4.266285
2010-10-06,3.2066193
2010-10-07,2.6408412
2010-10-08,2.437422
2010-10-09,7.1457953
2010-10-10,12.29268
2010-10-11,4.162761
2010-10-12,3.1465209
2010-10-13,3.9415915
2010-10-14,2.7298772
2010-10-15,4.693389
2010-10-16,3.6264496
2010-10-17,2.5369833
2010-10-18,2.4945195
2010-10-19,2.4428155
2010-10-20,4.9324164
2010-10-21,3.5581973
2010-10-22,4.5316644
2010-10-23,2.7349763
2010-10-24,2.5003977
2010-10-25,2.3562
2010-10-26,2.4121346
2010-10-27,2.460801
2010-10-28,4.636459
2010-10-29,2.774451
2010-10-30,2.2868176
2010-10-31,2.2508895
2010-11-01,2.203577
2010-11-02,4.685651
2010-11-03,6.2165074
2010-11-04,2.863905
2010-11-05,2.1597738
2010-11-06,2.1620758
2010-11-07,4.475445
2010-11-08,15.298972
2010-11-09,10.724057
2010-11-10,6.9556217
2010-11-11,6.135387
2010-11-12,3.1938393
2010-11-13,2.5001438
2010-11-14,3.7309537
2010-11-15,3.0224984
2010-11-16,2.8482804
2010-11-17,3.6888814
2010-11-18,14.687242
2010-11-19,9.775314
2010-11-20,4.715045
2010-11-21,5.263861
2010-11-22,11.385411
2010-11-23,5.6451106
2010-11-24,4.438443
2010-11-25,4.4876666
2010-11-26,4.530827
2010-11-27,4.691265
2010-11-28,4.6567616
2010-11-29,4.537093
2010-11-30,4.390683
2010-12-01,4.4357696
2010-12-02,4.304262
2010-12-03,7.3471713
2010-12-04,9.388665
2010-12-05,8.191391
2010-12-06,5.387351
2010-12-07,8.015723
2010-12-08,6.1796284
2010-12-09,5.6873083
2010-12-10,5.5368233
2010-12-11,5.407374
2010-12-12,5.460637
2010-12-13,6.848351
2010-12-14,6.400063
2010-12-15,5.2674503
2010-12-16,5.2452807
2010-12-17,4.809004
2010-12-18,7.606747
2010-12-19,5.3713393
2010-12-20,4.4899325
2010-12-21,4.314424
2010-12-22,4.204726
2010-12-23,4.5498395
2010-12-24,4.5901036
2010-12-25,5.477874
2010-12-26,5.412743
2010-12-27,11.196707
2010-12-28,5.53478
2010-12-29,7.2409554
2010-12-30,4.935207
2010-12-31,4.3519545
2011-01-01,4.307081
2011-01-02,4.2190657
2011-01-03,4.114389
2011-01-04,4.0201693
2011-01-05,3.8998845
2011-01-06,3.7723975
2011-01-07,3.9376698
2011-01-08,3.9614384
2011-01-09,3.9117336
2011-01-10,12.328712
2011-01-11,5.780323
2011-01-12,3.5502164
2011-01-13,3.3155403
2011-01-14,3.2158628
2011-01-15,3.131339
2011-01-16,3.0421271
2011-01-17,2.9698663
2011-01-18,2.8812141
2011-01-19,2.786977
2011-01-20,2.68862
2011-01-21,2.589928
2011-01-22,2.4912636
2011-01-23,2.3924007
2011-01-24,2.2975786
2011-01-25,2.2133493
2011-01-26,2.1263568
2011-01-27,2.0393248
2011-01-28,1.9565403
2011-01-29,1.8770944
2011-01-30,1.7950208
2011-01-31,1.7292264
2011-02-01,2.034049
2011-02-02,1.7349223
2011-02-03,1.5954176
2011-02-04,1.5143669
2011-02-05,1.4467963
2011-02-06,1.3835542
2011-02-07,1.327768
2011-02-08,1.2702216
2011-02-09,1.2204447
2011-02-10,1.1883852
2011-02-11,1.1398265
2011-02-12,1.0951993
2011-02-13,1.261508
2011-02-14,1.1583873
2011-02-15,1.0161129
2011-02-16,0.9837576
2011-02-17,3.5207043
2011-02-18,1.4332789
2011-02-19,0.8739902
2011-02-20,0.83893794
2011-02-21,0.8029364
2011-02-22,0.7698206
2011-02-23,0.73873746
2011-02-24,0.7110865
2011-02-25,0.7714707
2011-02-26,0.8920405
2011-02-27,0.916777
2011-02-28,0.91450316
2011-03-01,0.77483237
2011-03-02,0.7809301
2011-03-03,0.65243214
2011-03-04,0.58437574
2011-03-05,0.5591086
2011-03-06,0.5368234
2011-03-07,0.60497075
2011-03-08,0.5310567
2011-03-09,0.5042693
2011-03-10,2.3031614
2011-03-11,3.594305
2011-03-12,1.0271573
2011-03-13,0.46113127
2011-03-14,0.43463683
2011-03-15,0.4213276
2011-03-16,0.41166106
2011-03-17,0.39983186
2011-03-18,0.3894328
2011-03-19,0.41653952
2011-03-20,7.278351
2011-03-21,6.250775
2011-03-22,7.618535
2011-03-23,1.7454748
2011-03-24,0.4378692
2011-03-25,0.45399565
2011-03-26,9.291542
2011-03-27,3.8428395
2011-03-28,1.1776142
2011-03-29,1.3232328
2011-03-30,7.6595674
2011-03-31,1.8889289
2011-04-01,1.1598697
2011-04-02,3.9681206
2011-04-03,1.0774522
2011-04-04,0.3737506
2011-04-05,7.0668073
2011-04-06,1.7754575
2011-04-07,2.528555
2011-04-08,2.9570425
2011-04-09,11.734328
2011-04-10,7.803995
2011-04-11,1.7445446
2011-04-12,0.47836384
2011-04-13,0.52949435
2011-04-14,0.41449526
2011-04-15,4.62946
2011-04-16,5.3647423
2011-04-17,1.4595556
2011-04-18,2.7797685
2011-04-19,7.238582
2011-04-20,7.5587115
2011-04-21,2.4455347
2011-04-22,1.6282587
2011-04-23,9.42513
2011-04-24,11.156339
2011-04-25,6.5067487
2011-04-26,5.066119
2011-04-27,21.084555
2011-04-28,7.487975
2011-04-29,4.56945
2011-04-30,5.483202
2011-05-01,5.1219726
2011-05-02,15.333794
2011-05-03,8.8601465
2011-05-04,30.444952
2011-05-05,11.594196
2011-05-06,7.4127707
2011-05-07,7.9674487
2011-05-08,8.086257
2011-05-09,16.630896
2011-05-10,9.989351
2011-05-11,17.612793
2011-05-12,10.634178
2011-05-13,9.534491
2011-05-14,14.370446
2011-05-15,18.220451
2011-05-16,12.685693
2011-05-17,13.6114025
2011-05-18,12.000809
2011-05-19,13.97997
2011-05-20,26.466103
2011-05-21,19.386595
2011-05-22,22.998253
2011-05-23,18.737514
2011-05-24,18.875296
2011-05-25,20.639141
2011-05-26,17.663595
2011-05-27,20.735853
2011-05-28,16.610195
2011-05-29,19.836613
2011-05-30,15.230271
2011-05-31,13.863836
2011-06-01,13.268558
2011-06-02,12.608592
2011-06-03,12.001912
2011-06-04,11.23323
2011-06-05,13.342105
2011-06-06,11.018312
2011-06-07,9.9502735
2011-06-08,9.450138
2011-06-09,10.191938
2011-06-10,8.941649
2011-06-11,12.734108
2011-06-12,14.2167
2011-06-13,14.596701
2011-06-14,11.475768
2011-06-15,24.86546
2011-06-16,29.463778
2011-06-17,26.972841
2011-06-18,23.414412
2011-06-19,24.15881
2011-06-20,19.026934
2011-06-21,22.199604
2011-06-22,18.777489
2011-06-23,32.520287
2011-06-24,21.364525
2011-06-25,19.26133
2011-06-26,88.57008
2011-06-27,52.54492
2011-06-28,29.942564
2011-06-29,20.046785
2011-06-30,16.193466
2011-07-01,15.151713
2011-07-02,14.937468
2011-07-03,13.304979
2011-07-04,11.712008
2011-07-05,22.08622
2011-07-06,13.069914
2011-07-07,12.372817
2011-07-08,9.433525
2011-07-09,8.5099535
2011-07-10,13.014911
2011-07-11,21.483631
2011-07-12,19.77913
2011-07-13,9.605747
2011-07-14,14.421424
2011-07-15,8.925753
2011-07-16,7.361279
2011-07-17,7.13049
2011-07-18,9.629849
2011-07-19,11.910991
2011-07-20,7.625698
2011-07-21,6.641533
2011-07-22,6.607212
2011-07-23,21.928057
2011-07-24,13.348419
2011-07-25,7.047957
2011-07-26,6.198913
2011-07-27,6.123469
2011-07-28,6.0931277
2011-07-29,6.0431576
2011-07-30,10.694312
2011-07-31,10.647602
2011-08-01,6.428465
2011-08-02,5.560295
2011-08-03,5.830615
2011-08-04,5.3029556
2011-08-05,5.2570744
2011-08-06,5.8226194
2011-08-07,5.159114
2011-08-08,10.251613
2011-08-09,10.855786
2011-08-10,6.596207
2011-08-11,5.070347
2011-08-12,4.934208
2011-08-13,6.5712695
2011-08-14,5.2190356
2011-08-15,9.283958
2011-08-16,10.37686
2011-08-17,5.8265166
2011-08-18,7.52415
2011-08-19,5.25977
2011-08-20,4.7484884
2011-08-21,5.654308
2011-08-22,4.752055
2011-08-23,5.086367
2011-08-24,4.6355896
2011-08-25,4.4873705
2011-08-26,4.4137363
2011-08-27,11.771509
2011-08-28,5.8154516
2011-08-29,5.9000797
2011-08-30,4.6013937
2011-08-31,4.099544
2011-09-01,13.219348
2011-09-02,18.507963
2011-09-03,6.4741535
2011-09-04,9.232459
2011-09-05,4.950354
2011-09-06,3.9239159
2011-09-07,4.9416795
2011-09-08,4.985943
2011-09-09,4.2688475
2011-09-10,4.3072453
2011-09-11,8.0501585
2011-09-12,5.955329
2011-09-13,5.707192
2011-09-14,4.974426
2011-09-15,5.8515363
2011-09-16,5.2005534
2011-09-17,8.421153
2011-09-18,5.580852
2011-09-19,10.391305
2011-09-20,5.8109736
2011-09-21,4.583634
2011-09-22,5.88577
2011-09-23,4.746698
2011-09-24,4.5407753
2011-09-25,17.70646
2011-09-26,13.809007
2011-09-27,9.513768
2011-09-28,9.153078
2011-09-29,8.997125
2011-09-30,15.462314
2011-10-01,9.803697
2011-10-02,8.298566
2011-10-03,8.164874
2011-10-04,20.0017
2011-10-05,10.304191
2011-10-06,15.3868265
2011-10-07,15.166277
2011-10-08,18.233932
2011-10-09,9.148868
2011-10-10,9.548924
2011-10-11,8.243176
2011-10-12,8.463688
2011-10-13,8.266387
2011-10-14,8.140869
2011-10-15,7.980517
2011-10-16,8.048765
2011-10-17,9.367803
2011-10-18,10.324715
2011-10-19,14.265287
2011-10-20,10.328361
2011-10-21,7.339035
2011-10-22,6.826073
2011-10-23,6.5230694
2011-10-24,6.4902406
2011-10-25,8.165599
2011-10-26,6.3556256
2011-10-27,8.197446
2011-10-28,7.0822296
2011-10-29,5.711781
2011-10-30,13.80855
2011-10-31,6.803507
2011-11-01,4.9155407
2011-11-02,4.8391366
2011-11-03,4.674376
2011-11-04,4.9417324
2011-11-05,4.4637794
2011-11-06,9.357985
2011-11-07,7.946546
2011-11-08,8.959032
2011-11-09,5.332942
2011-11-10,6.6678267
2011-11-11,4.678795
2011-11-12,6.7837157
2011-11-13,6.172138
2011-11-14,4.158283
2011-11-15,3.605586
2011-11-16,3.9078982
2011-11-17,10.000669
2011-11-18,13.784075
2011-11-19,5.412067
2011-11-20,5.3275237
2011-11-21,5.974069
2011-11-22,8.531549
2011-11-23,5.1284237
2011-11-24,4.677552
2011-11-25,5.6819615
2011-11-26,5.2148666
2011-11-27,5.305498
2011-11-28,5.2941837
2011-11-29,8.657079
2011-11-30,9.928708
2011-12-01,6.280739
2011-12-02,6.017646
2011-12-03,6.817401
2011-12-04,6.2627525
2011-12-05,8.028388
2011-12-06,6.7683825
2011-12-07,6.0633097
2011-12-08,6.305784
2011-12-09,5.8494844
2011-12-10,5.6416616
2011-12-11,5.6690016
2011-12-12,10.107957
2011-12-13,6.3814306
2011-12-14,6.362724
2011-12-15,5.4398475
2011-12-16,7.9360123
2011-12-17,7.3825946
2011-12-18,5.3883014
2011-12-19,4.955785
2011-12-20,5.0146675
2011-12-21,5.014581
2011-12-22,4.6474805
2011-12-23,4.482516
2011-12-24,4.5051265
2011-12-25,4.729077
2011-12-26,4.50176
2011-12-27,4.2405286
2011-12-28,4.094647
2011-12-29,4.1690164
2011-12-30,9.225576
2011-12-31,5.98898
2012-01-01,4.039869
2012-01-02,3.7214024
2012-01-03,3.6139033
2012-01-04,3.5282211
2012-01-05,3.4567637
2012-01-06,3.5365634
2012-01-07,7.038308
2012-01-08,4.0718775
2012-01-09,3.2476523
2012-01-10,3.145435
2012-01-11,3.2553337
2012-01-12,3.0209293
2012-01-13,2.9005735
2012-01-14,2.8148632
2012-01-15,2.7322323
2012-01-16,2.6600027
2012-01-17,2.5926821
2012-01-18,2.521532
2012-01-19,2.4262438
2012-01-20,2.3366559
2012-01-21,2.2512646
2012-01-22,2.1627393
2012-01-23,2.0772064
2012-01-24,1.9943519
2012-01-25,1.918532
2012-01-26,1.8563969
2012-01-27,1.7754742
2012-01-28,1.702891
2012-01-29,1.6322856
2012-01-30,1.5636307
2012-01-31,1.5281956
2012-02-01,1.4428364
2012-02-02,1.3786756
2012-02-03,1.3821923
2012-02-04,1.2961532
2012-02-05,1.2301522
2012-02-06,3.2826586
2012-02-07,2.28648
2012-02-08,4.440716
2012-02-09,4.9284644
2012-02-10,1.7960826
2012-02-11,1.366009
2012-02-12,1.1301903
2012-02-13,1.0492758
2012-02-14,1.0144252
2012-02-15,0.98669636
2012-02-16,0.9597778
2012-02-17,0.92918754
2012-02-18,0.9024976
2012-02-19,0.8795686
2012-02-20,0.8533454
2012-02-21,0.9485871
2012-02-22,0.83822215
2012-02-23,0.7852898
2012-02-24,0.76587963
2012-02-25,0.7485467
2012-02-26,0.832399
2012-02-27,0.73755336
2012-02-28,0.6960542
2012-02-29,0.6747879
2012-03-01,0.65486276
2012-03-02,0.64761615
2012-03-03,1.1673014
2012-03-04,10.418564
2012-03-05,4.8057795
2012-03-06,4.341387
2012-03-07,1.2852817
2012-03-08,0.60190135
2012-03-09,0.5798839
2012-03-10,1.0344439
2012-03-11,1.4883695
2012-03-12,2.2946281
2012-03-13,2.9057803
2012-03-14,4.155606
2012-03-15,4.9702773
2012-03-16,5.584336
2012-03-17,5.4140444
2012-03-18,1.4893663
2012-03-19,0.9744862
2012-03-20,3.2507296
2012-03-21,1.5401129
2012-03-22,2.8339891
2012-03-23,4.1990905
2012-03-24,1.5588932
2012-03-25,3.545315
2012-03-26,8.594453
2012-03-27,3.826408
2012-03-28,10.880645
2012-03-29,5.6476645
2012-03-30,5.598977
2012-03-31,10.284373
2012-04-01,6.5068865
2012-04-02,7.7300663
2012-04-03,9.916068
2012-04-04,11.635074
2012-04-05,12.592775
2012-04-06,13.06968
2012-04-07,16.294365
2012-04-08,11.626956
2012-04-09,10.326499
2012-04-10,12.949604
2012-04-11,14.659412
2012-04-12,15.767022
2012-04-13,42.696285
2012-04-14,34.29521
2012-04-15,27.510664
2012-04-16,29.911985
2012-04-17,27.78785
2012-04-18,19.529583
2012-04-19,23.965698
2012-04-20,20.586641
2012-04-21,19.365044
2012-04-22,26.196472
2012-04-23,29.025658
2012-04-24,26.451279
2012-04-25,20.29953
2012-04-26,17.666388
2012-04-27,18.797134
2012-04-28,17.756256
2012-04-29,16.35993
2012-04-30,16.363983
2012-05-01,21.512697
2012-05-02,37.229313
2012-05-03,28.869253
2012-05-04,25.067387
2012-05-05,24.222435
2012-05-06,21.372746
2012-05-07,23.547266
2012-05-08,20.052023
2012-05-09,17.775183
2012-05-10,15.961517
2012-05-11,14.784136
2012-05-12,13.754081
2012-05-13,20.437542
2012-05-14,13.565949
2012-05-15,11.342698
2012-05-16,14.550788
2012-05-17,16.078102
2012-05-18,11.1539
2012-05-19,15.547741
2012-05-20,25.23787
2012-05-21,14.526444
2012-05-22,14.622146
2012-05-23,14.433215
2012-05-24,16.088598
2012-05-25,16.626022
2012-05-26,18.288755
2012-05-27,21.012846
2012-05-28,18.044985
2012-05-29,18.971237
2012-05-30,19.025335
2012-05-31,17.656464
2012-06-01,20.379309
2012-06-02,15.74219
2012-06-03,14.056238
2012-06-04,23.086702
2012-06-05,14.966514
2012-06-06,12.894365
2012-06-07,19.593912
2012-06-08,14.823972
2012-06-09,13.601126
2012-06-10,14.209334
2012-06-11,12.231313
2012-06-12,11.042447
2012-06-13,10.89272
2012-06-14,11.117661
2012-06-15,10.867921
2012-06-16,10.548899
2012-06-17,10.974122
2012-06-18,9.9861145
2012-06-19,9.443542
2012-06-20,8.929015
2012-06-21,12.26166
2012-06-22,11.277448
2012-06-23,8.457819
2012-06-24,10.270342
2012-06-25,10.277616
2012-06-26,10.736065
2012-06-27,11.057421
2012-06-28,17.279068
2012-06-29,15.465674
2012-06-30,11.915037
2012-07-01,21.371204
2012-07-02,20.542055
2012-07-03,13.825957
2012-07-04,20.67151
2012-07-05,16.757051
2012-07-06,18.227407
2012-07-07,20.54092
2012-07-08,24.897665
2012-07-09,28.874426
2012-07-10,30.35803
2012-07-11,27.81593
2012-07-12,24.53367
2012-07-13,21.829193
2012-07-14,19.649965
2012-07-15,29.256876
2012-07-16,19.21579
2012-07-17,15.722746
2012-07-18,16.101557
2012-07-19,18.643557
2012-07-20,15.62409
2012-07-21,13.112503
2012-07-22,12.259532
2012-07-23,11.607159
2012-07-24,11.330655
2012-07-25,10.734792
2012-07-26,9.980237
2012-07-27,10.047288
2012-07-28,12.123126
2012-07-29,18.637064
2012-07-30,17.941206
2012-07-31,9.829665
2012-08-01,8.415526
2012-08-02,8.382556
2012-08-03,7.836975
2012-08-04,11.3524065
2012-08-05,8.5895
2012-08-06,10.390424
2012-08-07,7.658523
2012-08-08,6.802834
2012-08-09,6.5749173
2012-08-10,6.383417
2012-08-11,6.301451
2012-08-12,6.1568985
2012-08-13,6.198641
2012-08-14,15.895304
2012-08-15,7.855289
2012-08-16,5.9627714
2012-08-17,9.996002
2012-08-18,9.40832
2012-08-19,6.0992203
2012-08-20,5.4210734
2012-08-21,5.4196467
2012-08-22,5.221264
2012-08-23,12.446246
2012-08-24,6.4351864
2012-08-25,5.138137
2012-08-26,19.75963
2012-08-27,14.836163
2012-08-28,9.056683
2012-08-29,6.755543
2012-08-30,14.978559
2012-08-31,8.383775
2012-09-01,6.8714995
2012-09-02,7.0109606
2012-09-03,15.664652
2012-09-04,12.360677
2012-09-05,7.6761765
2012-09-06,6.9311438
2012-09-07,6.870895
2012-09-08,6.7974343
2012-09-09,11.076681
2012-09-10,7.953682
2012-09-11,6.502442
2012-09-12,6.4790854
2012-09-13,6.1222734
2012-09-14,5.9416957
2012-09-15,8.595677
2012-09-16,6.2094097
2012-09-17,5.5041537
2012-09-18,9.60386
2012-09-19,6.0508337
2012-09-20,5.0679646
2012-09-21,4.9506884
2012-09-22,5.506385
2012-09-23,4.934057
2012-09-24,11.782961
2012-09-25,7.7684712
2012-09-26,8.061576
2012-09-27,8.235415
2012-09-28,10.210049
2012-09-29,5.3872175
2012-09-30,4.4408026
2012-10-01,4.9480667
2012-10-02,4.7405524
2012-10-03,4.7549353
2012-10-04,4.7423334
2012-10-05,6.579017
2012-10-06,7.332906
2012-10-07,7.181315
2012-10-08,8.706233
2012-10-09,6.7421217
2012-10-10,6.2734895
2012-10-11,6.269417
2012-10-12,6.093924
2012-10-13,7.758371
2012-10-14,6.2334037
2012-10-15,6.272729
2012-10-16,5.7099237
2012-10-17,10.231386
2012-10-18,9.082044
2012-10-19,11.277162
2012-10-20,8.245749
2012-10-21,9.320679
2012-10-22,10.870511
2012-10-23,8.832801
2012-10-24,14.086827
2012-10-25,8.25014
2012-10-26,7.093484
2012-10-27,7.027251
2012-10-28,6.907777
2012-10-29,6.738518
2012-10-30,8.014043
2012-10-31,6.760356
2012-11-01,6.343432
2012-11-02,6.1775126
2012-11-03,7.3562355
2012-11-04,10.869646
2012-11-05,6.8698983
2012-11-06,5.8712573
2012-11-07,5.531296
2012-11-08,5.3758864
2012-11-09,5.23236
2012-11-10,5.1727643
2012-11-11,8.653061
2012-11-12,11.08724
2012-11-13,12.633913
2012-11-14,9.138436
2012-11-15,5.9609747
2012-11-16,4.6478796
2012-11-17,12.263968
2012-11-18,7.400489
2012-11-19,7.4956226
2012-11-20,5.067682
2012-11-21,4.5672836
2012-11-22,4.582789
2012-11-23,4.5462894
2012-11-24,4.473343
2012-11-25,4.3822775
2012-11-26,4.261117
2012-11-27,6.4638133
2012-11-28,6.756077
2012-11-29,4.441364
2012-11-30,3.8797524
2012-12-01,3.7607484
2012-12-02,3.6427429
2012-12-03,3.5380232
2012-12-04,3.4280796
2012-12-05,3.3183627
2012-12-06,3.198253
2012-12-07,3.1013668
2012-12-08,3.0194395
2012-12-09,3.24042
2012-12-10,9.855531
2012-12-11,4.324914
2012-12-12,2.7603636
2012-12-13,2.620866
2012-12-14,2.531932
2012-12-15,2.467287
2012-12-16,2.4276533
2012-12-17,2.3219035
2012-12-18,2.2302206
2012-12-19,2.1535172
2012-12-20,2.1007254
2012-12-21,2.0232325
2012-12-22,1.9495615
2012-12-23,3.8475697
2012-12-24,5.9734354
2012-12-25,2.6353095
2012-12-26,10.868751
2012-12-27,4.137996
2012-12-28,13.370744
2012-12-29,4.0521107
2012-12-30,1.740085
2012-12-31,1.7115246
2013-01-01,1.6379025
2013-01-02,1.6107042
2013-01-03,1.594061
2013-01-04,1.5680975
2013-01-05,1.5123563
2013-01-06,1.4722091
2013-01-07,1.435275
2013-01-08,1.399204
2013-01-09,1.3693703
2013-01-10,1.3315226
2013-01-11,1.3055321
2013-01-12,1.2744868
2013-01-13,1.2320399
2013-01-14,1.1960315
2013-01-15,1.1603225
2013-01-16,1.1262327
2013-01-17,1.091126
2013-01-18,1.0549021
2013-01-19,1.0207365
2013-01-20,1.0049568
2013-01-21,0.9833171
2013-01-22,0.94312197
2013-01-23,0.9180399
2013-01-24,0.9996014
2013-01-25,1.0998076
2013-01-26,0.90215856
2013-01-27,0.83507717
2013-01-28,0.8035898
2013-01-29,0.7765035
2013-01-30,0.74811524
2013-01-31,0.7289211
2013-02-01,0.705963
2013-02-02,0.680611
2013-02-03,0.6583294
2013-02-04,0.6360709
2013-02-05,0.6196799
2013-02-06,0.61395437
2013-02-07,0.58521914
2013-02-08,0.5562726
2013-02-09,0.582055
2013-02-10,0.5928122
2013-02-11,0.5378308
2013-02-12,0.5059442
2013-02-13,0.48987097
2013-02-14,0.47155553
2013-02-15,0.4554295
2013-02-16,0.45613143
2013-02-17,3.0859346
2013-02-18,8.156114
2013-02-19,7.565166
2013-02-20,1.6960231
2013-02-21,2.8228068
2013-02-22,1.8410395
2013-02-23,5.093849
2013-02-24,1.4100326
2013-02-25,5.526354
2013-02-26,1.4893396
2013-02-27,0.45005253
2013-02-28,8.200078
2013-03-01,9.981732
2013-03-02,6.4493666
2013-03-03,3.5369077
2013-03-04,13.240676
2013-03-05,6.782064
2013-03-06,1.3388069
2013-03-07,3.4443772
2013-03-08,3.3145797
2013-03-09,7.1513057
2013-03-10,4.9222903
2013-03-11,11.087215
2013-03-12,2.9006202
2013-03-13,11.205677
2013-03-14,4.0265756
2013-03-15,1.5385861
2013-03-16,2.4180846
2013-03-17,5.4014225
2013-03-18,5.2544274
2013-03-19,7.5925875
2013-03-20,4.3121667
2013-03-21,3.8627741
2013-03-22,4.7825537
2013-03-23,7.188861
2013-03-24,11.333644
2013-03-25,5.827364
2013-03-26,4.691247
2013-03-27,4.765266
2013-03-28,4.735252
2013-03-29,5.171186
2013-03-30,6.122802
2013-03-31,8.224517
2013-04-01,9.911499
2013-04-02,7.6371803
2013-04-03,12.979155
2013-04-04,6.2365203
2013-04-05,5.812874
2013-04-06,4.817118
2013-04-07,11.164511
2013-04-08,6.015177
2013-04-09,13.237197
2013-04-10,6.721967
2013-04-11,5.198566
2013-04-12,5.066373
2013-04-13,11.782779
2013-04-14,11.539113
2013-04-15,15.283205
2013-04-16,13.957724
2013-04-17,13.341062
2013-04-18,14.802145
2013-04-19,14.048005
2013-04-20,14.339048
2013-04-21,14.084733
2013-04-22,13.478763
2013-04-23,15.404324
2013-04-24,35.83204
2013-04-25,28.025253
2013-04-26,23.588076
2013-04-27,20.496422
2013-04-28,17.651474
2013-04-29,15.400601
2013-04-30,21.667814
2013-05-01,14.982808
2013-05-02,20.720448
2013-05-03,17.397545
2013-05-04,11.031778
2013-05-05,12.919179
2013-05-06,22.879343
2013-05-07,13.071754
2013-05-08,17.302313
2013-05-09,12.953487
2013-05-10,11.694481
2013-05-11,14.421168
2013-05-12,19.492529
2013-05-13,12.21771
2013-05-14,18.747728
2013-05-15,28.913574
2013-05-16,27.252222
2013-05-17,108.622505
2013-05-18,61.254585
2013-05-19,37.00538
2013-05-20,28.556454
2013-05-21,32.178707
2013-05-22,40.944294
2013-05-23,42.387283
2013-05-24,37.40789
2013-05-25,32.34545
2013-05-26,28.869314
2013-05-27,24.14868
2013-05-28,20.326683
2013-05-29,18.911833
2013-05-30,17.255085
2013-05-31,14.824956
2013-06-01,13.690088
2013-06-02,12.68998
2013-06-03,21.77681
2013-06-04,13.121107
2013-06-05,11.033401
2013-06-06,10.155244
2013-06-07,10.7279215
2013-06-08,16.66322
2013-06-09,10.755807
2013-06-10,9.037199
2013-06-11,10.260362
2013-06-12,9.010291
2013-06-13,8.3857565
2013-06-14,8.177273
2013-06-15,8.559425
2013-06-16,7.749426
2013-06-17,7.326133
2013-06-18,7.962447
2013-06-19,10.737018
2013-06-20,8.90514
2013-06-21,8.301563
2013-06-22,16.924376
2013-06-23,17.146992
2013-06-24,16.405296
2013-06-25,23.206774
2013-06-26,15.238329
2013-06-27,12.08716
2013-06-28,14.138084
2013-06-29,20.635122
2013-06-30,12.516757
2013-07-01,10.322568
2013-07-02,10.188626
2013-07-03,15.491022
2013-07-04,11.4963045
2013-07-05,9.971022
2013-07-06,13.277541
2013-07-07,12.101005
2013-07-08,9.793667
2013-07-09,14.959031
2013-07-10,12.609453
2013-07-11,9.199657
2013-07-12,8.398431
2013-07-13,13.863461
2013-07-14,9.887883
2013-07-15,14.792111
2013-07-16,17.764248
2013-07-17,14.914293
2013-07-18,13.683231
2013-07-19,13.223993
2013-07-20,13.217221
2013-07-21,19.15144
2013-07-22,15.402546
2013-07-23,13.884764
2013-07-24,17.871866
2013-07-25,16.048647
2013-07-26,11.636278
2013-07-27,10.311262
2013-07-28,9.891597
2013-07-29,11.491387
2013-07-30,10.323007
2013-07-31,9.265371
2013-08-01,8.839792
2013-08-02,8.659627
2013-08-03,12.548895
2013-08-04,17.61639
2013-08-05,18.71931
2013-08-06,12.179901
2013-08-07,14.992171
2013-08-08,9.583067
2013-08-09,7.476929
2013-08-10,7.2302046
2013-08-11,7.1785192
2013-08-12,8.878588
2013-08-13,7.3382864
2013-08-14,7.1163063
2013-08-15,11.430476
2013-08-16,19.090797
2013-08-17,11.331812
2013-08-18,10.206605
2013-08-19,10.540334
2013-08-20,10.339233
2013-08-21,10.131591
2013-08-22,9.852946
2013-08-23,9.407697
2013-08-24,10.779763
2013-08-25,12.762207
2013-08-26,13.0050745
2013-08-27,9.109767
2013-08-28,7.83678
2013-08-29,14.101322
2013-08-30,9.305142
2013-08-31,7.3891177
2013-09-01,7.1363745
2013-09-02,6.813787
2013-09-03,6.569516
2013-09-04,6.4280996
2013-09-05,11.999913
2013-09-06,7.613017
2013-09-07,6.142379
2013-09-08,5.9676976
2013-09-09,5.7286086
2013-09-10,5.899342
2013-09-11,6.911273
2013-09-12,5.6161246
2013-09-13,5.265912
2013-09-14,5.154427
2013-09-15,21.248018
2013-09-16,11.428853
2013-09-17,5.538367
2013-09-18,7.343609
2013-09-19,5.337567
2013-09-20,8.7789135
2013-09-21,5.6193156
2013-09-22,4.6949005
2013-09-23,10.434524
2013-09-24,7.5267663
2013-09-25,6.8412046
2013-09-26,9.9720745
2013-09-27,9.562195
2013-09-28,6.7141757
2013-09-29,6.842628
2013-09-30,9.345129
2013-10-01,8.412507
2013-10-02,8.152685
2013-10-03,7.9328
2013-10-04,11.633082
2013-10-05,8.458602
2013-10-06,7.498891
2013-10-07,7.336769
2013-10-08,14.111662
2013-10-09,9.026179
2013-10-10,6.9884424
2013-10-11,10.357502
2013-10-12,7.7705293
2013-10-13,14.0460825
2013-10-14,8.216966
2013-10-15,11.72774
2013-10-16,8.40088
2013-10-17,13.579125
2013-10-18,11.590328
2013-10-19,9.776585
2013-10-20,9.770568
2013-10-21,11.845803
2013-10-22,9.513283
2013-10-23,14.789871
2013-10-24,10.059836
2013-10-25,8.283581
2013-10-26,7.921548
2013-10-27,8.741711
2013-10-28,7.611604
2013-10-29,7.097273
2013-10-30,6.9005275
2013-10-31,6.600345
2013-11-01,11.030768
2013-11-02,9.765606
2013-11-03,9.357424
2013-11-04,6.250213
2013-11-05,5.690916
2013-11-06,5.356266
2013-11-07,9.669097
2013-11-08,6.5077076
2013-11-09,5.117366
2013-11-10,5.041843
2013-11-11,11.158009
2013-11-12,9.080526
2013-11-13,5.2498937
2013-11-14,8.232926
2013-11-15,6.9492583
2013-11-16,5.080757
2013-11-17,4.421349
2013-11-18,4.1904726
2013-11-19,4.109829
2013-11-20,5.257509
2013-11-21,4.2282753
2013-11-22,5.1742105
2013-11-23,4.382947
2013-11-24,6.0084705
2013-11-25,4.4533696
2013-11-26,4.7042665
2013-11-27,6.8246136
2013-11-28,4.260072
2013-11-29,4.4622736
2013-11-30,3.6427062
2013-12-01,3.378462
2013-12-02,3.2923799
2013-12-03,6.3542967
2013-12-04,5.4823413
2013-12-05,11.067515
2013-12-06,5.010085
2013-12-07,10.953658
2013-12-08,6.6331086
2013-12-09,3.5338292
2013-12-10,3.076499
2013-12-11,3.1093059
2013-12-12,5.2322326
2013-12-13,4.045825
2013-12-14,7.73328
2013-12-15,3.9924831
2013-12-16,3.1566825
2013-12-17,3.0868833
2013-12-18,3.0292802
2013-12-19,2.9930086
2013-12-20,2.9073277
2013-12-21,2.8362453
2013-12-22,2.7617207
2013-12-23,2.6871393
2013-12-24,2.6126974
2013-12-25,2.5409808
2013-12-26,2.462221
2013-12-27,2.3860524
2013-12-28,2.3445694
2013-12-29,2.2894542
2013-12-30,2.2090878
2013-12-31,2.1368098
2014-01-01,2.0658364
2014-01-02,1.9958571
2014-01-03,1.9533545
2014-01-04,1.9053302
2014-01-05,1.8167655
2014-01-06,1.7721571
2014-01-07,2.0188284
2014-01-08,1.8556514
2014-01-09,1.693113
2014-01-10,1.6241717
2014-01-11,1.5612375
2014-01-12,1.4995062
2014-01-13,1.4351648
2014-01-14,1.3779726
2014-01-15,1.3269817
2014-01-16,1.2796825
2014-01-17,1.2404766
2014-01-18,1.2026062
2014-01-19,1.5044959
2014-01-20,1.3168623
2014-01-21,1.1412513
2014-01-22,1.0812368
2014-01-23,1.0420238
2014-01-24,1.0001152
2014-01-25,0.96275043
2014-01-26,0.92420363
2014-01-27,0.88860613
2014-01-28,0.8524185
2014-01-29,0.8193331
2014-01-30,0.7882545
2014-01-31,0.7545819
2014-02-01,0.7230335
2014-02-02,0.6948594
2014-02-03,0.6695482
2014-02-04,0.6583156
2014-02-05,0.6371811
2014-02-06,0.6062579
2014-02-07,0.5848579
2014-02-08,0.5644303
2014-02-09,0.54784703
2014-02-10,0.54299897
2014-02-11,0.51724404
2014-02-12,0.94481015
2014-02-13,0.6043453
2014-02-14,0.48286706
2014-02-15,0.4572497
2014-02-16,0.4441911
2014-02-17,0.42928225
2014-02-18,0.41501242
2014-02-19,0.40101272
2014-02-20,0.38625225
2014-02-21,0.37483174
2014-02-22,0.3630779
2014-02-23,0.3484419
2014-02-24,0.33911577
2014-02-25,0.34245962
2014-02-26,0.5994715
2014-02-27,0.43816498
2014-02-28,2.481444
2014-03-01,0.7671267
2014-03-02,0.3152753
2014-03-03,0.5770033
2014-03-04,0.3464817
2014-03-05,0.27796802
2014-03-06,0.27138525
2014-03-07,0.41837513
2014-03-08,0.6922976
2014-03-09,7.529708
2014-03-10,6.9934573
2014-03-11,1.6394078
2014-03-12,0.39793238
2014-03-13,0.2808338
2014-03-14,0.6222596
2014-03-15,0.40561554
2014-03-16,0.33870664
2014-03-17,0.25135037
2014-03-18,0.22912797
2014-03-19,0.86192816
2014-03-20,1.4408585
2014-03-21,2.1256254
2014-03-22,0.5533317
2014-03-23,0.59233373
2014-03-24,0.6442308
2014-03-25,3.3980882
2014-03-26,8.235751
2014-03-27,9.540795
2014-03-28,5.6876664
2014-03-29,1.0340208
2014-03-30,0.21081729
2014-03-31,0.18641701
2014-04-01,0.18465866
2014-04-02,0.25020942
2014-04-03,0.9147598
2014-04-04,1.1085895
2014-04-05,1.1471002
2014-04-06,8.643146
2014-04-07,2.0863492
2014-04-08,9.874298
2014-04-09,8.644448
2014-04-10,15.32542
2014-04-11,8.841346
2014-04-12,2.5264628
2014-04-13,4.488511
2014-04-14,9.934994
2014-04-15,2.1710155
2014-04-16,2.481332
2014-04-17,0.9711404
2014-04-18,0.5882379
2014-04-19,0.68053555
2014-04-20,3.8667717
2014-04-21,1.8629922
2014-04-22,1.0362175
2014-04-23,1.5299857
2014-04-24,1.79042
2014-04-25,4.936507
2014-04-26,3.9668212
2014-04-27,4.0894713
2014-04-28,3.9055095
2014-04-29,4.559372
2014-04-30,4.5611105
2014-05-01,2.4194322
2014-05-02,5.0509715
2014-05-03,12.863682
2014-05-04,9.647965
2014-05-05,9.407659
2014-05-06,11.407941
2014-05-07,9.049164
2014-05-08,17.053976
2014-05-09,22.449614
2014-05-10,31.37207
2014-05-11,33.28482
2014-05-12,31.667238
2014-05-13,25.676487
2014-05-14,21.469095
2014-05-15,30.699081
2014-05-16,21.573458
2014-05-17,15.893342
2014-05-18,15.622489
2014-05-19,13.981668
2014-05-20,16.495148
2014-05-21,12.888617
2014-05-22,11.440683
2014-05-23,12.133403
2014-05-24,10.33738
2014-05-25,9.438598
2014-05-26,9.212373
2014-05-27,8.773093
2014-05-28,16.705849
2014-05-29,10.7067795
2014-05-30,8.170702
2014-05-31,7.6771736
2014-06-01,16.579935
2014-06-02,37.38145
2014-06-03,19.66347
2014-06-04,19.691408
2014-06-05,85.31998
2014-06-06,64.62565
2014-06-07,45.41097
2014-06-08,35.234634
2014-06-09,31.922073
2014-06-10,25.74351
2014-06-11,28.899513
2014-06-12,22.72376
2014-06-13,18.879097
2014-06-14,21.624533
2014-06-15,19.95645
2014-06-16,16.752987
2014-06-17,15.661855
2014-06-18,20.04264
2014-06-19,15.710601
2014-06-20,15.398449
2014-06-21,14.9917755
2014-06-22,14.225804
2014-06-23,13.966623
2014-06-24,13.544914
2014-06-25,16.736965
2014-06-26,13.869534
2014-06-27,12.473854
2014-06-28,11.981541
2014-06-29,20.833029
2014-06-30,19.12437
2014-07-01,15.864658
2014-07-02,13.487228
2014-07-03,30.698597
2014-07-04,34.482437
2014-07-05,30.38274
2014-07-06,28.936995
2014-07-07,35.352608
2014-07-08,29.531788
2014-07-09,22.753592
2014-07-10,23.653902
2014-07-11,20.564253
2014-07-12,21.714285
2014-07-13,18.61294
2014-07-14,30.61229
2014-07-15,22.20725
2014-07-16,21.142426
2014-07-17,18.686674
2014-07-18,18.592772
2014-07-19,22.50954
2014-07-20,17.605427
2014-07-21,19.426765
2014-07-22,15.686216
2014-07-23,14.218612
2014-07-24,13.337071
2014-07-25,13.077099
2014-07-26,16.363853
2014-07-27,12.308946
2014-07-28,11.302645
2014-07-29,10.990067
2014-07-30,10.471796
2014-07-31,23.19717
2014-08-01,14.904318
2014-08-02,9.986925
2014-08-03,11.524576
2014-08-04,10.644818
2014-08-05,10.833192
2014-08-06,19.143707
2014-08-07,12.829586
2014-08-08,11.490181
2014-08-09,14.374444
2014-08-10,12.352337
2014-08-11,10.864356
2014-08-12,11.142726
2014-08-13,13.236925
2014-08-14,12.956191
2014-08-15,16.90733
2014-08-16,10.701742
2014-08-17,9.271975
2014-08-18,9.668118
2014-08-19,14.704681
2014-08-20,9.474853
2014-08-21,8.057402
2014-08-22,7.779128
2014-08-23,7.494989
2014-08-24,7.1895127
2014-08-25,6.9016876
2014-08-26,8.975419
2014-08-27,7.4047723
2014-08-28,6.3322554
2014-08-29,6.2647915
2014-08-30,5.8758597
2014-08-31,5.6325626
2014-09-01,5.3255754
2014-09-02,5.080024
2014-09-03,8.363281
2014-09-04,5.9324613
2014-09-05,5.7087145
2014-09-06,4.683786
2014-09-07,4.389346
2014-09-08,6.117562
2014-09-09,16.403215
2014-09-10,6.5223956
2014-09-11,7.3465333
2014-09-12,5.2410836
2014-09-13,7.4617286
2014-09-14,11.620751
2014-09-15,11.371833
2014-09-16,7.8915625
2014-09-17,10.126713
2014-09-18,8.217012
2014-09-19,13.5505905
2014-09-20,14.060754
2014-09-21,10.064758
2014-09-22,9.363228
2014-09-23,11.271911
2014-09-24,9.418341
2014-09-25,12.328084
2014-09-26,9.202149
2014-09-27,10.962018
2014-09-28,10.240039
2014-09-29,9.133624
2014-09-30,7.5235553
2014-10-01,6.987117
2014-10-02,6.750114
2014-10-03,7.7932234
2014-10-04,8.672288
2014-10-05,6.4195547
2014-10-06,5.769522
2014-10-07,6.0697827
2014-10-08,5.9375963
2014-10-09,6.978527
2014-10-10,5.613023
2014-10-11,16.204016
2014-10-12,17.543959
2014-10-13,9.681846
2014-10-14,10.534014
2014-10-15,11.833227
2014-10-16,11.507449
2014-10-17,11.348326
2014-10-18,11.034869
2014-10-19,10.72381
2014-10-20,10.285303
2014-10-21,9.835417
2014-10-22,10.928694
2014-10-23,11.955653
2014-10-24,9.294183
2014-10-25,9.079421
2014-10-26,12.258555
2014-10-27,12.804524
2014-10-28,19.43176
2014-10-29,9.7873535
2014-10-30,14.779988
2014-10-31,8.721025
2014-11-01,9.819752
2014-11-02,14.736342
2014-11-03,9.522538
2014-11-04,8.546279
2014-11-05,9.160759
2014-11-06,6.9808655
2014-11-07,10.320846
2014-11-08,7.261067
2014-11-09,6.196269
2014-11-10,12.25738
2014-11-11,8.754102
2014-11-12,15.408718
2014-11-13,7.604118
2014-11-14,5.610079
2014-11-15,6.2649755
2014-11-16,6.776188
2014-11-17,8.853365
2014-11-18,6.014208
2014-11-19,5.310551
2014-11-20,5.2240806
2014-11-21,4.998226
2014-11-22,4.8454413
2014-11-23,4.784622
2014-11-24,4.653535
2014-11-25,4.6662526
2014-11-26,4.4411693
2014-11-27,4.249711
2014-11-28,4.1035438
2014-11-29,4.043291
2014-11-30,4.092416
2014-12-01,3.8462625
2014-12-02,3.6717775
2014-12-03,3.5839472
2014-12-04,3.589091
2014-12-05,3.837199
2014-12-06,3.5376744
2014-12-07,3.205379
2014-12-08,3.0902183
2014-12-09,2.9869537
2014-12-10,3.207899
2014-12-11,3.6236293
2014-12-12,11.774365
2014-12-13,4.644021
2014-12-14,7.0395
2014-12-15,3.5077612
2014-12-16,2.525438
2014-12-17,2.540784
2014-12-18,2.5306046
2014-12-19,2.3695216
2014-12-20,2.2800832
2014-12-21,2.2151523
2014-12-22,2.1433508
2014-12-23,2.069382
2014-12-24,2.011646
2014-12-25,2.845983
2014-12-26,2.3067424
2014-12-27,1.9571602
2014-12-28,1.85423
2014-12-29,1.8881917
2014-12-30,1.8336285
2014-12-31,1.8171674
2015-01-01,1.7126918
2015-01-02,2.058837
2015-01-03,2.2203603
2015-01-04,2.1787457
2015-01-05,2.1175244
2015-01-06,2.047107
2015-01-07,1.9806854
2015-01-08,1.9141269
2015-01-09,1.8832017
2015-01-10,1.8363681
2015-01-11,1.9691066
2015-01-12,1.8731067
2015-01-13,1.8163195
2015-01-14,1.7042519
2015-01-15,1.6278757
2015-01-16,1.578236
2015-01-17,1.5873975
2015-01-18,3.8284874
2015-01-19,2.1210377
2015-01-20,1.4857998
2015-01-21,3.7277987
2015-01-22,2.77153
2015-01-23,6.914998
2015-01-24,2.8503213
2015-01-25,4.639117
2015-01-26,1.9533631
2015-01-27,1.2628332
2015-01-28,1.2076358
2015-01-29,1.1807072
2015-01-30,1.1652911
2015-01-31,1.2316734
2015-02-01,1.7723591
2015-02-02,5.491169
2015-02-03,5.8333073
2015-02-04,8.380287
2015-02-05,2.835678
2015-02-06,1.4300863
2015-02-07,1.12651
2015-02-08,1.0569906
2015-02-09,1.0323448
2015-02-10,1.008799
2015-02-11,0.98459125
2015-02-12,1.3409688
2015-02-13,1.506434
2015-02-14,1.3318037
2015-02-15,3.2870932
2015-02-16,1.7888145
2015-02-17,1.0049646
2015-02-18,0.9192384
2015-02-19,0.88758904
2015-02-20,0.8706631
2015-02-21,0.8522086
2015-02-22,0.8259353
2015-02-23,0.8044605
2015-02-24,0.79272074
2015-02-25,0.77776146
2015-02-26,0.7573249
2015-02-27,0.8444173
2015-02-28,0.8738155
2015-03-01,0.97885495
2015-03-02,2.6691637
2015-03-03,1.0802273
2015-03-04,0.69027287
2015-03-05,0.6657262
2015-03-06,0.6532283
2015-03-07,0.6769664
2015-03-08,0.66998404
2015-03-09,0.7840147
2015-03-10,3.2215002
2015-03-11,1.3135983
2015-03-12,0.669696
2015-03-13,0.666544
2015-03-14,0.7637509
2015-03-15,0.6276508
2015-03-16,0.57389694
2015-03-17,0.59614646
2015-03-18,0.7563944
2015-03-19,1.635894
2015-03-20,6.774496
2015-03-21,7.251839
2015-03-22,1.8501788
2015-03-23,2.10339
2015-03-24,6.813376
2015-03-25,5.9658995
2015-03-26,1.522714
2015-03-27,0.6829165
2015-03-28,0.6720275
2015-03-29,5.796032
2015-03-30,9.031697
2015-03-31,4.2473865
2015-04-01,1.395582
2015-04-02,1.7971764
2015-04-03,1.7735289
2015-04-04,13.7107935
2015-04-05,5.926346
2015-04-06,2.4063246
2015-04-07,12.170369
2015-04-08,6.594562
2015-04-09,8.196776
2015-04-10,7.9331484
2015-04-11,6.3142223
2015-04-12,6.556111
2015-04-13,6.0728183
2015-04-14,5.971014
2015-04-15,11.1002445
2015-04-16,7.413564
2015-04-17,6.7457185
2015-04-18,12.514771
2015-04-19,16.479359
2015-04-20,15.593241
2015-04-21,14.994307
2015-04-22,12.435489
2015-04-23,12.001833
2015-04-24,28.588667
2015-04-25,16.551455
2015-04-26,15.380521
2015-04-27,20.490154
2015-04-28,22.225962
2015-04-29,32.313564
2015-04-30,29.361395
2015-05-01,25.19861
2015-05-02,21.625156
2015-05-03,18.081982
2015-05-04,15.372724
2015-05-05,13.416758
2015-05-06,13.372115
2015-05-07,17.236488
2015-05-08,11.056564
2015-05-09,20.950018
2015-05-10,18.277313
2015-05-11,14.952486
2015-05-12,10.978346
2015-05-13,18.129873
2015-05-14,13.943499
2015-05-15,149.31018
2015-05-16,59.710598
2015-05-17,27.739296
2015-05-18,21.22565
2015-05-19,36.392868
2015-05-20,19.254385
2015-05-21,17.777092
2015-05-22,19.884333
2015-05-23,14.33354
2015-05-24,13.707995
2015-05-25,22.887556
2015-05-26,21.640738
2015-05-27,19.585964
2015-05-28,18.623262
2015-05-29,17.47128
2015-05-30,22.63802
2015-05-31,31.178692
2015-06-01,34.841957
2015-06-02,25.22924
2015-06-03,34.773533
2015-06-04,23.106344
2015-06-05,25.508081
2015-06-06,28.66025
2015-06-07,18.7084
2015-06-08,14.770666
2015-06-09,14.749045
2015-06-10,23.222696
2015-06-11,19.766016
2015-06-12,16.406843
2015-06-13,18.644463
2015-06-14,16.269981
2015-06-15,20.167093
2015-06-16,15.443055
2015-06-17,31.914455
2015-06-18,19.04928
2015-06-19,14.300106
2015-06-20,19.42041
2015-06-21,27.70488
2015-06-22,29.532848
2015-06-23,27.826265
2015-06-24,33.905903
2015-06-25,28.156168
2015-06-26,25.11811
2015-06-27,26.670847
2015-06-28,23.770575
2015-06-29,21.930178
2015-06-30,19.341171
2015-07-01,18.012081
2015-07-02,16.685858
2015-07-03,17.432117
2015-07-04,14.369319
2015-07-05,16.65282
2015-07-06,21.463007
2015-07-07,71.576645
2015-07-08,27.178638
2015-07-09,15.14268
2015-07-10,14.246584
2015-07-11,23.142653
2015-07-12,15.081608
2015-07-13,14.940244
2015-07-14,12.466653
2015-07-15,13.305516
2015-07-16,15.4066725
2015-07-17,12.977796
2015-07-18,10.692142
2015-07-19,28.014507
2015-07-20,13.4063225
2015-07-21,9.578837
2015-07-22,12.02184
2015-07-23,10.200726
2015-07-24,9.428641
2015-07-25,9.361292
2015-07-26,9.419888
2015-07-27,9.511688
2015-07-28,18.372694
2015-07-29,19.307232
2015-07-30,16.019817
2015-07-31,122.54995
2015-08-01,53.61542
2015-08-02,26.653091
2015-08-03,20.752804
2015-08-04,20.248417
2015-08-05,25.490082
2015-08-06,20.164248
2015-08-07,13.227753
2015-08-08,13.891486
2015-08-09,12.725576
2015-08-10,10.05523
2015-08-11,9.39422
2015-08-12,13.504039
2015-08-13,13.166323
2015-08-14,13.21999
2015-08-15,9.703779
2015-08-16,7.346758
2015-08-17,6.5525007
2015-08-18,6.20615
2015-08-19,5.898145
2015-08-20,5.7568307
2015-08-21,5.5199294
2015-08-22,5.3040733
2015-08-23,6.817177
2015-08-24,5.1294327
2015-08-25,10.7054405
2015-08-26,10.5088415
2015-08-27,5.253863
2015-08-28,4.143083
2015-08-29,9.962003
2015-08-30,6.453395
2015-08-31,4.191988
2015-09-01,13.238182
2015-09-02,5.621179
2015-09-03,3.6324944
2015-09-04,3.5020676
2015-09-05,3.4908156
2015-09-06,5.262741
2015-09-07,8.66103
2015-09-08,4.4254384
2015-09-09,5.1641893
2015-09-10,3.6084983
2015-09-11,3.661583
2015-09-12,3.5979028
2015-09-13,3.1710331
2015-09-14,3.1851726
2015-09-15,3.007826
2015-09-16,2.9503276
2015-09-17,2.8951569
2015-09-18,3.1326118
2015-09-19,4.38324
2015-09-20,5.287169
2015-09-21,3.1511052
2015-09-22,2.6381028
2015-09-23,2.5322764
2015-09-24,2.4639955
2015-09-25,2.4298203
2015-09-26,2.348688
2015-09-27,2.3265162
2015-09-28,2.230735
2015-09-29,2.17701
2015-09-30,2.10818
2015-10-01,2.3239677
2015-10-02,2.2464952
2015-10-03,2.010981
2015-10-04,2.1812954
2015-10-05,2.4488142
2015-10-06,2.033132
2015-10-07,1.8937694
2015-10-08,1.9284784
2015-10-09,1.8136616
2015-10-10,1.7259892
2015-10-11,1.8867157
2015-10-12,3.6142066
2015-10-13,2.759701
2015-10-14,8.833148
2015-10-15,3.1809916
2015-10-16,4.721572
2015-10-17,10.545941
2015-10-18,14.229566
2015-10-19,4.1527367
2015-10-20,1.8468628
2015-10-21,1.879156
2015-10-22,1.9667642
2015-10-23,2.127438
2015-10-24,5.6324058
2015-10-25,2.7865803
2015-10-26,7.3029304
2015-10-27,3.1224675
2015-10-28,2.4258502
2015-10-29,3.4370427
2015-10-30,2.2721848
2015-10-31,2.0123591
2015-11-01,2.0197618
2015-11-02,1.9756119
2015-11-03,1.961826
2015-11-04,1.9647528
2015-11-05,2.6934996
2015-11-06,5.512047
2015-11-07,5.101983
2015-11-08,5.541774
2015-11-09,8.136202
2015-11-10,6.3243513
2015-11-11,3.3260343
2015-11-12,3.1525607
2015-11-13,2.243168
2015-11-14,4.6024876
2015-11-15,11.076618
2015-11-16,9.93433
2015-11-17,3.647041
2015-11-18,2.5574028
2015-11-19,2.5320704
2015-11-20,2.467342
2015-11-21,2.397347
2015-11-22,2.324759
2015-11-23,7.6869206
2015-11-24,5.854513
2015-11-25,6.9904003
2015-11-26,3.1842268
2015-11-27,2.5504522
2015-11-28,2.4661024
2015-11-29,2.540431
2015-11-30,2.797795
2015-12-01,2.5889597
2015-12-02,2.7475007
2015-12-03,2.598235
2015-12-04,2.4973366
2015-12-05,2.453502
2015-12-06,9.511699
2015-12-07,3.8296256
2015-12-08,2.3419151
2015-12-09,2.2859597
2015-12-10,2.264442
2015-12-11,2.2337818
2015-12-12,2.1856089
2015-12-13,2.1527836
2015-12-14,3.0145018
2015-12-15,3.771308
2015-12-16,3.5180845
2015-12-17,4.5480556
2015-12-18,2.6618574
2015-12-19,7.484267
2015-12-20,3.2986515
2015-12-21,2.1725888
2015-12-22,2.1680958
2015-12-23,2.3335276
2015-12-24,2.2243464
2015-12-25,2.1823921
2015-12-26,2.1399753
2015-12-27,2.0984666
2015-12-28,2.063449
2015-12-29,2.028795
2015-12-30,2.009668
2015-12-31,2.0305429
2016-01-01,1.955633
2016-01-02,1.9086193
2016-01-03,1.8439807
2016-01-04,1.7971607
2016-01-05,1.7484864
2016-01-06,1.7040528
2016-01-07,1.6574198
2016-01-08,1.6397059
2016-01-09,1.5754585
2016-01-10,1.5215952
2016-01-11,1.4710019
2016-01-12,1.4234694
2016-01-13,1.370314
2016-01-14,1.325246
2016-01-15,1.2809405
2016-01-16,1.2319708
2016-01-17,1.1881001
2016-01-18,1.1466078
2016-01-19,1.0980027
2016-01-20,1.0653471
2016-01-21,1.0175351
2016-01-22,0.9812243
2016-01-23,0.9501275
2016-01-24,0.9137187
2016-01-25,0.87659836
2016-01-26,0.8492024
2016-01-27,0.81950486
2016-01-28,0.78388494
2016-01-29,0.7526708
2016-01-30,0.72608614
2016-01-31,0.69898874
2016-02-01,0.67064667
2016-02-02,0.64647335
2016-02-03,0.626499
2016-02-04,0.61062
2016-02-05,0.59696364
2016-02-06,0.56728905
2016-02-07,0.5523131
2016-02-08,0.81163716
2016-02-09,0.82802266
2016-02-10,0.65834653
2016-02-11,1.5610628
2016-02-12,0.8568948
2016-02-13,0.70364
2016-02-14,0.59153676
2016-02-15,3.234324
2016-02-16,1.2431395
2016-02-17,0.5764691
2016-02-18,0.83725744
2016-02-19,1.6684667
2016-02-20,0.7059351
2016-02-21,0.60480326
2016-02-22,1.2207313
2016-02-23,0.7892011
2016-02-24,0.4857261
2016-02-25,7.9402304
2016-02-26,2.034966
2016-02-27,0.49107474
2016-02-28,0.42331877
2016-02-29,0.40419155
2016-03-01,0.4023489
2016-03-02,0.44806215
2016-03-03,4.927797
2016-03-04,1.3940259
2016-03-05,0.6822559
2016-03-06,1.0616767
2016-03-07,0.50979406
2016-03-08,0.44117188
2016-03-09,0.721412
2016-03-10,0.44063628
2016-03-11,0.36559156
2016-03-12,0.35398906
2016-03-13,0.35208777
2016-03-14,1.0269213
2016-03-15,2.2964728
2016-03-16,1.3297237
2016-03-17,0.9890865
2016-03-18,3.2418036
2016-03-19,2.684905
2016-03-20,4.8777027
2016-03-21,17.150906
2016-03-22,6.0319138
2016-03-23,7.7163506
2016-03-24,1.9572684
2016-03-25,0.51785
2016-03-26,0.42324734
2016-03-27,0.5448166
2016-03-28,0.92926455
2016-03-29,1.1098473
2016-03-30,0.849183
2016-03-31,3.8370445
2016-04-01,3.051961
2016-04-02,8.059595
2016-04-03,5.647163
2016-04-04,3.3773544
2016-04-05,13.231834
2016-04-06,6.468458
2016-04-07,3.5794432
2016-04-08,8.879205
2016-04-09,8.249659
2016-04-10,16.325687
2016-04-11,9.786124
2016-04-12,16.754446
2016-04-13,14.747685
2016-04-14,12.22439
2016-04-15,12.070084
2016-04-16,11.738937
2016-04-17,14.761566
2016-04-18,12.332738
2016-04-19,10.581914
2016-04-20,10.243003
2016-04-21,9.763299
2016-04-22,9.5666685
2016-04-23,12.096683
2016-04-24,9.592505
2016-04-25,9.576922
2016-04-26,8.632377
2016-04-27,8.129611
2016-04-28,10.594144
2016-04-29,21.983984
2016-04-30,10.677759
2016-05-01,7.499408
2016-05-02,7.282157
2016-05-03,7.20553
2016-05-04,7.7337027
2016-05-05,11.124449
2016-05-06,8.542711
2016-05-07,10.601624
2016-05-08,8.080423
2016-05-09,11.668608
2016-05-10,8.455661
2016-05-11,9.378122
2016-05-12,8.3807125
2016-05-13,10.412933
2016-05-14,8.645284
2016-05-15,18.108807
2016-05-16,10.607904
2016-05-17,9.443128
2016-05-18,30.53701
2016-05-19,23.25728
2016-05-20,20.107124
2016-05-21,24.218733
2016-05-22,48.14057
2016-05-23,32.404167
2016-05-24,26.910692
2016-05-25,130.70723
2016-05-26,48.396847
2016-05-27,22.35517
2016-05-28,21.362053
2016-05-29,20.93231
2016-05-30,19.438463
2016-05-31,16.898232
2016-06-01,14.623646
2016-06-02,11.864545
2016-06-03,10.813457
2016-06-04,10.502184
2016-06-05,9.906259
2016-06-06,9.504807
2016-06-07,16.990833
2016-06-08,10.5625515
2016-06-09,8.576611
2016-06-10,10.439553
2016-06-11,14.38285
2016-06-12,9.610736
2016-06-13,9.276151
2016-06-14,8.127556
2016-06-15,7.6905837
2016-06-16,7.6668024
2016-06-17,8.135955
2016-06-18,7.4690986
2016-06-19,7.2981014
2016-06-20,10.589384
2016-06-21,7.7245464
2016-06-22,6.8581038
2016-06-23,14.231502
2016-06-24,8.259844
2016-06-25,7.126828
2016-06-26,8.835456
2016-06-27,8.917231
2016-06-28,17.452118
2016-06-29,10.9910345
2016-06-30,10.002149
2016-07-01,14.116123
2016-07-02,16.221598
2016-07-03,16.956194
2016-07-04,17.837019
2016-07-05,34.11624
2016-07-06,24.25789
2016-07-07,20.371237
2016-07-08,19.97099
2016-07-09,18.475954
2016-07-10,17.480412
2016-07-11,30.926466
2016-07-12,18.391508
2016-07-13,14.64685
2016-07-14,13.656572
2016-07-15,13.423774
2016-07-16,11.834064
2016-07-17,14.844683
2016-07-18,22.576494
2016-07-19,12.366678
2016-07-20,9.359073
2016-07-21,19.072025
2016-07-22,10.605359
2016-07-23,11.712568
2016-07-24,8.594484
2016-07-25,7.5658817
2016-07-26,15.66914
2016-07-27,8.955185
2016-07-28,9.441546
2016-07-29,10.958206
2016-07-30,13.597017
2016-07-31,10.087032
2016-08-01,7.620023
2016-08-02,7.1135707
2016-08-03,7.1155987
2016-08-04,7.207042
2016-08-05,6.9676228
2016-08-06,8.217734
2016-08-07,6.894476
2016-08-08,6.5550756
2016-08-09,9.374629
2016-08-10,7.1714063
2016-08-11,6.6873245
2016-08-12,8.116158
2016-08-13,6.1676197
2016-08-14,5.754157
2016-08-15,8.156922
2016-08-16,7.1547785
2016-08-17,11.249803
2016-08-18,10.090434
2016-08-19,9.790928
2016-08-20,6.3162675
2016-08-21,5.7815146
2016-08-22,16.496485
2016-08-23,19.99431
2016-08-24,9.255149
2016-08-25,7.149821
2016-08-26,7.188699
2016-08-27,15.219368
2016-08-28,8.469448
2016-08-29,6.846192
2016-08-30,6.878962
2016-08-31,8.491178
2016-09-01,7.254762
2016-09-02,7.082061
2016-09-03,6.547037
2016-09-04,8.783603
2016-09-05,12.866112
2016-09-06,19.450926
2016-09-07,14.771075
2016-09-08,11.580621
2016-09-09,11.057551
2016-09-10,11.103169
2016-09-11,13.937509
2016-09-12,11.048131
2016-09-13,9.901795
2016-09-14,9.436553
2016-09-15,22.689985
2016-09-16,11.902764
2016-09-17,9.291762
2016-09-18,10.212662
2016-09-19,9.183525
2016-09-20,12.486547
2016-09-21,9.355609
2016-09-22,9.907304
2016-09-23,8.340323
2016-09-24,11.461897
2016-09-25,9.495817
2016-09-26,7.574625
2016-09-27,6.739145
2016-09-28,14.79935
2016-09-29,8.642839
2016-09-30,7.1210165
2016-10-01,9.44701
2016-10-02,6.31771
2016-10-03,5.500054
2016-10-04,5.582564
2016-10-05,5.1568046
2016-10-06,5.390774
2016-10-07,6.469982
2016-10-08,5.1104383
2016-10-09,4.729397
2016-10-10,18.328686
2016-10-11,7.299877
2016-10-12,5.326895
2016-10-13,4.5796256
2016-10-14,4.5235677
2016-10-15,5.9339585
2016-10-16,6.1284723
2016-10-17,4.572142
2016-10-18,4.38455
2016-10-19,4.27018
2016-10-20,4.1151214
2016-10-21,8.044001
2016-10-22,4.727677
2016-10-23,5.929681
2016-10-24,4.4654474
2016-10-25,5.071328
2016-10-26,6.4843645
2016-10-27,4.038695
2016-10-28,3.5146596
2016-10-29,12.795392
2016-10-30,11.0130005
2016-10-31,5.0731244
2016-11-01,4.323392
2016-11-02,4.631588
2016-11-03,4.699085
2016-11-04,4.569448
2016-11-05,25.610662
2016-11-06,10.853244
2016-11-07,7.1672482
2016-11-08,7.2159815
2016-11-09,7.142219
2016-11-10,7.06595
2016-11-11,8.414871
2016-11-12,14.316302
2016-11-13,7.818813
2016-11-14,6.1549187
2016-11-15,9.630732
2016-11-16,6.4284234
2016-11-17,5.4420066
2016-11-18,5.2028494
2016-11-19,5.7940855
2016-11-20,8.469695
2016-11-21,5.4806695
2016-11-22,4.628092
2016-11-23,4.5501137
2016-11-24,4.835813
2016-11-25,4.343899
2016-11-26,8.040634
2016-11-27,4.8992324
2016-11-28,8.862707
2016-11-29,12.333932
2016-11-30,16.598278
2016-12-01,6.633324
2016-12-02,8.094848
2016-12-03,7.4014525
2016-12-04,15.419871
2016-12-05,12.593193
2016-12-06,12.889807
2016-12-07,14.481217
2016-12-08,17.503164
2016-12-09,16.183266
2016-12-10,12.663439
2016-12-11,16.487032
2016-12-12,12.068538
2016-12-13,10.49139
2016-12-14,9.875141
2016-12-15,9.29706
2016-12-16,10.03185
2016-12-17,8.628061
2016-12-18,7.9169817
2016-12-19,7.485601
2016-12-20,7.0501075
2016-12-21,6.628892
2016-12-22,6.239301
2016-12-23,5.8704376
2016-12-24,5.6128626
2016-12-25,5.5758133
2016-12-26,5.2638545
2016-12-27,6.434502
2016-12-28,5.3018436
2016-12-29,4.5292926
2016-12-30,4.3254056
2016-12-31,8.2677965
2017-01-01,19.631796
2017-01-02,12.224582
2017-01-03,5.0556107
2017-01-04,3.8821917
2017-01-05,3.8571026
2017-01-06,7.929098
2017-01-07,5.8030767
2017-01-08,7.9090147
2017-01-09,4.747523
2017-01-10,4.0360055
2017-01-11,4.0209055
2017-01-12,4.0105505
2017-01-13,3.9588144
2017-01-14,3.904172
2017-01-15,3.8491554
2017-01-16,3.7998066
2017-01-17,3.705058
2017-01-18,3.6092908
2017-01-19,3.4933913
2017-01-20,3.3771787
2017-01-21,3.2605226
2017-01-22,3.1829114
2017-01-23,3.0849829
2017-01-24,2.9911761
2017-01-25,2.8833175
2017-01-26,2.812058
2017-01-27,2.912625
2017-01-28,2.962877
2017-01-29,2.8470812
2017-01-30,2.6163223
2017-01-31,2.4863048
2017-02-01,2.545734
2017-02-02,2.4435692
2017-02-03,2.3066368
2017-02-04,2.2048428
2017-02-05,2.12707
2017-02-06,2.0485723
2017-02-07,1.9724491
2017-02-08,1.9212106
2017-02-09,1.8346605
2017-02-10,1.7615744
2017-02-11,1.6951606
2017-02-12,1.6267948
2017-02-13,1.560009
2017-02-14,1.5025318
2017-02-15,1.4383117
2017-02-16,1.3803264
2017-02-17,1.3324654
2017-02-18,1.2897722
2017-02-19,1.24407
2017-02-20,1.1855081
2017-02-21,1.1499169
2017-02-22,1.1112876
2017-02-23,1.3817031
2017-02-24,1.3387841
2017-02-25,1.1076503
2017-02-26,1.0115
2017-02-27,1.2943071
2017-02-28,1.1746773
2017-03-01,0.95512795
2017-03-02,0.8929703
2017-03-03,0.8588841
2017-03-04,0.8253277
2017-03-05,0.82716
2017-03-06,0.8129858
2017-03-07,1.2246361
2017-03-08,4.0121975
2017-03-09,1.5762073
2017-03-10,0.820906
2017-03-11,0.74008524
2017-03-12,0.73121697
2017-03-13,1.0446887
2017-03-14,4.1293745
2017-03-15,1.5048362
2017-03-16,0.794302
2017-03-17,0.65799254
2017-03-18,0.66988355
2017-03-19,0.72120243
2017-03-20,2.7626805
2017-03-21,7.785808
2017-03-22,1.9670869
2017-03-23,8.738412
2017-03-24,8.155775
2017-03-25,1.8181248
2017-03-26,0.6085691
2017-03-27,0.75540787
2017-03-28,3.085379
2017-03-29,7.395877
2017-03-30,7.6652393
2017-03-31,7.3899155
2017-04-01,3.0262566
2017-04-02,2.8738894
2017-04-03,0.9752803
2017-04-04,0.54488564
2017-04-05,0.5464628
2017-04-06,0.53187495
2017-04-07,0.52847373
2017-04-08,0.5289585
2017-04-09,0.69682133
2017-04-10,8.497423
2017-04-11,2.289762
2017-04-12,0.94098
2017-04-13,6.3550105
2017-04-14,3.0705225
2017-04-15,13.676097
2017-04-16,11.427958
2017-04-17,2.61108
2017-04-18,4.7300906
2017-04-19,3.6228228
2017-04-20,3.824795
2017-04-21,8.796884
2017-04-22,3.937734
2017-04-23,7.188488
2017-04-24,10.255651
2017-04-25,7.023595
2017-04-26,4.3828297
2017-04-27,6.179548
2017-04-28,7.1825314
2017-04-29,14.122179
2017-04-30,6.622074
2017-05-01,5.338589
2017-05-02,11.980044
2017-05-03,7.9743304
2017-05-04,15.840317
2017-05-05,10.43294
2017-05-06,31.167551
2017-05-07,42.145752
2017-05-08,41.945
2017-05-09,43.110516
2017-05-10,34.14769
2017-05-11,28.62401
2017-05-12,25.392973
2017-05-13,20.595856
2017-05-14,18.402859
2017-05-15,19.996233
2017-05-16,16.072254
2017-05-17,14.013598
2017-05-18,12.964735
2017-05-19,19.088036
2017-05-20,12.405783
2017-05-21,10.2152815
2017-05-22,10.92389
2017-05-23,12.779636
2017-05-24,13.867882
2017-05-25,12.253024
2017-05-26,8.959448
2017-05-27,10.200665
2017-05-28,8.204705
2017-05-29,7.5803795
2017-05-30,11.448367
2017-05-31,7.9775476
2017-06-01,6.8079877
2017-06-02,9.534311
2017-06-03,15.348312
2017-06-04,8.416306
2017-06-05,8.090271
2017-06-06,6.462643
2017-06-07,6.112414
2017-06-08,8.6384325
2017-06-09,10.184597
2017-06-10,6.911394
2017-06-11,10.45578
2017-06-12,8.180607
2017-06-13,8.610914
2017-06-14,13.899345
2017-06-15,19.20309
2017-06-16,27.03278
2017-06-17,20.048264
2017-06-18,17.894026
2017-06-19,18.54116
2017-06-20,18.896925
2017-06-21,50.01457
2017-06-22,45.147423
2017-06-23,36.710808
2017-06-24,30.051895
2017-06-25,25.512142
2017-06-26,23.079514
2017-06-27,21.17222
2017-06-28,17.866583
2017-06-29,17.926016
2017-06-30,15.516469
2017-07-01,22.074762
2017-07-02,18.446413
2017-07-03,23.655235
2017-07-04,18.538513
2017-07-05,15.256727
2017-07-06,15.798317
2017-07-07,19.688808
2017-07-08,20.07958
2017-07-09,24.50883
2017-07-10,30.136816
2017-07-11,62.910065
2017-07-12,48.2398
2017-07-13,41.66782
2017-07-14,26.401493
2017-07-15,21.388592
2017-07-16,18.794777
2017-07-17,16.62152
2017-07-18,16.361523
2017-07-19,21.799135
2017-07-20,14.539816
2017-07-21,12.232233
2017-07-22,11.547416
2017-07-23,12.58754
2017-07-24,10.682364
2017-07-25,9.724487
2017-07-26,16.760887
2017-07-27,10.34764
2017-07-28,26.162378
2017-07-29,17.130802
2017-07-30,10.494472
2017-07-31,9.228319
2017-08-01,8.882547
2017-08-02,8.607858
2017-08-03,8.385364
2017-08-04,8.094635
2017-08-05,9.35688
2017-08-06,7.989378
2017-08-07,7.3114
2017-08-08,7.05076
2017-08-09,6.745363
2017-08-10,6.466314
2017-08-11,6.1704574
2017-08-12,5.9185452
2017-08-13,5.6596737
2017-08-14,5.3995924
2017-08-15,5.1338396
2017-08-16,4.926187
2017-08-17,4.6911316
2017-08-18,4.473784
2017-08-19,4.421137
2017-08-20,4.7468076
2017-08-21,4.055322
2017-08-22,3.7786148
2017-08-23,3.6382089
2017-08-24,3.476071
2017-08-25,3.4853363
2017-08-26,4.4253464
2017-08-27,3.3753364
2017-08-28,8.94011
2017-08-29,4.548221
2017-08-30,6.4927835
2017-08-31,3.471391
2017-09-01,2.7004745
2017-09-02,2.627129
2017-09-03,2.7141724
2017-09-04,2.5993564
2017-09-05,2.3840883
2017-09-06,2.3477356
2017-09-07,3.0595884
2017-09-08,2.3476117
2017-09-09,2.3471236
2017-09-10,2.1563013
2017-09-11,2.0907068
2017-09-12,2.095938
2017-09-13,8.982767
2017-09-14,6.2165856
2017-09-15,2.625646
2017-09-16,1.9906784
2017-09-17,2.9648242
2017-09-18,2.7652452
2017-09-19,2.107981
2017-09-20,1.8094716
2017-09-21,6.424674
2017-09-22,2.6724696
2017-09-23,9.508668
2017-09-24,6.481246
2017-09-25,7.3362317
2017-09-26,2.6913643
2017-09-27,1.6821456
2017-09-28,1.7273483
2017-09-29,8.009081
2017-09-30,2.9020648
2017-10-01,1.9753602
2017-10-02,1.6635356
2017-10-03,1.5993363
2017-10-04,5.7789855
2017-10-05,12.200927
2017-10-06,4.054057
2017-10-07,1.8444643
2017-10-08,1.9066465
2017-10-09,1.8648833
2017-10-10,1.913305
2017-10-11,2.0220418
2017-10-12,2.8779547
2017-10-13,2.127487
2017-10-14,5.030457
2017-10-15,6.3369293
2017-10-16,10.0096
2017-10-17,4.693886
2017-10-18,3.2457213
2017-10-19,2.3153777
2017-10-20,2.4813464
2017-10-21,5.949158
2017-10-22,3.3858135
2017-10-23,2.62885
2017-10-24,2.3433392
2017-10-25,18.045246
2017-10-26,5.495143
2017-10-27,5.2813153
2017-10-28,3.02957
2017-10-29,2.4431422
2017-10-30,11.58443
2017-10-31,17.912043
2017-11-01,5.3854256
2017-11-02,9.954195
2017-11-03,4.8206425
2017-11-04,5.3604712
2017-11-05,3.7141926
2017-11-06,3.4411957
2017-11-07,3.6831155
2017-11-08,3.4000347
2017-11-09,3.3073578
2017-11-10,5.040392
2017-11-11,3.8022733
2017-11-12,3.372171
2017-11-13,8.915068
2017-11-14,4.4828234
2017-11-15,6.886232
2017-11-16,6.217245
2017-11-17,3.9411747
2017-11-18,3.6848855
2017-11-19,8.857979
2017-11-20,4.6874614
2017-11-21,3.8678844
2017-11-22,3.7674744
2017-11-23,3.7452252
2017-11-24,8.050768
2017-11-25,22.302694
2017-11-26,14.937276
2017-11-27,6.498741
2017-11-28,4.6246624
2017-11-29,4.278646
2017-11-30,4.307357
2017-12-01,4.277491
2017-12-02,4.250441
2017-12-03,4.206442
2017-12-04,4.0703945
2017-12-05,3.9626956
2017-12-06,3.8502219
2017-12-07,3.7452726
2017-12-08,4.0880294
2017-12-09,3.650072
2017-12-10,3.4820027
2017-12-11,3.346366
2017-12-12,3.227194
2017-12-13,3.349583
2017-12-14,3.0935042
2017-12-15,2.9512308
2017-12-16,2.9395812
2017-12-17,2.7778893
2017-12-18,2.657536
2017-12-19,2.553636
2017-12-20,2.4536476
2017-12-21,2.3611655
2017-12-22,2.2712214
2017-12-23,2.1972609
2017-12-24,2.1222618
2017-12-25,2.0402262
2017-12-26,1.9654276
2017-12-27,1.8857746
2017-12-28,1.8137832
2017-12-29,1.8434592
2017-12-30,1.7585683
2017-12-31,1.8437289
2018-01-01,1.854258
2018-01-02,3.1790342
2018-01-03,2.0291262
2018-01-04,1.582451
2018-01-05,1.5272206
2018-01-06,1.7347653
2018-01-07,1.4714398
2018-01-08,1.4077853
2018-01-09,1.3509545
2018-01-10,1.521821
2018-01-11,1.3837651
2018-01-12,5.057545
2018-01-13,4.3852077
2018-01-14,2.9812799
2018-01-15,1.5364544
2018-01-16,5.912664
2018-01-17,5.1713085
2018-01-18,6.248611
2018-01-19,13.063405
2018-01-20,10.772488
2018-01-21,6.646799
2018-01-22,2.0671628
2018-01-23,1.3593574
2018-01-24,1.420185
2018-01-25,1.4689807
2018-01-26,1.493424
2018-01-27,1.630358
2018-01-28,1.5157458
2018-01-29,1.4769588
2018-01-30,1.4615593
2018-01-31,1.4333192
2018-02-01,1.4072412
2018-02-02,1.3767267
2018-02-03,1.3414347
2018-02-04,1.3111317
2018-02-05,1.2794081
2018-02-06,1.2517495
2018-02-07,1.2162225
2018-02-08,1.1790364
2018-02-09,1.1489207
2018-02-10,1.1073529
2018-02-11,1.0688593
2018-02-12,1.0422585
2018-02-13,1.0113072
2018-02-14,0.97301036
2018-02-15,0.94587445
2018-02-16,0.9275128
2018-02-17,0.90330887
2018-02-18,1.0513604
2018-02-19,0.904024
2018-02-20,0.84083986
2018-02-21,0.80941844
2018-02-22,0.78378725
2018-02-23,0.75776464
2018-02-24,0.7334163
2018-02-25,0.70774907
2018-02-26,0.68702674
2018-02-27,0.6656665
2018-02-28,0.64391565
2018-03-01,0.63254064
2018-03-02,0.61060655
2018-03-03,0.5989075
2018-03-04,0.58303607
2018-03-05,0.92002994
2018-03-06,0.68186206
2018-03-07,5.500903
2018-03-08,1.5543853
2018-03-09,1.1586593
2018-03-10,0.6479795
2018-03-11,0.52149624
2018-03-12,0.5018562
2018-03-13,0.48432893
2018-03-14,0.47275767
2018-03-15,0.45718879
2018-03-16,0.44737414
2018-03-17,0.5045542
2018-03-18,0.44591406
2018-03-19,0.5391121
2018-03-20,0.45031407
2018-03-21,0.5937386
2018-03-22,0.75458175
2018-03-23,0.9299532
2018-03-24,13.121994
2018-03-25,3.0393436
2018-03-26,0.53015465
2018-03-27,0.5247793
2018-03-28,2.4513545
2018-03-29,18.29904
2018-03-30,28.40115
2018-03-31,5.4225564
2018-04-01,4.374466
2018-04-02,1.5152482
2018-04-03,1.1548631
2018-04-04,6.3245616
2018-04-05,10.956808
2018-04-06,11.6915045
2018-04-07,15.556894
2018-04-08,4.311755
2018-04-09,5.331482
2018-04-10,4.395565
2018-04-11,7.858563
2018-04-12,4.69457
2018-04-13,5.6174674
2018-04-14,7.3362765
2018-04-15,24.752733
2018-04-16,15.508141
2018-04-17,20.021582
2018-04-18,22.199682
2018-04-19,18.821833
2018-04-20,18.115898
2018-04-21,17.244423
2018-04-22,17.67873
2018-04-23,23.701666
2018-04-24,18.31348
2018-04-25,21.531939
2018-04-26,22.792896
2018-04-27,16.45097
2018-04-28,15.464265
2018-04-29,14.239654
2018-04-30,37.716896
2018-05-01,22.470201
2018-05-02,18.333183
2018-05-03,18.220486
2018-05-04,16.89145
2018-05-05,21.808956
2018-05-06,23.45116
2018-05-07,18.606422
2018-05-08,14.115636
2018-05-09,13.602192
2018-05-10,12.580272
2018-05-11,19.588106
2018-05-12,18.373514
2018-05-13,12.822621
2018-05-14,15.929435
2018-05-15,14.212543
2018-05-16,14.514966
2018-05-17,14.080537
2018-05-18,17.202858
2018-05-19,24.556316
2018-05-20,16.640366
2018-05-21,19.185055
2018-05-22,15.479653
2018-05-23,15.587029
2018-05-24,113.11776
2018-05-25,52.213055
2018-05-26,34.695004
2018-05-27,21.558903
2018-05-28,16.86561
2018-05-29,15.536251
2018-05-30,13.644981
2018-05-31,20.267546
2018-06-01,15.05462
2018-06-02,14.323023
2018-06-03,11.907093
2018-06-04,16.008568
2018-06-05,16.612011
2018-06-06,13.596582
2018-06-07,12.658884
2018-06-08,12.464289
2018-06-09,14.731073
2018-06-10,26.26906
2018-06-11,35.213505
2018-06-12,44.95302
2018-06-13,31.793661
2018-06-14,30.36908
2018-06-15,35.013634
2018-06-16,31.181211
2018-06-17,25.065105
2018-06-18,20.709988
2018-06-19,19.048807
2018-06-20,17.86945
2018-06-21,16.538946
2018-06-22,15.20033
2018-06-23,14.062177
2018-06-24,13.054044
2018-06-25,22.932167
2018-06-26,23.838331
2018-06-27,12.757642
2018-06-28,10.119681
2018-06-29,16.942217
2018-06-30,10.784266
2018-07-01,13.994289
2018-07-02,18.861752
2018-07-03,11.200715
2018-07-04,21.602047
2018-07-05,18.406382
2018-07-06,13.574556
2018-07-07,11.312705
2018-07-08,10.849479
2018-07-09,10.438795
2018-07-10,13.573022
2018-07-11,17.844212
2018-07-12,22.275972
2018-07-13,17.703598
2018-07-14,19.154743
2018-07-15,19.037745
2018-07-16,18.22286
2018-07-17,17.483982
2018-07-18,16.449678
2018-07-19,15.253348
2018-07-20,14.107204
2018-07-21,13.020355
2018-07-22,12.37612
2018-07-23,15.066657
2018-07-24,11.4663315
2018-07-25,10.358709
2018-07-26,11.422864
2018-07-27,11.073286
2018-07-28,23.40891
2018-07-29,13.065742
2018-07-30,8.727949
2018-07-31,8.404724
2018-08-01,8.717254
2018-08-02,9.611812
2018-08-03,8.133059
2018-08-04,7.586872
2018-08-05,9.893359
2018-08-06,8.173099
2018-08-07,7.605381
2018-08-08,10.052847
2018-08-09,7.6627917
2018-08-10,21.673067
2018-08-11,9.666245
2018-08-12,6.5498414
2018-08-13,6.711478
2018-08-14,9.535446
2018-08-15,6.7730446
2018-08-16,5.8477244
2018-08-17,5.629069
2018-08-18,5.9773846
2018-08-19,7.564455
2018-08-20,10.225431
2018-08-21,6.721939
2018-08-22,5.553247
2018-08-23,16.029278
2018-08-24,7.5334015
2018-08-25,4.9635296
2018-08-26,6.3183665
2018-08-27,5.042738
2018-08-28,17.136923
2018-08-29,13.590769
2018-08-30,6.1782966
2018-08-31,5.020484
2018-09-01,5.044503
2018-09-02,4.974413
2018-09-03,11.530773
2018-09-04,12.8821745
2018-09-05,11.259665
2018-09-06,6.820377
2018-09-07,9.794147
2018-09-08,5.626231
2018-09-09,4.581256
2018-09-10,4.473655
2018-09-11,4.390764
2018-09-12,4.3250012
2018-09-13,7.551812
2018-09-14,5.016345
2018-09-15,4.828345
2018-09-16,5.586992
2018-09-17,4.66319
2018-09-18,7.1452503
2018-09-19,6.9965687
2018-09-20,12.566397
2018-09-21,5.3251104
2018-09-22,11.497966
2018-09-23,5.3120556
2018-09-24,3.7526512
2018-09-25,3.76507
2018-09-26,3.754306
2018-09-27,3.991294
2018-09-28,6.2197084
2018-09-29,8.254605
2018-09-30,5.748949
2018-10-01,3.8673232
2018-10-02,3.5595589
2018-10-03,5.391718
2018-10-04,9.469843
2018-10-05,6.739778
2018-10-06,21.215176
2018-10-07,9.224249
2018-10-08,13.423104
2018-10-09,10.221937
2018-10-10,7.148294
2018-10-11,6.656752
2018-10-12,13.087137
2018-10-13,14.053025
2018-10-14,12.744286
2018-10-15,12.82875
2018-10-16,13.600728
2018-10-17,12.845087
2018-10-18,12.414914
2018-10-19,12.174839
2018-10-20,11.719786
2018-10-21,11.012761
2018-10-22,11.541107
2018-10-23,11.551235
2018-10-24,10.2763
2018-10-25,17.0931
2018-10-26,10.974483
2018-10-27,10.641905
2018-10-28,15.54309
2018-10-29,9.479935
2018-10-30,8.046716
2018-10-31,8.097413
2018-11-01,13.863276
2018-11-02,8.816014
2018-11-03,7.4139433
2018-11-04,7.0768375
2018-11-05,8.82781
2018-11-06,7.0669584
2018-11-07,6.569884
2018-11-08,14.307158
2018-11-09,8.171662
2018-11-10,10.146065
2018-11-11,6.8773785
2018-11-12,9.341592
2018-11-13,9.964806
2018-11-14,6.5476394
2018-11-15,5.7316856
2018-11-16,6.360618
2018-11-17,8.807759
2018-11-18,8.715274
2018-11-19,6.12882
2018-11-20,6.243075
2018-11-21,6.587238
2018-11-22,8.399417
2018-11-23,9.25419
2018-11-24,6.7271824
2018-11-25,6.173502
2018-11-26,6.5390086
2018-11-27,6.1081786
2018-11-28,9.71892
2018-11-29,6.7211313
2018-11-30,8.763051
2018-12-01,6.199352
2018-12-02,5.4028964
2018-12-03,5.214946
2018-12-04,5.0306187
2018-12-05,4.8422084
2018-12-06,4.657895
2018-12-07,4.478314
2018-12-08,4.3053646
2018-12-09,4.220378
2018-12-10,4.1317225
2018-12-11,3.869349
2018-12-12,3.7064166
2018-12-13,3.5754957
2018-12-14,4.143863
2018-12-15,4.7040157
2018-12-16,3.510816
2018-12-17,3.1682732
2018-12-18,3.0446434
2018-12-19,2.9797356
2018-12-20,2.8650043
2018-12-21,2.7634773
2018-12-22,3.1053047
2018-12-23,2.719155
2018-12-24,2.5229764
2018-12-25,2.4249701
2018-12-26,2.341072
2018-12-27,2.257233
2018-12-28,2.18503
2018-12-29,2.0981476
2018-12-30,2.0172682
2018-12-31,1.937745
2019-01-01,1.8568068
2019-01-02,1.7175967
2019-01-03,1.6545489
2019-01-04,1.5999156
2019-01-05,1.5593154
2019-01-06,1.5417699
2019-01-07,1.4627764
2019-01-08,1.400962
2019-01-09,1.3500359
2019-01-10,1.3016181
2019-01-11,1.26209
2019-01-12,1.263175
2019-01-13,1.1841966
2019-01-14,1.1468669
2019-01-15,1.1299342
2019-01-16,1.1373144
2019-01-17,1.0565007
2019-01-18,1.208537
2019-01-19,1.1134534
2019-01-20,1.0111909
2019-01-21,0.9336135
2019-01-22,0.910527
2019-01-23,0.9206917
2019-01-24,1.016099
2019-01-25,0.92392457
2019-01-26,0.850001
2019-01-27,0.812615
2019-01-28,0.8735945
2019-01-29,0.78505194
2019-01-30,0.7420866
2019-01-31,0.71833396
2019-02-01,0.7329925
2019-02-02,0.68499255
2019-02-03,0.6692715
2019-02-04,0.6469875
2019-02-05,0.73551136
2019-02-06,3.2786891
2019-02-07,1.2086123
2019-02-08,0.815633
2019-02-09,0.63494307
2019-02-10,0.57715386
2019-02-11,0.55409175
2019-02-12,0.54151976
2019-02-13,0.7512131
2019-02-14,0.5963463
2019-02-15,0.5435966
2019-02-16,0.76202995
2019-02-17,0.8190515
2019-02-18,2.2766564
2019-02-19,0.9097865
2019-02-20,0.4775576
2019-02-21,0.46898028
2019-02-22,0.45492443
2019-02-23,0.6267533
2019-02-24,0.45589057
2019-02-25,0.4095382
2019-02-26,0.39673224
2019-02-27,0.3834977
2019-02-28,0.37821913
2019-03-01,0.37179646
2019-03-02,1.36511
2019-03-03,4.655335
2019-03-04,1.3688052
2019-03-05,3.500152
2019-03-06,7.163246
2019-03-07,2.0455122
2019-03-08,0.4601202
2019-03-09,7.575692
2019-03-10,10.65879
2019-03-11,2.602067
2019-03-12,1.5196204
2019-03-13,0.6426891
2019-03-14,1.4981296
2019-03-15,5.838125
2019-03-16,1.5179981
2019-03-17,5.911111
2019-03-18,1.7703179
2019-03-19,9.74217
2019-03-20,2.64731
2019-03-21,3.2493885
2019-03-22,2.500184
2019-03-23,9.356611
2019-03-24,3.0857415
2019-03-25,1.5593662
2019-03-26,1.64289
2019-03-27,9.089026
2019-03-28,8.098335
2019-03-29,3.0638454
2019-03-30,8.656215
2019-03-31,4.337103
2019-04-01,2.6202621
2019-04-02,3.3694293
2019-04-03,3.2692301
2019-04-04,3.1396706
2019-04-05,3.1716063
2019-04-06,3.1877174
2019-04-07,3.1625214
2019-04-08,3.5019836
2019-04-09,4.511754
2019-04-10,7.2409654
2019-04-11,3.849327
2019-04-12,20.956179
2019-04-13,9.3702965
2019-04-14,3.992343
2019-04-15,6.074853
2019-04-16,18.462614
2019-04-17,8.514586
2019-04-18,11.986914
2019-04-19,10.386774
2019-04-20,10.904466
2019-04-21,8.250202
2019-04-22,8.224192
2019-04-23,7.241394
2019-04-24,15.032035
2019-04-25,19.995083
2019-04-26,31.697895
2019-04-27,17.907005
2019-04-28,17.128225
2019-04-29,12.056025
2019-04-30,10.518418
2019-05-01,10.007406
2019-05-02,9.773632
2019-05-03,9.339956
2019-05-04,8.786913
2019-05-05,12.32031
2019-05-06,10.165208
2019-05-07,15.948782
2019-05-08,16.789497
2019-05-09,9.015877
2019-05-10,13.244883
2019-05-11,11.988575
2019-05-12,15.700127
2019-05-13,17.926046
2019-05-14,31.373379
2019-05-15,64.06274
2019-05-16,40.982826
2019-05-17,26.894497
2019-05-18,20.73603
2019-05-19,18.38945
2019-05-20,19.400993
2019-05-21,15.476884
2019-05-22,13.763943
2019-05-23,22.535444
2019-05-24,14.419835
2019-05-25,16.353802
2019-05-26,14.324041
2019-05-27,13.005418
2019-05-28,21.797867
2019-05-29,15.069008
2019-05-30,20.351414
2019-05-31,23.415962
2019-06-01,24.690481
2019-06-02,23.822989
2019-06-03,24.937363
2019-06-04,26.3388
2019-06-05,23.418976
2019-06-06,23.366083
2019-06-07,20.520685
2019-06-08,18.999035
2019-06-09,19.843222
2019-06-10,21.243544
2019-06-11,22.287916
2019-06-12,30.674028
2019-06-13,31.496819
2019-06-14,28.302767
2019-06-15,24.22852
2019-06-16,26.13147
2019-06-17,30.39184
2019-06-18,30.148027
2019-06-19,34.222527
2019-06-20,35.950565
2019-06-21,46.068977
2019-06-22,38.736317
2019-06-23,29.359097
2019-06-24,24.265366
2019-06-25,20.603977
2019-06-26,17.966774
2019-06-27,18.729195
2019-06-28,27.53152
2019-06-29,19.249336
2019-06-30,13.652796
2019-07-01,24.420698
2019-07-02,13.982643
2019-07-03,10.803363
2019-07-04,10.315433
2019-07-05,168.7982
2019-07-06,68.73993
2019-07-07,28.686817
2019-07-08,19.929453
2019-07-09,16.233143
2019-07-10,14.143908
2019-07-11,12.58418
2019-07-12,11.474837
2019-07-13,10.668465
2019-07-14,15.164811
2019-07-15,10.0939865
2019-07-16,9.511938
2019-07-17,8.340849
2019-07-18,8.015214
2019-07-19,11.864549
2019-07-20,8.911325
2019-07-21,7.309204
2019-07-22,7.443833
2019-07-23,7.0379558
2019-07-24,6.622502
2019-07-25,34.80824
2019-07-26,18.255203
2019-07-27,11.772256
2019-07-28,13.184048
2019-07-29,12.708612
2019-07-30,12.33637
2019-07-31,11.9895315
2019-08-01,11.976788
2019-08-02,11.329654
2019-08-03,14.601498
2019-08-04,16.886059
2019-08-05,11.060819
2019-08-06,9.637807
2019-08-07,9.392611
2019-08-08,9.145772
2019-08-09,11.088671
2019-08-10,11.997257
2019-08-11,16.172285
2019-08-12,9.234214
2019-08-13,8.472742
2019-08-14,10.872589
2019-08-15,8.045516
2019-08-16,7.355356
2019-08-17,7.30737
2019-08-18,7.154718
2019-08-19,6.9401894
2019-08-20,6.7489357
2019-08-21,6.5290914
2019-08-22,6.3522725
2019-08-23,7.947349
2019-08-24,17.810745
2019-08-25,9.154118
2019-08-26,5.814852
2019-08-27,5.5979395
2019-08-28,16.568329
2019-08-29,7.5512524
2019-08-30,5.2345877
2019-08-31,5.2531896
2019-09-01,5.1606617
2019-09-02,4.9269767
2019-09-03,4.7277493
2019-09-04,4.73527
2019-09-05,13.6225195
2019-09-06,6.3077326
2019-09-07,4.291523
2019-09-08,4.1251674
2019-09-09,4.000059
2019-09-10,3.860843
2019-09-11,3.7410598
2019-09-12,3.8375993
2019-09-13,3.6965854
2019-09-14,10.01563
2019-09-15,4.6670384
2019-09-16,3.2397516
2019-09-17,3.1224012
2019-09-18,3.0332875
2019-09-19,2.958894
2019-09-20,3.042423
2019-09-21,2.8140726
2019-09-22,2.7018387
2019-09-23,10.722982
2019-09-24,4.2085886
2019-09-25,2.4901073
2019-09-26,2.4462905
2019-09-27,7.434588
2019-09-28,3.4256856
2019-09-29,2.290132
2019-09-30,3.768592
2019-10-01,2.9449236
2019-10-02,11.591345
2019-10-03,8.717364
2019-10-04,3.024896
2019-10-05,2.023985
2019-10-06,4.368126
2019-10-07,4.864647
2019-10-08,4.8516808
2019-10-09,9.651911
2019-10-10,3.7013745
2019-10-11,2.484901
2019-10-12,8.042339
2019-10-13,3.742212
2019-10-14,2.8614736
2019-10-15,3.3119152
2019-10-16,5.365881
2019-10-17,3.7311428
2019-10-18,7.9570327
2019-10-19,4.472057
2019-10-20,10.981116
2019-10-21,5.0485926
2019-10-22,3.8010945
2019-10-23,7.2029376
2019-10-24,9.069966
2019-10-25,12.871099
2019-10-26,8.635108
2019-10-27,16.35414
2019-10-28,17.532923
2019-10-29,8.823043
2019-10-30,7.46509
2019-10-31,7.732088
2019-11-01,11.951616
2019-11-02,14.545923
2019-11-03,10.556527
2019-11-04,7.44262
2019-11-05,9.205559
2019-11-06,8.515869
2019-11-07,7.0703626
2019-11-08,6.7620034
2019-11-09,10.889918
2019-11-10,11.180502
2019-11-11,16.021746
2019-11-12,16.310284
2019-11-13,15.906141
2019-11-14,12.138093
2019-11-15,11.035123
2019-11-16,11.05855
2019-11-17,10.919082
2019-11-18,20.940905
2019-11-19,12.941914
2019-11-20,10.48157
2019-11-21,9.099783
2019-11-22,8.498486
2019-11-23,8.045545
2019-11-24,7.863335
2019-11-25,7.3973455
2019-11-26,7.743701
2019-11-27,6.8044963
2019-11-28,6.2813873
2019-11-29,5.99298
2019-11-30,5.7009964
2019-12-01,5.5061736
2019-12-02,5.1715097
2019-12-03,8.171755
2019-12-04,5.4186597
2019-12-05,4.8447027
2019-12-06,4.386246
2019-12-07,4.200937
2019-12-08,3.9803357
2019-12-09,3.8159451
2019-12-10,3.6322393
2019-12-11,3.4746606
2019-12-12,3.341672
2019-12-13,3.2208712
2019-12-14,3.0732198
2019-12-15,3.1400838
2019-12-16,4.0327654
2019-12-17,5.6339054
2019-12-18,3.724602
2019-12-19,2.820398
2019-12-20,3.5198786
2019-12-21,30.739199
2019-12-22,8.23842
2019-12-23,3.1402433
2019-12-24,10.359037
2019-12-25,4.2166667
2019-12-26,4.639116
2019-12-27,5.216012
2019-12-28,6.87822
2019-12-29,3.3389318
2019-12-30,5.5329256
2019-12-31,3.0220237
2020-01-01,2.483107
2020-01-02,2.293309
2020-01-03,2.2375035
2020-01-04,2.1759586
2020-01-05,2.116115
2020-01-06,2.055046
2020-01-07,1.9955839
2020-01-08,1.9336656
2020-01-09,1.8733957
2020-01-10,1.8157662
2020-01-11,1.7661806
2020-01-12,1.7114216
2020-01-13,1.6684152
2020-01-14,1.6104409
2020-01-15,1.5801067
2020-01-16,1.5130451
2020-01-17,1.7263299
2020-01-18,1.7095402
2020-01-19,1.5670296
2020-01-20,1.530047
2020-01-21,4.681645
2020-01-22,2.0430706
2020-01-23,1.3498855
2020-01-24,1.3218238
2020-01-25,1.3602965
2020-01-26,1.2763289
2020-01-27,1.2217789
2020-01-28,1.1803987
2020-01-29,1.1395228
2020-01-30,1.1063973
2020-01-31,1.1244744
2020-02-01,1.0685508
2020-02-02,1.4519422
2020-02-03,1.116157
2020-02-04,0.9844381
2020-02-05,0.9499462
2020-02-06,0.9112526
2020-02-07,0.8828577
2020-02-08,0.8550773
2020-02-09,0.82762855
2020-02-10,0.7956337
2020-02-11,0.77328986
2020-02-12,0.75177777
2020-02-13,0.7222127
2020-02-14,0.7072373
2020-02-15,0.68092275
2020-02-16,0.661622
2020-02-17,0.63546294
2020-02-18,0.61870944
2020-02-19,0.6199049
2020-02-20,0.6016
2020-02-21,0.57267344
2020-02-22,0.57459074
2020-02-23,0.782851
2020-02-24,0.59113276
2020-02-25,0.65142536
2020-02-26,0.5600909
2020-02-27,0.5243318
2020-02-28,0.5269707
2020-02-29,0.5488458
2020-03-01,0.48857647
2020-03-02,0.5143433
2020-03-03,0.5280887
2020-03-04,0.46218878
2020-03-05,0.43795848
2020-03-06,0.41977844
2020-03-07,0.41552204
2020-03-08,0.3995253
2020-03-09,0.5810502
2020-03-10,0.64950246
2020-03-11,0.4912559
2020-03-12,0.6508967
2020-03-13,8.84677
2020-03-14,15.154489
2020-03-15,3.051728
2020-03-16,0.4153533
2020-03-17,0.37435278
2020-03-18,0.33644083
2020-03-19,0.32857367
2020-03-20,0.32284433
2020-03-21,0.31112733
2020-03-22,0.30472392
2020-03-23,0.29860118
2020-03-24,0.30984658
2020-03-25,0.37999848
2020-03-26,0.31301716
2020-03-27,0.27581084
2020-03-28,0.2719912
2020-03-29,0.25732118
2020-03-30,0.33661607
2020-03-31,0.48390928
2020-04-01,0.47324198
2020-04-02,0.40903547
2020-04-03,0.27526754
2020-04-04,0.28804103
2020-04-05,2.522505
2020-04-06,0.82461506
2020-04-07,5.2979593
2020-04-08,1.3279012
2020-04-09,0.8374047
2020-04-10,0.62807816
2020-04-11,0.39405835
2020-04-12,0.30598968
2020-04-13,0.23763432
2020-04-14,0.21978126
2020-04-15,0.21767923
2020-04-16,0.21399935
2020-04-17,0.24666265
2020-04-18,0.2718178
2020-04-19,0.21323279
2020-04-20,0.3076022
2020-04-21,0.37701142
2020-04-22,0.2384442
2020-04-23,0.33959207
2020-04-24,0.22139487
2020-04-25,0.19048153
2020-04-26,0.18782581
2020-04-27,0.42819443
2020-04-28,0.36599797
2020-04-29,4.066995
2020-04-30,1.015545
2020-05-01,5.737979
2020-05-02,5.2508616
2020-05-03,3.7826962
2020-05-04,0.8316822
2020-05-05,13.707534
2020-05-06,6.3416886
2020-05-07,16.621916
2020-05-08,24.712456
2020-05-09,17.594763
2020-05-10,4.48064
2020-05-11,2.40473
2020-05-12,2.8308465
2020-05-13,4.3930917
2020-05-14,3.7031927
2020-05-15,11.180784
2020-05-16,10.583945
2020-05-17,7.5695972
2020-05-18,26.589657
2020-05-19,21.493162
2020-05-20,19.377687
2020-05-21,18.29663
2020-05-22,17.582075
2020-05-23,23.347692
2020-05-24,16.595785
2020-05-25,16.011604
2020-05-26,14.275462
2020-05-27,13.392456
2020-05-28,12.791222
2020-05-29,13.303067
2020-05-30,21.414503
2020-05-31,15.748384
2020-06-01,13.058154
2020-06-02,12.58073
2020-06-03,16.278131
2020-06-04,15.62274
2020-06-05,21.989971
2020-06-06,22.785887
2020-06-07,18.712475
2020-06-08,19.173164
2020-06-09,18.961365
2020-06-10,20.897682
2020-06-11,19.295057
2020-06-12,15.462077
2020-06-13,25.894648
2020-06-14,23.343887
2020-06-15,14.4128065
2020-06-16,11.949372
2020-06-17,11.5437
2020-06-18,11.074108
2020-06-19,16.375872
2020-06-20,17.72477
2020-06-21,21.714643
2020-06-22,15.905953
2020-06-23,16.603933
2020-06-24,19.814333
2020-06-25,20.817072
2020-06-26,22.401587
2020-06-27,20.600098
2020-06-28,23.921848
2020-06-29,17.656506
2020-06-30,13.727228
2020-07-01,30.026442
2020-07-02,32.008896
2020-07-03,28.57596
2020-07-04,37.924957
2020-07-05,42.4432
2020-07-06,34.459305
2020-07-07,28.342018
2020-07-08,21.997236
2020-07-09,26.783396
2020-07-10,28.413525
2020-07-11,17.229433
2020-07-12,14.22553
2020-07-13,32.010105
2020-07-14,19.303812
2020-07-15,13.279552
2020-07-16,12.156821
2020-07-17,21.024853
2020-07-18,13.253239
2020-07-19,10.979555
2020-07-20,16.875748
2020-07-21,11.389477
2020-07-22,12.846098
2020-07-23,11.545473
2020-07-24,18.854437
2020-07-25,17.315018
2020-07-26,10.160687
2020-07-27,8.909296
2020-07-28,8.635377
2020-07-29,10.832807
2020-07-30,10.1642685
2020-07-31,8.340973
2020-08-01,7.934465
2020-08-02,7.665269
2020-08-03,7.423439
2020-08-04,7.439186
2020-08-05,10.924384
2020-08-06,7.698672
2020-08-07,6.852439
2020-08-08,6.765362
2020-08-09,6.4887905
2020-08-10,6.2910905
2020-08-11,6.159636
2020-08-12,11.775487
2020-08-13,9.208718
2020-08-14,7.379755
2020-08-15,17.99852
2020-08-16,10.581073
2020-08-17,15.759966
2020-08-18,9.870167
2020-08-19,9.196789
2020-08-20,13.460751
2020-08-21,19.537539
2020-08-22,11.310023
2020-08-23,9.361713
2020-08-24,9.175276
2020-08-25,8.9248905
2020-08-26,8.729835
2020-08-27,9.720697
2020-08-28,13.284857
2020-08-29,11.737548
2020-08-30,8.340773
2020-08-31,7.773523
2020-09-01,21.538677
2020-09-02,10.4298
2020-09-03,7.2610435
2020-09-04,7.248234
2020-09-05,6.8936043
2020-09-06,7.5261617
2020-09-07,6.679759
2020-09-08,11.752465
2020-09-09,7.202041
2020-09-10,7.1945796
2020-09-11,8.643877
2020-09-12,6.1753254
2020-09-13,14.78388
2020-09-14,7.135739
2020-09-15,5.483316
2020-09-16,5.2512684
2020-09-17,9.279068
2020-09-18,9.390318
2020-09-19,20.374268
2020-09-20,7.876509
2020-09-21,4.93052
2020-09-22,4.8963513
2020-09-23,11.440133
2020-09-24,6.6612644
2020-09-25,5.3568087
2020-09-26,5.4315248
2020-09-27,5.396041
2020-09-28,5.338975
2020-09-29,5.658437
2020-09-30,6.6651893
2020-10-01,5.3464394
2020-10-02,5.1780677
2020-10-03,4.9271965
2020-10-04,8.114178
2020-10-05,5.4226274
2020-10-06,4.5129304
2020-10-07,10.0533085
2020-10-08,12.784047
2020-10-09,5.682455
2020-10-10,4.164637
2020-10-11,4.2199492
2020-10-12,4.329072
2020-10-13,6.2714086
2020-10-14,4.28585
2020-10-15,3.9730706
2020-10-16,6.0173135
2020-10-17,7.605972
2020-10-18,4.2323995
2020-10-19,3.4400158
2020-10-20,7.9383254
2020-10-21,19.145258
2020-10-22,6.4470096
2020-10-23,3.2994297
2020-10-24,3.162263
2020-10-25,3.0762815
2020-10-26,3.011657
2020-10-27,2.9952636
2020-10-28,2.8743584
2020-10-29,2.791469
2020-10-30,2.8283906
2020-10-31,9.883471
2020-11-01,7.360093
2020-11-02,7.870688
2020-11-03,5.9020014
2020-11-04,12.432374
2020-11-05,4.922096
2020-11-06,3.3375964
2020-11-07,6.357478
2020-11-08,7.57391
2020-11-09,4.7802043
2020-11-10,6.3807273
2020-11-11,9.259913
2020-11-12,9.531094
2020-11-13,5.972042
2020-11-14,8.122978
2020-11-15,13.893179
2020-11-16,7.8988147
2020-11-17,11.008281
2020-11-18,7.347907
2020-11-19,9.63239
2020-11-20,7.3222394
2020-11-21,15.4885235
2020-11-22,8.6655
2020-11-23,8.418162
2020-11-24,9.233098
2020-11-25,7.1483765
2020-11-26,6.5361147
2020-11-27,7.968591
2020-11-28,9.236501
2020-11-29,7.0648313
2020-11-30,9.18224
2020-12-01,13.947956
2020-12-02,10.528542
2020-12-03,8.041869
2020-12-04,8.031055
2020-12-05,7.999328
2020-12-06,8.207618
2020-12-07,10.781235
2020-12-08,11.228942
2020-12-09,11.2496805
2020-12-10,9.350729
2020-12-11,9.171235
2020-12-12,9.043175
2020-12-13,8.785682
2020-12-14,8.489955
2020-12-15,8.242737
2020-12-16,8.337644
2020-12-17,7.7156787
2020-12-18,13.58138
2020-12-19,8.417868
2020-12-20,6.8999705
2020-12-21,6.767986
2020-12-22,6.4256635
2020-12-23,6.3477197
2020-12-24,6.017163
2020-12-25,5.7490206
2020-12-26,5.525254
2020-12-27,5.2973275
2020-12-28,5.052224
2020-12-29,4.8530264
2020-12-30,4.6343307
2020-12-31,4.5384707
2021-01-01,4.4601617
2021-01-02,4.1758475
2021-01-03,4.415803
2021-01-04,3.8865902
2021-01-05,3.6241772
2021-01-06,3.4498563
2021-01-07,3.3139358
2021-01-08,6.5896935
2021-01-09,5.571995
2021-01-10,4.421982
2021-01-11,7.2480593
2021-01-12,3.646953
2021-01-13,2.7080715
2021-01-14,2.6080773
2021-01-15,2.5096166
2021-01-16,2.412542
2021-01-17,2.327172
2021-01-18,2.239546
2021-01-19,2.1483622
2021-01-20,2.0649369
2021-01-21,1.9913548
2021-01-22,2.3132553
2021-01-23,3.3406134
2021-01-24,6.139656
2021-01-25,5.896094
2021-01-26,2.4133399
2021-01-27,1.6836611
2021-01-28,1.6157932
2021-01-29,1.5528299
2021-01-30,1.4914374
2021-01-31,1.4363941
2021-02-01,1.4195207
2021-02-02,1.4065658
2021-02-03,1.4928154
2021-02-04,1.3387523
2021-02-05,1.3422686
2021-02-06,2.3082323
2021-02-07,1.4086876
2021-02-08,1.1546254
2021-02-09,1.115803
2021-02-10,1.0714875
2021-02-11,1.0331004
2021-02-12,0.9924791
2021-02-13,0.96348065
2021-02-14,0.93860674
2021-02-15,0.90075237
2021-02-16,0.85636306
2021-02-17,0.8237826
2021-02-18,0.79571366
2021-02-19,0.76605
2021-02-20,0.741169
2021-02-21,0.71424407
2021-02-22,0.68375236
2021-02-23,0.6800236
2021-02-24,4.4087825
2021-02-25,1.3980807
2021-02-26,0.6197158
2021-02-27,0.6218617
2021-02-28,0.5919591
2021-03-01,0.5606983
2021-03-02,0.5395355
2021-03-03,0.5228818
2021-03-04,0.5008426
2021-03-05,0.4848628
2021-03-06,0.5405332
2021-03-07,1.1416348
2021-03-08,1.7710912
2021-03-09,0.73986477
2021-03-10,3.5488575
2021-03-11,4.967235
2021-03-12,1.3413153
2021-03-13,0.47423434
2021-03-14,0.52378684
2021-03-15,5.0401764
2021-03-16,1.5218124
2021-03-17,1.3846908
2021-03-18,0.7628579
2021-03-19,0.43510085
2021-03-20,0.3836275
2021-03-21,0.37218282
2021-03-22,1.2016184
2021-03-23,0.56252944
2021-03-24,4.676129
2021-03-25,1.3344387
2021-03-26,10.376673
2021-03-27,2.4370751
2021-03-28,0.4653904
2021-03-29,0.49248287
2021-03-30,7.041669
2021-03-31,6.6568108
2021-04-01,3.1045744
2021-04-02,6.9400587
2021-04-03,11.675587
2021-04-04,6.945182
2021-04-05,9.84768
2021-04-06,2.44539
2021-04-07,0.6911794
2021-04-08,0.53798705
2021-04-09,6.988035
2021-04-10,1.959351
2021-04-11,3.5763035
2021-04-12,11.445059
2021-04-13,2.9431643
2021-04-14,6.300015
2021-04-15,3.7598345
2021-04-16,1.5449864
2021-04-17,7.630406
2021-04-18,15.503863
2021-04-19,4.6861534
2021-04-20,2.372145
2021-04-21,2.525988
2021-04-22,2.6306894
2021-04-23,2.6685824
2021-04-24,2.800279
2021-04-25,2.9821188
2021-04-26,5.3307104
2021-04-27,22.740314
2021-04-28,11.349779
2021-04-29,7.6731205
2021-04-30,9.889136
2021-05-01,14.53698
2021-05-02,13.718425
2021-05-03,13.317982
2021-05-04,11.270371
2021-05-05,15.295812
2021-05-06,17.868553
2021-05-07,20.663013
2021-05-08,123.04907
2021-05-09,50.9193
2021-05-10,32.441124
2021-05-11,20.948654
2021-05-12,17.118868
2021-05-13,15.478726
2021-05-14,16.681686
2021-05-15,23.956886
2021-05-16,14.433556
2021-05-17,27.433733
2021-05-18,15.340985
2021-05-19,11.5120325
2021-05-20,11.322653
2021-05-21,11.832387
2021-05-22,18.287762
2021-05-23,17.374516
2021-05-24,13.2429085
2021-05-25,12.291692
2021-05-26,16.489405
2021-05-27,17.678823
2021-05-28,17.533524
2021-05-29,16.585724
2021-05-30,15.612626
2021-05-31,17.09237
2021-06-01,13.575411
2021-06-02,21.075472
2021-06-03,27.049438
2021-06-04,26.529188
2021-06-05,12.637745
2021-06-06,12.061223
2021-06-07,17.964186
2021-06-08,20.756117
2021-06-09,20.961994
2021-06-10,17.952583
2021-06-11,16.4469
2021-06-12,22.702917
2021-06-13,19.534771
2021-06-14,15.43564
2021-06-15,15.556633
2021-06-16,32.00957
2021-06-17,30.902487
2021-06-18,35.707855
2021-06-19,25.860806
2021-06-20,21.788916
2021-06-21,20.007738
2021-06-22,22.7783
2021-06-23,20.074865
2021-06-24,14.894733
2021-06-25,15.14239
2021-06-26,16.208668
2021-06-27,12.016952
2021-06-28,14.790626
2021-06-29,14.047807
2021-06-30,11.952918
2021-07-01,9.775519
2021-07-02,9.074967
2021-07-03,8.778658
2021-07-04,8.4049835
2021-07-05,8.161626
2021-07-06,7.726039
2021-07-07,7.3797135
2021-07-08,9.080261
2021-07-09,23.421623
2021-07-10,10.045331
2021-07-11,19.695686
2021-07-12,19.591509
2021-07-13,15.066739
2021-07-14,16.180128
2021-07-15,14.316499
2021-07-16,25.382307
2021-07-17,22.073822
2021-07-18,35.167118
2021-07-19,20.503273
2021-07-20,17.55532
2021-07-21,32.894814
2021-07-22,21.236599
2021-07-23,17.350183
2021-07-24,16.31665
2021-07-25,15.493532
2021-07-26,14.504533
2021-07-27,13.456501
2021-07-28,12.482946
2021-07-29,11.436305
2021-07-30,17.61502
2021-07-31,11.612285
2021-08-01,9.971665
2021-08-02,9.214281
2021-08-03,8.7362795
2021-08-04,8.333386
2021-08-05,8.098147
2021-08-06,7.6047897
2021-08-07,7.1711073
2021-08-08,6.816921
2021-08-09,8.824829
2021-08-10,13.043874
2021-08-11,7.76494
2021-08-12,10.330033
2021-08-13,6.9684753
2021-08-14,8.6562395
2021-08-15,6.0819445
2021-08-16,5.7243176
2021-08-17,14.846058
2021-08-18,7.7685905
2021-08-19,6.637955
2021-08-20,5.574109
2021-08-21,22.024248
2021-08-22,12.587478
2021-08-23,8.223568
2021-08-24,10.229845
2021-08-25,10.518968
2021-08-26,8.271547
2021-08-27,9.873823
2021-08-28,7.9214225
2021-08-29,12.860756
2021-08-30,10.197855
2021-08-31,7.922973
2021-09-01,11.773213
2021-09-02,8.334152
2021-09-03,9.48057
2021-09-04,8.11627
2021-09-05,7.9545164
2021-09-06,11.765506
2021-09-07,9.504273
2021-09-08,8.078845
2021-09-09,7.6672454
2021-09-10,7.4460845
2021-09-11,10.651989
2021-09-12,10.866266
2021-09-13,7.763971
2021-09-14,7.259946
2021-09-15,10.411273
2021-09-16,13.733888
2021-09-17,9.357884
2021-09-18,9.073851
2021-09-19,9.080018
2021-09-20,10.311057
2021-09-21,13.606234
2021-09-22,9.497495
2021-09-23,8.027691
2021-09-24,7.6007013
2021-09-25,7.953879
2021-09-26,7.1390634
2021-09-27,7.8473434
2021-09-28,9.273359
2021-09-29,6.7908564
2021-09-30,10.52085
2021-10-01,6.6298823
2021-10-02,5.7619944
2021-10-03,5.5336413
2021-10-04,5.699089
2021-10-05,8.561686
2021-10-06,6.506778
2021-10-07,9.516763
2021-10-08,5.8113675
2021-10-09,6.4648237
2021-10-10,11.006445
2021-10-11,7.1888323
2021-10-12,6.3264937
2021-10-13,4.722319
2021-10-14,4.2908897
2021-10-15,4.4964147
2021-10-16,10.185955
2021-10-17,5.270178
2021-10-18,3.9953952
2021-10-19,10.851094
2021-10-20,5.727201
2021-10-21,4.4290204
2021-10-22,6.7551146
2021-10-23,4.8696613
2021-10-24,4.2013283
2021-10-25,4.1880145
2021-10-26,13.93583
2021-10-27,9.476267
2021-10-28,8.142105
2021-10-29,19.996561
2021-10-30,17.538895
2021-10-31,10.057923
2021-11-01,8.977139
2021-11-02,8.391221
2021-11-03,14.222127
2021-11-04,9.661942
2021-11-05,7.864227
2021-11-06,7.492582
2021-11-07,7.2378974
2021-11-08,7.1127706
2021-11-09,9.937693
2021-11-10,7.316972
2021-11-11,6.3333755
2021-11-12,6.024525
2021-11-13,5.760379
2021-11-14,5.51671
2021-11-15,5.274716
2021-11-16,5.0283504
2021-11-17,4.787665
2021-11-18,4.5617642
2021-11-19,4.3405056
2021-11-20,4.137858
2021-11-21,4.131378
2021-11-22,3.8724763
2021-11-23,4.2737436
2021-11-24,4.0953374
2021-11-25,4.7942395
2021-11-26,3.6646478
2021-11-27,3.4520495
2021-11-28,3.3818715
2021-11-29,6.018773
2021-11-30,3.6598568
2021-12-01,3.0494149
2021-12-02,2.859042
2021-12-03,2.7530832
2021-12-04,2.6673038
2021-12-05,2.6360793
2021-12-06,2.561799
2021-12-07,2.5146523
2021-12-08,2.423947
2021-12-09,2.3306274
2021-12-10,2.25627
2021-12-11,2.174016
2021-12-12,2.098539
2021-12-13,2.0236058
2021-12-14,1.9549273
2021-12-15,1.8892233
2021-12-16,1.9361323
2021-12-17,1.9969475
2021-12-18,1.7818295
2021-12-19,1.7083406
2021-12-20,1.6548904
2021-12-21,1.5964866
2021-12-22,1.5469933
2021-12-23,1.5121844
2021-12-24,1.4702221
2021-12-25,1.42008
2021-12-26,1.3659399
2021-12-27,1.314352
2021-12-28,1.2668494
2021-12-29,1.2285106
2021-12-30,1.1871736
2021-12-31,1.1489958
2022-01-01,1.1104432
2022-01-02,1.0744331
2022-01-03,1.0391318
2022-01-04,1.000101
2022-01-05,0.9648584
2022-01-06,0.9347284
2022-01-07,0.90865225
2022-01-08,0.87500226
2022-01-09,0.8441174
2022-01-10,0.81562555
2022-01-11,0.7912525
2022-01-12,0.76875585
2022-01-13,0.74298805
2022-01-14,0.7207469
2022-01-15,0.6994178
2022-01-16,2.7864232
2022-01-17,1.2052776
2022-01-18,0.69546545
2022-01-19,0.65673834
2022-01-20,0.6239676
2022-01-21,0.6272262
2022-01-22,0.5972159
2022-01-23,0.58888346
2022-01-24,0.57018954
2022-01-25,0.55579364
2022-01-26,0.55444336
2022-01-27,0.532611
2022-01-28,0.5132828
2022-01-29,0.48929262
2022-01-30,0.47965816
2022-01-31,0.46392548
2022-02-01,0.44832322
2022-02-02,0.43613613
2022-02-03,0.4267646
2022-02-04,0.41372046
2022-02-05,0.40687686
2022-02-06,0.39713427
2022-02-07,0.3929142
2022-02-08,0.8335866
2022-02-09,1.2382476
2022-02-10,0.5457142
2022-02-11,0.38663623
2022-02-12,0.3528218
2022-02-13,0.34814265
2022-02-14,0.3371397
2022-02-15,0.32656184
2022-02-16,0.321995
2022-02-17,0.3143471
2022-02-18,0.30221322
2022-02-19,0.29037327
2022-02-20,0.28538886
2022-02-21,0.27430427
2022-02-22,0.26814866
2022-02-23,0.26485932
2022-02-24,0.459203
2022-02-25,0.2956603
2022-02-26,0.580663
2022-02-27,2.579049
2022-02-28,0.72237986
2022-03-01,0.44267926
2022-03-02,1.1775807
2022-03-03,1.5895263
2022-03-04,0.6553976
2022-03-05,0.28355575
2022-03-06,0.26595455
2022-03-07,0.2280745
2022-03-08,0.21640082
2022-03-09,0.21458982
2022-03-10,0.21619345
2022-03-11,0.20227902
2022-03-12,2.7630217
2022-03-13,3.4689565
2022-03-14,1.9783849
2022-03-15,0.5087942
2022-03-16,0.22328517
2022-03-17,3.6432664
2022-03-18,2.69263
2022-03-19,2.3308432
2022-03-20,1.0592927
2022-03-21,0.53453344
2022-03-22,1.753223
2022-03-23,0.48431617
2022-03-24,0.18295942
2022-03-25,0.20501406
2022-03-26,0.9666536
2022-03-27,0.7705563
2022-03-28,5.3796573
2022-03-29,3.8074784
2022-03-30,0.71680605
2022-03-31,0.1913564
2022-04-01,0.19439669
2022-04-02,2.087409
2022-04-03,0.60620326
2022-04-04,2.4283817
2022-04-05,1.2879177
2022-04-06,4.856854
2022-04-07,2.5986142
2022-04-08,3.0772293
2022-04-09,11.789891
2022-04-10,16.5312
2022-04-11,18.339935
2022-04-12,3.7407782
2022-04-13,0.5039964
2022-04-14,0.47990894
2022-04-15,0.69887066
2022-04-16,7.71339
2022-04-17,4.628171
2022-04-18,10.258564
2022-04-19,3.114735
2022-04-20,1.5854985
2022-04-21,1.9356763
2022-04-22,5.2876725
2022-04-23,2.6636608
2022-04-24,22.673677
2022-04-25,17.702118
2022-04-26,7.6646757
2022-04-27,14.842531
2022-04-28,8.540424
2022-04-29,9.003057
2022-04-30,7.871959
2022-05-01,7.4304504
2022-05-02,7.5861588
2022-05-03,7.5344167
2022-05-04,7.305049
2022-05-05,12.191118
2022-05-06,8.193197
2022-05-07,7.1806335
2022-05-08,7.7787333
2022-05-09,7.4343905
2022-05-10,23.006464
2022-05-11,14.542205
2022-05-12,15.38051
2022-05-13,12.388658
2022-05-14,16.066362
2022-05-15,16.113295
2022-05-16,114.847916
2022-05-17,47.190407
2022-05-18,22.331234
2022-05-19,19.460121
2022-05-20,16.089996
2022-05-21,14.491164
2022-05-22,13.12306
2022-05-23,12.081035
2022-05-24,11.186489
2022-05-25,12.671729
2022-05-26,14.7790165
2022-05-27,9.954976
2022-05-28,9.406872
2022-05-29,8.345588
2022-05-30,14.791141
2022-05-31,9.033588
2022-06-01,6.513881
2022-06-02,7.117467
2022-06-03,6.9045444
2022-06-04,12.466513
2022-06-05,9.306402
2022-06-06,11.717849
2022-06-07,12.509716
2022-06-08,14.350753
2022-06-09,9.990369
2022-06-10,8.015396
2022-06-11,17.593533
2022-06-12,16.95792
2022-06-13,16.312029
2022-06-14,15.852563
2022-06-15,15.027962
2022-06-16,14.629573
2022-06-17,14.789586
2022-06-18,13.033722
2022-06-19,21.363337
2022-06-20,14.779709
2022-06-21,11.349836
2022-06-22,10.519243
2022-06-23,15.14534
2022-06-24,11.115719
2022-06-25,14.972248
2022-06-26,12.940269
2022-06-27,13.709261
2022-06-28,14.282898
2022-06-29,20.684278
2022-06-30,14.988952
2022-07-01,17.569057
2022-07-02,13.920454
2022-07-03,17.24372
2022-07-04,17.515833
2022-07-05,13.421545
2022-07-06,11.423882
2022-07-07,11.25822
2022-07-08,14.442175
2022-07-09,13.218703
2022-07-10,10.724638
2022-07-11,10.128083
2022-07-12,10.185127
2022-07-13,10.648217
2022-07-14,12.575461
2022-07-15,9.336718
2022-07-16,8.336322
2022-07-17,13.8214855
2022-07-18,9.179738
2022-07-19,7.8288856
2022-07-20,28.989946
2022-07-21,14.707367
2022-07-22,11.399554
2022-07-23,12.408862
2022-07-24,14.538317
2022-07-25,18.490095
2022-07-26,12.352164
2022-07-27,46.682823
2022-07-28,37.313423
2022-07-29,23.85674
2022-07-30,18.040731
2022-07-31,14.713271
2022-08-01,10.179886
2022-08-02,13.670329
2022-08-03,10.910513
2022-08-04,9.32676
2022-08-05,18.166792
2022-08-06,11.337341
2022-08-07,7.9425135
2022-08-08,7.2807703
2022-08-09,7.8886547
2022-08-10,6.8050594
2022-08-11,6.3538585
2022-08-12,6.1052895
2022-08-13,9.248547
2022-08-14,13.074029
2022-08-15,6.8185344
2022-08-16,5.2465386
2022-08-17,5.0407257
2022-08-18,4.8339295
2022-08-19,4.71922
2022-08-20,7.9484534
2022-08-21,5.0862823
2022-08-22,4.2497373
2022-08-23,4.090923
2022-08-24,3.9432929
2022-08-25,3.8233366
2022-08-26,3.742614
2022-08-27,3.5646203
2022-08-28,8.423547
2022-08-29,5.1051846
2022-08-30,4.252858
2022-08-31,3.431428
2022-09-01,2.7185886
2022-09-02,6.32366
2022-09-03,10.117353
2022-09-04,4.4550347
2022-09-05,3.2651021
2022-09-06,3.1627977
2022-09-07,3.050846
2022-09-08,2.9779205
2022-09-09,4.4542212
2022-09-10,3.298854
2022-09-11,2.9380298
2022-09-12,2.8721986
2022-09-13,2.8986795
2022-09-14,2.891568
2022-09-15,4.328556
2022-09-16,29.638304
2022-09-17,8.087483
2022-09-18,2.701289
2022-09-19,3.5854194
2022-09-20,2.83289
2022-09-21,2.7142663
2022-09-22,2.7035685
2022-09-23,2.53423
2022-09-24,6.6135664
2022-09-25,3.308535
2022-09-26,2.470792
2022-09-27,2.5713542
2022-09-28,6.68998
2022-09-29,3.2552469
2022-09-30,2.5235696
2022-10-01,8.193841
2022-10-02,3.7787936
2022-10-03,2.696772
2022-10-04,2.6908965
2022-10-05,4.0779166
2022-10-06,2.9957328
2022-10-07,2.7862437
2022-10-08,23.948399
2022-10-09,8.877417
2022-10-10,5.710947
2022-10-11,6.4267173
2022-10-12,6.5464864
2022-10-13,6.4253745
2022-10-14,7.1428266
2022-10-15,22.401476
2022-10-16,11.96174
2022-10-17,8.373358
2022-10-18,8.289092
2022-10-19,11.24663
2022-10-20,8.728092
2022-10-21,10.0542345
2022-10-22,8.227123
2022-10-23,10.552508
2022-10-24,9.271847
2022-10-25,7.20739
2022-10-26,11.436626
2022-10-27,7.666221
2022-10-28,6.4611583
2022-10-29,9.711981
2022-10-30,6.802748
2022-10-31,5.9646387
2022-11-01,4.9473453
2022-11-02,30.752739
2022-11-03,10.911381
2022-11-04,6.15581
2022-11-05,6.150911
2022-11-06,6.0406227
2022-11-07,5.966349
2022-11-08,8.09736
2022-11-09,11.738904
2022-11-10,9.445399
2022-11-11,5.989314
2022-11-12,6.404131
2022-11-13,5.4390545
2022-11-14,5.076731
2022-11-15,5.00629
2022-11-16,5.769574
2022-11-17,9.004114
2022-11-18,5.721
2022-11-19,4.8510246
2022-11-20,4.5727797
2022-11-21,4.3540316
2022-11-22,4.1698866
2022-11-23,4.027339
2022-11-24,4.1564612
2022-11-25,8.931247
2022-11-26,14.143459
2022-11-27,5.519444
2022-11-28,3.5442617
2022-11-29,3.4647763
2022-11-30,3.34727
2022-12-01,2.649784
2022-12-02,3.0952163
2022-12-03,2.9938593
2022-12-04,2.8849208
2022-12-05,2.7796242
2022-12-06,2.682318
2022-12-07,2.5806818
2022-12-08,2.4824047
2022-12-09,2.3888714
2022-12-10,2.3411555
2022-12-11,2.24003
2022-12-12,2.22383
2022-12-13,2.1212783
2022-12-14,2.0457778
2022-12-15,1.966706
2022-12-16,1.8921907
2022-12-17,1.8184861
2022-12-18,1.7520428
2022-12-19,1.680904
2022-12-20,1.622482
2022-12-21,1.5655926
2022-12-22,1.510251
2022-12-23,1.4609358
2022-12-24,1.4049454
2022-12-25,1.3514458
2022-12-26,1.3008311
2022-12-27,1.2529202
2022-12-28,1.215196
2022-12-29,1.1759073
2022-12-30,1.1322887
2022-12-31,1.0919029
2023-01-01,0.88182104
2023-01-02,1.0476445
2023-01-03,1.0051912
2023-01-04,0.97191423
2023-01-05,0.9413573
2023-01-06,0.91036594
2023-01-07,2.9979596
2023-01-08,1.5185219
2023-01-09,1.0209155
2023-01-10,0.9372346
2023-01-11,1.6048886
2023-01-12,5.993705
2023-01-13,2.3947575
2023-01-14,1.0653323
2023-01-15,0.8218141
2023-01-16,0.8383197
2023-01-17,0.81163764
2023-01-18,0.8437231
2023-01-19,0.7643834
2023-01-20,0.7362062
2023-01-21,0.71015567
2023-01-22,0.69333416
2023-01-23,0.75166005
2023-01-24,0.7123768
2023-01-25,0.6485674
2023-01-26,0.62168103
2023-01-27,0.60787547
2023-01-28,0.5895753
2023-01-29,0.5676353
2023-01-30,0.55469304
2023-01-31,0.53688115
2023-02-01,0.43714523
2023-02-02,0.50953895
2023-02-03,0.49549428
2023-02-04,0.48343557
2023-02-05,0.4801684
2023-02-06,0.46303606
2023-02-07,0.4514253
2023-02-08,0.43475983
2023-02-09,0.44343498
2023-02-10,0.43063447
2023-02-11,0.4138465
2023-02-12,0.40396827
2023-02-13,0.39405143
2023-02-14,0.38166487
2023-02-15,0.573511
2023-02-16,0.7670959
2023-02-17,0.43631488
2023-02-18,0.35547927
2023-02-19,0.34825715
2023-02-20,0.33300444
2023-02-21,0.3247895
2023-02-22,0.32017553
2023-02-23,0.31269392
2023-02-24,0.30114833
2023-02-25,0.28931743
2023-02-26,0.2848771
2023-02-27,0.27357894
2023-02-28,0.35629466
2023-03-01,0.56992877
2023-03-02,6.5431685
2023-03-03,6.436061
2023-03-04,11.311266
2023-03-05,9.663923
2023-03-06,2.0121102
2023-03-07,0.5065205
2023-03-08,9.735865
2023-03-09,2.6937609
2023-03-10,3.2529597
2023-03-11,5.866883
2023-03-12,2.0826337
2023-03-13,3.741862
2023-03-14,3.033372
2023-03-15,0.77196366
2023-03-16,0.37726566
2023-03-17,0.38452297
2023-03-18,0.40044326
2023-03-19,0.40694696
2023-03-20,0.40213728
2023-03-21,0.40057945
2023-03-22,0.39971405
2023-03-23,0.3888233
2023-03-24,0.3861397
2023-03-25,0.3868668
2023-03-26,0.39198577
2023-03-27,0.7396241
2023-03-28,0.5843731
2023-03-29,3.0658123
2023-03-30,0.9127431
2023-03-31,0.7350182
2023-04-01,7.1749387
2023-04-02,8.724461
2023-04-03,1.8521582
2023-04-04,0.41921106
2023-04-05,0.42831725
2023-04-06,0.55985713
2023-04-07,2.0837343
2023-04-08,1.5150169
2023-04-09,2.6297154
2023-04-10,1.096612
2023-04-11,0.55392057
2023-04-12,3.4694667
2023-04-13,1.0962697
2023-04-14,0.4863894
2023-04-15,0.50857973
2023-04-16,4.817647
2023-04-17,4.241424
2023-04-18,6.8053513
2023-04-19,2.187617
2023-04-20,11.655308
2023-04-21,8.444274
2023-04-22,1.8896754
2023-04-23,5.181187
2023-04-24,4.182984
2023-04-25,2.5586252
2023-04-26,6.323757
2023-04-27,9.77069
2023-04-28,3.5835006
2023-04-29,9.760721
2023-04-30,9.930401
2023-05-01,9.902061
2023-05-02,5.954277
2023-05-03,4.6002903
2023-05-04,4.0683494
2023-05-05,5.101112
2023-05-06,9.647088
2023-05-07,5.206284
2023-05-08,11.829762
2023-05-09,9.516152
2023-05-10,5.3765135
2023-05-11,4.8539414
2023-05-12,21.440086
2023-05-13,9.182009
2023-05-14,17.219826
2023-05-15,37.329605
2023-05-16,16.343012
2023-05-17,12.01053
2023-05-18,11.634384
2023-05-19,16.939737
2023-05-20,19.396776
2023-05-21,20.700012
2023-05-22,20.889708
2023-05-23,23.309076
2023-05-24,19.83057
2023-05-25,94.24369
2023-05-26,50.7692
2023-05-27,25.823997
2023-05-28,19.367622
2023-05-29,18.898085
2023-05-30,14.395582
2023-05-31,17.711168
2023-06-01,33.75125
2023-06-02,15.824467
2023-06-03,10.722585
2023-06-04,10.308326
2023-06-05,22.036646
2023-06-06,12.277487
2023-06-07,9.578928
2023-06-08,19.002491
2023-06-09,11.420617
2023-06-10,9.472006
2023-06-11,9.191163
2023-06-12,8.94691
2023-06-13,9.3229265
2023-06-14,29.621086
2023-06-15,26.865711
2023-06-16,28.18041
2023-06-17,26.418457
2023-06-18,22.942823
2023-06-19,19.552557
2023-06-20,16.801773
2023-06-21,14.67539
2023-06-22,14.838721
2023-06-23,13.816824
2023-06-24,21.349363
2023-06-25,14.735349
2023-06-26,9.884298
2023-06-27,8.464651
2023-06-28,11.920079
2023-06-29,11.5276985
2023-06-30,11.301303
