datetime,streamflow_m^3/s
1979-01-01,0.0
1979-01-02,75.71933
1979-01-03,149.07295
1979-01-04,196.45082
1979-01-05,268.9725
1979-01-06,205.83887
1979-01-07,140.5156
1979-01-08,91.29794
1979-01-09,99.81811
1979-01-10,162.42288
1979-01-11,215.80426
1979-01-12,190.89175
1979-01-13,98.215645
1979-01-14,71.83033
1979-01-15,114.99693
1979-01-16,168.44644
1979-01-17,138.58823
1979-01-18,151.25002
1979-01-19,122.06175
1979-01-20,58.879025
1979-01-21,54.479267
1979-01-22,60.347786
1979-01-23,103.44904
1979-01-24,141.70491
1979-01-25,119.548836
1979-01-26,66.384674
1979-01-27,137.10632
1979-01-28,238.2708
1979-01-29,280.6221
1979-01-30,228.34973
1979-01-31,144.48616
1979-02-01,134.06119
1979-02-02,172.39986
1979-02-03,198.38344
1979-02-04,271.74463
1979-02-05,231.65625
1979-02-06,96.90386
1979-02-07,93.95358
1979-02-08,102.678825
1979-02-09,97.17199
1979-02-10,81.74627
1979-02-11,118.37209
1979-02-12,175.21194
1979-02-13,161.30139
1979-02-14,175.73721
1979-02-15,198.33492
1979-02-16,170.05281
1979-02-17,231.93958
1979-02-18,278.7473
1979-02-19,157.24695
1979-02-20,92.71371
1979-02-21,78.741714
1979-02-22,105.85084
1979-02-23,173.71597
1979-02-24,209.5059
1979-02-25,189.67615
1979-02-26,238.89886
1979-02-27,301.05237
1979-02-28,204.47337
1979-03-01,118.905106
1979-03-02,118.82689
1979-03-03,197.87085
1979-03-04,265.13513
1979-03-05,276.8841
1979-03-06,380.518
1979-03-07,329.4395
1979-03-08,348.2199
1979-03-09,409.9833
1979-03-10,369.17383
1979-03-11,304.17245
1979-03-12,346.02728
1979-03-13,372.49506
1979-03-14,341.5768
1979-03-15,266.79422
1979-03-16,153.88387
1979-03-17,154.74591
1979-03-18,198.80069
1979-03-19,232.26549
1979-03-20,599.3847
1979-03-21,475.10486
1979-03-22,130.6276
1979-03-23,118.798775
1979-03-24,107.482704
1979-03-25,136.68338
1979-03-26,372.73788
1979-03-27,405.16022
1979-03-28,129.87172
1979-03-29,138.3993
1979-03-30,165.6749
1979-03-31,141.41666
1979-04-01,169.92966
1979-04-02,309.9968
1979-04-03,311.06662
1979-04-04,484.20145
1979-04-05,577.58057
1979-04-06,525.70624
1979-04-07,500.98434
1979-04-08,400.07898
1979-04-09,469.5983
1979-04-10,345.108
1979-04-11,217.93295
1979-04-12,194.85089
1979-04-13,221.62424
1979-04-14,370.92783
1979-04-15,453.56876
1979-04-16,400.52176
1979-04-17,413.02438
1979-04-18,496.11716
1979-04-19,366.68207
1979-04-20,229.86813
1979-04-21,130.22058
1979-04-22,296.41077
1979-04-23,472.46106
1979-04-24,318.7155
1979-04-25,158.39915
1979-04-26,277.07642
1979-04-27,358.85788
1979-04-28,371.6574
1979-04-29,358.7982
1979-04-30,198.48175
1979-05-01,137.86732
1979-05-02,136.75807
1979-05-03,146.9921
1979-05-04,255.81947
1979-05-05,668.1762
1979-05-06,878.5418
1979-05-07,393.82227
1979-05-08,239.13239
1979-05-09,185.50105
1979-05-10,189.26468
1979-05-11,231.20496
1979-05-12,212.76569
1979-05-13,195.59433
1979-05-14,240.88667
1979-05-15,347.36926
1979-05-16,415.5395
1979-05-17,359.8775
1979-05-18,336.9037
1979-05-19,262.4766
1979-05-20,296.1228
1979-05-21,319.65878
1979-05-22,386.1483
1979-05-23,524.7811
1979-05-24,430.1643
1979-05-25,235.27043
1979-05-26,234.3331
1979-05-27,307.67728
1979-05-28,365.4497
1979-05-29,409.88458
1979-05-30,333.13022
1979-05-31,293.4896
1979-06-01,221.5213
1979-06-02,459.3158
1979-06-03,629.6719
1979-06-04,388.8556
1979-06-05,355.00226
1979-06-06,408.62164
1979-06-07,294.543
1979-06-08,253.56993
1979-06-09,218.67789
1979-06-10,232.24463
1979-06-11,296.31778
1979-06-12,285.17993
1979-06-13,276.01364
1979-06-14,286.13678
1979-06-15,300.71722
1979-06-16,466.05508
1979-06-17,595.24695
1979-06-18,405.5544
1979-06-19,275.04156
1979-06-20,161.87569
1979-06-21,151.57907
1979-06-22,181.48705
1979-06-23,275.0389
1979-06-24,355.41602
1979-06-25,429.67712
1979-06-26,472.98843
1979-06-27,343.52765
1979-06-28,285.3811
1979-06-29,214.93283
1979-06-30,151.00009
1979-07-01,174.30638
1979-07-02,303.09903
1979-07-03,297.28708
1979-07-04,218.28815
1979-07-05,189.07445
1979-07-06,247.57806
1979-07-07,297.71356
1979-07-08,263.99707
1979-07-09,103.55978
1979-07-10,67.88338
1979-07-11,61.46498
1979-07-12,59.679974
1979-07-13,78.49986
1979-07-14,88.58463
1979-07-15,88.08168
1979-07-16,115.53587
1979-07-17,133.86345
1979-07-18,237.41628
1979-07-19,295.56924
1979-07-20,229.53807
1979-07-21,218.2327
1979-07-22,280.89008
1979-07-23,286.59164
1979-07-24,359.79852
1979-07-25,344.5976
1979-07-26,257.16522
1979-07-27,139.44518
1979-07-28,91.18009
1979-07-29,61.102745
1979-07-30,75.510574
1979-07-31,107.92472
1979-08-01,102.688484
1979-08-02,154.82346
1979-08-03,215.0326
1979-08-04,247.85649
1979-08-05,267.48575
1979-08-06,229.12363
1979-08-07,152.92288
1979-08-08,70.13387
1979-08-09,81.66749
1979-08-10,89.86005
1979-08-11,47.252632
1979-08-12,40.012955
1979-08-13,40.07866
1979-08-14,75.72962
1979-08-15,132.5811
1979-08-16,354.58145
1979-08-17,514.9379
1979-08-18,367.99655
1979-08-19,338.72018
1979-08-20,165.89845
1979-08-21,188.7853
1979-08-22,326.0514
1979-08-23,299.4758
1979-08-24,177.42226
1979-08-25,198.94229
1979-08-26,147.421
1979-08-27,118.31026
1979-08-28,102.5449
1979-08-29,252.77759
1979-08-30,272.41696
1979-08-31,117.53554
1979-09-01,63.916256
1979-09-02,57.06007
1979-09-03,51.709763
1979-09-04,77.83856
1979-09-05,96.20253
1979-09-06,134.45642
1979-09-07,209.1198
1979-09-08,161.84239
1979-09-09,162.28336
1979-09-10,154.74112
1979-09-11,262.74515
1979-09-12,301.20227
1979-09-13,195.01007
1979-09-14,216.55417
1979-09-15,246.6182
1979-09-16,254.598
1979-09-17,188.2801
1979-09-18,132.02881
1979-09-19,169.60602
1979-09-20,198.0667
1979-09-21,319.06128
1979-09-22,409.82776
1979-09-23,335.20392
1979-09-24,235.562
1979-09-25,163.14566
1979-09-26,192.4943
1979-09-27,206.68411
1979-09-28,225.60896
1979-09-29,266.10156
1979-09-30,283.97275
1979-10-01,489.43524
1979-10-02,446.62225
1979-10-03,246.85492
1979-10-04,292.62973
1979-10-05,248.17346
1979-10-06,195.88593
1979-10-07,217.53786
1979-10-08,249.67549
1979-10-09,225.09044
1979-10-10,283.02835
1979-10-11,316.2121
1979-10-12,327.1768
1979-10-13,333.07565
1979-10-14,274.1368
1979-10-15,231.18544
1979-10-16,237.56516
1979-10-17,209.09128
1979-10-18,142.89992
1979-10-19,96.2948
1979-10-20,127.20066
1979-10-21,182.00595
1979-10-22,132.7444
1979-10-23,282.1358
1979-10-24,470.7235
1979-10-25,359.57565
1979-10-26,234.64046
1979-10-27,153.04372
1979-10-28,192.87703
1979-10-29,201.11014
1979-10-30,109.46365
1979-10-31,70.29684
1979-11-01,61.980663
1979-11-02,60.609997
1979-11-03,68.72481
1979-11-04,85.17999
1979-11-05,87.38468
1979-11-06,81.99862
1979-11-07,124.26766
1979-11-08,136.5376
1979-11-09,128.4924
1979-11-10,81.55295
1979-11-11,112.46211
1979-11-12,176.80856
1979-11-13,392.8039
1979-11-14,298.38577
1979-11-15,81.08568
1979-11-16,131.51485
1979-11-17,434.9245
1979-11-18,389.0121
1979-11-19,94.01262
1979-11-20,97.290085
1979-11-21,137.51552
1979-11-22,147.99118
1979-11-23,247.3897
1979-11-24,202.42053
1979-11-25,182.20583
1979-11-26,112.99464
1979-11-27,118.035805
1979-11-28,200.46179
1979-11-29,294.90125
1979-11-30,285.16925
1979-12-01,192.60408
1979-12-02,196.55678
1979-12-03,220.44327
1979-12-04,269.2434
1979-12-05,281.5063
1979-12-06,253.22704
1979-12-07,209.10524
1979-12-08,190.04533
1979-12-09,268.7216
1979-12-10,256.58057
1979-12-11,201.1668
1979-12-12,115.60063
1979-12-13,115.44966
1979-12-14,118.19232
1979-12-15,214.28041
1979-12-16,220.45801
1979-12-17,159.91531
1979-12-18,235.78241
1979-12-19,192.92006
1979-12-20,188.81255
1979-12-21,187.39157
1979-12-22,223.58109
1979-12-23,189.4586
1979-12-24,169.92287
1979-12-25,346.10907
1979-12-26,387.824
1979-12-27,228.97566
1979-12-28,159.34628
1979-12-29,165.01248
1979-12-30,162.44499
1979-12-31,174.6429
1980-01-01,262.9983
1980-01-02,296.1267
1980-01-03,287.97
1980-01-04,286.4715
1980-01-05,267.53696
1980-01-06,241.82788
1980-01-07,155.88863
1980-01-08,126.49627
1980-01-09,126.28322
1980-01-10,115.467834
1980-01-11,132.5341
1980-01-12,224.2016
1980-01-13,333.68616
1980-01-14,279.96973
1980-01-15,402.73007
1980-01-16,345.75513
1980-01-17,201.56453
1980-01-18,179.92078
1980-01-19,344.33835
1980-01-20,305.97977
1980-01-21,136.06769
1980-01-22,157.1181
1980-01-23,151.89632
1980-01-24,111.92511
1980-01-25,147.25668
1980-01-26,144.66968
1980-01-27,99.675095
1980-01-28,88.91454
1980-01-29,82.26913
1980-01-30,106.77776
1980-01-31,395.6355
1980-02-01,382.01797
1980-02-02,166.20895
1980-02-03,162.9198
1980-02-04,193.8409
1980-02-05,251.4432
1980-02-06,181.97473
1980-02-07,165.61884
1980-02-08,319.56625
1980-02-09,246.95526
1980-02-10,178.10628
1980-02-11,185.89009
1980-02-12,140.26007
1980-02-13,200.13692
1980-02-14,279.76874
1980-02-15,189.53505
1980-02-16,164.23918
1980-02-17,200.30818
1980-02-18,239.87065
1980-02-19,242.86153
1980-02-20,290.75665
1980-02-21,279.87958
1980-02-22,389.0358
1980-02-23,309.8987
1980-02-24,283.07788
1980-02-25,286.62643
1980-02-26,239.95721
1980-02-27,171.18953
1980-02-28,144.40103
1980-02-29,151.14915
1980-03-01,178.17491
1980-03-02,165.43782
1980-03-03,146.63312
1980-03-04,201.52084
1980-03-05,254.83469
1980-03-06,214.42754
1980-03-07,161.98409
1980-03-08,116.55154
1980-03-09,88.278824
1980-03-10,110.208565
1980-03-11,165.02263
1980-03-12,233.41248
1980-03-13,304.23477
1980-03-14,287.64038
1980-03-15,244.88165
1980-03-16,274.54172
1980-03-17,261.27304
1980-03-18,286.74982
1980-03-19,300.24844
1980-03-20,216.00092
1980-03-21,244.21529
1980-03-22,340.1498
1980-03-23,355.66937
1980-03-24,359.6513
1980-03-25,287.914
1980-03-26,390.71335
1980-03-27,565.02356
1980-03-28,515.7864
1980-03-29,474.9494
1980-03-30,184.98097
1980-03-31,232.80617
1980-04-01,370.78665
1980-04-02,415.982
1980-04-03,288.41592
1980-04-04,234.34834
1980-04-05,197.46521
1980-04-06,132.99327
1980-04-07,110.01349
1980-04-08,134.28456
1980-04-09,138.14146
1980-04-10,111.212715
1980-04-11,114.5899
1980-04-12,105.25256
1980-04-13,75.10602
1980-04-14,56.254635
1980-04-15,97.57942
1980-04-16,187.62402
1980-04-17,276.5196
1980-04-18,337.20047
1980-04-19,352.809
1980-04-20,347.86377
1980-04-21,313.54532
1980-04-22,397.34085
1980-04-23,487.55838
1980-04-24,536.4818
1980-04-25,307.4362
1980-04-26,355.03345
1980-04-27,448.55212
1980-04-28,405.45114
1980-04-29,282.57095
1980-04-30,251.51534
1980-05-01,190.15083
1980-05-02,577.3752
1980-05-03,674.2444
1980-05-04,189.954
1980-05-05,227.88345
1980-05-06,301.5273
1980-05-07,383.92264
1980-05-08,476.34134
1980-05-09,513.0886
1980-05-10,375.2094
1980-05-11,207.37889
1980-05-12,139.9568
1980-05-13,153.43793
1980-05-14,259.14767
1980-05-15,345.06705
1980-05-16,277.0627
1980-05-17,200.15652
1980-05-18,236.6889
1980-05-19,370.98105
1980-05-20,455.71103
1980-05-21,320.93414
1980-05-22,243.20055
1980-05-23,453.8945
1980-05-24,501.60886
1980-05-25,392.48288
1980-05-26,340.26462
1980-05-27,321.5001
1980-05-28,231.66997
1980-05-29,204.26172
1980-05-30,249.55138
1980-05-31,215.81306
1980-06-01,217.16129
1980-06-02,196.04868
1980-06-03,180.675
1980-06-04,198.84044
1980-06-05,220.4414
1980-06-06,233.99086
1980-06-07,325.6465
1980-06-08,407.16513
1980-06-09,399.64343
1980-06-10,415.61948
1980-06-11,404.6955
1980-06-12,540.6585
1980-06-13,650.99927
1980-06-14,415.02917
1980-06-15,243.16837
1980-06-16,121.47991
1980-06-17,67.506805
1980-06-18,98.89246
1980-06-19,171.21326
1980-06-20,206.57523
1980-06-21,259.53708
1980-06-22,300.16254
1980-06-23,217.93156
1980-06-24,130.26448
1980-06-25,134.47873
1980-06-26,114.60932
1980-06-27,176.5118
1980-06-28,364.71426
1980-06-29,383.62665
1980-06-30,161.43723
1980-07-01,135.41254
1980-07-02,260.03876
1980-07-03,290.18628
1980-07-04,169.63948
1980-07-05,95.805
1980-07-06,96.39797
1980-07-07,87.54982
1980-07-08,55.539898
1980-07-09,109.345116
1980-07-10,295.18613
1980-07-11,401.95822
1980-07-12,264.86978
1980-07-13,231.8335
1980-07-14,214.88007
1980-07-15,157.6111
1980-07-16,195.33202
1980-07-17,246.64854
1980-07-18,227.61385
1980-07-19,272.10992
1980-07-20,243.59276
1980-07-21,180.989
1980-07-22,257.99686
1980-07-23,354.72726
1980-07-24,491.84134
1980-07-25,600.3571
1980-07-26,346.904
1980-07-27,192.81306
1980-07-28,275.44724
1980-07-29,431.59143
1980-07-30,227.38412
1980-07-31,139.29071
1980-08-01,159.99203
1980-08-02,320.39783
1980-08-03,474.18927
1980-08-04,402.2943
1980-08-05,145.79001
1980-08-06,106.82008
1980-08-07,134.73009
1980-08-08,220.64995
1980-08-09,294.05142
1980-08-10,361.3721
1980-08-11,368.26288
1980-08-12,270.1926
1980-08-13,172.00093
1980-08-14,118.814186
1980-08-15,187.27203
1980-08-16,188.86626
1980-08-17,289.72134
1980-08-18,495.1905
1980-08-19,513.53534
1980-08-20,311.69144
1980-08-21,389.28168
1980-08-22,565.04266
1980-08-23,588.94507
1980-08-24,409.09024
1980-08-25,340.34412
1980-08-26,81.7173
1980-08-27,114.945564
1980-08-28,153.99098
1980-08-29,119.02019
1980-08-30,253.3936
1980-08-31,300.0298
1980-09-01,245.91147
1980-09-02,248.7135
1980-09-03,340.39478
1980-09-04,239.84094
1980-09-05,189.76552
1980-09-06,192.26985
1980-09-07,184.22015
1980-09-08,177.97229
1980-09-09,304.0795
1980-09-10,426.79544
1980-09-11,367.1633
1980-09-12,226.77544
1980-09-13,221.1836
1980-09-14,230.05527
1980-09-15,213.89398
1980-09-16,142.74916
1980-09-17,220.18729
1980-09-18,315.75937
1980-09-19,329.24228
1980-09-20,252.82657
1980-09-21,231.76672
1980-09-22,183.9298
1980-09-23,212.51869
1980-09-24,237.81424
1980-09-25,231.7717
1980-09-26,163.6948
1980-09-27,160.05922
1980-09-28,121.05269
1980-09-29,103.18911
1980-09-30,125.33188
1980-10-01,174.69304
1980-10-02,204.21567
1980-10-03,215.10846
1980-10-04,207.5813
1980-10-05,146.80954
1980-10-06,376.10434
1980-10-07,643.6136
1980-10-08,501.2446
1980-10-09,234.17857
1980-10-10,177.9737
1980-10-11,211.5796
1980-10-12,205.52328
1980-10-13,202.25414
1980-10-14,168.32224
1980-10-15,193.92293
1980-10-16,227.58731
1980-10-17,342.067
1980-10-18,318.93585
1980-10-19,305.08002
1980-10-20,335.7274
1980-10-21,163.76979
1980-10-22,176.30853
1980-10-23,276.44745
1980-10-24,309.46655
1980-10-25,291.01846
1980-10-26,338.29428
1980-10-27,385.26486
1980-10-28,319.94614
1980-10-29,224.51003
1980-10-30,213.61629
1980-10-31,243.01222
1980-11-01,210.02495
1980-11-02,244.82877
1980-11-03,250.77826
1980-11-04,176.29799
1980-11-05,337.0426
1980-11-06,315.85962
1980-11-07,146.96483
1980-11-08,121.14744
1980-11-09,76.77669
1980-11-10,62.63693
1980-11-11,63.118843
1980-11-12,71.45512
1980-11-13,85.2822
1980-11-14,151.61354
1980-11-15,257.88535
1980-11-16,331.8166
1980-11-17,271.0612
1980-11-18,136.3041
1980-11-19,161.88708
1980-11-20,198.5291
1980-11-21,182.62047
1980-11-22,159.31961
1980-11-23,185.53862
1980-11-24,234.4348
1980-11-25,265.48267
1980-11-26,192.66077
1980-11-27,242.68596
1980-11-28,305.6163
1980-11-29,294.28137
1980-11-30,265.14133
1980-12-01,166.30031
1980-12-02,159.86018
1980-12-03,136.48341
1980-12-04,140.14558
1980-12-05,249.47574
1980-12-06,453.02472
1980-12-07,365.87247
1980-12-08,226.54243
1980-12-09,258.21194
1980-12-10,243.35666
1980-12-11,260.1104
1980-12-12,370.65198
1980-12-13,413.44388
1980-12-14,342.8938
1980-12-15,292.206
1980-12-16,393.65567
1980-12-17,299.58276
1980-12-18,870.4524
1980-12-19,797.03394
1980-12-20,310.7674
1980-12-21,249.78441
1980-12-22,210.94405
1980-12-23,160.78943
1980-12-24,128.19067
1980-12-25,137.2096
1980-12-26,171.74008
1980-12-27,195.35713
1980-12-28,189.08014
1980-12-29,181.27832
1980-12-30,120.478806
1980-12-31,166.93317
1981-01-01,186.86586
1981-01-02,128.34605
1981-01-03,92.03569
1981-01-04,66.58843
1981-01-05,66.68414
1981-01-06,79.49759
1981-01-07,115.51866
1981-01-08,166.80833
1981-01-09,199.15923
1981-01-10,232.6471
1981-01-11,180.31435
1981-01-12,110.27549
1981-01-13,116.60482
1981-01-14,128.75594
1981-01-15,121.54149
1981-01-16,103.55942
1981-01-17,69.70627
1981-01-18,77.77324
1981-01-19,86.94757
1981-01-20,82.294044
1981-01-21,119.27436
1981-01-22,157.51326
1981-01-23,215.0742
1981-01-24,160.62692
1981-01-25,72.49324
1981-01-26,75.21156
1981-01-27,101.71214
1981-01-28,121.8446
1981-01-29,120.16599
1981-01-30,129.21101
1981-01-31,211.44815
1981-02-01,278.30032
1981-02-02,275.49503
1981-02-03,238.30058
1981-02-04,181.72412
1981-02-05,244.58334
1981-02-06,255.65736
1981-02-07,225.35257
1981-02-08,205.257
1981-02-09,176.83687
1981-02-10,205.9799
1981-02-11,195.85529
1981-02-12,161.34964
1981-02-13,181.35939
1981-02-14,163.12363
1981-02-15,134.78821
1981-02-16,115.39383
1981-02-17,206.4803
1981-02-18,236.26144
1981-02-19,279.65964
1981-02-20,344.87912
1981-02-21,284.19037
1981-02-22,244.31557
1981-02-23,311.09152
1981-02-24,340.35178
1981-02-25,311.48273
1981-02-26,293.5063
1981-02-27,262.15286
1981-02-28,168.7789
1981-03-01,176.16457
1981-03-02,202.5134
1981-03-03,190.03464
1981-03-04,222.70291
1981-03-05,266.70966
1981-03-06,312.34045
1981-03-07,277.4899
1981-03-08,247.5665
1981-03-09,345.5423
1981-03-10,445.44217
1981-03-11,461.58682
1981-03-12,409.77798
1981-03-13,379.63074
1981-03-14,358.14755
1981-03-15,247.97641
1981-03-16,228.74742
1981-03-17,195.88431
1981-03-18,217.17802
1981-03-19,180.97737
1981-03-20,115.99463
1981-03-21,115.54959
1981-03-22,152.77454
1981-03-23,159.24841
1981-03-24,152.88368
1981-03-25,190.83147
1981-03-26,171.20352
1981-03-27,205.97939
1981-03-28,208.07515
1981-03-29,135.21672
1981-03-30,187.43561
1981-03-31,181.8745
1981-04-01,254.94853
1981-04-02,230.33058
1981-04-03,110.70895
1981-04-04,139.62607
1981-04-05,205.3211
1981-04-06,248.02937
1981-04-07,234.832
1981-04-08,191.39622
1981-04-09,167.26553
1981-04-10,175.39728
1981-04-11,140.5372
1981-04-12,125.51778
1981-04-13,179.67087
1981-04-14,206.11966
1981-04-15,144.3544
1981-04-16,137.71188
1981-04-17,161.47057
1981-04-18,182.56268
1981-04-19,256.8067
1981-04-20,309.80826
1981-04-21,169.73048
1981-04-22,90.06516
1981-04-23,84.58557
1981-04-24,177.26787
1981-04-25,218.25487
1981-04-26,213.15805
1981-04-27,230.36104
1981-04-28,361.67032
1981-04-29,457.92694
1981-04-30,370.86487
1981-05-01,217.204
1981-05-02,246.81505
1981-05-03,238.09636
1981-05-04,179.85287
1981-05-05,138.26857
1981-05-06,143.67677
1981-05-07,151.81673
1981-05-08,114.779305
1981-05-09,210.16487
1981-05-10,154.20251
1981-05-11,121.60452
1981-05-12,113.59226
1981-05-13,145.86745
1981-05-14,151.73792
1981-05-15,213.60435
1981-05-16,242.2277
1981-05-17,400.4472
1981-05-18,391.07904
1981-05-19,295.4353
1981-05-20,264.08765
1981-05-21,286.23544
1981-05-22,370.87967
1981-05-23,366.5562
1981-05-24,467.66635
1981-05-25,487.13974
1981-05-26,396.48636
1981-05-27,353.54605
1981-05-28,266.7296
1981-05-29,244.19136
1981-05-30,228.48555
1981-05-31,199.39882
1981-06-01,175.52553
1981-06-02,140.68297
1981-06-03,125.14115
1981-06-04,81.91043
1981-06-05,76.726
1981-06-06,94.28402
1981-06-07,114.17425
1981-06-08,154.2841
1981-06-09,227.74828
1981-06-10,297.77786
1981-06-11,288.03192
1981-06-12,266.3535
1981-06-13,501.17166
1981-06-14,630.6929
1981-06-15,613.22253
1981-06-16,355.71252
1981-06-17,242.21774
1981-06-18,260.3907
1981-06-19,245.24344
1981-06-20,292.9683
1981-06-21,374.01242
1981-06-22,411.0919
1981-06-23,302.24466
1981-06-24,235.41602
1981-06-25,253.81384
1981-06-26,288.2917
1981-06-27,269.32703
1981-06-28,232.00122
1981-06-29,316.07837
1981-06-30,356.52658
1981-07-01,369.39423
1981-07-02,316.82492
1981-07-03,217.16359
1981-07-04,263.675
1981-07-05,321.3247
1981-07-06,428.83698
1981-07-07,454.25403
1981-07-08,363.66043
1981-07-09,266.89072
1981-07-10,182.6083
1981-07-11,310.72522
1981-07-12,476.16772
1981-07-13,645.5937
1981-07-14,582.91583
1981-07-15,502.96817
1981-07-16,377.04785
1981-07-17,406.025
1981-07-18,387.48434
1981-07-19,338.40173
1981-07-20,429.6588
1981-07-21,331.809
1981-07-22,151.06679
1981-07-23,201.1428
1981-07-24,227.82036
1981-07-25,79.984146
1981-07-26,57.85983
1981-07-27,51.69409
1981-07-28,47.053257
1981-07-29,43.193554
1981-07-30,45.645676
1981-07-31,50.817818
1981-08-01,65.22968
1981-08-02,84.6343
1981-08-03,66.671364
1981-08-04,62.73674
1981-08-05,63.48576
1981-08-06,73.896095
1981-08-07,81.35406
1981-08-08,63.94669
1981-08-09,40.573593
1981-08-10,58.627403
1981-08-11,88.539215
1981-08-12,120.23412
1981-08-13,216.97612
1981-08-14,345.4129
1981-08-15,326.25198
1981-08-16,240.4803
1981-08-17,235.41956
1981-08-18,160.68329
1981-08-19,226.39497
1981-08-20,432.8611
1981-08-21,451.03894
1981-08-22,217.30447
1981-08-23,207.95538
1981-08-24,253.68335
1981-08-25,257.11624
1981-08-26,384.5695
1981-08-27,503.31805
1981-08-28,356.4467
1981-08-29,431.30762
1981-08-30,393.6899
1981-08-31,209.97156
1981-09-01,215.54285
1981-09-02,247.03271
1981-09-03,185.29416
1981-09-04,230.18492
1981-09-05,263.3775
1981-09-06,192.72562
1981-09-07,223.03383
1981-09-08,287.3975
1981-09-09,361.6509
1981-09-10,376.17862
1981-09-11,368.18454
1981-09-12,370.87173
1981-09-13,310.99988
1981-09-14,123.96926
1981-09-15,173.82028
1981-09-16,296.17096
1981-09-17,598.2308
1981-09-18,774.8809
1981-09-19,326.1342
1981-09-20,256.91257
1981-09-21,220.49254
1981-09-22,146.2214
1981-09-23,72.76129
1981-09-24,73.37081
1981-09-25,64.138725
1981-09-26,124.643684
1981-09-27,192.86746
1981-09-28,169.68684
1981-09-29,141.82242
1981-09-30,82.0769
1981-10-01,89.63819
1981-10-02,146.56555
1981-10-03,200.38374
1981-10-04,221.59772
1981-10-05,175.19496
1981-10-06,90.99504
1981-10-07,71.74537
1981-10-08,109.0682
1981-10-09,160.68837
1981-10-10,213.52731
1981-10-11,539.00275
1981-10-12,635.31775
1981-10-13,185.07202
1981-10-14,109.83308
1981-10-15,94.64755
1981-10-16,257.19922
1981-10-17,358.74423
1981-10-18,278.77744
1981-10-19,283.11298
1981-10-20,230.93105
1981-10-21,126.2657
1981-10-22,92.35738
1981-10-23,86.47893
1981-10-24,138.86975
1981-10-25,202.47519
1981-10-26,181.03156
1981-10-27,175.41092
1981-10-28,163.30823
1981-10-29,179.8107
1981-10-30,180.33154
1981-10-31,131.8941
1981-11-01,171.4446
1981-11-02,237.52072
1981-11-03,129.6331
1981-11-04,91.91422
1981-11-05,125.93452
1981-11-06,199.4528
1981-11-07,188.75754
1981-11-08,143.76785
1981-11-09,202.40648
1981-11-10,216.98532
1981-11-11,286.78802
1981-11-12,270.0084
1981-11-13,277.22986
1981-11-14,439.59775
1981-11-15,322.44003
1981-11-16,310.70816
1981-11-17,330.14957
1981-11-18,246.82881
1981-11-19,273.3749
1981-11-20,290.5477
1981-11-21,392.69058
1981-11-22,344.57184
1981-11-23,260.61285
1981-11-24,148.18506
1981-11-25,139.3722
1981-11-26,291.94125
1981-11-27,334.63104
1981-11-28,249.66704
1981-11-29,197.64645
1981-11-30,132.28162
1981-12-01,255.40674
1981-12-02,250.3152
1981-12-03,293.74518
1981-12-04,304.4322
1981-12-05,288.25388
1981-12-06,303.11325
1981-12-07,223.653
1981-12-08,202.77393
1981-12-09,212.81267
1981-12-10,301.58417
1981-12-11,341.1551
1981-12-12,282.90735
1981-12-13,237.5752
1981-12-14,244.60356
1981-12-15,196.8677
1981-12-16,175.59782
1981-12-17,214.67831
1981-12-18,182.7924
1981-12-19,147.09346
1981-12-20,183.30946
1981-12-21,212.87036
1981-12-22,210.6843
1981-12-23,198.10097
1981-12-24,148.57663
1981-12-25,122.466835
1981-12-26,100.57741
1981-12-27,112.94855
1981-12-28,113.56921
1981-12-29,106.67733
1981-12-30,113.010735
1981-12-31,122.291405
1982-01-01,176.99629
1982-01-02,221.54799
1982-01-03,224.66971
1982-01-04,444.23935
1982-01-05,491.67358
1982-01-06,331.13962
1982-01-07,263.8144
1982-01-08,225.50455
1982-01-09,166.58258
1982-01-10,170.82841
1982-01-11,156.68399
1982-01-12,171.44318
1982-01-13,184.67467
1982-01-14,203.46793
1982-01-15,257.5142
1982-01-16,257.31003
1982-01-17,177.44006
1982-01-18,170.47353
1982-01-19,136.53235
1982-01-20,113.17865
1982-01-21,136.99503
1982-01-22,91.22374
1982-01-23,109.768425
1982-01-24,132.27531
1982-01-25,139.04727
1982-01-26,160.0176
1982-01-27,245.45398
1982-01-28,215.98087
1982-01-29,245.57161
1982-01-30,195.35327
1982-01-31,241.13312
1982-02-01,263.07645
1982-02-02,246.87321
1982-02-03,220.48933
1982-02-04,365.1968
1982-02-05,328.74615
1982-02-06,238.43364
1982-02-07,309.31784
1982-02-08,324.97583
1982-02-09,209.61856
1982-02-10,145.68823
1982-02-11,170.7697
1982-02-12,166.88344
1982-02-13,158.62439
1982-02-14,208.17572
1982-02-15,415.32205
1982-02-16,568.51447
1982-02-17,389.4699
1982-02-18,271.20068
1982-02-19,229.97139
1982-02-20,202.2331
1982-02-21,231.60124
1982-02-22,166.51093
1982-02-23,175.58052
1982-02-24,150.72142
1982-02-25,133.24913
1982-02-26,127.593636
1982-02-27,115.99762
1982-02-28,147.0182
1982-03-01,141.68002
1982-03-02,200.5684
1982-03-03,379.891
1982-03-04,308.5094
1982-03-05,142.94228
1982-03-06,297.9166
1982-03-07,385.55515
1982-03-08,297.60315
1982-03-09,231.98894
1982-03-10,167.81187
1982-03-11,135.29057
1982-03-12,172.69397
1982-03-13,201.84657
1982-03-14,175.90794
1982-03-15,196.68839
1982-03-16,205.0241
1982-03-17,510.39154
1982-03-18,451.1917
1982-03-19,188.33662
1982-03-20,191.89795
1982-03-21,212.23111
1982-03-22,177.74512
1982-03-23,180.33972
1982-03-24,185.68155
1982-03-25,224.41357
1982-03-26,219.51181
1982-03-27,449.40448
1982-03-28,488.35544
1982-03-29,302.05057
1982-03-30,427.5062
1982-03-31,624.1378
1982-04-01,533.199
1982-04-02,400.71884
1982-04-03,532.4127
1982-04-04,566.96594
1982-04-05,419.65314
1982-04-06,402.71323
1982-04-07,333.86005
1982-04-08,270.60767
1982-04-09,177.60904
1982-04-10,500.2761
1982-04-11,504.2661
1982-04-12,162.62955
1982-04-13,207.63943
1982-04-14,191.0756
1982-04-15,172.28055
1982-04-16,147.48125
1982-04-17,97.76784
1982-04-18,173.43727
1982-04-19,173.62262
1982-04-20,151.37646
1982-04-21,187.06032
1982-04-22,177.71423
1982-04-23,184.85233
1982-04-24,267.24414
1982-04-25,228.53665
1982-04-26,144.69939
1982-04-27,205.88051
1982-04-28,276.73706
1982-04-29,209.0746
1982-04-30,131.87097
1982-05-01,111.18842
1982-05-02,214.49127
1982-05-03,251.61923
1982-05-04,266.13898
1982-05-05,271.69717
1982-05-06,244.26257
1982-05-07,275.55188
1982-05-08,338.7549
1982-05-09,353.27905
1982-05-10,403.40033
1982-05-11,346.4717
1982-05-12,281.76923
1982-05-13,185.48947
1982-05-14,176.78804
1982-05-15,177.54851
1982-05-16,220.48628
1982-05-17,241.13162
1982-05-18,241.20374
1982-05-19,218.79063
1982-05-20,251.83582
1982-05-21,324.47702
1982-05-22,282.09106
1982-05-23,300.06458
1982-05-24,315.13266
1982-05-25,278.5241
1982-05-26,385.96542
1982-05-27,612.9587
1982-05-28,570.5583
1982-05-29,399.514
1982-05-30,387.27612
1982-05-31,320.17084
1982-06-01,314.67242
1982-06-02,298.64975
1982-06-03,187.62985
1982-06-04,123.75485
1982-06-05,155.20206
1982-06-06,188.98314
1982-06-07,295.48285
1982-06-08,328.24332
1982-06-09,283.15533
1982-06-10,245.66446
1982-06-11,152.53583
1982-06-12,133.63722
1982-06-13,144.31091
1982-06-14,213.06122
1982-06-15,228.81226
1982-06-16,229.88615
1982-06-17,264.94122
1982-06-18,246.44681
1982-06-19,344.36075
1982-06-20,366.09357
1982-06-21,169.63974
1982-06-22,214.00392
1982-06-23,244.6559
1982-06-24,187.42908
1982-06-25,151.56696
1982-06-26,158.40253
1982-06-27,127.483986
1982-06-28,101.87576
1982-06-29,136.17271
1982-06-30,134.04684
1982-07-01,77.34363
1982-07-02,56.83253
1982-07-03,102.95799
1982-07-04,231.75127
1982-07-05,292.70264
1982-07-06,319.25162
1982-07-07,373.94904
1982-07-08,367.16687
1982-07-09,364.90714
1982-07-10,238.15303
1982-07-11,181.14395
1982-07-12,175.14061
1982-07-13,285.33157
1982-07-14,342.8751
1982-07-15,194.02335
1982-07-16,111.91088
1982-07-17,100.43847
1982-07-18,81.98434
1982-07-19,59.46066
1982-07-20,150.35367
1982-07-21,285.3476
1982-07-22,221.81314
1982-07-23,86.90753
1982-07-24,49.474075
1982-07-25,38.723843
1982-07-26,78.80136
1982-07-27,168.74808
1982-07-28,457.45053
1982-07-29,733.9155
1982-07-30,505.34277
1982-07-31,395.5154
1982-08-01,246.46025
1982-08-02,182.01859
1982-08-03,301.38574
1982-08-04,273.642
1982-08-05,211.5552
1982-08-06,163.75514
1982-08-07,253.72484
1982-08-08,584.31714
1982-08-09,751.265
1982-08-10,383.8299
1982-08-11,114.77953
1982-08-12,86.12505
1982-08-13,52.770405
1982-08-14,50.538834
1982-08-15,110.1671
1982-08-16,170.2505
1982-08-17,107.34049
1982-08-18,73.73104
1982-08-19,101.47053
1982-08-20,115.716194
1982-08-21,70.50126
1982-08-22,100.19197
1982-08-23,70.39911
1982-08-24,59.961987
1982-08-25,67.720604
1982-08-26,79.019844
1982-08-27,128.19073
1982-08-28,116.977554
1982-08-29,74.1362
1982-08-30,81.83678
1982-08-31,66.465515
1982-09-01,116.184944
1982-09-02,232.97932
1982-09-03,199.32906
1982-09-04,85.09758
1982-09-05,161.03992
1982-09-06,224.5978
1982-09-07,195.40248
1982-09-08,125.76695
1982-09-09,101.0584
1982-09-10,148.64638
1982-09-11,265.9995
1982-09-12,288.4696
1982-09-13,162.68208
1982-09-14,200.70435
1982-09-15,185.2858
1982-09-16,248.75208
1982-09-17,371.62924
1982-09-18,433.2206
1982-09-19,426.52188
1982-09-20,209.82462
1982-09-21,244.02293
1982-09-22,259.59613
1982-09-23,367.71304
1982-09-24,461.2913
1982-09-25,354.98923
1982-09-26,264.51016
1982-09-27,179.41277
1982-09-28,118.24162
1982-09-29,163.85071
1982-09-30,189.89905
1982-10-01,233.97008
1982-10-02,305.44376
1982-10-03,262.02368
1982-10-04,196.32231
1982-10-05,157.64577
1982-10-06,128.66162
1982-10-07,96.96024
1982-10-08,84.734085
1982-10-09,99.2704
1982-10-10,134.24953
1982-10-11,118.474266
1982-10-12,70.94096
1982-10-13,91.420204
1982-10-14,104.48032
1982-10-15,141.97946
1982-10-16,243.7062
1982-10-17,231.369
1982-10-18,274.01193
1982-10-19,299.82437
1982-10-20,300.24295
1982-10-21,393.94244
1982-10-22,286.2792
1982-10-23,206.29013
1982-10-24,217.44237
1982-10-25,312.80618
1982-10-26,293.33154
1982-10-27,262.78247
1982-10-28,305.05383
1982-10-29,248.13632
1982-10-30,217.85338
1982-10-31,194.46843
1982-11-01,188.3015
1982-11-02,210.15619
1982-11-03,197.44333
1982-11-04,164.04578
1982-11-05,113.95377
1982-11-06,77.24615
1982-11-07,65.18614
1982-11-08,75.36196
1982-11-09,84.35739
1982-11-10,110.31692
1982-11-11,151.66656
1982-11-12,195.58992
1982-11-13,116.736496
1982-11-14,104.78547
1982-11-15,131.54247
1982-11-16,89.808495
1982-11-17,132.08107
1982-11-18,195.59479
1982-11-19,196.0083
1982-11-20,240.79506
1982-11-21,261.25592
1982-11-22,254.65866
1982-11-23,211.0607
1982-11-24,156.2301
1982-11-25,164.82112
1982-11-26,272.40997
1982-11-27,337.95212
1982-11-28,213.12038
1982-11-29,183.74399
1982-11-30,123.09246
1982-12-01,89.61807
1982-12-02,159.2459
1982-12-03,222.42265
1982-12-04,208.51933
1982-12-05,241.72346
1982-12-06,206.1009
1982-12-07,99.93041
1982-12-08,135.03548
1982-12-09,201.93301
1982-12-10,201.44537
1982-12-11,165.11758
1982-12-12,122.47678
1982-12-13,90.487434
1982-12-14,152.86624
1982-12-15,192.80275
1982-12-16,181.17949
1982-12-17,186.87294
1982-12-18,120.04881
1982-12-19,146.449
1982-12-20,133.96968
1982-12-21,158.46648
1982-12-22,206.87164
1982-12-23,556.8873
1982-12-24,413.12915
1982-12-25,150.81194
1982-12-26,147.20624
1982-12-27,109.17031
1982-12-28,155.21078
1982-12-29,154.82088
1982-12-30,117.23899
1982-12-31,95.639755
1983-01-01,78.770744
1983-01-02,100.20477
1983-01-03,130.74272
1983-01-04,200.75299
1983-01-05,182.46088
1983-01-06,170.79337
1983-01-07,200.9173
1983-01-08,204.43172
1983-01-09,188.51968
1983-01-10,204.83519
1983-01-11,228.72266
1983-01-12,269.28235
1983-01-13,217.12587
1983-01-14,151.72485
1983-01-15,124.444115
1983-01-16,82.559494
1983-01-17,108.64868
1983-01-18,126.330956
1983-01-19,130.42018
1983-01-20,136.35966
1983-01-21,112.1991
1983-01-22,123.01555
1983-01-23,100.61826
1983-01-24,125.73299
1983-01-25,176.78923
1983-01-26,125.651955
1983-01-27,91.22368
1983-01-28,132.06935
1983-01-29,117.1561
1983-01-30,95.49655
1983-01-31,106.92052
1983-02-01,76.95614
1983-02-02,61.106735
1983-02-03,68.335556
1983-02-04,72.43101
1983-02-05,71.417534
1983-02-06,95.868935
1983-02-07,144.9678
1983-02-08,145.53282
1983-02-09,69.19863
1983-02-10,61.465195
1983-02-11,111.57155
1983-02-12,84.00195
1983-02-13,73.169395
1983-02-14,85.21
1983-02-15,56.538563
1983-02-16,41.103767
1983-02-17,43.57231
1983-02-18,90.67788
1983-02-19,165.19472
1983-02-20,182.98843
1983-02-21,211.10242
1983-02-22,328.5371
1983-02-23,380.1422
1983-02-24,305.15875
1983-02-25,235.12883
1983-02-26,258.4039
1983-02-27,366.02924
1983-02-28,541.71045
1983-03-01,420.2412
1983-03-02,280.95532
1983-03-03,275.2162
1983-03-04,182.6192
1983-03-05,142.84453
1983-03-06,109.902176
1983-03-07,153.56348
1983-03-08,176.37457
1983-03-09,164.82837
1983-03-10,322.9889
1983-03-11,309.91803
1983-03-12,154.2592
1983-03-13,169.04868
1983-03-14,178.79654
1983-03-15,337.98166
1983-03-16,435.92264
1983-03-17,273.40433
1983-03-18,246.18231
1983-03-19,186.62917
1983-03-20,111.57394
1983-03-21,110.096855
1983-03-22,118.478386
1983-03-23,183.5408
1983-03-24,366.92532
1983-03-25,405.1592
1983-03-26,505.47055
1983-03-27,440.4941
1983-03-28,278.0707
1983-03-29,205.88367
1983-03-30,199.58632
1983-03-31,216.00357
1983-04-01,158.78197
1983-04-02,150.08629
1983-04-03,164.94324
1983-04-04,190.31306
1983-04-05,232.52237
1983-04-06,234.38768
1983-04-07,282.83224
1983-04-08,276.00037
1983-04-09,162.5873
1983-04-10,145.59909
1983-04-11,109.38723
1983-04-12,99.62098
1983-04-13,97.887985
1983-04-14,167.36902
1983-04-15,176.83505
1983-04-16,255.54533
1983-04-17,318.4836
1983-04-18,328.72177
1983-04-19,331.57114
1983-04-20,288.43564
1983-04-21,293.12448
1983-04-22,418.125
1983-04-23,476.51575
1983-04-24,508.39093
1983-04-25,430.14905
1983-04-26,278.2046
1983-04-27,285.16684
1983-04-28,315.21555
1983-04-29,326.97382
1983-04-30,232.6442
1983-05-01,155.9417
1983-05-02,181.88828
1983-05-03,284.7322
1983-05-04,355.1374
1983-05-05,330.2192
1983-05-06,280.59952
1983-05-07,321.185
1983-05-08,449.40213
1983-05-09,330.7224
1983-05-10,171.55237
1983-05-11,282.5437
1983-05-12,441.78195
1983-05-13,438.67014
1983-05-14,333.42896
1983-05-15,319.77237
1983-05-16,435.6968
1983-05-17,504.6329
1983-05-18,233.48743
1983-05-19,173.66318
1983-05-20,168.17703
1983-05-21,105.17345
1983-05-22,96.30331
1983-05-23,75.33374
1983-05-24,71.638916
1983-05-25,84.63658
1983-05-26,107.317825
1983-05-27,174.32635
1983-05-28,249.66997
1983-05-29,210.0942
1983-05-30,260.3656
1983-05-31,233.77106
1983-06-01,206.91293
1983-06-02,265.51376
1983-06-03,393.1036
1983-06-04,437.13412
1983-06-05,353.74002
1983-06-06,358.12155
1983-06-07,353.37543
1983-06-08,356.1865
1983-06-09,399.6696
1983-06-10,332.93332
1983-06-11,200.5763
1983-06-12,193.56528
1983-06-13,158.26825
1983-06-14,157.03862
1983-06-15,153.5571
1983-06-16,136.06604
1983-06-17,242.1331
1983-06-18,302.06952
1983-06-19,248.44656
1983-06-20,141.7915
1983-06-21,117.179474
1983-06-22,107.038956
1983-06-23,78.05715
1983-06-24,74.861916
1983-06-25,79.69855
1983-06-26,120.54671
1983-06-27,203.15451
1983-06-28,249.29008
1983-06-29,218.68465
1983-06-30,259.3382
1983-07-01,313.7583
1983-07-02,316.44766
1983-07-03,495.94913
1983-07-04,591.60583
1983-07-05,232.63936
1983-07-06,231.23465
1983-07-07,223.59848
1983-07-08,245.50467
1983-07-09,251.70197
1983-07-10,375.77972
1983-07-11,443.22116
1983-07-12,277.07037
1983-07-13,237.63036
1983-07-14,101.88952
1983-07-15,68.159424
1983-07-16,114.73308
1983-07-17,458.74594
1983-07-18,661.7809
1983-07-19,212.15392
1983-07-20,94.68713
1983-07-21,103.05783
1983-07-22,101.53271
1983-07-23,152.07085
1983-07-24,132.86198
1983-07-25,134.77199
1983-07-26,58.627617
1983-07-27,51.97623
1983-07-28,75.43955
1983-07-29,166.05078
1983-07-30,441.55466
1983-07-31,652.8849
1983-08-01,441.0175
1983-08-02,421.78152
1983-08-03,340.74966
1983-08-04,503.5303
1983-08-05,624.39545
1983-08-06,467.85806
1983-08-07,554.8624
1983-08-08,621.16125
1983-08-09,604.54285
1983-08-10,239.97926
1983-08-11,81.85926
1983-08-12,146.05566
1983-08-13,219.69847
1983-08-14,228.3088
1983-08-15,243.92871
1983-08-16,116.56169
1983-08-17,90.83146
1983-08-18,56.51249
1983-08-19,101.37377
1983-08-20,198.11885
1983-08-21,226.65344
1983-08-22,188.27853
1983-08-23,158.06601
1983-08-24,220.60239
1983-08-25,460.2387
1983-08-26,711.37006
1983-08-27,458.54782
1983-08-28,349.944
1983-08-29,307.342
1983-08-30,258.04245
1983-08-31,269.23022
1983-09-01,241.17638
1983-09-02,211.01344
1983-09-03,222.19423
1983-09-04,197.83246
1983-09-05,200.50206
1983-09-06,228.86084
1983-09-07,316.13278
1983-09-08,289.65384
1983-09-09,355.3579
1983-09-10,404.7092
1983-09-11,327.29605
1983-09-12,317.93146
1983-09-13,460.74008
1983-09-14,564.5842
1983-09-15,248.04866
1983-09-16,253.20949
1983-09-17,347.3124
1983-09-18,369.26172
1983-09-19,285.45328
1983-09-20,252.65262
1983-09-21,333.17786
1983-09-22,466.54648
1983-09-23,377.91708
1983-09-24,322.11
1983-09-25,370.1916
1983-09-26,477.1757
1983-09-27,383.1498
1983-09-28,210.31938
1983-09-29,135.24779
1983-09-30,155.45213
1983-10-01,203.34529
1983-10-02,235.73415
1983-10-03,252.32834
1983-10-04,279.41614
1983-10-05,367.62167
1983-10-06,493.7686
1983-10-07,733.93933
1983-10-08,736.71533
1983-10-09,217.13667
1983-10-10,215.45825
1983-10-11,195.9792
1983-10-12,175.29909
1983-10-13,286.04364
1983-10-14,299.98596
1983-10-15,263.2285
1983-10-16,395.1848
1983-10-17,312.13025
1983-10-18,96.90985
1983-10-19,59.093815
1983-10-20,88.139084
1983-10-21,84.57779
1983-10-22,69.700615
1983-10-23,45.72091
1983-10-24,61.016994
1983-10-25,138.66965
1983-10-26,178.67978
1983-10-27,115.61433
1983-10-28,145.34778
1983-10-29,206.15108
1983-10-30,276.94583
1983-10-31,310.51627
1983-11-01,166.22365
1983-11-02,83.3327
1983-11-03,73.49089
1983-11-04,113.09238
1983-11-05,195.12437
1983-11-06,202.12605
1983-11-07,144.16005
1983-11-08,158.6347
1983-11-09,166.90077
1983-11-10,142.62975
1983-11-11,125.26021
1983-11-12,84.03127
1983-11-13,68.46809
1983-11-14,73.32621
1983-11-15,157.55557
1983-11-16,198.42264
1983-11-17,199.31172
1983-11-18,166.72507
1983-11-19,100.91278
1983-11-20,110.6592
1983-11-21,193.33269
1983-11-22,290.9713
1983-11-23,302.64133
1983-11-24,199.75566
1983-11-25,167.72029
1983-11-26,159.717
1983-11-27,192.39014
1983-11-28,202.33205
1983-11-29,184.47739
1983-11-30,319.94812
1983-12-01,285.75815
1983-12-02,149.21512
1983-12-03,108.177826
1983-12-04,110.191246
1983-12-05,159.39828
1983-12-06,212.50687
1983-12-07,178.63147
1983-12-08,263.2298
1983-12-09,191.82265
1983-12-10,200.37683
1983-12-11,280.17972
1983-12-12,177.72723
1983-12-13,108.58204
1983-12-14,91.73721
1983-12-15,113.17811
1983-12-16,165.12703
1983-12-17,167.26714
1983-12-18,151.27762
1983-12-19,124.10456
1983-12-20,130.0933
1983-12-21,225.32047
1983-12-22,215.30493
1983-12-23,222.7657
1983-12-24,262.5117
1983-12-25,224.06181
1983-12-26,166.68556
1983-12-27,175.44534
1983-12-28,228.35721
1983-12-29,218.00768
1983-12-30,163.72491
1983-12-31,156.622
1984-01-01,151.41225
1984-01-02,173.7487
1984-01-03,159.83446
1984-01-04,199.76219
1984-01-05,181.37231
1984-01-06,271.94583
1984-01-07,219.84003
1984-01-08,123.317635
1984-01-09,211.12155
1984-01-10,232.96852
1984-01-11,188.28119
1984-01-12,196.25325
1984-01-13,164.97723
1984-01-14,130.94772
1984-01-15,164.32352
1984-01-16,178.37909
1984-01-17,172.48094
1984-01-18,237.8186
1984-01-19,342.63736
1984-01-20,309.85315
1984-01-21,277.2402
1984-01-22,246.18791
1984-01-23,317.97775
1984-01-24,269.81305
1984-01-25,183.61699
1984-01-26,167.20073
1984-01-27,130.7634
1984-01-28,122.52491
1984-01-29,299.00027
1984-01-30,356.70178
1984-01-31,233.30501
1984-02-01,153.40877
1984-02-02,174.04378
1984-02-03,255.14963
1984-02-04,294.74838
1984-02-05,276.77026
1984-02-06,252.5676
1984-02-07,340.24442
1984-02-08,356.80908
1984-02-09,287.21506
1984-02-10,243.44604
1984-02-11,235.51297
1984-02-12,236.14018
1984-02-13,248.81151
1984-02-14,253.26326
1984-02-15,231.2243
1984-02-16,250.93953
1984-02-17,286.52158
1984-02-18,233.70346
1984-02-19,271.4842
1984-02-20,395.2337
1984-02-21,436.87466
1984-02-22,362.2074
1984-02-23,336.9332
1984-02-24,377.03516
1984-02-25,443.61298
1984-02-26,455.52402
1984-02-27,352.2747
1984-02-28,277.14957
1984-02-29,234.37228
1984-03-01,344.63788
1984-03-02,352.19537
1984-03-03,356.63306
1984-03-04,433.45798
1984-03-05,363.21753
1984-03-06,326.82697
1984-03-07,361.5426
1984-03-08,452.53333
1984-03-09,370.88535
1984-03-10,312.02078
1984-03-11,206.87354
1984-03-12,137.72734
1984-03-13,146.68471
1984-03-14,137.82552
1984-03-15,106.945244
1984-03-16,219.9637
1984-03-17,222.86877
1984-03-18,244.88303
1984-03-19,332.87045
1984-03-20,240.01685
1984-03-21,103.0323
1984-03-22,107.89026
1984-03-23,170.9651
1984-03-24,223.97522
1984-03-25,189.55202
1984-03-26,220.5677
1984-03-27,260.7374
1984-03-28,273.02194
1984-03-29,250.22136
1984-03-30,375.10052
1984-03-31,484.3492
1984-04-01,591.8477
1984-04-02,624.36835
1984-04-03,244.77792
1984-04-04,170.31796
1984-04-05,199.71228
1984-04-06,230.49988
1984-04-07,208.77396
1984-04-08,341.15417
1984-04-09,405.66095
1984-04-10,344.08337
1984-04-11,272.5709
1984-04-12,311.16794
1984-04-13,287.89758
1984-04-14,268.92776
1984-04-15,327.51602
1984-04-16,326.4423
1984-04-17,493.38928
1984-04-18,493.71606
1984-04-19,338.6985
1984-04-20,207.59148
1984-04-21,191.04576
1984-04-22,185.2202
1984-04-23,209.95375
1984-04-24,258.62213
1984-04-25,260.03342
1984-04-26,310.3054
1984-04-27,327.11673
1984-04-28,232.08098
1984-04-29,193.79716
1984-04-30,203.94391
1984-05-01,160.3253
1984-05-02,119.10079
1984-05-03,95.67444
1984-05-04,102.19122
1984-05-05,111.10358
1984-05-06,156.42273
1984-05-07,257.8742
1984-05-08,331.8757
1984-05-09,257.78052
1984-05-10,164.03062
1984-05-11,133.50888
1984-05-12,134.28265
1984-05-13,162.18544
1984-05-14,184.8993
1984-05-15,133.02579
1984-05-16,90.70127
1984-05-17,123.2527
1984-05-18,162.8175
1984-05-19,164.53963
1984-05-20,218.95277
1984-05-21,234.62729
1984-05-22,297.04434
1984-05-23,375.10617
1984-05-24,373.55734
1984-05-25,215.75125
1984-05-26,344.87057
1984-05-27,300.84998
1984-05-28,221.6412
1984-05-29,209.8465
1984-05-30,191.26714
1984-05-31,207.15765
1984-06-01,237.75174
1984-06-02,328.43338
1984-06-03,426.047
1984-06-04,504.1426
1984-06-05,524.23285
1984-06-06,433.13962
1984-06-07,413.32828
1984-06-08,621.6812
1984-06-09,754.3904
1984-06-10,501.0982
1984-06-11,236.64308
1984-06-12,289.05435
1984-06-13,257.47498
1984-06-14,273.76962
1984-06-15,388.84082
1984-06-16,495.18506
1984-06-17,502.61646
1984-06-18,513.0044
1984-06-19,508.27917
1984-06-20,538.1104
1984-06-21,394.32635
1984-06-22,228.28043
1984-06-23,271.29633
1984-06-24,283.55695
1984-06-25,327.33975
1984-06-26,341.64597
1984-06-27,259.25067
1984-06-28,250.4536
1984-06-29,320.6762
1984-06-30,349.69562
1984-07-01,369.5003
1984-07-02,411.87918
1984-07-03,275.70654
1984-07-04,237.26755
1984-07-05,208.39862
1984-07-06,235.19922
1984-07-07,290.7997
1984-07-08,225.68541
1984-07-09,273.03503
1984-07-10,386.0331
1984-07-11,331.8244
1984-07-12,294.29648
1984-07-13,221.234
1984-07-14,310.07492
1984-07-15,400.36407
1984-07-16,390.41965
1984-07-17,352.91537
1984-07-18,357.89792
1984-07-19,260.53412
1984-07-20,179.65958
1984-07-21,158.03691
1984-07-22,423.10104
1984-07-23,638.9849
1984-07-24,422.24713
1984-07-25,340.53305
1984-07-26,346.94586
1984-07-27,270.00446
1984-07-28,237.19595
1984-07-29,160.97575
1984-07-30,273.65286
1984-07-31,243.4056
1984-08-01,222.45172
1984-08-02,239.36378
1984-08-03,184.3157
1984-08-04,173.55464
1984-08-05,226.81529
1984-08-06,228.76848
1984-08-07,217.42113
1984-08-08,163.54546
1984-08-09,192.42433
1984-08-10,361.84668
1984-08-11,458.881
1984-08-12,374.75534
1984-08-13,354.03476
1984-08-14,322.40765
1984-08-15,138.1364
1984-08-16,101.05058
1984-08-17,133.62444
1984-08-18,350.6457
1984-08-19,445.41757
1984-08-20,169.46783
1984-08-21,132.26054
1984-08-22,123.73623
1984-08-23,115.871056
1984-08-24,150.81136
1984-08-25,166.6659
1984-08-26,121.389885
1984-08-27,169.79015
1984-08-28,307.51984
1984-08-29,285.07245
1984-08-30,337.01376
1984-08-31,336.14297
1984-09-01,207.5267
1984-09-02,175.14755
1984-09-03,300.88702
1984-09-04,372.8317
1984-09-05,319.86804
1984-09-06,204.26883
1984-09-07,213.56503
1984-09-08,308.51263
1984-09-09,328.51587
1984-09-10,238.74074
1984-09-11,236.0274
1984-09-12,206.9783
1984-09-13,213.36292
1984-09-14,301.47308
1984-09-15,323.23663
1984-09-16,214.0602
1984-09-17,168.07553
1984-09-18,238.74313
1984-09-19,285.13028
1984-09-20,348.831
1984-09-21,227.53773
1984-09-22,361.83902
1984-09-23,433.35648
1984-09-24,290.70117
1984-09-25,191.69487
1984-09-26,92.7667
1984-09-27,85.6601
1984-09-28,125.732704
1984-09-29,157.75882
1984-09-30,214.62257
1984-10-01,253.06383
1984-10-02,205.11447
1984-10-03,205.1936
1984-10-04,183.24763
1984-10-05,117.83286
1984-10-06,154.84058
1984-10-07,192.01443
1984-10-08,166.84268
1984-10-09,198.60538
1984-10-10,155.73706
1984-10-11,129.088
1984-10-12,242.27687
1984-10-13,336.2226
1984-10-14,309.79556
1984-10-15,325.9074
1984-10-16,316.3788
1984-10-17,293.74094
1984-10-18,239.35464
1984-10-19,198.50885
1984-10-20,187.21394
1984-10-21,203.35774
1984-10-22,237.65083
1984-10-23,204.59694
1984-10-24,169.2206
1984-10-25,152.2655
1984-10-26,158.09052
1984-10-27,189.76407
1984-10-28,283.81366
1984-10-29,280.0974
1984-10-30,159.8619
1984-10-31,123.66249
1984-11-01,122.53297
1984-11-02,126.186646
1984-11-03,93.55565
1984-11-04,63.317238
1984-11-05,65.365715
1984-11-06,119.51708
1984-11-07,190.92159
1984-11-08,166.9304
1984-11-09,81.38275
1984-11-10,47.00772
1984-11-11,66.07775
1984-11-12,119.6008
1984-11-13,164.80649
1984-11-14,242.1634
1984-11-15,205.5307
1984-11-16,169.3518
1984-11-17,190.01654
1984-11-18,221.6901
1984-11-19,221.32622
1984-11-20,275.51578
1984-11-21,364.00803
1984-11-22,325.06985
1984-11-23,273.58862
1984-11-24,246.49301
1984-11-25,215.89316
1984-11-26,206.78195
1984-11-27,237.8692
1984-11-28,304.05157
1984-11-29,337.1866
1984-11-30,266.9204
1984-12-01,181.96358
1984-12-02,163.14018
1984-12-03,162.52913
1984-12-04,135.67813
1984-12-05,174.09087
1984-12-06,191.5235
1984-12-07,128.5013
1984-12-08,105.37226
1984-12-09,129.12885
1984-12-10,124.144005
1984-12-11,106.51777
1984-12-12,132.86478
1984-12-13,108.715744
1984-12-14,80.043884
1984-12-15,102.92301
1984-12-16,133.82228
1984-12-17,180.6305
1984-12-18,128.87962
1984-12-19,187.9132
1984-12-20,237.90234
1984-12-21,183.20497
1984-12-22,212.24455
1984-12-23,239.26561
1984-12-24,237.46928
1984-12-25,173.87437
1984-12-26,129.29094
1984-12-27,106.487144
1984-12-28,152.99121
1984-12-29,344.6746
1984-12-30,418.50595
1984-12-31,190.38701
1985-01-01,111.07864
1985-01-02,116.676704
1985-01-03,92.522026
1985-01-04,102.1643
1985-01-05,143.66617
1985-01-06,155.45549
1985-01-07,105.91821
1985-01-08,121.50886
1985-01-09,369.94553
1985-01-10,270.37964
1985-01-11,125.39994
1985-01-12,115.79374
1985-01-13,121.35141
1985-01-14,135.31534
1985-01-15,101.617134
1985-01-16,122.4905
1985-01-17,139.37785
1985-01-18,113.60106
1985-01-19,113.1868
1985-01-20,134.53183
1985-01-21,170.47137
1985-01-22,153.2571
1985-01-23,155.89674
1985-01-24,145.43898
1985-01-25,194.14685
1985-01-26,277.60284
1985-01-27,283.75354
1985-01-28,291.33902
1985-01-29,190.66876
1985-01-30,128.9973
1985-01-31,148.74522
1985-02-01,189.04152
1985-02-02,146.43027
1985-02-03,149.63629
1985-02-04,181.4063
1985-02-05,172.15742
1985-02-06,146.21822
1985-02-07,198.71101
1985-02-08,304.1236
1985-02-09,356.86798
1985-02-10,445.0056
1985-02-11,457.53146
1985-02-12,382.17435
1985-02-13,351.957
1985-02-14,304.74814
1985-02-15,233.55806
1985-02-16,178.04466
1985-02-17,135.59514
1985-02-18,94.0221
1985-02-19,120.64828
1985-02-20,160.71494
1985-02-21,156.74951
1985-02-22,182.97601
1985-02-23,223.18117
1985-02-24,258.80182
1985-02-25,243.33144
1985-02-26,231.45918
1985-02-27,191.77815
1985-02-28,139.30803
1985-03-01,139.12457
1985-03-02,145.30472
1985-03-03,233.1701
1985-03-04,312.77408
1985-03-05,381.6952
1985-03-06,487.8745
1985-03-07,493.58295
1985-03-08,326.07373
1985-03-09,262.23663
1985-03-10,333.32922
1985-03-11,349.04944
1985-03-12,299.47607
1985-03-13,255.65079
1985-03-14,318.0273
1985-03-15,211.44368
1985-03-16,98.28297
1985-03-17,89.561195
1985-03-18,83.72459
1985-03-19,114.95056
1985-03-20,110.71024
1985-03-21,85.721695
1985-03-22,72.869835
1985-03-23,60.998016
1985-03-24,55.813034
1985-03-25,54.90923
1985-03-26,55.192596
1985-03-27,56.70461
1985-03-28,80.211555
1985-03-29,98.31915
1985-03-30,109.71324
1985-03-31,147.14304
1985-04-01,291.8202
1985-04-02,285.92914
1985-04-03,110.90589
1985-04-04,80.97269
1985-04-05,82.13605
1985-04-06,145.79552
1985-04-07,377.721
1985-04-08,406.43585
1985-04-09,185.46579
1985-04-10,254.07709
1985-04-11,258.02985
1985-04-12,271.467
1985-04-13,266.0318
1985-04-14,273.03488
1985-04-15,276.85037
1985-04-16,213.75137
1985-04-17,200.22421
1985-04-18,116.02849
1985-04-19,151.22914
1985-04-20,186.25623
1985-04-21,181.12021
1985-04-22,210.82074
1985-04-23,215.29736
1985-04-24,153.15332
1985-04-25,305.98068
1985-04-26,309.13193
1985-04-27,189.89908
1985-04-28,127.19376
1985-04-29,118.45776
1985-04-30,112.25914
1985-05-01,95.01026
1985-05-02,79.36933
1985-05-03,68.985954
1985-05-04,75.841736
1985-05-05,110.077484
1985-05-06,180.01645
1985-05-07,246.19469
1985-05-08,274.73737
1985-05-09,282.3815
1985-05-10,257.86978
1985-05-11,257.2237
1985-05-12,304.61703
1985-05-13,250.68292
1985-05-14,218.84297
1985-05-15,240.19592
1985-05-16,305.24722
1985-05-17,278.26685
1985-05-18,268.48123
1985-05-19,255.6219
1985-05-20,291.74872
1985-05-21,396.9612
1985-05-22,381.83646
1985-05-23,308.0953
1985-05-24,328.02243
1985-05-25,425.48068
1985-05-26,469.4499
1985-05-27,588.86804
1985-05-28,644.6139
1985-05-29,613.73425
1985-05-30,780.8602
1985-05-31,641.7172
1985-06-01,418.99814
1985-06-02,438.0413
1985-06-03,625.7849
1985-06-04,599.1706
1985-06-05,326.20212
1985-06-06,329.0346
1985-06-07,294.507
1985-06-08,305.64944
1985-06-09,329.7584
1985-06-10,274.58743
1985-06-11,95.938515
1985-06-12,70.722015
1985-06-13,81.26547
1985-06-14,133.96071
1985-06-15,133.51952
1985-06-16,65.89585
1985-06-17,62.505573
1985-06-18,106.39365
1985-06-19,236.23172
1985-06-20,236.11583
1985-06-21,103.23329
1985-06-22,79.075485
1985-06-23,130.36577
1985-06-24,207.35306
1985-06-25,182.04675
1985-06-26,192.85413
1985-06-27,496.41003
1985-06-28,536.8885
1985-06-29,229.97725
1985-06-30,451.42032
1985-07-01,883.0288
1985-07-02,649.921
1985-07-03,277.9448
1985-07-04,239.89815
1985-07-05,168.26097
1985-07-06,209.39758
1985-07-07,276.41672
1985-07-08,295.97333
1985-07-09,308.8952
1985-07-10,295.45932
1985-07-11,257.02893
1985-07-12,327.07944
1985-07-13,315.73938
1985-07-14,157.04745
1985-07-15,204.61266
1985-07-16,252.50317
1985-07-17,270.40717
1985-07-18,259.9385
1985-07-19,244.32803
1985-07-20,242.37971
1985-07-21,284.45602
1985-07-22,294.98972
1985-07-23,238.59225
1985-07-24,194.8254
1985-07-25,125.996
1985-07-26,199.75974
1985-07-27,299.04947
1985-07-28,297.60907
1985-07-29,316.71448
1985-07-30,303.1717
1985-07-31,446.98383
1985-08-01,591.97955
1985-08-02,375.64877
1985-08-03,314.23016
1985-08-04,260.7346
1985-08-05,162.82216
1985-08-06,246.5514
1985-08-07,267.8762
1985-08-08,358.83368
1985-08-09,432.86237
1985-08-10,357.00754
1985-08-11,374.1493
1985-08-12,432.36392
1985-08-13,476.06335
1985-08-14,288.08862
1985-08-15,139.32079
1985-08-16,245.81975
1985-08-17,349.5347
1985-08-18,377.60535
1985-08-19,368.3644
1985-08-20,375.29898
1985-08-21,422.90588
1985-08-22,366.45276
1985-08-23,454.43127
1985-08-24,440.74792
1985-08-25,229.90947
1985-08-26,278.73734
1985-08-27,197.20834
1985-08-28,122.6681
1985-08-29,166.4775
1985-08-30,235.78888
1985-08-31,289.93314
1985-09-01,339.80148
1985-09-02,314.2757
1985-09-03,243.31447
1985-09-04,214.21237
1985-09-05,353.3869
1985-09-06,445.15875
1985-09-07,528.0859
1985-09-08,637.0207
1985-09-09,369.15433
1985-09-10,184.46559
1985-09-11,146.44238
1985-09-12,211.56761
1985-09-13,278.1334
1985-09-14,218.1505
1985-09-15,218.57936
1985-09-16,239.9414
1985-09-17,261.71643
1985-09-18,193.27734
1985-09-19,158.88722
1985-09-20,163.95255
1985-09-21,180.05894
1985-09-22,211.61069
1985-09-23,220.70876
1985-09-24,200.92644
1985-09-25,157.18877
1985-09-26,156.89774
1985-09-27,244.83516
1985-09-28,293.19003
1985-09-29,281.59253
1985-09-30,184.17522
1985-10-01,157.14822
1985-10-02,148.01454
1985-10-03,154.72542
1985-10-04,257.95627
1985-10-05,348.2561
1985-10-06,359.91287
1985-10-07,300.05618
1985-10-08,165.13425
1985-10-09,200.1257
1985-10-10,219.15817
1985-10-11,191.1051
1985-10-12,229.2961
1985-10-13,223.04381
1985-10-14,190.87563
1985-10-15,195.71075
1985-10-16,153.16977
1985-10-17,129.00658
1985-10-18,191.12105
1985-10-19,152.90887
1985-10-20,133.04143
1985-10-21,232.46904
1985-10-22,218.94617
1985-10-23,80.89247
1985-10-24,72.472725
1985-10-25,73.206505
1985-10-26,71.7746
1985-10-27,73.086784
1985-10-28,86.76178
1985-10-29,145.87169
1985-10-30,178.2554
1985-10-31,144.21866
1985-11-01,84.71622
1985-11-02,71.947845
1985-11-03,53.773712
1985-11-04,32.85304
1985-11-05,149.43962
1985-11-06,150.98604
1985-11-07,66.85969
1985-11-08,111.60598
1985-11-09,178.20815
1985-11-10,174.93959
1985-11-11,124.515785
1985-11-12,86.95423
1985-11-13,111.42345
1985-11-14,165.62708
1985-11-15,185.21533
1985-11-16,164.33987
1985-11-17,168.07341
1985-11-18,219.8823
1985-11-19,230.79306
1985-11-20,216.28423
1985-11-21,202.18861
1985-11-22,259.32773
1985-11-23,285.83356
1985-11-24,201.2252
1985-11-25,128.61292
1985-11-26,114.3647
1985-11-27,104.19312
1985-11-28,123.65042
1985-11-29,101.97956
1985-11-30,100.986855
1985-12-01,171.17488
1985-12-02,187.85762
1985-12-03,144.55795
1985-12-04,112.59529
1985-12-05,66.86723
1985-12-06,192.22571
1985-12-07,176.6469
1985-12-08,147.3383
1985-12-09,119.778824
1985-12-10,136.17896
1985-12-11,174.73326
1985-12-12,163.02422
1985-12-13,172.46968
1985-12-14,138.35481
1985-12-15,128.00745
1985-12-16,152.2215
1985-12-17,141.32431
1985-12-18,128.3
1985-12-19,206.87776
1985-12-20,221.59724
1985-12-21,97.5838
1985-12-22,101.70033
1985-12-23,84.75999
1985-12-24,77.9999
1985-12-25,95.240746
1985-12-26,95.98375
1985-12-27,225.4954
1985-12-28,297.61505
1985-12-29,447.98813
1985-12-30,426.72342
1985-12-31,264.87326
1986-01-01,154.6922
1986-01-02,111.50792
1986-01-03,121.70053
1986-01-04,172.5754
1986-01-05,205.32283
1986-01-06,172.53986
1986-01-07,299.645
1986-01-08,228.74866
1986-01-09,191.62024
1986-01-10,178.00543
1986-01-11,135.36555
1986-01-12,143.51784
1986-01-13,169.25206
1986-01-14,157.954
1986-01-15,175.0921
1986-01-16,209.52205
1986-01-17,153.3251
1986-01-18,209.29527
1986-01-19,291.2777
1986-01-20,224.58546
1986-01-21,186.79228
1986-01-22,189.46466
1986-01-23,151.17862
1986-01-24,144.73547
1986-01-25,217.32877
1986-01-26,267.87885
1986-01-27,304.94415
1986-01-28,354.961
1986-01-29,293.79935
1986-01-30,223.91806
1986-01-31,184.50223
1986-02-01,203.76183
1986-02-02,124.64804
1986-02-03,96.76449
1986-02-04,193.6787
1986-02-05,391.3619
1986-02-06,259.3221
1986-02-07,123.89382
1986-02-08,128.76555
1986-02-09,114.90172
1986-02-10,162.0011
1986-02-11,206.06313
1986-02-12,143.91202
1986-02-13,256.67853
1986-02-14,485.12173
1986-02-15,332.7974
1986-02-16,282.5628
1986-02-17,217.69278
1986-02-18,366.30264
1986-02-19,479.86328
1986-02-20,221.40936
1986-02-21,132.31729
1986-02-22,119.070076
1986-02-23,115.81575
1986-02-24,124.10561
1986-02-25,125.624916
1986-02-26,184.97717
1986-02-27,165.65938
1986-02-28,123.9022
1986-03-01,94.3339
1986-03-02,79.40922
1986-03-03,115.92864
1986-03-04,113.15304
1986-03-05,184.23433
1986-03-06,157.46269
1986-03-07,103.39266
1986-03-08,146.30128
1986-03-09,144.33513
1986-03-10,132.17737
1986-03-11,120.800804
1986-03-12,238.71423
1986-03-13,212.13692
1986-03-14,148.4999
1986-03-15,124.51205
1986-03-16,92.47646
1986-03-17,116.208305
1986-03-18,104.18838
1986-03-19,114.3764
1986-03-20,216.09636
1986-03-21,333.0541
1986-03-22,356.6859
1986-03-23,295.69058
1986-03-24,307.60123
1986-03-25,254.24777
1986-03-26,218.01796
1986-03-27,332.05984
1986-03-28,368.4146
1986-03-29,336.44833
1986-03-30,372.0201
1986-03-31,426.62744
1986-04-01,411.615
1986-04-02,386.2461
1986-04-03,392.9532
1986-04-04,313.5054
1986-04-05,221.41367
1986-04-06,336.61398
1986-04-07,461.3725
1986-04-08,369.95538
1986-04-09,214.01076
1986-04-10,302.60876
1986-04-11,360.15033
1986-04-12,354.64236
1986-04-13,393.6925
1986-04-14,384.68604
1986-04-15,438.16577
1986-04-16,460.4503
1986-04-17,361.2958
1986-04-18,335.8518
1986-04-19,306.3584
1986-04-20,293.7878
1986-04-21,261.14536
1986-04-22,264.49057
1986-04-23,278.2301
1986-04-24,272.19904
1986-04-25,304.44064
1986-04-26,281.7705
1986-04-27,184.0127
1986-04-28,203.72864
1986-04-29,242.8383
1986-04-30,288.20367
1986-05-01,389.5505
1986-05-02,408.76315
1986-05-03,370.8578
1986-05-04,306.7729
1986-05-05,225.83846
1986-05-06,188.49324
1986-05-07,144.71037
1986-05-08,105.81901
1986-05-09,110.64003
1986-05-10,113.82011
1986-05-11,114.026726
1986-05-12,128.79964
1986-05-13,165.47163
1986-05-14,191.09457
1986-05-15,157.48082
1986-05-16,151.404
1986-05-17,170.5325
1986-05-18,152.21072
1986-05-19,124.76861
1986-05-20,165.45833
1986-05-21,277.60754
1986-05-22,385.20297
1986-05-23,406.4206
1986-05-24,440.69788
1986-05-25,396.8115
1986-05-26,342.29428
1986-05-27,333.97495
1986-05-28,525.99927
1986-05-29,586.8695
1986-05-30,179.5323
1986-05-31,104.00685
1986-06-01,71.5988
1986-06-02,68.23258
1986-06-03,103.46588
1986-06-04,127.75176
1986-06-05,117.159096
1986-06-06,125.83348
1986-06-07,147.02951
1986-06-08,200.98448
1986-06-09,276.24698
1986-06-10,325.2501
1986-06-11,296.12173
1986-06-12,290.39343
1986-06-13,286.80054
1986-06-14,277.0615
1986-06-15,323.00482
1986-06-16,312.1341
1986-06-17,344.90625
1986-06-18,360.2277
1986-06-19,303.94153
1986-06-20,300.6563
1986-06-21,384.35284
1986-06-22,486.08438
1986-06-23,397.5804
1986-06-24,390.3895
1986-06-25,419.93668
1986-06-26,406.77087
1986-06-27,360.3666
1986-06-28,369.0823
1986-06-29,386.2764
1986-06-30,401.93588
1986-07-01,336.05487
1986-07-02,416.83264
1986-07-03,477.91907
1986-07-04,291.63342
1986-07-05,297.28503
1986-07-06,406.7811
1986-07-07,393.20743
1986-07-08,255.81383
1986-07-09,183.56607
1986-07-10,231.41829
1986-07-11,199.47507
1986-07-12,183.8437
1986-07-13,239.11366
1986-07-14,208.23311
1986-07-15,210.8046
1986-07-16,298.83527
1986-07-17,367.56647
1986-07-18,787.3067
1986-07-19,934.9114
1986-07-20,356.16202
1986-07-21,213.6628
1986-07-22,223.17363
1986-07-23,358.85913
1986-07-24,599.6762
1986-07-25,565.1273
1986-07-26,264.51288
1986-07-27,72.27813
1986-07-28,62.48605
1986-07-29,67.10972
1986-07-30,55.55795
1986-07-31,61.37951
1986-08-01,92.71199
1986-08-02,161.85077
1986-08-03,149.51889
1986-08-04,86.39131
1986-08-05,154.25363
1986-08-06,197.00475
1986-08-07,112.87902
1986-08-08,66.755264
1986-08-09,66.55266
1986-08-10,48.228603
1986-08-11,36.52129
1986-08-12,59.094395
1986-08-13,113.041
1986-08-14,160.80637
1986-08-15,215.04674
1986-08-16,202.43474
1986-08-17,239.64212
1986-08-18,704.09265
1986-08-19,813.2174
1986-08-20,188.53137
1986-08-21,142.5543
1986-08-22,128.4168
1986-08-23,135.9446
1986-08-24,100.41431
1986-08-25,138.94682
1986-08-26,189.78128
1986-08-27,198.25154
1986-08-28,268.69888
1986-08-29,266.8618
1986-08-30,320.33417
1986-08-31,497.20984
1986-09-01,470.0941
1986-09-02,227.41425
1986-09-03,176.13008
1986-09-04,179.9051
1986-09-05,252.98947
1986-09-06,281.104
1986-09-07,178.88806
1986-09-08,83.01674
1986-09-09,85.52657
1986-09-10,84.249756
1986-09-11,42.817192
1986-09-12,81.173096
1986-09-13,161.01067
1986-09-14,183.14174
1986-09-15,178.87056
1986-09-16,118.29108
1986-09-17,73.74397
1986-09-18,80.20446
1986-09-19,73.44717
1986-09-20,91.215775
1986-09-21,148.54831
1986-09-22,235.9706
1986-09-23,386.57236
1986-09-24,489.1583
1986-09-25,362.43848
1986-09-26,268.43762
1986-09-27,242.58752
1986-09-28,307.21127
1986-09-29,257.84988
1986-09-30,134.38435
1986-10-01,140.887
1986-10-02,216.90224
1986-10-03,220.48225
1986-10-04,176.12372
1986-10-05,146.4571
1986-10-06,188.65956
1986-10-07,238.40135
1986-10-08,304.6539
1986-10-09,288.72482
1986-10-10,204.7141
1986-10-11,182.23671
1986-10-12,210.2748
1986-10-13,146.33441
1986-10-14,102.99006
1986-10-15,149.63147
1986-10-16,137.38454
1986-10-17,83.246216
1986-10-18,149.4483
1986-10-19,253.93237
1986-10-20,251.27199
1986-10-21,174.4994
1986-10-22,132.23813
1986-10-23,196.37401
1986-10-24,284.9198
1986-10-25,320.0835
1986-10-26,409.43326
1986-10-27,330.90662
1986-10-28,279.022
1986-10-29,217.43369
1986-10-30,219.66534
1986-10-31,190.83026
1986-11-01,113.73429
1986-11-02,153.47375
1986-11-03,153.07132
1986-11-04,288.73038
1986-11-05,289.0409
1986-11-06,119.364746
1986-11-07,146.46832
1986-11-08,195.87416
1986-11-09,279.4703
1986-11-10,291.59714
1986-11-11,139.59216
1986-11-12,92.54705
1986-11-13,154.25046
1986-11-14,232.11893
1986-11-15,156.64159
1986-11-16,131.06966
1986-11-17,124.590614
1986-11-18,103.204
1986-11-19,120.33773
1986-11-20,192.67569
1986-11-21,261.78256
1986-11-22,209.14014
1986-11-23,209.81166
1986-11-24,182.53188
1986-11-25,160.89052
1986-11-26,144.56729
1986-11-27,92.68765
1986-11-28,144.72156
1986-11-29,234.81667
1986-11-30,164.12578
1986-12-01,107.28735
1986-12-02,98.450905
1986-12-03,78.98894
1986-12-04,76.492455
1986-12-05,96.98741
1986-12-06,210.48584
1986-12-07,316.24817
1986-12-08,212.96622
1986-12-09,168.64227
1986-12-10,223.45634
1986-12-11,289.54373
1986-12-12,326.2345
1986-12-13,239.41032
1986-12-14,221.9995
1986-12-15,185.56741
1986-12-16,124.00487
1986-12-17,108.333565
1986-12-18,90.21902
1986-12-19,107.77999
1986-12-20,108.18689
1986-12-21,101.117485
1986-12-22,118.10995
1986-12-23,153.59569
1986-12-24,227.43274
1986-12-25,273.48694
1986-12-26,200.30194
1986-12-27,124.44259
1986-12-28,218.58913
1986-12-29,247.52043
1986-12-30,116.154205
1986-12-31,105.10417
1987-01-01,115.18726
1987-01-02,150.54909
1987-01-03,136.44884
1987-01-04,109.946724
1987-01-05,127.983444
1987-01-06,132.38812
1987-01-07,122.29189
1987-01-08,268.67078
1987-01-09,300.97034
1987-01-10,166.54875
1987-01-11,172.46089
1987-01-12,230.30441
1987-01-13,237.95024
1987-01-14,261.65158
1987-01-15,316.85788
1987-01-16,260.4853
1987-01-17,225.3589
1987-01-18,142.11263
1987-01-19,175.08746
1987-01-20,257.83084
1987-01-21,266.54205
1987-01-22,280.77966
1987-01-23,291.28818
1987-01-24,202.56651
1987-01-25,123.47686
1987-01-26,107.42266
1987-01-27,129.63197
1987-01-28,217.66136
1987-01-29,204.19353
1987-01-30,164.48999
1987-01-31,149.24193
1987-02-01,116.635284
1987-02-02,94.529526
1987-02-03,144.2131
1987-02-04,291.21344
1987-02-05,321.46255
1987-02-06,294.31445
1987-02-07,257.88986
1987-02-08,169.44737
1987-02-09,205.50124
1987-02-10,199.67159
1987-02-11,184.55725
1987-02-12,184.78612
1987-02-13,187.40106
1987-02-14,189.43602
1987-02-15,203.15279
1987-02-16,211.33083
1987-02-17,164.65074
1987-02-18,186.33395
1987-02-19,225.60565
1987-02-20,235.42943
1987-02-21,208.82097
1987-02-22,146.58386
1987-02-23,136.56813
1987-02-24,156.44507
1987-02-25,125.55295
1987-02-26,88.39116
1987-02-27,82.76989
1987-02-28,101.982086
1987-03-01,189.83453
1987-03-02,305.11636
1987-03-03,228.37967
1987-03-04,162.00414
1987-03-05,125.6786
1987-03-06,94.7609
1987-03-07,109.65505
1987-03-08,123.53591
1987-03-09,111.36668
1987-03-10,181.86996
1987-03-11,125.35349
1987-03-12,75.38942
1987-03-13,174.3192
1987-03-14,210.21063
1987-03-15,144.39769
1987-03-16,210.24002
1987-03-17,260.84906
1987-03-18,277.12195
1987-03-19,252.79964
1987-03-20,238.25711
1987-03-21,151.15437
1987-03-22,180.84552
1987-03-23,197.943
1987-03-24,196.9697
1987-03-25,256.6346
1987-03-26,228.42737
1987-03-27,188.57706
1987-03-28,168.65425
1987-03-29,248.12521
1987-03-30,150.14583
1987-03-31,150.18655
1987-04-01,147.37236
1987-04-02,117.62348
1987-04-03,182.88489
1987-04-04,292.66364
1987-04-05,305.03836
1987-04-06,326.56628
1987-04-07,260.9909
1987-04-08,216.207
1987-04-09,293.96735
1987-04-10,285.5533
1987-04-11,366.35538
1987-04-12,575.2782
1987-04-13,586.9204
1987-04-14,426.22443
1987-04-15,403.79462
1987-04-16,323.9206
1987-04-17,218.2639
1987-04-18,178.64153
1987-04-19,222.02248
1987-04-20,328.28198
1987-04-21,269.35767
1987-04-22,294.0566
1987-04-23,341.3069
1987-04-24,327.85217
1987-04-25,382.1721
1987-04-26,334.65576
1987-04-27,420.22003
1987-04-28,250.135
1987-04-29,211.26588
1987-04-30,227.28249
1987-05-01,268.05673
1987-05-02,295.46353
1987-05-03,216.08429
1987-05-04,195.67297
1987-05-05,669.4275
1987-05-06,622.9675
1987-05-07,335.11047
1987-05-08,317.74176
1987-05-09,249.0204
1987-05-10,390.66507
1987-05-11,460.45618
1987-05-12,472.36475
1987-05-13,380.99597
1987-05-14,252.60535
1987-05-15,453.2185
1987-05-16,689.6072
1987-05-17,784.97217
1987-05-18,617.6309
1987-05-19,390.35706
1987-05-20,167.84822
1987-05-21,215.93677
1987-05-22,249.23442
1987-05-23,177.27838
1987-05-24,319.8438
1987-05-25,211.1987
1987-05-26,132.48788
1987-05-27,292.3002
1987-05-28,374.67215
1987-05-29,340.06918
1987-05-30,304.12747
1987-05-31,128.9605
1987-06-01,115.038826
1987-06-02,157.43782
1987-06-03,181.04222
1987-06-04,203.61755
1987-06-05,300.05392
1987-06-06,319.11508
1987-06-07,207.4735
1987-06-08,178.59862
1987-06-09,235.98692
1987-06-10,368.55396
1987-06-11,349.46915
1987-06-12,126.0791
1987-06-13,142.09958
1987-06-14,185.57759
1987-06-15,203.5374
1987-06-16,216.53297
1987-06-17,152.16084
1987-06-18,142.4386
1987-06-19,167.90706
1987-06-20,131.64337
1987-06-21,95.62692
1987-06-22,93.24477
1987-06-23,176.55525
1987-06-24,243.21254
1987-06-25,276.76035
1987-06-26,468.53394
1987-06-27,582.53613
1987-06-28,226.72284
1987-06-29,77.72166
1987-06-30,64.88514
1987-07-01,109.04866
1987-07-02,187.43552
1987-07-03,191.25267
1987-07-04,203.25508
1987-07-05,307.6503
1987-07-06,604.58875
1987-07-07,663.3095
1987-07-08,132.64886
1987-07-09,158.55032
1987-07-10,299.13937
1987-07-11,459.80035
1987-07-12,409.50385
1987-07-13,358.74796
1987-07-14,470.79935
1987-07-15,420.494
1987-07-16,345.36133
1987-07-17,412.87723
1987-07-18,525.6679
1987-07-19,384.76712
1987-07-20,215.24474
1987-07-21,116.508736
1987-07-22,131.73276
1987-07-23,197.35269
1987-07-24,211.3801
1987-07-25,143.2049
1987-07-26,213.36798
1987-07-27,438.8358
1987-07-28,544.63403
1987-07-29,237.76065
1987-07-30,196.90086
1987-07-31,227.13734
1987-08-01,313.40298
1987-08-02,634.55994
1987-08-03,794.1534
1987-08-04,476.07117
1987-08-05,394.69897
1987-08-06,252.15672
1987-08-07,177.16399
1987-08-08,220.51553
1987-08-09,281.69067
1987-08-10,380.77496
1987-08-11,428.23816
1987-08-12,324.04892
1987-08-13,272.92355
1987-08-14,299.55466
1987-08-15,221.70808
1987-08-16,178.6435
1987-08-17,229.46721
1987-08-18,171.7809
1987-08-19,395.05334
1987-08-20,489.25455
1987-08-21,270.1177
1987-08-22,230.3807
1987-08-23,172.54517
1987-08-24,83.66234
1987-08-25,66.109955
1987-08-26,78.5352
1987-08-27,101.47941
1987-08-28,149.70993
1987-08-29,298.81628
1987-08-30,393.44577
1987-08-31,310.85858
1987-09-01,413.70822
1987-09-02,415.61685
1987-09-03,533.2691
1987-09-04,504.13602
1987-09-05,267.36533
1987-09-06,302.4035
1987-09-07,247.60266
1987-09-08,138.7964
1987-09-09,202.66241
1987-09-10,221.3453
1987-09-11,216.67252
1987-09-12,204.6749
1987-09-13,195.98148
1987-09-14,289.78595
1987-09-15,257.25513
1987-09-16,171.6444
1987-09-17,182.12387
1987-09-18,263.1784
1987-09-19,253.9415
1987-09-20,154.9286
1987-09-21,181.46394
1987-09-22,358.48825
1987-09-23,407.02136
1987-09-24,238.527
1987-09-25,279.11493
1987-09-26,359.9556
1987-09-27,361.74136
1987-09-28,220.91455
1987-09-29,210.68593
1987-09-30,228.32463
1987-10-01,205.15913
1987-10-02,176.31493
1987-10-03,90.63736
1987-10-04,141.56313
1987-10-05,256.1543
1987-10-06,251.33994
1987-10-07,270.79242
1987-10-08,346.29828
1987-10-09,421.03317
1987-10-10,445.74075
1987-10-11,450.3255
1987-10-12,216.73822
1987-10-13,167.57803
1987-10-14,95.56869
1987-10-15,175.02255
1987-10-16,224.4594
1987-10-17,227.10075
1987-10-18,223.89067
1987-10-19,234.21938
1987-10-20,227.94775
1987-10-21,165.09859
1987-10-22,226.68613
1987-10-23,237.45392
1987-10-24,194.9157
1987-10-25,213.41695
1987-10-26,245.63501
1987-10-27,201.23917
1987-10-28,784.2497
1987-10-29,1018.74036
1987-10-30,421.3365
1987-10-31,209.6219
1987-11-01,147.7109
1987-11-02,188.35822
1987-11-03,145.71606
1987-11-04,113.5014
1987-11-05,123.57305
1987-11-06,168.38571
1987-11-07,208.44603
1987-11-08,317.55765
1987-11-09,266.76736
1987-11-10,155.14317
1987-11-11,216.9532
1987-11-12,241.14687
1987-11-13,273.58636
1987-11-14,310.89673
1987-11-15,227.93404
1987-11-16,268.70007
1987-11-17,291.00397
1987-11-18,172.27036
1987-11-19,164.8732
1987-11-20,270.32794
1987-11-21,345.27808
1987-11-22,286.00424
1987-11-23,179.4224
1987-11-24,114.084435
1987-11-25,136.56845
1987-11-26,189.30568
1987-11-27,349.12613
1987-11-28,236.32587
1987-11-29,95.98804
1987-11-30,91.963165
1987-12-01,147.33292
1987-12-02,308.37085
1987-12-03,289.77814
1987-12-04,305.31836
1987-12-05,271.6098
1987-12-06,305.54337
1987-12-07,157.6839
1987-12-08,130.10246
1987-12-09,184.1148
1987-12-10,264.1458
1987-12-11,199.25188
1987-12-12,217.2458
1987-12-13,234.18315
1987-12-14,198.13174
1987-12-15,282.44678
1987-12-16,313.34763
1987-12-17,267.7531
1987-12-18,201.54585
1987-12-19,208.11859
1987-12-20,257.42578
1987-12-21,270.2608
1987-12-22,474.80316
1987-12-23,524.94824
1987-12-24,296.5295
1987-12-25,225.30707
1987-12-26,470.15057
1987-12-27,512.3924
1987-12-28,182.3079
1987-12-29,153.89778
1987-12-30,176.24883
1987-12-31,186.17577
1988-01-01,169.72267
1988-01-02,217.39761
1988-01-03,228.5393
1988-01-04,163.63513
1988-01-05,156.10776
1988-01-06,130.21945
1988-01-07,118.04167
1988-01-08,121.872574
1988-01-09,191.98346
1988-01-10,239.65327
1988-01-11,214.35915
1988-01-12,126.97104
1988-01-13,138.8823
1988-01-14,140.86548
1988-01-15,157.3417
1988-01-16,251.67436
1988-01-17,306.093
1988-01-18,212.22995
1988-01-19,185.81966
1988-01-20,164.1392
1988-01-21,161.36633
1988-01-22,263.41913
1988-01-23,191.74377
1988-01-24,90.12409
1988-01-25,86.65709
1988-01-26,100.55073
1988-01-27,116.64316
1988-01-28,119.71351
1988-01-29,245.33104
1988-01-30,365.56665
1988-01-31,292.49258
1988-02-01,287.0524
1988-02-02,359.928
1988-02-03,435.60907
1988-02-04,400.73242
1988-02-05,225.9853
1988-02-06,224.67424
1988-02-07,172.2654
1988-02-08,151.51036
1988-02-09,238.73216
1988-02-10,255.03673
1988-02-11,173.28177
1988-02-12,161.52898
1988-02-13,156.99413
1988-02-14,228.02612
1988-02-15,205.86978
1988-02-16,124.547585
1988-02-17,97.86668
1988-02-18,95.94178
1988-02-19,116.68612
1988-02-20,111.83565
1988-02-21,82.89942
1988-02-22,113.8884
1988-02-23,165.27708
1988-02-24,176.52864
1988-02-25,157.75581
1988-02-26,175.26665
1988-02-27,452.05093
1988-02-28,417.8878
1988-02-29,224.93639
1988-03-01,147.12187
1988-03-02,206.95424
1988-03-03,304.09753
1988-03-04,215.64441
1988-03-05,172.92169
1988-03-06,155.00969
1988-03-07,137.42363
1988-03-08,125.46613
1988-03-09,206.17595
1988-03-10,302.83945
1988-03-11,258.25085
1988-03-12,123.186874
1988-03-13,81.35936
1988-03-14,75.852234
1988-03-15,69.64028
1988-03-16,72.6134
1988-03-17,101.23001
1988-03-18,146.77066
1988-03-19,144.36983
1988-03-20,129.60034
1988-03-21,171.87946
1988-03-22,227.39441
1988-03-23,258.92084
1988-03-24,196.23149
1988-03-25,141.86143
1988-03-26,259.40244
1988-03-27,569.19586
1988-03-28,699.3656
1988-03-29,609.9279
1988-03-30,449.10526
1988-03-31,348.28867
1988-04-01,343.71768
1988-04-02,277.17038
1988-04-03,238.45964
1988-04-04,333.1586
1988-04-05,328.52304
1988-04-06,251.85976
1988-04-07,345.78064
1988-04-08,418.17163
1988-04-09,347.11343
1988-04-10,262.93555
1988-04-11,345.96786
1988-04-12,329.32547
1988-04-13,380.7557
1988-04-14,355.60043
1988-04-15,242.02986
1988-04-16,217.56433
1988-04-17,231.16031
1988-04-18,205.56235
1988-04-19,269.56094
1988-04-20,370.31067
1988-04-21,274.88458
1988-04-22,192.89249
1988-04-23,212.65741
1988-04-24,294.56387
1988-04-25,272.42764
1988-04-26,227.0284
1988-04-27,259.40762
1988-04-28,334.1659
1988-04-29,417.26508
1988-04-30,480.03287
1988-05-01,424.94388
1988-05-02,235.78488
1988-05-03,171.97078
1988-05-04,258.26492
1988-05-05,341.56165
1988-05-06,335.78177
1988-05-07,357.1708
1988-05-08,418.68066
1988-05-09,413.31323
1988-05-10,366.4148
1988-05-11,617.46735
1988-05-12,716.6884
1988-05-13,317.94186
1988-05-14,338.6023
1988-05-15,356.10794
1988-05-16,329.69455
1988-05-17,246.17421
1988-05-18,247.58017
1988-05-19,302.5702
1988-05-20,398.26743
1988-05-21,346.6469
1988-05-22,310.75406
1988-05-23,302.60522
1988-05-24,312.6503
1988-05-25,354.5347
1988-05-26,511.41653
1988-05-27,708.82294
1988-05-28,714.2729
1988-05-29,653.9844
1988-05-30,303.78488
1988-05-31,164.44795
1988-06-01,160.75821
1988-06-02,162.89845
1988-06-03,182.5338
1988-06-04,97.190475
1988-06-05,99.89802
1988-06-06,170.70247
1988-06-07,204.02802
1988-06-08,210.3912
1988-06-09,252.09451
1988-06-10,238.53621
1988-06-11,344.4938
1988-06-12,351.77908
1988-06-13,316.09525
1988-06-14,349.58423
1988-06-15,404.44617
1988-06-16,374.86304
1988-06-17,293.23703
1988-06-18,171.50441
1988-06-19,160.94292
1988-06-20,213.63818
1988-06-21,278.71213
1988-06-22,211.38794
1988-06-23,149.00356
1988-06-24,215.07056
1988-06-25,252.29001
1988-06-26,306.9277
1988-06-27,347.39563
1988-06-28,302.46774
1988-06-29,228.53093
1988-06-30,304.56696
1988-07-01,353.68414
1988-07-02,404.08127
1988-07-03,411.16702
1988-07-04,379.04733
1988-07-05,361.10492
1988-07-06,417.69925
1988-07-07,416.93887
1988-07-08,245.76819
1988-07-09,263.75745
1988-07-10,277.7036
1988-07-11,181.05606
1988-07-12,157.69728
1988-07-13,382.94943
1988-07-14,436.25427
1988-07-15,123.20892
1988-07-16,108.84269
1988-07-17,132.88902
1988-07-18,89.31633
1988-07-19,88.88716
1988-07-20,126.99318
1988-07-21,304.33887
1988-07-22,451.687
1988-07-23,468.54117
1988-07-24,594.2538
1988-07-25,702.67596
1988-07-26,534.80676
1988-07-27,407.6906
1988-07-28,489.61032
1988-07-29,458.4842
1988-07-30,183.69743
1988-07-31,255.00977
1988-08-01,324.4596
1988-08-02,230.47806
1988-08-03,293.91342
1988-08-04,409.0458
1988-08-05,435.50885
1988-08-06,354.98294
1988-08-07,321.16898
1988-08-08,411.6342
1988-08-09,444.29404
1988-08-10,417.0338
1988-08-11,363.0692
1988-08-12,386.04498
1988-08-13,354.99796
1988-08-14,342.66443
1988-08-15,409.2483
1988-08-16,344.7674
1988-08-17,219.02522
1988-08-18,245.81998
1988-08-19,212.16219
1988-08-20,272.09064
1988-08-21,319.4189
1988-08-22,315.8981
1988-08-23,276.31958
1988-08-24,231.82222
1988-08-25,268.44864
1988-08-26,260.0666
1988-08-27,246.1575
1988-08-28,328.6682
1988-08-29,367.6389
1988-08-30,470.05945
1988-08-31,577.9074
1988-09-01,454.5547
1988-09-02,262.46445
1988-09-03,211.66325
1988-09-04,216.92804
1988-09-05,336.01453
1988-09-06,432.24506
1988-09-07,328.67285
1988-09-08,360.4017
1988-09-09,390.53122
1988-09-10,301.37305
1988-09-11,203.88737
1988-09-12,266.7843
1988-09-13,270.5217
1988-09-14,239.3423
1988-09-15,365.5352
1988-09-16,335.83087
1988-09-17,161.58977
1988-09-18,213.77429
1988-09-19,334.13608
1988-09-20,432.9903
1988-09-21,382.55942
1988-09-22,384.62173
1988-09-23,299.094
1988-09-24,258.50793
1988-09-25,233.57658
1988-09-26,266.65744
1988-09-27,291.78406
1988-09-28,244.19054
1988-09-29,301.85635
1988-09-30,414.11304
1988-10-01,454.67328
1988-10-02,348.48746
1988-10-03,198.22975
1988-10-04,214.03464
1988-10-05,214.13153
1988-10-06,182.57727
1988-10-07,222.96785
1988-10-08,273.55148
1988-10-09,326.69925
1988-10-10,405.0567
1988-10-11,373.5111
1988-10-12,337.0835
1988-10-13,258.74915
1988-10-14,220.81308
1988-10-15,207.3385
1988-10-16,166.71118
1988-10-17,115.74535
1988-10-18,98.87146
1988-10-19,309.36264
1988-10-20,275.79175
1988-10-21,137.78957
1988-10-22,190.97003
1988-10-23,199.59805
1988-10-24,158.9882
1988-10-25,104.991135
1988-10-26,99.466225
1988-10-27,124.91615
1988-10-28,129.08662
1988-10-29,203.51459
1988-10-30,227.59229
1988-10-31,180.28426
1988-11-01,223.10121
1988-11-02,241.1162
1988-11-03,262.87582
1988-11-04,332.8595
1988-11-05,368.42883
1988-11-06,283.62793
1988-11-07,187.4375
1988-11-08,171.91245
1988-11-09,196.2649
1988-11-10,272.58096
1988-11-11,356.36328
1988-11-12,369.28336
1988-11-13,386.62012
1988-11-14,407.57843
1988-11-15,279.0611
1988-11-16,356.38535
1988-11-17,374.82703
1988-11-18,258.9933
1988-11-19,201.22516
1988-11-20,349.68982
1988-11-21,343.81372
1988-11-22,257.47537
1988-11-23,194.36885
1988-11-24,251.89413
1988-11-25,217.63794
1988-11-26,161.7703
1988-11-27,172.042
1988-11-28,291.64694
1988-11-29,278.5037
1988-11-30,228.2332
1988-12-01,271.26804
1988-12-02,449.8425
1988-12-03,441.144
1988-12-04,272.92178
1988-12-05,194.06863
1988-12-06,306.74698
1988-12-07,269.92383
1988-12-08,188.15141
1988-12-09,196.23737
1988-12-10,167.0713
1988-12-11,151.56792
1988-12-12,163.41959
1988-12-13,163.53418
1988-12-14,218.51566
1988-12-15,292.05988
1988-12-16,342.2942
1988-12-17,368.7462
1988-12-18,283.69522
1988-12-19,203.46538
1988-12-20,181.08322
1988-12-21,261.81165
1988-12-22,301.40985
1988-12-23,210.10638
1988-12-24,205.33575
1988-12-25,135.71684
1988-12-26,133.92181
1988-12-27,131.30075
1988-12-28,124.96237
1988-12-29,197.6308
1988-12-30,396.34525
1988-12-31,579.27893
1989-01-01,414.5459
1989-01-02,233.89986
1989-01-03,232.83214
1989-01-04,233.45139
1989-01-05,296.75906
1989-01-06,312.25143
1989-01-07,266.01382
1989-01-08,257.1174
1989-01-09,248.27257
1989-01-10,229.47562
1989-01-11,236.30617
1989-01-12,180.85115
1989-01-13,190.4465
1989-01-14,261.40283
1989-01-15,265.5346
1989-01-16,174.39766
1989-01-17,171.25418
1989-01-18,215.87206
1989-01-19,238.66266
1989-01-20,239.20676
1989-01-21,246.16652
1989-01-22,243.13132
1989-01-23,249.6209
1989-01-24,336.42157
1989-01-25,337.5513
1989-01-26,234.05705
1989-01-27,212.00412
1989-01-28,197.2916
1989-01-29,204.00238
1989-01-30,217.68402
1989-01-31,227.16368
1989-02-01,244.24338
1989-02-02,268.1596
1989-02-03,272.6572
1989-02-04,325.9318
1989-02-05,367.82648
1989-02-06,209.56952
1989-02-07,177.01022
1989-02-08,240.27406
1989-02-09,251.8141
1989-02-10,245.24214
1989-02-11,241.97566
1989-02-12,207.70332
1989-02-13,293.46112
1989-02-14,242.15231
1989-02-15,153.50604
1989-02-16,226.49725
1989-02-17,272.39948
1989-02-18,229.6011
1989-02-19,142.22122
1989-02-20,132.11504
1989-02-21,193.89848
1989-02-22,232.42357
1989-02-23,258.56992
1989-02-24,359.63226
1989-02-25,291.75903
1989-02-26,176.12695
1989-02-27,194.48659
1989-02-28,258.07272
1989-03-01,360.21484
1989-03-02,337.7592
1989-03-03,210.58392
1989-03-04,181.20674
1989-03-05,191.78467
1989-03-06,223.87178
1989-03-07,208.8272
1989-03-08,553.3379
1989-03-09,491.53714
1989-03-10,143.12639
1989-03-11,96.24938
1989-03-12,174.59755
1989-03-13,264.55316
1989-03-14,241.32129
1989-03-15,277.3535
1989-03-16,227.39807
1989-03-17,188.14261
1989-03-18,274.847
1989-03-19,207.424
1989-03-20,147.25233
1989-03-21,191.10121
1989-03-22,147.31772
1989-03-23,146.70126
1989-03-24,126.36362
1989-03-25,90.49545
1989-03-26,93.36914
1989-03-27,118.34944
1989-03-28,126.307076
1989-03-29,141.74695
1989-03-30,120.22451
1989-03-31,68.96865
1989-04-01,62.894028
1989-04-02,72.03477
1989-04-03,91.51661
1989-04-04,108.054436
1989-04-05,139.77087
1989-04-06,228.9262
1989-04-07,304.7954
1989-04-08,274.65308
1989-04-09,281.29086
1989-04-10,373.4347
1989-04-11,387.0208
1989-04-12,310.188
1989-04-13,314.01245
1989-04-14,295.20584
1989-04-15,272.16617
1989-04-16,290.94675
1989-04-17,279.96362
1989-04-18,291.30338
1989-04-19,247.86774
1989-04-20,285.09967
1989-04-21,288.8824
1989-04-22,252.42747
1989-04-23,270.58258
1989-04-24,261.59305
1989-04-25,250.58849
1989-04-26,318.4221
1989-04-27,296.55798
1989-04-28,333.66995
1989-04-29,249.01006
1989-04-30,143.39694
1989-05-01,169.98422
1989-05-02,281.66425
1989-05-03,282.69336
1989-05-04,317.8519
1989-05-05,269.4183
1989-05-06,163.07684
1989-05-07,242.58997
1989-05-08,283.1561
1989-05-09,240.8806
1989-05-10,206.74881
1989-05-11,192.37445
1989-05-12,268.35925
1989-05-13,308.93582
1989-05-14,344.2277
1989-05-15,381.25278
1989-05-16,359.926
1989-05-17,353.3241
1989-05-18,433.66516
1989-05-19,438.40884
1989-05-20,581.079
1989-05-21,629.00104
1989-05-22,419.30734
1989-05-23,328.1095
1989-05-24,172.1321
1989-05-25,285.48752
1989-05-26,365.06415
1989-05-27,264.09537
1989-05-28,193.38693
1989-05-29,182.98558
1989-05-30,166.95435
1989-05-31,189.20963
1989-06-01,202.81953
1989-06-02,214.44966
1989-06-03,245.54237
1989-06-04,267.34613
1989-06-05,287.70987
1989-06-06,382.0073
1989-06-07,523.5667
1989-06-08,558.43915
1989-06-09,289.54208
1989-06-10,345.59793
1989-06-11,430.73193
1989-06-12,375.75134
1989-06-13,373.66415
1989-06-14,376.60382
1989-06-15,364.5904
1989-06-16,274.69815
1989-06-17,306.94415
1989-06-18,599.3507
1989-06-19,702.0176
1989-06-20,394.11542
1989-06-21,394.67545
1989-06-22,376.14975
1989-06-23,346.45993
1989-06-24,357.21085
1989-06-25,383.14038
1989-06-26,386.80264
1989-06-27,371.5826
1989-06-28,398.40286
1989-06-29,305.56854
1989-06-30,198.264
1989-07-01,250.41344
1989-07-02,323.58707
1989-07-03,342.87787
1989-07-04,313.98233
1989-07-05,253.91754
1989-07-06,243.96887
1989-07-07,312.20056
1989-07-08,286.78818
1989-07-09,252.22421
1989-07-10,277.8729
1989-07-11,270.34528
1989-07-12,136.99904
1989-07-13,64.71339
1989-07-14,51.990936
1989-07-15,45.4832
1989-07-16,41.749516
1989-07-17,38.451878
1989-07-18,35.629395
1989-07-19,31.524403
1989-07-20,59.061058
1989-07-21,272.4759
1989-07-22,442.57343
1989-07-23,403.78128
1989-07-24,524.0891
1989-07-25,289.26266
1989-07-26,90.46357
1989-07-27,152.92393
1989-07-28,278.08063
1989-07-29,287.57452
1989-07-30,169.23921
1989-07-31,109.909874
1989-08-01,111.9622
1989-08-02,171.06908
1989-08-03,267.0329
1989-08-04,293.59476
1989-08-05,284.98486
1989-08-06,265.8327
1989-08-07,128.21135
1989-08-08,95.502335
1989-08-09,139.22902
1989-08-10,154.23224
1989-08-11,228.08626
1989-08-12,309.62115
1989-08-13,290.27298
1989-08-14,360.6028
1989-08-15,439.5477
1989-08-16,515.45825
1989-08-17,367.78827
1989-08-18,262.05936
1989-08-19,180.13727
1989-08-20,190.16977
1989-08-21,205.1812
1989-08-22,166.89667
1989-08-23,156.55864
1989-08-24,207.91754
1989-08-25,215.09402
1989-08-26,265.4042
1989-08-27,203.06537
1989-08-28,158.37865
1989-08-29,171.32193
1989-08-30,250.99799
1989-08-31,277.06247
1989-09-01,227.2248
1989-09-02,225.81279
1989-09-03,188.04861
1989-09-04,125.25577
1989-09-05,174.42653
1989-09-06,184.71385
1989-09-07,130.68501
1989-09-08,174.28583
1989-09-09,222.4922
1989-09-10,252.87314
1989-09-11,261.64484
1989-09-12,193.47932
1989-09-13,159.70569
1989-09-14,123.90883
1989-09-15,159.27274
1989-09-16,220.80298
1989-09-17,293.5694
1989-09-18,434.6353
1989-09-19,574.21423
1989-09-20,355.51083
1989-09-21,324.01483
1989-09-22,393.39948
1989-09-23,281.95105
1989-09-24,171.57123
1989-09-25,213.2878
1989-09-26,241.91171
1989-09-27,215.85954
1989-09-28,221.86363
1989-09-29,213.03831
1989-09-30,263.114
1989-10-01,392.73294
1989-10-02,387.6104
1989-10-03,331.7047
1989-10-04,305.4959
1989-10-05,229.62225
1989-10-06,215.92264
1989-10-07,288.88757
1989-10-08,336.37546
1989-10-09,283.3964
1989-10-10,336.5404
1989-10-11,323.27994
1989-10-12,234.89081
1989-10-13,222.5977
1989-10-14,148.03615
1989-10-15,269.46704
1989-10-16,325.8134
1989-10-17,298.51193
1989-10-18,389.7302
1989-10-19,483.04767
1989-10-20,813.10126
1989-10-21,822.0881
1989-10-22,218.36145
1989-10-23,199.57336
1989-10-24,204.25673
1989-10-25,180.91672
1989-10-26,140.37018
1989-10-27,142.63658
1989-10-28,173.85089
1989-10-29,231.7743
1989-10-30,285.32904
1989-10-31,258.5836
1989-11-01,169.73055
1989-11-02,236.60707
1989-11-03,236.96674
1989-11-04,224.80363
1989-11-05,382.01376
1989-11-06,322.87204
1989-11-07,431.4506
1989-11-08,440.8686
1989-11-09,220.5047
1989-11-10,128.631
1989-11-11,114.982605
1989-11-12,100.090775
1989-11-13,88.5747
1989-11-14,95.34725
1989-11-15,106.73519
1989-11-16,88.547485
1989-11-17,81.17121
1989-11-18,94.43032
1989-11-19,110.462326
1989-11-20,109.72014
1989-11-21,123.04334
1989-11-22,247.64856
1989-11-23,304.0973
1989-11-24,173.46626
1989-11-25,216.249
1989-11-26,253.05885
1989-11-27,283.3673
1989-11-28,251.61365
1989-11-29,126.79344
1989-11-30,145.62494
1989-12-01,146.73697
1989-12-02,109.355965
1989-12-03,468.19717
1989-12-04,401.0496
1989-12-05,223.58832
1989-12-06,176.3301
1989-12-07,99.75042
1989-12-08,114.52794
1989-12-09,117.26828
1989-12-10,100.43106
1989-12-11,166.30515
1989-12-12,195.98055
1989-12-13,165.91217
1989-12-14,119.2021
1989-12-15,162.53166
1989-12-16,228.18384
1989-12-17,215.23334
1989-12-18,107.31952
1989-12-19,169.70676
1989-12-20,260.4325
1989-12-21,185.78891
1989-12-22,99.00772
1989-12-23,85.063095
1989-12-24,118.89274
1989-12-25,106.550896
1989-12-26,319.25
1989-12-27,266.16177
1989-12-28,513.8412
1989-12-29,540.7544
1989-12-30,350.28848
1989-12-31,255.6154
1990-01-01,256.1268
1990-01-02,236.66931
1990-01-03,211.47768
1990-01-04,183.83348
1990-01-05,181.4568
1990-01-06,181.77936
1990-01-07,149.80266
1990-01-08,132.68237
1990-01-09,164.62398
1990-01-10,206.40747
1990-01-11,164.0664
1990-01-12,129.3016
1990-01-13,160.01418
1990-01-14,191.30698
1990-01-15,203.18561
1990-01-16,265.6897
1990-01-17,257.61893
1990-01-18,209.6794
1990-01-19,153.90323
1990-01-20,153.89081
1990-01-21,130.0425
1990-01-22,158.13483
1990-01-23,202.92789
1990-01-24,153.67531
1990-01-25,110.65432
1990-01-26,101.85687
1990-01-27,142.28893
1990-01-28,211.00883
1990-01-29,176.4053
1990-01-30,137.25665
1990-01-31,155.74489
1990-02-01,183.98076
1990-02-02,166.3933
1990-02-03,192.91652
1990-02-04,160.04752
1990-02-05,139.2363
1990-02-06,253.15726
1990-02-07,224.10057
1990-02-08,98.79437
1990-02-09,110.68762
1990-02-10,129.9417
1990-02-11,141.207
1990-02-12,107.497314
1990-02-13,98.146774
1990-02-14,110.57207
1990-02-15,98.50379
1990-02-16,139.86908
1990-02-17,126.31625
1990-02-18,143.08559
1990-02-19,271.00278
1990-02-20,340.54715
1990-02-21,191.5882
1990-02-22,87.182144
1990-02-23,106.538994
1990-02-24,98.64853
1990-02-25,151.05478
1990-02-26,190.63176
1990-02-27,162.39027
1990-02-28,163.50397
1990-03-01,154.91522
1990-03-02,126.39566
1990-03-03,109.33211
1990-03-04,183.67168
1990-03-05,170.00827
1990-03-06,121.05293
1990-03-07,119.21853
1990-03-08,173.52766
1990-03-09,225.05278
1990-03-10,170.64447
1990-03-11,154.9936
1990-03-12,253.11856
1990-03-13,320.75516
1990-03-14,213.14096
1990-03-15,234.0575
1990-03-16,269.19083
1990-03-17,182.99812
1990-03-18,244.84366
1990-03-19,327.9732
1990-03-20,287.7112
1990-03-21,168.36838
1990-03-22,232.32834
1990-03-23,272.52618
1990-03-24,190.76141
1990-03-25,231.6568
1990-03-26,242.40396
1990-03-27,168.38817
1990-03-28,126.76049
1990-03-29,88.9828
1990-03-30,63.174133
1990-03-31,72.96889
1990-04-01,91.00919
1990-04-02,249.2615
1990-04-03,301.0115
1990-04-04,334.79727
1990-04-05,286.3621
1990-04-06,297.86697
1990-04-07,352.15756
1990-04-08,413.867
1990-04-09,412.83835
1990-04-10,317.25156
1990-04-11,203.52478
1990-04-12,154.66653
1990-04-13,163.14467
1990-04-14,253.7222
1990-04-15,361.31793
1990-04-16,346.82278
1990-04-17,372.60406
1990-04-18,330.09213
1990-04-19,150.86554
1990-04-20,252.2195
1990-04-21,330.65103
1990-04-22,371.23804
1990-04-23,250.80124
1990-04-24,133.6012
1990-04-25,166.97365
1990-04-26,216.50806
1990-04-27,292.83768
1990-04-28,319.98087
1990-04-29,590.35284
1990-04-30,604.49243
1990-05-01,241.231
1990-05-02,237.90045
1990-05-03,163.9337
1990-05-04,158.63745
1990-05-05,137.01181
1990-05-06,195.10529
1990-05-07,165.59161
1990-05-08,169.28047
1990-05-09,311.42316
1990-05-10,423.07074
1990-05-11,374.20825
1990-05-12,232.6121
1990-05-13,201.20976
1990-05-14,260.18878
1990-05-15,358.8386
1990-05-16,280.76495
1990-05-17,176.38602
1990-05-18,175.90543
1990-05-19,177.8258
1990-05-20,184.1782
1990-05-21,195.54903
1990-05-22,157.91066
1990-05-23,208.68236
1990-05-24,249.52776
1990-05-25,257.14407
1990-05-26,305.07916
1990-05-27,456.5699
1990-05-28,592.3565
1990-05-29,597.4822
1990-05-30,374.1307
1990-05-31,417.43304
1990-06-01,362.20914
1990-06-02,395.50882
1990-06-03,409.45114
1990-06-04,361.60037
1990-06-05,407.28397
1990-06-06,439.3119
1990-06-07,291.34985
1990-06-08,167.16713
1990-06-09,210.47327
1990-06-10,557.76324
1990-06-11,626.56793
1990-06-12,402.8587
1990-06-13,476.46576
1990-06-14,455.00446
1990-06-15,325.2128
1990-06-16,270.98248
1990-06-17,272.7438
1990-06-18,319.5395
1990-06-19,326.57733
1990-06-20,227.73587
1990-06-21,86.25922
1990-06-22,97.63035
1990-06-23,168.66917
1990-06-24,247.66829
1990-06-25,269.1865
1990-06-26,233.19785
1990-06-27,242.16133
1990-06-28,248.85393
1990-06-29,256.6381
1990-06-30,154.57744
1990-07-01,121.25912
1990-07-02,149.38579
1990-07-03,192.43826
1990-07-04,277.78986
1990-07-05,372.61053
1990-07-06,707.2277
1990-07-07,996.59106
1990-07-08,685.91364
1990-07-09,212.00339
1990-07-10,161.04889
1990-07-11,176.10265
1990-07-12,260.60693
1990-07-13,337.7402
1990-07-14,291.84625
1990-07-15,313.88037
1990-07-16,211.29546
1990-07-17,247.19653
1990-07-18,313.36725
1990-07-19,256.86148
1990-07-20,201.79993
1990-07-21,135.8591
1990-07-22,124.46333
1990-07-23,158.11752
1990-07-24,171.08556
1990-07-25,207.4081
1990-07-26,153.74376
1990-07-27,62.450012
1990-07-28,50.736168
1990-07-29,46.48771
1990-07-30,45.278915
1990-07-31,41.662735
1990-08-01,39.70617
1990-08-02,34.205612
1990-08-03,35.22821
1990-08-04,37.306274
1990-08-05,53.73195
1990-08-06,82.872536
1990-08-07,101.80103
1990-08-08,103.02668
1990-08-09,167.58998
1990-08-10,426.1663
1990-08-11,499.65106
1990-08-12,230.70291
1990-08-13,128.26433
1990-08-14,162.94243
1990-08-15,397.94327
1990-08-16,430.5721
1990-08-17,224.10844
1990-08-18,135.73183
1990-08-19,173.70853
1990-08-20,241.74622
1990-08-21,282.69427
1990-08-22,266.75476
1990-08-23,173.64984
1990-08-24,184.33167
1990-08-25,154.23297
1990-08-26,100.62646
1990-08-27,130.70712
1990-08-28,96.833046
1990-08-29,152.95552
1990-08-30,315.71933
1990-08-31,397.6029
1990-09-01,273.6323
1990-09-02,152.89307
1990-09-03,148.37463
1990-09-04,146.861
1990-09-05,130.32977
1990-09-06,117.2832
1990-09-07,151.46155
1990-09-08,131.5919
1990-09-09,182.3835
1990-09-10,266.53537
1990-09-11,476.23853
1990-09-12,541.5659
1990-09-13,296.24356
1990-09-14,287.21463
1990-09-15,285.82288
1990-09-16,315.7108
1990-09-17,249.04991
1990-09-18,122.51263
1990-09-19,123.47371
1990-09-20,116.023094
1990-09-21,67.50462
1990-09-22,65.087074
1990-09-23,112.14949
1990-09-24,186.8349
1990-09-25,202.82626
1990-09-26,182.59334
1990-09-27,193.85974
1990-09-28,260.8267
1990-09-29,280.86023
1990-09-30,183.55725
1990-10-01,208.66383
1990-10-02,280.58072
1990-10-03,337.33902
1990-10-04,332.1809
1990-10-05,208.54366
1990-10-06,281.44412
1990-10-07,274.82816
1990-10-08,193.7553
1990-10-09,260.54285
1990-10-10,251.6864
1990-10-11,230.5615
1990-10-12,199.69975
1990-10-13,181.18968
1990-10-14,246.93517
1990-10-15,275.85632
1990-10-16,219.94156
1990-10-17,202.26512
1990-10-18,201.70067
1990-10-19,118.21906
1990-10-20,98.85716
1990-10-21,260.5819
1990-10-22,372.2753
1990-10-23,384.22577
1990-10-24,303.87555
1990-10-25,158.61952
1990-10-26,159.88512
1990-10-27,126.486084
1990-10-28,118.959915
1990-10-29,94.633484
1990-10-30,72.79682
1990-10-31,63.242233
1990-11-01,72.62476
1990-11-02,242.8617
1990-11-03,345.97025
1990-11-04,199.09161
1990-11-05,133.3638
1990-11-06,235.7325
1990-11-07,210.6206
1990-11-08,166.22112
1990-11-09,182.78998
1990-11-10,196.57883
1990-11-11,304.82904
1990-11-12,362.04062
1990-11-13,323.65808
1990-11-14,259.8778
1990-11-15,248.86252
1990-11-16,310.21646
1990-11-17,353.31003
1990-11-18,276.53983
1990-11-19,178.18297
1990-11-20,159.78032
1990-11-21,156.69409
1990-11-22,153.10965
1990-11-23,225.40178
1990-11-24,229.42892
1990-11-25,227.04785
1990-11-26,206.43399
1990-11-27,101.787285
1990-11-28,103.22912
1990-11-29,207.00787
1990-11-30,246.38011
1990-12-01,135.0257
1990-12-02,140.97694
1990-12-03,132.21347
1990-12-04,238.35156
1990-12-05,230.49559
1990-12-06,186.15396
1990-12-07,167.29062
1990-12-08,109.75161
1990-12-09,209.51767
1990-12-10,191.43515
1990-12-11,130.59648
1990-12-12,188.71638
1990-12-13,136.68053
1990-12-14,85.212524
1990-12-15,88.987625
1990-12-16,142.70848
1990-12-17,246.11281
1990-12-18,405.68103
1990-12-19,485.84167
1990-12-20,346.93817
1990-12-21,331.6173
1990-12-22,214.39946
1990-12-23,197.37917
1990-12-24,152.15578
1990-12-25,230.64082
1990-12-26,228.4746
1990-12-27,182.35248
1990-12-28,237.64474
1990-12-29,311.0157
1990-12-30,223.16985
1990-12-31,174.93399
1991-01-01,139.95877
1991-01-02,231.43608
1991-01-03,236.74031
1991-01-04,167.85588
1991-01-05,115.66724
1991-01-06,99.88433
1991-01-07,138.11794
1991-01-08,175.07611
1991-01-09,122.021385
1991-01-10,95.91574
1991-01-11,127.7875
1991-01-12,139.30396
1991-01-13,211.21446
1991-01-14,262.75992
1991-01-15,260.03732
1991-01-16,216.11487
1991-01-17,141.52022
1991-01-18,171.88554
1991-01-19,223.0078
1991-01-20,285.17212
1991-01-21,233.56682
1991-01-22,219.75296
1991-01-23,218.29816
1991-01-24,172.25313
1991-01-25,163.27695
1991-01-26,236.9749
1991-01-27,219.95033
1991-01-28,96.615776
1991-01-29,89.263374
1991-01-30,92.09757
1991-01-31,119.39315
1991-02-01,127.53637
1991-02-02,105.277336
1991-02-03,151.77681
1991-02-04,322.70715
1991-02-05,382.0266
1991-02-06,187.37103
1991-02-07,112.66367
1991-02-08,134.71468
1991-02-09,193.27907
1991-02-10,166.766
1991-02-11,105.84757
1991-02-12,112.74162
1991-02-13,184.30069
1991-02-14,209.61113
1991-02-15,172.6446
1991-02-16,171.97424
1991-02-17,202.02481
1991-02-18,261.73965
1991-02-19,293.0799
1991-02-20,287.0722
1991-02-21,328.4853
1991-02-22,259.55762
1991-02-23,166.06439
1991-02-24,227.2336
1991-02-25,430.11716
1991-02-26,682.0253
1991-02-27,614.4019
1991-02-28,676.0027
1991-03-01,609.5074
1991-03-02,488.03397
1991-03-03,495.87802
1991-03-04,257.4182
1991-03-05,192.56789
1991-03-06,198.32207
1991-03-07,158.77254
1991-03-08,223.4671
1991-03-09,177.6978
1991-03-10,98.01863
1991-03-11,122.243416
1991-03-12,161.753
1991-03-13,235.41406
1991-03-14,253.28455
1991-03-15,230.686
1991-03-16,268.408
1991-03-17,274.92953
1991-03-18,286.376
1991-03-19,232.42636
1991-03-20,149.7899
1991-03-21,156.03029
1991-03-22,164.46387
1991-03-23,149.5721
1991-03-24,169.3866
1991-03-25,355.09564
1991-03-26,348.3013
1991-03-27,482.3959
1991-03-28,573.1622
1991-03-29,303.08035
1991-03-30,196.24518
1991-03-31,113.38239
1991-04-01,474.7723
1991-04-02,382.40933
1991-04-03,214.70454
1991-04-04,187.917
1991-04-05,219.36554
1991-04-06,308.0699
1991-04-07,367.56888
1991-04-08,384.84174
1991-04-09,299.77203
1991-04-10,388.2492
1991-04-11,455.4965
1991-04-12,334.3141
1991-04-13,232.84193
1991-04-14,217.60754
1991-04-15,169.83507
1991-04-16,217.31233
1991-04-17,165.79143
1991-04-18,136.79492
1991-04-19,137.18369
1991-04-20,128.12492
1991-04-21,202.10403
1991-04-22,282.639
1991-04-23,327.40952
1991-04-24,397.80426
1991-04-25,453.36655
1991-04-26,500.7227
1991-04-27,358.3981
1991-04-28,252.07243
1991-04-29,304.9907
1991-04-30,320.4061
1991-05-01,328.8772
1991-05-02,288.30652
1991-05-03,243.58368
1991-05-04,262.04987
1991-05-05,279.0984
1991-05-06,293.08014
1991-05-07,302.1629
1991-05-08,356.9812
1991-05-09,252.81503
1991-05-10,181.40987
1991-05-11,340.186
1991-05-12,461.63953
1991-05-13,657.3184
1991-05-14,726.5821
1991-05-15,289.0902
1991-05-16,317.66556
1991-05-17,442.32346
1991-05-18,638.99646
1991-05-19,706.1122
1991-05-20,441.41534
1991-05-21,176.56117
1991-05-22,161.25621
1991-05-23,189.30739
1991-05-24,179.51552
1991-05-25,109.586754
1991-05-26,98.18127
1991-05-27,90.39307
1991-05-28,123.34971
1991-05-29,145.15868
1991-05-30,179.39131
1991-05-31,230.9209
1991-06-01,249.74745
1991-06-02,264.13138
1991-06-03,195.04178
1991-06-04,163.62993
1991-06-05,171.41824
1991-06-06,244.48454
1991-06-07,310.35895
1991-06-08,212.90588
1991-06-09,221.37102
1991-06-10,256.5044
1991-06-11,214.08177
1991-06-12,96.6741
1991-06-13,70.326546
1991-06-14,68.811035
1991-06-15,80.919945
1991-06-16,185.86668
1991-06-17,241.57304
1991-06-18,160.01076
1991-06-19,126.76568
1991-06-20,182.70854
1991-06-21,185.12721
1991-06-22,164.8597
1991-06-23,307.5861
1991-06-24,373.79333
1991-06-25,360.85364
1991-06-26,377.0479
1991-06-27,396.4162
1991-06-28,405.5108
1991-06-29,339.66177
1991-06-30,385.6651
1991-07-01,346.0392
1991-07-02,327.9536
1991-07-03,320.3933
1991-07-04,242.70871
1991-07-05,276.5765
1991-07-06,305.4473
1991-07-07,419.61172
1991-07-08,480.34988
1991-07-09,402.7559
1991-07-10,382.91742
1991-07-11,572.4635
1991-07-12,686.7235
1991-07-13,405.42303
1991-07-14,402.7417
1991-07-15,442.9414
1991-07-16,383.42877
1991-07-17,185.96596
1991-07-18,251.31525
1991-07-19,418.69504
1991-07-20,474.6752
1991-07-21,126.65135
1991-07-22,115.08785
1991-07-23,171.75
1991-07-24,156.71272
1991-07-25,101.121376
1991-07-26,145.0653
1991-07-27,172.47028
1991-07-28,192.05663
1991-07-29,239.70921
1991-07-30,339.91373
1991-07-31,389.948
1991-08-01,602.7452
1991-08-02,692.25165
1991-08-03,361.41953
1991-08-04,307.1412
1991-08-05,293.0187
1991-08-06,446.4465
1991-08-07,532.4314
1991-08-08,474.68604
1991-08-09,620.731
1991-08-10,551.1097
1991-08-11,453.5446
1991-08-12,427.1607
1991-08-13,153.93587
1991-08-14,81.59874
1991-08-15,67.54943
1991-08-16,48.98553
1991-08-17,43.854725
1991-08-18,63.491695
1991-08-19,79.52919
1991-08-20,39.330406
1991-08-21,37.694225
1991-08-22,79.07258
1991-08-23,127.517456
1991-08-24,88.281815
1991-08-25,34.123646
1991-08-26,34.24942
1991-08-27,93.255005
1991-08-28,164.51845
1991-08-29,183.97595
1991-08-30,275.8123
1991-08-31,329.6364
1991-09-01,380.86862
1991-09-02,305.90384
1991-09-03,122.591415
1991-09-04,113.19811
1991-09-05,172.54445
1991-09-06,121.54461
1991-09-07,77.66865
1991-09-08,88.508125
1991-09-09,97.9856
1991-09-10,135.42839
1991-09-11,205.02711
1991-09-12,189.18034
1991-09-13,145.2143
1991-09-14,87.52686
1991-09-15,120.5415
1991-09-16,114.71828
1991-09-17,170.36166
1991-09-18,152.18211
1991-09-19,121.68313
1991-09-20,120.93722
1991-09-21,178.77982
1991-09-22,311.52585
1991-09-23,365.684
1991-09-24,266.70306
1991-09-25,231.43115
1991-09-26,272.60928
1991-09-27,321.34277
1991-09-28,230.10014
1991-09-29,202.25482
1991-09-30,422.97092
1991-10-01,405.8451
1991-10-02,155.17586
1991-10-03,145.78116
1991-10-04,167.17986
1991-10-05,175.2063
1991-10-06,123.19545
1991-10-07,126.51067
1991-10-08,108.21619
1991-10-09,63.808693
1991-10-10,108.02945
1991-10-11,205.83951
1991-10-12,369.26456
1991-10-13,400.61816
1991-10-14,196.28905
1991-10-15,151.83545
1991-10-16,90.33444
1991-10-17,69.88958
1991-10-18,77.65739
1991-10-19,131.50407
1991-10-20,214.24274
1991-10-21,259.1926
1991-10-22,197.18633
1991-10-23,68.744354
1991-10-24,61.4372
1991-10-25,61.41343
1991-10-26,87.96671
1991-10-27,122.1494
1991-10-28,149.30536
1991-10-29,245.77547
1991-10-30,286.15552
1991-10-31,239.41638
1991-11-01,213.70459
1991-11-02,258.19675
1991-11-03,324.08838
1991-11-04,262.6193
1991-11-05,157.40096
1991-11-06,93.277664
1991-11-07,76.11606
1991-11-08,119.96996
1991-11-09,140.05911
1991-11-10,136.45175
1991-11-11,108.04241
1991-11-12,97.72346
1991-11-13,117.580696
1991-11-14,623.3252
1991-11-15,590.9209
1991-11-16,133.4839
1991-11-17,103.855156
1991-11-18,90.45796
1991-11-19,75.59862
1991-11-20,107.78039
1991-11-21,158.29626
1991-11-22,183.00146
1991-11-23,180.98672
1991-11-24,116.43361
1991-11-25,115.37324
1991-11-26,148.3008
1991-11-27,151.80533
1991-11-28,162.63092
1991-11-29,199.81348
1991-11-30,198.21947
1991-12-01,180.3323
1991-12-02,230.31136
1991-12-03,269.235
1991-12-04,193.98477
1991-12-05,111.851814
1991-12-06,108.539505
1991-12-07,256.49597
1991-12-08,213.53151
1991-12-09,110.29338
1991-12-10,154.6343
1991-12-11,141.32271
1991-12-12,90.28118
1991-12-13,65.11862
1991-12-14,80.25605
1991-12-15,95.83183
1991-12-16,206.18866
1991-12-17,169.66885
1991-12-18,95.80225
1991-12-19,85.233665
1991-12-20,73.14924
1991-12-21,76.80365
1991-12-22,79.46009
1991-12-23,113.63146
1991-12-24,207.603
1991-12-25,152.62917
1991-12-26,86.039185
1991-12-27,111.86539
1991-12-28,148.90585
1991-12-29,190.94438
1991-12-30,196.7247
1991-12-31,152.59953
1992-01-01,118.16653
1992-01-02,144.79985
1992-01-03,167.90282
1992-01-04,155.10872
1992-01-05,168.94041
1992-01-06,160.76378
1992-01-07,203.79247
1992-01-08,217.3523
1992-01-09,173.33498
1992-01-10,130.46939
1992-01-11,109.5349
1992-01-12,172.18185
1992-01-13,208.26262
1992-01-14,118.38541
1992-01-15,144.36371
1992-01-16,167.63414
1992-01-17,167.4513
1992-01-18,113.37342
1992-01-19,84.45187
1992-01-20,184.11479
1992-01-21,253.84996
1992-01-22,116.73941
1992-01-23,179.93387
1992-01-24,230.35364
1992-01-25,113.83915
1992-01-26,103.18544
1992-01-27,112.59697
1992-01-28,96.226715
1992-01-29,105.67801
1992-01-30,102.558876
1992-01-31,107.723335
1992-02-01,78.45663
1992-02-02,60.536343
1992-02-03,54.940987
1992-02-04,63.0952
1992-02-05,67.423874
1992-02-06,56.27265
1992-02-07,125.56492
1992-02-08,147.56487
1992-02-09,77.79646
1992-02-10,134.25314
1992-02-11,155.01329
1992-02-12,186.45917
1992-02-13,416.236
1992-02-14,332.9063
1992-02-15,70.24375
1992-02-16,88.75229
1992-02-17,167.29066
1992-02-18,160.2323
1992-02-19,110.6598
1992-02-20,91.26832
1992-02-21,114.55428
1992-02-22,159.30289
1992-02-23,114.63232
1992-02-24,142.57954
1992-02-25,188.10655
1992-02-26,254.61728
1992-02-27,354.56497
1992-02-28,286.96997
1992-02-29,199.12073
1992-03-01,207.2841
1992-03-02,346.10828
1992-03-03,411.933
1992-03-04,358.5935
1992-03-05,302.41238
1992-03-06,314.68692
1992-03-07,324.0152
1992-03-08,334.03333
1992-03-09,351.02853
1992-03-10,217.97296
1992-03-11,172.46075
1992-03-12,146.1914
1992-03-13,187.27818
1992-03-14,268.91202
1992-03-15,422.73718
1992-03-16,765.1126
1992-03-17,793.822
1992-03-18,256.69382
1992-03-19,177.4692
1992-03-20,150.43997
1992-03-21,199.30374
1992-03-22,205.54143
1992-03-23,163.59799
1992-03-24,148.5925
1992-03-25,127.003525
1992-03-26,106.81765
1992-03-27,107.00013
1992-03-28,97.012375
1992-03-29,92.94844
1992-03-30,140.3589
1992-03-31,167.99702
1992-04-01,356.73138
1992-04-02,239.31775
1992-04-03,95.747826
1992-04-04,100.83763
1992-04-05,142.64282
1992-04-06,281.6745
1992-04-07,295.34216
1992-04-08,281.70502
1992-04-09,325.66486
1992-04-10,302.06143
1992-04-11,336.459
1992-04-12,421.4267
1992-04-13,472.7567
1992-04-14,456.62424
1992-04-15,428.03668
1992-04-16,190.7268
1992-04-17,197.79492
1992-04-18,235.36206
1992-04-19,226.94376
1992-04-20,244.8261
1992-04-21,148.0362
1992-04-22,140.04411
1992-04-23,285.32535
1992-04-24,390.13428
1992-04-25,373.5672
1992-04-26,275.79984
1992-04-27,261.46548
1992-04-28,420.79636
1992-04-29,446.03326
1992-04-30,297.52182
1992-05-01,178.67896
1992-05-02,181.14801
1992-05-03,272.9448
1992-05-04,351.58182
1992-05-05,251.93826
1992-05-06,158.69116
1992-05-07,192.55164
1992-05-08,282.05063
1992-05-09,314.4144
1992-05-10,271.2766
1992-05-11,223.49385
1992-05-12,253.2238
1992-05-13,265.11444
1992-05-14,287.52576
1992-05-15,304.8633
1992-05-16,277.0483
1992-05-17,333.33493
1992-05-18,294.3326
1992-05-19,244.00175
1992-05-20,289.39563
1992-05-21,349.73404
1992-05-22,346.32715
1992-05-23,320.8883
1992-05-24,372.0014
1992-05-25,398.46155
1992-05-26,180.92471
1992-05-27,145.30957
1992-05-28,452.5659
1992-05-29,648.128
1992-05-30,298.46896
1992-05-31,172.67212
1992-06-01,171.2701
1992-06-02,251.15254
1992-06-03,338.92737
1992-06-04,502.56992
1992-06-05,496.2721
1992-06-06,385.05173
1992-06-07,256.29367
1992-06-08,149.77934
1992-06-09,185.05997
1992-06-10,277.20422
1992-06-11,357.3484
1992-06-12,318.81357
1992-06-13,247.88567
1992-06-14,343.29492
1992-06-15,353.10696
1992-06-16,120.163155
1992-06-17,77.07479
1992-06-18,101.45785
1992-06-19,152.74925
1992-06-20,185.00476
1992-06-21,210.23067
1992-06-22,148.999
1992-06-23,82.54109
1992-06-24,79.0205
1992-06-25,57.560337
1992-06-26,66.815025
1992-06-27,85.200424
1992-06-28,95.865425
1992-06-29,177.31807
1992-06-30,237.43068
1992-07-01,154.94803
1992-07-02,143.36823
1992-07-03,244.84679
1992-07-04,293.22678
1992-07-05,363.32202
1992-07-06,420.7903
1992-07-07,333.297
1992-07-08,315.76843
1992-07-09,217.04076
1992-07-10,238.14348
1992-07-11,339.8095
1992-07-12,475.89786
1992-07-13,621.183
1992-07-14,700.3011
1992-07-15,532.4602
1992-07-16,224.27838
1992-07-17,241.7776
1992-07-18,360.33206
1992-07-19,321.9636
1992-07-20,98.62502
1992-07-21,64.29585
1992-07-22,86.14277
1992-07-23,156.08221
1992-07-24,151.02286
1992-07-25,60.446697
1992-07-26,44.640755
1992-07-27,93.55089
1992-07-28,217.18745
1992-07-29,518.28937
1992-07-30,746.3744
1992-07-31,517.47864
1992-08-01,404.31802
1992-08-02,438.3405
1992-08-03,420.92224
1992-08-04,155.2058
1992-08-05,86.67583
1992-08-06,76.36667
1992-08-07,81.19743
1992-08-08,96.5151
1992-08-09,115.28685
1992-08-10,531.4185
1992-08-11,787.5292
1992-08-12,247.02138
1992-08-13,97.30852
1992-08-14,100.70164
1992-08-15,181.6265
1992-08-16,232.483
1992-08-17,197.28185
1992-08-18,197.99625
1992-08-19,272.538
1992-08-20,260.53696
1992-08-21,171.18944
1992-08-22,180.6559
1992-08-23,148.89081
1992-08-24,225.06064
1992-08-25,277.70856
1992-08-26,179.74716
1992-08-27,135.36273
1992-08-28,256.43253
1992-08-29,283.22852
1992-08-30,252.13347
1992-08-31,215.517
1992-09-01,189.92993
1992-09-02,144.91956
1992-09-03,146.96936
1992-09-04,211.7211
1992-09-05,403.00427
1992-09-06,633.58936
1992-09-07,658.4753
1992-09-08,419.0188
1992-09-09,305.1626
1992-09-10,473.37222
1992-09-11,434.32275
1992-09-12,250.85365
1992-09-13,251.5707
1992-09-14,156.52663
1992-09-15,128.37772
1992-09-16,203.46126
1992-09-17,326.3959
1992-09-18,326.11423
1992-09-19,307.60947
1992-09-20,272.99298
1992-09-21,254.92398
1992-09-22,237.99316
1992-09-23,223.02547
1992-09-24,113.10119
1992-09-25,111.44574
1992-09-26,90.12939
1992-09-27,131.97247
1992-09-28,174.06265
1992-09-29,198.36078
1992-09-30,222.6547
1992-10-01,195.35582
1992-10-02,161.27013
1992-10-03,194.38753
1992-10-04,205.98993
1992-10-05,218.94987
1992-10-06,294.60272
1992-10-07,251.3641
1992-10-08,122.13981
1992-10-09,113.87995
1992-10-10,139.06468
1992-10-11,233.17119
1992-10-12,322.06052
1992-10-13,286.85352
1992-10-14,198.12639
1992-10-15,175.1688
1992-10-16,150.37486
1992-10-17,126.94378
1992-10-18,188.11644
1992-10-19,210.02074
1992-10-20,246.401
1992-10-21,266.888
1992-10-22,287.8855
1992-10-23,440.8569
1992-10-24,584.7728
1992-10-25,228.66412
1992-10-26,201.54298
1992-10-27,267.6591
1992-10-28,231.16165
1992-10-29,145.5642
1992-10-30,184.9202
1992-10-31,160.06506
1992-11-01,102.66844
1992-11-02,112.78921
1992-11-03,241.20238
1992-11-04,349.82877
1992-11-05,191.24503
1992-11-06,104.074356
1992-11-07,192.04071
1992-11-08,158.03065
1992-11-09,61.160587
1992-11-10,75.1166
1992-11-11,101.20524
1992-11-12,125.37559
1992-11-13,199.50305
1992-11-14,198.09879
1992-11-15,115.22397
1992-11-16,109.44499
1992-11-17,95.061615
1992-11-18,104.566734
1992-11-19,85.560616
1992-11-20,60.096092
1992-11-21,86.43046
1992-11-22,127.92771
1992-11-23,135.88684
1992-11-24,99.55667
1992-11-25,148.12424
1992-11-26,143.03815
1992-11-27,142.84386
1992-11-28,278.6047
1992-11-29,213.7114
1992-11-30,98.53067
1992-12-01,72.68236
1992-12-02,88.696396
1992-12-03,259.0974
1992-12-04,215.40515
1992-12-05,120.17864
1992-12-06,143.61615
1992-12-07,212.0821
1992-12-08,152.95863
1992-12-09,314.33118
1992-12-10,266.64322
1992-12-11,104.2578
1992-12-12,91.77529
1992-12-13,100.30752
1992-12-14,71.8194
1992-12-15,63.9267
1992-12-16,87.86074
1992-12-17,112.062164
1992-12-18,83.75826
1992-12-19,156.55031
1992-12-20,157.98228
1992-12-21,431.7704
1992-12-22,461.931
1992-12-23,264.534
1992-12-24,142.17786
1992-12-25,110.75183
1992-12-26,116.19342
1992-12-27,122.2707
1992-12-28,125.11449
1992-12-29,89.007324
1992-12-30,93.016426
1992-12-31,96.536285
1993-01-01,235.27486
1993-01-02,248.31624
1993-01-03,132.53058
1993-01-04,216.15689
1993-01-05,275.58798
1993-01-06,237.91591
1993-01-07,248.03801
1993-01-08,215.23096
1993-01-09,161.61017
1993-01-10,93.76869
1993-01-11,84.19836
1993-01-12,77.28733
1993-01-13,76.61507
1993-01-14,85.15599
1993-01-15,126.09097
1993-01-16,210.75967
1993-01-17,178.328
1993-01-18,137.34544
1993-01-19,101.09284
1993-01-20,99.80352
1993-01-21,123.23678
1993-01-22,115.54928
1993-01-23,99.13846
1993-01-24,138.20422
1993-01-25,155.37334
1993-01-26,107.45032
1993-01-27,101.63722
1993-01-28,105.44529
1993-01-29,159.70935
1993-01-30,242.84055
1993-01-31,219.35379
1993-02-01,157.5779
1993-02-02,193.03664
1993-02-03,254.34119
1993-02-04,182.62944
1993-02-05,115.38166
1993-02-06,101.8959
1993-02-07,116.56324
1993-02-08,175.07854
1993-02-09,266.23682
1993-02-10,256.42194
1993-02-11,289.22968
1993-02-12,308.20004
1993-02-13,275.59427
1993-02-14,210.79701
1993-02-15,190.83908
1993-02-16,167.12035
1993-02-17,199.21605
1993-02-18,203.96667
1993-02-19,178.99467
1993-02-20,162.28835
1993-02-21,141.28137
1993-02-22,106.833664
1993-02-23,146.51846
1993-02-24,194.91133
1993-02-25,117.36962
1993-02-26,140.7958
1993-02-27,176.28596
1993-02-28,259.3133
1993-03-01,356.26663
1993-03-02,310.0443
1993-03-03,217.12103
1993-03-04,158.75385
1993-03-05,147.93294
1993-03-06,175.69672
1993-03-07,335.14822
1993-03-08,360.73834
1993-03-09,302.35104
1993-03-10,393.98257
1993-03-11,363.18152
1993-03-12,380.46765
1993-03-13,302.93198
1993-03-14,240.33409
1993-03-15,341.7412
1993-03-16,460.51733
1993-03-17,370.1821
1993-03-18,210.60358
1993-03-19,338.8392
1993-03-20,324.16672
1993-03-21,257.2116
1993-03-22,308.0238
1993-03-23,215.51193
1993-03-24,154.94322
1993-03-25,272.07898
1993-03-26,474.0669
1993-03-27,407.7636
1993-03-28,153.9262
1993-03-29,135.60495
1993-03-30,128.85107
1993-03-31,135.08992
1993-04-01,141.45966
1993-04-02,213.72858
1993-04-03,318.18274
1993-04-04,306.53943
1993-04-05,346.6565
1993-04-06,509.44736
1993-04-07,411.3946
1993-04-08,257.70605
1993-04-09,394.51013
1993-04-10,424.5805
1993-04-11,162.88753
1993-04-12,150.69621
1993-04-13,244.63945
1993-04-14,317.73892
1993-04-15,391.1283
1993-04-16,256.70422
1993-04-17,231.27776
1993-04-18,268.89218
1993-04-19,359.9008
1993-04-20,253.96576
1993-04-21,175.43932
1993-04-22,205.55984
1993-04-23,272.20538
1993-04-24,352.72827
1993-04-25,414.3999
1993-04-26,416.47025
1993-04-27,570.4189
1993-04-28,525.2808
1993-04-29,205.51418
1993-04-30,210.54146
1993-05-01,211.62825
1993-05-02,239.70335
1993-05-03,208.39793
1993-05-04,195.16728
1993-05-05,179.42711
1993-05-06,139.88182
1993-05-07,144.46497
1993-05-08,156.75774
1993-05-09,180.1781
1993-05-10,298.0258
1993-05-11,438.7074
1993-05-12,329.44064
1993-05-13,160.22023
1993-05-14,221.16899
1993-05-15,214.88383
1993-05-16,133.87442
1993-05-17,218.70387
1993-05-18,349.41406
1993-05-19,369.68143
1993-05-20,406.0522
1993-05-21,423.25748
1993-05-22,312.23355
1993-05-23,236.28539
1993-05-24,247.90027
1993-05-25,255.41199
1993-05-26,312.37308
1993-05-27,266.4124
1993-05-28,150.59352
1993-05-29,178.90318
1993-05-30,321.31036
1993-05-31,293.81094
1993-06-01,208.23967
1993-06-02,171.00774
1993-06-03,92.96423
1993-06-04,64.43406
1993-06-05,76.88723
1993-06-06,156.29718
1993-06-07,251.33772
1993-06-08,243.60861
1993-06-09,188.62607
1993-06-10,131.6194
1993-06-11,145.19086
1993-06-12,252.14552
1993-06-13,286.9458
1993-06-14,318.0999
1993-06-15,342.96292
1993-06-16,269.09256
1993-06-17,188.03845
1993-06-18,137.92929
1993-06-19,210.38107
1993-06-20,291.87024
1993-06-21,266.523
1993-06-22,209.60707
1993-06-23,129.36076
1993-06-24,189.78596
1993-06-25,251.57047
1993-06-26,384.27905
1993-06-27,992.0689
1993-06-28,1183.051
1993-06-29,424.47604
1993-06-30,372.79163
1993-07-01,418.5247
1993-07-02,360.52402
1993-07-03,247.36679
1993-07-04,171.11652
1993-07-05,167.24283
1993-07-06,270.26547
1993-07-07,396.3517
1993-07-08,338.0815
1993-07-09,235.52333
1993-07-10,277.67902
1993-07-11,310.89
1993-07-12,362.779
1993-07-13,406.0776
1993-07-14,258.1746
1993-07-15,209.69728
1993-07-16,336.23108
1993-07-17,389.6306
1993-07-18,349.73724
1993-07-19,139.99626
1993-07-20,118.06048
1993-07-21,104.70595
1993-07-22,167.05428
1993-07-23,176.66628
1993-07-24,120.93059
1993-07-25,502.6087
1993-07-26,933.5493
1993-07-27,562.5336
1993-07-28,172.92342
1993-07-29,125.47194
1993-07-30,91.81336
1993-07-31,183.46637
1993-08-01,894.0507
1993-08-02,1218.7523
1993-08-03,210.89133
1993-08-04,66.29824
1993-08-05,46.3868
1993-08-06,40.52476
1993-08-07,37.619133
1993-08-08,44.787937
1993-08-09,64.84927
1993-08-10,92.87776
1993-08-11,155.7495
1993-08-12,144.21571
1993-08-13,134.61523
1993-08-14,269.43454
1993-08-15,305.88925
1993-08-16,462.90894
1993-08-17,556.41406
1993-08-18,377.33215
1993-08-19,482.54
1993-08-20,436.26434
1993-08-21,215.35344
1993-08-22,169.86128
1993-08-23,197.31526
1993-08-24,286.84113
1993-08-25,309.50888
1993-08-26,385.89627
1993-08-27,650.5988
1993-08-28,1129.1185
1993-08-29,1132.0309
1993-08-30,421.31708
1993-08-31,128.22862
1993-09-01,116.79923
1993-09-02,134.37941
1993-09-03,273.14114
1993-09-04,360.4146
1993-09-05,369.08264
1993-09-06,542.5212
1993-09-07,685.1619
1993-09-08,315.80603
1993-09-09,223.34003
1993-09-10,261.02078
1993-09-11,251.10912
1993-09-12,259.09024
1993-09-13,287.09445
1993-09-14,222.99977
1993-09-15,210.34288
1993-09-16,238.763
1993-09-17,284.69287
1993-09-18,349.8514
1993-09-19,265.82455
1993-09-20,226.67314
1993-09-21,155.0454
1993-09-22,126.97796
1993-09-23,149.38383
1993-09-24,190.13475
1993-09-25,142.77177
1993-09-26,93.72142
1993-09-27,106.18735
1993-09-28,139.32921
1993-09-29,150.25089
1993-09-30,156.23784
1993-10-01,187.91641
1993-10-02,201.21869
1993-10-03,189.1144
1993-10-04,212.79437
1993-10-05,175.87198
1993-10-06,119.857216
1993-10-07,154.74084
1993-10-08,237.70485
1993-10-09,242.45265
1993-10-10,239.48805
1993-10-11,220.59683
1993-10-12,257.86557
1993-10-13,466.57855
1993-10-14,604.35626
1993-10-15,461.68692
1993-10-16,524.5054
1993-10-17,327.77444
1993-10-18,186.20436
1993-10-19,174.26186
1993-10-20,181.10773
1993-10-21,161.84143
1993-10-22,137.99179
1993-10-23,134.52065
1993-10-24,117.520805
1993-10-25,144.68694
1993-10-26,164.69655
1993-10-27,274.25412
1993-10-28,264.0786
1993-10-29,195.89561
1993-10-30,360.56226
1993-10-31,369.48703
1993-11-01,249.10645
1993-11-02,236.47658
1993-11-03,193.75307
1993-11-04,252.13303
1993-11-05,337.79745
1993-11-06,213.34207
1993-11-07,118.37003
1993-11-08,90.981186
1993-11-09,129.34477
1993-11-10,211.92117
1993-11-11,198.83322
1993-11-12,277.54004
1993-11-13,220.99583
1993-11-14,185.27379
1993-11-15,221.94742
1993-11-16,186.65129
1993-11-17,228.62932
1993-11-18,217.096
1993-11-19,179.54504
1993-11-20,142.2054
1993-11-21,125.44699
1993-11-22,130.0414
1993-11-23,167.29677
1993-11-24,144.78752
1993-11-25,99.126564
1993-11-26,241.40167
1993-11-27,193.86917
1993-11-28,238.40558
1993-11-29,298.91827
1993-11-30,287.10852
1993-12-01,266.54663
1993-12-02,217.45349
1993-12-03,204.8244
1993-12-04,260.10825
1993-12-05,233.04115
1993-12-06,197.96022
1993-12-07,235.99379
1993-12-08,219.50824
1993-12-09,244.03654
1993-12-10,274.48352
1993-12-11,271.46948
1993-12-12,330.72885
1993-12-13,343.08215
1993-12-14,276.3003
1993-12-15,230.4225
1993-12-16,331.12292
1993-12-17,510.38083
1993-12-18,798.97406
1993-12-19,814.08124
1993-12-20,287.12518
1993-12-21,180.55206
1993-12-22,180.8247
1993-12-23,200.78952
1993-12-24,171.30688
1993-12-25,166.02222
1993-12-26,303.76987
1993-12-27,375.8409
1993-12-28,244.4745
1993-12-29,163.3778
1993-12-30,337.95187
1993-12-31,318.78247
1994-01-01,165.39926
1994-01-02,107.41822
1994-01-03,104.98612
1994-01-04,124.84933
1994-01-05,273.8256
1994-01-06,218.98761
1994-01-07,164.83006
1994-01-08,264.7849
1994-01-09,332.45172
1994-01-10,262.97522
1994-01-11,196.10538
1994-01-12,177.43982
1994-01-13,181.71178
1994-01-14,152.92851
1994-01-15,174.99147
1994-01-16,229.11273
1994-01-17,146.3182
1994-01-18,167.61403
1994-01-19,162.60858
1994-01-20,134.15504
1994-01-21,136.79308
1994-01-22,106.74229
1994-01-23,125.86048
1994-01-24,162.89053
1994-01-25,138.1336
1994-01-26,130.33572
1994-01-27,158.97755
1994-01-28,152.73987
1994-01-29,217.97688
1994-01-30,227.61671
1994-01-31,597.4245
1994-02-01,798.3433
1994-02-02,331.76184
1994-02-03,171.47389
1994-02-04,177.9776
1994-02-05,230.29494
1994-02-06,207.85332
1994-02-07,299.313
1994-02-08,240.54686
1994-02-09,187.36414
1994-02-10,183.06465
1994-02-11,186.3296
1994-02-12,172.71065
1994-02-13,161.49701
1994-02-14,168.6731
1994-02-15,145.37872
1994-02-16,141.67416
1994-02-17,144.04309
1994-02-18,119.49558
1994-02-19,147.85918
1994-02-20,199.86832
1994-02-21,250.69719
1994-02-22,272.9864
1994-02-23,221.12341
1994-02-24,157.67184
1994-02-25,213.95042
1994-02-26,166.90965
1994-02-27,134.43341
1994-02-28,119.67542
1994-03-01,155.1833
1994-03-02,174.88441
1994-03-03,186.43637
1994-03-04,282.99054
1994-03-05,319.33725
1994-03-06,234.5399
1994-03-07,132.56863
1994-03-08,181.58669
1994-03-09,200.17996
1994-03-10,132.613
1994-03-11,121.25015
1994-03-12,161.8792
1994-03-13,221.68329
1994-03-14,278.6605
1994-03-15,252.20515
1994-03-16,288.7915
1994-03-17,239.19627
1994-03-18,266.3398
1994-03-19,282.18524
1994-03-20,238.87437
1994-03-21,286.44315
1994-03-22,342.5045
1994-03-23,310.84814
1994-03-24,431.7882
1994-03-25,424.15396
1994-03-26,153.47154
1994-03-27,174.74036
1994-03-28,274.6466
1994-03-29,411.6244
1994-03-30,805.57587
1994-03-31,678.57214
1994-04-01,732.3364
1994-04-02,607.66473
1994-04-03,330.9161
1994-04-04,312.0406
1994-04-05,312.56055
1994-04-06,413.008
1994-04-07,402.53574
1994-04-08,581.6632
1994-04-09,793.00165
1994-04-10,579.4509
1994-04-11,371.27158
1994-04-12,346.8645
1994-04-13,376.503
1994-04-14,351.45892
1994-04-15,272.6941
1994-04-16,226.4245
1994-04-17,214.57506
1994-04-18,256.20767
1994-04-19,238.83743
1994-04-20,299.34732
1994-04-21,315.8096
1994-04-22,292.75937
1994-04-23,243.81877
1994-04-24,230.56671
1994-04-25,339.36304
1994-04-26,337.36215
1994-04-27,635.9575
1994-04-28,796.4129
1994-04-29,382.74048
1994-04-30,384.49316
1994-05-01,215.69736
1994-05-02,155.14854
1994-05-03,159.23448
1994-05-04,186.17862
1994-05-05,247.64966
1994-05-06,259.36542
1994-05-07,317.41837
1994-05-08,411.74176
1994-05-09,391.55655
1994-05-10,352.3184
1994-05-11,281.42657
1994-05-12,283.70135
1994-05-13,342.06653
1994-05-14,348.002
1994-05-15,444.01947
1994-05-16,402.57864
1994-05-17,314.76215
1994-05-18,260.17545
1994-05-19,396.41794
1994-05-20,348.38705
1994-05-21,183.32079
1994-05-22,137.63748
1994-05-23,135.81703
1994-05-24,270.9823
1994-05-25,395.11688
1994-05-26,556.8983
1994-05-27,762.69684
1994-05-28,417.91446
1994-05-29,174.48454
1994-05-30,163.23578
1994-05-31,184.47842
1994-06-01,242.57767
1994-06-02,318.95615
1994-06-03,369.21283
1994-06-04,367.1781
1994-06-05,362.5291
1994-06-06,398.66275
1994-06-07,385.10608
1994-06-08,298.71878
1994-06-09,314.17255
1994-06-10,418.9659
1994-06-11,352.1272
1994-06-12,199.35501
1994-06-13,237.51721
1994-06-14,252.75726
1994-06-15,267.7294
1994-06-16,439.64194
1994-06-17,443.46893
1994-06-18,186.08745
1994-06-19,193.07507
1994-06-20,328.39954
1994-06-21,416.10037
1994-06-22,319.5913
1994-06-23,260.29263
1994-06-24,179.6216
1994-06-25,202.72333
1994-06-26,151.51942
1994-06-27,211.76897
1994-06-28,616.3713
1994-06-29,947.20654
1994-06-30,648.06256
1994-07-01,741.834
1994-07-02,856.44196
1994-07-03,566.1424
1994-07-04,741.30194
1994-07-05,556.1021
1994-07-06,401.38992
1994-07-07,453.4788
1994-07-08,347.09265
1994-07-09,148.39998
1994-07-10,252.02655
1994-07-11,402.01776
1994-07-12,340.60883
1994-07-13,120.977135
1994-07-14,65.24622
1994-07-15,57.378063
1994-07-16,62.30776
1994-07-17,68.6152
1994-07-18,91.80427
1994-07-19,114.14446
1994-07-20,105.40763
1994-07-21,209.00365
1994-07-22,241.1865
1994-07-23,189.19034
1994-07-24,180.17181
1994-07-25,261.5265
1994-07-26,336.49557
1994-07-27,270.65256
1994-07-28,218.96094
1994-07-29,245.02727
1994-07-30,303.40408
1994-07-31,326.94632
1994-08-01,304.76962
1994-08-02,265.33673
1994-08-03,155.38345
1994-08-04,141.76556
1994-08-05,126.00656
1994-08-06,143.77611
1994-08-07,379.53033
1994-08-08,477.95502
1994-08-09,318.121
1994-08-10,243.03401
1994-08-11,107.50095
1994-08-12,259.63217
1994-08-13,381.84525
1994-08-14,320.54077
1994-08-15,496.7774
1994-08-16,583.4633
1994-08-17,358.4562
1994-08-18,224.47873
1994-08-19,155.03542
1994-08-20,284.82825
1994-08-21,390.62494
1994-08-22,439.03427
1994-08-23,438.37988
1994-08-24,707.53326
1994-08-25,956.2707
1994-08-26,566.64154
1994-08-27,183.2776
1994-08-28,137.69089
1994-08-29,83.43869
1994-08-30,128.67264
1994-08-31,270.90167
1994-09-01,556.31647
1994-09-02,784.35315
1994-09-03,608.71436
1994-09-04,296.935
1994-09-05,216.79845
1994-09-06,171.85234
1994-09-07,104.79186
1994-09-08,202.56549
1994-09-09,267.19128
1994-09-10,189.70197
1994-09-11,167.05026
1994-09-12,120.68883
1994-09-13,172.41066
1994-09-14,195.81955
1994-09-15,130.45406
1994-09-16,127.81332
1994-09-17,261.5619
1994-09-18,437.60562
1994-09-19,354.02798
1994-09-20,309.06363
1994-09-21,239.98683
1994-09-22,180.42455
1994-09-23,141.03136
1994-09-24,139.18504
1994-09-25,262.60788
1994-09-26,245.38219
1994-09-27,122.54531
1994-09-28,151.73213
1994-09-29,254.13544
1994-09-30,259.0613
1994-10-01,164.04192
1994-10-02,98.788086
1994-10-03,96.64916
1994-10-04,121.073265
1994-10-05,197.55933
1994-10-06,288.881
1994-10-07,413.07047
1994-10-08,469.10947
1994-10-09,289.9488
1994-10-10,204.08028
1994-10-11,182.87144
1994-10-12,124.07456
1994-10-13,141.99557
1994-10-14,239.13948
1994-10-15,278.37518
1994-10-16,214.36292
1994-10-17,134.51558
1994-10-18,75.672806
1994-10-19,137.74095
1994-10-20,162.38718
1994-10-21,128.51364
1994-10-22,138.2619
1994-10-23,119.48712
1994-10-24,133.59985
1994-10-25,135.39052
1994-10-26,187.02116
1994-10-27,161.01709
1994-10-28,105.96012
1994-10-29,98.10775
1994-10-30,87.13258
1994-10-31,92.18371
1994-11-01,107.12874
1994-11-02,169.68126
1994-11-03,252.64615
1994-11-04,300.78113
1994-11-05,339.88358
1994-11-06,210.7292
1994-11-07,187.93457
1994-11-08,194.35889
1994-11-09,180.6196
1994-11-10,181.90813
1994-11-11,129.61429
1994-11-12,155.20328
1994-11-13,201.43878
1994-11-14,229.55846
1994-11-15,208.89012
1994-11-16,167.35896
1994-11-17,160.9314
1994-11-18,125.825874
1994-11-19,160.85725
1994-11-20,339.59726
1994-11-21,272.11792
1994-11-22,196.83559
1994-11-23,514.1732
1994-11-24,629.76044
1994-11-25,382.63644
1994-11-26,351.73276
1994-11-27,195.05002
1994-11-28,180.15828
1994-11-29,408.5078
1994-11-30,336.71756
1994-12-01,259.10574
1994-12-02,247.69064
1994-12-03,525.0187
1994-12-04,474.57004
1994-12-05,321.33173
1994-12-06,269.51898
1994-12-07,194.34892
1994-12-08,275.03745
1994-12-09,644.3773
1994-12-10,886.4538
1994-12-11,520.4085
1994-12-12,277.9899
1994-12-13,245.09387
1994-12-14,183.98135
1994-12-15,163.78021
1994-12-16,206.87119
1994-12-17,147.00674
1994-12-18,105.15261
1994-12-19,117.82882
1994-12-20,166.25874
1994-12-21,200.38203
1994-12-22,144.8391
1994-12-23,123.211945
1994-12-24,182.24835
1994-12-25,255.45207
1994-12-26,269.23425
1994-12-27,171.64212
1994-12-28,228.6162
1994-12-29,242.6149
1994-12-30,118.6693
1994-12-31,113.667625
1995-01-01,139.09416
1995-01-02,139.30421
1995-01-03,123.39701
1995-01-04,131.1904
1995-01-05,129.45645
1995-01-06,156.44693
1995-01-07,151.51865
1995-01-08,112.65618
1995-01-09,169.27191
1995-01-10,136.72469
1995-01-11,142.3317
1995-01-12,104.82134
1995-01-13,166.12074
1995-01-14,122.28023
1995-01-15,80.345116
1995-01-16,78.554855
1995-01-17,93.66109
1995-01-18,123.43758
1995-01-19,144.94984
1995-01-20,117.83467
1995-01-21,137.24704
1995-01-22,215.04942
1995-01-23,262.81793
1995-01-24,353.72516
1995-01-25,390.8313
1995-01-26,271.31674
1995-01-27,173.00969
1995-01-28,231.83562
1995-01-29,256.85605
1995-01-30,291.13663
1995-01-31,211.0929
1995-02-01,138.04694
1995-02-02,135.21246
1995-02-03,147.34966
1995-02-04,103.58249
1995-02-05,84.42326
1995-02-06,79.68418
1995-02-07,90.85995
1995-02-08,89.51
1995-02-09,66.181046
1995-02-10,94.09499
1995-02-11,116.76042
1995-02-12,53.555405
1995-02-13,67.86328
1995-02-14,93.08634
1995-02-15,72.25254
1995-02-16,48.258648
1995-02-17,43.93338
1995-02-18,47.143433
1995-02-19,48.891808
1995-02-20,38.044586
1995-02-21,49.87825
1995-02-22,126.26131
1995-02-23,121.84597
1995-02-24,73.97299
1995-02-25,47.60064
1995-02-26,54.71385
1995-02-27,114.020874
1995-02-28,116.74968
1995-03-01,69.18519
1995-03-02,51.739292
1995-03-03,99.99364
1995-03-04,177.76
1995-03-05,198.90804
1995-03-06,274.14188
1995-03-07,257.04477
1995-03-08,162.1317
1995-03-09,206.90155
1995-03-10,200.36374
1995-03-11,137.27296
1995-03-12,188.1187
1995-03-13,289.88913
1995-03-14,208.68372
1995-03-15,93.618935
1995-03-16,68.37947
1995-03-17,56.611156
1995-03-18,46.035763
1995-03-19,63.999924
1995-03-20,120.371155
1995-03-21,156.3789
1995-03-22,251.24193
1995-03-23,278.15567
1995-03-24,189.04973
1995-03-25,125.25603
1995-03-26,87.03672
1995-03-27,109.69364
1995-03-28,171.16945
1995-03-29,179.82083
1995-03-30,182.25233
1995-03-31,132.47339
1995-04-01,150.7885
1995-04-02,220.15631
1995-04-03,240.874
1995-04-04,210.43985
1995-04-05,263.96652
1995-04-06,270.0604
1995-04-07,303.98355
1995-04-08,376.74213
1995-04-09,323.7384
1995-04-10,235.28676
1995-04-11,232.91304
1995-04-12,324.3817
1995-04-13,427.79117
1995-04-14,401.83633
1995-04-15,388.56772
1995-04-16,263.1132
1995-04-17,193.08981
1995-04-18,233.71739
1995-04-19,231.0019
1995-04-20,164.40004
1995-04-21,199.04755
1995-04-22,242.19835
1995-04-23,289.52905
1995-04-24,288.60422
1995-04-25,248.39577
1995-04-26,309.45108
1995-04-27,342.17752
1995-04-28,371.61975
1995-04-29,346.6606
1995-04-30,309.7338
1995-05-01,290.86407
1995-05-02,295.51016
1995-05-03,262.6289
1995-05-04,256.3147
1995-05-05,243.42444
1995-05-06,278.49835
1995-05-07,326.84216
1995-05-08,439.10876
1995-05-09,284.34457
1995-05-10,134.14873
1995-05-11,199.59723
1995-05-12,324.089
1995-05-13,438.52487
1995-05-14,431.77118
1995-05-15,479.08426
1995-05-16,592.3911
1995-05-17,388.61337
1995-05-18,279.39413
1995-05-19,293.03903
1995-05-20,383.0517
1995-05-21,372.26926
1995-05-22,356.59866
1995-05-23,308.55203
1995-05-24,310.1647
1995-05-25,228.45355
1995-05-26,202.43542
1995-05-27,222.1507
1995-05-28,275.94574
1995-05-29,241.55446
1995-05-30,234.21204
1995-05-31,241.28683
1995-06-01,203.15526
1995-06-02,202.01477
1995-06-03,285.41745
1995-06-04,351.20807
1995-06-05,348.79825
1995-06-06,378.80188
1995-06-07,256.78714
1995-06-08,185.70128
1995-06-09,164.19598
1995-06-10,159.20691
1995-06-11,121.705124
1995-06-12,113.790375
1995-06-13,142.60829
1995-06-14,219.4245
1995-06-15,304.48917
1995-06-16,303.8405
1995-06-17,257.66275
1995-06-18,131.17401
1995-06-19,168.1783
1995-06-20,291.76044
1995-06-21,436.0846
1995-06-22,466.0559
1995-06-23,405.5139
1995-06-24,316.15067
1995-06-25,312.66397
1995-06-26,330.03738
1995-06-27,303.3298
1995-06-28,346.41223
1995-06-29,359.15118
1995-06-30,319.10928
1995-07-01,408.33478
1995-07-02,494.44717
1995-07-03,624.6854
1995-07-04,662.2778
1995-07-05,442.26123
1995-07-06,472.06094
1995-07-07,460.409
1995-07-08,424.744
1995-07-09,252.82417
1995-07-10,165.84106
1995-07-11,88.73725
1995-07-12,95.71563
1995-07-13,188.54568
1995-07-14,254.80371
1995-07-15,305.62894
1995-07-16,362.07123
1995-07-17,405.49353
1995-07-18,579.5411
1995-07-19,671.3139
1995-07-20,587.8866
1995-07-21,357.10245
1995-07-22,429.9757
1995-07-23,495.35648
1995-07-24,477.8625
1995-07-25,510.63162
1995-07-26,363.7889
1995-07-27,348.01764
1995-07-28,493.87466
1995-07-29,611.0733
1995-07-30,365.7209
1995-07-31,210.08391
1995-08-01,166.09355
1995-08-02,238.33788
1995-08-03,342.15436
1995-08-04,329.29462
1995-08-05,446.67563
1995-08-06,355.969
1995-08-07,253.46924
1995-08-08,214.06056
1995-08-09,142.21452
1995-08-10,244.78879
1995-08-11,284.48996
1995-08-12,303.97052
1995-08-13,286.33978
1995-08-14,224.13847
1995-08-15,347.38214
1995-08-16,409.8452
1995-08-17,330.34915
1995-08-18,294.9228
1995-08-19,370.82816
1995-08-20,414.25208
1995-08-21,403.49057
1995-08-22,307.96893
1995-08-23,367.99866
1995-08-24,360.57898
1995-08-25,243.02898
1995-08-26,185.77612
1995-08-27,205.94693
1995-08-28,276.83496
1995-08-29,292.46307
1995-08-30,261.26218
1995-08-31,511.34232
1995-09-01,667.39685
1995-09-02,278.714
1995-09-03,127.4837
1995-09-04,83.85048
1995-09-05,53.76132
1995-09-06,49.83487
1995-09-07,155.949
1995-09-08,334.0884
1995-09-09,315.81992
1995-09-10,404.4215
1995-09-11,570.176
1995-09-12,465.00473
1995-09-13,219.87239
1995-09-14,183.58769
1995-09-15,246.6447
1995-09-16,233.35005
1995-09-17,312.91547
1995-09-18,364.77863
1995-09-19,235.26453
1995-09-20,211.5956
1995-09-21,246.03577
1995-09-22,349.315
1995-09-23,355.662
1995-09-24,342.59164
1995-09-25,326.585
1995-09-26,283.97394
1995-09-27,362.93634
1995-09-28,384.79614
1995-09-29,220.02635
1995-09-30,170.71037
1995-10-01,180.58316
1995-10-02,287.41714
1995-10-03,341.20224
1995-10-04,338.74643
1995-10-05,178.57191
1995-10-06,135.63127
1995-10-07,144.28389
1995-10-08,159.88232
1995-10-09,232.44807
1995-10-10,338.04797
1995-10-11,462.86072
1995-10-12,279.46274
1995-10-13,112.77196
1995-10-14,81.80019
1995-10-15,139.43849
1995-10-16,147.3388
1995-10-17,172.81209
1995-10-18,209.23161
1995-10-19,178.11658
1995-10-20,162.52922
1995-10-21,111.52377
1995-10-22,98.976875
1995-10-23,124.1122
1995-10-24,181.55014
1995-10-25,198.25143
1995-10-26,204.07074
1995-10-27,221.71587
1995-10-28,290.57367
1995-10-29,341.93698
1995-10-30,290.78458
1995-10-31,220.04646
1995-11-01,241.89856
1995-11-02,228.48343
1995-11-03,194.933
1995-11-04,246.33926
1995-11-05,188.8117
1995-11-06,236.18953
1995-11-07,323.0772
1995-11-08,419.7568
1995-11-09,459.62366
1995-11-10,185.49738
1995-11-11,223.55905
1995-11-12,236.58818
1995-11-13,171.39934
1995-11-14,205.05702
1995-11-15,197.44171
1995-11-16,132.37321
1995-11-17,143.72742
1995-11-18,176.00366
1995-11-19,142.34578
1995-11-20,169.06969
1995-11-21,219.2717
1995-11-22,225.19635
1995-11-23,183.91888
1995-11-24,115.5004
1995-11-25,151.7777
1995-11-26,189.16718
1995-11-27,175.1205
1995-11-28,168.80496
1995-11-29,269.82883
1995-11-30,205.45825
1995-12-01,96.44425
1995-12-02,95.42336
1995-12-03,157.86557
1995-12-04,212.92015
1995-12-05,214.63939
1995-12-06,297.42072
1995-12-07,240.3746
1995-12-08,270.9333
1995-12-09,233.33199
1995-12-10,125.91619
1995-12-11,139.07228
1995-12-12,211.02847
1995-12-13,140.03532
1995-12-14,109.40362
1995-12-15,153.33766
1995-12-16,216.83188
1995-12-17,243.37291
1995-12-18,166.18436
1995-12-19,176.55447
1995-12-20,250.92311
1995-12-21,247.51593
1995-12-22,244.99367
1995-12-23,207.12563
1995-12-24,262.4917
1995-12-25,335.58432
1995-12-26,314.12488
1995-12-27,239.88318
1995-12-28,223.67358
1995-12-29,223.44241
1995-12-30,266.40564
1995-12-31,210.89088
1996-01-01,144.09459
1996-01-02,165.22372
1996-01-03,208.23323
1996-01-04,190.3848
1996-01-05,208.05621
1996-01-06,339.91098
1996-01-07,346.64853
1996-01-08,152.77272
1996-01-09,149.48051
1996-01-10,187.8132
1996-01-11,175.2461
1996-01-12,138.71898
1996-01-13,132.52216
1996-01-14,241.44034
1996-01-15,225.46416
1996-01-16,174.5903
1996-01-17,176.3035
1996-01-18,292.47778
1996-01-19,283.76144
1996-01-20,150.55457
1996-01-21,115.17124
1996-01-22,204.90115
1996-01-23,412.40747
1996-01-24,270.76596
1996-01-25,112.19132
1996-01-26,179.0426
1996-01-27,148.55508
1996-01-28,121.839
1996-01-29,236.65985
1996-01-30,264.22064
1996-01-31,218.16638
1996-02-01,259.33853
1996-02-02,324.71835
1996-02-03,392.40396
1996-02-04,365.40384
1996-02-05,349.9093
1996-02-06,261.522
1996-02-07,210.99374
1996-02-08,154.86624
1996-02-09,139.99713
1996-02-10,207.51294
1996-02-11,309.92032
1996-02-12,347.8779
1996-02-13,350.059
1996-02-14,570.5956
1996-02-15,784.1799
1996-02-16,466.65085
1996-02-17,458.38855
1996-02-18,428.488
1996-02-19,294.51443
1996-02-20,269.00647
1996-02-21,262.4736
1996-02-22,221.14217
1996-02-23,152.72119
1996-02-24,126.42021
1996-02-25,136.87239
1996-02-26,161.28123
1996-02-27,238.95068
1996-02-28,270.403
1996-02-29,242.871
1996-03-01,294.95322
1996-03-02,391.83008
1996-03-03,336.36093
1996-03-04,256.26608
1996-03-05,211.53838
1996-03-06,220.19211
1996-03-07,237.51723
1996-03-08,232.31644
1996-03-09,266.7342
1996-03-10,177.08125
1996-03-11,188.29382
1996-03-12,241.94423
1996-03-13,176.23892
1996-03-14,134.16454
1996-03-15,152.47581
1996-03-16,209.22057
1996-03-17,283.46118
1996-03-18,226.44464
1996-03-19,148.63351
1996-03-20,136.82747
1996-03-21,190.22153
1996-03-22,193.38594
1996-03-23,312.86096
1996-03-24,370.59427
1996-03-25,232.19275
1996-03-26,236.7825
1996-03-27,225.11711
1996-03-28,189.07802
1996-03-29,196.43723
1996-03-30,250.18143
1996-03-31,262.39328
1996-04-01,220.87401
1996-04-02,241.15552
1996-04-03,307.31314
1996-04-04,257.81265
1996-04-05,191.7073
1996-04-06,250.84323
1996-04-07,331.78198
1996-04-08,306.68512
1996-04-09,323.9185
1996-04-10,378.77103
1996-04-11,304.70877
1996-04-12,240.5931
1996-04-13,194.75043
1996-04-14,137.84583
1996-04-15,161.95027
1996-04-16,177.28389
1996-04-17,240.96997
1996-04-18,280.59747
1996-04-19,271.97537
1996-04-20,269.26385
1996-04-21,204.08286
1996-04-22,189.16812
1996-04-23,188.61322
1996-04-24,159.88118
1996-04-25,173.62993
1996-04-26,122.12967
1996-04-27,156.73502
1996-04-28,255.75694
1996-04-29,267.676
1996-04-30,268.4129
1996-05-01,318.74762
1996-05-02,417.69244
1996-05-03,378.30673
1996-05-04,252.61087
1996-05-05,190.52635
1996-05-06,208.54103
1996-05-07,196.15944
1996-05-08,165.17194
1996-05-09,170.93721
1996-05-10,274.71082
1996-05-11,368.03357
1996-05-12,380.81766
1996-05-13,373.80475
1996-05-14,298.42914
1996-05-15,146.64195
1996-05-16,215.76112
1996-05-17,325.87732
1996-05-18,271.44046
1996-05-19,184.42699
1996-05-20,373.91446
1996-05-21,506.85522
1996-05-22,312.9844
1996-05-23,267.2796
1996-05-24,195.60867
1996-05-25,240.75569
1996-05-26,317.8014
1996-05-27,313.3341
1996-05-28,367.1717
1996-05-29,431.64966
1996-05-30,456.39487
1996-05-31,329.28677
1996-06-01,211.87517
1996-06-02,311.2048
1996-06-03,408.67856
1996-06-04,381.94577
1996-06-05,364.75885
1996-06-06,266.90167
1996-06-07,165.23064
1996-06-08,115.889595
1996-06-09,88.89743
1996-06-10,82.8712
1996-06-11,69.88746
1996-06-12,114.42707
1996-06-13,253.61058
1996-06-14,322.3635
1996-06-15,266.38132
1996-06-16,269.93225
1996-06-17,286.29446
1996-06-18,327.64
1996-06-19,334.9044
1996-06-20,386.199
1996-06-21,471.73352
1996-06-22,449.12427
1996-06-23,486.4107
1996-06-24,456.98322
1996-06-25,494.6747
1996-06-26,449.72437
1996-06-27,255.51353
1996-06-28,303.50638
1996-06-29,340.89218
1996-06-30,179.81871
1996-07-01,238.56058
1996-07-02,386.53467
1996-07-03,481.02432
1996-07-04,534.92706
1996-07-05,458.6719
1996-07-06,539.0796
1996-07-07,561.9461
1996-07-08,409.93307
1996-07-09,272.84366
1996-07-10,182.79477
1996-07-11,216.68921
1996-07-12,296.02567
1996-07-13,345.6641
1996-07-14,418.9912
1996-07-15,452.36267
1996-07-16,274.51898
1996-07-17,152.48549
1996-07-18,272.17136
1996-07-19,391.3728
1996-07-20,382.53497
1996-07-21,516.50323
1996-07-22,465.1988
1996-07-23,251.77682
1996-07-24,287.23636
1996-07-25,201.31625
1996-07-26,134.7471
1996-07-27,122.854576
1996-07-28,144.77397
1996-07-29,191.21901
1996-07-30,333.0865
1996-07-31,399.5542
1996-08-01,430.6907
1996-08-02,351.70795
1996-08-03,258.54486
1996-08-04,364.68622
1996-08-05,570.9343
1996-08-06,672.97766
1996-08-07,467.612
1996-08-08,813.19934
1996-08-09,829.3408
1996-08-10,410.53976
1996-08-11,477.04807
1996-08-12,349.35468
1996-08-13,318.1513
1996-08-14,212.46109
1996-08-15,175.08597
1996-08-16,183.24
1996-08-17,124.50667
1996-08-18,128.72754
1996-08-19,331.43466
1996-08-20,385.81003
1996-08-21,237.82103
1996-08-22,271.61942
1996-08-23,285.54007
1996-08-24,278.42993
1996-08-25,217.85033
1996-08-26,215.72394
1996-08-27,144.25992
1996-08-28,150.84271
1996-08-29,138.73868
1996-08-30,115.52709
1996-08-31,199.95137
1996-09-01,302.0885
1996-09-02,420.19055
1996-09-03,662.2681
1996-09-04,626.9143
1996-09-05,232.23131
1996-09-06,137.77519
1996-09-07,233.13748
1996-09-08,315.4694
1996-09-09,214.25441
1996-09-10,97.801476
1996-09-11,105.14717
1996-09-12,189.2542
1996-09-13,277.04517
1996-09-14,297.4763
1996-09-15,240.65721
1996-09-16,179.83858
1996-09-17,262.0261
1996-09-18,659.94794
1996-09-19,789.20215
1996-09-20,401.73944
1996-09-21,591.24963
1996-09-22,778.17944
1996-09-23,330.19263
1996-09-24,251.3763
1996-09-25,136.7343
1996-09-26,155.93848
1996-09-27,314.58377
1996-09-28,417.40573
1996-09-29,192.44878
1996-09-30,198.60944
1996-10-01,250.84859
1996-10-02,349.74228
1996-10-03,358.8517
1996-10-04,195.56403
1996-10-05,139.47493
1996-10-06,144.45276
1996-10-07,131.92314
1996-10-08,552.6831
1996-10-09,694.05817
1996-10-10,267.3081
1996-10-11,205.34903
1996-10-12,132.60463
1996-10-13,165.5855
1996-10-14,121.41817
1996-10-15,61.174603
1996-10-16,58.40649
1996-10-17,148.72903
1996-10-18,258.57828
1996-10-19,261.99088
1996-10-20,142.9949
1996-10-21,150.78807
1996-10-22,213.53935
1996-10-23,230.45723
1996-10-24,213.179
1996-10-25,151.68573
1996-10-26,104.6318
1996-10-27,131.47507
1996-10-28,234.58356
1996-10-29,289.8277
1996-10-30,271.73254
1996-10-31,231.79617
1996-11-01,256.44995
1996-11-02,220.49837
1996-11-03,235.27316
1996-11-04,235.16142
1996-11-05,144.47078
1996-11-06,112.22313
1996-11-07,105.65827
1996-11-08,95.65365
1996-11-09,86.438614
1996-11-10,74.893585
1996-11-11,71.09744
1996-11-12,81.90033
1996-11-13,104.28029
1996-11-14,115.30886
1996-11-15,147.2129
1996-11-16,363.4482
1996-11-17,258.51215
1996-11-18,84.411674
1996-11-19,155.70615
1996-11-20,125.64982
1996-11-21,53.18216
1996-11-22,47.985203
1996-11-23,45.76088
1996-11-24,53.102097
1996-11-25,78.01174
1996-11-26,121.20806
1996-11-27,241.93762
1996-11-28,273.97815
1996-11-29,196.7909
1996-11-30,340.06375
1996-12-01,339.0244
1996-12-02,210.93182
1996-12-03,234.09793
1996-12-04,238.5809
1996-12-05,255.26318
1996-12-06,286.44073
1996-12-07,257.08478
1996-12-08,182.34799
1996-12-09,161.57372
1996-12-10,139.78946
1996-12-11,101.290085
1996-12-12,319.43457
1996-12-13,377.29477
1996-12-14,201.07915
1996-12-15,218.48215
1996-12-16,278.2413
1996-12-17,380.60086
1996-12-18,377.78946
1996-12-19,281.32843
1996-12-20,179.74797
1996-12-21,127.289055
1996-12-22,119.07071
1996-12-23,112.900406
1996-12-24,108.521484
1996-12-25,122.01923
1996-12-26,126.46813
1996-12-27,103.18446
1996-12-28,118.1677
1996-12-29,211.89423
1996-12-30,210.94421
1996-12-31,179.45909
1997-01-01,350.73282
1997-01-02,510.5954
1997-01-03,397.11554
1997-01-04,161.37926
1997-01-05,136.39986
1997-01-06,174.87474
1997-01-07,256.47903
1997-01-08,221.74864
1997-01-09,172.84447
1997-01-10,129.08003
1997-01-11,410.49106
1997-01-12,513.35815
1997-01-13,223.70103
1997-01-14,172.74649
1997-01-15,144.80301
1997-01-16,449.98932
1997-01-17,462.90222
1997-01-18,249.41458
1997-01-19,203.73735
1997-01-20,237.28242
1997-01-21,478.81256
1997-01-22,458.90912
1997-01-23,297.88547
1997-01-24,405.8812
1997-01-25,431.99655
1997-01-26,299.55066
1997-01-27,289.5443
1997-01-28,299.37656
1997-01-29,241.81792
1997-01-30,225.59935
1997-01-31,279.30704
1997-02-01,289.78195
1997-02-02,207.23631
1997-02-03,148.42322
1997-02-04,142.96172
1997-02-05,201.12982
1997-02-06,208.35309
1997-02-07,137.80847
1997-02-08,196.88771
1997-02-09,282.32156
1997-02-10,329.83325
1997-02-11,348.05325
1997-02-12,410.24078
1997-02-13,407.6754
1997-02-14,415.24225
1997-02-15,429.29398
1997-02-16,298.71707
1997-02-17,193.50609
1997-02-18,225.95001
1997-02-19,193.76297
1997-02-20,171.01378
1997-02-21,150.7222
1997-02-22,93.12315
1997-02-23,93.846146
1997-02-24,156.21494
1997-02-25,276.59918
1997-02-26,297.9663
1997-02-27,324.89673
1997-02-28,444.5604
1997-03-01,423.19443
1997-03-02,243.11105
1997-03-03,166.6814
1997-03-04,126.57912
1997-03-05,100.95491
1997-03-06,118.32298
1997-03-07,99.43357
1997-03-08,55.729744
1997-03-09,51.770367
1997-03-10,69.25993
1997-03-11,105.974335
1997-03-12,111.75846
1997-03-13,105.012764
1997-03-14,155.1493
1997-03-15,186.90393
1997-03-16,158.12915
1997-03-17,165.4446
1997-03-18,231.46437
1997-03-19,264.8265
1997-03-20,247.00119
1997-03-21,165.23625
1997-03-22,78.49038
1997-03-23,61.91122
1997-03-24,57.01783
1997-03-25,50.793087
1997-03-26,54.461704
1997-03-27,76.69966
1997-03-28,74.61185
1997-03-29,47.347076
1997-03-30,35.44775
1997-03-31,36.74289
1997-04-01,45.101864
1997-04-02,58.68711
1997-04-03,59.64276
1997-04-04,91.76574
1997-04-05,148.22177
1997-04-06,117.65274
1997-04-07,76.9805
1997-04-08,102.324394
1997-04-09,188.16663
1997-04-10,257.2648
1997-04-11,228.35501
1997-04-12,144.51067
1997-04-13,129.2703
1997-04-14,139.11989
1997-04-15,178.33928
1997-04-16,225.60411
1997-04-17,168.9804
1997-04-18,176.18614
1997-04-19,320.28503
1997-04-20,368.23804
1997-04-21,403.65375
1997-04-22,390.585
1997-04-23,383.9424
1997-04-24,474.29434
1997-04-25,284.75092
1997-04-26,160.39253
1997-04-27,211.61266
1997-04-28,412.08255
1997-04-29,391.32913
1997-04-30,221.06166
1997-05-01,203.82086
1997-05-02,241.04655
1997-05-03,404.81012
1997-05-04,498.59467
1997-05-05,355.33188
1997-05-06,290.40424
1997-05-07,331.08548
1997-05-08,252.57455
1997-05-09,159.4278
1997-05-10,137.36903
1997-05-11,246.17397
1997-05-12,344.06796
1997-05-13,427.21387
1997-05-14,299.24292
1997-05-15,331.71252
1997-05-16,323.1839
1997-05-17,220.7532
1997-05-18,199.53804
1997-05-19,220.89613
1997-05-20,259.20685
1997-05-21,311.54953
1997-05-22,434.06082
1997-05-23,409.76843
1997-05-24,314.9835
1997-05-25,158.46388
1997-05-26,183.84142
1997-05-27,301.85938
1997-05-28,267.52307
1997-05-29,222.84206
1997-05-30,223.16618
1997-05-31,316.80353
1997-06-01,325.19775
1997-06-02,306.01337
1997-06-03,329.07974
1997-06-04,199.25641
1997-06-05,163.2913
1997-06-06,221.65079
1997-06-07,161.77133
1997-06-08,363.21622
1997-06-09,299.3603
1997-06-10,89.48722
1997-06-11,132.14134
1997-06-12,267.0267
1997-06-13,348.73233
1997-06-14,259.61578
1997-06-15,226.37149
1997-06-16,233.22728
1997-06-17,166.9549
1997-06-18,265.2866
1997-06-19,381.5225
1997-06-20,301.0666
1997-06-21,329.09604
1997-06-22,384.38882
1997-06-23,301.4833
1997-06-24,156.62834
1997-06-25,200.59384
1997-06-26,481.34366
1997-06-27,633.49896
1997-06-28,456.7418
1997-06-29,256.9578
1997-06-30,139.8671
1997-07-01,205.85944
1997-07-02,304.26242
1997-07-03,342.97864
1997-07-04,395.32074
1997-07-05,345.24194
1997-07-06,207.40454
1997-07-07,288.00305
1997-07-08,270.6003
1997-07-09,215.5361
1997-07-10,284.8882
1997-07-11,476.71515
1997-07-12,593.8721
1997-07-13,315.47598
1997-07-14,341.14706
1997-07-15,107.173775
1997-07-16,62.365517
1997-07-17,82.998535
1997-07-18,195.33578
1997-07-19,225.17621
1997-07-20,76.35263
1997-07-21,41.91574
1997-07-22,38.031372
1997-07-23,35.742886
1997-07-24,33.720875
1997-07-25,31.81886
1997-07-26,30.138577
1997-07-27,28.790134
1997-07-28,27.577074
1997-07-29,28.936546
1997-07-30,48.704254
1997-07-31,87.75821
1997-08-01,120.20093
1997-08-02,110.74361
1997-08-03,56.041264
1997-08-04,42.93705
1997-08-05,29.01087
1997-08-06,22.201923
1997-08-07,21.55919
1997-08-08,32.633343
1997-08-09,41.495144
1997-08-10,24.420649
1997-08-11,20.725548
1997-08-12,22.756414
1997-08-13,42.168312
1997-08-14,80.14675
1997-08-15,132.69511
1997-08-16,128.2728
1997-08-17,63.034058
1997-08-18,92.126854
1997-08-19,125.98205
1997-08-20,184.53426
1997-08-21,263.2748
1997-08-22,228.89983
1997-08-23,118.476776
1997-08-24,107.77025
1997-08-25,95.75305
1997-08-26,91.103424
1997-08-27,40.51214
1997-08-28,41.686035
1997-08-29,44.768032
1997-08-30,59.02369
1997-08-31,72.31649
1997-09-01,64.64339
1997-09-02,66.67694
1997-09-03,147.69664
1997-09-04,290.72525
1997-09-05,245.85245
1997-09-06,147.73715
1997-09-07,164.52808
1997-09-08,234.87686
1997-09-09,276.07733
1997-09-10,215.45503
1997-09-11,114.54423
1997-09-12,128.83089
1997-09-13,204.70891
1997-09-14,246.61356
1997-09-15,232.95042
1997-09-16,263.32236
1997-09-17,192.60338
1997-09-18,130.2638
1997-09-19,126.97725
1997-09-20,171.61536
1997-09-21,371.40143
1997-09-22,468.05084
1997-09-23,206.12039
1997-09-24,267.4728
1997-09-25,236.05093
1997-09-26,160.55373
1997-09-27,321.65628
1997-09-28,410.7542
1997-09-29,347.75287
1997-09-30,234.57446
1997-10-01,219.72899
1997-10-02,168.38005
1997-10-03,195.9466
1997-10-04,261.92203
1997-10-05,179.87401
1997-10-06,226.80048
1997-10-07,281.5138
1997-10-08,274.85367
1997-10-09,273.41235
1997-10-10,216.22089
1997-10-11,211.34625
1997-10-12,92.4952
1997-10-13,89.07413
1997-10-14,368.92026
1997-10-15,555.0684
1997-10-16,332.27347
1997-10-17,114.59179
1997-10-18,76.55353
1997-10-19,108.141174
1997-10-20,118.94344
1997-10-21,96.328705
1997-10-22,162.22653
1997-10-23,294.47498
1997-10-24,302.1486
1997-10-25,173.66202
1997-10-26,171.17055
1997-10-27,95.136
1997-10-28,134.91397
1997-10-29,182.80354
1997-10-30,212.77902
1997-10-31,222.85352
1997-11-01,248.8375
1997-11-02,273.8332
1997-11-03,293.34296
1997-11-04,264.88757
1997-11-05,322.55862
1997-11-06,355.72775
1997-11-07,336.3441
1997-11-08,271.35654
1997-11-09,274.1048
1997-11-10,340.92853
1997-11-11,317.2081
1997-11-12,185.77838
1997-11-13,280.00616
1997-11-14,264.17453
1997-11-15,164.3525
1997-11-16,88.543335
1997-11-17,55.926765
1997-11-18,82.99964
1997-11-19,134.32402
1997-11-20,143.1862
1997-11-21,149.846
1997-11-22,122.542465
1997-11-23,108.01808
1997-11-24,187.90857
1997-11-25,228.68272
1997-11-26,289.7298
1997-11-27,281.4138
1997-11-28,119.15052
1997-11-29,82.78366
1997-11-30,88.95363
1997-12-01,117.62512
1997-12-02,168.92876
1997-12-03,201.2318
1997-12-04,235.33913
1997-12-05,183.7375
1997-12-06,75.42883
1997-12-07,127.883026
1997-12-08,215.17941
1997-12-09,166.22789
1997-12-10,108.97126
1997-12-11,171.4772
1997-12-12,193.30019
1997-12-13,190.0776
1997-12-14,145.44281
1997-12-15,156.96013
1997-12-16,172.91364
1997-12-17,153.71892
1997-12-18,119.201935
1997-12-19,133.56873
1997-12-20,167.24242
1997-12-21,108.45765
1997-12-22,85.74622
1997-12-23,114.44704
1997-12-24,101.99781
1997-12-25,134.0088
1997-12-26,271.44446
1997-12-27,227.52084
1997-12-28,94.24423
1997-12-29,84.25718
1997-12-30,82.336266
1997-12-31,115.67079
1998-01-01,215.06964
1998-01-02,268.80588
1998-01-03,161.2033
1998-01-04,73.87671
1998-01-05,55.432434
1998-01-06,63.157944
1998-01-07,122.664986
1998-01-08,174.85414
1998-01-09,105.96038
1998-01-10,61.14976
1998-01-11,94.821106
1998-01-12,126.169495
1998-01-13,174.56651
1998-01-14,252.44025
1998-01-15,207.44778
1998-01-16,148.97125
1998-01-17,127.51731
1998-01-18,183.1471
1998-01-19,193.7051
1998-01-20,329.1655
1998-01-21,425.5736
1998-01-22,153.65395
1998-01-23,144.0733
1998-01-24,133.8566
1998-01-25,92.499306
1998-01-26,71.85818
1998-01-27,55.572895
1998-01-28,70.51256
1998-01-29,89.467575
1998-01-30,73.834564
1998-01-31,92.68735
1998-02-01,102.959694
1998-02-02,77.03884
1998-02-03,94.905945
1998-02-04,139.6459
1998-02-05,172.0549
1998-02-06,162.1181
1998-02-07,169.29182
1998-02-08,180.98457
1998-02-09,278.7148
1998-02-10,398.40897
1998-02-11,287.24048
1998-02-12,158.92432
1998-02-13,171.91861
1998-02-14,222.60806
1998-02-15,332.68848
1998-02-16,319.3183
1998-02-17,151.90883
1998-02-18,65.26249
1998-02-19,60.08383
1998-02-20,72.16566
1998-02-21,88.89774
1998-02-22,91.315315
1998-02-23,85.30672
1998-02-24,96.49577
1998-02-25,159.62973
1998-02-26,159.33978
1998-02-27,125.54721
1998-02-28,189.79893
1998-03-01,313.97244
1998-03-02,425.66962
1998-03-03,351.8365
1998-03-04,326.00504
1998-03-05,268.23566
1998-03-06,830.2813
1998-03-07,1242.0878
1998-03-08,492.24918
1998-03-09,420.71454
1998-03-10,372.4074
1998-03-11,336.23132
1998-03-12,247.66028
1998-03-13,173.14966
1998-03-14,167.03612
1998-03-15,157.25139
1998-03-16,114.92783
1998-03-17,202.63924
1998-03-18,279.67032
1998-03-19,237.4648
1998-03-20,279.447
1998-03-21,267.77103
1998-03-22,280.12494
1998-03-23,300.53455
1998-03-24,347.3374
1998-03-25,333.64023
1998-03-26,187.66046
1998-03-27,281.51367
1998-03-28,296.962
1998-03-29,161.34532
1998-03-30,129.87141
1998-03-31,174.03928
1998-04-01,203.60812
1998-04-02,154.21277
1998-04-03,245.35698
1998-04-04,363.49512
1998-04-05,373.17755
1998-04-06,333.06525
1998-04-07,375.09756
1998-04-08,465.58847
1998-04-09,416.7004
1998-04-10,518.3948
1998-04-11,567.53925
1998-04-12,731.6769
1998-04-13,641.1324
1998-04-14,301.13333
1998-04-15,355.2843
1998-04-16,259.22635
1998-04-17,170.17592
1998-04-18,162.85168
1998-04-19,224.88728
1998-04-20,511.678
1998-04-21,631.20276
1998-04-22,285.79773
1998-04-23,291.37888
1998-04-24,333.6028
1998-04-25,386.0239
1998-04-26,369.91675
1998-04-27,405.20795
1998-04-28,688.4092
1998-04-29,837.9179
1998-04-30,544.1223
1998-05-01,553.92004
1998-05-02,674.18604
1998-05-03,669.51605
1998-05-04,338.13986
1998-05-05,265.81607
1998-05-06,199.22923
1998-05-07,157.16019
1998-05-08,173.82756
1998-05-09,209.93849
1998-05-10,234.34041
1998-05-11,224.60931
1998-05-12,186.08928
1998-05-13,208.88547
1998-05-14,217.37271
1998-05-15,222.30692
1998-05-16,147.4876
1998-05-17,127.36056
1998-05-18,206.39641
1998-05-19,227.36281
1998-05-20,93.045975
1998-05-21,69.15289
1998-05-22,93.86921
1998-05-23,102.41211
1998-05-24,138.60304
1998-05-25,266.71936
1998-05-26,319.25266
1998-05-27,288.66956
1998-05-28,632.8597
1998-05-29,1025.2631
1998-05-30,639.7926
1998-05-31,323.6192
1998-06-01,258.5438
1998-06-02,353.73495
1998-06-03,375.20755
1998-06-04,497.97687
1998-06-05,625.89557
1998-06-06,498.92694
1998-06-07,435.0241
1998-06-08,416.99667
1998-06-09,465.01874
1998-06-10,571.7347
1998-06-11,421.75336
1998-06-12,340.7338
1998-06-13,352.01385
1998-06-14,243.52734
1998-06-15,160.61836
1998-06-16,276.00952
1998-06-17,348.23346
1998-06-18,464.1048
1998-06-19,497.54184
1998-06-20,383.09927
1998-06-21,317.6796
1998-06-22,376.30438
1998-06-23,397.38925
1998-06-24,448.58597
1998-06-25,495.93958
1998-06-26,384.70044
1998-06-27,274.32184
1998-06-28,375.39398
1998-06-29,369.0016
1998-06-30,449.6016
1998-07-01,486.38083
1998-07-02,325.8281
1998-07-03,120.25719
1998-07-04,150.11618
1998-07-05,223.08229
1998-07-06,300.72125
1998-07-07,356.536
1998-07-08,350.86353
1998-07-09,360.38235
1998-07-10,415.5796
1998-07-11,429.69855
1998-07-12,445.63882
1998-07-13,475.96576
1998-07-14,431.35178
1998-07-15,327.3562
1998-07-16,355.7181
1998-07-17,341.17505
1998-07-18,357.86328
1998-07-19,514.2431
1998-07-20,708.3622
1998-07-21,624.8246
1998-07-22,406.25516
1998-07-23,532.38025
1998-07-24,647.08575
1998-07-25,542.8592
1998-07-26,657.5384
1998-07-27,844.7772
1998-07-28,636.0469
1998-07-29,268.49448
1998-07-30,300.9822
1998-07-31,553.38965
1998-08-01,664.61676
1998-08-02,455.89807
1998-08-03,578.6423
1998-08-04,341.20676
1998-08-05,352.4807
1998-08-06,568.9132
1998-08-07,630.3382
1998-08-08,433.10654
1998-08-09,359.997
1998-08-10,275.5139
1998-08-11,195.71375
1998-08-12,246.89249
1998-08-13,334.05045
1998-08-14,300.3441
1998-08-15,370.09198
1998-08-16,440.54614
1998-08-17,414.37506
1998-08-18,418.3303
1998-08-19,551.0185
1998-08-20,538.1705
1998-08-21,211.57567
1998-08-22,187.793
1998-08-23,224.15372
1998-08-24,254.84686
1998-08-25,277.80246
1998-08-26,261.50833
1998-08-27,318.21072
1998-08-28,530.70715
1998-08-29,604.37634
1998-08-30,464.50586
1998-08-31,515.18805
1998-09-01,557.2809
1998-09-02,681.9454
1998-09-03,492.93295
1998-09-04,411.44046
1998-09-05,533.12366
1998-09-06,506.83008
1998-09-07,442.723
1998-09-08,397.94446
1998-09-09,293.3004
1998-09-10,352.5053
1998-09-11,324.40216
1998-09-12,340.66843
1998-09-13,324.35428
1998-09-14,263.4382
1998-09-15,291.84616
1998-09-16,338.14108
1998-09-17,296.72955
1998-09-18,215.20233
1998-09-19,154.94678
1998-09-20,127.7485
1998-09-21,175.34639
1998-09-22,279.78485
1998-09-23,394.1114
1998-09-24,314.03693
1998-09-25,310.7024
1998-09-26,333.74103
1998-09-27,320.1105
1998-09-28,293.45862
1998-09-29,194.69987
1998-09-30,154.214
1998-10-01,158.45563
1998-10-02,189.7715
1998-10-03,330.8206
1998-10-04,367.44272
1998-10-05,280.17123
1998-10-06,289.64355
1998-10-07,250.7146
1998-10-08,288.92102
1998-10-09,263.3372
1998-10-10,287.205
1998-10-11,305.4156
1998-10-12,192.5479
1998-10-13,97.04652
1998-10-14,91.31421
1998-10-15,86.26121
1998-10-16,126.899796
1998-10-17,167.89891
1998-10-18,109.458435
1998-10-19,86.216415
1998-10-20,275.34976
1998-10-21,388.1389
1998-10-22,226.28633
1998-10-23,183.90219
1998-10-24,244.37624
1998-10-25,243.73471
1998-10-26,275.1458
1998-10-27,349.9563
1998-10-28,300.13763
1998-10-29,176.25174
1998-10-30,135.76141
1998-10-31,165.41989
1998-11-01,293.0889
1998-11-02,382.60153
1998-11-03,273.46036
1998-11-04,250.19983
1998-11-05,233.16666
1998-11-06,288.32507
1998-11-07,263.34326
1998-11-08,271.506
1998-11-09,483.45343
1998-11-10,246.31108
1998-11-11,140.372
1998-11-12,198.28835
1998-11-13,342.13483
1998-11-14,288.4598
1998-11-15,191.34329
1998-11-16,235.30052
1998-11-17,252.9998
1998-11-18,199.5977
1998-11-19,201.25218
1998-11-20,242.52336
1998-11-21,254.01468
1998-11-22,214.36043
1998-11-23,243.39253
1998-11-24,186.87756
1998-11-25,120.90778
1998-11-26,213.05417
1998-11-27,259.52078
1998-11-28,284.64255
1998-11-29,230.62196
1998-11-30,177.21538
1998-12-01,160.9261
1998-12-02,257.1523
1998-12-03,253.23642
1998-12-04,147.42638
1998-12-05,115.26972
1998-12-06,96.237366
1998-12-07,125.39302
1998-12-08,125.211815
1998-12-09,84.69704
1998-12-10,90.682236
1998-12-11,126.96366
1998-12-12,189.93544
1998-12-13,225.82776
1998-12-14,217.82373
1998-12-15,257.0857
1998-12-16,356.92923
1998-12-17,435.6421
1998-12-18,285.83392
1998-12-19,176.8176
1998-12-20,169.51671
1998-12-21,143.6543
1998-12-22,163.01068
1998-12-23,149.77068
1998-12-24,79.45791
1998-12-25,82.3646
1998-12-26,118.04644
1998-12-27,168.31699
1998-12-28,138.27863
1998-12-29,143.79855
1998-12-30,160.69672
1998-12-31,109.237526
1999-01-01,111.75932
1999-01-02,162.28836
1999-01-03,351.0518
1999-01-04,363.06467
1999-01-05,287.566
1999-01-06,365.3766
1999-01-07,326.30142
1999-01-08,210.9565
1999-01-09,184.49779
1999-01-10,221.82396
1999-01-11,297.73346
1999-01-12,675.1981
1999-01-13,675.56805
1999-01-14,863.44824
1999-01-15,772.3762
1999-01-16,377.70493
1999-01-17,240.43784
1999-01-18,189.75815
1999-01-19,177.41412
1999-01-20,253.34361
1999-01-21,306.6357
1999-01-22,270.12653
1999-01-23,279.70837
1999-01-24,364.77914
1999-01-25,419.30176
1999-01-26,381.48126
1999-01-27,341.47345
1999-01-28,241.2186
1999-01-29,207.1609
1999-01-30,180.91415
1999-01-31,146.92793
1999-02-01,124.25932
1999-02-02,148.59348
1999-02-03,173.57098
1999-02-04,215.6508
1999-02-05,286.42673
1999-02-06,287.9163
1999-02-07,296.36243
1999-02-08,280.76987
1999-02-09,174.3852
1999-02-10,149.1186
1999-02-11,244.32674
1999-02-12,297.8137
1999-02-13,318.38907
1999-02-14,352.46933
1999-02-15,264.68967
1999-02-16,218.35588
1999-02-17,273.85727
1999-02-18,261.41483
1999-02-19,228.21588
1999-02-20,200.97688
1999-02-21,209.90547
1999-02-22,168.43668
1999-02-23,174.39595
1999-02-24,189.8221
1999-02-25,236.38995
1999-02-26,277.64786
1999-02-27,237.29951
1999-02-28,271.55246
1999-03-01,259.5759
1999-03-02,305.0315
1999-03-03,235.06822
1999-03-04,167.76123
1999-03-05,256.84262
1999-03-06,312.75198
1999-03-07,202.10013
1999-03-08,140.9978
1999-03-09,159.95882
1999-03-10,395.18793
1999-03-11,480.08804
1999-03-12,165.14883
1999-03-13,153.7748
1999-03-14,219.50371
1999-03-15,298.17407
1999-03-16,414.66138
1999-03-17,512.912
1999-03-18,342.05212
1999-03-19,204.63704
1999-03-20,214.29642
1999-03-21,200.55295
1999-03-22,188.45312
1999-03-23,181.39606
1999-03-24,206.8628
1999-03-25,239.87433
1999-03-26,257.38992
1999-03-27,350.27234
1999-03-28,346.66635
1999-03-29,403.25732
1999-03-30,478.42557
1999-03-31,365.3763
1999-04-01,342.02435
1999-04-02,280.4877
1999-04-03,196.56927
1999-04-04,223.87596
1999-04-05,238.81833
1999-04-06,196.53033
1999-04-07,125.63209
1999-04-08,131.23903
1999-04-09,161.13483
1999-04-10,168.80078
1999-04-11,169.25075
1999-04-12,210.28564
1999-04-13,229.13078
1999-04-14,324.7303
1999-04-15,392.2291
1999-04-16,316.59717
1999-04-17,411.10925
1999-04-18,613.2998
1999-04-19,636.1452
1999-04-20,663.5757
1999-04-21,609.7689
1999-04-22,422.17435
1999-04-23,514.56586
1999-04-24,596.17175
1999-04-25,337.92783
1999-04-26,315.8915
1999-04-27,263.89392
1999-04-28,306.08627
1999-04-29,294.6851
1999-04-30,187.26123
1999-05-01,288.0087
1999-05-02,318.5508
1999-05-03,287.44223
1999-05-04,353.3296
1999-05-05,380.22827
1999-05-06,472.31747
1999-05-07,532.278
1999-05-08,469.43506
1999-05-09,442.13834
1999-05-10,414.2633
1999-05-11,271.50287
1999-05-12,163.807
1999-05-13,166.11356
1999-05-14,280.3911
1999-05-15,303.98685
1999-05-16,302.7147
1999-05-17,348.11182
1999-05-18,266.00854
1999-05-19,239.88316
1999-05-20,280.40372
1999-05-21,289.08197
1999-05-22,299.6788
1999-05-23,364.11224
1999-05-24,455.73904
1999-05-25,416.24686
1999-05-26,289.67953
1999-05-27,315.071
1999-05-28,215.7592
1999-05-29,214.22498
1999-05-30,332.02148
1999-05-31,411.86362
1999-06-01,413.62018
1999-06-02,204.58818
1999-06-03,330.99823
1999-06-04,446.95966
1999-06-05,422.03436
1999-06-06,569.7921
1999-06-07,501.91058
1999-06-08,455.54263
1999-06-09,346.79062
1999-06-10,268.23
1999-06-11,284.18475
1999-06-12,251.24919
1999-06-13,245.60052
1999-06-14,305.8647
1999-06-15,319.0913
1999-06-16,334.81107
1999-06-17,381.57657
1999-06-18,309.53723
1999-06-19,318.75305
1999-06-20,289.79584
1999-06-21,275.68567
1999-06-22,396.86655
1999-06-23,612.98987
1999-06-24,665.63293
1999-06-25,402.47876
1999-06-26,279.6862
1999-06-27,317.83755
1999-06-28,327.83966
1999-06-29,262.264
1999-06-30,221.41357
1999-07-01,194.03162
1999-07-02,302.41248
1999-07-03,369.3415
1999-07-04,366.9705
1999-07-05,412.20496
1999-07-06,472.65683
1999-07-07,341.87347
1999-07-08,512.09686
1999-07-09,647.70917
1999-07-10,488.4804
1999-07-11,225.60965
1999-07-12,174.72234
1999-07-13,333.6783
1999-07-14,339.95938
1999-07-15,139.70604
1999-07-16,145.46967
1999-07-17,226.28505
1999-07-18,213.63033
1999-07-19,132.81717
1999-07-20,129.4177
1999-07-21,241.4284
1999-07-22,746.52765
1999-07-23,925.3538
1999-07-24,597.7716
1999-07-25,866.6515
1999-07-26,563.97955
1999-07-27,221.0865
1999-07-28,294.35275
1999-07-29,357.80576
1999-07-30,361.0645
1999-07-31,451.13663
1999-08-01,341.05795
1999-08-02,257.61475
1999-08-03,150.1959
1999-08-04,114.22334
1999-08-05,144.63547
1999-08-06,220.25443
1999-08-07,206.30606
1999-08-08,193.3825
1999-08-09,512.0075
1999-08-10,933.02563
1999-08-11,681.642
1999-08-12,371.0653
1999-08-13,397.59238
1999-08-14,594.95856
1999-08-15,692.9441
1999-08-16,490.1803
1999-08-17,263.91788
1999-08-18,206.6959
1999-08-19,166.42555
1999-08-20,243.38557
1999-08-21,504.52484
1999-08-22,728.2147
1999-08-23,455.34958
1999-08-24,184.58353
1999-08-25,168.12897
1999-08-26,187.4475
1999-08-27,178.31258
1999-08-28,213.50081
1999-08-29,274.75677
1999-08-30,246.06398
1999-08-31,165.06258
1999-09-01,119.93288
1999-09-02,187.6251
1999-09-03,267.31348
1999-09-04,223.4689
1999-09-05,243.78502
1999-09-06,324.4209
1999-09-07,340.9814
1999-09-08,242.605
1999-09-09,175.81648
1999-09-10,174.37836
1999-09-11,171.66943
1999-09-12,186.82321
1999-09-13,175.53407
1999-09-14,194.27092
1999-09-15,143.63147
1999-09-16,97.56564
1999-09-17,142.41072
1999-09-18,301.29825
1999-09-19,488.14447
1999-09-20,569.708
1999-09-21,509.8828
1999-09-22,249.41277
1999-09-23,311.39148
1999-09-24,394.3719
1999-09-25,293.5279
1999-09-26,241.79886
1999-09-27,233.35185
1999-09-28,200.03307
1999-09-29,236.29836
1999-09-30,284.14862
1999-10-01,248.59242
1999-10-02,207.04297
1999-10-03,185.83624
1999-10-04,197.30281
1999-10-05,300.1731
1999-10-06,328.48468
1999-10-07,261.57422
1999-10-08,196.00862
1999-10-09,202.7476
1999-10-10,427.20248
1999-10-11,555.45074
1999-10-12,380.58234
1999-10-13,461.14975
1999-10-14,419.89618
1999-10-15,486.34222
1999-10-16,411.04022
1999-10-17,301.45694
1999-10-18,202.35834
1999-10-19,165.43166
1999-10-20,200.29494
1999-10-21,261.6186
1999-10-22,252.79819
1999-10-23,184.45538
1999-10-24,161.94453
1999-10-25,139.95354
1999-10-26,195.3476
1999-10-27,224.82794
1999-10-28,319.45303
1999-10-29,330.71027
1999-10-30,261.97092
1999-10-31,264.95078
1999-11-01,230.74712
1999-11-02,225.90536
1999-11-03,193.02809
1999-11-04,223.09973
1999-11-05,182.13802
1999-11-06,190.9292
1999-11-07,272.59653
1999-11-08,347.59723
1999-11-09,272.99728
1999-11-10,130.08235
1999-11-11,124.26971
1999-11-12,167.83583
1999-11-13,240.97005
1999-11-14,236.57025
1999-11-15,289.2642
1999-11-16,291.79626
1999-11-17,162.60973
1999-11-18,173.91716
1999-11-19,184.9283
1999-11-20,159.35312
1999-11-21,250.4926
1999-11-22,212.78658
1999-11-23,164.7905
1999-11-24,217.42323
1999-11-25,216.86417
1999-11-26,312.305
1999-11-27,218.62015
1999-11-28,127.495
1999-11-29,175.78142
1999-11-30,201.87967
1999-12-01,229.9968
1999-12-02,371.85788
1999-12-03,400.05066
1999-12-04,218.29118
1999-12-05,147.77603
1999-12-06,220.87196
1999-12-07,189.18242
1999-12-08,198.89288
1999-12-09,163.5274
1999-12-10,191.26959
1999-12-11,236.36302
1999-12-12,221.19127
1999-12-13,386.2123
1999-12-14,321.9567
1999-12-15,260.05728
1999-12-16,242.01279
1999-12-17,206.66594
1999-12-18,262.50894
1999-12-19,416.8082
1999-12-20,307.04587
1999-12-21,216.78348
1999-12-22,191.45566
1999-12-23,202.50339
1999-12-24,342.76642
1999-12-25,541.4065
1999-12-26,534.17236
1999-12-27,259.60037
1999-12-28,137.17802
1999-12-29,124.31864
1999-12-30,112.56271
1999-12-31,119.6306
2000-01-01,124.16243
2000-01-02,163.05585
2000-01-03,251.15898
2000-01-04,277.21713
2000-01-05,218.32191
2000-01-06,154.94513
2000-01-07,162.04076
2000-01-08,286.2657
2000-01-09,255.3809
2000-01-10,178.2742
2000-01-11,132.19933
2000-01-12,139.0169
2000-01-13,177.71373
2000-01-14,153.32664
2000-01-15,130.23058
2000-01-16,158.6502
2000-01-17,235.6953
2000-01-18,257.00415
2000-01-19,248.78186
2000-01-20,197.84018
2000-01-21,166.17966
2000-01-22,220.27014
2000-01-23,268.91287
2000-01-24,279.74344
2000-01-25,205.61537
2000-01-26,205.62178
2000-01-27,200.51788
2000-01-28,149.02565
2000-01-29,266.60596
2000-01-30,390.7934
2000-01-31,258.0151
2000-02-01,231.60806
2000-02-02,259.43616
2000-02-03,318.28088
2000-02-04,387.56686
2000-02-05,445.6753
2000-02-06,438.04694
2000-02-07,302.1033
2000-02-08,234.20633
2000-02-09,220.77098
2000-02-10,160.94263
2000-02-11,126.10428
2000-02-12,158.6407
2000-02-13,202.67787
2000-02-14,190.98044
2000-02-15,92.31421
2000-02-16,83.16447
2000-02-17,91.738945
2000-02-18,246.7817
2000-02-19,191.97543
2000-02-20,99.54106
2000-02-21,178.34332
2000-02-22,191.03021
2000-02-23,216.19263
2000-02-24,215.16046
2000-02-25,328.79785
2000-02-26,333.9276
2000-02-27,137.4869
2000-02-28,152.41342
2000-02-29,178.61331
2000-03-01,190.01695
2000-03-02,273.25854
2000-03-03,267.89444
2000-03-04,235.85933
2000-03-05,347.83475
2000-03-06,362.41043
2000-03-07,341.44797
2000-03-08,416.7458
2000-03-09,362.83502
2000-03-10,285.35214
2000-03-11,230.24185
2000-03-12,170.01593
2000-03-13,160.24576
2000-03-14,209.67775
2000-03-15,258.2762
2000-03-16,222.88257
2000-03-17,137.569
2000-03-18,169.33014
2000-03-19,151.78975
2000-03-20,308.64398
2000-03-21,318.50458
2000-03-22,227.75337
2000-03-23,189.21425
2000-03-24,258.81885
2000-03-25,230.81438
2000-03-26,173.0129
2000-03-27,219.4534
2000-03-28,224.36084
2000-03-29,177.10419
2000-03-30,175.3434
2000-03-31,326.50772
2000-04-01,468.76654
2000-04-02,357.8128
2000-04-03,306.94324
2000-04-04,286.6721
2000-04-05,267.91013
2000-04-06,277.1258
2000-04-07,240.8037
2000-04-08,284.0961
2000-04-09,332.39377
2000-04-10,391.291
2000-04-11,304.71454
2000-04-12,186.58223
2000-04-13,254.19835
2000-04-14,250.2918
2000-04-15,203.60739
2000-04-16,221.245
2000-04-17,269.3367
2000-04-18,368.54214
2000-04-19,304.76877
2000-04-20,348.14688
2000-04-21,367.70056
2000-04-22,328.6584
2000-04-23,348.06912
2000-04-24,349.20035
2000-04-25,395.20917
2000-04-26,408.6578
2000-04-27,379.84494
2000-04-28,324.9134
2000-04-29,339.72754
2000-04-30,348.70502
2000-05-01,371.5755
2000-05-02,311.9843
2000-05-03,236.22156
2000-05-04,208.31534
2000-05-05,251.1473
2000-05-06,359.21103
2000-05-07,408.32327
2000-05-08,447.13522
2000-05-09,471.1574
2000-05-10,467.59082
2000-05-11,461.07028
2000-05-12,502.4339
2000-05-13,415.67728
2000-05-14,310.70117
2000-05-15,267.63
2000-05-16,290.63736
2000-05-17,410.88745
2000-05-18,630.0056
2000-05-19,845.0153
2000-05-20,789.8152
2000-05-21,590.1551
2000-05-22,540.2664
2000-05-23,462.18677
2000-05-24,442.51605
2000-05-25,353.00034
2000-05-26,380.92184
2000-05-27,513.2899
2000-05-28,656.9903
2000-05-29,677.25037
2000-05-30,447.2833
2000-05-31,391.34937
2000-06-01,377.12543
2000-06-02,391.0147
2000-06-03,352.09848
2000-06-04,238.64948
2000-06-05,245.59212
2000-06-06,273.64633
2000-06-07,321.77484
2000-06-08,305.38794
2000-06-09,225.13039
2000-06-10,313.19952
2000-06-11,371.5529
2000-06-12,361.98312
2000-06-13,340.66302
2000-06-14,344.94592
2000-06-15,305.32272
2000-06-16,307.7167
2000-06-17,355.7321
2000-06-18,464.93964
2000-06-19,456.415
2000-06-20,381.97034
2000-06-21,334.56265
2000-06-22,347.854
2000-06-23,358.5031
2000-06-24,427.8867
2000-06-25,472.64233
2000-06-26,451.51462
2000-06-27,353.63718
2000-06-28,340.0418
2000-06-29,285.47104
2000-06-30,244.33028
2000-07-01,284.003
2000-07-02,316.42075
2000-07-03,325.66217
2000-07-04,322.73764
2000-07-05,389.95844
2000-07-06,363.13434
2000-07-07,293.0452
2000-07-08,276.84753
2000-07-09,245.60982
2000-07-10,205.72676
2000-07-11,149.0047
2000-07-12,192.16177
2000-07-13,328.3235
2000-07-14,582.43207
2000-07-15,708.16864
2000-07-16,565.9881
2000-07-17,471.85672
2000-07-18,229.97208
2000-07-19,176.71309
2000-07-20,172.36278
2000-07-21,165.21335
2000-07-22,213.39838
2000-07-23,200.73308
2000-07-24,171.58324
2000-07-25,168.60243
2000-07-26,315.16904
2000-07-27,429.9755
2000-07-28,377.91464
2000-07-29,381.70706
2000-07-30,414.19507
2000-07-31,349.3651
2000-08-01,367.3549
2000-08-02,341.23376
2000-08-03,340.96167
2000-08-04,353.58493
2000-08-05,416.04504
2000-08-06,474.2185
2000-08-07,455.38397
2000-08-08,409.6051
2000-08-09,350.87787
2000-08-10,351.06827
2000-08-11,352.29657
2000-08-12,278.32007
2000-08-13,89.49383
2000-08-14,88.27042
2000-08-15,116.48777
2000-08-16,162.09137
2000-08-17,257.45877
2000-08-18,239.20537
2000-08-19,139.41437
2000-08-20,138.70094
2000-08-21,190.44478
2000-08-22,73.77218
2000-08-23,70.96274
2000-08-24,83.53127
2000-08-25,156.27702
2000-08-26,320.54233
2000-08-27,396.92776
2000-08-28,331.7961
2000-08-29,404.86722
2000-08-30,531.261
2000-08-31,550.3959
2000-09-01,412.28754
2000-09-02,325.6184
2000-09-03,479.16095
2000-09-04,435.97495
2000-09-05,447.38538
2000-09-06,613.65424
2000-09-07,258.1925
2000-09-08,102.39557
2000-09-09,69.72738
2000-09-10,86.42683
2000-09-11,111.91653
2000-09-12,146.455
2000-09-13,198.27252
2000-09-14,192.03941
2000-09-15,163.46298
2000-09-16,170.69086
2000-09-17,202.56848
2000-09-18,215.6413
2000-09-19,288.0741
2000-09-20,348.94525
2000-09-21,491.44492
2000-09-22,447.3492
2000-09-23,162.18181
2000-09-24,238.18105
2000-09-25,259.3182
2000-09-26,124.59009
2000-09-27,232.19124
2000-09-28,467.01166
2000-09-29,502.98444
2000-09-30,387.23254
2000-10-01,333.41174
2000-10-02,338.11017
2000-10-03,497.45386
2000-10-04,483.39606
2000-10-05,285.81683
2000-10-06,352.83405
2000-10-07,339.5157
2000-10-08,303.3896
2000-10-09,280.72943
2000-10-10,313.0962
2000-10-11,383.91757
2000-10-12,300.6872
2000-10-13,205.78635
2000-10-14,219.74886
2000-10-15,149.72446
2000-10-16,226.55904
2000-10-17,266.5495
2000-10-18,159.1768
2000-10-19,107.43334
2000-10-20,130.82349
2000-10-21,241.69136
2000-10-22,277.32324
2000-10-23,156.19044
2000-10-24,170.8314
2000-10-25,203.49875
2000-10-26,316.33493
2000-10-27,281.38794
2000-10-28,161.6286
2000-10-29,222.96254
2000-10-30,183.14902
2000-10-31,157.545
2000-11-01,154.05782
2000-11-02,99.6205
2000-11-03,106.97746
2000-11-04,96.41267
2000-11-05,90.67204
2000-11-06,130.59647
2000-11-07,157.23836
2000-11-08,176.28488
2000-11-09,171.34344
2000-11-10,198.16013
2000-11-11,193.73572
2000-11-12,172.6139
2000-11-13,132.11238
2000-11-14,90.41245
2000-11-15,214.63371
2000-11-16,181.8533
2000-11-17,179.69296
2000-11-18,284.70163
2000-11-19,335.26425
2000-11-20,322.7044
2000-11-21,344.13705
2000-11-22,285.15045
2000-11-23,146.2996
2000-11-24,120.727516
2000-11-25,178.02448
2000-11-26,314.18784
2000-11-27,329.89478
2000-11-28,206.303
2000-11-29,182.20844
2000-11-30,217.77995
2000-12-01,247.37007
2000-12-02,286.92514
2000-12-03,315.54355
2000-12-04,302.37555
2000-12-05,173.56856
2000-12-06,172.96202
2000-12-07,218.75552
2000-12-08,201.32309
2000-12-09,147.57053
2000-12-10,125.57293
2000-12-11,170.51738
2000-12-12,208.53995
2000-12-13,219.42332
2000-12-14,167.89839
2000-12-15,145.47368
2000-12-16,201.66008
2000-12-17,202.73538
2000-12-18,161.69814
2000-12-19,158.47505
2000-12-20,153.82274
2000-12-21,170.07393
2000-12-22,132.2213
2000-12-23,91.23022
2000-12-24,121.6812
2000-12-25,220.48018
2000-12-26,303.13727
2000-12-27,241.8526
2000-12-28,195.62813
2000-12-29,248.54353
2000-12-30,279.10727
2000-12-31,258.14856
2001-01-01,286.00662
2001-01-02,341.29898
2001-01-03,352.64832
2001-01-04,321.4145
2001-01-05,201.54434
2001-01-06,166.84163
2001-01-07,175.08043
2001-01-08,138.24786
2001-01-09,104.442116
2001-01-10,156.91231
2001-01-11,498.50113
2001-01-12,435.4786
2001-01-13,133.43552
2001-01-14,126.71763
2001-01-15,115.437355
2001-01-16,129.25458
2001-01-17,219.8448
2001-01-18,241.98654
2001-01-19,180.19598
2001-01-20,261.2593
2001-01-21,367.9279
2001-01-22,366.64536
2001-01-23,254.05048
2001-01-24,169.25873
2001-01-25,178.95648
2001-01-26,243.7528
2001-01-27,322.78555
2001-01-28,330.2459
2001-01-29,261.67532
2001-01-30,247.9614
2001-01-31,195.50139
2001-02-01,166.60211
2001-02-02,124.80132
2001-02-03,84.50349
2001-02-04,109.94502
2001-02-05,152.12935
2001-02-06,176.91156
2001-02-07,230.92142
2001-02-08,208.49475
2001-02-09,126.5672
2001-02-10,183.8566
2001-02-11,182.45001
2001-02-12,173.16519
2001-02-13,158.55544
2001-02-14,116.80959
2001-02-15,104.533226
2001-02-16,72.84844
2001-02-17,71.02427
2001-02-18,68.46155
2001-02-19,69.18484
2001-02-20,71.4519
2001-02-21,103.3905
2001-02-22,144.50925
2001-02-23,160.49297
2001-02-24,184.57124
2001-02-25,223.27394
2001-02-26,241.93234
2001-02-27,279.91754
2001-02-28,283.88257
2001-03-01,128.44463
2001-03-02,118.7457
2001-03-03,101.93862
2001-03-04,136.13092
2001-03-05,232.8386
2001-03-06,242.54944
2001-03-07,342.57092
2001-03-08,370.68124
2001-03-09,354.38626
2001-03-10,272.24472
2001-03-11,370.62482
2001-03-12,370.5298
2001-03-13,130.59601
2001-03-14,178.05092
2001-03-15,254.84743
2001-03-16,141.78725
2001-03-17,207.80139
2001-03-18,225.50679
2001-03-19,202.43367
2001-03-20,242.7507
2001-03-21,179.27603
2001-03-22,219.13779
2001-03-23,237.39232
2001-03-24,191.05585
2001-03-25,329.781
2001-03-26,357.43646
2001-03-27,255.05458
2001-03-28,422.11652
2001-03-29,408.82358
2001-03-30,230.0618
2001-03-31,312.0902
2001-04-01,359.51483
2001-04-02,280.69006
2001-04-03,170.20775
2001-04-04,156.60446
2001-04-05,199.60117
2001-04-06,278.5505
2001-04-07,307.4547
2001-04-08,366.3895
2001-04-09,360.83813
2001-04-10,408.66183
2001-04-11,523.1033
2001-04-12,374.6355
2001-04-13,313.52582
2001-04-14,405.1505
2001-04-15,381.6006
2001-04-16,341.82
2001-04-17,373.79596
2001-04-18,405.48868
2001-04-19,310.2178
2001-04-20,331.6229
2001-04-21,322.03003
2001-04-22,193.98557
2001-04-23,171.64099
2001-04-24,300.33176
2001-04-25,222.42014
2001-04-26,98.77489
2001-04-27,171.37006
2001-04-28,257.81314
2001-04-29,276.13916
2001-04-30,500.4101
2001-05-01,595.8378
2001-05-02,404.56595
2001-05-03,423.35992
2001-05-04,346.82114
2001-05-05,349.72137
2001-05-06,449.89944
2001-05-07,455.86166
2001-05-08,332.95215
2001-05-09,321.18744
2001-05-10,329.04773
2001-05-11,295.02014
2001-05-12,156.57495
2001-05-13,114.60186
2001-05-14,165.77858
2001-05-15,255.37154
2001-05-16,331.89093
2001-05-17,339.94763
2001-05-18,220.972
2001-05-19,257.8795
2001-05-20,745.1032
2001-05-21,1019.14746
2001-05-22,425.08063
2001-05-23,396.97192
2001-05-24,334.71503
2001-05-25,250.64986
2001-05-26,175.47449
2001-05-27,261.9443
2001-05-28,290.4351
2001-05-29,266.61923
2001-05-30,353.25317
2001-05-31,366.06277
2001-06-01,375.95322
2001-06-02,451.46692
2001-06-03,436.56165
2001-06-04,225.40495
2001-06-05,275.43387
2001-06-06,358.79755
2001-06-07,301.05872
2001-06-08,208.69481
2001-06-09,229.71555
2001-06-10,344.68692
2001-06-11,452.37036
2001-06-12,539.81757
2001-06-13,649.7124
2001-06-14,352.73816
2001-06-15,267.1287
2001-06-16,275.81836
2001-06-17,268.67657
2001-06-18,185.67337
2001-06-19,275.7887
2001-06-20,564.20984
2001-06-21,616.04517
2001-06-22,413.1292
2001-06-23,301.515
2001-06-24,114.01824
2001-06-25,76.76343
2001-06-26,78.35361
2001-06-27,46.369507
2001-06-28,38.567505
2001-06-29,64.954994
2001-06-30,141.22011
2001-07-01,261.013
2001-07-02,353.4237
2001-07-03,249.291
2001-07-04,107.677
2001-07-05,70.4093
2001-07-06,88.398964
2001-07-07,187.00056
2001-07-08,305.52335
2001-07-09,279.42587
2001-07-10,253.74452
2001-07-11,373.34625
2001-07-12,364.88873
2001-07-13,292.9644
2001-07-14,402.52176
2001-07-15,460.9277
2001-07-16,558.77136
2001-07-17,562.7312
2001-07-18,173.75327
2001-07-19,175.89172
2001-07-20,282.5494
2001-07-21,492.66077
2001-07-22,668.4396
2001-07-23,497.8128
2001-07-24,618.4249
2001-07-25,517.6381
2001-07-26,144.37929
2001-07-27,138.66866
2001-07-28,166.21935
2001-07-29,368.35397
2001-07-30,462.70004
2001-07-31,243.80148
2001-08-01,167.92245
2001-08-02,87.560814
2001-08-03,107.28747
2001-08-04,176.90594
2001-08-05,260.7059
2001-08-06,526.45166
2001-08-07,835.9879
2001-08-08,562.21545
2001-08-09,269.90897
2001-08-10,274.75845
2001-08-11,272.07678
2001-08-12,74.964424
2001-08-13,50.22665
2001-08-14,56.768745
2001-08-15,74.09855
2001-08-16,96.44859
2001-08-17,103.53257
2001-08-18,81.453476
2001-08-19,120.275795
2001-08-20,86.89238
2001-08-21,48.301235
2001-08-22,47.14038
2001-08-23,69.89977
2001-08-24,77.86054
2001-08-25,101.55668
2001-08-26,150.45546
2001-08-27,136.88432
2001-08-28,130.21294
2001-08-29,145.1434
2001-08-30,172.53893
2001-08-31,149.53134
2001-09-01,133.13228
2001-09-02,172.53502
2001-09-03,248.31073
2001-09-04,288.21597
2001-09-05,368.24112
2001-09-06,525.7337
2001-09-07,622.7508
2001-09-08,401.2072
2001-09-09,277.0592
2001-09-10,186.5264
2001-09-11,196.40833
2001-09-12,242.3677
2001-09-13,281.1667
2001-09-14,272.3325
2001-09-15,207.9042
2001-09-16,273.93344
2001-09-17,255.73474
2001-09-18,225.01836
2001-09-19,224.85805
2001-09-20,201.2495
2001-09-21,191.49828
2001-09-22,173.99086
2001-09-23,202.41435
2001-09-24,315.72678
2001-09-25,455.13998
2001-09-26,452.84204
2001-09-27,208.42912
2001-09-28,212.94041
2001-09-29,234.25642
2001-09-30,268.4194
2001-10-01,364.40622
2001-10-02,273.22266
2001-10-03,135.21681
2001-10-04,157.65094
2001-10-05,161.77097
2001-10-06,220.31892
2001-10-07,202.70317
2001-10-08,255.42688
2001-10-09,276.5057
2001-10-10,318.5475
2001-10-11,382.49258
2001-10-12,125.69248
2001-10-13,86.453606
2001-10-14,115.401344
2001-10-15,126.53748
2001-10-16,124.636604
2001-10-17,141.51244
2001-10-18,320.61932
2001-10-19,487.18823
2001-10-20,277.90012
2001-10-21,144.20485
2001-10-22,161.63774
2001-10-23,124.23426
2001-10-24,129.12886
2001-10-25,137.99411
2001-10-26,191.87395
2001-10-27,212.97285
2001-10-28,276.44763
2001-10-29,207.17865
2001-10-30,85.916275
2001-10-31,151.93697
2001-11-01,194.41017
2001-11-02,144.07272
2001-11-03,105.70709
2001-11-04,72.63766
2001-11-05,52.529488
2001-11-06,52.910145
2001-11-07,109.594536
2001-11-08,177.37779
2001-11-09,244.5827
2001-11-10,301.61258
2001-11-11,304.19916
2001-11-12,438.92255
2001-11-13,427.53668
2001-11-14,294.64758
2001-11-15,269.5577
2001-11-16,364.90756
2001-11-17,322.63278
2001-11-18,191.8278
2001-11-19,222.19931
2001-11-20,201.45284
2001-11-21,143.35501
2001-11-22,165.26913
2001-11-23,164.03886
2001-11-24,191.98708
2001-11-25,238.65608
2001-11-26,161.33754
2001-11-27,240.76262
2001-11-28,202.80234
2001-11-29,198.31854
2001-11-30,208.31905
2001-12-01,254.6752
2001-12-02,512.12384
2001-12-03,470.73825
2001-12-04,188.01863
2001-12-05,131.05594
2001-12-06,132.87012
2001-12-07,160.9963
2001-12-08,211.77945
2001-12-09,186.04053
2001-12-10,193.68782
2001-12-11,221.4105
2001-12-12,280.67603
2001-12-13,247.62592
2001-12-14,199.49153
2001-12-15,153.42813
2001-12-16,107.94792
2001-12-17,224.56396
2001-12-18,302.88632
2001-12-19,203.02147
2001-12-20,142.84932
2001-12-21,155.42197
2001-12-22,173.9597
2001-12-23,108.71599
2001-12-24,102.8706
2001-12-25,180.39137
2001-12-26,213.84898
2001-12-27,196.36891
2001-12-28,191.68828
2001-12-29,174.60446
2001-12-30,216.93837
2001-12-31,245.19095
2002-01-01,232.53606
2002-01-02,174.33463
2002-01-03,135.11385
2002-01-04,114.45435
2002-01-05,142.61385
2002-01-06,108.53851
2002-01-07,100.316345
2002-01-08,162.34314
2002-01-09,286.3132
2002-01-10,280.48712
2002-01-11,208.52222
2002-01-12,162.3264
2002-01-13,139.22455
2002-01-14,252.54726
2002-01-15,210.36261
2002-01-16,108.898445
2002-01-17,100.049805
2002-01-18,127.72915
2002-01-19,200.05469
2002-01-20,128.45529
2002-01-21,86.986824
2002-01-22,96.82316
2002-01-23,120.54713
2002-01-24,307.7434
2002-01-25,535.7109
2002-01-26,436.94223
2002-01-27,261.4638
2002-01-28,221.11783
2002-01-29,221.58185
2002-01-30,139.50159
2002-01-31,164.43703
2002-02-01,228.71379
2002-02-02,229.38425
2002-02-03,211.02878
2002-02-04,239.9327
2002-02-05,175.22893
2002-02-06,113.20351
2002-02-07,110.91559
2002-02-08,113.26377
2002-02-09,116.30915
2002-02-10,83.98512
2002-02-11,66.18192
2002-02-12,62.060886
2002-02-13,65.89963
2002-02-14,86.00646
2002-02-15,84.15551
2002-02-16,49.75359
2002-02-17,79.064964
2002-02-18,312.66846
2002-02-19,463.41455
2002-02-20,295.53162
2002-02-21,302.2622
2002-02-22,290.24112
2002-02-23,390.00342
2002-02-24,439.09824
2002-02-25,474.75092
2002-02-26,356.36124
2002-02-27,186.24731
2002-02-28,148.90701
2002-03-01,214.58614
2002-03-02,201.04533
2002-03-03,134.52304
2002-03-04,170.82495
2002-03-05,178.68742
2002-03-06,155.72636
2002-03-07,127.27361
2002-03-08,90.80918
2002-03-09,86.428314
2002-03-10,64.29986
2002-03-11,56.668476
2002-03-12,81.07706
2002-03-13,175.73126
2002-03-14,300.1812
2002-03-15,275.34406
2002-03-16,205.10686
2002-03-17,214.32391
2002-03-18,297.93668
2002-03-19,359.61353
2002-03-20,283.59814
2002-03-21,295.7753
2002-03-22,308.96658
2002-03-23,257.39517
2002-03-24,436.35806
2002-03-25,484.0408
2002-03-26,341.05212
2002-03-27,298.98135
2002-03-28,233.5708
2002-03-29,280.5029
2002-03-30,439.52893
2002-03-31,308.51205
2002-04-01,103.01339
2002-04-02,168.83958
2002-04-03,299.6121
2002-04-04,398.735
2002-04-05,524.7047
2002-04-06,480.26178
2002-04-07,324.50107
2002-04-08,249.16048
2002-04-09,162.90846
2002-04-10,85.274254
2002-04-11,75.244835
2002-04-12,72.93334
2002-04-13,57.478725
2002-04-14,55.97002
2002-04-15,77.02528
2002-04-16,107.3956
2002-04-17,150.22482
2002-04-18,194.91953
2002-04-19,291.94342
2002-04-20,272.85986
2002-04-21,203.40991
2002-04-22,278.52014
2002-04-23,351.25455
2002-04-24,434.32037
2002-04-25,338.26605
2002-04-26,474.55487
2002-04-27,538.9379
2002-04-28,370.932
2002-04-29,283.90634
2002-04-30,183.59344
2002-05-01,205.39992
2002-05-02,219.90637
2002-05-03,234.0248
2002-05-04,233.81203
2002-05-05,311.72507
2002-05-06,390.58618
2002-05-07,355.17953
2002-05-08,447.17026
2002-05-09,472.8112
2002-05-10,186.33237
2002-05-11,148.53053
2002-05-12,215.2674
2002-05-13,175.54767
2002-05-14,123.65885
2002-05-15,138.65225
2002-05-16,108.25035
2002-05-17,171.3007
2002-05-18,225.95692
2002-05-19,221.16681
2002-05-20,188.76118
2002-05-21,259.1159
2002-05-22,265.614
2002-05-23,254.05818
2002-05-24,196.67131
2002-05-25,230.47414
2002-05-26,472.82562
2002-05-27,464.00345
2002-05-28,126.04911
2002-05-29,74.97816
2002-05-30,63.5133
2002-05-31,73.77951
2002-06-01,101.177704
2002-06-02,174.4917
2002-06-03,279.3936
2002-06-04,293.8873
2002-06-05,351.74353
2002-06-06,433.44708
2002-06-07,432.04916
2002-06-08,317.54498
2002-06-09,184.25963
2002-06-10,238.61095
2002-06-11,232.53535
2002-06-12,204.25122
2002-06-13,292.01114
2002-06-14,266.6255
2002-06-15,282.66254
2002-06-16,273.90524
2002-06-17,322.80002
2002-06-18,334.40347
2002-06-19,333.99207
2002-06-20,223.1734
2002-06-21,179.22165
2002-06-22,214.73537
2002-06-23,211.73497
2002-06-24,144.93394
2002-06-25,64.98092
2002-06-26,51.890694
2002-06-27,49.092957
2002-06-28,49.577698
2002-06-29,64.75039
2002-06-30,109.38913
2002-07-01,149.38498
2002-07-02,113.93653
2002-07-03,91.00288
2002-07-04,194.72255
2002-07-05,351.87894
2002-07-06,445.69443
2002-07-07,391.3717
2002-07-08,265.59647
2002-07-09,109.13579
2002-07-10,89.590164
2002-07-11,104.536255
2002-07-12,221.7935
2002-07-13,396.1809
2002-07-14,432.22086
2002-07-15,389.91724
2002-07-16,266.22864
2002-07-17,294.68274
2002-07-18,356.37912
2002-07-19,415.47424
2002-07-20,400.24283
2002-07-21,306.25073
2002-07-22,167.70428
2002-07-23,108.046036
2002-07-24,192.75203
2002-07-25,295.0944
2002-07-26,348.10107
2002-07-27,395.95953
2002-07-28,256.73602
2002-07-29,164.48442
2002-07-30,155.64906
2002-07-31,264.61713
2002-08-01,248.75021
2002-08-02,388.83414
2002-08-03,480.55014
2002-08-04,228.0197
2002-08-05,101.183784
2002-08-06,162.46077
2002-08-07,165.21735
2002-08-08,61.823322
2002-08-09,108.97084
2002-08-10,198.97305
2002-08-11,182.8878
2002-08-12,132.559
2002-08-13,128.67863
2002-08-14,183.62248
2002-08-15,85.29296
2002-08-16,130.6443
2002-08-17,97.44988
2002-08-18,43.03373
2002-08-19,48.237755
2002-08-20,110.11002
2002-08-21,158.65501
2002-08-22,100.139885
2002-08-23,64.50886
2002-08-24,77.7796
2002-08-25,153.65851
2002-08-26,202.40982
2002-08-27,200.60767
2002-08-28,234.38416
2002-08-29,177.10727
2002-08-30,134.24332
2002-08-31,150.95819
2002-09-01,131.12529
2002-09-02,238.88022
2002-09-03,509.17453
2002-09-04,669.6446
2002-09-05,330.5839
2002-09-06,121.83412
2002-09-07,122.50917
2002-09-08,116.579895
2002-09-09,140.14319
2002-09-10,181.00116
2002-09-11,227.40755
2002-09-12,258.79077
2002-09-13,187.09807
2002-09-14,99.724754
2002-09-15,108.975975
2002-09-16,121.89105
2002-09-17,154.89496
2002-09-18,297.00626
2002-09-19,376.67
2002-09-20,323.8468
2002-09-21,240.06418
2002-09-22,246.0195
2002-09-23,185.19815
2002-09-24,73.21117
2002-09-25,93.44022
2002-09-26,125.783585
2002-09-27,117.64816
2002-09-28,153.15544
2002-09-29,286.84332
2002-09-30,388.31705
2002-10-01,301.50342
2002-10-02,166.13382
2002-10-03,95.34156
2002-10-04,91.042656
2002-10-05,97.845634
2002-10-06,110.347694
2002-10-07,139.38286
2002-10-08,190.10332
2002-10-09,185.70094
2002-10-10,193.27884
2002-10-11,237.5824
2002-10-12,265.29636
2002-10-13,324.97763
2002-10-14,297.23886
2002-10-15,251.15065
2002-10-16,138.65224
2002-10-17,179.69955
2002-10-18,328.96143
2002-10-19,382.7902
2002-10-20,476.8439
2002-10-21,450.1916
2002-10-22,288.84076
2002-10-23,243.68382
2002-10-24,158.05408
2002-10-25,162.09946
2002-10-26,163.2054
2002-10-27,149.42639
2002-10-28,198.28735
2002-10-29,171.21501
2002-10-30,135.92085
2002-10-31,150.51964
2002-11-01,228.60892
2002-11-02,236.02197
2002-11-03,213.73033
2002-11-04,239.99347
2002-11-05,212.52522
2002-11-06,569.0637
2002-11-07,539.9914
2002-11-08,220.44865
2002-11-09,256.7404
2002-11-10,196.17867
2002-11-11,152.74522
2002-11-12,172.25542
2002-11-13,272.3388
2002-11-14,312.00427
2002-11-15,296.24
2002-11-16,307.8655
2002-11-17,263.41266
2002-11-18,256.04074
2002-11-19,213.79446
2002-11-20,141.63255
2002-11-21,138.21994
2002-11-22,230.87016
2002-11-23,378.86224
2002-11-24,376.946
2002-11-25,234.97969
2002-11-26,215.35646
2002-11-27,261.96338
2002-11-28,269.9219
2002-11-29,275.68686
2002-11-30,337.20367
2002-12-01,325.90115
2002-12-02,251.27963
2002-12-03,238.48979
2002-12-04,218.09966
2002-12-05,166.0338
2002-12-06,207.9547
2002-12-07,277.87933
2002-12-08,250.73972
2002-12-09,168.3597
2002-12-10,517.6771
2002-12-11,457.26358
2002-12-12,150.16682
2002-12-13,149.61636
2002-12-14,132.15343
2002-12-15,118.50501
2002-12-16,149.04678
2002-12-17,161.86935
2002-12-18,151.0101
2002-12-19,154.42838
2002-12-20,154.50575
2002-12-21,192.05472
2002-12-22,183.60098
2002-12-23,158.69739
2002-12-24,106.842606
2002-12-25,102.25561
2002-12-26,104.299576
2002-12-27,120.0308
2002-12-28,173.33342
2002-12-29,175.50827
2002-12-30,149.66972
2002-12-31,130.77751
2003-01-01,77.119125
2003-01-02,82.76781
2003-01-03,119.68636
2003-01-04,161.36906
2003-01-05,151.97014
2003-01-06,97.83689
2003-01-07,99.487755
2003-01-08,163.42511
2003-01-09,261.88406
2003-01-10,323.11517
2003-01-11,383.5381
2003-01-12,309.89343
2003-01-13,199.02417
2003-01-14,123.49602
2003-01-15,126.794754
2003-01-16,130.98164
2003-01-17,114.58429
2003-01-18,112.53326
2003-01-19,98.798134
2003-01-20,118.7608
2003-01-21,102.771255
2003-01-22,61.53668
2003-01-23,64.8888
2003-01-24,112.92454
2003-01-25,136.65259
2003-01-26,131.7705
2003-01-27,88.118065
2003-01-28,136.1347
2003-01-29,190.9855
2003-01-30,106.25232
2003-01-31,115.22029
2003-02-01,232.48103
2003-02-02,284.95126
2003-02-03,206.432
2003-02-04,192.31544
2003-02-05,145.20511
2003-02-06,96.54341
2003-02-07,99.34476
2003-02-08,104.96059
2003-02-09,218.43571
2003-02-10,311.375
2003-02-11,253.94878
2003-02-12,272.41245
2003-02-13,253.37325
2003-02-14,156.12465
2003-02-15,113.439926
2003-02-16,161.23363
2003-02-17,161.5978
2003-02-18,85.28527
2003-02-19,107.883255
2003-02-20,114.064575
2003-02-21,80.9947
2003-02-22,57.900566
2003-02-23,75.384865
2003-02-24,80.78887
2003-02-25,80.869095
2003-02-26,97.87551
2003-02-27,185.01247
2003-02-28,269.4219
2003-03-01,272.41428
2003-03-02,254.2076
2003-03-03,303.28763
2003-03-04,365.85992
2003-03-05,322.47263
2003-03-06,323.86026
2003-03-07,232.07576
2003-03-08,158.97414
2003-03-09,155.96959
2003-03-10,197.17513
2003-03-11,196.41266
2003-03-12,215.47688
2003-03-13,288.89212
2003-03-14,294.5497
2003-03-15,294.02957
2003-03-16,190.56483
2003-03-17,253.28
2003-03-18,213.67342
2003-03-19,93.59823
2003-03-20,131.41731
2003-03-21,98.12016
2003-03-22,65.00331
2003-03-23,64.45526
2003-03-24,113.5154
2003-03-25,138.95985
2003-03-26,160.18713
2003-03-27,172.41394
2003-03-28,108.09276
2003-03-29,88.49666
2003-03-30,191.28859
2003-03-31,314.48422
2003-04-01,358.0548
2003-04-02,291.7835
2003-04-03,189.8447
2003-04-04,199.99353
2003-04-05,217.24634
2003-04-06,257.4291
2003-04-07,215.55397
2003-04-08,149.80269
2003-04-09,157.90761
2003-04-10,238.90338
2003-04-11,197.01173
2003-04-12,192.45607
2003-04-13,300.034
2003-04-14,302.22614
2003-04-15,283.6881
2003-04-16,278.75912
2003-04-17,219.06137
2003-04-18,171.71878
2003-04-19,140.88303
2003-04-20,171.45326
2003-04-21,225.67557
2003-04-22,339.3369
2003-04-23,491.29874
2003-04-24,275.6912
2003-04-25,312.9035
2003-04-26,415.3891
2003-04-27,320.83273
2003-04-28,323.22256
2003-04-29,551.9397
2003-04-30,631.4687
2003-05-01,385.9003
2003-05-02,336.09543
2003-05-03,180.10495
2003-05-04,193.4873
2003-05-05,283.44437
2003-05-06,338.13824
2003-05-07,354.36578
2003-05-08,341.21204
2003-05-09,576.7963
2003-05-10,693.1522
2003-05-11,372.19824
2003-05-12,492.72394
2003-05-13,589.53204
2003-05-14,452.56174
2003-05-15,402.0693
2003-05-16,424.1924
2003-05-17,483.1549
2003-05-18,469.02124
2003-05-19,437.73093
2003-05-20,418.9803
2003-05-21,313.20602
2003-05-22,161.2789
2003-05-23,129.99768
2003-05-24,166.43903
2003-05-25,249.61687
2003-05-26,319.68018
2003-05-27,320.64734
2003-05-28,558.16284
2003-05-29,680.0001
2003-05-30,375.55222
2003-05-31,459.0597
2003-06-01,443.30704
2003-06-02,591.78174
2003-06-03,566.4328
2003-06-04,238.36594
2003-06-05,187.92683
2003-06-06,231.80371
2003-06-07,280.58112
2003-06-08,238.56117
2003-06-09,264.54532
2003-06-10,219.90227
2003-06-11,248.79091
2003-06-12,227.53076
2003-06-13,242.02475
2003-06-14,358.0535
2003-06-15,406.28177
2003-06-16,392.491
2003-06-17,391.71918
2003-06-18,331.51175
2003-06-19,330.88904
2003-06-20,362.52478
2003-06-21,381.85327
2003-06-22,322.32745
2003-06-23,260.25073
2003-06-24,418.86252
2003-06-25,531.6402
2003-06-26,469.52438
2003-06-27,469.14908
2003-06-28,280.60538
2003-06-29,196.34125
2003-06-30,307.23944
2003-07-01,339.2548
2003-07-02,318.8126
2003-07-03,236.84619
2003-07-04,161.23141
2003-07-05,244.13885
2003-07-06,286.81348
2003-07-07,279.87164
2003-07-08,359.60114
2003-07-09,386.37323
2003-07-10,379.5747
2003-07-11,456.29617
2003-07-12,430.9732
2003-07-13,484.8392
2003-07-14,425.15494
2003-07-15,298.21747
2003-07-16,182.65265
2003-07-17,325.71048
2003-07-18,317.5807
2003-07-19,183.47568
2003-07-20,83.08262
2003-07-21,61.41964
2003-07-22,53.270706
2003-07-23,62.09273
2003-07-24,126.2449
2003-07-25,347.3958
2003-07-26,527.9051
2003-07-27,442.2576
2003-07-28,375.8435
2003-07-29,242.53293
2003-07-30,163.40892
2003-07-31,233.49498
2003-08-01,281.0763
2003-08-02,354.47128
2003-08-03,432.19345
2003-08-04,398.86136
2003-08-05,313.79608
2003-08-06,198.81934
2003-08-07,151.24069
2003-08-08,136.29405
2003-08-09,174.80219
2003-08-10,155.31306
2003-08-11,211.28127
2003-08-12,220.17685
2003-08-13,126.68331
2003-08-14,136.67433
2003-08-15,93.275986
2003-08-16,141.85732
2003-08-17,256.07953
2003-08-18,249.5747
2003-08-19,145.18015
2003-08-20,163.90431
2003-08-21,215.99435
2003-08-22,180.55347
2003-08-23,171.90993
2003-08-24,205.03867
2003-08-25,246.10265
2003-08-26,237.95625
2003-08-27,170.16357
2003-08-28,196.50064
2003-08-29,302.50345
2003-08-30,261.34735
2003-08-31,123.601494
2003-09-01,61.982204
2003-09-02,57.442116
2003-09-03,88.73378
2003-09-04,100.244675
2003-09-05,105.06152
2003-09-06,179.81728
2003-09-07,166.34608
2003-09-08,198.7714
2003-09-09,169.96524
2003-09-10,156.46686
2003-09-11,221.2373
2003-09-12,304.3593
2003-09-13,299.10327
2003-09-14,255.29823
2003-09-15,203.15694
2003-09-16,168.41095
2003-09-17,242.01663
2003-09-18,371.05627
2003-09-19,856.24524
2003-09-20,1110.8651
2003-09-21,387.63724
2003-09-22,365.44122
2003-09-23,388.10687
2003-09-24,538.65436
2003-09-25,447.43198
2003-09-26,119.14867
2003-09-27,101.61496
2003-09-28,101.513885
2003-09-29,248.61696
2003-09-30,319.45996
2003-10-01,310.37946
2003-10-02,264.22504
2003-10-03,264.71677
2003-10-04,301.79468
2003-10-05,260.68356
2003-10-06,290.5947
2003-10-07,221.75848
2003-10-08,229.67543
2003-10-09,392.15475
2003-10-10,336.8867
2003-10-11,144.39145
2003-10-12,79.92158
2003-10-13,88.26179
2003-10-14,138.2203
2003-10-15,176.21024
2003-10-16,174.59677
2003-10-17,126.72191
2003-10-18,117.4758
2003-10-19,140.41473
2003-10-20,112.6524
2003-10-21,165.91675
2003-10-22,315.09827
2003-10-23,258.30298
2003-10-24,103.07118
2003-10-25,130.32909
2003-10-26,217.60548
2003-10-27,269.3124
2003-10-28,943.80896
2003-10-29,836.87524
2003-10-30,329.87155
2003-10-31,343.9227
2003-11-01,207.47426
2003-11-02,159.0413
2003-11-03,89.50201
2003-11-04,85.20622
2003-11-05,129.45259
2003-11-06,155.35155
2003-11-07,186.38042
2003-11-08,221.38083
2003-11-09,239.36612
2003-11-10,243.51219
2003-11-11,243.47787
2003-11-12,236.77988
2003-11-13,190.61787
2003-11-14,165.46486
2003-11-15,183.06383
2003-11-16,315.13226
2003-11-17,328.23294
2003-11-18,286.98666
2003-11-19,194.09647
2003-11-20,107.20911
2003-11-21,149.55313
2003-11-22,208.85004
2003-11-23,271.37366
2003-11-24,324.20154
2003-11-25,234.95876
2003-11-26,167.08693
2003-11-27,135.30754
2003-11-28,163.9848
2003-11-29,208.7427
2003-11-30,212.64796
2003-12-01,188.72345
2003-12-02,401.9433
2003-12-03,374.98312
2003-12-04,210.14815
2003-12-05,134.29474
2003-12-06,95.5031
2003-12-07,130.8106
2003-12-08,247.43774
2003-12-09,226.71062
2003-12-10,147.34853
2003-12-11,145.3593
2003-12-12,181.85652
2003-12-13,213.14293
2003-12-14,235.53836
2003-12-15,236.47937
2003-12-16,307.98853
2003-12-17,340.69394
2003-12-18,451.92767
2003-12-19,656.0879
2003-12-20,679.1859
2003-12-21,533.36334
2003-12-22,397.30603
2003-12-23,277.7779
2003-12-24,202.32954
2003-12-25,131.41418
2003-12-26,155.54099
2003-12-27,234.47626
2003-12-28,279.4209
2003-12-29,266.3033
2003-12-30,167.84087
2003-12-31,130.45494
2004-01-01,94.30543
2004-01-02,85.786354
2004-01-03,80.63676
2004-01-04,155.55888
2004-01-05,237.47894
2004-01-06,181.5473
2004-01-07,213.88014
2004-01-08,314.38345
2004-01-09,312.18747
2004-01-10,225.41766
2004-01-11,207.88371
2004-01-12,163.35619
2004-01-13,143.31973
2004-01-14,109.71308
2004-01-15,94.89203
2004-01-16,321.1974
2004-01-17,328.53296
2004-01-18,154.93794
2004-01-19,90.09089
2004-01-20,69.87299
2004-01-21,70.929665
2004-01-22,156.07474
2004-01-23,234.3269
2004-01-24,168.17516
2004-01-25,86.99937
2004-01-26,87.9995
2004-01-27,104.36139
2004-01-28,97.27988
2004-01-29,81.11749
2004-01-30,68.63886
2004-01-31,73.209816
2004-02-01,67.71999
2004-02-02,56.893723
2004-02-03,76.52905
2004-02-04,114.837234
2004-02-05,119.171906
2004-02-06,110.88153
2004-02-07,107.95769
2004-02-08,315.9962
2004-02-09,440.9422
2004-02-10,205.92877
2004-02-11,160.78719
2004-02-12,82.89072
2004-02-13,130.19295
2004-02-14,202.85773
2004-02-15,196.07886
2004-02-16,172.35547
2004-02-17,171.24577
2004-02-18,114.02183
2004-02-19,106.78011
2004-02-20,119.49813
2004-02-21,112.457535
2004-02-22,77.10206
2004-02-23,114.30583
2004-02-24,214.92657
2004-02-25,244.238
2004-02-26,152.77042
2004-02-27,101.97275
2004-02-28,181.0751
2004-02-29,246.06325
2004-03-01,232.03777
2004-03-02,249.73888
2004-03-03,385.62033
2004-03-04,416.7253
2004-03-05,336.97186
2004-03-06,297.72333
2004-03-07,224.3083
2004-03-08,149.81839
2004-03-09,156.63477
2004-03-10,221.79652
2004-03-11,338.88882
2004-03-12,553.43036
2004-03-13,617.7105
2004-03-14,338.8326
2004-03-15,209.04408
2004-03-16,538.05585
2004-03-17,659.55005
2004-03-18,294.98917
2004-03-19,195.82196
2004-03-20,161.7295
2004-03-21,103.114075
2004-03-22,102.33632
2004-03-23,114.489334
2004-03-24,131.88298
2004-03-25,174.70729
2004-03-26,129.21568
2004-03-27,178.86862
2004-03-28,279.65143
2004-03-29,340.9849
2004-03-30,200.44994
2004-03-31,84.71836
2004-04-01,74.6757
2004-04-02,139.95201
2004-04-03,234.69627
2004-04-04,294.72125
2004-04-05,276.27573
2004-04-06,174.65292
2004-04-07,135.70293
2004-04-08,155.35214
2004-04-09,166.55699
2004-04-10,320.79468
2004-04-11,412.95258
2004-04-12,284.67844
2004-04-13,185.11887
2004-04-14,233.2162
2004-04-15,295.03363
2004-04-16,350.45117
2004-04-17,209.38213
2004-04-18,109.67415
2004-04-19,198.60199
2004-04-20,255.83136
2004-04-21,224.59377
2004-04-22,297.94836
2004-04-23,257.65067
2004-04-24,223.6725
2004-04-25,114.50523
2004-04-26,157.00433
2004-04-27,168.96867
2004-04-28,156.1096
2004-04-29,256.498
2004-04-30,304.9325
2004-05-01,257.00305
2004-05-02,255.49586
2004-05-03,277.3887
2004-05-04,320.5779
2004-05-05,308.11835
2004-05-06,296.90228
2004-05-07,337.12723
2004-05-08,266.31815
2004-05-09,238.22972
2004-05-10,242.47028
2004-05-11,351.26782
2004-05-12,556.5372
2004-05-13,514.9728
2004-05-14,344.0206
2004-05-15,193.96219
2004-05-16,115.744415
2004-05-17,135.28772
2004-05-18,232.28308
2004-05-19,341.17093
2004-05-20,344.19534
2004-05-21,374.18594
2004-05-22,434.48138
2004-05-23,384.8479
2004-05-24,167.03323
2004-05-25,131.5717
2004-05-26,221.33049
2004-05-27,321.01184
2004-05-28,407.25793
2004-05-29,548.38513
2004-05-30,636.60376
2004-05-31,406.785
2004-06-01,397.99075
2004-06-02,320.6792
2004-06-03,251.94846
2004-06-04,252.36188
2004-06-05,539.8513
2004-06-06,687.771
2004-06-07,340.6066
2004-06-08,283.45023
2004-06-09,164.242
2004-06-10,199.02861
2004-06-11,252.19492
2004-06-12,218.35489
2004-06-13,225.11215
2004-06-14,315.53134
2004-06-15,209.40225
2004-06-16,208.95122
2004-06-17,85.1201
2004-06-18,66.68122
2004-06-19,122.53091
2004-06-20,207.05377
2004-06-21,189.73315
2004-06-22,354.899
2004-06-23,364.409
2004-06-24,114.31233
2004-06-25,82.38275
2004-06-26,133.07849
2004-06-27,216.23953
2004-06-28,276.39423
2004-06-29,514.5953
2004-06-30,697.0278
2004-07-01,499.29483
2004-07-02,476.37253
2004-07-03,309.89792
2004-07-04,156.24237
2004-07-05,209.45752
2004-07-06,329.33853
2004-07-07,605.1536
2004-07-08,779.5808
2004-07-09,409.6202
2004-07-10,138.15508
2004-07-11,86.680695
2004-07-12,107.612816
2004-07-13,201.0442
2004-07-14,344.90314
2004-07-15,393.74664
2004-07-16,291.4086
2004-07-17,367.2067
2004-07-18,302.6195
2004-07-19,138.31761
2004-07-20,146.20174
2004-07-21,257.6941
2004-07-22,329.14618
2004-07-23,343.39932
2004-07-24,222.19383
2004-07-25,171.80226
2004-07-26,324.71335
2004-07-27,476.8354
2004-07-28,380.60385
2004-07-29,472.929
2004-07-30,515.6318
2004-07-31,373.8637
2004-08-01,156.7868
2004-08-02,65.221115
2004-08-03,88.45114
2004-08-04,138.15657
2004-08-05,177.74953
2004-08-06,238.40364
2004-08-07,155.17984
2004-08-08,67.75924
2004-08-09,38.092823
2004-08-10,35.29074
2004-08-11,34.188545
2004-08-12,33.034595
2004-08-13,32.01117
2004-08-14,28.891125
2004-08-15,28.846973
2004-08-16,59.043064
2004-08-17,85.56666
2004-08-18,67.2635
2004-08-19,96.356895
2004-08-20,151.37497
2004-08-21,229.04277
2004-08-22,309.98514
2004-08-23,333.02258
2004-08-24,123.40735
2004-08-25,205.63405
2004-08-26,330.11533
2004-08-27,561.62317
2004-08-28,598.2385
2004-08-29,335.40152
2004-08-30,274.8484
2004-08-31,355.38025
2004-09-01,348.84595
2004-09-02,300.84897
2004-09-03,172.66348
2004-09-04,105.3545
2004-09-05,342.56192
2004-09-06,588.2657
2004-09-07,315.53372
2004-09-08,234.88339
2004-09-09,278.22736
2004-09-10,294.78375
2004-09-11,245.41142
2004-09-12,332.76382
2004-09-13,329.8521
2004-09-14,265.9289
2004-09-15,266.31348
2004-09-16,466.02393
2004-09-17,452.26764
2004-09-18,249.11288
2004-09-19,244.29875
2004-09-20,257.14655
2004-09-21,174.41727
2004-09-22,130.7059
2004-09-23,104.28354
2004-09-24,97.33163
2004-09-25,126.15329
2004-09-26,148.99677
2004-09-27,202.75336
2004-09-28,345.82568
2004-09-29,562.20575
2004-09-30,687.0083
2004-10-01,565.3416
2004-10-02,224.73654
2004-10-03,209.6643
2004-10-04,192.19116
2004-10-05,162.8688
2004-10-06,256.59686
2004-10-07,364.9011
2004-10-08,363.32376
2004-10-09,280.95163
2004-10-10,134.13959
2004-10-11,88.679665
2004-10-12,116.99812
2004-10-13,181.24178
2004-10-14,136.40196
2004-10-15,119.34217
2004-10-16,193.92523
2004-10-17,197.47716
2004-10-18,202.65552
2004-10-19,243.50479
2004-10-20,197.8062
2004-10-21,194.21196
2004-10-22,202.51501
2004-10-23,189.23866
2004-10-24,187.53885
2004-10-25,138.30464
2004-10-26,129.52081
2004-10-27,167.66043
2004-10-28,141.4443
2004-10-29,130.16216
2004-10-30,100.069466
2004-10-31,61.723232
2004-11-01,78.650085
2004-11-02,177.53734
2004-11-03,241.7051
2004-11-04,155.69064
2004-11-05,178.6691
2004-11-06,172.85774
2004-11-07,155.81271
2004-11-08,143.81384
2004-11-09,194.05995
2004-11-10,186.73271
2004-11-11,210.38564
2004-11-12,180.58226
2004-11-13,414.30884
2004-11-14,863.19025
2004-11-15,788.3885
2004-11-16,302.18655
2004-11-17,166.61037
2004-11-18,243.64761
2004-11-19,222.98897
2004-11-20,189.2992
2004-11-21,233.74655
2004-11-22,270.00644
2004-11-23,199.28426
2004-11-24,113.54888
2004-11-25,130.25842
2004-11-26,252.17616
2004-11-27,270.01437
2004-11-28,225.54109
2004-11-29,208.96997
2004-11-30,144.09055
2004-12-01,151.86632
2004-12-02,274.70538
2004-12-03,282.24722
2004-12-04,225.77733
2004-12-05,240.4007
2004-12-06,312.57446
2004-12-07,302.27942
2004-12-08,221.96687
2004-12-09,228.63902
2004-12-10,183.47737
2004-12-11,207.85944
2004-12-12,299.61374
2004-12-13,239.55629
2004-12-14,126.33944
2004-12-15,146.6266
2004-12-16,282.86597
2004-12-17,274.5845
2004-12-18,350.49545
2004-12-19,286.4449
2004-12-20,129.25893
2004-12-21,150.1105
2004-12-22,191.1329
2004-12-23,179.16489
2004-12-24,101.7037
2004-12-25,112.27729
2004-12-26,164.00195
2004-12-27,123.11798
2004-12-28,110.39624
2004-12-29,166.19635
2004-12-30,161.0561
2004-12-31,147.5897
2005-01-01,122.44553
2005-01-02,125.97123
2005-01-03,163.86493
2005-01-04,174.14157
2005-01-05,104.5649
2005-01-06,83.61317
2005-01-07,145.27303
2005-01-08,251.36621
2005-01-09,305.8873
2005-01-10,329.45285
2005-01-11,246.01344
2005-01-12,177.84148
2005-01-13,182.67226
2005-01-14,195.11533
2005-01-15,135.43883
2005-01-16,235.89868
2005-01-17,264.5749
2005-01-18,254.89084
2005-01-19,264.7763
2005-01-20,185.7083
2005-01-21,150.45058
2005-01-22,184.13338
2005-01-23,158.33453
2005-01-24,159.65596
2005-01-25,431.75568
2005-01-26,312.86685
2005-01-27,134.64809
2005-01-28,149.74443
2005-01-29,191.81046
2005-01-30,174.0783
2005-01-31,172.62909
2005-02-01,164.6192
2005-02-02,144.19331
2005-02-03,166.14864
2005-02-04,226.51373
2005-02-05,219.9022
2005-02-06,261.85596
2005-02-07,313.3647
2005-02-08,280.05228
2005-02-09,205.76929
2005-02-10,297.56506
2005-02-11,336.86545
2005-02-12,532.7319
2005-02-13,615.50073
2005-02-14,273.71262
2005-02-15,130.24979
2005-02-16,171.33179
2005-02-17,214.86917
2005-02-18,169.9209
2005-02-19,113.82047
2005-02-20,166.34998
2005-02-21,227.2922
2005-02-22,191.785
2005-02-23,138.95082
2005-02-24,94.89981
2005-02-25,83.70315
2005-02-26,87.187164
2005-02-27,95.84525
2005-02-28,80.555
2005-03-01,99.15869
2005-03-02,113.32171
2005-03-03,152.56969
2005-03-04,254.82237
2005-03-05,404.36584
2005-03-06,486.83487
2005-03-07,411.21976
2005-03-08,279.87473
2005-03-09,266.2148
2005-03-10,255.59142
2005-03-11,366.41522
2005-03-12,335.67355
2005-03-13,175.98914
2005-03-14,223.806
2005-03-15,193.87248
2005-03-16,159.29675
2005-03-17,174.03795
2005-03-18,180.02206
2005-03-19,147.22467
2005-03-20,143.61736
2005-03-21,158.54305
2005-03-22,177.43707
2005-03-23,137.17711
2005-03-24,210.90253
2005-03-25,343.99295
2005-03-26,428.0975
2005-03-27,409.4539
2005-03-28,384.59067
2005-03-29,318.53275
2005-03-30,302.87567
2005-03-31,337.26242
2005-04-01,331.59866
2005-04-02,301.23926
2005-04-03,247.36096
2005-04-04,327.4729
2005-04-05,414.73117
2005-04-06,335.96057
2005-04-07,324.91162
2005-04-08,360.60934
2005-04-09,392.5331
2005-04-10,488.35764
2005-04-11,438.3302
2005-04-12,402.70407
2005-04-13,292.38916
2005-04-14,349.8943
2005-04-15,384.24893
2005-04-16,386.18042
2005-04-17,361.05466
2005-04-18,392.54324
2005-04-19,347.49173
2005-04-20,222.34851
2005-04-21,144.44302
2005-04-22,286.65067
2005-04-23,358.7129
2005-04-24,155.57689
2005-04-25,113.00542
2005-04-26,172.54015
2005-04-27,195.67665
2005-04-28,214.61172
2005-04-29,258.3062
2005-04-30,200.49997
2005-05-01,234.59053
2005-05-02,292.64426
2005-05-03,250.39655
2005-05-04,170.36154
2005-05-05,282.7894
2005-05-06,266.61838
2005-05-07,201.33983
2005-05-08,221.93082
2005-05-09,180.15656
2005-05-10,205.11964
2005-05-11,270.40967
2005-05-12,251.2583
2005-05-13,216.21347
2005-05-14,294.66168
2005-05-15,408.5504
2005-05-16,440.78366
2005-05-17,369.61343
2005-05-18,415.06494
2005-05-19,363.73276
2005-05-20,206.67787
2005-05-21,118.197105
2005-05-22,69.83308
2005-05-23,64.5237
2005-05-24,83.49972
2005-05-25,74.755646
2005-05-26,67.69709
2005-05-27,123.1966
2005-05-28,224.82994
2005-05-29,257.65176
2005-05-30,192.6971
2005-05-31,164.80031
2005-06-01,165.62918
2005-06-02,207.36992
2005-06-03,428.11276
2005-06-04,666.0843
2005-06-05,502.5916
2005-06-06,433.9986
2005-06-07,550.0271
2005-06-08,505.23535
2005-06-09,316.60052
2005-06-10,199.31984
2005-06-11,281.28082
2005-06-12,388.73572
2005-06-13,250.79562
2005-06-14,159.85635
2005-06-15,215.26566
2005-06-16,416.10147
2005-06-17,512.01624
2005-06-18,317.16943
2005-06-19,213.50003
2005-06-20,262.49014
2005-06-21,327.74072
2005-06-22,570.4651
2005-06-23,578.07294
2005-06-24,334.40863
2005-06-25,231.38551
2005-06-26,121.93434
2005-06-27,303.64047
2005-06-28,450.71082
2005-06-29,231.76218
2005-06-30,369.8146
2005-07-01,534.53955
2005-07-02,471.27274
2005-07-03,367.72388
2005-07-04,287.87122
2005-07-05,263.95758
2005-07-06,295.62238
2005-07-07,277.43195
2005-07-08,180.21985
2005-07-09,67.34597
2005-07-10,52.187084
2005-07-11,45.860165
2005-07-12,40.995823
2005-07-13,62.697433
2005-07-14,106.03365
2005-07-15,119.06607
2005-07-16,128.31166
2005-07-17,170.86874
2005-07-18,248.47601
2005-07-19,309.46545
2005-07-20,373.2158
2005-07-21,411.69324
2005-07-22,571.287
2005-07-23,653.691
2005-07-24,293.31708
2005-07-25,91.02554
2005-07-26,62.63144
2005-07-27,51.955627
2005-07-28,42.834267
2005-07-29,38.401066
2005-07-30,34.972683
2005-07-31,62.30946
2005-08-01,138.43672
2005-08-02,244.30151
2005-08-03,233.59172
2005-08-04,86.521736
2005-08-05,128.36159
2005-08-06,128.45103
2005-08-07,72.46403
2005-08-08,43.70982
2005-08-09,80.33583
2005-08-10,123.38501
2005-08-11,109.481674
2005-08-12,121.07721
2005-08-13,167.94829
2005-08-14,200.52039
2005-08-15,261.70377
2005-08-16,354.81326
2005-08-17,421.10092
2005-08-18,409.32953
2005-08-19,555.8365
2005-08-20,579.6984
2005-08-21,226.15019
2005-08-22,134.90335
2005-08-23,207.22818
2005-08-24,180.23119
2005-08-25,219.87253
2005-08-26,269.12317
2005-08-27,254.67297
2005-08-28,225.59503
2005-08-29,233.27092
2005-08-30,330.77277
2005-08-31,309.63745
2005-09-01,239.16289
2005-09-02,277.58868
2005-09-03,335.9217
2005-09-04,432.00946
2005-09-05,499.09604
2005-09-06,378.13852
2005-09-07,330.56424
2005-09-08,248.62074
2005-09-09,123.216576
2005-09-10,161.9332
2005-09-11,196.59435
2005-09-12,160.84242
2005-09-13,249.94032
2005-09-14,305.6764
2005-09-15,215.80844
2005-09-16,127.136284
2005-09-17,76.702614
2005-09-18,54.87136
2005-09-19,49.840195
2005-09-20,117.54605
2005-09-21,295.51233
2005-09-22,393.94528
2005-09-23,350.09338
2005-09-24,366.56787
2005-09-25,331.68637
2005-09-26,163.52013
2005-09-27,172.07175
2005-09-28,166.35666
2005-09-29,122.34303
2005-09-30,114.12786
2005-10-01,68.909996
2005-10-02,68.26598
2005-10-03,121.238174
2005-10-04,164.06798
2005-10-05,165.24069
2005-10-06,210.3177
2005-10-07,302.39365
2005-10-08,259.4407
2005-10-09,261.36557
2005-10-10,261.24985
2005-10-11,242.55896
2005-10-12,198.11319
2005-10-13,120.70527
2005-10-14,73.977234
2005-10-15,86.12043
2005-10-16,195.7147
2005-10-17,175.9712
2005-10-18,86.101906
2005-10-19,170.32388
2005-10-20,260.9634
2005-10-21,282.85657
2005-10-22,276.7211
2005-10-23,283.2748
2005-10-24,292.49213
2005-10-25,153.18285
2005-10-26,139.27248
2005-10-27,116.06142
2005-10-28,135.94003
2005-10-29,250.08017
2005-10-30,211.54979
2005-10-31,258.9998
2005-11-01,246.10844
2005-11-02,197.51932
2005-11-03,297.00668
2005-11-04,307.71088
2005-11-05,279.23196
2005-11-06,256.11746
2005-11-07,215.82271
2005-11-08,197.03587
2005-11-09,241.365
2005-11-10,318.93045
2005-11-11,280.15833
2005-11-12,206.2194
2005-11-13,117.04916
2005-11-14,105.92418
2005-11-15,137.26724
2005-11-16,131.84038
2005-11-17,105.54138
2005-11-18,303.82007
2005-11-19,290.716
2005-11-20,230.90103
2005-11-21,174.19597
2005-11-22,151.8884
2005-11-23,248.98817
2005-11-24,207.36153
2005-11-25,85.23212
2005-11-26,69.550514
2005-11-27,65.47369
2005-11-28,70.32088
2005-11-29,167.81561
2005-11-30,670.21643
2005-12-01,598.5699
2005-12-02,164.6356
2005-12-03,139.84369
2005-12-04,142.95332
2005-12-05,210.16293
2005-12-06,238.47614
2005-12-07,165.9063
2005-12-08,113.55698
2005-12-09,137.28079
2005-12-10,202.22049
2005-12-11,166.9029
2005-12-12,130.50005
2005-12-13,217.18349
2005-12-14,211.86581
2005-12-15,296.09012
2005-12-16,407.0417
2005-12-17,253.0712
2005-12-18,217.9665
2005-12-19,294.90482
2005-12-20,282.05283
2005-12-21,230.8823
2005-12-22,284.28336
2005-12-23,284.71085
2005-12-24,225.13135
2005-12-25,304.82236
2005-12-26,351.10828
2005-12-27,311.80872
2005-12-28,236.82379
2005-12-29,201.82631
2005-12-30,190.66595
2005-12-31,141.39323
2006-01-01,121.0973
2006-01-02,114.82957
2006-01-03,280.9412
2006-01-04,226.76468
2006-01-05,158.8257
2006-01-06,155.6198
2006-01-07,157.06554
2006-01-08,185.06012
2006-01-09,171.0177
2006-01-10,143.08168
2006-01-11,120.29176
2006-01-12,100.376274
2006-01-13,96.32435
2006-01-14,101.212906
2006-01-15,132.19261
2006-01-16,175.74992
2006-01-17,159.75801
2006-01-18,155.264
2006-01-19,178.95435
2006-01-20,168.23143
2006-01-21,138.25536
2006-01-22,155.70029
2006-01-23,151.48895
2006-01-24,105.24456
2006-01-25,135.79863
2006-01-26,137.87488
2006-01-27,109.48969
2006-01-28,149.90091
2006-01-29,378.3667
2006-01-30,559.28033
2006-01-31,350.49442
2006-02-01,295.888
2006-02-02,258.25568
2006-02-03,330.51706
2006-02-04,477.1142
2006-02-05,456.13834
2006-02-06,333.92056
2006-02-07,172.42981
2006-02-08,185.10542
2006-02-09,196.00516
2006-02-10,134.36546
2006-02-11,187.43744
2006-02-12,206.21233
2006-02-13,180.83568
2006-02-14,183.55074
2006-02-15,117.20071
2006-02-16,98.78247
2006-02-17,81.7323
2006-02-18,72.38009
2006-02-19,96.770676
2006-02-20,121.17704
2006-02-21,131.35605
2006-02-22,163.74525
2006-02-23,170.35277
2006-02-24,124.29367
2006-02-25,145.14523
2006-02-26,251.5363
2006-02-27,239.74487
2006-02-28,222.4291
2006-03-01,137.71678
2006-03-02,147.04132
2006-03-03,198.3025
2006-03-04,162.25691
2006-03-05,139.84949
2006-03-06,134.11539
2006-03-07,179.01826
2006-03-08,266.88507
2006-03-09,374.17365
2006-03-10,341.708
2006-03-11,184.1001
2006-03-12,182.3548
2006-03-13,218.53702
2006-03-14,174.75244
2006-03-15,157.71754
2006-03-16,240.09149
2006-03-17,202.07442
2006-03-18,286.1893
2006-03-19,355.34042
2006-03-20,141.55025
2006-03-21,165.04758
2006-03-22,244.21884
2006-03-23,376.36743
2006-03-24,493.17685
2006-03-25,541.7712
2006-03-26,443.9984
2006-03-27,176.1629
2006-03-28,195.22441
2006-03-29,298.33063
2006-03-30,342.08444
2006-03-31,279.8941
2006-04-01,272.5027
2006-04-02,222.75035
2006-04-03,216.51399
2006-04-04,222.36722
2006-04-05,268.06607
2006-04-06,276.4709
2006-04-07,164.53102
2006-04-08,291.64053
2006-04-09,371.3718
2006-04-10,250.68115
2006-04-11,173.57913
2006-04-12,147.30933
2006-04-13,184.99046
2006-04-14,316.237
2006-04-15,382.59103
2006-04-16,212.67555
2006-04-17,116.071556
2006-04-18,231.25931
2006-04-19,358.46124
2006-04-20,320.66586
2006-04-21,243.99841
2006-04-22,197.46663
2006-04-23,227.13072
2006-04-24,416.6029
2006-04-25,497.68402
2006-04-26,420.66574
2006-04-27,355.16037
2006-04-28,289.80502
2006-04-29,171.37054
2006-04-30,129.08305
2006-05-01,171.96419
2006-05-02,245.03821
2006-05-03,291.36725
2006-05-04,313.6249
2006-05-05,330.13885
2006-05-06,226.46019
2006-05-07,179.24686
2006-05-08,199.86256
2006-05-09,327.80713
2006-05-10,407.37842
2006-05-11,352.1158
2006-05-12,309.94214
2006-05-13,252.48131
2006-05-14,123.89413
2006-05-15,93.340004
2006-05-16,110.56152
2006-05-17,174.69638
2006-05-18,201.17336
2006-05-19,209.33876
2006-05-20,190.98154
2006-05-21,172.76494
2006-05-22,126.50735
2006-05-23,117.674164
2006-05-24,146.3554
2006-05-25,325.9447
2006-05-26,454.9084
2006-05-27,450.15063
2006-05-28,524.9254
2006-05-29,675.16785
2006-05-30,636.00903
2006-05-31,244.0841
2006-06-01,126.58096
2006-06-02,170.32207
2006-06-03,312.6452
2006-06-04,405.43204
2006-06-05,314.7895
2006-06-06,254.40088
2006-06-07,325.85117
2006-06-08,372.9183
2006-06-09,355.74265
2006-06-10,554.9821
2006-06-11,595.49475
2006-06-12,429.45926
2006-06-13,411.8616
2006-06-14,327.97452
2006-06-15,248.05948
2006-06-16,279.69626
2006-06-17,328.5102
2006-06-18,455.5075
2006-06-19,361.82806
2006-06-20,97.555244
2006-06-21,132.50012
2006-06-22,252.99109
2006-06-23,490.59525
2006-06-24,639.34564
2006-06-25,295.54315
2006-06-26,119.47514
2006-06-27,138.0312
2006-06-28,98.74354
2006-06-29,75.370804
2006-06-30,57.68298
2006-07-01,47.180626
2006-07-02,42.26828
2006-07-03,43.52332
2006-07-04,106.096664
2006-07-05,157.39003
2006-07-06,68.91826
2006-07-07,37.698555
2006-07-08,33.228783
2006-07-09,34.439262
2006-07-10,57.604286
2006-07-11,141.60234
2006-07-12,266.5877
2006-07-13,250.4816
2006-07-14,142.45013
2006-07-15,224.64926
2006-07-16,379.97696
2006-07-17,335.03375
2006-07-18,105.33319
2006-07-19,57.953278
2006-07-20,67.08886
2006-07-21,58.185493
2006-07-22,47.09158
2006-07-23,170.47801
2006-07-24,410.04282
2006-07-25,425.3976
2006-07-26,473.06525
2006-07-27,613.0317
2006-07-28,327.72247
2006-07-29,190.0992
2006-07-30,188.71394
2006-07-31,209.31596
2006-08-01,212.84912
2006-08-02,138.99191
2006-08-03,56.098843
2006-08-04,47.939793
2006-08-05,42.13232
2006-08-06,42.792706
2006-08-07,43.187237
2006-08-08,65.5315
2006-08-09,101.20091
2006-08-10,72.484436
2006-08-11,53.700874
2006-08-12,55.43002
2006-08-13,73.142525
2006-08-14,68.508575
2006-08-15,61.350315
2006-08-16,171.3663
2006-08-17,851.8748
2006-08-18,1146.8699
2006-08-19,282.90082
2006-08-20,225.38463
2006-08-21,278.31534
2006-08-22,489.97385
2006-08-23,436.2155
2006-08-24,126.0672
2006-08-25,195.47537
2006-08-26,265.9816
2006-08-27,226.19469
2006-08-28,310.29752
2006-08-29,361.13452
2006-08-30,270.65857
2006-08-31,230.9578
2006-09-01,218.40596
2006-09-02,246.56683
2006-09-03,291.6501
2006-09-04,313.98975
2006-09-05,341.24728
2006-09-06,255.23979
2006-09-07,222.73737
2006-09-08,186.68756
2006-09-09,333.39838
2006-09-10,333.4723
2006-09-11,182.86436
2006-09-12,244.34276
2006-09-13,361.7599
2006-09-14,476.82526
2006-09-15,446.34824
2006-09-16,268.24026
2006-09-17,255.11835
2006-09-18,312.36798
2006-09-19,312.01453
2006-09-20,340.2096
2006-09-21,581.785
2006-09-22,558.3191
2006-09-23,231.49747
2006-09-24,99.28461
2006-09-25,154.79121
2006-09-26,295.6455
2006-09-27,424.29575
2006-09-28,349.37738
2006-09-29,92.56855
2006-09-30,110.13815
2006-10-01,137.66124
2006-10-02,149.23842
2006-10-03,154.1916
2006-10-04,174.89923
2006-10-05,200.03716
2006-10-06,163.6119
2006-10-07,164.01933
2006-10-08,217.72374
2006-10-09,219.86472
2006-10-10,276.95453
2006-10-11,260.68826
2006-10-12,309.454
2006-10-13,282.24374
2006-10-14,196.7788
2006-10-15,381.22125
2006-10-16,313.48245
2006-10-17,216.29582
2006-10-18,197.00212
2006-10-19,104.14014
2006-10-20,73.34023
2006-10-21,69.83489
2006-10-22,54.06279
2006-10-23,78.96107
2006-10-24,121.69123
2006-10-25,105.14293
2006-10-26,123.5945
2006-10-27,186.11417
2006-10-28,196.63243
2006-10-29,201.45532
2006-10-30,137.89389
2006-10-31,106.73402
2006-11-01,120.77465
2006-11-02,139.7848
2006-11-03,120.03232
2006-11-04,88.833916
2006-11-05,97.4177
2006-11-06,105.43889
2006-11-07,91.789
2006-11-08,297.76126
2006-11-09,509.8682
2006-11-10,264.76746
2006-11-11,158.43639
2006-11-12,179.79497
2006-11-13,301.48892
2006-11-14,347.60016
2006-11-15,322.12558
2006-11-16,283.4036
2006-11-17,160.37953
2006-11-18,114.81211
2006-11-19,104.184074
2006-11-20,136.5005
2006-11-21,168.03827
2006-11-22,221.15692
2006-11-23,261.15305
2006-11-24,204.18372
2006-11-25,140.62704
2006-11-26,241.58762
2006-11-27,317.4569
2006-11-28,241.86128
2006-11-29,297.18536
2006-11-30,253.94595
2006-12-01,211.55386
2006-12-02,285.1158
2006-12-03,269.62283
2006-12-04,170.66307
2006-12-05,128.78642
2006-12-06,393.85767
2006-12-07,420.65958
2006-12-08,266.42496
2006-12-09,217.38889
2006-12-10,185.16756
2006-12-11,175.13965
2006-12-12,144.47508
2006-12-13,233.72713
2006-12-14,203.11052
2006-12-15,186.72353
2006-12-16,407.70728
2006-12-17,350.7337
2006-12-18,164.5255
2006-12-19,150.09862
2006-12-20,198.44841
2006-12-21,212.93213
2006-12-22,326.3078
2006-12-23,364.59305
2006-12-24,248.46803
2006-12-25,250.80095
2006-12-26,249.59496
2006-12-27,266.18268
2006-12-28,282.7502
2006-12-29,294.1893
2006-12-30,257.82117
2006-12-31,161.29732
2007-01-01,116.14403
2007-01-02,96.02183
2007-01-03,98.95523
2007-01-04,117.5999
2007-01-05,188.33015
2007-01-06,208.87009
2007-01-07,136.10262
2007-01-08,123.53313
2007-01-09,139.39073
2007-01-10,126.26511
2007-01-11,149.75208
2007-01-12,114.815765
2007-01-13,80.46627
2007-01-14,101.11233
2007-01-15,140.41809
2007-01-16,123.91495
2007-01-17,85.88593
2007-01-18,92.87019
2007-01-19,124.91466
2007-01-20,170.28944
2007-01-21,232.209
2007-01-22,274.8522
2007-01-23,285.95718
2007-01-24,289.74933
2007-01-25,261.44522
2007-01-26,298.48358
2007-01-27,270.62354
2007-01-28,205.00363
2007-01-29,160.91597
2007-01-30,167.01811
2007-01-31,132.47989
2007-02-01,180.37822
2007-02-02,130.05388
2007-02-03,70.29429
2007-02-04,64.69852
2007-02-05,55.232315
2007-02-06,55.324493
2007-02-07,57.160423
2007-02-08,46.338326
2007-02-09,43.04574
2007-02-10,50.67204
2007-02-11,60.54884
2007-02-12,66.61899
2007-02-13,54.173264
2007-02-14,41.196712
2007-02-15,61.7649
2007-02-16,63.926994
2007-02-17,74.76356
2007-02-18,59.273335
2007-02-19,36.297005
2007-02-20,37.09912
2007-02-21,62.085903
2007-02-22,62.859562
2007-02-23,48.11336
2007-02-24,35.98185
2007-02-25,31.06437
2007-02-26,116.49225
2007-02-27,254.51622
2007-02-28,249.13255
2007-03-01,196.17998
2007-03-02,178.00833
2007-03-03,192.71819
2007-03-04,186.05249
2007-03-05,352.26062
2007-03-06,456.28784
2007-03-07,400.349
2007-03-08,286.99353
2007-03-09,318.29895
2007-03-10,384.42358
2007-03-11,350.58356
2007-03-12,289.6741
2007-03-13,300.4841
2007-03-14,253.27646
2007-03-15,182.9422
2007-03-16,140.38687
2007-03-17,111.951385
2007-03-18,180.14433
2007-03-19,242.41154
2007-03-20,283.60785
2007-03-21,407.2795
2007-03-22,300.5406
2007-03-23,199.50156
2007-03-24,156.68925
2007-03-25,106.8382
2007-03-26,158.70406
2007-03-27,235.69444
2007-03-28,564.107
2007-03-29,587.7636
2007-03-30,273.3361
2007-03-31,488.06992
2007-04-01,864.355
2007-04-02,644.5537
2007-04-03,410.68643
2007-04-04,415.16293
2007-04-05,388.68835
2007-04-06,228.60083
2007-04-07,179.16832
2007-04-08,197.71597
2007-04-09,368.0212
2007-04-10,388.33688
2007-04-11,218.47864
2007-04-12,171.08147
2007-04-13,155.7694
2007-04-14,217.55896
2007-04-15,304.83484
2007-04-16,338.93008
2007-04-17,347.82538
2007-04-18,353.90738
2007-04-19,306.24506
2007-04-20,316.24908
2007-04-21,357.4784
2007-04-22,336.4913
2007-04-23,310.74258
2007-04-24,287.89465
2007-04-25,289.7014
2007-04-26,287.96454
2007-04-27,236.90762
2007-04-28,285.8564
2007-04-29,354.62662
2007-04-30,427.05478
2007-05-01,520.9501
2007-05-02,407.70837
2007-05-03,328.6716
2007-05-04,331.7502
2007-05-05,419.9262
2007-05-06,457.18964
2007-05-07,423.9879
2007-05-08,267.28806
2007-05-09,380.66635
2007-05-10,460.8571
2007-05-11,377.4946
2007-05-12,345.12976
2007-05-13,168.93321
2007-05-14,238.7154
2007-05-15,493.52536
2007-05-16,589.402
2007-05-17,333.56982
2007-05-18,303.5842
2007-05-19,586.0002
2007-05-20,681.8572
2007-05-21,359.09253
2007-05-22,309.35358
2007-05-23,154.7804
2007-05-24,248.68706
2007-05-25,237.91277
2007-05-26,313.11047
2007-05-27,502.26434
2007-05-28,328.4297
2007-05-29,311.52176
2007-05-30,365.84457
2007-05-31,256.81033
2007-06-01,344.83984
2007-06-02,424.07938
2007-06-03,502.42844
2007-06-04,487.83572
2007-06-05,338.44592
2007-06-06,268.44574
2007-06-07,306.97375
2007-06-08,371.5798
2007-06-09,379.10526
2007-06-10,322.7522
2007-06-11,272.91013
2007-06-12,397.19427
2007-06-13,669.97363
2007-06-14,658.3909
2007-06-15,394.77478
2007-06-16,423.67102
2007-06-17,470.63654
2007-06-18,513.8848
2007-06-19,426.06674
2007-06-20,342.34973
2007-06-21,310.4916
2007-06-22,451.9965
2007-06-23,625.53296
2007-06-24,572.7554
2007-06-25,432.33508
2007-06-26,433.97064
2007-06-27,522.9833
2007-06-28,517.51514
2007-06-29,384.3323
2007-06-30,101.699615
2007-07-01,67.22571
2007-07-02,54.964256
2007-07-03,50.01106
2007-07-04,47.12428
2007-07-05,44.63267
2007-07-06,43.948822
2007-07-07,57.92455
2007-07-08,126.2962
2007-07-09,229.3143
2007-07-10,226.69579
2007-07-11,180.79913
2007-07-12,166.23463
2007-07-13,89.22719
2007-07-14,104.63049
2007-07-15,136.1352
2007-07-16,209.86008
2007-07-17,304.58826
2007-07-18,345.56284
2007-07-19,242.25171
2007-07-20,232.33754
2007-07-21,305.07452
2007-07-22,309.29285
2007-07-23,241.01537
2007-07-24,218.1071
2007-07-25,139.91078
2007-07-26,119.62266
2007-07-27,136.92459
2007-07-28,182.62071
2007-07-29,181.11873
2007-07-30,87.97787
2007-07-31,46.511307
2007-08-01,44.57385
2007-08-02,53.24594
2007-08-03,80.53745
2007-08-04,93.92559
2007-08-05,134.08041
2007-08-06,300.81073
2007-08-07,383.45505
2007-08-08,335.05188
2007-08-09,306.08212
2007-08-10,372.34393
2007-08-11,351.65036
2007-08-12,359.75302
2007-08-13,488.67734
2007-08-14,536.00275
2007-08-15,579.84937
2007-08-16,589.5689
2007-08-17,389.36096
2007-08-18,412.77927
2007-08-19,399.06488
2007-08-20,347.8143
2007-08-21,336.4472
2007-08-22,355.06384
2007-08-23,387.64056
2007-08-24,377.34085
2007-08-25,420.69995
2007-08-26,488.84933
2007-08-27,358.55756
2007-08-28,239.16379
2007-08-29,241.20581
2007-08-30,270.4496
2007-08-31,327.33456
2007-09-01,409.0555
2007-09-02,342.9807
2007-09-03,287.70163
2007-09-04,643.26215
2007-09-05,815.7738
2007-09-06,368.94788
2007-09-07,334.7049
2007-09-08,289.15298
2007-09-09,192.87018
2007-09-10,225.52008
2007-09-11,299.2812
2007-09-12,344.9691
2007-09-13,371.37442
2007-09-14,296.87024
2007-09-15,335.6348
2007-09-16,515.36615
2007-09-17,578.8794
2007-09-18,574.9185
2007-09-19,455.94147
2007-09-20,169.72145
2007-09-21,239.6158
2007-09-22,321.05667
2007-09-23,252.69623
2007-09-24,177.97777
2007-09-25,178.61272
2007-09-26,241.17363
2007-09-27,300.44336
2007-09-28,252.1838
2007-09-29,239.2866
2007-09-30,117.12672
2007-10-01,157.07915
2007-10-02,257.9542
2007-10-03,422.5255
2007-10-04,454.69766
2007-10-05,283.4944
2007-10-06,273.91812
2007-10-07,214.21791
2007-10-08,139.01123
2007-10-09,169.65843
2007-10-10,257.68182
2007-10-11,249.41866
2007-10-12,155.01825
2007-10-13,126.6021
2007-10-14,117.315865
2007-10-15,227.72624
2007-10-16,237.67326
2007-10-17,174.01666
2007-10-18,161.51065
2007-10-19,164.50476
2007-10-20,170.02872
2007-10-21,306.5778
2007-10-22,356.29642
2007-10-23,135.24077
2007-10-24,80.63535
2007-10-25,81.59962
2007-10-26,78.476074
2007-10-27,95.344154
2007-10-28,261.6613
2007-10-29,283.90414
2007-10-30,154.43756
2007-10-31,280.13165
2007-11-01,309.997
2007-11-02,229.05896
2007-11-03,166.48454
2007-11-04,299.23224
2007-11-05,268.08435
2007-11-06,177.71371
2007-11-07,222.60342
2007-11-08,191.37115
2007-11-09,236.17522
2007-11-10,361.3538
2007-11-11,349.5023
2007-11-12,262.30762
2007-11-13,259.55527
2007-11-14,304.7381
2007-11-15,283.51102
2007-11-16,219.38672
2007-11-17,263.425
2007-11-18,350.87628
2007-11-19,399.00055
2007-11-20,436.9484
2007-11-21,398.731
2007-11-22,256.55963
2007-11-23,277.7831
2007-11-24,291.2037
2007-11-25,209.73325
2007-11-26,152.3147
2007-11-27,161.16628
2007-11-28,154.86946
2007-11-29,196.5792
2007-11-30,145.92668
2007-12-01,182.14426
2007-12-02,323.0733
2007-12-03,312.66953
2007-12-04,209.09679
2007-12-05,204.59053
2007-12-06,134.17209
2007-12-07,78.662506
2007-12-08,196.58473
2007-12-09,222.23238
2007-12-10,122.98694
2007-12-11,197.93988
2007-12-12,239.75441
2007-12-13,196.37453
2007-12-14,191.64194
2007-12-15,199.72693
2007-12-16,382.8819
2007-12-17,433.11755
2007-12-18,350.35855
2007-12-19,273.23453
2007-12-20,192.13795
2007-12-21,200.56717
2007-12-22,179.24458
2007-12-23,165.26056
2007-12-24,276.67102
2007-12-25,312.2032
2007-12-26,310.07965
2007-12-27,289.49466
2007-12-28,276.49106
2007-12-29,236.58931
2007-12-30,218.42154
2007-12-31,219.73727
2008-01-01,176.83376
2008-01-02,109.00257
2008-01-03,159.73158
2008-01-04,223.30763
2008-01-05,168.51642
2008-01-06,223.95912
2008-01-07,426.31186
2008-01-08,376.5641
2008-01-09,171.73692
2008-01-10,221.51935
2008-01-11,265.17365
2008-01-12,160.07541
2008-01-13,105.01583
2008-01-14,113.20685
2008-01-15,179.41475
2008-01-16,270.11432
2008-01-17,308.11
2008-01-18,227.1547
2008-01-19,166.03662
2008-01-20,131.94322
2008-01-21,156.16339
2008-01-22,188.3024
2008-01-23,199.66124
2008-01-24,145.51567
2008-01-25,119.89901
2008-01-26,163.16954
2008-01-27,248.2768
2008-01-28,267.183
2008-01-29,234.71272
2008-01-30,247.11224
2008-01-31,208.74158
2008-02-01,161.0329
2008-02-02,133.1768
2008-02-03,131.59583
2008-02-04,117.55566
2008-02-05,124.960884
2008-02-06,127.43543
2008-02-07,177.00914
2008-02-08,245.1901
2008-02-09,214.50664
2008-02-10,203.14474
2008-02-11,224.28172
2008-02-12,215.73647
2008-02-13,265.4157
2008-02-14,371.11404
2008-02-15,418.61087
2008-02-16,485.78247
2008-02-17,317.09283
2008-02-18,184.11115
2008-02-19,238.95428
2008-02-20,349.87338
2008-02-21,421.5247
2008-02-22,377.96753
2008-02-23,245.07677
2008-02-24,185.59698
2008-02-25,251.93523
2008-02-26,320.74496
2008-02-27,271.79126
2008-02-28,241.08234
2008-02-29,199.30385
2008-03-01,192.9296
2008-03-02,169.23611
2008-03-03,167.22005
2008-03-04,172.68037
2008-03-05,217.34302
2008-03-06,307.44876
2008-03-07,327.39954
2008-03-08,204.7132
2008-03-09,147.20206
2008-03-10,136.92873
2008-03-11,166.89485
2008-03-12,200.25543
2008-03-13,159.96112
2008-03-14,249.52802
2008-03-15,264.40564
2008-03-16,205.23347
2008-03-17,200.42207
2008-03-18,153.04204
2008-03-19,168.57573
2008-03-20,191.95023
2008-03-21,191.79268
2008-03-22,167.34827
2008-03-23,167.1437
2008-03-24,222.72151
2008-03-25,291.32825
2008-03-26,398.01846
2008-03-27,361.51
2008-03-28,241.06543
2008-03-29,170.6952
2008-03-30,175.97513
2008-03-31,167.43927
2008-04-01,460.1321
2008-04-02,484.58734
2008-04-03,184.49977
2008-04-04,99.358955
2008-04-05,82.56333
2008-04-06,75.38756
2008-04-07,101.56053
2008-04-08,145.80183
2008-04-09,157.78618
2008-04-10,303.59427
2008-04-11,320.50702
2008-04-12,398.0317
2008-04-13,372.53482
2008-04-14,199.3146
2008-04-15,196.57835
2008-04-16,231.80899
2008-04-17,300.44427
2008-04-18,231.2948
2008-04-19,169.77106
2008-04-20,325.348
2008-04-21,412.45465
2008-04-22,372.96524
2008-04-23,474.28265
2008-04-24,516.8087
2008-04-25,290.1641
2008-04-26,277.67395
2008-04-27,253.7728
2008-04-28,288.00287
2008-04-29,353.08762
2008-04-30,369.64505
2008-05-01,463.8826
2008-05-02,431.73322
2008-05-03,230.61058
2008-05-04,203.02928
2008-05-05,234.04428
2008-05-06,238.7057
2008-05-07,190.20686
2008-05-08,188.5967
2008-05-09,267.71353
2008-05-10,333.27515
2008-05-11,303.08987
2008-05-12,266.79214
2008-05-13,222.83633
2008-05-14,264.81128
2008-05-15,309.1843
2008-05-16,270.39407
2008-05-17,262.41068
2008-05-18,435.73776
2008-05-19,550.5867
2008-05-20,509.1674
2008-05-21,517.59
2008-05-22,593.352
2008-05-23,590.58954
2008-05-24,540.6188
2008-05-25,301.04788
2008-05-26,248.31271
2008-05-27,205.56595
2008-05-28,391.59155
2008-05-29,365.92773
2008-05-30,270.75613
2008-05-31,194.67975
2008-06-01,185.15431
2008-06-02,293.12262
2008-06-03,341.5483
2008-06-04,328.37845
2008-06-05,329.18863
2008-06-06,322.3554
2008-06-07,404.75055
2008-06-08,537.8428
2008-06-09,450.4474
2008-06-10,415.23672
2008-06-11,374.91565
2008-06-12,273.28384
2008-06-13,184.3548
2008-06-14,184.41212
2008-06-15,239.03217
2008-06-16,303.92905
2008-06-17,523.42346
2008-06-18,627.3276
2008-06-19,411.1538
2008-06-20,319.16696
2008-06-21,243.4439
2008-06-22,243.50604
2008-06-23,292.21567
2008-06-24,314.62793
2008-06-25,322.89264
2008-06-26,310.93094
2008-06-27,277.1275
2008-06-28,189.3882
2008-06-29,184.58228
2008-06-30,199.38626
2008-07-01,154.25601
2008-07-02,287.06683
2008-07-03,465.85507
2008-07-04,568.0277
2008-07-05,605.4817
2008-07-06,681.65765
2008-07-07,421.6991
2008-07-08,420.18414
2008-07-09,340.15106
2008-07-10,357.1775
2008-07-11,555.6808
2008-07-12,640.25525
2008-07-13,528.1658
2008-07-14,436.5465
2008-07-15,319.64337
2008-07-16,356.06775
2008-07-17,410.1084
2008-07-18,302.08572
2008-07-19,147.81456
2008-07-20,233.07869
2008-07-21,375.48154
2008-07-22,247.89178
2008-07-23,127.82082
2008-07-24,130.28401
2008-07-25,180.87892
2008-07-26,321.64102
2008-07-27,399.36874
2008-07-28,440.8373
2008-07-29,324.51794
2008-07-30,336.84204
2008-07-31,569.76135
2008-08-01,629.1088
2008-08-02,229.01648
2008-08-03,260.73398
2008-08-04,260.51785
2008-08-05,275.40753
2008-08-06,236.7247
2008-08-07,211.57545
2008-08-08,251.69547
2008-08-09,254.14162
2008-08-10,565.25574
2008-08-11,903.8127
2008-08-12,811.2357
2008-08-13,539.90234
2008-08-14,254.86006
2008-08-15,322.6332
2008-08-16,349.25864
2008-08-17,484.93405
2008-08-18,520.801
2008-08-19,251.82726
2008-08-20,253.48198
2008-08-21,290.10855
2008-08-22,364.49942
2008-08-23,343.52188
2008-08-24,209.10027
2008-08-25,178.45103
2008-08-26,206.67567
2008-08-27,363.5238
2008-08-28,494.18732
2008-08-29,394.43964
2008-08-30,196.44789
2008-08-31,267.56818
2008-09-01,398.43793
2008-09-02,479.3688
2008-09-03,423.58737
2008-09-04,410.56876
2008-09-05,285.00784
2008-09-06,177.92885
2008-09-07,239.91492
2008-09-08,243.05725
2008-09-09,287.87476
2008-09-10,325.30792
2008-09-11,319.38153
2008-09-12,285.47546
2008-09-13,173.255
2008-09-14,153.00647
2008-09-15,183.35583
2008-09-16,299.9856
2008-09-17,594.563
2008-09-18,935.3592
2008-09-19,751.2736
2008-09-20,339.47977
2008-09-21,211.78969
2008-09-22,203.31607
2008-09-23,422.81134
2008-09-24,560.77997
2008-09-25,303.81522
2008-09-26,161.89435
2008-09-27,165.84886
2008-09-28,242.94743
2008-09-29,236.76732
2008-09-30,183.53595
2008-10-01,208.40201
2008-10-02,322.1307
2008-10-03,376.43112
2008-10-04,350.10245
2008-10-05,218.6198
2008-10-06,153.80194
2008-10-07,121.15636
2008-10-08,112.28138
2008-10-09,117.285
2008-10-10,121.508965
2008-10-11,329.10077
2008-10-12,323.82617
2008-10-13,98.82587
2008-10-14,213.68889
2008-10-15,215.9837
2008-10-16,120.07765
2008-10-17,86.81879
2008-10-18,156.18666
2008-10-19,215.609
2008-10-20,191.64252
2008-10-21,195.54178
2008-10-22,245.53836
2008-10-23,292.4558
2008-10-24,273.56912
2008-10-25,327.8313
2008-10-26,353.07092
2008-10-27,248.0995
2008-10-28,174.97688
2008-10-29,147.35197
2008-10-30,173.30986
2008-10-31,207.69899
2008-11-01,193.67723
2008-11-02,317.0928
2008-11-03,272.5795
2008-11-04,114.806465
2008-11-05,157.43028
2008-11-06,266.16168
2008-11-07,352.3252
2008-11-08,317.25183
2008-11-09,234.85373
2008-11-10,141.07565
2008-11-11,137.13881
2008-11-12,167.34723
2008-11-13,147.74113
2008-11-14,419.2753
2008-11-15,474.12006
2008-11-16,305.29266
2008-11-17,334.42468
2008-11-18,368.56708
2008-11-19,283.26465
2008-11-20,234.65752
2008-11-21,189.64995
2008-11-22,139.16518
2008-11-23,154.19614
2008-11-24,208.35725
2008-11-25,248.53802
2008-11-26,328.57745
2008-11-27,313.7163
2008-11-28,184.36119
2008-11-29,111.69753
2008-11-30,145.7803
2008-12-01,181.68474
2008-12-02,306.7589
2008-12-03,251.80391
2008-12-04,185.47696
2008-12-05,195.5042
2008-12-06,221.22499
2008-12-07,181.724
2008-12-08,161.51549
2008-12-09,175.72093
2008-12-10,157.84525
2008-12-11,131.6676
2008-12-12,141.99341
2008-12-13,146.5424
2008-12-14,123.47726
2008-12-15,155.1715
2008-12-16,333.49835
2008-12-17,429.27124
2008-12-18,222.75067
2008-12-19,349.25983
2008-12-20,320.23288
2008-12-21,250.58324
2008-12-22,196.43105
2008-12-23,193.624
2008-12-24,164.3628
2008-12-25,170.78548
2008-12-26,192.25467
2008-12-27,244.827
2008-12-28,240.84578
2008-12-29,185.57478
2008-12-30,266.84387
2008-12-31,248.06935
2009-01-01,170.93907
2009-01-02,176.02275
2009-01-03,234.9604
2009-01-04,255.15541
2009-01-05,172.87662
2009-01-06,173.42435
2009-01-07,211.66762
2009-01-08,311.43063
2009-01-09,366.79337
2009-01-10,244.81613
2009-01-11,212.12363
2009-01-12,264.59033
2009-01-13,284.84656
2009-01-14,313.316
2009-01-15,289.58368
2009-01-16,255.75348
2009-01-17,237.72112
2009-01-18,252.9995
2009-01-19,158.90202
2009-01-20,122.29937
2009-01-21,121.49643
2009-01-22,163.23277
2009-01-23,243.23477
2009-01-24,262.24606
2009-01-25,218.16208
2009-01-26,191.22365
2009-01-27,168.3587
2009-01-28,153.02802
2009-01-29,146.14441
2009-01-30,115.853
2009-01-31,183.35463
2009-02-01,312.4695
2009-02-02,385.3457
2009-02-03,385.23212
2009-02-04,414.00076
2009-02-05,316.90732
2009-02-06,291.24084
2009-02-07,255.4232
2009-02-08,205.40154
2009-02-09,164.01665
2009-02-10,211.03824
2009-02-11,206.33922
2009-02-12,184.2788
2009-02-13,341.04947
2009-02-14,419.91
2009-02-15,739.3088
2009-02-16,521.9195
2009-02-17,240.13113
2009-02-18,144.54987
2009-02-19,136.8136
2009-02-20,210.92924
2009-02-21,235.13228
2009-02-22,301.72055
2009-02-23,280.8686
2009-02-24,242.27934
2009-02-25,218.46559
2009-02-26,191.55057
2009-02-27,203.63377
2009-02-28,260.9474
2009-03-01,230.93001
2009-03-02,192.68016
2009-03-03,207.62888
2009-03-04,277.8594
2009-03-05,398.5815
2009-03-06,368.0386
2009-03-07,258.944
2009-03-08,206.09972
2009-03-09,143.61205
2009-03-10,152.48958
2009-03-11,124.68326
2009-03-12,90.91667
2009-03-13,93.21308
2009-03-14,288.5724
2009-03-15,200.3496
2009-03-16,104.84238
2009-03-17,199.92853
2009-03-18,270.8783
2009-03-19,313.9074
2009-03-20,468.13278
2009-03-21,489.10553
2009-03-22,397.49316
2009-03-23,352.06113
2009-03-24,275.78894
2009-03-25,225.77185
2009-03-26,194.9345
2009-03-27,208.59221
2009-03-28,164.27786
2009-03-29,282.23224
2009-03-30,335.5265
2009-03-31,228.65178
2009-04-01,279.5784
2009-04-02,302.70847
2009-04-03,158.14902
2009-04-04,100.33292
2009-04-05,99.94843
2009-04-06,91.8349
2009-04-07,93.92774
2009-04-08,101.03793
2009-04-09,179.3103
2009-04-10,234.58803
2009-04-11,250.41866
2009-04-12,300.1619
2009-04-13,234.19205
2009-04-14,144.34047
2009-04-15,194.66545
2009-04-16,305.98132
2009-04-17,345.69446
2009-04-18,371.23703
2009-04-19,366.89276
2009-04-20,206.20346
2009-04-21,227.31277
2009-04-22,301.24606
2009-04-23,387.65274
2009-04-24,402.8041
2009-04-25,307.96524
2009-04-26,270.1039
2009-04-27,295.82492
2009-04-28,306.0055
2009-04-29,275.2608
2009-04-30,256.68732
2009-05-01,466.4814
2009-05-02,506.2371
2009-05-03,311.7877
2009-05-04,693.16534
2009-05-05,779.31555
2009-05-06,216.83727
2009-05-07,89.54256
2009-05-08,70.541565
2009-05-09,100.27169
2009-05-10,179.0705
2009-05-11,447.53156
2009-05-12,579.6737
2009-05-13,243.04634
2009-05-14,237.4202
2009-05-15,254.53723
2009-05-16,138.2805
2009-05-17,139.18315
2009-05-18,153.56894
2009-05-19,135.23228
2009-05-20,136.06203
2009-05-21,290.91235
2009-05-22,433.33862
2009-05-23,426.76428
2009-05-24,465.14267
2009-05-25,382.40918
2009-05-26,243.67921
2009-05-27,249.82451
2009-05-28,192.3498
2009-05-29,204.19824
2009-05-30,430.40158
2009-05-31,611.61536
2009-06-01,305.36438
2009-06-02,216.71945
2009-06-03,189.74356
2009-06-04,188.07542
2009-06-05,286.95166
2009-06-06,311.18265
2009-06-07,358.1088
2009-06-08,493.21774
2009-06-09,482.23746
2009-06-10,295.47473
2009-06-11,239.59293
2009-06-12,258.65784
2009-06-13,196.21112
2009-06-14,242.83095
2009-06-15,357.6277
2009-06-16,365.19666
2009-06-17,147.24402
2009-06-18,133.87389
2009-06-19,169.45758
2009-06-20,215.79993
2009-06-21,427.74808
2009-06-22,544.2424
2009-06-23,391.66663
2009-06-24,346.63666
2009-06-25,217.70029
2009-06-26,173.36726
2009-06-27,136.69261
2009-06-28,147.46379
2009-06-29,184.77065
2009-06-30,195.79779
2009-07-01,300.62277
2009-07-02,386.42053
2009-07-03,496.98163
2009-07-04,559.3436
2009-07-05,601.0743
2009-07-06,538.86066
2009-07-07,279.22845
2009-07-08,287.10358
2009-07-09,341.53366
2009-07-10,373.48532
2009-07-11,619.4741
2009-07-12,675.55774
2009-07-13,250.859
2009-07-14,118.80493
2009-07-15,159.25531
2009-07-16,249.73755
2009-07-17,300.04315
2009-07-18,244.4172
2009-07-19,131.19453
2009-07-20,162.76633
2009-07-21,185.78397
2009-07-22,127.948364
2009-07-23,189.0126
2009-07-24,247.99155
2009-07-25,289.0637
2009-07-26,361.6625
2009-07-27,228.70279
2009-07-28,130.73813
2009-07-29,114.674515
2009-07-30,160.4763
2009-07-31,196.8098
2009-08-01,179.52899
2009-08-02,211.1042
2009-08-03,135.44736
2009-08-04,154.51236
2009-08-05,173.09064
2009-08-06,194.35736
2009-08-07,349.66925
2009-08-08,547.2754
2009-08-09,483.45715
2009-08-10,328.74472
2009-08-11,288.7517
2009-08-12,200.17615
2009-08-13,148.41458
2009-08-14,159.60657
2009-08-15,199.00127
2009-08-16,288.76184
2009-08-17,345.2278
2009-08-18,221.21956
2009-08-19,158.71678
2009-08-20,257.44116
2009-08-21,562.566
2009-08-22,673.20276
2009-08-23,316.6542
2009-08-24,305.08295
2009-08-25,215.19127
2009-08-26,277.0873
2009-08-27,359.71518
2009-08-28,427.45554
2009-08-29,414.96564
2009-08-30,279.40836
2009-08-31,380.85068
2009-09-01,490.36334
2009-09-02,299.7877
2009-09-03,157.52501
2009-09-04,158.71584
2009-09-05,262.6127
2009-09-06,324.09467
2009-09-07,233.72275
2009-09-08,198.32938
2009-09-09,174.50836
2009-09-10,170.9036
2009-09-11,223.0443
2009-09-12,233.30367
2009-09-13,349.19748
2009-09-14,384.73062
2009-09-15,144.2009
2009-09-16,135.32687
2009-09-17,420.90604
2009-09-18,645.5503
2009-09-19,328.9367
2009-09-20,231.06612
2009-09-21,224.94002
2009-09-22,264.3519
2009-09-23,295.99155
2009-09-24,288.0235
2009-09-25,222.32405
2009-09-26,133.75395
2009-09-27,167.67506
2009-09-28,154.24585
2009-09-29,116.52403
2009-09-30,131.97939
2009-10-01,118.089745
2009-10-02,115.07719
2009-10-03,116.31513
2009-10-04,117.79135
2009-10-05,149.9348
2009-10-06,223.53154
2009-10-07,170.94127
2009-10-08,159.06004
2009-10-09,229.72751
2009-10-10,207.3276
2009-10-11,182.65688
2009-10-12,233.86194
2009-10-13,207.90704
2009-10-14,209.70172
2009-10-15,326.46613
2009-10-16,217.4759
2009-10-17,58.627502
2009-10-18,85.29848
2009-10-19,153.61595
2009-10-20,211.3226
2009-10-21,291.32385
2009-10-22,242.09952
2009-10-23,299.66473
2009-10-24,212.90628
2009-10-25,64.48789
2009-10-26,80.12673
2009-10-27,130.04848
2009-10-28,190.11598
2009-10-29,173.03381
2009-10-30,180.95987
2009-10-31,315.3067
2009-11-01,326.95404
2009-11-02,401.30173
2009-11-03,352.33804
2009-11-04,170.57068
2009-11-05,105.07346
2009-11-06,394.2119
2009-11-07,398.67358
2009-11-08,158.99754
2009-11-09,281.0499
2009-11-10,244.78639
2009-11-11,139.49675
2009-11-12,177.05254
2009-11-13,239.15111
2009-11-14,288.5881
2009-11-15,277.72043
2009-11-16,147.65001
2009-11-17,108.826
2009-11-18,113.42596
2009-11-19,163.31029
2009-11-20,141.10353
2009-11-21,114.535255
2009-11-22,153.05444
2009-11-23,188.82942
2009-11-24,260.36502
2009-11-25,264.7363
2009-11-26,204.7315
2009-11-27,162.44214
2009-11-28,113.97673
2009-11-29,149.17415
2009-11-30,160.75986
2009-12-01,206.67792
2009-12-02,201.0919
2009-12-03,147.34268
2009-12-04,130.47653
2009-12-05,104.287155
2009-12-06,109.37276
2009-12-07,86.13265
2009-12-08,85.5592
2009-12-09,130.8012
2009-12-10,208.67223
2009-12-11,196.828
2009-12-12,122.4652
2009-12-13,154.84164
2009-12-14,188.32127
2009-12-15,195.9358
2009-12-16,214.62912
2009-12-17,210.17458
2009-12-18,149.88562
2009-12-19,129.08807
2009-12-20,163.63824
2009-12-21,302.17938
2009-12-22,246.78188
2009-12-23,160.59692
2009-12-24,117.345116
2009-12-25,89.212555
2009-12-26,110.422966
2009-12-27,137.18367
2009-12-28,201.04166
2009-12-29,204.76651
2009-12-30,114.69726
2009-12-31,78.87603
2010-01-01,96.360115
2010-01-02,87.32671
2010-01-03,66.02892
2010-01-04,62.91048
2010-01-05,73.662025
2010-01-06,73.282295
2010-01-07,74.223625
2010-01-08,135.85321
2010-01-09,236.62534
2010-01-10,352.96246
2010-01-11,372.7631
2010-01-12,219.8677
2010-01-13,157.95374
2010-01-14,102.09728
2010-01-15,59.960804
2010-01-16,77.19015
2010-01-17,135.6269
2010-01-18,257.5433
2010-01-19,336.24863
2010-01-20,246.86258
2010-01-21,285.02908
2010-01-22,277.40793
2010-01-23,205.0504
2010-01-24,119.116745
2010-01-25,142.02525
2010-01-26,130.81546
2010-01-27,123.28254
2010-01-28,163.35745
2010-01-29,164.51393
2010-01-30,153.68979
2010-01-31,130.68623
2010-02-01,106.9554
2010-02-02,84.69499
2010-02-03,195.25116
2010-02-04,864.41174
2010-02-05,1093.0491
2010-02-06,186.51093
2010-02-07,525.428
2010-02-08,485.65488
2010-02-09,158.13165
2010-02-10,213.65521
2010-02-11,181.211
2010-02-12,130.21928
2010-02-13,105.70508
2010-02-14,123.57962
2010-02-15,256.14795
2010-02-16,231.25572
2010-02-17,140.23343
2010-02-18,157.37227
2010-02-19,549.0627
2010-02-20,1441.7769
2010-02-21,1235.7917
2010-02-22,299.95575
2010-02-23,211.16035
2010-02-24,304.32394
2010-02-25,319.09848
2010-02-26,247.70142
2010-02-27,225.91489
2010-02-28,187.92868
2010-03-01,192.3235
2010-03-02,148.09096
2010-03-03,265.73376
2010-03-04,363.54324
2010-03-05,290.49075
2010-03-06,251.51465
2010-03-07,246.94722
2010-03-08,200.82123
2010-03-09,170.51103
2010-03-10,140.70497
2010-03-11,196.86858
2010-03-12,279.68515
2010-03-13,277.74646
2010-03-14,260.22006
2010-03-15,229.03038
2010-03-16,181.27707
2010-03-17,231.6944
2010-03-18,350.00708
2010-03-19,377.86288
2010-03-20,390.54593
2010-03-21,474.4184
2010-03-22,403.62363
2010-03-23,326.33044
2010-03-24,244.66295
2010-03-25,117.80663
2010-03-26,103.04058
2010-03-27,182.85927
2010-03-28,266.54242
2010-03-29,256.2631
2010-03-30,195.302
2010-03-31,234.00586
2010-04-01,358.5351
2010-04-02,469.56918
2010-04-03,397.50772
2010-04-04,192.96666
2010-04-05,222.85971
2010-04-06,328.3652
2010-04-07,550.31177
2010-04-08,591.9959
2010-04-09,307.26712
2010-04-10,345.1176
2010-04-11,360.68692
2010-04-12,290.08115
2010-04-13,182.29811
2010-04-14,347.29993
2010-04-15,352.81198
2010-04-16,227.40315
2010-04-17,260.44962
2010-04-18,199.82436
2010-04-19,176.47076
2010-04-20,227.8193
2010-04-21,307.75876
2010-04-22,274.72955
2010-04-23,168.93336
2010-04-24,254.33829
2010-04-25,409.29303
2010-04-26,395.86118
2010-04-27,657.3715
2010-04-28,689.26654
2010-04-29,425.25665
2010-04-30,588.9333
2010-05-01,545.8184
2010-05-02,338.42163
2010-05-03,421.5824
2010-05-04,446.98553
2010-05-05,283.23453
2010-05-06,153.66031
2010-05-07,160.55316
2010-05-08,162.77092
2010-05-09,302.43863
2010-05-10,501.87372
2010-05-11,455.6388
2010-05-12,377.44205
2010-05-13,242.5498
2010-05-14,256.29395
2010-05-15,353.90732
2010-05-16,212.24521
2010-05-17,138.53146
2010-05-18,166.51079
2010-05-19,252.13516
2010-05-20,288.25888
2010-05-21,313.07742
2010-05-22,415.92093
2010-05-23,341.26636
2010-05-24,147.64091
2010-05-25,97.4656
2010-05-26,70.79289
2010-05-27,128.8051
2010-05-28,126.52342
2010-05-29,75.318275
2010-05-30,70.119415
2010-05-31,64.081535
2010-06-01,77.06147
2010-06-02,131.44527
2010-06-03,180.66498
2010-06-04,204.16666
2010-06-05,311.38068
2010-06-06,309.61557
2010-06-07,148.00128
2010-06-08,138.0002
2010-06-09,250.17737
2010-06-10,667.7596
2010-06-11,794.5291
2010-06-12,348.5385
2010-06-13,329.62103
2010-06-14,295.14114
2010-06-15,305.09723
2010-06-16,350.13547
2010-06-17,389.36526
2010-06-18,448.95078
2010-06-19,566.5027
2010-06-20,735.2986
2010-06-21,565.57825
2010-06-22,264.11703
2010-06-23,117.47105
2010-06-24,162.6996
2010-06-25,236.32693
2010-06-26,249.00407
2010-06-27,357.36545
2010-06-28,408.6832
2010-06-29,429.271
2010-06-30,454.30267
2010-07-01,387.48422
2010-07-02,388.52658
2010-07-03,401.08752
2010-07-04,388.67505
2010-07-05,443.18015
2010-07-06,410.59985
2010-07-07,277.92294
2010-07-08,152.66869
2010-07-09,148.62411
2010-07-10,214.3556
2010-07-11,289.60193
2010-07-12,306.45917
2010-07-13,298.21838
2010-07-14,251.70064
2010-07-15,296.25266
2010-07-16,346.99985
2010-07-17,537.7631
2010-07-18,589.267
2010-07-19,398.7122
2010-07-20,492.65906
2010-07-21,470.61877
2010-07-22,265.0342
2010-07-23,177.9489
2010-07-24,250.52174
2010-07-25,339.63947
2010-07-26,310.84518
2010-07-27,349.46353
2010-07-28,438.24493
2010-07-29,465.34207
2010-07-30,464.764
2010-07-31,488.26334
2010-08-01,428.69415
2010-08-02,404.94922
2010-08-03,480.13455
2010-08-04,406.58664
2010-08-05,305.40396
2010-08-06,157.39062
2010-08-07,165.44629
2010-08-08,208.77602
2010-08-09,400.28717
2010-08-10,492.46124
2010-08-11,213.30063
2010-08-12,178.09001
2010-08-13,196.62305
2010-08-14,413.5513
2010-08-15,527.5002
2010-08-16,434.92935
2010-08-17,317.16046
2010-08-18,280.14697
2010-08-19,331.30548
2010-08-20,291.11362
2010-08-21,266.01843
2010-08-22,263.63568
2010-08-23,247.01953
2010-08-24,295.47467
2010-08-25,437.38116
2010-08-26,472.45908
2010-08-27,559.3127
2010-08-28,855.4941
2010-08-29,879.6702
2010-08-30,800.9032
2010-08-31,305.88626
2010-09-01,228.34354
2010-09-02,237.55789
2010-09-03,279.13788
2010-09-04,357.0484
2010-09-05,409.2454
2010-09-06,323.5682
2010-09-07,228.46957
2010-09-08,318.29654
2010-09-09,416.80505
2010-09-10,257.41968
2010-09-11,137.4898
2010-09-12,121.67648
2010-09-13,115.6601
2010-09-14,110.33757
2010-09-15,164.7147
2010-09-16,193.89037
2010-09-17,239.92526
2010-09-18,256.2559
2010-09-19,426.1761
2010-09-20,594.90924
2010-09-21,799.2816
2010-09-22,821.2813
2010-09-23,213.66753
2010-09-24,187.21771
2010-09-25,221.68503
2010-09-26,311.98035
2010-09-27,282.73676
2010-09-28,188.93633
2010-09-29,192.5828
2010-09-30,132.35497
2010-10-01,128.7041
2010-10-02,172.31343
2010-10-03,154.72932
2010-10-04,86.409515
2010-10-05,103.52612
2010-10-06,115.54267
2010-10-07,119.106476
2010-10-08,103.52122
2010-10-09,110.86573
2010-10-10,163.56973
2010-10-11,211.65158
2010-10-12,258.3389
2010-10-13,297.7534
2010-10-14,300.94022
2010-10-15,363.991
2010-10-16,295.13535
2010-10-17,199.92322
2010-10-18,225.24278
2010-10-19,197.87253
2010-10-20,147.04701
2010-10-21,117.36748
2010-10-22,91.531044
2010-10-23,122.11031
2010-10-24,148.80545
2010-10-25,156.39285
2010-10-26,192.54196
2010-10-27,182.536
2010-10-28,161.72229
2010-10-29,189.77322
2010-10-30,260.42685
2010-10-31,233.83737
2010-11-01,148.55383
2010-11-02,339.8708
2010-11-03,439.34412
2010-11-04,419.50836
2010-11-05,386.65164
2010-11-06,141.18066
2010-11-07,144.36478
2010-11-08,176.41164
2010-11-09,168.55284
2010-11-10,171.4061
2010-11-11,250.93506
2010-11-12,290.43723
2010-11-13,282.59518
2010-11-14,297.3498
2010-11-15,284.95013
2010-11-16,467.2504
2010-11-17,392.6278
2010-11-18,357.99466
2010-11-19,328.3667
2010-11-20,254.38113
2010-11-21,210.87436
2010-11-22,212.48755
2010-11-23,241.22829
2010-11-24,300.58405
2010-11-25,242.07143
2010-11-26,196.78348
2010-11-27,152.51855
2010-11-28,178.70082
2010-11-29,234.26892
2010-11-30,176.5552
2010-12-01,159.8276
2010-12-02,236.9609
2010-12-03,300.6908
2010-12-04,205.50139
2010-12-05,163.99872
2010-12-06,158.23485
2010-12-07,230.29599
2010-12-08,265.31088
2010-12-09,197.40346
2010-12-10,172.78392
2010-12-11,152.58133
2010-12-12,148.10875
2010-12-13,165.89883
2010-12-14,221.0105
2010-12-15,185.65086
2010-12-16,479.87927
2010-12-17,445.79883
2010-12-18,213.98239
2010-12-19,463.70032
2010-12-20,337.42175
2010-12-21,159.33171
2010-12-22,153.0813
2010-12-23,224.91826
2010-12-24,339.8111
2010-12-25,291.63507
2010-12-26,239.3067
2010-12-27,304.3185
2010-12-28,331.54056
2010-12-29,323.0679
2010-12-30,389.3735
2010-12-31,387.11392
2011-01-01,247.13365
2011-01-02,175.5572
2011-01-03,161.39748
2011-01-04,172.08159
2011-01-05,241.38191
2011-01-06,207.95105
2011-01-07,183.2176
2011-01-08,223.1307
2011-01-09,203.27953
2011-01-10,260.25662
2011-01-11,311.8736
2011-01-12,267.8013
2011-01-13,119.63403
2011-01-14,113.17884
2011-01-15,132.24771
2011-01-16,128.31844
2011-01-17,107.21185
2011-01-18,120.696655
2011-01-19,126.87662
2011-01-20,142.73718
2011-01-21,147.36394
2011-01-22,102.58083
2011-01-23,91.16967
2011-01-24,96.06726
2011-01-25,97.30006
2011-01-26,80.10579
2011-01-27,77.78585
2011-01-28,150.22223
2011-01-29,249.30199
2011-01-30,411.7472
2011-01-31,443.8178
2011-02-01,228.38129
2011-02-02,192.21617
2011-02-03,153.54578
2011-02-04,178.04747
2011-02-05,187.15208
2011-02-06,222.503
2011-02-07,192.74684
2011-02-08,337.84323
2011-02-09,433.36594
2011-02-10,203.81706
2011-02-11,170.26292
2011-02-12,168.64546
2011-02-13,156.21092
2011-02-14,307.63034
2011-02-15,263.3314
2011-02-16,175.15567
2011-02-17,217.04971
2011-02-18,197.07257
2011-02-19,148.23805
2011-02-20,176.052
2011-02-21,258.49277
2011-02-22,170.46571
2011-02-23,98.63461
2011-02-24,126.608185
2011-02-25,403.06918
2011-02-26,263.5172
2011-02-27,125.08822
2011-02-28,117.28088
2011-03-01,132.14294
2011-03-02,229.2045
2011-03-03,295.16626
2011-03-04,213.59782
2011-03-05,136.38615
2011-03-06,123.99167
2011-03-07,168.86873
2011-03-08,113.43377
2011-03-09,83.3717
2011-03-10,229.16191
2011-03-11,332.64636
2011-03-12,131.95483
2011-03-13,93.82601
2011-03-14,107.275925
2011-03-15,92.328186
2011-03-16,109.044495
2011-03-17,130.60486
2011-03-18,157.6397
2011-03-19,173.38268
2011-03-20,218.77415
2011-03-21,371.1452
2011-03-22,332.40125
2011-03-23,181.82695
2011-03-24,317.30173
2011-03-25,342.30908
2011-03-26,310.8772
2011-03-27,285.23962
2011-03-28,222.79399
2011-03-29,296.78577
2011-03-30,339.77338
2011-03-31,292.18204
2011-04-01,312.6852
2011-04-02,314.6658
2011-04-03,309.3491
2011-04-04,288.5245
2011-04-05,268.38217
2011-04-06,266.08517
2011-04-07,317.38663
2011-04-08,387.722
2011-04-09,383.3487
2011-04-10,499.44244
2011-04-11,500.8373
2011-04-12,500.9434
2011-04-13,469.2063
2011-04-14,476.20905
2011-04-15,286.906
2011-04-16,270.44226
2011-04-17,302.52682
2011-04-18,211.77956
2011-04-19,255.49458
2011-04-20,305.05807
2011-04-21,269.68155
2011-04-22,258.3239
2011-04-23,468.55316
2011-04-24,452.35632
2011-04-25,238.69983
2011-04-26,313.992
2011-04-27,353.66153
2011-04-28,357.6943
2011-04-29,352.2628
2011-04-30,327.54575
2011-05-01,151.76988
2011-05-02,166.51822
2011-05-03,158.95872
2011-05-04,203.77608
2011-05-05,246.88304
2011-05-06,196.66689
2011-05-07,252.31555
2011-05-08,275.8835
2011-05-09,255.07152
2011-05-10,254.83826
2011-05-11,237.42392
2011-05-12,227.0528
2011-05-13,213.35562
2011-05-14,275.13806
2011-05-15,217.11353
2011-05-16,134.65546
2011-05-17,228.22937
2011-05-18,201.30145
2011-05-19,93.618355
2011-05-20,66.9814
2011-05-21,61.43246
2011-05-22,96.09978
2011-05-23,136.43457
2011-05-24,135.07361
2011-05-25,161.50024
2011-05-26,220.5365
2011-05-27,226.17825
2011-05-28,324.80496
2011-05-29,352.75928
2011-05-30,431.558
2011-05-31,532.3141
2011-06-01,495.3627
2011-06-02,508.729
2011-06-03,580.23883
2011-06-04,396.54495
2011-06-05,300.7168
2011-06-06,287.22174
2011-06-07,251.7807
2011-06-08,145.53207
2011-06-09,149.5306
2011-06-10,161.48682
2011-06-11,158.74834
2011-06-12,196.07513
2011-06-13,246.37898
2011-06-14,343.48352
2011-06-15,420.81177
2011-06-16,441.60184
2011-06-17,405.29013
2011-06-18,386.27615
2011-06-19,378.1277
2011-06-20,373.21988
2011-06-21,364.06686
2011-06-22,351.42545
2011-06-23,358.7729
2011-06-24,388.9462
2011-06-25,422.91464
2011-06-26,361.71158
2011-06-27,332.56262
2011-06-28,373.08722
2011-06-29,256.03473
2011-06-30,144.42238
2011-07-01,147.8916
2011-07-02,253.31985
2011-07-03,347.3741
2011-07-04,356.49985
2011-07-05,269.11575
2011-07-06,354.38672
2011-07-07,385.2297
2011-07-08,391.89163
2011-07-09,226.45258
2011-07-10,118.2277
2011-07-11,188.68661
2011-07-12,368.026
2011-07-13,717.53076
2011-07-14,754.6502
2011-07-15,361.15024
2011-07-16,251.36586
2011-07-17,159.29533
2011-07-18,184.00383
2011-07-19,292.0852
2011-07-20,410.32184
2011-07-21,426.69977
2011-07-22,290.43832
2011-07-23,151.90996
2011-07-24,174.02213
2011-07-25,267.6605
2011-07-26,213.66399
2011-07-27,202.12102
2011-07-28,209.19002
2011-07-29,345.84213
2011-07-30,442.19986
2011-07-31,274.677
2011-08-01,152.54141
2011-08-02,111.0974
2011-08-03,86.36927
2011-08-04,114.55717
2011-08-05,187.54697
2011-08-06,213.04622
2011-08-07,122.25328
2011-08-08,63.3933
2011-08-09,91.275215
2011-08-10,121.32137
2011-08-11,125.98902
2011-08-12,197.51324
2011-08-13,123.661995
2011-08-14,192.90356
2011-08-15,268.26297
2011-08-16,357.18488
2011-08-17,676.1299
2011-08-18,627.5915
2011-08-19,261.86243
2011-08-20,159.97684
2011-08-21,154.31863
2011-08-22,206.67697
2011-08-23,211.0193
2011-08-24,234.34036
2011-08-25,311.50363
2011-08-26,320.33148
2011-08-27,275.08118
2011-08-28,231.22484
2011-08-29,160.38963
2011-08-30,226.44106
2011-08-31,238.75642
2011-09-01,213.8004
2011-09-02,150.88159
2011-09-03,115.97151
2011-09-04,379.1156
2011-09-05,670.2196
2011-09-06,545.4387
2011-09-07,364.16672
2011-09-08,467.24564
2011-09-09,624.259
2011-09-10,342.37827
2011-09-11,132.7888
2011-09-12,136.09439
2011-09-13,217.6959
2011-09-14,250.17772
2011-09-15,225.94124
2011-09-16,177.56686
2011-09-17,171.32979
2011-09-18,156.88281
2011-09-19,219.21425
2011-09-20,326.09683
2011-09-21,539.6209
2011-09-22,519.7861
2011-09-23,296.78763
2011-09-24,311.6176
2011-09-25,146.02818
2011-09-26,251.66664
2011-09-27,529.12585
2011-09-28,746.4437
2011-09-29,598.7631
2011-09-30,345.78177
2011-10-01,144.20157
2011-10-02,139.5654
2011-10-03,159.65808
2011-10-04,183.65904
2011-10-05,285.26804
2011-10-06,269.8048
2011-10-07,248.13873
2011-10-08,181.54152
2011-10-09,93.24107
2011-10-10,132.128
2011-10-11,134.3005
2011-10-12,142.46375
2011-10-13,256.0131
2011-10-14,273.82443
2011-10-15,183.55702
2011-10-16,198.11336
2011-10-17,149.93903
2011-10-18,220.12509
2011-10-19,306.46432
2011-10-20,195.97148
2011-10-21,79.344345
2011-10-22,112.09115
2011-10-23,233.84186
2011-10-24,180.4921
2011-10-25,116.991325
2011-10-26,150.92505
2011-10-27,138.54318
2011-10-28,147.13034
2011-10-29,208.8087
2011-10-30,269.68597
2011-10-31,470.50436
2011-11-01,482.73795
2011-11-02,146.90894
2011-11-03,103.402275
2011-11-04,115.923256
2011-11-05,123.19479
2011-11-06,121.692444
2011-11-07,132.39085
2011-11-08,169.9624
2011-11-09,442.75427
2011-11-10,441.52493
2011-11-11,320.25348
2011-11-12,422.59933
2011-11-13,532.319
2011-11-14,408.5995
2011-11-15,235.8632
2011-11-16,214.93658
2011-11-17,160.11198
2011-11-18,141.51057
2011-11-19,200.8567
2011-11-20,191.19632
2011-11-21,258.5542
2011-11-22,230.30025
2011-11-23,140.61711
2011-11-24,107.82134
2011-11-25,159.22104
2011-11-26,179.40466
2011-11-27,144.72212
2011-11-28,179.82976
2011-11-29,154.35318
2011-11-30,134.25931
2011-12-01,131.67778
2011-12-02,135.14941
2011-12-03,213.3856
2011-12-04,218.56099
2011-12-05,192.44107
2011-12-06,216.72157
2011-12-07,411.06982
2011-12-08,517.15607
2011-12-09,482.23846
2011-12-10,332.68637
2011-12-11,230.46968
2011-12-12,196.1565
2011-12-13,327.2284
2011-12-14,336.27057
2011-12-15,628.58636
2011-12-16,610.8397
2011-12-17,518.6174
2011-12-18,358.87057
2011-12-19,397.36734
2011-12-20,479.60907
2011-12-21,327.7082
2011-12-22,281.87543
2011-12-23,252.67293
2011-12-24,169.1217
2011-12-25,189.2712
2011-12-26,227.39175
2011-12-27,213.2058
2011-12-28,177.58066
2011-12-29,168.23624
2011-12-30,178.8452
2011-12-31,163.23407
2012-01-01,150.34538
2012-01-02,108.20461
2012-01-03,111.22316
2012-01-04,418.5205
2012-01-05,489.43863
2012-01-06,246.61507
2012-01-07,267.3603
2012-01-08,180.03813
2012-01-09,234.45761
2012-01-10,249.40033
2012-01-11,213.32921
2012-01-12,156.86885
2012-01-13,97.92884
2012-01-14,114.58061
2012-01-15,163.47221
2012-01-16,207.80544
2012-01-17,243.28688
2012-01-18,227.54971
2012-01-19,235.45215
2012-01-20,505.50143
2012-01-21,424.91238
2012-01-22,169.09036
2012-01-23,162.55615
2012-01-24,180.07341
2012-01-25,538.488
2012-01-26,491.1165
2012-01-27,155.45981
2012-01-28,170.2949
2012-01-29,181.89154
2012-01-30,212.79819
2012-01-31,222.4471
2012-02-01,249.53508
2012-02-02,293.2109
2012-02-03,325.10666
2012-02-04,320.21957
2012-02-05,257.18256
2012-02-06,285.7568
2012-02-07,337.71368
2012-02-08,408.1953
2012-02-09,477.08582
2012-02-10,416.59473
2012-02-11,433.82275
2012-02-12,362.7649
2012-02-13,260.4427
2012-02-14,215.67305
2012-02-15,161.49413
2012-02-16,152.20447
2012-02-17,134.05861
2012-02-18,145.56392
2012-02-19,135.23721
2012-02-20,109.05058
2012-02-21,108.759186
2012-02-22,173.64525
2012-02-23,324.70697
2012-02-24,361.65115
2012-02-25,269.96124
2012-02-26,300.56488
2012-02-27,291.23904
2012-02-28,195.84892
2012-02-29,195.62712
2012-03-01,303.46222
2012-03-02,297.77267
2012-03-03,217.26147
2012-03-04,273.31702
2012-03-05,430.09085
2012-03-06,393.77194
2012-03-07,260.65826
2012-03-08,199.88745
2012-03-09,176.11409
2012-03-10,187.37772
2012-03-11,263.94955
2012-03-12,300.28336
2012-03-13,373.1254
2012-03-14,338.41815
2012-03-15,235.14293
2012-03-16,240.88261
2012-03-17,240.46303
2012-03-18,285.33157
2012-03-19,256.874
2012-03-20,481.3758
2012-03-21,446.95358
2012-03-22,322.44492
2012-03-23,352.1939
2012-03-24,253.24248
2012-03-25,199.37708
2012-03-26,152.175
2012-03-27,148.39961
2012-03-28,234.6561
2012-03-29,262.72552
2012-03-30,319.1183
2012-03-31,305.75235
2012-04-01,228.93613
2012-04-02,261.28784
2012-04-03,261.4934
2012-04-04,341.6405
2012-04-05,300.0622
2012-04-06,344.92053
2012-04-07,341.1952
2012-04-08,522.1517
2012-04-09,498.8657
2012-04-10,272.0677
2012-04-11,215.86336
2012-04-12,182.36514
2012-04-13,259.7419
2012-04-14,239.22142
2012-04-15,227.8228
2012-04-16,194.84326
2012-04-17,153.39606
2012-04-18,166.03198
2012-04-19,179.3815
2012-04-20,219.93845
2012-04-21,260.1563
2012-04-22,220.08887
2012-04-23,277.0455
2012-04-24,247.34073
2012-04-25,426.45407
2012-04-26,549.42084
2012-04-27,398.91052
2012-04-28,534.74426
2012-04-29,596.7603
2012-04-30,552.66724
2012-05-01,238.10896
2012-05-02,312.66464
2012-05-03,425.63837
2012-05-04,489.89578
2012-05-05,432.71985
2012-05-06,356.76447
2012-05-07,344.69077
2012-05-08,355.277
2012-05-09,271.14005
2012-05-10,297.8907
2012-05-11,319.37234
2012-05-12,381.04642
2012-05-13,511.35696
2012-05-14,557.4739
2012-05-15,376.40656
2012-05-16,332.8672
2012-05-17,440.824
2012-05-18,426.51514
2012-05-19,355.672
2012-05-20,394.94052
2012-05-21,442.305
2012-05-22,387.9909
2012-05-23,355.38458
2012-05-24,389.77756
2012-05-25,269.0635
2012-05-26,262.49622
2012-05-27,234.0908
2012-05-28,177.53738
2012-05-29,231.15758
2012-05-30,467.71643
2012-05-31,496.55627
2012-06-01,264.03293
2012-06-02,172.33289
2012-06-03,301.60492
2012-06-04,359.63754
2012-06-05,312.53857
2012-06-06,153.71568
2012-06-07,153.1316
2012-06-08,164.71532
2012-06-09,216.34132
2012-06-10,233.01582
2012-06-11,285.1907
2012-06-12,298.51544
2012-06-13,239.99391
2012-06-14,220.864
2012-06-15,437.56168
2012-06-16,586.1654
2012-06-17,318.6386
2012-06-18,227.31555
2012-06-19,159.70927
2012-06-20,189.38739
2012-06-21,196.44951
2012-06-22,281.46942
2012-06-23,326.92697
2012-06-24,237.52509
2012-06-25,291.3863
2012-06-26,303.42654
2012-06-27,340.0912
2012-06-28,279.07443
2012-06-29,185.74435
2012-06-30,351.93015
2012-07-01,408.54248
2012-07-02,393.75903
2012-07-03,246.05403
2012-07-04,96.60498
2012-07-05,136.04903
2012-07-06,252.68346
2012-07-07,278.5715
2012-07-08,182.69493
2012-07-09,135.04642
2012-07-10,123.083755
2012-07-11,160.65259
2012-07-12,282.45114
2012-07-13,315.85135
2012-07-14,262.55923
2012-07-15,261.62964
2012-07-16,282.58005
2012-07-17,282.57233
2012-07-18,161.5054
2012-07-19,97.73305
2012-07-20,132.15016
2012-07-21,100.90307
2012-07-22,96.36963
2012-07-23,140.79156
2012-07-24,130.63698
2012-07-25,227.53714
2012-07-26,198.24016
2012-07-27,87.971596
2012-07-28,60.38305
2012-07-29,75.52478
2012-07-30,198.9183
2012-07-31,375.5176
2012-08-01,384.75735
2012-08-02,242.48932
2012-08-03,175.94858
2012-08-04,300.66364
2012-08-05,345.08527
2012-08-06,169.51512
2012-08-07,85.41378
2012-08-08,52.525696
2012-08-09,66.42389
2012-08-10,66.580055
2012-08-11,38.034306
2012-08-12,70.1199
2012-08-13,151.23523
2012-08-14,215.49498
2012-08-15,317.1461
2012-08-16,452.00317
2012-08-17,469.3244
2012-08-18,402.74722
2012-08-19,703.60864
2012-08-20,811.8691
2012-08-21,282.2686
2012-08-22,217.49373
2012-08-23,239.39218
2012-08-24,232.70575
2012-08-25,158.75226
2012-08-26,205.82784
2012-08-27,249.42546
2012-08-28,218.59099
2012-08-29,243.31032
2012-08-30,315.83878
2012-08-31,366.34503
2012-09-01,252.62656
2012-09-02,164.19797
2012-09-03,177.55072
2012-09-04,130.42
2012-09-05,213.37112
2012-09-06,265.21863
2012-09-07,227.79121
2012-09-08,139.22166
2012-09-09,177.5993
2012-09-10,148.3797
2012-09-11,136.71413
2012-09-12,253.25436
2012-09-13,273.97314
2012-09-14,228.98259
2012-09-15,247.95291
2012-09-16,160.63339
2012-09-17,93.987465
2012-09-18,84.172
2012-09-19,107.642944
2012-09-20,115.79853
2012-09-21,61.180424
2012-09-22,83.40028
2012-09-23,159.46396
2012-09-24,208.0026
2012-09-25,221.89702
2012-09-26,225.79198
2012-09-27,223.90059
2012-09-28,219.62762
2012-09-29,233.21823
2012-09-30,193.63945
2012-10-01,187.03264
2012-10-02,179.33208
2012-10-03,165.67902
2012-10-04,157.72993
2012-10-05,173.77707
2012-10-06,182.1873
2012-10-07,191.3629
2012-10-08,202.42026
2012-10-09,240.90219
2012-10-10,279.8418
2012-10-11,171.75555
2012-10-12,88.30915
2012-10-13,80.629105
2012-10-14,71.1518
2012-10-15,244.66425
2012-10-16,343.19113
2012-10-17,183.57262
2012-10-18,199.58315
2012-10-19,113.2985
2012-10-20,109.137276
2012-10-21,50.14623
2012-10-22,38.6012
2012-10-23,98.186874
2012-10-24,133.84303
2012-10-25,170.3211
2012-10-26,181.88615
2012-10-27,111.580826
2012-10-28,72.60194
2012-10-29,106.590164
2012-10-30,175.26805
2012-10-31,240.00533
2012-11-01,234.20677
2012-11-02,232.13182
2012-11-03,190.13838
2012-11-04,195.07391
2012-11-05,193.09456
2012-11-06,294.55566
2012-11-07,379.54227
2012-11-08,259.8936
2012-11-09,208.86887
2012-11-10,222.88057
2012-11-11,182.7601
2012-11-12,136.40863
2012-11-13,117.98582
2012-11-14,112.149086
2012-11-15,173.01448
2012-11-16,201.6015
2012-11-17,199.52655
2012-11-18,249.86813
2012-11-19,151.30849
2012-11-20,102.41134
2012-11-21,119.9574
2012-11-22,151.24547
2012-11-23,129.09537
2012-11-24,86.9671
2012-11-25,89.28507
2012-11-26,150.43456
2012-11-27,183.00685
2012-11-28,192.41882
2012-11-29,172.86954
2012-11-30,123.269936
2012-12-01,183.10431
2012-12-02,194.15335
2012-12-03,203.74881
2012-12-04,139.48918
2012-12-05,279.97614
2012-12-06,309.1203
2012-12-07,212.73962
2012-12-08,110.70329
2012-12-09,89.0038
2012-12-10,155.49023
2012-12-11,229.85266
2012-12-12,167.91954
2012-12-13,109.99315
2012-12-14,218.69823
2012-12-15,348.23233
2012-12-16,228.10605
2012-12-17,90.36832
2012-12-18,94.053535
2012-12-19,99.82255
2012-12-20,169.61028
2012-12-21,180.06277
2012-12-22,162.60332
2012-12-23,174.90736
2012-12-24,200.71997
2012-12-25,242.3458
2012-12-26,233.42194
2012-12-27,214.758
2012-12-28,242.26239
2012-12-29,289.2592
2012-12-30,303.01825
2012-12-31,266.23148
2013-01-01,236.04825
2013-01-02,238.98988
2013-01-03,296.3698
2013-01-04,387.96265
2013-01-05,341.96503
2013-01-06,293.22876
2013-01-07,164.72298
2013-01-08,97.64633
2013-01-09,91.052704
2013-01-10,81.18301
2013-01-11,81.968315
2013-01-12,84.53813
2013-01-13,73.14954
2013-01-14,68.661606
2013-01-15,92.30687
2013-01-16,92.934
2013-01-17,118.09991
2013-01-18,150.90076
2013-01-19,179.81146
2013-01-20,151.25084
2013-01-21,81.36077
2013-01-22,91.0965
2013-01-23,95.62483
2013-01-24,106.4451
2013-01-25,136.5934
2013-01-26,203.57616
2013-01-27,214.70183
2013-01-28,156.5717
2013-01-29,69.37345
2013-01-30,69.76256
2013-01-31,81.622086
2013-02-01,213.42078
2013-02-02,336.90878
2013-02-03,267.18103
2013-02-04,215.62698
2013-02-05,218.27017
2013-02-06,239.7422
2013-02-07,219.59956
2013-02-08,202.34393
2013-02-09,291.99564
2013-02-10,413.0068
2013-02-11,265.75446
2013-02-12,157.75465
2013-02-13,132.75232
2013-02-14,107.82751
2013-02-15,171.86504
2013-02-16,180.59628
2013-02-17,173.67113
2013-02-18,300.4359
2013-02-19,352.97125
2013-02-20,358.0137
2013-02-21,363.58768
2013-02-22,474.84927
2013-02-23,606.30084
2013-02-24,481.4878
2013-02-25,351.06796
2013-02-26,268.97998
2013-02-27,214.64548
2013-02-28,276.62662
2013-03-01,382.93423
2013-03-02,457.39502
2013-03-03,493.5401
2013-03-04,539.1385
2013-03-05,556.1496
2013-03-06,696.94763
2013-03-07,528.6545
2013-03-08,316.6198
2013-03-09,238.24113
2013-03-10,259.90424
2013-03-11,326.21878
2013-03-12,260.32214
2013-03-13,242.34102
2013-03-14,321.8889
2013-03-15,333.1129
2013-03-16,218.32555
2013-03-17,189.47244
2013-03-18,226.82936
2013-03-19,375.49426
2013-03-20,338.59415
2013-03-21,179.02982
2013-03-22,152.09067
2013-03-23,177.45247
2013-03-24,259.06683
2013-03-25,303.27325
2013-03-26,280.40814
2013-03-27,200.10103
2013-03-28,157.17764
2013-03-29,180.21883
2013-03-30,219.0072
2013-03-31,278.5612
2013-04-01,301.90018
2013-04-02,355.71973
2013-04-03,393.3432
2013-04-04,334.838
2013-04-05,300.8241
2013-04-06,291.02628
2013-04-07,189.12808
2013-04-08,131.95575
2013-04-09,143.43805
2013-04-10,228.2691
2013-04-11,251.70744
2013-04-12,202.81071
2013-04-13,214.01111
2013-04-14,191.71512
2013-04-15,330.91806
2013-04-16,529.3401
2013-04-17,565.09625
2013-04-18,429.14496
2013-04-19,335.76096
2013-04-20,369.36517
2013-04-21,270.7764
2013-04-22,190.51556
2013-04-23,163.8161
2013-04-24,196.01677
2013-04-25,180.34518
2013-04-26,87.51223
2013-04-27,66.0291
2013-04-28,80.46643
2013-04-29,84.245995
2013-04-30,98.142006
2013-05-01,163.58395
2013-05-02,187.8335
2013-05-03,127.78081
2013-05-04,128.707
2013-05-05,105.436356
2013-05-06,307.62973
2013-05-07,326.80878
2013-05-08,112.4024
2013-05-09,166.79964
2013-05-10,251.60316
2013-05-11,339.22406
2013-05-12,440.18793
2013-05-13,377.73306
2013-05-14,339.63077
2013-05-15,454.94022
2013-05-16,486.58475
2013-05-17,463.74173
2013-05-18,348.92667
2013-05-19,205.55557
2013-05-20,222.43135
2013-05-21,344.49173
2013-05-22,397.17407
2013-05-23,372.25125
2013-05-24,487.48865
2013-05-25,529.59546
2013-05-26,392.9326
2013-05-27,368.62985
2013-05-28,316.34387
2013-05-29,315.5577
2013-05-30,330.37164
2013-05-31,310.0484
2013-06-01,385.67172
2013-06-02,420.26505
2013-06-03,280.58722
2013-06-04,241.03384
2013-06-05,159.92886
2013-06-06,105.84351
2013-06-07,153.73166
2013-06-08,290.97742
2013-06-09,251.323
2013-06-10,129.07591
2013-06-11,287.7375
2013-06-12,415.4787
2013-06-13,361.17365
2013-06-14,335.9687
2013-06-15,371.27826
2013-06-16,360.24063
2013-06-17,353.31415
2013-06-18,411.96085
2013-06-19,505.36032
2013-06-20,346.8117
2013-06-21,275.05942
2013-06-22,301.14188
2013-06-23,226.22037
2013-06-24,180.73886
2013-06-25,264.30774
2013-06-26,313.02805
2013-06-27,242.26094
2013-06-28,189.09525
2013-06-29,243.47281
2013-06-30,209.94698
2013-07-01,250.89558
2013-07-02,339.36914
2013-07-03,414.81277
2013-07-04,454.35132
2013-07-05,308.12152
2013-07-06,224.98592
2013-07-07,292.65402
2013-07-08,345.86655
2013-07-09,350.2533
2013-07-10,525.9372
2013-07-11,495.15762
2013-07-12,369.58707
2013-07-13,437.9727
2013-07-14,486.37927
2013-07-15,418.236
2013-07-16,274.51242
2013-07-17,253.07729
2013-07-18,383.52554
2013-07-19,440.3705
2013-07-20,506.41635
2013-07-21,648.01196
2013-07-22,289.63013
2013-07-23,167.85742
2013-07-24,139.67337
2013-07-25,127.33677
2013-07-26,92.44034
2013-07-27,93.96988
2013-07-28,64.19399
2013-07-29,43.05679
2013-07-30,39.254772
2013-07-31,39.640144
2013-08-01,139.4747
2013-08-02,272.12833
2013-08-03,225.15913
2013-08-04,206.73253
2013-08-05,243.719
2013-08-06,289.2697
2013-08-07,321.0162
2013-08-08,475.4565
2013-08-09,827.5716
2013-08-10,849.881
2013-08-11,177.37204
2013-08-12,172.76276
2013-08-13,153.14276
2013-08-14,114.22653
2013-08-15,135.23611
2013-08-16,187.03998
2013-08-17,250.30757
2013-08-18,309.01236
2013-08-19,506.96045
2013-08-20,616.2029
2013-08-21,356.7556
2013-08-22,340.49368
2013-08-23,436.90186
2013-08-24,600.153
2013-08-25,532.4464
2013-08-26,265.5002
2013-08-27,505.74844
2013-08-28,634.2996
2013-08-29,325.49442
2013-08-30,123.25656
2013-08-31,84.73722
2013-09-01,61.476807
2013-09-02,119.30422
2013-09-03,249.40858
2013-09-04,237.09106
2013-09-05,140.30385
2013-09-06,243.95694
2013-09-07,263.3319
2013-09-08,237.34122
2013-09-09,336.63132
2013-09-10,426.91095
2013-09-11,418.81473
2013-09-12,400.3393
2013-09-13,419.5374
2013-09-14,269.83783
2013-09-15,166.4807
2013-09-16,233.73418
2013-09-17,349.49197
2013-09-18,480.34616
2013-09-19,564.7485
2013-09-20,608.3276
2013-09-21,484.09354
2013-09-22,291.13623
2013-09-23,90.61302
2013-09-24,93.69641
2013-09-25,107.55213
2013-09-26,112.25241
2013-09-27,115.944
2013-09-28,197.26604
2013-09-29,245.81723
2013-09-30,266.67337
2013-10-01,379.19537
2013-10-02,357.3823
2013-10-03,137.12018
2013-10-04,176.2145
2013-10-05,359.87918
2013-10-06,382.54477
2013-10-07,240.00827
2013-10-08,180.96872
2013-10-09,225.24606
2013-10-10,356.31555
2013-10-11,461.76456
2013-10-12,393.6914
2013-10-13,228.36847
2013-10-14,178.34703
2013-10-15,183.11969
2013-10-16,178.86488
2013-10-17,177.71262
2013-10-18,173.01923
2013-10-19,150.19238
2013-10-20,93.79797
2013-10-21,87.37653
2013-10-22,133.39975
2013-10-23,150.63982
2013-10-24,110.00692
2013-10-25,105.091324
2013-10-26,137.71585
2013-10-27,181.36783
2013-10-28,165.04976
2013-10-29,139.5997
2013-10-30,170.73773
2013-10-31,196.4871
2013-11-01,173.03915
2013-11-02,153.29048
2013-11-03,100.25202
2013-11-04,78.05534
2013-11-05,53.182423
2013-11-06,66.86126
2013-11-07,107.432106
2013-11-08,134.04172
2013-11-09,115.95667
2013-11-10,181.38734
2013-11-11,213.30014
2013-11-12,163.25456
2013-11-13,173.5076
2013-11-14,231.9563
2013-11-15,327.79745
2013-11-16,352.96133
2013-11-17,208.61098
2013-11-18,157.146
2013-11-19,135.36316
2013-11-20,241.41982
2013-11-21,271.2665
2013-11-22,144.78177
2013-11-23,196.92964
2013-11-24,194.98701
2013-11-25,249.80608
2013-11-26,277.5999
2013-11-27,121.090775
2013-11-28,109.90511
2013-11-29,164.99936
2013-11-30,398.51508
2013-12-01,354.20755
2013-12-02,153.41658
2013-12-03,222.25186
2013-12-04,235.1083
2013-12-05,219.25017
2013-12-06,288.25018
2013-12-07,296.9403
2013-12-08,223.49724
2013-12-09,314.24008
2013-12-10,334.2528
2013-12-11,303.05063
2013-12-12,310.33923
2013-12-13,266.88348
2013-12-14,287.4093
2013-12-15,249.82869
2013-12-16,245.76414
2013-12-17,311.94748
2013-12-18,305.11142
2013-12-19,213.9653
2013-12-20,175.14085
2013-12-21,172.48904
2013-12-22,135.4948
2013-12-23,156.05983
2013-12-24,350.83105
2013-12-25,356.90338
2013-12-26,139.02927
2013-12-27,86.17643
2013-12-28,118.85173
2013-12-29,189.72165
2013-12-30,185.52829
2013-12-31,149.79994
2014-01-01,174.78159
2014-01-02,164.15111
2014-01-03,132.34021
2014-01-04,152.16853
2014-01-05,205.01866
2014-01-06,198.34367
2014-01-07,245.02821
2014-01-08,414.75925
2014-01-09,329.46475
2014-01-10,278.61523
2014-01-11,221.6719
2014-01-12,196.02792
2014-01-13,135.9382
2014-01-14,109.890274
2014-01-15,113.00646
2014-01-16,143.20238
2014-01-17,84.97424
2014-01-18,98.44489
2014-01-19,153.487
2014-01-20,213.4088
2014-01-21,206.1357
2014-01-22,108.06423
2014-01-23,111.29654
2014-01-24,108.31527
2014-01-25,90.61154
2014-01-26,134.90111
2014-01-27,401.02582
2014-01-28,272.715
2014-01-29,106.04767
2014-01-30,178.25711
2014-01-31,225.41219
2014-02-01,177.51357
2014-02-02,107.81048
2014-02-03,123.3946
2014-02-04,142.88728
2014-02-05,117.09346
2014-02-06,266.35114
2014-02-07,217.01765
2014-02-08,94.35722
2014-02-09,117.36799
2014-02-10,139.55348
2014-02-11,99.406975
2014-02-12,113.33809
2014-02-13,190.46027
2014-02-14,234.49411
2014-02-15,192.7631
2014-02-16,150.09958
2014-02-17,145.33304
2014-02-18,162.06046
2014-02-19,136.24333
2014-02-20,182.43192
2014-02-21,180.36969
2014-02-22,210.82788
2014-02-23,260.51157
2014-02-24,258.32748
2014-02-25,225.58615
2014-02-26,180.3592
2014-02-27,183.6234
2014-02-28,240.50702
2014-03-01,431.9456
2014-03-02,417.3913
2014-03-03,334.39474
2014-03-04,425.10596
2014-03-05,302.48987
2014-03-06,370.86768
2014-03-07,401.651
2014-03-08,230.3159
2014-03-09,251.24953
2014-03-10,276.41547
2014-03-11,223.83044
2014-03-12,168.78865
2014-03-13,231.299
2014-03-14,393.66644
2014-03-15,368.12854
2014-03-16,238.65617
2014-03-17,190.89171
2014-03-18,229.5696
2014-03-19,313.7449
2014-03-20,349.82523
2014-03-21,554.63153
2014-03-22,666.8511
2014-03-23,365.03613
2014-03-24,435.43146
2014-03-25,486.95767
2014-03-26,422.2228
2014-03-27,348.87476
2014-03-28,325.98132
2014-03-29,191.29828
2014-03-30,155.70213
2014-03-31,142.3599
2014-04-01,121.99809
2014-04-02,84.41883
2014-04-03,124.17912
2014-04-04,213.23286
2014-04-05,197.06898
2014-04-06,196.42766
2014-04-07,267.14133
2014-04-08,344.7881
2014-04-09,553.30725
2014-04-10,571.104
2014-04-11,382.16785
2014-04-12,352.85025
2014-04-13,267.06732
2014-04-14,194.7779
2014-04-15,161.39705
2014-04-16,202.54315
2014-04-17,291.12952
2014-04-18,347.28625
2014-04-19,255.1907
2014-04-20,200.23224
2014-04-21,276.8069
2014-04-22,372.6458
2014-04-23,383.50388
2014-04-24,365.29968
2014-04-25,317.92758
2014-04-26,286.4598
2014-04-27,308.55832
2014-04-28,379.11853
2014-04-29,442.60004
2014-04-30,447.62253
2014-05-01,461.8452
2014-05-02,336.23807
2014-05-03,344.53143
2014-05-04,332.12152
2014-05-05,304.87286
2014-05-06,333.3878
2014-05-07,235.28339
2014-05-08,306.572
2014-05-09,320.05835
2014-05-10,268.26697
2014-05-11,394.25113
2014-05-12,350.64874
2014-05-13,200.88864
2014-05-14,119.97664
2014-05-15,190.11813
2014-05-16,289.1244
2014-05-17,393.11404
2014-05-18,359.35712
2014-05-19,359.0073
2014-05-20,406.8638
2014-05-21,312.3054
2014-05-22,290.99875
2014-05-23,198.6152
2014-05-24,183.6367
2014-05-25,195.63809
2014-05-26,203.74396
2014-05-27,244.26022
2014-05-28,318.81137
2014-05-29,410.1327
2014-05-30,514.0291
2014-05-31,466.04123
2014-06-01,367.37668
2014-06-02,474.37772
2014-06-03,497.3632
2014-06-04,463.19946
2014-06-05,479.14807
2014-06-06,464.49493
2014-06-07,395.75342
2014-06-08,468.02957
2014-06-09,652.8515
2014-06-10,654.9249
2014-06-11,465.00565
2014-06-12,430.8132
2014-06-13,201.9156
2014-06-14,128.84346
2014-06-15,238.11148
2014-06-16,297.2914
2014-06-17,107.251884
2014-06-18,78.95282
2014-06-19,99.062004
2014-06-20,114.38578
2014-06-21,53.333393
2014-06-22,52.872684
2014-06-23,156.0443
2014-06-24,303.16003
2014-06-25,362.31708
2014-06-26,442.1056
2014-06-27,403.20377
2014-06-28,400.35422
2014-06-29,376.2493
2014-06-30,322.49176
2014-07-01,243.20012
2014-07-02,352.76895
2014-07-03,421.25128
2014-07-04,380.01562
2014-07-05,376.97824
2014-07-06,320.00488
2014-07-07,345.36435
2014-07-08,512.68604
2014-07-09,642.8994
2014-07-10,413.6299
2014-07-11,113.00429
2014-07-12,66.202614
2014-07-13,56.003025
2014-07-14,48.761276
2014-07-15,61.805813
2014-07-16,151.4508
2014-07-17,184.48769
2014-07-18,59.74923
2014-07-19,50.688457
2014-07-20,44.97552
2014-07-21,46.750797
2014-07-22,57.3569
2014-07-23,66.93868
2014-07-24,68.311646
2014-07-25,40.71665
2014-07-26,37.32092
2014-07-27,65.64152
2014-07-28,126.7006
2014-07-29,110.06724
2014-07-30,38.454384
2014-07-31,38.688522
2014-08-01,32.792053
2014-08-02,39.508904
2014-08-03,53.09397
2014-08-04,78.02153
2014-08-05,194.63644
2014-08-06,321.40134
2014-08-07,460.61893
2014-08-08,513.91986
2014-08-09,302.4639
2014-08-10,282.22552
2014-08-11,211.77539
2014-08-12,237.3246
2014-08-13,387.57498
2014-08-14,487.88477
2014-08-15,394.9547
2014-08-16,135.70418
2014-08-17,78.34639
2014-08-18,75.69187
2014-08-19,46.34684
2014-08-20,41.22667
2014-08-21,36.81083
2014-08-22,41.288586
2014-08-23,148.02733
2014-08-24,414.56598
2014-08-25,533.1973
2014-08-26,383.19254
2014-08-27,360.23944
2014-08-28,452.40512
2014-08-29,418.3764
2014-08-30,393.11096
2014-08-31,292.89233
2014-09-01,93.26564
2014-09-02,74.87528
2014-09-03,202.1433
2014-09-04,330.86
2014-09-05,303.83994
2014-09-06,354.43747
2014-09-07,309.36002
2014-09-08,187.68736
2014-09-09,308.59247
2014-09-10,397.51834
2014-09-11,311.8599
2014-09-12,330.70908
2014-09-13,465.973
2014-09-14,359.97244
2014-09-15,320.6397
2014-09-16,282.80215
2014-09-17,399.8759
2014-09-18,518.20435
2014-09-19,394.15656
2014-09-20,165.76035
2014-09-21,142.44095
2014-09-22,155.18874
2014-09-23,203.14641
2014-09-24,229.163
2014-09-25,135.84944
2014-09-26,153.80865
2014-09-27,132.05473
2014-09-28,133.06682
2014-09-29,174.13483
2014-09-30,176.64073
2014-10-01,144.33514
2014-10-02,160.30711
2014-10-03,205.72862
2014-10-04,153.61086
2014-10-05,157.34486
2014-10-06,149.8668
2014-10-07,155.99474
2014-10-08,203.2696
2014-10-09,539.35046
2014-10-10,680.7598
2014-10-11,158.23627
2014-10-12,104.17255
2014-10-13,172.4369
2014-10-14,219.63356
2014-10-15,211.87466
2014-10-16,289.62723
2014-10-17,509.47583
2014-10-18,628.1832
2014-10-19,247.96945
2014-10-20,220.85385
2014-10-21,202.96375
2014-10-22,201.57335
2014-10-23,261.18365
2014-10-24,282.21603
2014-10-25,272.69464
2014-10-26,271.96558
2014-10-27,294.55328
2014-10-28,202.88762
2014-10-29,79.043785
2014-10-30,76.05824
2014-10-31,80.84116
2014-11-01,260.3492
2014-11-02,170.9529
2014-11-03,119.62683
2014-11-04,166.73232
2014-11-05,151.6206
2014-11-06,99.70155
2014-11-07,168.26236
2014-11-08,134.99684
2014-11-09,57.522087
2014-11-10,102.70845
2014-11-11,183.63702
2014-11-12,225.26268
2014-11-13,328.1663
2014-11-14,240.95308
2014-11-15,83.76933
2014-11-16,59.210224
2014-11-17,85.11657
2014-11-18,180.8655
2014-11-19,222.8486
2014-11-20,215.73723
2014-11-21,166.57495
2014-11-22,146.76088
2014-11-23,157.85085
2014-11-24,133.81114
2014-11-25,149.01813
2014-11-26,241.95352
2014-11-27,287.05948
2014-11-28,201.78377
2014-11-29,107.45997
2014-11-30,92.68736
2014-12-01,110.70116
2014-12-02,194.1036
2014-12-03,290.4287
2014-12-04,277.47614
2014-12-05,229.29877
2014-12-06,336.87
2014-12-07,362.85834
2014-12-08,252.10149
2014-12-09,204.36465
2014-12-10,342.88004
2014-12-11,284.99728
2014-12-12,273.8849
2014-12-13,239.23683
2014-12-14,233.25465
2014-12-15,209.94904
2014-12-16,95.34944
2014-12-17,85.01474
2014-12-18,124.97324
2014-12-19,158.0731
2014-12-20,124.076965
2014-12-21,131.04448
2014-12-22,202.92563
2014-12-23,174.50017
2014-12-24,477.75488
2014-12-25,1110.8636
2014-12-26,795.23083
2014-12-27,257.7376
2014-12-28,245.17703
2014-12-29,251.50221
2014-12-30,229.63223
2014-12-31,111.32785
2015-01-01,116.213684
2015-01-02,116.95358
2015-01-03,90.94552
2015-01-04,65.05617
2015-01-05,90.38938
2015-01-06,144.64919
2015-01-07,125.76873
2015-01-08,98.85862
2015-01-09,138.36049
2015-01-10,169.0862
2015-01-11,221.92677
2015-01-12,147.15225
2015-01-13,131.67607
2015-01-14,133.23027
2015-01-15,133.63708
2015-01-16,140.71307
2015-01-17,186.5548
2015-01-18,223.2237
2015-01-19,223.34737
2015-01-20,190.49255
2015-01-21,200.48668
2015-01-22,346.3886
2015-01-23,421.618
2015-01-24,311.87543
2015-01-25,176.24397
2015-01-26,117.94702
2015-01-27,111.33583
2015-01-28,156.8129
2015-01-29,154.65115
2015-01-30,141.32108
2015-01-31,198.25987
2015-02-01,294.0793
2015-02-02,400.88058
2015-02-03,388.96664
2015-02-04,329.05878
2015-02-05,197.23024
2015-02-06,169.09431
2015-02-07,183.7343
2015-02-08,188.80727
2015-02-09,244.74966
2015-02-10,227.30891
2015-02-11,148.63043
2015-02-12,84.76668
2015-02-13,94.27374
2015-02-14,110.2667
2015-02-15,139.4099
2015-02-16,162.4418
2015-02-17,115.90778
2015-02-18,74.27994
2015-02-19,61.96717
2015-02-20,72.37274
2015-02-21,74.81015
2015-02-22,54.899242
2015-02-23,38.56977
2015-02-24,46.808582
2015-02-25,65.32966
2015-02-26,81.37687
2015-02-27,76.11493
2015-02-28,63.021027
2015-03-01,124.07509
2015-03-02,249.18233
2015-03-03,321.23813
2015-03-04,191.56511
2015-03-05,114.05263
2015-03-06,133.09766
2015-03-07,139.7084
2015-03-08,181.01573
2015-03-09,197.25275
2015-03-10,120.13457
2015-03-11,130.41707
2015-03-12,156.0001
2015-03-13,138.73705
2015-03-14,199.50778
2015-03-15,280.22717
2015-03-16,233.52757
2015-03-17,211.07678
2015-03-18,237.84206
2015-03-19,327.64343
2015-03-20,301.4004
2015-03-21,470.40204
2015-03-22,494.9712
2015-03-23,191.32016
2015-03-24,103.20268
2015-03-25,111.95012
2015-03-26,177.73898
2015-03-27,256.22745
2015-03-28,195.94147
2015-03-29,322.04907
2015-03-30,501.59253
2015-03-31,340.67657
2015-04-01,237.4648
2015-04-02,149.3182
2015-04-03,226.31201
2015-04-04,326.30515
2015-04-05,344.4971
2015-04-06,379.64725
2015-04-07,328.5467
2015-04-08,320.73816
2015-04-09,306.7205
2015-04-10,244.1725
2015-04-11,195.9614
2015-04-12,286.16785
2015-04-13,349.49387
2015-04-14,337.0149
2015-04-15,276.4954
2015-04-16,254.60413
2015-04-17,287.87656
2015-04-18,288.51837
2015-04-19,153.3758
2015-04-20,156.54474
2015-04-21,217.02634
2015-04-22,288.6121
2015-04-23,358.50302
2015-04-24,447.1253
2015-04-25,629.9386
2015-04-26,725.788
2015-04-27,520.8582
2015-04-28,352.83432
2015-04-29,284.6838
2015-04-30,301.61853
2015-05-01,320.8043
2015-05-02,357.32593
2015-05-03,301.30878
2015-05-04,129.5789
2015-05-05,140.2038
2015-05-06,199.32288
2015-05-07,266.2764
2015-05-08,211.3534
2015-05-09,191.81433
2015-05-10,250.02966
2015-05-11,313.62338
2015-05-12,343.8266
2015-05-13,345.8634
2015-05-14,253.62871
2015-05-15,367.81543
2015-05-16,310.54764
2015-05-17,346.2816
2015-05-18,343.9349
2015-05-19,479.4331
2015-05-20,486.0217
2015-05-21,364.2991
2015-05-22,348.98236
2015-05-23,374.57785
2015-05-24,351.4096
2015-05-25,322.5164
2015-05-26,262.02716
2015-05-27,338.67145
2015-05-28,345.70923
2015-05-29,377.21613
2015-05-30,330.0237
2015-05-31,245.65067
2015-06-01,319.77362
2015-06-02,565.7506
2015-06-03,505.95602
2015-06-04,199.64662
2015-06-05,336.99924
2015-06-06,347.28134
2015-06-07,314.18488
2015-06-08,317.0088
2015-06-09,393.2216
2015-06-10,459.24905
2015-06-11,376.19754
2015-06-12,333.8322
2015-06-13,351.17712
2015-06-14,308.91287
2015-06-15,310.73615
2015-06-16,330.5051
2015-06-17,313.46304
2015-06-18,201.93236
2015-06-19,284.5025
2015-06-20,279.49173
2015-06-21,305.2187
2015-06-22,249.74098
2015-06-23,128.93011
2015-06-24,80.7156
2015-06-25,53.696495
2015-06-26,47.949284
2015-06-27,43.67764
2015-06-28,41.381565
2015-06-29,36.756706
2015-06-30,38.20693
2015-07-01,192.16315
2015-07-02,314.6311
2015-07-03,94.56697
2015-07-04,31.226597
2015-07-05,31.705036
2015-07-06,142.17424
2015-07-07,298.2745
2015-07-08,303.09042
2015-07-09,315.34128
2015-07-10,334.94656
2015-07-11,395.99963
2015-07-12,400.966
2015-07-13,695.4051
2015-07-14,1038.9327
2015-07-15,820.05206
2015-07-16,510.76984
2015-07-17,501.9711
2015-07-18,435.8338
2015-07-19,179.21077
2015-07-20,529.7654
2015-07-21,748.93146
2015-07-22,459.45078
2015-07-23,603.0454
2015-07-24,690.0534
2015-07-25,395.4419
2015-07-26,197.18243
2015-07-27,64.53108
2015-07-28,59.335163
2015-07-29,113.689026
2015-07-30,221.75826
2015-07-31,297.01514
2015-08-01,303.52576
2015-08-02,323.5438
2015-08-03,284.88556
2015-08-04,120.82986
2015-08-05,51.331394
2015-08-06,45.717045
2015-08-07,44.0553
2015-08-08,68.580025
2015-08-09,199.57924
2015-08-10,537.4032
2015-08-11,634.3838
2015-08-12,332.91162
2015-08-13,288.95984
2015-08-14,246.66771
2015-08-15,299.78885
2015-08-16,363.05304
2015-08-17,585.0647
2015-08-18,726.3443
2015-08-19,418.6237
2015-08-20,192.61304
2015-08-21,81.84205
2015-08-22,61.91723
2015-08-23,87.31342
2015-08-24,193.04068
2015-08-25,386.98553
2015-08-26,545.12683
2015-08-27,546.16174
2015-08-28,492.1488
2015-08-29,299.00992
2015-08-30,231.17729
2015-08-31,103.72737
2015-09-01,144.7464
2015-09-02,239.962
2015-09-03,227.33505
2015-09-04,228.37347
2015-09-05,256.03705
2015-09-06,242.20778
2015-09-07,365.7584
2015-09-08,395.45792
2015-09-09,284.28433
2015-09-10,329.23636
2015-09-11,426.15057
2015-09-12,400.3905
2015-09-13,327.8731
2015-09-14,85.86986
2015-09-15,61.243706
2015-09-16,51.93804
2015-09-17,54.040512
2015-09-18,266.72656
2015-09-19,407.61368
2015-09-20,170.2319
2015-09-21,208.7251
2015-09-22,137.07704
2015-09-23,140.21797
2015-09-24,200.29613
2015-09-25,341.61594
2015-09-26,373.60406
2015-09-27,158.25037
2015-09-28,84.37378
2015-09-29,66.40914
2015-09-30,56.271652
2015-10-01,69.4505
2015-10-02,73.95103
2015-10-03,58.31122
2015-10-04,95.78337
2015-10-05,179.49875
2015-10-06,204.43628
2015-10-07,173.66959
2015-10-08,104.528725
2015-10-09,136.5895
2015-10-10,154.30212
2015-10-11,171.88637
2015-10-12,206.41231
2015-10-13,245.82317
2015-10-14,297.3232
2015-10-15,295.73322
2015-10-16,256.56726
2015-10-17,308.13058
2015-10-18,533.8565
2015-10-19,655.21814
2015-10-20,478.75748
2015-10-21,286.91458
2015-10-22,131.01797
2015-10-23,130.68886
2015-10-24,188.70085
2015-10-25,249.9797
2015-10-26,277.2286
2015-10-27,228.76118
2015-10-28,268.78323
2015-10-29,283.47754
2015-10-30,298.52277
2015-10-31,225.53043
2015-11-01,186.06665
2015-11-02,225.47485
2015-11-03,186.19519
2015-11-04,86.060104
2015-11-05,60.088806
2015-11-06,79.41308
2015-11-07,92.85713
2015-11-08,186.7618
2015-11-09,233.36389
2015-11-10,184.49826
2015-11-11,209.27943
2015-11-12,177.07812
2015-11-13,239.37224
2015-11-14,282.09695
2015-11-15,299.072
2015-11-16,289.13647
2015-11-17,309.9884
2015-11-18,224.7909
2015-11-19,206.32623
2015-11-20,149.93285
2015-11-21,137.78705
2015-11-22,215.55205
2015-11-23,265.33224
2015-11-24,267.1528
2015-11-25,292.77545
2015-11-26,288.6377
2015-11-27,190.25276
2015-11-28,194.96632
2015-11-29,159.78044
2015-11-30,100.5046
2015-12-01,214.0064
2015-12-02,342.25964
2015-12-03,236.79758
2015-12-04,256.91962
2015-12-05,221.19312
2015-12-06,230.72894
2015-12-07,193.46986
2015-12-08,178.60788
2015-12-09,156.658
2015-12-10,158.215
2015-12-11,150.68903
2015-12-12,166.30495
2015-12-13,208.23315
2015-12-14,131.45691
2015-12-15,169.76459
2015-12-16,191.04709
2015-12-17,162.35167
2015-12-18,169.52113
2015-12-19,144.41809
2015-12-20,232.927
2015-12-21,324.32236
2015-12-22,233.01997
2015-12-23,143.1014
2015-12-24,138.6299
2015-12-25,88.95899
2015-12-26,58.5665
2015-12-27,86.23636
2015-12-28,116.89577
2015-12-29,60.757076
2015-12-30,53.60607
2015-12-31,57.694168
2016-01-01,51.03338
2016-01-02,44.26847
2016-01-03,59.86585
2016-01-04,88.59449
2016-01-05,88.081535
2016-01-06,66.605225
2016-01-07,48.820995
2016-01-08,54.412933
2016-01-09,46.553383
2016-01-10,54.788315
2016-01-11,87.60782
2016-01-12,99.91232
2016-01-13,65.92962
2016-01-14,116.09531
2016-01-15,146.75415
2016-01-16,48.411983
2016-01-17,50.871925
2016-01-18,107.00085
2016-01-19,133.49347
2016-01-20,82.43336
2016-01-21,59.786407
2016-01-22,133.37877
2016-01-23,201.1583
2016-01-24,160.73212
2016-01-25,103.326355
2016-01-26,136.81071
2016-01-27,160.10945
2016-01-28,59.916737
2016-01-29,49.478096
2016-01-30,57.263218
2016-01-31,61.44282
2016-02-01,52.155167
2016-02-02,48.45206
2016-02-03,49.347523
2016-02-04,82.12235
2016-02-05,121.19275
2016-02-06,65.82543
2016-02-07,51.157593
2016-02-08,59.690296
2016-02-09,170.54552
2016-02-10,423.77216
2016-02-11,620.0209
2016-02-12,484.94778
2016-02-13,320.93594
2016-02-14,362.99786
2016-02-15,265.66348
2016-02-16,100.28196
2016-02-17,98.30319
2016-02-18,179.33243
2016-02-19,256.81732
2016-02-20,164.96361
2016-02-21,92.819885
2016-02-22,174.08734
2016-02-23,254.13551
2016-02-24,361.8377
2016-02-25,362.50745
2016-02-26,280.70688
2016-02-27,273.8271
2016-02-28,197.29115
2016-02-29,105.845665
2016-03-01,97.38139
2016-03-02,123.50819
2016-03-03,183.97316
2016-03-04,309.6265
2016-03-05,356.31305
2016-03-06,291.92532
2016-03-07,242.95273
2016-03-08,162.61166
2016-03-09,87.674774
2016-03-10,86.64409
2016-03-11,101.21374
2016-03-12,126.961266
2016-03-13,188.0905
2016-03-14,175.14633
2016-03-15,174.83386
2016-03-16,196.51418
2016-03-17,146.93059
2016-03-18,235.23273
2016-03-19,381.30115
2016-03-20,342.08655
2016-03-21,303.25256
2016-03-22,334.0946
2016-03-23,437.52405
2016-03-24,520.41125
2016-03-25,283.23367
2016-03-26,218.61961
2016-03-27,395.69824
2016-03-28,622.6634
2016-03-29,544.7013
2016-03-30,591.3927
2016-03-31,164.54773
2016-04-01,261.75458
2016-04-02,471.33023
2016-04-03,515.0596
2016-04-04,244.2851
2016-04-05,108.018135
2016-04-06,116.310555
2016-04-07,141.16106
2016-04-08,226.44466
2016-04-09,237.87857
2016-04-10,196.8058
2016-04-11,306.80133
2016-04-12,622.99054
2016-04-13,923.7483
2016-04-14,436.35947
2016-04-15,131.61546
2016-04-16,104.76833
2016-04-17,158.55219
2016-04-18,258.4668
2016-04-19,371.3158
2016-04-20,432.49457
2016-04-21,348.60446
2016-04-22,251.63266
2016-04-23,269.78015
2016-04-24,473.8081
2016-04-25,525.0847
2016-04-26,293.9306
2016-04-27,228.91966
2016-04-28,272.62766
2016-04-29,374.79037
2016-04-30,447.44205
2016-05-01,335.23083
2016-05-02,313.85815
2016-05-03,395.47534
2016-05-04,362.99164
2016-05-05,374.7129
2016-05-06,354.983
2016-05-07,291.31116
2016-05-08,295.2891
2016-05-09,333.9658
2016-05-10,307.89255
2016-05-11,229.0073
2016-05-12,168.87006
2016-05-13,216.40443
2016-05-14,307.00198
2016-05-15,328.58844
2016-05-16,349.08472
2016-05-17,369.27197
2016-05-18,354.66626
2016-05-19,431.47757
2016-05-20,430.95596
2016-05-21,232.97183
2016-05-22,114.97335
2016-05-23,108.26323
2016-05-24,123.60338
2016-05-25,225.35396
2016-05-26,500.45358
2016-05-27,545.2184
2016-05-28,190.67851
2016-05-29,145.43126
2016-05-30,204.29808
2016-05-31,246.96906
2016-06-01,202.43857
2016-06-02,197.24721
2016-06-03,383.64285
2016-06-04,484.63538
2016-06-05,347.36462
2016-06-06,227.03304
2016-06-07,315.23895
2016-06-08,522.0914
2016-06-09,377.28738
2016-06-10,303.47397
2016-06-11,266.07883
2016-06-12,336.29688
2016-06-13,336.77402
2016-06-14,354.34555
2016-06-15,435.1189
2016-06-16,465.12326
2016-06-17,545.1112
2016-06-18,515.3414
2016-06-19,457.08167
2016-06-20,357.15836
2016-06-21,387.71225
2016-06-22,524.61096
2016-06-23,603.72296
2016-06-24,608.438
2016-06-25,656.62335
2016-06-26,569.48627
2016-06-27,338.43146
2016-06-28,258.33167
2016-06-29,153.03711
2016-06-30,91.77632
2016-07-01,142.25922
2016-07-02,241.05713
2016-07-03,385.1147
2016-07-04,605.39197
2016-07-05,689.40063
2016-07-06,475.83868
2016-07-07,482.9465
2016-07-08,339.04132
2016-07-09,139.57773
2016-07-10,91.96147
2016-07-11,115.48218
2016-07-12,242.6653
2016-07-13,314.16983
2016-07-14,418.24673
2016-07-15,461.16113
2016-07-16,345.91882
2016-07-17,388.88284
2016-07-18,598.0693
2016-07-19,639.60834
2016-07-20,371.1801
2016-07-21,464.29572
2016-07-22,448.91928
2016-07-23,381.00165
2016-07-24,443.6824
2016-07-25,524.7907
2016-07-26,482.93924
2016-07-27,237.80287
2016-07-28,165.63884
2016-07-29,294.38684
2016-07-30,349.29028
2016-07-31,385.10385
2016-08-01,348.6066
2016-08-02,199.33028
2016-08-03,89.8105
2016-08-04,105.46814
2016-08-05,171.10205
2016-08-06,182.21083
2016-08-07,147.7822
2016-08-08,127.886024
2016-08-09,166.10512
2016-08-10,282.6916
2016-08-11,284.45322
2016-08-12,287.8181
2016-08-13,243.89763
2016-08-14,154.19992
2016-08-15,120.09234
2016-08-16,138.07913
2016-08-17,199.39777
2016-08-18,194.21771
2016-08-19,229.00433
2016-08-20,274.2541
2016-08-21,165.75035
2016-08-22,119.16334
2016-08-23,93.4278
2016-08-24,125.048256
2016-08-25,153.18091
2016-08-26,187.38687
2016-08-27,225.21938
2016-08-28,604.84094
2016-08-29,802.5429
2016-08-30,204.08969
2016-08-31,150.30965
2016-09-01,181.20654
2016-09-02,283.77548
2016-09-03,358.87888
2016-09-04,232.02606
2016-09-05,127.47041
2016-09-06,309.47333
2016-09-07,667.4552
2016-09-08,747.81274
2016-09-09,428.79517
2016-09-10,296.00302
2016-09-11,389.55774
2016-09-12,413.83124
2016-09-13,419.10776
2016-09-14,244.4884
2016-09-15,165.15376
2016-09-16,240.3469
2016-09-17,272.74683
2016-09-18,127.42681
2016-09-19,119.24225
2016-09-20,211.35506
2016-09-21,253.21991
2016-09-22,128.2049
2016-09-23,140.03012
2016-09-24,273.73087
2016-09-25,258.583
2016-09-26,306.26334
2016-09-27,359.6009
2016-09-28,254.54546
2016-09-29,250.51437
2016-09-30,273.59744
2016-10-01,262.09317
2016-10-02,272.8339
2016-10-03,258.25983
2016-10-04,113.3105
2016-10-05,73.68694
2016-10-06,68.940956
2016-10-07,86.29408
2016-10-08,137.40341
2016-10-09,134.49707
2016-10-10,165.97433
2016-10-11,268.08676
2016-10-12,349.7376
2016-10-13,443.71188
2016-10-14,363.93033
2016-10-15,192.69836
2016-10-16,186.3119
2016-10-17,244.6677
2016-10-18,234.6368
2016-10-19,153.33789
2016-10-20,134.63074
2016-10-21,191.38478
2016-10-22,347.68356
2016-10-23,339.40765
2016-10-24,280.34677
2016-10-25,261.20117
2016-10-26,269.1435
2016-10-27,234.24794
2016-10-28,132.152
2016-10-29,92.817604
2016-10-30,111.8319
2016-10-31,165.73808
2016-11-01,187.38684
2016-11-02,203.11581
2016-11-03,150.4371
2016-11-04,84.527
2016-11-05,109.67894
2016-11-06,244.82964
2016-11-07,314.7979
2016-11-08,215.5465
2016-11-09,160.41327
2016-11-10,157.4445
2016-11-11,203.23329
2016-11-12,258.4411
2016-11-13,250.7635
2016-11-14,149.8503
2016-11-15,131.6902
2016-11-16,155.78029
2016-11-17,99.467705
2016-11-18,134.05965
2016-11-19,109.77851
2016-11-20,467.89575
2016-11-21,485.91583
2016-11-22,121.222824
2016-11-23,52.869465
2016-11-24,51.718555
2016-11-25,84.87502
2016-11-26,136.82722
2016-11-27,271.55637
2016-11-28,304.45505
2016-11-29,218.30676
2016-11-30,284.49594
2016-12-01,376.07138
2016-12-02,362.40753
2016-12-03,267.45218
2016-12-04,202.10275
2016-12-05,201.71365
2016-12-06,175.4498
2016-12-07,184.38734
2016-12-08,202.55522
2016-12-09,244.78441
2016-12-10,267.8458
2016-12-11,387.68616
2016-12-12,380.94754
2016-12-13,284.1896
2016-12-14,251.8431
2016-12-15,203.05652
2016-12-16,150.3011
2016-12-17,192.03763
2016-12-18,256.12747
2016-12-19,196.84164
2016-12-20,138.28572
2016-12-21,153.6349
2016-12-22,278.08588
2016-12-23,216.08118
2016-12-24,101.171165
2016-12-25,272.76947
2016-12-26,299.01215
2016-12-27,186.74863
2016-12-28,148.093
2016-12-29,117.9288
2016-12-30,134.38974
2016-12-31,225.89857
2017-01-01,250.12602
2017-01-02,291.50476
2017-01-03,370.68573
2017-01-04,361.5384
2017-01-05,257.35522
2017-01-06,247.90062
2017-01-07,229.43605
2017-01-08,213.1019
2017-01-09,237.85933
2017-01-10,311.77353
2017-01-11,258.47412
2017-01-12,245.62378
2017-01-13,247.15704
2017-01-14,215.53949
2017-01-15,163.10449
2017-01-16,133.52591
2017-01-17,132.33403
2017-01-18,167.08589
2017-01-19,512.1014
2017-01-20,370.77698
2017-01-21,301.59314
2017-01-22,481.21878
2017-01-23,369.05453
2017-01-24,109.629036
2017-01-25,142.60889
2017-01-26,147.25595
2017-01-27,247.79543
2017-01-28,477.48825
2017-01-29,559.1564
2017-01-30,512.52313
2017-01-31,536.33813
2017-02-01,501.32657
2017-02-02,255.57391
2017-02-03,226.58122
2017-02-04,212.20064
2017-02-05,220.78065
2017-02-06,248.12366
2017-02-07,250.76941
2017-02-08,157.45634
2017-02-09,178.92532
2017-02-10,180.80635
2017-02-11,170.09627
2017-02-12,96.02872
2017-02-13,338.69388
2017-02-14,320.41895
2017-02-15,102.748344
2017-02-16,65.811134
2017-02-17,79.17405
2017-02-18,81.31962
2017-02-19,60.04663
2017-02-20,60.233974
2017-02-21,100.129196
2017-02-22,93.90543
2017-02-23,64.14931
2017-02-24,52.710003
2017-02-25,43.16991
2017-02-26,52.61026
2017-02-27,89.64975
2017-02-28,79.05077
2017-03-01,164.16864
2017-03-02,179.56914
2017-03-03,163.1708
2017-03-04,220.09435
2017-03-05,162.25781
2017-03-06,197.03766
2017-03-07,265.0552
2017-03-08,476.16562
2017-03-09,641.01794
2017-03-10,316.12482
2017-03-11,337.26907
2017-03-12,316.4827
2017-03-13,331.2066
2017-03-14,285.46777
2017-03-15,197.56024
2017-03-16,210.25902
2017-03-17,158.98584
2017-03-18,193.87892
2017-03-19,276.63666
2017-03-20,183.54462
2017-03-21,109.69512
2017-03-22,101.041534
2017-03-23,123.8235
2017-03-24,168.27023
2017-03-25,227.16098
2017-03-26,219.39767
2017-03-27,242.84387
2017-03-28,182.49356
2017-03-29,96.1706
2017-03-30,165.0534
2017-03-31,326.556
2017-04-01,482.36987
2017-04-02,477.82086
2017-04-03,309.79068
2017-04-04,290.85413
2017-04-05,176.98746
2017-04-06,132.68845
2017-04-07,152.44316
2017-04-08,211.47472
2017-04-09,289.56436
2017-04-10,293.28854
2017-04-11,284.81647
2017-04-12,157.49702
2017-04-13,152.67513
2017-04-14,250.69395
2017-04-15,302.43256
2017-04-16,265.18567
2017-04-17,270.73227
2017-04-18,294.54395
2017-04-19,361.13718
2017-04-20,364.6598
2017-04-21,400.5743
2017-04-22,164.2715
2017-04-23,93.953636
2017-04-24,98.89852
2017-04-25,137.66466
2017-04-26,193.92961
2017-04-27,240.77835
2017-04-28,166.05846
2017-04-29,193.20735
2017-04-30,303.14716
2017-05-01,532.87823
2017-05-02,640.50476
2017-05-03,369.94226
2017-05-04,334.33173
2017-05-05,228.16974
2017-05-06,251.71944
2017-05-07,502.91312
2017-05-08,487.54095
2017-05-09,270.3004
2017-05-10,411.58057
2017-05-11,509.3593
2017-05-12,624.7651
2017-05-13,617.4886
2017-05-14,366.27652
2017-05-15,206.58969
2017-05-16,149.93896
2017-05-17,242.40453
2017-05-18,265.54617
2017-05-19,194.08095
2017-05-20,174.36937
2017-05-21,235.93492
2017-05-22,687.5305
2017-05-23,869.3756
2017-05-24,365.0831
2017-05-25,231.51949
2017-05-26,263.7495
2017-05-27,449.48987
2017-05-28,466.9269
2017-05-29,281.40552
2017-05-30,208.70024
2017-05-31,243.52014
2017-06-01,197.7877
2017-06-02,260.65436
2017-06-03,248.2685
2017-06-04,183.16135
2017-06-05,211.05106
2017-06-06,219.36696
2017-06-07,214.67691
2017-06-08,294.27487
2017-06-09,315.93872
2017-06-10,190.32703
2017-06-11,161.55954
2017-06-12,238.71265
2017-06-13,237.19226
2017-06-14,164.97343
2017-06-15,183.5109
2017-06-16,282.62305
2017-06-17,403.5656
2017-06-18,454.43192
2017-06-19,360.11612
2017-06-20,218.29997
2017-06-21,299.20822
2017-06-22,394.34302
2017-06-23,422.47665
2017-06-24,479.22006
2017-06-25,336.88464
2017-06-26,375.70178
2017-06-27,361.4714
2017-06-28,320.18985
2017-06-29,293.73383
2017-06-30,276.0183
2017-07-01,252.41492
2017-07-02,171.91858
2017-07-03,115.28591
2017-07-04,110.88406
2017-07-05,130.59207
2017-07-06,189.40402
2017-07-07,251.53105
2017-07-08,275.49054
2017-07-09,244.41272
2017-07-10,329.71014
2017-07-11,364.55515
2017-07-12,255.94788
2017-07-13,199.31503
2017-07-14,96.05986
2017-07-15,173.96124
2017-07-16,289.44714
2017-07-17,138.7585
2017-07-18,108.54373
2017-07-19,213.90886
2017-07-20,277.06802
2017-07-21,187.12085
2017-07-22,114.96111
2017-07-23,82.66943
2017-07-24,57.00209
2017-07-25,109.939865
2017-07-26,262.59146
2017-07-27,408.44904
2017-07-28,369.38968
2017-07-29,108.713776
2017-07-30,60.322216
2017-07-31,42.88167
2017-08-01,39.917763
2017-08-02,56.440994
2017-08-03,75.40837
2017-08-04,52.939255
2017-08-05,79.797874
2017-08-06,115.935196
2017-08-07,96.78673
2017-08-08,132.05766
2017-08-09,188.03777
2017-08-10,240.2942
2017-08-11,152.6817
2017-08-12,143.84116
2017-08-13,181.69083
2017-08-14,137.76776
2017-08-15,158.62593
2017-08-16,219.94824
2017-08-17,212.84845
2017-08-18,92.57401
2017-08-19,107.36308
2017-08-20,115.82588
2017-08-21,133.34215
2017-08-22,203.07095
2017-08-23,163.62633
2017-08-24,87.62298
2017-08-25,203.86613
2017-08-26,390.50256
2017-08-27,345.77878
2017-08-28,235.02333
2017-08-29,293.7439
2017-08-30,464.87662
2017-08-31,446.61768
2017-09-01,319.55942
2017-09-02,107.49094
2017-09-03,69.20352
2017-09-04,69.24142
2017-09-05,56.4702
2017-09-06,71.474396
2017-09-07,148.05211
2017-09-08,504.57318
2017-09-09,617.41693
2017-09-10,168.19102
2017-09-11,333.14844
2017-09-12,414.65475
2017-09-13,250.50195
2017-09-14,372.74344
2017-09-15,376.6297
2017-09-16,271.9643
2017-09-17,261.26874
2017-09-18,241.32265
2017-09-19,249.88454
2017-09-20,170.70175
2017-09-21,107.71999
2017-09-22,111.96029
2017-09-23,113.995834
2017-09-24,188.17404
2017-09-25,317.19968
2017-09-26,312.81613
2017-09-27,288.47293
2017-09-28,208.50642
2017-09-29,159.57454
2017-09-30,234.19806
2017-10-01,456.9301
2017-10-02,594.25116
2017-10-03,345.34067
2017-10-04,170.1254
2017-10-05,151.6077
2017-10-06,344.70737
2017-10-07,444.69193
2017-10-08,200.16171
2017-10-09,237.8604
2017-10-10,193.86044
2017-10-11,133.18698
2017-10-12,108.51927
2017-10-13,142.62059
2017-10-14,213.42712
2017-10-15,280.18585
2017-10-16,291.54742
2017-10-17,297.34253
2017-10-18,196.21953
2017-10-19,90.744225
2017-10-20,106.87262
2017-10-21,129.1374
2017-10-22,88.80543
2017-10-23,174.10872
2017-10-24,325.11426
2017-10-25,830.488
2017-10-26,1080.6265
2017-10-27,382.65375
2017-10-28,276.30847
2017-10-29,188.92961
2017-10-30,176.44989
2017-10-31,91.12857
2017-11-01,131.44337
2017-11-02,143.15562
2017-11-03,94.50912
2017-11-04,96.08443
2017-11-05,135.8525
2017-11-06,176.73843
2017-11-07,112.421074
2017-11-08,63.809837
2017-11-09,57.59417
2017-11-10,87.16036
2017-11-11,288.11807
2017-11-12,232.59468
2017-11-13,119.640045
2017-11-14,127.6673
2017-11-15,176.41788
2017-11-16,214.56532
2017-11-17,154.50293
2017-11-18,317.705
2017-11-19,224.60738
2017-11-20,140.38083
2017-11-21,199.09024
2017-11-22,182.70859
2017-11-23,217.78989
2017-11-24,129.8047
2017-11-25,122.423935
2017-11-26,177.01166
2017-11-27,202.83557
2017-11-28,206.75017
2017-11-29,362.9967
2017-11-30,442.26852
2017-12-01,231.54623
2017-12-02,335.25937
2017-12-03,454.5605
2017-12-04,229.18248
2017-12-05,230.99602
2017-12-06,306.2529
2017-12-07,327.9117
2017-12-08,321.3543
2017-12-09,275.39334
2017-12-10,246.59169
2017-12-11,139.12784
2017-12-12,168.2286
2017-12-13,259.64374
2017-12-14,184.05023
2017-12-15,76.04649
2017-12-16,78.44759
2017-12-17,128.66623
2017-12-18,148.14046
2017-12-19,113.37868
2017-12-20,130.33109
2017-12-21,99.879326
2017-12-22,200.25775
2017-12-23,231.6361
2017-12-24,120.40343
2017-12-25,141.92241
2017-12-26,206.05977
2017-12-27,196.78526
2017-12-28,177.77017
2017-12-29,278.22702
2017-12-30,294.6847
2017-12-31,161.26013
2018-01-01,173.63583
2018-01-02,204.44958
2018-01-03,181.36151
2018-01-04,187.37592
2018-01-05,190.41118
2018-01-06,161.4109
2018-01-07,132.01466
2018-01-08,121.69033
2018-01-09,212.13223
2018-01-10,203.89812
2018-01-11,122.497856
2018-01-12,101.47585
2018-01-13,158.69992
2018-01-14,224.9956
2018-01-15,166.75145
2018-01-16,401.10214
2018-01-17,508.77545
2018-01-18,399.59143
2018-01-19,402.16147
2018-01-20,376.2304
2018-01-21,426.62216
2018-01-22,454.49548
2018-01-23,279.70538
2018-01-24,212.61307
2018-01-25,202.9908
2018-01-26,158.68858
2018-01-27,165.1414
2018-01-28,168.17383
2018-01-29,127.31167
2018-01-30,116.600006
2018-01-31,142.06421
2018-02-01,156.74216
2018-02-02,97.82213
2018-02-03,112.23166
2018-02-04,196.23491
2018-02-05,177.68317
2018-02-06,173.70387
2018-02-07,231.0386
2018-02-08,170.77444
2018-02-09,123.91932
2018-02-10,118.67891
2018-02-11,128.76314
2018-02-12,166.65436
2018-02-13,132.18797
2018-02-14,162.47162
2018-02-15,241.80226
2018-02-16,608.25134
2018-02-17,750.2013
2018-02-18,330.1799
2018-02-19,302.06763
2018-02-20,568.35754
2018-02-21,510.35718
2018-02-22,250.64372
2018-02-23,551.01984
2018-02-24,498.1783
2018-02-25,249.95938
2018-02-26,216.23447
2018-02-27,149.98785
2018-02-28,126.359406
2018-03-01,105.910736
2018-03-02,92.16713
2018-03-03,107.60105
2018-03-04,156.4689
2018-03-05,188.44818
2018-03-06,139.56906
2018-03-07,179.75601
2018-03-08,250.60849
2018-03-09,225.11539
2018-03-10,140.65564
2018-03-11,81.00912
2018-03-12,89.887146
2018-03-13,116.264854
2018-03-14,110.42624
2018-03-15,79.33004
2018-03-16,122.498924
2018-03-17,190.2584
2018-03-18,204.7703
2018-03-19,191.18912
2018-03-20,115.92412
2018-03-21,211.74948
2018-03-22,278.5028
2018-03-23,334.33984
2018-03-24,338.4119
2018-03-25,215.47134
2018-03-26,136.13283
2018-03-27,159.56606
2018-03-28,215.2376
2018-03-29,223.07686
2018-03-30,259.12842
2018-03-31,319.5376
2018-04-01,425.4992
2018-04-02,378.29022
2018-04-03,307.33133
2018-04-04,307.7167
2018-04-05,192.10558
2018-04-06,150.1325
2018-04-07,269.44406
2018-04-08,309.2855
2018-04-09,119.27887
2018-04-10,98.23708
2018-04-11,208.18459
2018-04-12,189.88846
2018-04-13,107.40686
2018-04-14,115.621445
2018-04-15,168.7064
2018-04-16,159.0534
2018-04-17,171.40056
2018-04-18,203.82893
2018-04-19,203.59929
2018-04-20,261.9863
2018-04-21,294.43256
2018-04-22,263.51193
2018-04-23,306.78223
2018-04-24,418.4516
2018-04-25,346.08157
2018-04-26,298.12192
2018-04-27,346.79288
2018-04-28,421.97696
2018-04-29,336.7089
2018-04-30,359.74457
2018-05-01,339.80328
2018-05-02,376.37534
2018-05-03,382.4333
2018-05-04,327.31735
2018-05-05,261.22906
2018-05-06,191.97221
2018-05-07,226.67986
2018-05-08,308.48242
2018-05-09,331.35272
2018-05-10,218.1141
2018-05-11,143.26648
2018-05-12,217.40584
2018-05-13,314.29486
2018-05-14,300.19525
2018-05-15,218.0588
2018-05-16,123.745926
2018-05-17,166.76201
2018-05-18,227.36636
2018-05-19,279.10437
2018-05-20,335.14297
2018-05-21,261.78806
2018-05-22,325.9998
2018-05-23,354.43768
2018-05-24,340.37958
2018-05-25,476.9317
2018-05-26,517.69415
2018-05-27,408.8113
2018-05-28,455.2377
2018-05-29,455.746
2018-05-30,411.1073
2018-05-31,353.85382
2018-06-01,281.5363
2018-06-02,257.28653
2018-06-03,306.641
2018-06-04,381.36734
2018-06-05,399.9559
2018-06-06,399.8112
2018-06-07,373.5915
2018-06-08,248.64679
2018-06-09,122.82637
2018-06-10,159.75143
2018-06-11,240.33075
2018-06-12,333.31927
2018-06-13,370.5792
2018-06-14,322.65616
2018-06-15,266.2093
2018-06-16,406.61435
2018-06-17,425.15598
2018-06-18,317.08035
2018-06-19,191.28192
2018-06-20,78.58981
2018-06-21,131.09715
2018-06-22,285.7152
2018-06-23,370.45782
2018-06-24,363.21912
2018-06-25,418.45453
2018-06-26,510.8341
2018-06-27,578.0867
2018-06-28,759.0615
2018-06-29,575.76685
2018-06-30,397.98343
2018-07-01,362.42682
2018-07-02,326.20065
2018-07-03,291.9729
2018-07-04,311.72086
2018-07-05,259.7573
2018-07-06,213.39095
2018-07-07,151.15938
2018-07-08,308.0024
2018-07-09,380.89673
2018-07-10,231.07115
2018-07-11,114.63878
2018-07-12,82.24435
2018-07-13,93.50921
2018-07-14,111.60446
2018-07-15,92.6699
2018-07-16,98.29324
2018-07-17,53.756645
2018-07-18,194.9286
2018-07-19,556.66925
2018-07-20,710.76654
2018-07-21,723.3071
2018-07-22,630.1363
2018-07-23,355.46643
2018-07-24,390.9206
2018-07-25,344.89117
2018-07-26,277.36093
2018-07-27,214.74004
2018-07-28,414.0951
2018-07-29,662.87775
2018-07-30,951.7824
2018-07-31,983.90906
2018-08-01,642.76575
2018-08-02,401.16498
2018-08-03,238.43402
2018-08-04,462.62872
2018-08-05,606.01074
2018-08-06,211.75592
2018-08-07,128.77489
2018-08-08,82.01041
2018-08-09,68.63253
2018-08-10,63.400166
2018-08-11,44.667183
2018-08-12,39.73479
2018-08-13,36.804367
2018-08-14,60.657505
2018-08-15,171.84814
2018-08-16,299.07938
2018-08-17,243.74165
2018-08-18,112.18976
2018-08-19,123.30253
2018-08-20,128.49033
2018-08-21,167.80617
2018-08-22,203.78816
2018-08-23,57.69542
2018-08-24,84.58205
2018-08-25,143.41685
2018-08-26,131.54321
2018-08-27,80.96283
2018-08-28,83.91671
2018-08-29,173.11635
2018-08-30,256.41034
2018-08-31,196.87175
2018-09-01,424.21378
2018-09-02,434.56216
2018-09-03,129.09792
2018-09-04,144.01883
2018-09-05,157.7637
2018-09-06,109.75748
2018-09-07,121.52527
2018-09-08,306.3866
2018-09-09,493.0144
2018-09-10,356.2257
2018-09-11,133.58087
2018-09-12,319.0071
2018-09-13,470.0578
2018-09-14,246.08513
2018-09-15,234.92155
2018-09-16,239.1505
2018-09-17,190.66058
2018-09-18,107.81098
2018-09-19,112.163605
2018-09-20,150.76393
2018-09-21,115.12004
2018-09-22,127.3419
2018-09-23,199.55586
2018-09-24,396.3427
2018-09-25,535.4203
2018-09-26,181.76367
2018-09-27,201.63878
2018-09-28,233.55156
2018-09-29,170.50807
2018-09-30,136.65784
2018-10-01,80.89075
2018-10-02,60.672955
2018-10-03,78.625854
2018-10-04,91.38281
2018-10-05,64.51865
2018-10-06,150.86751
2018-10-07,173.57268
2018-10-08,79.6495
2018-10-09,96.12905
2018-10-10,133.23296
2018-10-11,96.59002
2018-10-12,60.646107
2018-10-13,66.89715
2018-10-14,46.945774
2018-10-15,30.3323
2018-10-16,39.401115
2018-10-17,52.83912
2018-10-18,45.36716
2018-10-19,54.126087
2018-10-20,50.63474
2018-10-21,57.95237
2018-10-22,93.54227
2018-10-23,76.3705
2018-10-24,87.77612
2018-10-25,75.70294
2018-10-26,59.15185
2018-10-27,57.752033
2018-10-28,71.79254
2018-10-29,144.66805
2018-10-30,205.73949
2018-10-31,206.42044
2018-11-01,223.26035
2018-11-02,192.55045
2018-11-03,295.5997
2018-11-04,366.6562
2018-11-05,379.37204
2018-11-06,342.64627
2018-11-07,155.42874
2018-11-08,89.30513
2018-11-09,128.92839
2018-11-10,201.67169
2018-11-11,175.69435
2018-11-12,206.14946
2018-11-13,203.07222
2018-11-14,184.99615
2018-11-15,159.59789
2018-11-16,82.110214
2018-11-17,160.53598
2018-11-18,162.89777
2018-11-19,99.81705
2018-11-20,149.48114
2018-11-21,266.46307
2018-11-22,219.08513
2018-11-23,101.853714
2018-11-24,91.6398
2018-11-25,64.96959
2018-11-26,90.91914
2018-11-27,182.88885
2018-11-28,232.83743
2018-11-29,181.47452
2018-11-30,99.87828
2018-12-01,248.78333
2018-12-02,220.53004
2018-12-03,119.080696
2018-12-04,226.92647
2018-12-05,163.65477
2018-12-06,198.8362
2018-12-07,164.50966
2018-12-08,147.66241
2018-12-09,236.90916
2018-12-10,247.19414
2018-12-11,226.3424
2018-12-12,254.97673
2018-12-13,337.56482
2018-12-14,403.10312
2018-12-15,339.41516
2018-12-16,303.36395
2018-12-17,233.27771
2018-12-18,141.23479
2018-12-19,172.17104
2018-12-20,235.66779
2018-12-21,279.64902
2018-12-22,244.95312
2018-12-23,151.40001
2018-12-24,138.02495
2018-12-25,109.31309
2018-12-26,172.48436
2018-12-27,249.20625
2018-12-28,185.06749
2018-12-29,145.50815
2018-12-30,89.68822
2018-12-31,98.28318
2019-01-01,101.543526
2019-01-02,50.3979
2019-01-03,58.31573
2019-01-04,76.18402
2019-01-05,68.53261
2019-01-06,55.984913
2019-01-07,49.30943
2019-01-08,80.88527
2019-01-09,115.10986
2019-01-10,111.90513
2019-01-11,50.36817
2019-01-12,38.23285
2019-01-13,103.970566
2019-01-14,122.938385
2019-01-15,131.98405
2019-01-16,167.84087
2019-01-17,172.45314
2019-01-18,221.42879
2019-01-19,227.2953
2019-01-20,157.16542
2019-01-21,252.75041
2019-01-22,169.5084
2019-01-23,71.69615
2019-01-24,68.74003
2019-01-25,78.70169
2019-01-26,68.01361
2019-01-27,78.41906
2019-01-28,116.00906
2019-01-29,98.97695
2019-01-30,71.48194
2019-01-31,96.77042
2019-02-01,145.32411
2019-02-02,149.71596
2019-02-03,140.15918
2019-02-04,308.59723
2019-02-05,411.65482
2019-02-06,322.0501
2019-02-07,388.71655
2019-02-08,346.27734
2019-02-09,285.49454
2019-02-10,193.24113
2019-02-11,179.28561
2019-02-12,156.65398
2019-02-13,167.4494
2019-02-14,236.44652
2019-02-15,257.24335
2019-02-16,151.07227
2019-02-17,179.80066
2019-02-18,182.06885
2019-02-19,226.00473
2019-02-20,320.99792
2019-02-21,251.6199
2019-02-22,201.05402
2019-02-23,249.74149
2019-02-24,368.61377
2019-02-25,295.07275
2019-02-26,234.56535
2019-02-27,260.79376
2019-02-28,163.77296
2019-03-01,158.38377
2019-03-02,125.50588
2019-03-03,104.65669
2019-03-04,148.10178
2019-03-05,208.41759
2019-03-06,151.02606
2019-03-07,163.46442
2019-03-08,210.08717
2019-03-09,114.45989
2019-03-10,180.12585
2019-03-11,319.07248
2019-03-12,300.80313
2019-03-13,241.76976
2019-03-14,158.42262
2019-03-15,166.03615
2019-03-16,174.93922
2019-03-17,175.68698
2019-03-18,204.61215
2019-03-19,428.72305
2019-03-20,456.0638
2019-03-21,146.65459
2019-03-22,206.04823
2019-03-23,276.09085
2019-03-24,261.10178
2019-03-25,234.42569
2019-03-26,157.57205
2019-03-27,138.9422
2019-03-28,197.83496
2019-03-29,461.94818
2019-03-30,524.09717
2019-03-31,336.35483
2019-04-01,458.7424
2019-04-02,432.8197
2019-04-03,327.94748
2019-04-04,237.76204
2019-04-05,275.46524
2019-04-06,317.91122
2019-04-07,276.0641
2019-04-08,224.13019
2019-04-09,222.85594
2019-04-10,256.6843
2019-04-11,198.61838
2019-04-12,163.48775
2019-04-13,265.05188
2019-04-14,291.42868
2019-04-15,244.82382
2019-04-16,276.5686
2019-04-17,319.20697
2019-04-18,290.7083
2019-04-19,391.3559
2019-04-20,577.2338
2019-04-21,555.5789
2019-04-22,458.54095
2019-04-23,165.41502
2019-04-24,364.8893
2019-04-25,381.7547
2019-04-26,389.05185
2019-04-27,359.8037
2019-04-28,290.8894
2019-04-29,309.07657
2019-04-30,358.67413
2019-05-01,245.4986
2019-05-02,178.54596
2019-05-03,274.44366
2019-05-04,379.5336
2019-05-05,281.2994
2019-05-06,260.19913
2019-05-07,288.50333
2019-05-08,291.25693
2019-05-09,373.42184
2019-05-10,394.5254
2019-05-11,292.3097
2019-05-12,260.8585
2019-05-13,361.31332
2019-05-14,486.2852
2019-05-15,468.0329
2019-05-16,407.9251
2019-05-17,361.7969
2019-05-18,378.7862
2019-05-19,302.4462
2019-05-20,321.6052
2019-05-21,232.33884
2019-05-22,243.3554
2019-05-23,202.6913
2019-05-24,239.56758
2019-05-25,287.33087
2019-05-26,340.84723
2019-05-27,317.09656
2019-05-28,312.7694
2019-05-29,327.25815
2019-05-30,379.33295
2019-05-31,482.34198
2019-06-01,505.37543
2019-06-02,305.392
2019-06-03,177.55957
2019-06-04,207.98445
2019-06-05,212.96312
2019-06-06,206.07246
2019-06-07,258.17157
2019-06-08,307.03113
2019-06-09,345.46207
2019-06-10,458.98114
2019-06-11,516.88007
2019-06-12,607.8676
2019-06-13,557.51166
2019-06-14,433.77853
2019-06-15,348.55365
2019-06-16,290.38586
2019-06-17,210.01668
2019-06-18,86.23593
2019-06-19,94.83444
2019-06-20,161.96126
2019-06-21,371.9952
2019-06-22,496.7293
2019-06-23,401.89603
2019-06-24,441.45547
2019-06-25,300.2707
2019-06-26,183.1315
2019-06-27,128.04121
2019-06-28,161.24727
2019-06-29,273.35242
2019-06-30,603.6584
2019-07-01,893.5708
2019-07-02,612.79755
2019-07-03,688.96136
2019-07-04,650.3184
2019-07-05,186.0279
2019-07-06,128.33707
2019-07-07,69.082436
2019-07-08,125.26626
2019-07-09,407.5913
2019-07-10,507.7495
2019-07-11,156.82475
2019-07-12,285.74445
2019-07-13,472.21906
2019-07-14,421.08752
2019-07-15,484.37717
2019-07-16,524.3321
2019-07-17,332.23212
2019-07-18,144.07864
2019-07-19,74.12495
2019-07-20,64.49628
2019-07-21,67.118004
2019-07-22,91.63256
2019-07-23,239.98245
2019-07-24,488.6068
2019-07-25,550.9106
2019-07-26,507.2633
2019-07-27,473.5721
2019-07-28,436.00873
2019-07-29,249.15936
2019-07-30,101.75983
2019-07-31,96.37072
2019-08-01,60.635395
2019-08-02,94.26512
2019-08-03,232.16222
2019-08-04,297.54968
2019-08-05,150.88754
2019-08-06,61.50204
2019-08-07,37.99245
2019-08-08,50.74983
2019-08-09,63.108284
2019-08-10,41.365047
2019-08-11,39.60832
2019-08-12,41.842648
2019-08-13,38.465725
2019-08-14,43.545513
2019-08-15,37.47341
2019-08-16,29.95268
2019-08-17,36.90864
2019-08-18,66.88029
2019-08-19,85.606674
2019-08-20,58.848003
2019-08-21,68.97364
2019-08-22,49.833622
2019-08-23,27.268044
2019-08-24,27.80722
2019-08-25,21.133814
2019-08-26,20.29433
2019-08-27,20.069403
2019-08-28,21.11381
2019-08-29,23.080576
2019-08-30,22.491385
2019-08-31,50.671185
2019-09-01,147.82169
2019-09-02,192.93726
2019-09-03,92.51833
2019-09-04,43.429504
2019-09-05,106.37458
2019-09-06,120.731804
2019-09-07,33.727184
2019-09-08,36.998943
2019-09-09,39.141136
2019-09-10,79.2495
2019-09-11,140.78929
2019-09-12,351.67786
2019-09-13,565.4333
2019-09-14,273.59802
2019-09-15,206.96416
2019-09-16,121.269806
2019-09-17,170.0467
2019-09-18,142.83351
2019-09-19,94.49303
2019-09-20,88.33889
2019-09-21,167.0905
2019-09-22,252.90642
2019-09-23,192.12086
2019-09-24,171.39972
2019-09-25,178.70497
2019-09-26,120.35426
2019-09-27,125.307205
2019-09-28,196.54427
2019-09-29,227.18329
2019-09-30,169.12741
2019-10-01,197.4718
2019-10-02,174.91992
2019-10-03,218.29945
2019-10-04,257.34805
2019-10-05,235.93854
2019-10-06,176.74423
2019-10-07,167.09288
2019-10-08,283.0067
2019-10-09,362.91348
2019-10-10,502.2404
2019-10-11,619.7799
2019-10-12,282.68994
2019-10-13,235.99828
2019-10-14,338.10574
2019-10-15,334.37347
2019-10-16,296.54984
2019-10-17,376.52045
2019-10-18,388.24658
2019-10-19,301.62943
2019-10-20,294.51102
2019-10-21,404.83084
2019-10-22,291.49106
2019-10-23,154.00294
2019-10-24,106.673775
2019-10-25,179.60704
2019-10-26,520.2434
2019-10-27,673.7883
2019-10-28,280.64478
2019-10-29,384.3188
2019-10-30,456.9031
2019-10-31,217.75763
2019-11-01,213.51128
2019-11-02,194.10703
2019-11-03,183.34496
2019-11-04,155.91687
2019-11-05,181.13145
2019-11-06,233.7038
2019-11-07,253.0557
2019-11-08,228.05319
2019-11-09,194.08984
2019-11-10,187.49991
2019-11-11,136.80801
2019-11-12,159.73514
2019-11-13,268.00293
2019-11-14,208.15942
2019-11-15,199.07831
2019-11-16,140.18063
2019-11-17,83.57112
2019-11-18,79.50137
2019-11-19,137.53824
2019-11-20,131.09445
2019-11-21,93.2794
2019-11-22,94.02973
2019-11-23,91.68534
2019-11-24,69.742226
2019-11-25,62.313274
2019-11-26,103.41287
2019-11-27,188.5394
2019-11-28,261.76013
2019-11-29,299.79532
2019-11-30,219.56621
2019-12-01,110.63255
2019-12-02,168.33385
2019-12-03,205.11597
2019-12-04,189.22002
2019-12-05,181.92346
2019-12-06,377.36597
2019-12-07,456.74332
2019-12-08,171.75702
2019-12-09,90.27707
2019-12-10,124.68346
2019-12-11,176.6679
2019-12-12,271.31323
2019-12-13,218.97533
2019-12-14,300.9516
2019-12-15,236.29681
2019-12-16,165.41107
2019-12-17,199.36853
2019-12-18,176.60704
2019-12-19,152.02841
2019-12-20,193.42403
2019-12-21,277.8993
2019-12-22,351.1007
2019-12-23,494.22043
2019-12-24,458.76178
2019-12-25,382.2373
2019-12-26,287.70453
2019-12-27,306.9367
2019-12-28,385.47604
2019-12-29,355.3031
2019-12-30,309.42023
2019-12-31,349.8977
2020-01-01,303.54193
2020-01-02,185.80598
2020-01-03,114.55958
2020-01-04,76.193794
2020-01-05,372.56293
2020-01-06,269.73987
2020-01-07,76.94145
2020-01-08,56.865025
2020-01-09,145.462
2020-01-10,223.68939
2020-01-11,100.244316
2020-01-12,88.47079
2020-01-13,106.32025
2020-01-14,68.20312
2020-01-15,69.073135
2020-01-16,59.708317
2020-01-17,53.55825
2020-01-18,43.050278
2020-01-19,78.09755
2020-01-20,159.6323
2020-01-21,225.34895
2020-01-22,181.79024
2020-01-23,102.890465
2020-01-24,66.13604
2020-01-25,111.85111
2020-01-26,380.3739
2020-01-27,369.2323
2020-01-28,190.91922
2020-01-29,93.461716
2020-01-30,71.76459
2020-01-31,82.90313
2020-02-01,138.7573
2020-02-02,199.32462
2020-02-03,184.18204
2020-02-04,138.10205
2020-02-05,79.4068
2020-02-06,61.667152
2020-02-07,71.11162
2020-02-08,123.90051
2020-02-09,125.05984
2020-02-10,69.94385
2020-02-11,57.498997
2020-02-12,80.87492
2020-02-13,108.78275
2020-02-14,93.51407
2020-02-15,119.63559
2020-02-16,153.74623
2020-02-17,135.0953
2020-02-18,92.0396
2020-02-19,101.167755
2020-02-20,231.90735
2020-02-21,505.59802
2020-02-22,486.00818
2020-02-23,264.6478
2020-02-24,170.86551
2020-02-25,231.14293
2020-02-26,355.1342
2020-02-27,260.7576
2020-02-28,100.78068
2020-02-29,88.09632
2020-03-01,102.4079
2020-03-02,134.44275
2020-03-03,141.74585
2020-03-04,122.90487
2020-03-05,138.70299
2020-03-06,178.80055
2020-03-07,211.74817
2020-03-08,202.17845
2020-03-09,225.09673
2020-03-10,731.0566
2020-03-11,918.0984
2020-03-12,258.345
2020-03-13,329.47293
2020-03-14,313.534
2020-03-15,297.25836
2020-03-16,198.22646
2020-03-17,137.4441
2020-03-18,160.09358
2020-03-19,129.79715
2020-03-20,293.32355
2020-03-21,193.38155
2020-03-22,64.7415
2020-03-23,57.543674
2020-03-24,118.80381
2020-03-25,172.56808
2020-03-26,108.77483
2020-03-27,100.48169
2020-03-28,95.41734
2020-03-29,184.6104
2020-03-30,275.9388
2020-03-31,291.77283
2020-04-01,430.2646
2020-04-02,409.1002
2020-04-03,211.52237
2020-04-04,152.79395
2020-04-05,167.22186
2020-04-06,320.4885
2020-04-07,466.10364
2020-04-08,445.53836
2020-04-09,576.62885
2020-04-10,735.9947
2020-04-11,470.75146
2020-04-12,590.03235
2020-04-13,437.8254
2020-04-14,241.21161
2020-04-15,155.67154
2020-04-16,132.15247
2020-04-17,165.07904
2020-04-18,309.40155
2020-04-19,340.4731
2020-04-20,232.6852
2020-04-21,216.50893
2020-04-22,190.80415
2020-04-23,197.52031
2020-04-24,280.1677
2020-04-25,274.70364
2020-04-26,215.96373
2020-04-27,224.85384
2020-04-28,374.9527
2020-04-29,422.05814
2020-04-30,367.9271
2020-05-01,398.1766
2020-05-02,437.78748
2020-05-03,469.15045
2020-05-04,509.2728
2020-05-05,468.8029
2020-05-06,371.21313
2020-05-07,360.50494
2020-05-08,456.88486
2020-05-09,436.0905
2020-05-10,344.95685
2020-05-11,324.45166
2020-05-12,386.5352
2020-05-13,319.43576
2020-05-14,215.91612
2020-05-15,248.80508
2020-05-16,294.3232
2020-05-17,377.69357
2020-05-18,392.62354
2020-05-19,356.65344
2020-05-20,339.4685
2020-05-21,327.7252
2020-05-22,344.3647
2020-05-23,225.6942
2020-05-24,212.86044
2020-05-25,322.43842
2020-05-26,280.2307
2020-05-27,227.2413
2020-05-28,227.5277
2020-05-29,571.3992
2020-05-30,618.48456
2020-05-31,283.3438
2020-06-01,301.6175
2020-06-02,337.0386
2020-06-03,292.4592
2020-06-04,239.7606
2020-06-05,251.50473
2020-06-06,323.6245
2020-06-07,284.23975
2020-06-08,183.15083
2020-06-09,178.64201
2020-06-10,231.52576
2020-06-11,152.59128
2020-06-12,128.23785
2020-06-13,162.0522
2020-06-14,246.93657
2020-06-15,301.92175
2020-06-16,336.7162
2020-06-17,442.96088
2020-06-18,499.9672
2020-06-19,454.36404
2020-06-20,503.42062
2020-06-21,635.5723
2020-06-22,710.86285
2020-06-23,675.7001
2020-06-24,628.2538
2020-06-25,376.69305
2020-06-26,371.34537
2020-06-27,430.4578
2020-06-28,430.01416
2020-06-29,441.70114
2020-06-30,359.36893
2020-07-01,345.1625
2020-07-02,436.97864
2020-07-03,528.9531
2020-07-04,514.1925
2020-07-05,401.2817
2020-07-06,352.72113
2020-07-07,365.8205
2020-07-08,358.48126
2020-07-09,387.0641
2020-07-10,532.7005
2020-07-11,398.6757
2020-07-12,344.60324
2020-07-13,437.24533
2020-07-14,545.19336
2020-07-15,485.23758
2020-07-16,299.03513
2020-07-17,188.36221
2020-07-18,94.12157
2020-07-19,182.17285
2020-07-20,364.91135
2020-07-21,601.7149
2020-07-22,637.3995
2020-07-23,357.46506
2020-07-24,284.3225
2020-07-25,321.14737
2020-07-26,447.35056
2020-07-27,557.5947
2020-07-28,471.1545
2020-07-29,419.8214
2020-07-30,392.74725
2020-07-31,327.5266
2020-08-01,212.51674
2020-08-02,68.76395
2020-08-03,52.33402
2020-08-04,45.585354
2020-08-05,40.945915
2020-08-06,52.46983
2020-08-07,131.21341
2020-08-08,164.40407
2020-08-09,65.19209
2020-08-10,79.94717
2020-08-11,105.72772
2020-08-12,91.61185
2020-08-13,185.2767
2020-08-14,651.47485
2020-08-15,867.91003
2020-08-16,450.35214
2020-08-17,313.95105
2020-08-18,230.59482
2020-08-19,227.84053
2020-08-20,242.52481
2020-08-21,298.4531
2020-08-22,395.60254
2020-08-23,268.9627
2020-08-24,136.60742
2020-08-25,107.73339
2020-08-26,173.94997
2020-08-27,399.46494
2020-08-28,551.41516
2020-08-29,443.5292
2020-08-30,256.59213
2020-08-31,161.58064
2020-09-01,250.19417
2020-09-02,362.3455
2020-09-03,231.69937
2020-09-04,211.08148
2020-09-05,408.78122
2020-09-06,451.92255
2020-09-07,340.9409
2020-09-08,268.98593
2020-09-09,230.41069
2020-09-10,295.3162
2020-09-11,414.7518
2020-09-12,294.80713
2020-09-13,261.4342
2020-09-14,409.603
2020-09-15,437.04813
2020-09-16,283.998
2020-09-17,304.86716
2020-09-18,235.92358
2020-09-19,178.93744
2020-09-20,206.44469
2020-09-21,246.76079
2020-09-22,320.04547
2020-09-23,395.64102
2020-09-24,365.74936
2020-09-25,444.37164
2020-09-26,413.93155
2020-09-27,260.49557
2020-09-28,207.76282
2020-09-29,238.31157
2020-09-30,320.76517
2020-10-01,392.29642
2020-10-02,348.96814
2020-10-03,266.42117
2020-10-04,403.18805
2020-10-05,590.2534
2020-10-06,473.0648
2020-10-07,234.04906
2020-10-08,272.65173
2020-10-09,346.57642
2020-10-10,226.51556
2020-10-11,100.19203
2020-10-12,147.9224
2020-10-13,225.87775
2020-10-14,264.12155
2020-10-15,361.7824
2020-10-16,433.58466
2020-10-17,384.95282
2020-10-18,328.01443
2020-10-19,338.02722
2020-10-20,263.2623
2020-10-21,179.02196
2020-10-22,270.7031
2020-10-23,331.75143
2020-10-24,484.7199
2020-10-25,421.97244
2020-10-26,186.05763
2020-10-27,196.02695
2020-10-28,149.1755
2020-10-29,108.64063
2020-10-30,115.28155
2020-10-31,98.08662
2020-11-01,72.73466
2020-11-02,57.834908
2020-11-03,46.2375
2020-11-04,38.17633
2020-11-05,43.080185
2020-11-06,72.282936
2020-11-07,73.38992
2020-11-08,60.262184
2020-11-09,78.03618
2020-11-10,94.91594
2020-11-11,84.376465
2020-11-12,62.924843
2020-11-13,98.88643
2020-11-14,132.02295
2020-11-15,133.187
2020-11-16,92.48647
2020-11-17,133.9394
2020-11-18,104.75851
2020-11-19,127.72636
2020-11-20,162.80275
2020-11-21,421.45477
2020-11-22,483.10843
2020-11-23,120.90092
2020-11-24,162.38417
2020-11-25,233.20589
2020-11-26,239.8701
2020-11-27,256.37094
2020-11-28,199.01912
2020-11-29,112.204
2020-11-30,143.54372
2020-12-01,160.2004
2020-12-02,382.4631
2020-12-03,355.3126
2020-12-04,311.49
2020-12-05,283.16708
2020-12-06,281.47656
2020-12-07,317.80948
2020-12-08,313.60706
2020-12-09,338.28384
2020-12-10,241.7807
2020-12-11,171.34148
2020-12-12,124.46302
2020-12-13,168.22636
2020-12-14,184.79579
2020-12-15,432.0674
2020-12-16,446.24084
2020-12-17,202.64851
2020-12-18,257.05508
2020-12-19,268.1208
2020-12-20,303.84232
2020-12-21,322.2781
2020-12-22,350.35046
2020-12-23,320.7821
2020-12-24,168.81558
2020-12-25,237.75838
2020-12-26,498.2963
2020-12-27,457.79333
2020-12-28,168.09438
2020-12-29,151.85979
2020-12-30,277.70502
2020-12-31,309.62082
2021-01-01,280.9869
2021-01-02,280.19324
2021-01-03,352.4478
2021-01-04,325.11465
2021-01-05,419.85324
2021-01-06,443.9282
2021-01-07,299.58554
2021-01-08,326.96866
2021-01-09,442.61612
2021-01-10,385.8696
2021-01-11,355.15747
2021-01-12,437.98822
2021-01-13,326.58505
2021-01-14,230.0801
2021-01-15,196.84515
2021-01-16,135.31094
2021-01-17,127.1752
2021-01-18,189.11064
2021-01-19,217.9034
2021-01-20,135.8138
2021-01-21,113.40101
2021-01-22,171.54483
2021-01-23,328.34525
2021-01-24,426.45135
2021-01-25,309.78137
2021-01-26,300.01575
2021-01-27,362.99893
2021-01-28,258.8255
2021-01-29,196.07645
2021-01-30,111.707466
2021-01-31,84.80308
2021-02-01,128.04591
2021-02-02,219.96358
2021-02-03,260.63672
2021-02-04,267.43576
2021-02-05,213.83609
2021-02-06,181.77936
2021-02-07,130.12926
2021-02-08,169.28975
2021-02-09,186.79158
2021-02-10,180.81512
2021-02-11,144.69957
2021-02-12,118.229034
2021-02-13,128.3658
2021-02-14,102.538315
2021-02-15,93.14871
2021-02-16,203.44753
2021-02-17,216.58542
2021-02-18,175.00896
2021-02-19,165.6649
2021-02-20,81.26346
2021-02-21,84.77371
2021-02-22,224.39456
2021-02-23,295.91672
2021-02-24,203.02274
2021-02-25,260.64175
2021-02-26,328.1856
2021-02-27,234.30487
2021-02-28,352.86304
2021-03-01,411.84808
2021-03-02,303.6887
2021-03-03,210.78369
2021-03-04,143.4958
2021-03-05,162.24455
2021-03-06,181.76102
2021-03-07,276.58463
2021-03-08,456.72244
2021-03-09,536.5946
2021-03-10,501.14426
2021-03-11,294.3915
2021-03-12,207.1748
2021-03-13,194.97588
2021-03-14,142.48825
2021-03-15,135.69365
2021-03-16,124.3507
2021-03-17,121.50648
2021-03-18,154.69652
2021-03-19,143.7923
2021-03-20,185.63327
2021-03-21,159.92712
2021-03-22,111.97713
2021-03-23,123.65546
2021-03-24,166.88081
2021-03-25,221.37836
2021-03-26,166.33852
2021-03-27,151.68994
2021-03-28,207.14662
2021-03-29,363.47473
2021-03-30,480.91507
2021-03-31,393.32852
2021-04-01,342.71777
2021-04-02,511.26492
2021-04-03,653.7976
2021-04-04,357.7036
2021-04-05,325.08853
2021-04-06,380.9904
2021-04-07,375.18158
2021-04-08,372.08502
2021-04-09,277.78802
2021-04-10,209.08736
2021-04-11,205.75098
2021-04-12,293.07004
2021-04-13,289.21652
2021-04-14,273.4944
2021-04-15,328.5267
2021-04-16,464.3518
2021-04-17,513.9315
2021-04-18,372.02777
2021-04-19,414.06598
2021-04-20,256.96204
2021-04-21,262.63495
2021-04-22,227.31956
2021-04-23,182.9943
2021-04-24,235.10497
2021-04-25,206.12737
2021-04-26,225.08018
2021-04-27,329.93558
2021-04-28,445.65036
2021-04-29,412.53168
2021-04-30,441.0017
2021-05-01,351.75522
2021-05-02,185.59259
2021-05-03,228.06442
2021-05-04,138.09686
2021-05-05,82.422485
2021-05-06,92.897934
2021-05-07,210.62999
2021-05-08,237.80675
2021-05-09,246.8285
2021-05-10,364.3667
2021-05-11,338.48965
2021-05-12,498.59872
2021-05-13,618.20074
2021-05-14,502.6136
2021-05-15,352.41376
2021-05-16,422.7314
2021-05-17,454.58102
2021-05-18,467.89398
2021-05-19,398.56638
2021-05-20,178.50607
2021-05-21,192.95508
2021-05-22,274.9576
2021-05-23,413.48447
2021-05-24,445.66623
2021-05-25,483.03656
2021-05-26,456.94586
2021-05-27,436.36243
2021-05-28,509.14618
2021-05-29,460.5048
2021-05-30,153.04982
2021-05-31,220.53067
2021-06-01,253.84657
2021-06-02,190.83322
2021-06-03,137.68205
2021-06-04,255.43088
2021-06-05,413.01608
2021-06-06,372.06128
2021-06-07,300.1441
2021-06-08,331.1931
2021-06-09,300.1159
2021-06-10,270.0048
2021-06-11,191.34686
2021-06-12,166.76855
2021-06-13,318.07492
2021-06-14,584.56
2021-06-15,655.6421
2021-06-16,346.35294
2021-06-17,287.59067
2021-06-18,366.28125
2021-06-19,358.267
2021-06-20,429.5483
2021-06-21,497.81866
2021-06-22,399.91797
2021-06-23,477.60562
2021-06-24,553.82166
2021-06-25,414.3494
2021-06-26,334.0934
2021-06-27,295.06073
2021-06-28,337.3892
2021-06-29,267.366
2021-06-30,161.84769
2021-07-01,175.84392
2021-07-02,260.37704
2021-07-03,285.3311
2021-07-04,86.42081
2021-07-05,59.87555
2021-07-06,57.613194
2021-07-07,57.335094
2021-07-08,134.06825
2021-07-09,282.26135
2021-07-10,340.89856
2021-07-11,349.73
2021-07-12,309.99118
2021-07-13,386.33954
2021-07-14,610.35187
2021-07-15,666.696
2021-07-16,328.62662
2021-07-17,234.50505
2021-07-18,328.63333
2021-07-19,363.394
2021-07-20,302.7109
2021-07-21,180.48627
2021-07-22,174.49274
2021-07-23,241.50536
2021-07-24,288.68683
2021-07-25,320.06766
2021-07-26,349.1991
2021-07-27,532.9885
2021-07-28,534.8961
2021-07-29,167.22711
2021-07-30,192.64706
2021-07-31,155.62021
2021-08-01,102.78873
2021-08-02,55.057182
2021-08-03,43.886223
2021-08-04,39.481564
2021-08-05,35.806137
2021-08-06,33.410748
2021-08-07,53.669697
2021-08-08,110.198204
2021-08-09,160.33633
2021-08-10,233.27979
2021-08-11,307.29126
2021-08-12,321.82916
2021-08-13,483.7124
2021-08-14,704.13416
2021-08-15,594.7819
2021-08-16,378.13675
2021-08-17,331.45996
2021-08-18,355.10333
2021-08-19,429.88043
2021-08-20,375.72287
2021-08-21,309.10287
2021-08-22,310.04272
2021-08-23,380.42603
2021-08-24,402.37976
2021-08-25,289.85446
2021-08-26,383.3231
2021-08-27,416.39264
2021-08-28,387.12735
2021-08-29,345.23788
2021-08-30,332.20135
2021-08-31,439.58786
2021-09-01,412.31433
2021-09-02,309.34024
2021-09-03,278.2484
2021-09-04,253.63963
2021-09-05,275.55618
2021-09-06,220.43643
2021-09-07,252.10834
2021-09-08,314.268
2021-09-09,338.31827
2021-09-10,297.13776
2021-09-11,357.00824
2021-09-12,497.21408
2021-09-13,472.7278
2021-09-14,429.3195
2021-09-15,343.1114
2021-09-16,324.24707
2021-09-17,262.27658
2021-09-18,99.33941
2021-09-19,130.57845
2021-09-20,184.42575
2021-09-21,227.3622
2021-09-22,340.5716
2021-09-23,449.137
2021-09-24,430.47348
2021-09-25,238.22456
2021-09-26,84.59256
2021-09-27,78.176346
2021-09-28,105.31744
2021-09-29,163.00923
2021-09-30,214.428
2021-10-01,273.08957
2021-10-02,330.20694
2021-10-03,266.42245
2021-10-04,222.74571
2021-10-05,270.73297
2021-10-06,336.01544
2021-10-07,496.33142
2021-10-08,694.9696
2021-10-09,489.8401
2021-10-10,243.6671
2021-10-11,180.17845
2021-10-12,235.71352
2021-10-13,308.9583
2021-10-14,241.33562
2021-10-15,133.06325
2021-10-16,165.24472
2021-10-17,211.63206
2021-10-18,239.88222
2021-10-19,270.88635
2021-10-20,257.55353
2021-10-21,308.16678
2021-10-22,249.57346
2021-10-23,296.91693
2021-10-24,260.77548
2021-10-25,264.17352
2021-10-26,245.85674
2021-10-27,97.66077
2021-10-28,84.63367
2021-10-29,99.25292
2021-10-30,110.47897
2021-10-31,120.2943
2021-11-01,89.98189
2021-11-02,337.61676
2021-11-03,440.59692
2021-11-04,168.22319
2021-11-05,127.16732
2021-11-06,233.92192
2021-11-07,277.24164
2021-11-08,249.1567
2021-11-09,172.93234
2021-11-10,111.19015
2021-11-11,162.77684
2021-11-12,142.30435
2021-11-13,159.56763
2021-11-14,187.97295
2021-11-15,167.72002
2021-11-16,220.2198
2021-11-17,140.64284
2021-11-18,116.06045
2021-11-19,374.72595
2021-11-20,256.34363
2021-11-21,196.66118
2021-11-22,225.95532
2021-11-23,210.3991
2021-11-24,316.21664
2021-11-25,429.13553
2021-11-26,409.07327
2021-11-27,406.0926
2021-11-28,302.66565
2021-11-29,201.75992
2021-11-30,252.37355
2021-12-01,290.57806
2021-12-02,225.93555
2021-12-03,210.39389
2021-12-04,286.0848
2021-12-05,325.7107
2021-12-06,348.10397
2021-12-07,250.15936
2021-12-08,198.38902
2021-12-09,229.91682
2021-12-10,176.47223
2021-12-11,271.26514
2021-12-12,458.89438
2021-12-13,343.57465
2021-12-14,219.88474
2021-12-15,220.50116
2021-12-16,190.43709
2021-12-17,203.62505
2021-12-18,218.79771
2021-12-19,232.06778
2021-12-20,209.19019
2021-12-21,179.83168
2021-12-22,178.5813
2021-12-23,136.46582
2021-12-24,101.90735
2021-12-25,116.14734
2021-12-26,235.14667
2021-12-27,223.57243
2021-12-28,133.52899
2021-12-29,175.35036
2021-12-30,197.6688
2021-12-31,130.09929
2022-01-01,142.27145
2022-01-02,148.68405
2022-01-03,301.4223
2022-01-04,364.02774
2022-01-05,253.15782
2022-01-06,346.80945
2022-01-07,333.77243
2022-01-08,191.89494
2022-01-09,189.78348
2022-01-10,338.94922
2022-01-11,282.14523
2022-01-12,176.97035
2022-01-13,176.08684
2022-01-14,143.03412
2022-01-15,137.30075
2022-01-16,165.0478
2022-01-17,189.7833
2022-01-18,188.04881
2022-01-19,155.92062
2022-01-20,162.6158
2022-01-21,141.87318
2022-01-22,192.48357
2022-01-23,145.83615
2022-01-24,82.33914
2022-01-25,320.1588
2022-01-26,329.4345
2022-01-27,244.42213
2022-01-28,467.668
2022-01-29,354.59814
2022-01-30,417.68243
2022-01-31,346.31445
2022-02-01,229.21007
2022-02-02,166.74458
2022-02-03,155.43411
2022-02-04,206.10641
2022-02-05,265.92963
2022-02-06,204.14273
2022-02-07,256.76617
2022-02-08,353.57257
2022-02-09,347.24292
2022-02-10,271.57513
2022-02-11,217.91463
2022-02-12,210.79816
2022-02-13,212.9425
2022-02-14,249.60619
2022-02-15,284.97607
2022-02-16,282.39716
2022-02-17,279.23587
2022-02-18,366.14908
2022-02-19,259.659
2022-02-20,325.48895
2022-02-21,248.93964
2022-02-22,175.38075
2022-02-23,218.91386
2022-02-24,264.69064
2022-02-25,243.70358
2022-02-26,235.38522
2022-02-27,342.1628
2022-02-28,560.2891
2022-03-01,520.3472
2022-03-02,421.67563
2022-03-03,597.2164
2022-03-04,532.2188
2022-03-05,617.6324
2022-03-06,509.70984
2022-03-07,283.304
2022-03-08,181.60777
2022-03-09,133.80727
2022-03-10,119.14724
2022-03-11,107.14273
2022-03-12,94.92272
2022-03-13,84.09391
2022-03-14,85.15796
2022-03-15,152.77872
2022-03-16,159.35573
2022-03-17,210.75328
2022-03-18,231.76988
2022-03-19,236.74754
2022-03-20,333.4122
2022-03-21,437.48416
2022-03-22,479.88794
2022-03-23,388.85764
2022-03-24,359.8174
2022-03-25,363.63702
2022-03-26,390.1364
2022-03-27,517.3385
2022-03-28,556.9971
2022-03-29,622.71655
2022-03-30,648.3759
2022-03-31,291.4812
2022-04-01,308.2534
2022-04-02,308.73853
2022-04-03,354.77606
2022-04-04,341.7934
2022-04-05,310.90173
2022-04-06,379.7141
2022-04-07,468.08322
2022-04-08,464.13913
2022-04-09,462.2058
2022-04-10,528.8939
2022-04-11,619.34393
2022-04-12,447.72467
2022-04-13,424.12253
2022-04-14,383.65112
2022-04-15,405.14035
2022-04-16,307.8636
2022-04-17,248.43008
2022-04-18,269.23138
2022-04-19,336.5101
2022-04-20,296.6719
2022-04-21,167.91188
2022-04-22,174.13976
2022-04-23,137.44395
2022-04-24,100.62493
2022-04-25,133.59825
2022-04-26,228.5774
2022-04-27,277.59766
2022-04-28,214.76624
2022-04-29,249.78308
2022-04-30,391.4675
2022-05-01,354.1704
2022-05-02,303.0526
2022-05-03,306.36066
2022-05-04,261.20337
2022-05-05,353.20206
2022-05-06,379.25455
2022-05-07,295.22186
2022-05-08,219.96799
2022-05-09,181.04678
2022-05-10,169.36246
2022-05-11,190.84784
2022-05-12,273.36237
2022-05-13,471.85492
2022-05-14,559.91315
2022-05-15,543.7309
2022-05-16,613.3561
2022-05-17,655.0583
2022-05-18,520.8537
2022-05-19,666.02515
2022-05-20,836.45514
2022-05-21,459.08688
2022-05-22,348.4638
2022-05-23,194.08424
2022-05-24,214.21513
2022-05-25,250.01689
2022-05-26,332.14185
2022-05-27,350.83002
2022-05-28,367.77408
2022-05-29,455.04373
2022-05-30,580.36273
2022-05-31,517.6544
2022-06-01,140.24048
2022-06-02,292.2822
2022-06-03,382.05396
2022-06-04,353.70505
2022-06-05,206.11034
2022-06-06,232.60892
2022-06-07,243.86061
2022-06-08,231.67581
2022-06-09,155.69
2022-06-10,131.17816
2022-06-11,196.6075
2022-06-12,300.9387
2022-06-13,315.77808
2022-06-14,333.99182
2022-06-15,323.01773
2022-06-16,381.86774
2022-06-17,472.45316
2022-06-18,377.64117
2022-06-19,277.88074
2022-06-20,375.6202
2022-06-21,449.75766
2022-06-22,446.37775
2022-06-23,355.6026
2022-06-24,405.03915
2022-06-25,409.6993
2022-06-26,379.52386
2022-06-27,378.63977
2022-06-28,336.96545
2022-06-29,275.62442
2022-06-30,279.56894
2022-07-01,122.348366
2022-07-02,547.91644
2022-07-03,831.89105
2022-07-04,617.22076
2022-07-05,486.34705
2022-07-06,535.9528
2022-07-07,547.97186
2022-07-08,441.90305
2022-07-09,308.91785
2022-07-10,391.01892
2022-07-11,533.3985
2022-07-12,505.9635
2022-07-13,232.40924
2022-07-14,250.55995
2022-07-15,238.93631
2022-07-16,152.82048
2022-07-17,205.46233
2022-07-18,368.58423
2022-07-19,438.93436
2022-07-20,418.10773
2022-07-21,378.7655
2022-07-22,562.9402
2022-07-23,690.7466
2022-07-24,329.65604
2022-07-25,303.07175
2022-07-26,276.35474
2022-07-27,307.72964
2022-07-28,362.74872
2022-07-29,359.06525
2022-07-30,237.86145
2022-07-31,230.10164
2022-08-01,70.63787
2022-08-02,228.88965
2022-08-03,338.8539
2022-08-04,372.24158
2022-08-05,399.82867
2022-08-06,410.85406
2022-08-07,345.13382
2022-08-08,205.69495
2022-08-09,237.11018
2022-08-10,590.1884
2022-08-11,658.3936
2022-08-12,424.1686
2022-08-13,562.13654
2022-08-14,455.85294
2022-08-15,421.17734
2022-08-16,415.97592
2022-08-17,362.8159
2022-08-18,186.02376
2022-08-19,183.69576
2022-08-20,250.18869
2022-08-21,358.99985
2022-08-22,393.12592
2022-08-23,161.79678
2022-08-24,92.1888
2022-08-25,100.721405
2022-08-26,238.71965
2022-08-27,318.84735
2022-08-28,410.5274
2022-08-29,545.2355
2022-08-30,363.10706
2022-08-31,413.4797
2022-09-01,81.56617
2022-09-02,246.69588
2022-09-03,296.94955
2022-09-04,240.2934
2022-09-05,133.64754
2022-09-06,134.00327
2022-09-07,224.12585
2022-09-08,348.61154
2022-09-09,413.7432
2022-09-10,331.3219
2022-09-11,439.67987
2022-09-12,462.06674
2022-09-13,255.53308
2022-09-14,116.86305
2022-09-15,107.55947
2022-09-16,221.34656
2022-09-17,399.37466
2022-09-18,404.40228
2022-09-19,257.03815
2022-09-20,201.69435
2022-09-21,226.71242
2022-09-22,149.82718
2022-09-23,156.81927
2022-09-24,189.06245
2022-09-25,142.5014
2022-09-26,117.64192
2022-09-27,119.28176
2022-09-28,182.60393
2022-09-29,256.8316
2022-09-30,180.9318
2022-10-01,82.482735
2022-10-02,218.52518
2022-10-03,247.40387
2022-10-04,230.16777
2022-10-05,202.92784
2022-10-06,194.67961
2022-10-07,189.86542
2022-10-08,272.26346
2022-10-09,333.91867
2022-10-10,345.7954
2022-10-11,424.95557
2022-10-12,371.1189
2022-10-13,295.52222
2022-10-14,195.48965
2022-10-15,178.93921
2022-10-16,272.24625
2022-10-17,327.02588
2022-10-18,278.835
2022-10-19,188.82768
2022-10-20,236.56985
2022-10-21,199.02293
2022-10-22,250.19595
2022-10-23,186.94215
2022-10-24,138.36296
2022-10-25,201.83243
2022-10-26,167.24626
2022-10-27,149.61736
2022-10-28,191.65198
2022-10-29,180.81073
2022-10-30,113.58624
2022-10-31,92.93633
2022-11-01,48.285698
2022-11-02,116.52665
2022-11-03,168.06474
2022-11-04,238.12051
2022-11-05,204.31604
2022-11-06,100.32941
2022-11-07,76.28421
2022-11-08,97.329384
2022-11-09,146.00237
2022-11-10,162.53256
2022-11-11,135.07167
2022-11-12,253.38254
2022-11-13,221.53674
2022-11-14,85.738144
2022-11-15,159.32365
2022-11-16,225.21518
2022-11-17,290.3715
2022-11-18,290.01352
2022-11-19,167.18823
2022-11-20,122.94582
2022-11-21,104.82219
2022-11-22,235.17374
2022-11-23,203.90335
2022-11-24,134.36894
2022-11-25,102.29414
2022-11-26,158.05026
2022-11-27,180.37367
2022-11-28,139.51808
2022-11-29,144.0266
2022-11-30,120.53569
2022-12-01,102.92026
2022-12-02,171.93053
2022-12-03,139.44165
2022-12-04,210.69466
2022-12-05,206.96838
2022-12-06,122.0006
2022-12-07,140.54079
2022-12-08,164.20436
2022-12-09,171.31192
2022-12-10,220.45576
2022-12-11,256.9954
2022-12-12,335.75885
2022-12-13,286.95148
2022-12-14,268.74472
2022-12-15,356.3285
2022-12-16,235.00452
2022-12-17,198.10805
2022-12-18,279.4142
2022-12-19,188.79886
2022-12-20,102.67167
2022-12-21,114.05482
2022-12-22,123.99089
2022-12-23,100.884964
2022-12-24,106.070694
2022-12-25,90.37106
2022-12-26,132.56363
2022-12-27,165.80402
2022-12-28,116.60058
2022-12-29,91.00244
2022-12-30,84.65652
2022-12-31,168.89006
2023-01-01,50.919113
2023-01-02,141.62744
2023-01-03,149.13121
2023-01-04,103.24572
2023-01-05,87.16767
2023-01-06,118.06644
2023-01-07,187.89099
2023-01-08,258.36526
2023-01-09,330.1714
2023-01-10,425.749
2023-01-11,315.11484
2023-01-12,255.02406
2023-01-13,297.13455
2023-01-14,249.266
2023-01-15,170.65698
2023-01-16,152.86049
2023-01-17,147.43404
2023-01-18,136.22383
2023-01-19,226.08487
2023-01-20,248.02632
2023-01-21,174.77188
2023-01-22,198.0644
2023-01-23,274.26758
2023-01-24,320.40256
2023-01-25,267.10065
2023-01-26,172.23958
2023-01-27,119.085
2023-01-28,83.51483
2023-01-29,69.603485
2023-01-30,82.23626
2023-01-31,99.6721
2023-02-01,31.948034
2023-02-02,76.79018
2023-02-03,77.87274
2023-02-04,91.46631
2023-02-05,158.0559
2023-02-06,244.56435
2023-02-07,278.71338
2023-02-08,153.57004
2023-02-09,207.87724
2023-02-10,291.20108
2023-02-11,344.8982
2023-02-12,362.6263
2023-02-13,296.69534
2023-02-14,359.20248
2023-02-15,411.83743
2023-02-16,270.338
2023-02-17,177.18925
2023-02-18,236.91843
2023-02-19,314.87152
2023-02-20,221.31041
2023-02-21,223.32996
2023-02-22,262.46994
2023-02-23,179.4411
2023-02-24,148.9439
2023-02-25,150.36713
2023-02-26,98.23959
2023-02-27,129.61874
2023-02-28,204.79797
2023-03-01,119.61812
2023-03-02,364.72437
2023-03-03,442.35022
2023-03-04,422.6837
2023-03-05,463.5601
2023-03-06,487.4476
2023-03-07,390.53812
2023-03-08,209.07307
2023-03-09,590.39166
2023-03-10,717.0674
2023-03-11,301.11877
2023-03-12,247.17006
2023-03-13,143.22487
2023-03-14,170.76828
2023-03-15,207.92393
2023-03-16,152.26816
2023-03-17,99.27524
2023-03-18,129.51834
2023-03-19,131.59302
2023-03-20,124.14957
2023-03-21,129.79655
2023-03-22,132.16583
2023-03-23,263.31488
2023-03-24,387.4723
2023-03-25,251.91699
2023-03-26,242.66878
2023-03-27,354.1766
2023-03-28,366.71155
2023-03-29,322.73068
2023-03-30,225.83818
2023-03-31,323.37714
2023-04-01,144.3047
2023-04-02,409.8742
2023-04-03,465.71738
2023-04-04,373.44962
2023-04-05,243.74916
2023-04-06,580.4787
2023-04-07,549.7082
2023-04-08,193.10657
2023-04-09,177.24419
2023-04-10,295.06732
2023-04-11,292.20715
2023-04-12,302.20322
2023-04-13,440.90054
2023-04-14,444.116
2023-04-15,292.75342
2023-04-16,297.11765
2023-04-17,417.12173
2023-04-18,342.4718
2023-04-19,150.97203
2023-04-20,179.45062
2023-04-21,307.57016
2023-04-22,371.6709
2023-04-23,286.56644
2023-04-24,200.43842
2023-04-25,129.57816
2023-04-26,115.76054
2023-04-27,122.68598
2023-04-28,183.217
2023-04-29,277.41626
2023-04-30,352.33798
2023-05-01,167.7834
2023-05-02,395.26013
2023-05-03,302.8778
2023-05-04,219.66223
2023-05-05,201.07295
2023-05-06,224.95276
2023-05-07,332.76294
2023-05-08,232.56421
2023-05-09,140.8523
2023-05-10,215.30533
2023-05-11,256.3063
2023-05-12,257.64703
2023-05-13,307.09946
2023-05-14,367.8773
2023-05-15,350.95584
2023-05-16,393.33313
2023-05-17,510.26108
2023-05-18,300.9582
2023-05-19,237.72318
2023-05-20,334.86414
2023-05-21,351.1515
2023-05-22,397.20435
2023-05-23,354.98996
2023-05-24,257.27048
2023-05-25,201.43657
2023-05-26,222.23904
2023-05-27,416.89548
2023-05-28,560.18036
2023-05-29,335.04877
2023-05-30,253.9036
2023-05-31,285.93668
2023-06-01,131.26584
2023-06-02,379.2245
2023-06-03,394.5255
2023-06-04,306.93393
2023-06-05,332.71954
2023-06-06,474.09735
2023-06-07,520.0835
2023-06-08,490.32718
2023-06-09,493.47305
2023-06-10,494.7877
2023-06-11,270.88516
2023-06-12,199.2058
2023-06-13,219.93788
2023-06-14,218.94524
2023-06-15,372.36407
2023-06-16,368.41318
2023-06-17,254.91351
2023-06-18,176.34898
2023-06-19,82.356575
2023-06-20,58.153324
2023-06-21,52.973007
2023-06-22,78.58192
2023-06-23,182.62634
2023-06-24,250.7621
2023-06-25,259.8149
2023-06-26,383.24445
2023-06-27,473.51337
2023-06-28,536.0177
2023-06-29,357.87994
2023-06-30,92.15396
