datetime,streamflow_m^3/s
1979-01-01,0.0
1979-01-02,11.847847
1979-01-03,61.666107
1979-01-04,120.41295
1979-01-05,154.93031
1979-01-06,164.32072
1979-01-07,162.33138
1979-01-08,156.47577
1979-01-09,150.22603
1979-01-10,144.27599
1979-01-11,138.61084
1979-01-12,133.15732
1979-01-13,127.942604
1979-01-14,122.96527
1979-01-15,118.16518
1979-01-16,113.64007
1979-01-17,109.3044
1979-01-18,105.09154
1979-01-19,101.01609
1979-01-20,97.084
1979-01-21,93.29764
1979-01-22,89.67608
1979-01-23,86.35007
1979-01-24,83.857506
1979-01-25,83.74489
1979-01-26,82.58709
1979-01-27,88.31179
1979-01-28,95.13273
1979-01-29,90.7495
1979-01-30,96.425415
1979-01-31,164.595
1979-02-01,153.39197
1979-02-02,93.859825
1979-02-03,92.195854
1979-02-04,92.213165
1979-02-05,81.063156
1979-02-06,67.61297
1979-02-07,62.830894
1979-02-08,57.94644
1979-02-09,54.075485
1979-02-10,51.871056
1979-02-11,50.223263
1979-02-12,49.494183
1979-02-13,50.79501
1979-02-14,55.140766
1979-02-15,55.339478
1979-02-16,55.185905
1979-02-17,69.335175
1979-02-18,69.440384
1979-02-19,51.23736
1979-02-20,42.256832
1979-02-21,39.754093
1979-02-22,38.24841
1979-02-23,37.77638
1979-02-24,46.39396
1979-02-25,63.865646
1979-02-26,76.11594
1979-02-27,87.69
1979-02-28,76.684875
1979-03-01,116.832344
1979-03-02,175.02328
1979-03-03,232.62543
1979-03-04,280.79037
1979-03-05,260.9999
1979-03-06,248.22893
1979-03-07,226.46535
1979-03-08,192.93393
1979-03-09,210.09822
1979-03-10,312.47565
1979-03-11,451.05923
1979-03-12,443.30914
1979-03-13,324.56458
1979-03-14,148.3274
1979-03-15,147.2829
1979-03-16,270.47003
1979-03-17,327.9138
1979-03-18,263.28494
1979-03-19,304.4246
1979-03-20,361.479
1979-03-21,468.06586
1979-03-22,586.10016
1979-03-23,609.312
1979-03-24,568.2236
1979-03-25,467.51047
1979-03-26,399.6356
1979-03-27,399.49524
1979-03-28,440.92325
1979-03-29,457.2694
1979-03-30,425.8921
1979-03-31,373.39313
1979-04-01,318.3462
1979-04-02,330.9104
1979-04-03,380.2851
1979-04-04,409.4597
1979-04-05,447.83826
1979-04-06,574.9121
1979-04-07,733.5185
1979-04-08,904.5996
1979-04-09,1234.973
1979-04-10,1379.0562
1979-04-11,1176.4869
1979-04-12,1021.3834
1979-04-13,1029.4045
1979-04-14,1018.46985
1979-04-15,1093.1599
1979-04-16,1319.0441
1979-04-17,1601.9933
1979-04-18,1891.5386
1979-04-19,2164.497
1979-04-20,2220.3542
1979-04-21,2507.6838
1979-04-22,2509.7063
1979-04-23,1982.8401
1979-04-24,1903.8845
1979-04-25,1997.034
1979-04-26,1849.6973
1979-04-27,1733.1494
1979-04-28,1723.635
1979-04-29,1741.9445
1979-04-30,1649.2931
1979-05-01,1478.2386
1979-05-02,1376.8383
1979-05-03,1358.7367
1979-05-04,1366.2737
1979-05-05,1387.6816
1979-05-06,1460.106
1979-05-07,1496.7126
1979-05-08,1469.8776
1979-05-09,1463.412
1979-05-10,1407.278
1979-05-11,1293.2789
1979-05-12,1373.8865
1979-05-13,1331.1128
1979-05-14,1210.0419
1979-05-15,1166.7367
1979-05-16,1113.9467
1979-05-17,1113.5986
1979-05-18,1096.5267
1979-05-19,1128.2261
1979-05-20,1080.915
1979-05-21,1076.8505
1979-05-22,1223.013
1979-05-23,1283.6089
1979-05-24,1231.3253
1979-05-25,1252.3896
1979-05-26,1385.2644
1979-05-27,1562.2603
1979-05-28,1648.6356
1979-05-29,1753.6932
1979-05-30,1895.333
1979-05-31,1931.7711
1979-06-01,2007.1923
1979-06-02,2228.2578
1979-06-03,2265.7847
1979-06-04,2196.4011
1979-06-05,2012.8584
1979-06-06,1763.9647
1979-06-07,1593.8696
1979-06-08,1519.9016
1979-06-09,1525.9219
1979-06-10,1479.3643
1979-06-11,1403.1838
1979-06-12,1370.7479
1979-06-13,1275.8604
1979-06-14,1247.2229
1979-06-15,1188.8927
1979-06-16,1115.2812
1979-06-17,1091.3711
1979-06-18,1188.8077
1979-06-19,1508.9648
1979-06-20,1614.7477
1979-06-21,1340.6396
1979-06-22,1167.5214
1979-06-23,1102.3069
1979-06-24,1065.0294
1979-06-25,1046.7948
1979-06-26,1069.7155
1979-06-27,1117.6636
1979-06-28,1143.8099
1979-06-29,1191.1144
1979-06-30,1196.8136
1979-07-01,1162.1447
1979-07-02,1171.0488
1979-07-03,1212.123
1979-07-04,1181.966
1979-07-05,1234.5908
1979-07-06,1307.6453
1979-07-07,1620.9885
1979-07-08,2708.305
1979-07-09,3989.644
1979-07-10,3981.2378
1979-07-11,3040.9377
1979-07-12,2266.004
1979-07-13,1850.709
1979-07-14,1589.2095
1979-07-15,1379.4922
1979-07-16,1242.8668
1979-07-17,1196.2009
1979-07-18,1240.5529
1979-07-19,1260.4634
1979-07-20,1250.1909
1979-07-21,1178.299
1979-07-22,1127.0907
1979-07-23,1214.9547
1979-07-24,1218.9661
1979-07-25,1066.7922
1979-07-26,957.5983
1979-07-27,1026.7147
1979-07-28,1069.0168
1979-07-29,1042.978
1979-07-30,1000.7785
1979-07-31,947.82196
1979-08-01,826.5478
1979-08-02,804.5419
1979-08-03,886.87994
1979-08-04,974.5302
1979-08-05,945.8544
1979-08-06,902.4976
1979-08-07,932.2136
1979-08-08,937.9625
1979-08-09,834.1161
1979-08-10,818.3968
1979-08-11,830.011
1979-08-12,802.1243
1979-08-13,715.54736
1979-08-14,668.17706
1979-08-15,711.0202
1979-08-16,766.42365
1979-08-17,780.08264
1979-08-18,787.66943
1979-08-19,777.5892
1979-08-20,721.4501
1979-08-21,729.2168
1979-08-22,785.73663
1979-08-23,808.63666
1979-08-24,771.246
1979-08-25,830.76953
1979-08-26,811.2046
1979-08-27,733.28577
1979-08-28,682.0169
1979-08-29,711.60004
1979-08-30,730.36615
1979-08-31,693.1348
1979-09-01,682.4989
1979-09-02,678.59937
1979-09-03,617.0739
1979-09-04,575.67725
1979-09-05,599.2463
1979-09-06,717.7302
1979-09-07,905.67456
1979-09-08,923.66187
1979-09-09,715.08093
1979-09-10,654.72894
1979-09-11,697.2133
1979-09-12,644.729
1979-09-13,598.3655
1979-09-14,614.0581
1979-09-15,607.6745
1979-09-16,618.68536
1979-09-17,614.6602
1979-09-18,615.2835
1979-09-19,644.301
1979-09-20,710.8031
1979-09-21,844.9391
1979-09-22,885.0606
1979-09-23,750.13965
1979-09-24,724.4117
1979-09-25,831.8453
1979-09-26,864.09503
1979-09-27,781.485
1979-09-28,684.07117
1979-09-29,649.3976
1979-09-30,627.10614
1979-10-01,597.27625
1979-10-02,575.8006
1979-10-03,609.9222
1979-10-04,722.97955
1979-10-05,737.2588
1979-10-06,685.77527
1979-10-07,637.8326
1979-10-08,597.0477
1979-10-09,634.1254
1979-10-10,762.22614
1979-10-11,782.5248
1979-10-12,756.85443
1979-10-13,724.05774
1979-10-14,694.7235
1979-10-15,669.4557
1979-10-16,549.9674
1979-10-17,477.80066
1979-10-18,544.3645
1979-10-19,699.2423
1979-10-20,830.6532
1979-10-21,814.6669
1979-10-22,679.3323
1979-10-23,609.29095
1979-10-24,648.38354
1979-10-25,680.7445
1979-10-26,714.6231
1979-10-27,739.5799
1979-10-28,754.45703
1979-10-29,915.14325
1979-10-30,979.7474
1979-10-31,862.5481
1979-11-01,735.76575
1979-11-02,648.984
1979-11-03,679.3401
1979-11-04,680.66266
1979-11-05,619.9331
1979-11-06,666.84845
1979-11-07,663.70044
1979-11-08,633.2827
1979-11-09,647.1833
1979-11-10,681.87866
1979-11-11,712.425
1979-11-12,776.99036
1979-11-13,756.3395
1979-11-14,733.4238
1979-11-15,686.77026
1979-11-16,643.3499
1979-11-17,667.4288
1979-11-18,654.35754
1979-11-19,648.7618
1979-11-20,671.663
1979-11-21,653.00836
1979-11-22,604.7806
1979-11-23,545.78217
1979-11-24,508.6573
1979-11-25,511.96194
1979-11-26,550.12897
1979-11-27,598.9417
1979-11-28,694.6178
1979-11-29,1075.8638
1979-11-30,1972.147
1979-12-01,2886.8386
1979-12-02,2436.8289
1979-12-03,1795.4119
1979-12-04,1429.116
1979-12-05,1181.3533
1979-12-06,1073.6304
1979-12-07,1012.6151
1979-12-08,983.6749
1979-12-09,963.8366
1979-12-10,987.11725
1979-12-11,997.8803
1979-12-12,962.50793
1979-12-13,879.4208
1979-12-14,760.3277
1979-12-15,687.0264
1979-12-16,639.49426
1979-12-17,603.1602
1979-12-18,575.1229
1979-12-19,550.98486
1979-12-20,526.4179
1979-12-21,511.13193
1979-12-22,484.61133
1979-12-23,451.56628
1979-12-24,423.79114
1979-12-25,401.3591
1979-12-26,384.74908
1979-12-27,362.9474
1979-12-28,341.64075
1979-12-29,324.8521
1979-12-30,312.00778
1979-12-31,300.9507
1980-01-01,296.5878
1980-01-02,307.36832
1980-01-03,329.20688
1980-01-04,357.09793
1980-01-05,346.61923
1980-01-06,322.77948
1980-01-07,312.3658
1980-01-08,277.55585
1980-01-09,241.616
1980-01-10,218.29828
1980-01-11,203.01819
1980-01-12,192.51488
1980-01-13,184.43503
1980-01-14,177.00214
1980-01-15,169.97037
1980-01-16,163.33192
1980-01-17,157.05515
1980-01-18,150.99896
1980-01-19,145.09584
1980-01-20,139.50967
1980-01-21,134.6944
1980-01-22,133.12009
1980-01-23,141.28337
1980-01-24,147.56625
1980-01-25,149.22072
1980-01-26,168.82469
1980-01-27,169.78322
1980-01-28,155.48143
1980-01-29,143.96255
1980-01-30,129.69481
1980-01-31,112.40339
1980-02-01,102.24852
1980-02-02,96.72624
1980-02-03,92.82838
1980-02-04,89.64715
1980-02-05,87.23597
1980-02-06,86.57443
1980-02-07,87.304504
1980-02-08,83.66078
1980-02-09,78.143135
1980-02-10,75.12965
1980-02-11,72.470795
1980-02-12,69.863365
1980-02-13,67.48497
1980-02-14,65.1994
1980-02-15,63.038616
1980-02-16,60.889736
1980-02-17,58.754257
1980-02-18,56.741108
1980-02-19,55.12839
1980-02-20,53.935196
1980-02-21,53.564774
1980-02-22,53.69702
1980-02-23,52.41644
1980-02-24,49.249638
1980-02-25,46.424095
1980-02-26,44.43695
1980-02-27,42.893127
1980-02-28,41.51175
1980-02-29,40.139816
1980-03-01,38.79471
1980-03-02,37.509167
1980-03-03,36.34545
1980-03-04,35.210793
1980-03-05,34.13797
1980-03-06,33.807613
1980-03-07,33.367195
1980-03-08,31.725445
1980-03-09,30.544012
1980-03-10,31.447916
1980-03-11,35.798367
1980-03-12,37.861183
1980-03-13,50.477917
1980-03-14,65.23602
1980-03-15,104.44606
1980-03-16,140.47795
1980-03-17,170.84093
1980-03-18,170.74011
1980-03-19,138.12675
1980-03-20,87.77551
1980-03-21,56.380924
1980-03-22,44.93951
1980-03-23,51.058544
1980-03-24,85.784424
1980-03-25,154.73613
1980-03-26,264.6396
1980-03-27,263.0933
1980-03-28,226.53847
1980-03-29,311.06613
1980-03-30,405.91217
1980-03-31,426.04108
1980-04-01,465.93015
1980-04-02,523.3808
1980-04-03,424.33743
1980-04-04,223.20811
1980-04-05,89.70845
1980-04-06,52.272667
1980-04-07,43.583027
1980-04-08,38.874153
1980-04-09,37.90238
1980-04-10,38.04529
1980-04-11,37.815365
1980-04-12,38.251472
1980-04-13,37.777107
1980-04-14,37.495403
1980-04-15,43.62977
1980-04-16,79.1697
1980-04-17,151.55997
1980-04-18,252.16158
1980-04-19,543.0339
1980-04-20,853.86523
1980-04-21,1390.0576
1980-04-22,1546.7922
1980-04-23,843.57245
1980-04-24,480.0678
1980-04-25,395.9155
1980-04-26,568.8668
1980-04-27,503.45767
1980-04-28,403.97577
1980-04-29,505.72708
1980-04-30,602.0878
1980-05-01,548.29315
1980-05-02,550.38025
1980-05-03,672.46204
1980-05-04,683.0917
1980-05-05,620.21216
1980-05-06,692.1126
1980-05-07,1015.5866
1980-05-08,1297.8018
1980-05-09,1172.7214
1980-05-10,975.92914
1980-05-11,877.49493
1980-05-12,916.38776
1980-05-13,897.63934
1980-05-14,985.96173
1980-05-15,1275.444
1980-05-16,1316.8541
1980-05-17,1112.6611
1980-05-18,975.40015
1980-05-19,1120.5417
1980-05-20,1295.4307
1980-05-21,1319.615
1980-05-22,1248.3679
1980-05-23,1157.8226
1980-05-24,1269.9402
1980-05-25,1389.3308
1980-05-26,1341.3457
1980-05-27,1262.6461
1980-05-28,1361.2656
1980-05-29,1577.2172
1980-05-30,1431.6428
1980-05-31,1256.7596
1980-06-01,1283.055
1980-06-02,1351.9629
1980-06-03,1323.4033
1980-06-04,1274.3254
1980-06-05,1257.2057
1980-06-06,1277.6195
1980-06-07,1768.3395
1980-06-08,2062.969
1980-06-09,1716.8705
1980-06-10,1566.1398
1980-06-11,1692.3672
1980-06-12,1849.3641
1980-06-13,2365.4644
1980-06-14,2495.157
1980-06-15,2048.2036
1980-06-16,1799.4812
1980-06-17,1664.587
1980-06-18,1594.092
1980-06-19,1596.0042
1980-06-20,1614.5988
1980-06-21,1473.7676
1980-06-22,1411.4536
1980-06-23,1545.2274
1980-06-24,1559.0695
1980-06-25,1399.6304
1980-06-26,1218.8785
1980-06-27,1165.2723
1980-06-28,1224.1302
1980-06-29,1278.3588
1980-06-30,1245.804
1980-07-01,1242.4637
1980-07-02,1299.0717
1980-07-03,1445.1327
1980-07-04,1490.7983
1980-07-05,1544.483
1980-07-06,1572.0409
1980-07-07,1449.1085
1980-07-08,1317.0853
1980-07-09,1226.9655
1980-07-10,1174.3672
1980-07-11,1141.0297
1980-07-12,1131.8126
1980-07-13,1142.9633
1980-07-14,1109.3768
1980-07-15,1122.4652
1980-07-16,1054.6277
1980-07-17,966.84546
1980-07-18,961.4449
1980-07-19,935.844
1980-07-20,890.12994
1980-07-21,868.10443
1980-07-22,868.7155
1980-07-23,966.68713
1980-07-24,1151.4149
1980-07-25,1350.2028
1980-07-26,1302.2474
1980-07-27,1125.6439
1980-07-28,1037.4796
1980-07-29,1030.7042
1980-07-30,981.2103
1980-07-31,931.3507
1980-08-01,898.49194
1980-08-02,954.40173
1980-08-03,1046.6322
1980-08-04,1013.9261
1980-08-05,967.8878
1980-08-06,894.8753
1980-08-07,829.2196
1980-08-08,872.4909
1980-08-09,947.5409
1980-08-10,956.038
1980-08-11,925.1161
1980-08-12,880.8366
1980-08-13,849.8015
1980-08-14,797.6178
1980-08-15,775.18353
1980-08-16,856.0569
1980-08-17,873.5546
1980-08-18,813.34546
1980-08-19,818.9138
1980-08-20,811.4089
1980-08-21,876.7465
1980-08-22,827.9669
1980-08-23,793.6927
1980-08-24,817.4849
1980-08-25,809.334
1980-08-26,741.5721
1980-08-27,716.51074
1980-08-28,781.6276
1980-08-29,906.0548
1980-08-30,1060.1877
1980-08-31,1070.088
1980-09-01,961.5315
1980-09-02,864.7651
1980-09-03,842.6134
1980-09-04,885.78503
1980-09-05,886.49133
1980-09-06,915.62103
1980-09-07,950.3164
1980-09-08,900.2604
1980-09-09,877.80585
1980-09-10,897.98505
1980-09-11,867.3416
1980-09-12,893.08417
1980-09-13,970.14276
1980-09-14,1016.8236
1980-09-15,956.54974
1980-09-16,912.7333
1980-09-17,860.73395
1980-09-18,818.6038
1980-09-19,809.2305
1980-09-20,841.5606
1980-09-21,836.25214
1980-09-22,797.31714
1980-09-23,767.948
1980-09-24,837.5326
1980-09-25,947.4522
1980-09-26,887.61194
1980-09-27,815.5772
1980-09-28,732.64813
1980-09-29,652.23535
1980-09-30,611.6581
1980-10-01,603.65063
1980-10-02,605.3446
1980-10-03,620.50745
1980-10-04,613.3014
1980-10-05,598.99426
1980-10-06,622.6509
1980-10-07,751.72986
1980-10-08,832.6727
1980-10-09,806.2434
1980-10-10,736.98395
1980-10-11,690.8014
1980-10-12,663.5059
1980-10-13,621.5597
1980-10-14,626.8513
1980-10-15,622.6671
1980-10-16,685.61945
1980-10-17,752.7877
1980-10-18,707.39014
1980-10-19,715.55334
1980-10-20,751.4647
1980-10-21,732.1753
1980-10-22,638.00714
1980-10-23,620.9144
1980-10-24,684.8248
1980-10-25,847.3402
1980-10-26,963.6499
1980-10-27,1064.8447
1980-10-28,1237.8853
1980-10-29,1396.2239
1980-10-30,1522.741
1980-10-31,1519.9849
1980-11-01,1331.5275
1980-11-02,1209.3663
1980-11-03,1218.621
1980-11-04,1127.3424
1980-11-05,1032.1855
1980-11-06,965.12665
1980-11-07,906.67566
1980-11-08,870.7407
1980-11-09,833.6189
1980-11-10,787.7588
1980-11-11,727.61365
1980-11-12,688.9888
1980-11-13,672.4819
1980-11-14,685.80554
1980-11-15,758.03156
1980-11-16,823.6999
1980-11-17,734.72424
1980-11-18,610.0011
1980-11-19,532.5113
1980-11-20,488.24313
1980-11-21,463.2662
1980-11-22,448.93265
1980-11-23,442.81274
1980-11-24,451.16446
1980-11-25,438.37488
1980-11-26,416.87784
1980-11-27,431.22205
1980-11-28,441.78412
1980-11-29,410.70425
1980-11-30,409.12177
1980-12-01,436.22766
1980-12-02,430.0615
1980-12-03,394.27396
1980-12-04,334.6207
1980-12-05,295.5758
1980-12-06,275.94028
1980-12-07,264.6185
1980-12-08,267.93896
1980-12-09,273.47977
1980-12-10,270.22772
1980-12-11,290.47226
1980-12-12,325.9943
1980-12-13,399.4753
1980-12-14,333.0854
1980-12-15,258.21304
1980-12-16,229.43826
1980-12-17,211.17215
1980-12-18,197.17473
1980-12-19,189.53545
1980-12-20,183.75958
1980-12-21,178.0221
1980-12-22,172.13882
1980-12-23,166.50659
1980-12-24,163.88461
1980-12-25,162.43564
1980-12-26,164.82947
1980-12-27,164.65096
1980-12-28,155.8312
1980-12-29,151.65146
1980-12-30,155.30637
1980-12-31,157.03209
1981-01-01,143.9511
1981-01-02,135.33705
1981-01-03,128.03271
1981-01-04,121.26372
1981-01-05,116.45103
1981-01-06,112.42309
1981-01-07,108.874214
1981-01-08,107.80731
1981-01-09,132.01888
1981-01-10,161.92679
1981-01-11,177.32312
1981-01-12,185.7185
1981-01-13,145.22055
1981-01-14,111.80257
1981-01-15,98.899765
1981-01-16,91.14248
1981-01-17,86.81536
1981-01-18,84.18709
1981-01-19,81.877106
1981-01-20,79.61393
1981-01-21,77.31059
1981-01-22,75.01048
1981-01-23,72.446075
1981-01-24,68.550835
1981-01-25,63.424065
1981-01-26,59.975468
1981-01-27,57.172783
1981-01-28,53.5055
1981-01-29,49.582016
1981-01-30,46.174843
1981-01-31,43.479885
1981-02-01,38.980835
1981-02-02,34.085693
1981-02-03,32.40998
1981-02-04,32.75488
1981-02-05,32.541603
1981-02-06,30.016531
1981-02-07,26.982897
1981-02-08,40.928986
1981-02-09,54.174946
1981-02-10,75.056946
1981-02-11,99.42025
1981-02-12,86.33995
1981-02-13,59.09089
1981-02-14,30.251627
1981-02-15,20.217392
1981-02-16,16.489382
1981-02-17,29.201181
1981-02-18,80.38005
1981-02-19,114.93345
1981-02-20,150.51456
1981-02-21,163.91045
1981-02-22,203.76324
1981-02-23,224.59106
1981-02-24,184.49513
1981-02-25,182.33215
1981-02-26,229.99973
1981-02-27,269.00055
1981-02-28,342.6627
1981-03-01,419.81992
1981-03-02,497.92697
1981-03-03,553.4777
1981-03-04,560.05524
1981-03-05,453.29373
1981-03-06,520.837
1981-03-07,611.7257
1981-03-08,450.47702
1981-03-09,278.01828
1981-03-10,258.18283
1981-03-11,325.30597
1981-03-12,490.98486
1981-03-13,630.6148
1981-03-14,445.2392
1981-03-15,278.75076
1981-03-16,217.06241
1981-03-17,179.21912
1981-03-18,159.30293
1981-03-19,146.23575
1981-03-20,135.68022
1981-03-21,126.94796
1981-03-22,119.43195
1981-03-23,112.82018
1981-03-24,107.02804
1981-03-25,100.879
1981-03-26,94.79327
1981-03-27,90.7844
1981-03-28,88.46964
1981-03-29,84.05244
1981-03-30,79.3964
1981-03-31,75.68455
1981-04-01,72.66787
1981-04-02,70.9594
1981-04-03,74.363525
1981-04-04,98.468285
1981-04-05,138.30142
1981-04-06,173.09805
1981-04-07,205.16685
1981-04-08,219.27751
1981-04-09,210.24504
1981-04-10,258.85245
1981-04-11,380.4061
1981-04-12,332.9249
1981-04-13,238.38596
1981-04-14,235.93484
1981-04-15,309.07593
1981-04-16,373.78427
1981-04-17,319.4157
1981-04-18,341.90674
1981-04-19,450.26328
1981-04-20,547.0099
1981-04-21,518.296
1981-04-22,420.5748
1981-04-23,341.19626
1981-04-24,366.9125
1981-04-25,509.1902
1981-04-26,724.6731
1981-04-27,786.688
1981-04-28,716.1392
1981-04-29,786.4092
1981-04-30,815.8883
1981-05-01,705.9905
1981-05-02,610.21716
1981-05-03,663.4241
1981-05-04,641.92957
1981-05-05,650.4606
1981-05-06,692.72504
1981-05-07,668.5895
1981-05-08,723.28613
1981-05-09,829.5959
1981-05-10,892.607
1981-05-11,830.327
1981-05-12,763.4577
1981-05-13,798.8488
1981-05-14,878.55084
1981-05-15,919.9664
1981-05-16,937.6176
1981-05-17,1047.9286
1981-05-18,1165.5529
1981-05-19,1162.6819
1981-05-20,1243.9795
1981-05-21,1346.1213
1981-05-22,1471.0674
1981-05-23,1497.7212
1981-05-24,1464.3767
1981-05-25,1482.194
1981-05-26,1524.9056
1981-05-27,1661.3995
1981-05-28,2208.5227
1981-05-29,2460.4048
1981-05-30,2131.0806
1981-05-31,2004.8188
1981-06-01,2015.0238
1981-06-02,1974.0837
1981-06-03,1754.5128
1981-06-04,1517.0558
1981-06-05,1395.2904
1981-06-06,1296.8328
1981-06-07,1242.4756
1981-06-08,1246.7932
1981-06-09,1267.9647
1981-06-10,1354.6205
1981-06-11,3129.7266
1981-06-12,6782.5205
1981-06-13,8177.3047
1981-06-14,6400.281
1981-06-15,4829.899
1981-06-16,3946.0378
1981-06-17,2905.433
1981-06-18,2302.381
1981-06-19,2126.4783
1981-06-20,2190.7668
1981-06-21,2232.9365
1981-06-22,1969.8508
1981-06-23,1915.5281
1981-06-24,1950.5903
1981-06-25,1697.4502
1981-06-26,1556.9486
1981-06-27,1460.6707
1981-06-28,1412.6802
1981-06-29,1502.3176
1981-06-30,1718.0858
1981-07-01,1811.8016
1981-07-02,1527.515
1981-07-03,1258.3896
1981-07-04,1223.4285
1981-07-05,1410.0432
1981-07-06,1501.7999
1981-07-07,1538.7007
1981-07-08,1540.7952
1981-07-09,1414.5822
1981-07-10,1356.5848
1981-07-11,1396.2903
1981-07-12,1481.4744
1981-07-13,1431.4011
1981-07-14,1446.4044
1981-07-15,1439.3414
1981-07-16,1301.4143
1981-07-17,1200.7908
1981-07-18,1188.2268
1981-07-19,1252.9391
1981-07-20,1245.6971
1981-07-21,1218.3811
1981-07-22,1261.3787
1981-07-23,1204.4479
1981-07-24,1046.366
1981-07-25,968.8264
1981-07-26,925.66516
1981-07-27,885.6216
1981-07-28,843.2446
1981-07-29,800.31323
1981-07-30,760.30536
1981-07-31,726.43097
1981-08-01,723.562
1981-08-02,724.1955
1981-08-03,703.5109
1981-08-04,705.0225
1981-08-05,688.2379
1981-08-06,694.3078
1981-08-07,721.2245
1981-08-08,694.3609
1981-08-09,721.54675
1981-08-10,794.7823
1981-08-11,852.97345
1981-08-12,821.83057
1981-08-13,713.6056
1981-08-14,730.04315
1981-08-15,679.2312
1981-08-16,568.32623
1981-08-17,520.3845
1981-08-18,529.1721
1981-08-19,598.3046
1981-08-20,668.7792
1981-08-21,684.25
1981-08-22,671.0359
1981-08-23,561.48206
1981-08-24,468.66336
1981-08-25,482.3604
1981-08-26,574.036
1981-08-27,561.74097
1981-08-28,560.9701
1981-08-29,600.02313
1981-08-30,602.4501
1981-08-31,582.16223
1981-09-01,554.3217
1981-09-02,616.3419
1981-09-03,803.63696
1981-09-04,845.12103
1981-09-05,741.1376
1981-09-06,741.583
1981-09-07,742.51276
1981-09-08,698.4879
1981-09-09,720.90717
1981-09-10,744.428
1981-09-11,770.5682
1981-09-12,812.894
1981-09-13,875.322
1981-09-14,779.67224
1981-09-15,654.0216
1981-09-16,629.345
1981-09-17,754.67584
1981-09-18,818.93097
1981-09-19,761.95795
1981-09-20,753.6193
1981-09-21,853.00745
1981-09-22,911.6338
1981-09-23,964.1802
1981-09-24,949.9732
1981-09-25,943.4491
1981-09-26,1006.2654
1981-09-27,952.6894
1981-09-28,869.10535
1981-09-29,888.7848
1981-09-30,871.2291
1981-10-01,868.124
1981-10-02,957.50543
1981-10-03,953.22015
1981-10-04,869.6689
1981-10-05,876.8206
1981-10-06,846.8117
1981-10-07,747.97943
1981-10-08,650.5126
1981-10-09,608.3649
1981-10-10,673.9347
1981-10-11,815.4943
1981-10-12,809.3831
1981-10-13,741.845
1981-10-14,639.4313
1981-10-15,614.81586
1981-10-16,613.3086
1981-10-17,601.7242
1981-10-18,626.7551
1981-10-19,710.6405
1981-10-20,699.4858
1981-10-21,583.5147
1981-10-22,517.6708
1981-10-23,496.89468
1981-10-24,494.91782
1981-10-25,562.3939
1981-10-26,683.41785
1981-10-27,696.38403
1981-10-28,646.4283
1981-10-29,589.742
1981-10-30,541.9652
1981-10-31,480.32996
1981-11-01,488.22055
1981-11-02,505.70895
1981-11-03,483.32553
1981-11-04,439.27786
1981-11-05,404.13437
1981-11-06,440.0289
1981-11-07,490.31195
1981-11-08,514.3739
1981-11-09,468.45142
1981-11-10,391.05566
1981-11-11,397.17633
1981-11-12,403.4747
1981-11-13,345.58762
1981-11-14,314.77847
1981-11-15,311.78928
1981-11-16,326.184
1981-11-17,337.20624
1981-11-18,365.52124
1981-11-19,377.0098
1981-11-20,317.86066
1981-11-21,275.75253
1981-11-22,255.2736
1981-11-23,252.99281
1981-11-24,257.6712
1981-11-25,266.63635
1981-11-26,343.10623
1981-11-27,411.73233
1981-11-28,408.13904
1981-11-29,357.07788
1981-11-30,344.38803
1981-12-01,389.02902
1981-12-02,368.9822
1981-12-03,316.85297
1981-12-04,306.94406
1981-12-05,312.7398
1981-12-06,383.76627
1981-12-07,416.92407
1981-12-08,326.16077
1981-12-09,352.0962
1981-12-10,414.5736
1981-12-11,400.5002
1981-12-12,373.75055
1981-12-13,363.69327
1981-12-14,350.43896
1981-12-15,346.12698
1981-12-16,361.26144
1981-12-17,362.25742
1981-12-18,367.71835
1981-12-19,343.96225
1981-12-20,289.98492
1981-12-21,262.60965
1981-12-22,251.37369
1981-12-23,236.46034
1981-12-24,228.88399
1981-12-25,220.38187
1981-12-26,227.26189
1981-12-27,246.70985
1981-12-28,247.43106
1981-12-29,227.89731
1981-12-30,217.87723
1981-12-31,222.45853
1982-01-01,228.01662
1982-01-02,207.72281
1982-01-03,202.65094
1982-01-04,210.50499
1982-01-05,262.32495
1982-01-06,292.67953
1982-01-07,287.29263
1982-01-08,236.48479
1982-01-09,207.44785
1982-01-10,202.16525
1982-01-11,184.59692
1982-01-12,166.7595
1982-01-13,162.74278
1982-01-14,188.55988
1982-01-15,206.72227
1982-01-16,185.4584
1982-01-17,167.97154
1982-01-18,155.72813
1982-01-19,146.3634
1982-01-20,136.92343
1982-01-21,130.90958
1982-01-22,126.69403
1982-01-23,123.0376
1982-01-24,119.4114
1982-01-25,115.75813
1982-01-26,112.290726
1982-01-27,108.97457
1982-01-28,105.577156
1982-01-29,103.03103
1982-01-30,101.93254
1982-01-31,115.420906
1982-02-01,124.87553
1982-02-02,111.54419
1982-02-03,110.17097
1982-02-04,110.60968
1982-02-05,120.76493
1982-02-06,132.71886
1982-02-07,155.40646
1982-02-08,227.80458
1982-02-09,327.09692
1982-02-10,329.4303
1982-02-11,281.0497
1982-02-12,277.7469
1982-02-13,324.11752
1982-02-14,353.10568
1982-02-15,270.6603
1982-02-16,199.47845
1982-02-17,151.49379
1982-02-18,108.98585
1982-02-19,100.02287
1982-02-20,110.36693
1982-02-21,118.95288
1982-02-22,146.2223
1982-02-23,166.42682
1982-02-24,190.50383
1982-02-25,232.20538
1982-02-26,237.85852
1982-02-27,260.50787
1982-02-28,229.88576
1982-03-01,189.31387
1982-03-02,260.7672
1982-03-03,315.9595
1982-03-04,234.49597
1982-03-05,169.06377
1982-03-06,175.95555
1982-03-07,191.65944
1982-03-08,200.80608
1982-03-09,165.54774
1982-03-10,122.86263
1982-03-11,108.79756
1982-03-12,102.25712
1982-03-13,102.54671
1982-03-14,113.08966
1982-03-15,165.39224
1982-03-16,188.19049
1982-03-17,157.35277
1982-03-18,195.019
1982-03-19,240.51318
1982-03-20,296.31403
1982-03-21,284.1219
1982-03-22,265.41168
1982-03-23,348.24283
1982-03-24,339.39764
1982-03-25,340.13446
1982-03-26,425.50577
1982-03-27,473.82303
1982-03-28,504.41904
1982-03-29,455.60226
1982-03-30,466.00214
1982-03-31,657.5446
1982-04-01,838.11646
1982-04-02,856.95856
1982-04-03,845.4858
1982-04-04,926.2703
1982-04-05,1165.896
1982-04-06,1181.5994
1982-04-07,1009.4923
1982-04-08,966.2713
1982-04-09,967.017
1982-04-10,1077.2467
1982-04-11,1189.5477
1982-04-12,1360.8561
1982-04-13,1645.1941
1982-04-14,1882.9634
1982-04-15,1834.8702
1982-04-16,1462.1866
1982-04-17,1257.4227
1982-04-18,1169.4961
1982-04-19,1142.1478
1982-04-20,1187.0261
1982-04-21,1177.0404
1982-04-22,1105.4438
1982-04-23,1102.7031
1982-04-24,1127.7365
1982-04-25,1136.2826
1982-04-26,1152.7765
1982-04-27,1131.7614
1982-04-28,1119.3807
1982-04-29,1168.3092
1982-04-30,1207.1881
1982-05-01,1155.1621
1982-05-02,1230.0825
1982-05-03,1121.6493
1982-05-04,1039.228
1982-05-05,995.4154
1982-05-06,940.6544
1982-05-07,876.28235
1982-05-08,842.3929
1982-05-09,873.3884
1982-05-10,968.20337
1982-05-11,1033.366
1982-05-12,960.3233
1982-05-13,903.92126
1982-05-14,1007.1747
1982-05-15,1039.2606
1982-05-16,998.8515
1982-05-17,986.36163
1982-05-18,1037.6757
1982-05-19,1069.0413
1982-05-20,1065.7406
1982-05-21,1055.1659
1982-05-22,1168.7126
1982-05-23,1279.1876
1982-05-24,1305.3342
1982-05-25,1215.1765
1982-05-26,1118.4968
1982-05-27,1131.9641
1982-05-28,1173.1027
1982-05-29,1255.8168
1982-05-30,1360.3308
1982-05-31,1464.61
1982-06-01,1408.0133
1982-06-02,1297.0563
1982-06-03,1213.1741
1982-06-04,1124.8739
1982-06-05,1078.5712
1982-06-06,1087.2238
1982-06-07,1095.6262
1982-06-08,1113.6274
1982-06-09,1092.2765
1982-06-10,991.0003
1982-06-11,967.1755
1982-06-12,941.2529
1982-06-13,962.21313
1982-06-14,1009.40204
1982-06-15,1005.7245
1982-06-16,1028.533
1982-06-17,1034.5093
1982-06-18,1104.4965
1982-06-19,1130.7996
1982-06-20,1173.0723
1982-06-21,1401.1306
1982-06-22,1728.3029
1982-06-23,1486.9601
1982-06-24,1315.2166
1982-06-25,1431.8635
1982-06-26,1528.7985
1982-06-27,1476.7847
1982-06-28,1358.9827
1982-06-29,1280.3373
1982-06-30,1217.8022
1982-07-01,1210.6199
1982-07-02,1269.7148
1982-07-03,1267.3678
1982-07-04,1294.6918
1982-07-05,1312.8026
1982-07-06,1244.322
1982-07-07,1256.343
1982-07-08,1361.8743
1982-07-09,1516.6941
1982-07-10,1449.3424
1982-07-11,1359.0487
1982-07-12,1287.797
1982-07-13,1313.4135
1982-07-14,1462.118
1982-07-15,1441.011
1982-07-16,1369.0215
1982-07-17,1323.4948
1982-07-18,1205.9308
1982-07-19,1121.3641
1982-07-20,1235.7251
1982-07-21,1301.3889
1982-07-22,1264.4249
1982-07-23,1231.2777
1982-07-24,1213.0164
1982-07-25,1152.2096
1982-07-26,1131.9391
1982-07-27,1106.4586
1982-07-28,1009.3885
1982-07-29,993.84827
1982-07-30,1057.6649
1982-07-31,1189.601
1982-08-01,1384.9482
1982-08-02,1477.5153
1982-08-03,1497.1268
1982-08-04,1339.6473
1982-08-05,1212.1344
1982-08-06,1161.3573
1982-08-07,1155.8378
1982-08-08,1123.0863
1982-08-09,1058.3684
1982-08-10,1037.022
1982-08-11,1033.0634
1982-08-12,1106.0612
1982-08-13,1188.2095
1982-08-14,1147.4672
1982-08-15,987.24994
1982-08-16,932.38245
1982-08-17,936.82825
1982-08-18,919.7996
1982-08-19,917.7878
1982-08-20,878.03046
1982-08-21,854.53076
1982-08-22,815.8263
1982-08-23,816.9449
1982-08-24,791.2693
1982-08-25,788.1019
1982-08-26,796.9848
1982-08-27,808.4542
1982-08-28,787.9459
1982-08-29,908.804
1982-08-30,992.3049
1982-08-31,873.16595
1982-09-01,799.5021
1982-09-02,789.1193
1982-09-03,777.74994
1982-09-04,765.37024
1982-09-05,779.12866
1982-09-06,730.86115
1982-09-07,679.66614
1982-09-08,693.6556
1982-09-09,718.09875
1982-09-10,740.3818
1982-09-11,709.7684
1982-09-12,692.4301
1982-09-13,728.76196
1982-09-14,711.63806
1982-09-15,624.05975
1982-09-16,565.7799
1982-09-17,549.40454
1982-09-18,536.28796
1982-09-19,515.73376
1982-09-20,517.98346
1982-09-21,548.68317
1982-09-22,658.9738
1982-09-23,723.9754
1982-09-24,768.5457
1982-09-25,744.65063
1982-09-26,687.0607
1982-09-27,650.9221
1982-09-28,589.2232
1982-09-29,576.15155
1982-09-30,596.0046
1982-10-01,732.7564
1982-10-02,801.91864
1982-10-03,707.6959
1982-10-04,619.8069
1982-10-05,581.3544
1982-10-06,564.24854
1982-10-07,549.77423
1982-10-08,547.2515
1982-10-09,539.0478
1982-10-10,529.40283
1982-10-11,562.3333
1982-10-12,609.0951
1982-10-13,572.5193
1982-10-14,524.1505
1982-10-15,555.11346
1982-10-16,638.8679
1982-10-17,663.9745
1982-10-18,619.46533
1982-10-19,649.49304
1982-10-20,646.1516
1982-10-21,621.7676
1982-10-22,627.3342
1982-10-23,583.5121
1982-10-24,488.49307
1982-10-25,456.22302
1982-10-26,479.60577
1982-10-27,566.9762
1982-10-28,710.05945
1982-10-29,731.5643
1982-10-30,597.462
1982-10-31,639.8788
1982-11-01,714.9075
1982-11-02,821.84143
1982-11-03,779.7742
1982-11-04,625.17456
1982-11-05,522.7628
1982-11-06,500.79196
1982-11-07,504.38623
1982-11-08,483.42612
1982-11-09,490.19678
1982-11-10,523.8457
1982-11-11,513.5187
1982-11-12,472.67435
1982-11-13,487.49072
1982-11-14,513.469
1982-11-15,519.3464
1982-11-16,485.5046
1982-11-17,494.71378
1982-11-18,559.2883
1982-11-19,657.73724
1982-11-20,694.8105
1982-11-21,745.345
1982-11-22,666.54517
1982-11-23,601.22284
1982-11-24,651.5468
1982-11-25,672.2267
1982-11-26,640.68207
1982-11-27,634.19617
1982-11-28,621.4086
1982-11-29,589.68115
1982-11-30,543.7495
1982-12-01,523.5966
1982-12-02,547.4631
1982-12-03,572.1609
1982-12-04,572.529
1982-12-05,598.0565
1982-12-06,574.86505
1982-12-07,543.4856
1982-12-08,535.4618
1982-12-09,487.31216
1982-12-10,482.03625
1982-12-11,533.75854
1982-12-12,581.642
1982-12-13,582.54553
1982-12-14,541.5394
1982-12-15,527.10034
1982-12-16,576.1132
1982-12-17,561.1216
1982-12-18,514.93463
1982-12-19,492.93964
1982-12-20,460.8787
1982-12-21,449.23642
1982-12-22,439.43762
1982-12-23,441.36182
1982-12-24,454.8934
1982-12-25,421.77756
1982-12-26,394.02643
1982-12-27,373.9009
1982-12-28,358.0855
1982-12-29,345.5738
1982-12-30,334.73026
1982-12-31,322.8397
1983-01-01,318.01038
1983-01-02,318.19052
1983-01-03,315.73566
1983-01-04,312.90152
1983-01-05,321.08472
1983-01-06,359.17307
1983-01-07,442.75296
1983-01-08,510.56665
1983-01-09,506.21912
1983-01-10,478.68787
1983-01-11,448.26852
1983-01-12,422.382
1983-01-13,383.31183
1983-01-14,351.5394
1983-01-15,308.0855
1983-01-16,269.79065
1983-01-17,245.84438
1983-01-18,236.69945
1983-01-19,232.66977
1983-01-20,236.53189
1983-01-21,243.50995
1983-01-22,244.46083
1983-01-23,230.6475
1983-01-24,215.79662
1983-01-25,205.37167
1983-01-26,197.7209
1983-01-27,191.13861
1983-01-28,185.206
1983-01-29,179.25508
1983-01-30,173.27583
1983-01-31,167.43521
1983-02-01,161.7313
1983-02-02,156.17305
1983-02-03,150.76909
1983-02-04,145.74059
1983-02-05,141.28017
1983-02-06,136.88452
1983-02-07,132.55632
1983-02-08,128.20702
1983-02-09,123.67478
1983-02-10,119.34519
1983-02-11,115.14474
1983-02-12,110.96411
1983-02-13,106.91477
1983-02-14,103.007515
1983-02-15,99.302765
1983-02-16,95.89187
1983-02-17,92.594315
1983-02-18,92.6485
1983-02-19,114.7363
1983-02-20,144.21028
1983-02-21,138.42848
1983-02-22,140.26814
1983-02-23,172.25323
1983-02-24,217.77989
1983-02-25,293.4255
1983-02-26,395.5204
1983-02-27,383.29367
1983-02-28,292.43982
1983-03-01,321.1137
1983-03-02,327.77206
1983-03-03,277.8177
1983-03-04,202.5726
1983-03-05,131.83595
1983-03-06,95.51215
1983-03-07,81.52058
1983-03-08,72.96925
1983-03-09,69.41707
1983-03-10,67.26905
1983-03-11,66.878654
1983-03-12,72.36371
1983-03-13,79.680466
1983-03-14,119.45145
1983-03-15,186.36696
1983-03-16,268.9609
1983-03-17,281.63058
1983-03-18,190.9377
1983-03-19,141.58463
1983-03-20,89.91482
1983-03-21,74.62111
1983-03-22,125.70099
1983-03-23,174.56868
1983-03-24,198.55098
1983-03-25,294.5265
1983-03-26,390.8289
1983-03-27,310.85992
1983-03-28,193.00922
1983-03-29,144.51932
1983-03-30,114.709785
1983-03-31,97.96491
1983-04-01,87.23044
1983-04-02,80.34914
1983-04-03,93.006165
1983-04-04,139.72552
1983-04-05,195.37674
1983-04-06,198.09615
1983-04-07,165.32082
1983-04-08,244.8344
1983-04-09,416.40692
1983-04-10,576.92365
1983-04-11,707.20825
1983-04-12,747.903
1983-04-13,646.06476
1983-04-14,483.6379
1983-04-15,371.8463
1983-04-16,512.38477
1983-04-17,757.4481
1983-04-18,889.8949
1983-04-19,888.4964
1983-04-20,706.3652
1983-04-21,606.2245
1983-04-22,628.81683
1983-04-23,779.2575
1983-04-24,890.5397
1983-04-25,745.8651
1983-04-26,673.3075
1983-04-27,692.63135
1983-04-28,747.31104
1983-04-29,810.6939
1983-04-30,915.2643
1983-05-01,861.51514
1983-05-02,824.1731
1983-05-03,988.1365
1983-05-04,1147.7373
1983-05-05,1108.7523
1983-05-06,1031.4774
1983-05-07,1018.6491
1983-05-08,1112.0541
1983-05-09,1287.445
1983-05-10,1247.9972
1983-05-11,1166.4747
1983-05-12,1121.093
1983-05-13,1176.4282
1983-05-14,1167.574
1983-05-15,1148.0112
1983-05-16,1219.4543
1983-05-17,1251.8213
1983-05-18,1047.8727
1983-05-19,912.04376
1983-05-20,887.86554
1983-05-21,950.64764
1983-05-22,979.0646
1983-05-23,1008.18066
1983-05-24,958.71387
1983-05-25,855.4664
1983-05-26,868.3208
1983-05-27,907.9141
1983-05-28,950.1495
1983-05-29,997.6279
1983-05-30,1060.783
1983-05-31,990.62585
1983-06-01,865.88776
1983-06-02,829.1499
1983-06-03,824.3932
1983-06-04,859.01654
1983-06-05,881.8325
1983-06-06,880.739
1983-06-07,912.0562
1983-06-08,845.989
1983-06-09,888.40546
1983-06-10,918.2811
1983-06-11,865.1965
1983-06-12,832.3008
1983-06-13,854.05475
1983-06-14,960.50366
1983-06-15,1042.8105
1983-06-16,1115.9568
1983-06-17,1244.1731
1983-06-18,1155.9102
1983-06-19,1102.2893
1983-06-20,1153.3527
1983-06-21,1072.0089
1983-06-22,1074.4468
1983-06-23,1117.7899
1983-06-24,1083.4294
1983-06-25,1017.5192
1983-06-26,1025.3268
1983-06-27,1076.8757
1983-06-28,1100.3973
1983-06-29,1277.4326
1983-06-30,1365.469
1983-07-01,1426.2343
1983-07-02,1425.897
1983-07-03,1312.4801
1983-07-04,1133.3007
1983-07-05,1008.8635
1983-07-06,947.68036
1983-07-07,933.9039
1983-07-08,907.003
1983-07-09,877.7202
1983-07-10,933.3423
1983-07-11,955.6585
1983-07-12,911.25244
1983-07-13,810.7734
1983-07-14,753.70404
1983-07-15,767.3084
1983-07-16,755.046
1983-07-17,697.9928
1983-07-18,738.5915
1983-07-19,818.5431
1983-07-20,834.33246
1983-07-21,777.91064
1983-07-22,728.1401
1983-07-23,722.3452
1983-07-24,720.6306
1983-07-25,738.41724
1983-07-26,733.8667
1983-07-27,755.73755
1983-07-28,721.5024
1983-07-29,679.19446
1983-07-30,683.1811
1983-07-31,770.71185
1983-08-01,920.85284
1983-08-02,1042.4714
1983-08-03,1065.3905
1983-08-04,1056.2539
1983-08-05,1038.7349
1983-08-06,997.4736
1983-08-07,997.56104
1983-08-08,1047.5565
1983-08-09,1118.79
1983-08-10,1036.174
1983-08-11,955.6678
1983-08-12,952.57733
1983-08-13,958.9575
1983-08-14,925.8861
1983-08-15,848.2784
1983-08-16,847.53796
1983-08-17,882.18976
1983-08-18,893.7977
1983-08-19,889.01355
1983-08-20,847.7468
1983-08-21,791.9588
1983-08-22,765.8949
1983-08-23,739.349
1983-08-24,688.54626
1983-08-25,667.49426
1983-08-26,779.891
1983-08-27,969.30786
1983-08-28,902.6697
1983-08-29,778.1436
1983-08-30,770.9451
1983-08-31,848.8558
1983-09-01,873.61676
1983-09-02,795.4761
1983-09-03,753.59106
1983-09-04,740.7243
1983-09-05,754.7371
1983-09-06,795.14575
1983-09-07,869.8523
1983-09-08,824.6672
1983-09-09,740.18994
1983-09-10,746.4428
1983-09-11,819.10333
1983-09-12,873.8501
1983-09-13,784.42584
1983-09-14,780.17126
1983-09-15,839.8589
1983-09-16,831.1732
1983-09-17,800.3123
1983-09-18,833.4492
1983-09-19,791.069
1983-09-20,745.9366
1983-09-21,739.7091
1983-09-22,784.2769
1983-09-23,735.6792
1983-09-24,680.3666
1983-09-25,629.87067
1983-09-26,585.84625
1983-09-27,604.8841
1983-09-28,601.3372
1983-09-29,592.31854
1983-09-30,668.14325
1983-10-01,654.047
1983-10-02,591.1393
1983-10-03,661.4689
1983-10-04,670.7483
1983-10-05,638.8376
1983-10-06,612.8327
1983-10-07,657.7854
1983-10-08,658.3917
1983-10-09,718.8298
1983-10-10,821.72986
1983-10-11,774.8583
1983-10-12,662.78253
1983-10-13,605.73
1983-10-14,671.1927
1983-10-15,739.6315
1983-10-16,702.73444
1983-10-17,663.8378
1983-10-18,568.8761
1983-10-19,523.1026
1983-10-20,520.0303
1983-10-21,579.1088
1983-10-22,696.4373
1983-10-23,766.36
1983-10-24,727.0553
1983-10-25,638.7351
1983-10-26,578.7301
1983-10-27,602.60474
1983-10-28,641.54376
1983-10-29,632.4708
1983-10-30,619.1908
1983-10-31,621.57825
1983-11-01,627.5776
1983-11-02,595.59216
1983-11-03,608.8181
1983-11-04,819.5679
1983-11-05,899.72076
1983-11-06,797.56104
1983-11-07,791.13196
1983-11-08,754.1993
1983-11-09,696.2661
1983-11-10,653.7008
1983-11-11,644.04224
1983-11-12,608.4915
1983-11-13,582.59955
1983-11-14,560.7856
1983-11-15,535.7767
1983-11-16,516.8764
1983-11-17,510.33054
1983-11-18,521.9302
1983-11-19,524.6246
1983-11-20,545.1862
1983-11-21,555.84015
1983-11-22,572.8577
1983-11-23,554.34094
1983-11-24,536.53406
1983-11-25,566.1965
1983-11-26,591.93024
1983-11-27,613.1204
1983-11-28,680.9556
1983-11-29,759.8663
1983-11-30,686.002
1983-12-01,625.10095
1983-12-02,591.992
1983-12-03,537.30164
1983-12-04,516.18585
1983-12-05,554.6166
1983-12-06,689.2046
1983-12-07,684.5044
1983-12-08,526.3419
1983-12-09,453.9241
1983-12-10,423.9247
1983-12-11,435.82785
1983-12-12,508.2668
1983-12-13,544.0996
1983-12-14,582.79126
1983-12-15,563.8531
1983-12-16,514.1427
1983-12-17,507.81305
1983-12-18,544.46246
1983-12-19,533.59863
1983-12-20,500.44595
1983-12-21,489.14865
1983-12-22,557.49225
1983-12-23,621.3575
1983-12-24,573.41565
1983-12-25,564.5857
1983-12-26,603.4001
1983-12-27,741.55383
1983-12-28,797.6611
1983-12-29,790.6917
1983-12-30,752.0286
1983-12-31,703.508
1984-01-01,621.61
1984-01-02,550.8672
1984-01-03,513.34735
1984-01-04,487.70447
1984-01-05,466.4742
1984-01-06,446.0918
1984-01-07,426.1915
1984-01-08,407.3149
1984-01-09,391.7971
1984-01-10,385.84338
1984-01-11,377.03824
1984-01-12,349.38248
1984-01-13,330.75006
1984-01-14,314.5535
1984-01-15,299.06348
1984-01-16,285.7518
1984-01-17,277.97327
1984-01-18,278.1872
1984-01-19,287.83008
1984-01-20,302.33182
1984-01-21,293.95132
1984-01-22,295.77148
1984-01-23,277.44177
1984-01-24,243.1486
1984-01-25,226.41318
1984-01-26,211.91133
1984-01-27,199.76054
1984-01-28,191.60797
1984-01-29,184.83868
1984-01-30,178.32117
1984-01-31,173.12761
1984-02-01,167.9729
1984-02-02,168.7673
1984-02-03,185.90288
1984-02-04,264.31683
1984-02-05,362.25894
1984-02-06,405.1792
1984-02-07,390.38303
1984-02-08,362.4031
1984-02-09,418.9793
1984-02-10,439.93097
1984-02-11,395.5374
1984-02-12,411.15717
1984-02-13,444.25217
1984-02-14,425.58508
1984-02-15,556.90424
1984-02-16,616.393
1984-02-17,525.0758
1984-02-18,453.21704
1984-02-19,401.99545
1984-02-20,405.57657
1984-02-21,444.96564
1984-02-22,483.44125
1984-02-23,569.0878
1984-02-24,638.72955
1984-02-25,774.7068
1984-02-26,1029.3619
1984-02-27,1131.9011
1984-02-28,1033.3169
1984-02-29,921.0868
1984-03-01,905.34265
1984-03-02,968.062
1984-03-03,936.9142
1984-03-04,958.5951
1984-03-05,1011.07513
1984-03-06,1080.2047
1984-03-07,1147.0757
1984-03-08,999.3253
1984-03-09,889.7625
1984-03-10,873.9105
1984-03-11,827.96515
1984-03-12,769.1511
1984-03-13,715.53143
1984-03-14,674.0231
1984-03-15,640.1454
1984-03-16,607.7604
1984-03-17,575.9819
1984-03-18,544.93933
1984-03-19,514.8949
1984-03-20,487.40857
1984-03-21,476.66428
1984-03-22,490.5577
1984-03-23,493.87485
1984-03-24,503.17532
1984-03-25,597.1588
1984-03-26,656.8773
1984-03-27,535.6968
1984-03-28,454.80402
1984-03-29,452.70926
1984-03-30,454.28876
1984-03-31,530.71423
1984-04-01,720.4552
1984-04-02,702.20544
1984-04-03,674.2333
1984-04-04,552.55273
1984-04-05,445.20447
1984-04-06,385.81635
1984-04-07,378.6491
1984-04-08,420.6666
1984-04-09,478.79343
1984-04-10,532.6371
1984-04-11,593.0405
1984-04-12,642.63416
1984-04-13,576.6549
1984-04-14,500.6692
1984-04-15,491.0479
1984-04-16,469.0885
1984-04-17,501.1356
1984-04-18,599.53015
1984-04-19,648.00995
1984-04-20,643.2749
1984-04-21,559.94495
1984-04-22,550.7622
1984-04-23,601.28284
1984-04-24,654.3499
1984-04-25,768.5337
1984-04-26,842.0804
1984-04-27,956.5385
1984-04-28,987.39087
1984-04-29,905.68243
1984-04-30,838.9675
1984-05-01,889.50433
1984-05-02,1052.1495
1984-05-03,1191.5779
1984-05-04,1159.5951
1984-05-05,1194.2454
1984-05-06,1270.4229
1984-05-07,1219.4432
1984-05-08,1241.9677
1984-05-09,1291.3933
1984-05-10,1242.902
1984-05-11,1121.8776
1984-05-12,1109.1218
1984-05-13,1112.8513
1984-05-14,1097.7435
1984-05-15,1038.5372
1984-05-16,977.794
1984-05-17,1034.6465
1984-05-18,1148.8984
1984-05-19,1098.428
1984-05-20,1020.8895
1984-05-21,955.4413
1984-05-22,964.3473
1984-05-23,1040.4194
1984-05-24,1178.9608
1984-05-25,1202.0846
1984-05-26,1125.1716
1984-05-27,1044.1969
1984-05-28,981.12427
1984-05-29,937.1562
1984-05-30,883.6427
1984-05-31,902.9639
1984-06-01,931.8515
1984-06-02,1076.7664
1984-06-03,1190.4056
1984-06-04,1185.8766
1984-06-05,1067.2383
1984-06-06,988.83856
1984-06-07,1014.7977
1984-06-08,1102.7037
1984-06-09,1131.0889
1984-06-10,1110.0632
1984-06-11,1109.5934
1984-06-12,1104.3472
1984-06-13,1150.6737
1984-06-14,1301.0035
1984-06-15,1305.1873
1984-06-16,1268.8346
1984-06-17,1307.1039
1984-06-18,1342.3885
1984-06-19,1446.0548
1984-06-20,1495.3821
1984-06-21,1559.4192
1984-06-22,1685.3778
1984-06-23,1722.2645
1984-06-24,1784.8229
1984-06-25,1843.1332
1984-06-26,1658.1581
1984-06-27,1500.0564
1984-06-28,1378.923
1984-06-29,1273.8518
1984-06-30,1249.2603
1984-07-01,1380.2603
1984-07-02,1580.7351
1984-07-03,1652.157
1984-07-04,1550.0109
1984-07-05,1452.0266
1984-07-06,1358.2552
1984-07-07,1239.3529
1984-07-08,1190.2778
1984-07-09,1171.6285
1984-07-10,1161.4984
1984-07-11,1137.5276
1984-07-12,1032.1539
1984-07-13,985.4204
1984-07-14,1058.6377
1984-07-15,1063.464
1984-07-16,1004.67413
1984-07-17,1105.3158
1984-07-18,1195.2472
1984-07-19,1063.7502
1984-07-20,991.8369
1984-07-21,915.3793
1984-07-22,886.1571
1984-07-23,844.2962
1984-07-24,848.0937
1984-07-25,795.2024
1984-07-26,793.50525
1984-07-27,822.67365
1984-07-28,832.51074
1984-07-29,824.1167
1984-07-30,848.42004
1984-07-31,872.458
1984-08-01,900.5886
1984-08-02,886.64417
1984-08-03,848.2479
1984-08-04,862.69025
1984-08-05,899.2147
1984-08-06,926.60504
1984-08-07,943.08624
1984-08-08,901.78876
1984-08-09,936.4011
1984-08-10,1037.9658
1984-08-11,1097.7487
1984-08-12,1061.6311
1984-08-13,1054.7975
1984-08-14,1086.6903
1984-08-15,1040.0498
1984-08-16,1022.7097
1984-08-17,1126.75
1984-08-18,1271.0543
1984-08-19,1223.0477
1984-08-20,1107.1691
1984-08-21,1044.3695
1984-08-22,1003.7421
1984-08-23,994.2627
1984-08-24,989.81525
1984-08-25,923.12317
1984-08-26,866.0226
1984-08-27,906.4813
1984-08-28,1016.2534
1984-08-29,1030.9747
1984-08-30,889.38715
1984-08-31,785.28345
1984-09-01,757.88605
1984-09-02,738.90027
1984-09-03,727.28436
1984-09-04,735.84796
1984-09-05,745.3389
1984-09-06,766.2907
1984-09-07,722.63135
1984-09-08,671.5864
1984-09-09,687.11255
1984-09-10,699.6349
1984-09-11,642.4031
1984-09-12,627.7323
1984-09-13,623.1114
1984-09-14,672.924
1984-09-15,683.86066
1984-09-16,653.50836
1984-09-17,603.18823
1984-09-18,558.52136
1984-09-19,557.0525
1984-09-20,571.16736
1984-09-21,556.03467
1984-09-22,533.72327
1984-09-23,497.70486
1984-09-24,502.6409
1984-09-25,546.6446
1984-09-26,552.5212
1984-09-27,490.7548
1984-09-28,456.45096
1984-09-29,467.5479
1984-09-30,527.9603
1984-10-01,640.93726
1984-10-02,626.8998
1984-10-03,607.66046
1984-10-04,597.59845
1984-10-05,602.55414
1984-10-06,557.2156
1984-10-07,498.3863
1984-10-08,494.24844
1984-10-09,478.08585
1984-10-10,465.92963
1984-10-11,489.73602
1984-10-12,599.3047
1984-10-13,700.2021
1984-10-14,764.0723
1984-10-15,733.0995
1984-10-16,635.9923
1984-10-17,566.4814
1984-10-18,624.1517
1984-10-19,599.8556
1984-10-20,537.58777
1984-10-21,532.15356
1984-10-22,603.02
1984-10-23,682.30475
1984-10-24,711.19574
1984-10-25,642.2547
1984-10-26,584.5461
1984-10-27,570.9097
1984-10-28,561.4456
1984-10-29,541.7416
1984-10-30,512.6564
1984-10-31,478.75427
1984-11-01,468.73322
1984-11-02,480.75516
1984-11-03,467.70557
1984-11-04,458.53577
1984-11-05,447.7663
1984-11-06,452.5193
1984-11-07,517.32196
1984-11-08,590.8158
1984-11-09,588.23157
1984-11-10,545.2027
1984-11-11,428.47504
1984-11-12,382.43298
1984-11-13,375.73248
1984-11-14,406.74734
1984-11-15,405.66757
1984-11-16,452.97437
1984-11-17,483.10425
1984-11-18,459.69208
1984-11-19,449.62585
1984-11-20,524.97656
1984-11-21,654.22327
1984-11-22,647.15546
1984-11-23,552.50464
1984-11-24,553.29584
1984-11-25,589.8583
1984-11-26,596.85126
1984-11-27,685.91724
1984-11-28,840.77234
1984-11-29,825.0496
1984-11-30,787.6863
1984-12-01,804.44867
1984-12-02,789.64294
1984-12-03,709.5025
1984-12-04,663.5764
1984-12-05,654.01575
1984-12-06,624.5424
1984-12-07,589.1396
1984-12-08,562.4838
1984-12-09,538.27185
1984-12-10,513.87024
1984-12-11,489.07047
1984-12-12,465.04578
1984-12-13,442.94937
1984-12-14,424.87976
1984-12-15,407.7229
1984-12-16,386.50412
1984-12-17,368.7406
1984-12-18,350.53262
1984-12-19,333.51727
1984-12-20,329.15106
1984-12-21,326.86337
1984-12-22,314.22406
1984-12-23,313.7079
1984-12-24,340.066
1984-12-25,325.22437
1984-12-26,303.12854
1984-12-27,294.10205
1984-12-28,327.84497
1984-12-29,360.30817
1984-12-30,337.99048
1984-12-31,279.72083
1985-01-01,231.6694
1985-01-02,219.38132
1985-01-03,205.19054
1985-01-04,193.00949
1985-01-05,185.24048
1985-01-06,178.88531
1985-01-07,172.62114
1985-01-08,166.50179
1985-01-09,160.36517
1985-01-10,154.35443
1985-01-11,148.49355
1985-01-12,142.83458
1985-01-13,137.37968
1985-01-14,132.04103
1985-01-15,126.801285
1985-01-16,121.69886
1985-01-17,116.78492
1985-01-18,112.09181
1985-01-19,107.63509
1985-01-20,103.394585
1985-01-21,99.137085
1985-01-22,94.45527
1985-01-23,89.97461
1985-01-24,86.13431
1985-01-25,82.637146
1985-01-26,79.191895
1985-01-27,75.20889
1985-01-28,71.03527
1985-01-29,67.674164
1985-01-30,64.90637
1985-01-31,62.376915
1985-02-01,60.013752
1985-02-02,57.64231
1985-02-03,54.995014
1985-02-04,51.326557
1985-02-05,45.7614
1985-02-06,37.35244
1985-02-07,28.39035
1985-02-08,23.302483
1985-02-09,30.564941
1985-02-10,80.557755
1985-02-11,118.93583
1985-02-12,101.77219
1985-02-13,108.65986
1985-02-14,93.938995
1985-02-15,61.287125
1985-02-16,38.94349
1985-02-17,23.354053
1985-02-18,13.810744
1985-02-19,13.5309
1985-02-20,25.62667
1985-02-21,29.165155
1985-02-22,15.68106
1985-02-23,24.12111
1985-02-24,52.463997
1985-02-25,51.51231
1985-02-26,29.549274
1985-02-27,14.093887
1985-02-28,9.786056
1985-03-01,26.17628
1985-03-02,37.10902
1985-03-03,66.06399
1985-03-04,143.24078
1985-03-05,180.28946
1985-03-06,213.2482
1985-03-07,242.16298
1985-03-08,298.99652
1985-03-09,385.66614
1985-03-10,317.06442
1985-03-11,171.93352
1985-03-12,74.900215
1985-03-13,92.827644
1985-03-14,107.995346
1985-03-15,77.52375
1985-03-16,65.01574
1985-03-17,57.64786
1985-03-18,37.289375
1985-03-19,34.95781
1985-03-20,41.282772
1985-03-21,57.973835
1985-03-22,78.80941
1985-03-23,106.28308
1985-03-24,82.51954
1985-03-25,39.7955
1985-03-26,25.409594
1985-03-27,30.151447
1985-03-28,105.664024
1985-03-29,181.39812
1985-03-30,186.19337
1985-03-31,337.81906
1985-04-01,550.55756
1985-04-02,550.01434
1985-04-03,435.4062
1985-04-04,428.49036
1985-04-05,417.078
1985-04-06,509.96506
1985-04-07,598.77484
1985-04-08,619.88165
1985-04-09,614.6257
1985-04-10,660.5384
1985-04-11,615.84607
1985-04-12,463.504
1985-04-13,313.74606
1985-04-14,357.05356
1985-04-15,357.42725
1985-04-16,262.9995
1985-04-17,222.14467
1985-04-18,221.33743
1985-04-19,296.44806
1985-04-20,371.68167
1985-04-21,452.93057
1985-04-22,548.55817
1985-04-23,479.42145
1985-04-24,556.918
1985-04-25,666.58746
1985-04-26,688.1433
1985-04-27,682.3602
1985-04-28,690.50275
1985-04-29,663.0852
1985-04-30,832.75696
1985-05-01,953.79956
1985-05-02,857.43353
1985-05-03,792.4473
1985-05-04,875.95013
1985-05-05,941.19183
1985-05-06,904.8614
1985-05-07,782.4474
1985-05-08,746.97925
1985-05-09,857.701
1985-05-10,925.2483
1985-05-11,949.92487
1985-05-12,1008.2543
1985-05-13,1024.0963
1985-05-14,1003.9616
1985-05-15,1094.589
1985-05-16,1252.8956
1985-05-17,1417.7333
1985-05-18,1361.2404
1985-05-19,1273.8893
1985-05-20,1257.0337
1985-05-21,1341.1932
1985-05-22,1416.6971
1985-05-23,1749.4176
1985-05-24,1900.806
1985-05-25,1705.2965
1985-05-26,1685.0859
1985-05-27,1713.3947
1985-05-28,1701.5883
1985-05-29,1627.6718
1985-05-30,1744.4789
1985-05-31,1948.6404
1985-06-01,1973.1611
1985-06-02,1787.6129
1985-06-03,1610.4177
1985-06-04,1575.7056
1985-06-05,1678.3777
1985-06-06,1751.7769
1985-06-07,1859.849
1985-06-08,2141.4946
1985-06-09,2747.003
1985-06-10,4178.871
1985-06-11,5704.165
1985-06-12,4661.539
1985-06-13,3301.1396
1985-06-14,2227.6096
1985-06-15,1729.8156
1985-06-16,1505.4775
1985-06-17,1381.6908
1985-06-18,1292.24
1985-06-19,1322.5476
1985-06-20,1306.7411
1985-06-21,1258.5176
1985-06-22,1184.3878
1985-06-23,1064.2277
1985-06-24,1036.5801
1985-06-25,1049.1268
1985-06-26,1001.50116
1985-06-27,989.9014
1985-06-28,1104.1676
1985-06-29,1283.9529
1985-06-30,1477.2587
1985-07-01,2025.6752
1985-07-02,3032.441
1985-07-03,2939.463
1985-07-04,2271.9324
1985-07-05,1830.0007
1985-07-06,1663.197
1985-07-07,1560.5199
1985-07-08,1561.462
1985-07-09,1549.3389
1985-07-10,1485.2284
1985-07-11,1448.7324
1985-07-12,1467.7035
1985-07-13,1426.4448
1985-07-14,1303.3217
1985-07-15,1175.3441
1985-07-16,1127.0795
1985-07-17,1194.1357
1985-07-18,1244.5065
1985-07-19,1179.0553
1985-07-20,1158.4169
1985-07-21,1236.4966
1985-07-22,1307.5532
1985-07-23,1289.6681
1985-07-24,1170.6134
1985-07-25,1006.8044
1985-07-26,1023.23914
1985-07-27,1088.2
1985-07-28,1050.5718
1985-07-29,976.0839
1985-07-30,1012.5827
1985-07-31,1088.2845
1985-08-01,1107.5916
1985-08-02,1161.7653
1985-08-03,1172.1033
1985-08-04,1094.0145
1985-08-05,1129.286
1985-08-06,1156.1111
1985-08-07,1243.5621
1985-08-08,1144.6982
1985-08-09,1027.2451
1985-08-10,1089.5629
1985-08-11,1135.7008
1985-08-12,1039.678
1985-08-13,984.98486
1985-08-14,974.0037
1985-08-15,946.75494
1985-08-16,928.71265
1985-08-17,913.67773
1985-08-18,937.9369
1985-08-19,997.51263
1985-08-20,953.1135
1985-08-21,878.60547
1985-08-22,853.3948
1985-08-23,887.4688
1985-08-24,838.2067
1985-08-25,740.7987
1985-08-26,720.35956
1985-08-27,812.7497
1985-08-28,875.3415
1985-08-29,811.68567
1985-08-30,810.0253
1985-08-31,860.63666
1985-09-01,799.1211
1985-09-02,706.96173
1985-09-03,667.0966
1985-09-04,642.0342
1985-09-05,699.8785
1985-09-06,792.2561
1985-09-07,842.8733
1985-09-08,782.6847
1985-09-09,719.4959
1985-09-10,659.4482
1985-09-11,645.9807
1985-09-12,729.187
1985-09-13,773.3426
1985-09-14,729.8787
1985-09-15,731.6727
1985-09-16,741.40686
1985-09-17,686.3036
1985-09-18,654.7417
1985-09-19,650.13385
1985-09-20,667.534
1985-09-21,593.7291
1985-09-22,547.87195
1985-09-23,569.4754
1985-09-24,601.3205
1985-09-25,559.20135
1985-09-26,545.0194
1985-09-27,625.9134
1985-09-28,702.1067
1985-09-29,735.6714
1985-09-30,633.0423
1985-10-01,554.74585
1985-10-02,562.1354
1985-10-03,545.7506
1985-10-04,623.4279
1985-10-05,685.8498
1985-10-06,797.322
1985-10-07,867.90497
1985-10-08,896.85443
1985-10-09,1021.5918
1985-10-10,950.1901
1985-10-11,837.6613
1985-10-12,787.4693
1985-10-13,814.4487
1985-10-14,937.7899
1985-10-15,985.0135
1985-10-16,864.1188
1985-10-17,789.36847
1985-10-18,831.5405
1985-10-19,870.5725
1985-10-20,804.5135
1985-10-21,729.11
1985-10-22,707.60767
1985-10-23,724.8775
1985-10-24,767.8818
1985-10-25,751.2613
1985-10-26,689.59595
1985-10-27,595.14075
1985-10-28,532.6
1985-10-29,542.7575
1985-10-30,553.48303
1985-10-31,527.936
1985-11-01,506.3077
1985-11-02,466.3587
1985-11-03,440.054
1985-11-04,420.35602
1985-11-05,395.68973
1985-11-06,385.15198
1985-11-07,411.43423
1985-11-08,461.27887
1985-11-09,487.46463
1985-11-10,514.54877
1985-11-11,460.93082
1985-11-12,388.40466
1985-11-13,356.68973
1985-11-14,337.55447
1985-11-15,332.6918
1985-11-16,365.50424
1985-11-17,441.28253
1985-11-18,483.13113
1985-11-19,466.92764
1985-11-20,423.9627
1985-11-21,387.21216
1985-11-22,350.55084
1985-11-23,378.10995
1985-11-24,372.90817
1985-11-25,383.32455
1985-11-26,415.23572
1985-11-27,372.49194
1985-11-28,301.06085
1985-11-29,275.37418
1985-11-30,288.75427
1985-12-01,329.26086
1985-12-02,306.59787
1985-12-03,273.75525
1985-12-04,253.40886
1985-12-05,254.92625
1985-12-06,282.20892
1985-12-07,303.1424
1985-12-08,316.5028
1985-12-09,324.62662
1985-12-10,286.47626
1985-12-11,275.53317
1985-12-12,250.71375
1985-12-13,228.69467
1985-12-14,216.24385
1985-12-15,217.85654
1985-12-16,205.99313
1985-12-17,191.70119
1985-12-18,185.56595
1985-12-19,180.6924
1985-12-20,175.71474
1985-12-21,171.36118
1985-12-22,167.88504
1985-12-23,163.40549
1985-12-24,158.34052
1985-12-25,153.73988
1985-12-26,149.11455
1985-12-27,144.4435
1985-12-28,139.71892
1985-12-29,135.06525
1985-12-30,130.54507
1985-12-31,126.062805
1986-01-01,121.6454
1986-01-02,117.451096
1986-01-03,113.944725
1986-01-04,112.11754
1986-01-05,111.763695
1986-01-06,113.48123
1986-01-07,107.38375
1986-01-08,99.4709
1986-01-09,95.066505
1986-01-10,91.425766
1986-01-11,87.9625
1986-01-12,84.40132
1986-01-13,81.518425
1986-01-14,79.9325
1986-01-15,89.5374
1986-01-16,95.37039
1986-01-17,101.503654
1986-01-18,101.63552
1986-01-19,79.50769
1986-01-20,68.868515
1986-01-21,63.0825
1986-01-22,58.98793
1986-01-23,59.419884
1986-01-24,72.67864
1986-01-25,85.43816
1986-01-26,115.0041
1986-01-27,130.94199
1986-01-28,140.8022
1986-01-29,172.14119
1986-01-30,227.68845
1986-01-31,229.08408
1986-02-01,163.01953
1986-02-02,91.61898
1986-02-03,61.72963
1986-02-04,40.48115
1986-02-05,26.911736
1986-02-06,22.626755
1986-02-07,20.522936
1986-02-08,17.669384
1986-02-09,15.387312
1986-02-10,14.564504
1986-02-11,15.9141245
1986-02-12,39.94131
1986-02-13,67.186966
1986-02-14,77.470345
1986-02-15,102.83187
1986-02-16,111.49693
1986-02-17,78.57429
1986-02-18,62.742554
1986-02-19,56.447113
1986-02-20,29.625576
1986-02-21,21.389662
1986-02-22,55.593494
1986-02-23,151.03082
1986-02-24,229.10999
1986-02-25,252.3382
1986-02-26,246.38783
1986-02-27,210.29576
1986-02-28,218.5302
1986-03-01,240.19551
1986-03-02,180.65593
1986-03-03,111.982506
1986-03-04,104.30925
1986-03-05,122.62672
1986-03-06,126.90441
1986-03-07,105.15389
1986-03-08,73.64573
1986-03-09,35.240334
1986-03-10,30.425678
1986-03-11,30.061863
1986-03-12,26.358997
1986-03-13,25.497
1986-03-14,50.909874
1986-03-15,147.95949
1986-03-16,202.17075
1986-03-17,156.46265
1986-03-18,174.21027
1986-03-19,300.7833
1986-03-20,325.88235
1986-03-21,299.62866
1986-03-22,385.86087
1986-03-23,434.79816
1986-03-24,343.5908
1986-03-25,212.0006
1986-03-26,229.3414
1986-03-27,372.03314
1986-03-28,450.9913
1986-03-29,519.19086
1986-03-30,534.7222
1986-03-31,499.62283
1986-04-01,574.75165
1986-04-02,636.9365
1986-04-03,612.14655
1986-04-04,579.64044
1986-04-05,380.61386
1986-04-06,325.0745
1986-04-07,349.33838
1986-04-08,394.00174
1986-04-09,474.77643
1986-04-10,635.4691
1986-04-11,756.89044
1986-04-12,736.09973
1986-04-13,651.7021
1986-04-14,642.6386
1986-04-15,746.2877
1986-04-16,806.4803
1986-04-17,914.38184
1986-04-18,1625.3247
1986-04-19,2002.9187
1986-04-20,1702.9902
1986-04-21,1697.6112
1986-04-22,1543.6964
1986-04-23,1443.0315
1986-04-24,1452.6431
1986-04-25,1428.2135
1986-04-26,1446.0219
1986-04-27,1425.8801
1986-04-28,1529.3914
1986-04-29,1565.1741
1986-04-30,1625.3995
1986-05-01,1791.6733
1986-05-02,1774.6798
1986-05-03,1584.654
1986-05-04,1519.8813
1986-05-05,1589.4402
1986-05-06,1524.0059
1986-05-07,1368.7578
1986-05-08,1320.2753
1986-05-09,1340.5731
1986-05-10,1286.4994
1986-05-11,1264.7439
1986-05-12,1199.7803
1986-05-13,1174.6624
1986-05-14,1143.0369
1986-05-15,1040.2207
1986-05-16,1054.4408
1986-05-17,1280.2421
1986-05-18,1530.6014
1986-05-19,1752.0693
1986-05-20,1502.2126
1986-05-21,1311.3192
1986-05-22,1373.0414
1986-05-23,1447.7798
1986-05-24,1591.9413
1986-05-25,1980.1787
1986-05-26,2053.997
1986-05-27,1800.9734
1986-05-28,2282.2349
1986-05-29,3052.716
1986-05-30,2740.4253
1986-05-31,2180.9412
1986-06-01,1835.0973
1986-06-02,1616.2227
1986-06-03,1527.4073
1986-06-04,1502.008
1986-06-05,1415.8215
1986-06-06,1409.8378
1986-06-07,1297.6892
1986-06-08,1204.82
1986-06-09,1197.857
1986-06-10,1162.4247
1986-06-11,1111.4454
1986-06-12,1144.0236
1986-06-13,1058.0214
1986-06-14,1127.8972
1986-06-15,1340.1155
1986-06-16,1404.6774
1986-06-17,1515.7582
1986-06-18,1657.9779
1986-06-19,1721.0253
1986-06-20,2013.3064
1986-06-21,2215.1711
1986-06-22,2058.885
1986-06-23,2049.1335
1986-06-24,2109.6057
1986-06-25,2328.4893
1986-06-26,2950.274
1986-06-27,3376.3677
1986-06-28,3547.3484
1986-06-29,3976.6174
1986-06-30,3224.8582
1986-07-01,2625.518
1986-07-02,2409.8477
1986-07-03,2092.4287
1986-07-04,1959.6271
1986-07-05,2067.6252
1986-07-06,1949.0541
1986-07-07,1923.5692
1986-07-08,1691.7716
1986-07-09,1565.3639
1986-07-10,1581.8821
1986-07-11,1573.845
1986-07-12,1456.718
1986-07-13,1355.5221
1986-07-14,1302.7532
1986-07-15,1297.8323
1986-07-16,1331.2034
1986-07-17,1356.2682
1986-07-18,1321.9785
1986-07-19,1329.665
1986-07-20,1422.6431
1986-07-21,1373.2831
1986-07-22,1263.4385
1986-07-23,1229.7639
1986-07-24,1387.7666
1986-07-25,1497.0015
1986-07-26,1350.5597
1986-07-27,1230.7966
1986-07-28,1124.2423
1986-07-29,1122.7415
1986-07-30,1123.147
1986-07-31,1044.4645
1986-08-01,1062.2683
1986-08-02,1123.987
1986-08-03,1189.3872
1986-08-04,1234.5771
1986-08-05,1254.8087
1986-08-06,1333.1503
1986-08-07,1371.0844
1986-08-08,1182.4325
1986-08-09,1046.7303
1986-08-10,1025.1814
1986-08-11,994.6675
1986-08-12,929.9407
1986-08-13,877.81036
1986-08-14,962.98444
1986-08-15,1081.1959
1986-08-16,1145.4913
1986-08-17,1124.0338
1986-08-18,1127.2251
1986-08-19,1110.2306
1986-08-20,1028.767
1986-08-21,926.4192
1986-08-22,841.3068
1986-08-23,789.53656
1986-08-24,760.79877
1986-08-25,735.9448
1986-08-26,704.8701
1986-08-27,706.56964
1986-08-28,723.7431
1986-08-29,770.418
1986-08-30,788.7394
1986-08-31,787.4018
1986-09-01,840.76
1986-09-02,711.02875
1986-09-03,589.14136
1986-09-04,623.02
1986-09-05,686.24194
1986-09-06,681.9202
1986-09-07,752.2179
1986-09-08,771.729
1986-09-09,693.37274
1986-09-10,749.2526
1986-09-11,749.5035
1986-09-12,684.473
1986-09-13,697.40045
1986-09-14,730.9187
1986-09-15,738.7167
1986-09-16,696.94684
1986-09-17,661.22186
1986-09-18,679.50214
1986-09-19,681.138
1986-09-20,738.6704
1986-09-21,776.3674
1986-09-22,845.0932
1986-09-23,850.31067
1986-09-24,815.42456
1986-09-25,846.1934
1986-09-26,843.2691
1986-09-27,837.202
1986-09-28,782.13043
1986-09-29,812.6477
1986-09-30,917.23535
1986-10-01,967.7538
1986-10-02,992.5283
1986-10-03,966.50464
1986-10-04,941.2598
1986-10-05,978.34033
1986-10-06,1067.5293
1986-10-07,1157.3519
1986-10-08,1153.6305
1986-10-09,1143.1923
1986-10-10,1113.6118
1986-10-11,1046.8892
1986-10-12,974.6144
1986-10-13,958.448
1986-10-14,943.26056
1986-10-15,966.85046
1986-10-16,1024.071
1986-10-17,1167.0872
1986-10-18,1336.5065
1986-10-19,1259.4778
1986-10-20,1011.9856
1986-10-21,891.1088
1986-10-22,919.08356
1986-10-23,953.4169
1986-10-24,1031.2921
1986-10-25,1071.0327
1986-10-26,953.39923
1986-10-27,852.3505
1986-10-28,842.74207
1986-10-29,870.3521
1986-10-30,931.1104
1986-10-31,912.72107
1986-11-01,864.7395
1986-11-02,847.00574
1986-11-03,802.79266
1986-11-04,773.7604
1986-11-05,810.3529
1986-11-06,861.0573
1986-11-07,882.1184
1986-11-08,873.99097
1986-11-09,912.20844
1986-11-10,919.04224
1986-11-11,867.09607
1986-11-12,761.0931
1986-11-13,717.9661
1986-11-14,812.7691
1986-11-15,1514.5076
1986-11-16,2002.9023
1986-11-17,1446.4854
1986-11-18,1067.3302
1986-11-19,978.9873
1986-11-20,939.90674
1986-11-21,899.58185
1986-11-22,846.16956
1986-11-23,844.00525
1986-11-24,787.45447
1986-11-25,698.93964
1986-11-26,652.329
1986-11-27,630.5224
1986-11-28,602.08044
1986-11-29,582.5764
1986-11-30,553.10535
1986-12-01,510.0384
1986-12-02,476.97495
1986-12-03,453.5947
1986-12-04,431.87405
1986-12-05,422.14594
1986-12-06,433.37814
1986-12-07,470.5666
1986-12-08,487.98553
1986-12-09,539.1594
1986-12-10,617.6241
1986-12-11,600.3662
1986-12-12,526.6448
1986-12-13,485.58914
1986-12-14,412.3335
1986-12-15,369.21042
1986-12-16,352.14545
1986-12-17,330.2118
1986-12-18,309.98538
1986-12-19,293.53806
1986-12-20,281.5411
1986-12-21,273.51804
1986-12-22,268.74017
1986-12-23,327.0095
1986-12-24,421.88852
1986-12-25,427.7735
1986-12-26,408.19293
1986-12-27,378.51868
1986-12-28,303.11606
1986-12-29,234.24364
1986-12-30,214.39359
1986-12-31,207.85738
1987-01-01,204.53859
1987-01-02,202.24857
1987-01-03,197.41595
1987-01-04,190.06377
1987-01-05,189.38571
1987-01-06,197.83609
1987-01-07,192.26602
1987-01-08,180.40263
1987-01-09,198.14473
1987-01-10,245.79276
1987-01-11,269.28235
1987-01-12,274.48923
1987-01-13,251.31078
1987-01-14,207.9756
1987-01-15,175.79546
1987-01-16,168.91647
1987-01-17,200.12154
1987-01-18,303.3036
1987-01-19,440.65298
1987-01-20,386.89212
1987-01-21,240.65773
1987-01-22,206.72595
1987-01-23,193.77823
1987-01-24,165.94592
1987-01-25,141.11275
1987-01-26,132.75795
1987-01-27,129.08319
1987-01-28,125.85966
1987-01-29,122.75151
1987-01-30,120.152176
1987-01-31,123.30579
1987-02-01,124.988846
1987-02-02,117.59575
1987-02-03,113.92844
1987-02-04,129.64738
1987-02-05,155.17868
1987-02-06,143.15164
1987-02-07,139.46791
1987-02-08,132.46704
1987-02-09,127.65987
1987-02-10,141.9825
1987-02-11,239.86523
1987-02-12,401.38388
1987-02-13,389.97632
1987-02-14,270.449
1987-02-15,178.89185
1987-02-16,217.67244
1987-02-17,267.97684
1987-02-18,304.70886
1987-02-19,314.11255
1987-02-20,240.69617
1987-02-21,268.55942
1987-02-22,314.58762
1987-02-23,270.0416
1987-02-24,200.55
1987-02-25,196.87178
1987-02-26,212.69835
1987-02-27,288.94904
1987-02-28,310.63074
1987-03-01,368.79623
1987-03-02,445.60556
1987-03-03,594.07446
1987-03-04,633.0245
1987-03-05,546.3531
1987-03-06,377.80716
1987-03-07,296.98267
1987-03-08,264.55026
1987-03-09,245.4633
1987-03-10,231.9108
1987-03-11,220.7337
1987-03-12,210.33784
1987-03-13,201.08214
1987-03-14,197.3691
1987-03-15,207.1899
1987-03-16,235.31305
1987-03-17,308.9655
1987-03-18,348.54868
1987-03-19,312.8165
1987-03-20,322.36487
1987-03-21,273.00574
1987-03-22,212.64108
1987-03-23,268.3661
1987-03-24,361.14008
1987-03-25,344.38022
1987-03-26,363.55997
1987-03-27,342.8921
1987-03-28,273.58847
1987-03-29,182.04868
1987-03-30,157.30913
1987-03-31,170.99568
1987-04-01,187.19286
1987-04-02,191.04556
1987-04-03,234.34923
1987-04-04,286.99283
1987-04-05,356.50012
1987-04-06,538.2658
1987-04-07,598.8
1987-04-08,429.3032
1987-04-09,419.26135
1987-04-10,583.5174
1987-04-11,671.98334
1987-04-12,679.15704
1987-04-13,706.3362
1987-04-14,657.65796
1987-04-15,578.8649
1987-04-16,513.92096
1987-04-17,450.6097
1987-04-18,522.21344
1987-04-19,633.0541
1987-04-20,684.56573
1987-04-21,725.5919
1987-04-22,696.57654
1987-04-23,728.6894
1987-04-24,808.70374
1987-04-25,833.87335
1987-04-26,926.3779
1987-04-27,1037.5114
1987-04-28,1049.0232
1987-04-29,1084.7499
1987-04-30,1078.0862
1987-05-01,1187.256
1987-05-02,1412.8854
1987-05-03,1446.4945
1987-05-04,1469.8099
1987-05-05,1351.4274
1987-05-06,1252.8319
1987-05-07,1306.5072
1987-05-08,1335.938
1987-05-09,1281.6823
1987-05-10,1278.9674
1987-05-11,1387.7238
1987-05-12,1704.7397
1987-05-13,1873.7924
1987-05-14,1912.5874
1987-05-15,1958.2693
1987-05-16,1738.2404
1987-05-17,1492.808
1987-05-18,1352.8635
1987-05-19,1310.6957
1987-05-20,1283.2683
1987-05-21,1204.9597
1987-05-22,1076.9603
1987-05-23,971.0678
1987-05-24,932.3157
1987-05-25,949.7378
1987-05-26,1006.4138
1987-05-27,1034.5852
1987-05-28,945.15125
1987-05-29,902.29987
1987-05-30,858.8814
1987-05-31,820.60016
1987-06-01,839.89905
1987-06-02,929.912
1987-06-03,933.4877
1987-06-04,924.77295
1987-06-05,997.68494
1987-06-06,1036.1632
1987-06-07,1003.8407
1987-06-08,1041.3303
1987-06-09,1127.0465
1987-06-10,1323.2113
1987-06-11,1585.763
1987-06-12,1487.7496
1987-06-13,1352.3474
1987-06-14,1425.0396
1987-06-15,1498.084
1987-06-16,1546.6976
1987-06-17,1585.3411
1987-06-18,1595.364
1987-06-19,1519.2167
1987-06-20,1509.9132
1987-06-21,1512.5455
1987-06-22,1502.9126
1987-06-23,1399.6583
1987-06-24,1305.2832
1987-06-25,1252.7074
1987-06-26,1209.7926
1987-06-27,1182.0693
1987-06-28,1221.6023
1987-06-29,1175.4626
1987-06-30,1053.1399
1987-07-01,1016.0139
1987-07-02,1042.5356
1987-07-03,1072.1656
1987-07-04,1099.3352
1987-07-05,1110.5647
1987-07-06,1101.4508
1987-07-07,1134.2369
1987-07-08,1325.5171
1987-07-09,1469.1904
1987-07-10,1307.7402
1987-07-11,1187.0013
1987-07-12,1269.4142
1987-07-13,1319.2064
1987-07-14,1314.1886
1987-07-15,1351.3875
1987-07-16,1245.2145
1987-07-17,1142.6906
1987-07-18,1202.1122
1987-07-19,1319.5966
1987-07-20,1315.7709
1987-07-21,1199.7334
1987-07-22,1177.9503
1987-07-23,1162.2072
1987-07-24,1030.9723
1987-07-25,939.14246
1987-07-26,936.1169
1987-07-27,898.13074
1987-07-28,852.78265
1987-07-29,883.1727
1987-07-30,943.4817
1987-07-31,917.6788
1987-08-01,905.0424
1987-08-02,959.4189
1987-08-03,1000.3
1987-08-04,975.6564
1987-08-05,961.2507
1987-08-06,877.19336
1987-08-07,805.5478
1987-08-08,871.55035
1987-08-09,1013.62854
1987-08-10,1089.7992
1987-08-11,1025.6597
1987-08-12,968.7683
1987-08-13,931.8443
1987-08-14,909.4078
1987-08-15,853.4733
1987-08-16,805.83124
1987-08-17,843.2099
1987-08-18,868.5187
1987-08-19,859.8443
1987-08-20,862.55975
1987-08-21,793.2836
1987-08-22,806.01086
1987-08-23,844.1211
1987-08-24,823.7189
1987-08-25,782.79236
1987-08-26,800.91364
1987-08-27,811.0535
1987-08-28,867.2067
1987-08-29,795.3289
1987-08-30,794.3328
1987-08-31,768.3131
1987-09-01,660.79285
1987-09-02,723.4455
1987-09-03,782.2643
1987-09-04,780.0158
1987-09-05,778.0088
1987-09-06,776.80426
1987-09-07,714.54785
1987-09-08,629.0823
1987-09-09,584.1723
1987-09-10,594.1469
1987-09-11,581.8199
1987-09-12,575.58514
1987-09-13,643.78644
1987-09-14,637.4832
1987-09-15,639.5004
1987-09-16,607.404
1987-09-17,581.5298
1987-09-18,620.2853
1987-09-19,687.5719
1987-09-20,719.0579
1987-09-21,652.83594
1987-09-22,592.15295
1987-09-23,577.2804
1987-09-24,613.69965
1987-09-25,722.0424
1987-09-26,769.0341
1987-09-27,731.6453
1987-09-28,677.7456
1987-09-29,659.42084
1987-09-30,639.54517
1987-10-01,651.79004
1987-10-02,678.53125
1987-10-03,752.4449
1987-10-04,906.053
1987-10-05,987.826
1987-10-06,976.99915
1987-10-07,1076.8438
1987-10-08,1104.909
1987-10-09,1135.5096
1987-10-10,1104.9492
1987-10-11,1042.2495
1987-10-12,983.583
1987-10-13,903.8633
1987-10-14,865.8189
1987-10-15,830.86383
1987-10-16,797.4959
1987-10-17,786.189
1987-10-18,790.4224
1987-10-19,830.95935
1987-10-20,899.44977
1987-10-21,944.3309
1987-10-22,891.1275
1987-10-23,776.94135
1987-10-24,770.0221
1987-10-25,750.3672
1987-10-26,699.85846
1987-10-27,643.03345
1987-10-28,674.80963
1987-10-29,762.40485
1987-10-30,822.2037
1987-10-31,827.3443
1987-11-01,795.8225
1987-11-02,767.5176
1987-11-03,814.6024
1987-11-04,729.9291
1987-11-05,659.66693
1987-11-06,707.7233
1987-11-07,784.0351
1987-11-08,748.996
1987-11-09,704.3651
1987-11-10,728.3204
1987-11-11,709.3514
1987-11-12,684.13495
1987-11-13,732.9699
1987-11-14,762.7905
1987-11-15,685.94324
1987-11-16,655.9041
1987-11-17,705.9914
1987-11-18,731.2577
1987-11-19,725.2034
1987-11-20,739.7296
1987-11-21,735.3681
1987-11-22,691.94434
1987-11-23,662.68414
1987-11-24,742.44794
1987-11-25,797.3864
1987-11-26,722.76117
1987-11-27,719.0422
1987-11-28,794.62994
1987-11-29,907.4268
1987-11-30,922.1566
1987-12-01,899.2968
1987-12-02,936.7299
1987-12-03,1002.299
1987-12-04,901.80225
1987-12-05,804.6969
1987-12-06,750.1852
1987-12-07,728.49567
1987-12-08,722.0003
1987-12-09,721.9286
1987-12-10,711.49005
1987-12-11,702.153
1987-12-12,701.91724
1987-12-13,754.4747
1987-12-14,728.161
1987-12-15,698.10645
1987-12-16,779.57544
1987-12-17,747.50226
1987-12-18,669.2519
1987-12-19,606.1216
1987-12-20,560.2357
1987-12-21,550.2931
1987-12-22,572.8572
1987-12-23,571.8921
1987-12-24,525.7866
1987-12-25,470.42133
1987-12-26,441.03568
1987-12-27,419.54007
1987-12-28,400.518
1987-12-29,382.9579
1987-12-30,366.51443
1987-12-31,356.84216
1988-01-01,361.29562
1988-01-02,374.50964
1988-01-03,405.33398
1988-01-04,407.56903
1988-01-05,356.57013
1988-01-06,325.83673
1988-01-07,293.11957
1988-01-08,264.50604
1988-01-09,249.71217
1988-01-10,239.38603
1988-01-11,230.02348
1988-01-12,220.99968
1988-01-13,212.06628
1988-01-14,203.25732
1988-01-15,194.71333
1988-01-16,186.41185
1988-01-17,179.24825
1988-01-18,173.5531
1988-01-19,168.93042
1988-01-20,164.49467
1988-01-21,159.98418
1988-01-22,155.42319
1988-01-23,152.52187
1988-01-24,145.90752
1988-01-25,138.04161
1988-01-26,131.89249
1988-01-27,126.91136
1988-01-28,122.19544
1988-01-29,117.83664
1988-01-30,114.4868
1988-01-31,116.12371
1988-02-01,133.67766
1988-02-02,173.31865
1988-02-03,200.83545
1988-02-04,178.53131
1988-02-05,143.60115
1988-02-06,118.370766
1988-02-07,110.50255
1988-02-08,133.78944
1988-02-09,212.94656
1988-02-10,215.22546
1988-02-11,204.66386
1988-02-12,296.0955
1988-02-13,273.1425
1988-02-14,257.16605
1988-02-15,240.17677
1988-02-16,208.73964
1988-02-17,156.69775
1988-02-18,118.12901
1988-02-19,96.38752
1988-02-20,84.75506
1988-02-21,80.37104
1988-02-22,77.5861
1988-02-23,83.92988
1988-02-24,110.70535
1988-02-25,113.50011
1988-02-26,88.69011
1988-02-27,81.42475
1988-02-28,71.84233
1988-02-29,65.45419
1988-03-01,62.621582
1988-03-02,58.55932
1988-03-03,53.432884
1988-03-04,49.677666
1988-03-05,47.007942
1988-03-06,46.598003
1988-03-07,42.450115
1988-03-08,35.62837
1988-03-09,31.745752
1988-03-10,29.944334
1988-03-11,28.315771
1988-03-12,27.025593
1988-03-13,26.040548
1988-03-14,25.035912
1988-03-15,24.271042
1988-03-16,25.30634
1988-03-17,36.207745
1988-03-18,92.92754
1988-03-19,142.79477
1988-03-20,100.48035
1988-03-21,79.960915
1988-03-22,86.22823
1988-03-23,127.79473
1988-03-24,100.95298
1988-03-25,39.142204
1988-03-26,17.95961
1988-03-27,27.974215
1988-03-28,71.77355
1988-03-29,116.07343
1988-03-30,238.18257
1988-03-31,367.82428
1988-04-01,341.5064
1988-04-02,356.57373
1988-04-03,380.54742
1988-04-04,293.1744
1988-04-05,303.42618
1988-04-06,386.8387
1988-04-07,354.73566
1988-04-08,286.3039
1988-04-09,397.17715
1988-04-10,478.32767
1988-04-11,443.46472
1988-04-12,402.26794
1988-04-13,328.8615
1988-04-14,246.19138
1988-04-15,223.67601
1988-04-16,311.54233
1988-04-17,345.71558
1988-04-18,244.94632
1988-04-19,174.02332
1988-04-20,133.27899
1988-04-21,154.62701
1988-04-22,229.42314
1988-04-23,227.4095
1988-04-24,246.64925
1988-04-25,402.18625
1988-04-26,480.11017
1988-04-27,385.96024
1988-04-28,378.01413
1988-04-29,489.78152
1988-04-30,555.9729
1988-05-01,636.2861
1988-05-02,534.7553
1988-05-03,475.6322
1988-05-04,582.893
1988-05-05,634.5806
1988-05-06,702.89075
1988-05-07,797.44794
1988-05-08,749.4351
1988-05-09,800.39294
1988-05-10,881.5714
1988-05-11,879.3597
1988-05-12,892.1832
1988-05-13,950.81256
1988-05-14,1110.3625
1988-05-15,1180.9634
1988-05-16,1112.3665
1988-05-17,1234.5361
1988-05-18,1498.5663
1988-05-19,1601.1007
1988-05-20,1576.6273
1988-05-21,1494.2697
1988-05-22,1369.4945
1988-05-23,1370.672
1988-05-24,1402.6542
1988-05-25,1511.8113
1988-05-26,1665.5947
1988-05-27,1827.9799
1988-05-28,1985.9088
1988-05-29,2352.5955
1988-05-30,3398.2373
1988-05-31,3484.5742
1988-06-01,2631.087
1988-06-02,2729.3926
1988-06-03,3026.8853
1988-06-04,2603.149
1988-06-05,2401.342
1988-06-06,2084.3726
1988-06-07,1872.8917
1988-06-08,1686.9192
1988-06-09,1543.9939
1988-06-10,1504.2114
1988-06-11,1572.8179
1988-06-12,1691.0878
1988-06-13,2088.8462
1988-06-14,2519.8403
1988-06-15,2649.8818
1988-06-16,2159.5454
1988-06-17,1775.0687
1988-06-18,1534.2758
1988-06-19,1413.5582
1988-06-20,1391.9497
1988-06-21,1418.0762
1988-06-22,1330.8353
1988-06-23,1211.8512
1988-06-24,1127.6282
1988-06-25,1108.6504
1988-06-26,1172.645
1988-06-27,1193.3228
1988-06-28,1218.312
1988-06-29,1188.6667
1988-06-30,1255.5249
1988-07-01,1274.4165
1988-07-02,1222.2832
1988-07-03,1114.6942
1988-07-04,1040.9283
1988-07-05,1060.9841
1988-07-06,1075.6235
1988-07-07,1171.1742
1988-07-08,1261.4994
1988-07-09,1307.977
1988-07-10,1637.0432
1988-07-11,2370.0947
1988-07-12,2708.075
1988-07-13,2433.007
1988-07-14,2525.3674
1988-07-15,3212.8975
1988-07-16,3129.155
1988-07-17,2716.7788
1988-07-18,2149.505
1988-07-19,1839.3975
1988-07-20,1594.4199
1988-07-21,1465.2999
1988-07-22,1341.849
1988-07-23,1241.1665
1988-07-24,1149.6007
1988-07-25,1086.3799
1988-07-26,1122.4377
1988-07-27,1160.8378
1988-07-28,1063.9199
1988-07-29,949.79407
1988-07-30,880.6326
1988-07-31,859.672
1988-08-01,965.1149
1988-08-02,1060.1809
1988-08-03,959.3044
1988-08-04,915.27594
1988-08-05,961.3111
1988-08-06,983.2528
1988-08-07,930.8783
1988-08-08,887.1709
1988-08-09,804.8924
1988-08-10,769.0492
1988-08-11,764.5467
1988-08-12,784.27203
1988-08-13,756.1624
1988-08-14,730.82056
1988-08-15,768.3927
1988-08-16,735.22046
1988-08-17,689.7605
1988-08-18,704.9176
1988-08-19,718.8337
1988-08-20,715.7864
1988-08-21,662.9242
1988-08-22,654.0409
1988-08-23,703.74194
1988-08-24,724.00024
1988-08-25,705.76025
1988-08-26,660.0235
1988-08-27,652.0128
1988-08-28,695.23895
1988-08-29,734.6605
1988-08-30,708.8197
1988-08-31,660.5409
1988-09-01,600.45557
1988-09-02,568.6189
1988-09-03,559.3899
1988-09-04,578.3326
1988-09-05,584.03864
1988-09-06,562.5974
1988-09-07,617.9698
1988-09-08,675.52924
1988-09-09,617.96893
1988-09-10,537.45184
1988-09-11,484.85452
1988-09-12,470.79532
1988-09-13,500.61722
1988-09-14,530.9374
1988-09-15,536.5703
1988-09-16,500.05786
1988-09-17,444.72726
1988-09-18,423.6017
1988-09-19,473.90378
1988-09-20,599.21387
1988-09-21,672.0827
1988-09-22,669.0791
1988-09-23,630.23285
1988-09-24,575.0892
1988-09-25,514.5076
1988-09-26,521.3764
1988-09-27,564.36536
1988-09-28,577.1227
1988-09-29,612.0007
1988-09-30,634.81683
1988-10-01,619.5363
1988-10-02,550.74347
1988-10-03,484.68958
1988-10-04,498.9427
1988-10-05,556.7173
1988-10-06,598.05975
1988-10-07,642.6218
1988-10-08,627.54095
1988-10-09,539.5056
1988-10-10,502.5889
1988-10-11,510.39066
1988-10-12,517.2705
1988-10-13,579.76245
1988-10-14,566.5229
1988-10-15,542.3888
1988-10-16,517.56946
1988-10-17,475.41418
1988-10-18,488.0691
1988-10-19,556.4663
1988-10-20,644.5527
1988-10-21,666.5044
1988-10-22,609.0747
1988-10-23,666.2036
1988-10-24,868.1031
1988-10-25,816.5926
1988-10-26,625.0983
1988-10-27,527.51337
1988-10-28,479.14215
1988-10-29,478.34216
1988-10-30,533.2262
1988-10-31,568.9517
1988-11-01,575.7183
1988-11-02,560.5704
1988-11-03,513.0875
1988-11-04,591.3177
1988-11-05,643.8226
1988-11-06,626.4573
1988-11-07,523.93976
1988-11-08,509.45578
1988-11-09,522.3189
1988-11-10,615.48773
1988-11-11,727.126
1988-11-12,716.247
1988-11-13,690.03644
1988-11-14,696.072
1988-11-15,721.47626
1988-11-16,747.4815
1988-11-17,830.1093
1988-11-18,888.2891
1988-11-19,942.371
1988-11-20,940.7826
1988-11-21,851.20026
1988-11-22,826.927
1988-11-23,828.36237
1988-11-24,824.5311
1988-11-25,768.30853
1988-11-26,737.7034
1988-11-27,723.57635
1988-11-28,723.0322
1988-11-29,732.7449
1988-11-30,764.7218
1988-12-01,781.49963
1988-12-02,707.66974
1988-12-03,603.3748
1988-12-04,544.00616
1988-12-05,512.5404
1988-12-06,491.81912
1988-12-07,471.37308
1988-12-08,449.84348
1988-12-09,439.87613
1988-12-10,434.64136
1988-12-11,440.46915
1988-12-12,406.68616
1988-12-13,374.058
1988-12-14,356.47272
1988-12-15,336.69037
1988-12-16,329.71356
1988-12-17,325.29153
1988-12-18,301.16742
1988-12-19,283.4252
1988-12-20,271.37357
1988-12-21,258.80072
1988-12-22,245.97624
1988-12-23,234.58322
1988-12-24,224.01598
1988-12-25,213.99074
1988-12-26,204.51659
1988-12-27,196.61644
1988-12-28,190.04582
1988-12-29,183.27748
1988-12-30,186.35457
1988-12-31,191.00542
1989-01-01,191.4952
1989-01-02,228.09427
1989-01-03,237.40636
1989-01-04,240.45047
1989-01-05,293.61975
1989-01-06,363.8138
1989-01-07,341.777
1989-01-08,315.53253
1989-01-09,241.13924
1989-01-10,178.80504
1989-01-11,161.40332
1989-01-12,145.86795
1989-01-13,137.90054
1989-01-14,156.72968
1989-01-15,214.88734
1989-01-16,306.3874
1989-01-17,258.8432
1989-01-18,202.24602
1989-01-19,196.38399
1989-01-20,193.84576
1989-01-21,228.90874
1989-01-22,269.89285
1989-01-23,361.96487
1989-01-24,473.3448
1989-01-25,448.94998
1989-01-26,409.60046
1989-01-27,300.1994
1989-01-28,202.65706
1989-01-29,167.17657
1989-01-30,158.19525
1989-01-31,152.49234
1989-02-01,146.90642
1989-02-02,143.88847
1989-02-03,148.33139
1989-02-04,144.33205
1989-02-05,133.7828
1989-02-06,123.08638
1989-02-07,117.25441
1989-02-08,124.08554
1989-02-09,143.90268
1989-02-10,141.11603
1989-02-11,116.580894
1989-02-12,99.4693
1989-02-13,93.00406
1989-02-14,89.010185
1989-02-15,84.8392
1989-02-16,78.89991
1989-02-17,73.64902
1989-02-18,69.826454
1989-02-19,66.51184
1989-02-20,62.535526
1989-02-21,66.08749
1989-02-22,82.13609
1989-02-23,115.62372
1989-02-24,114.69127
1989-02-25,93.39345
1989-02-26,136.30045
1989-02-27,189.87198
1989-02-28,150.2692
1989-03-01,143.9115
1989-03-02,180.96428
1989-03-03,214.45682
1989-03-04,244.84528
1989-03-05,284.12033
1989-03-06,296.31204
1989-03-07,313.8107
1989-03-08,317.68643
1989-03-09,286.96158
1989-03-10,336.62823
1989-03-11,335.6931
1989-03-12,295.68585
1989-03-13,288.4672
1989-03-14,299.27505
1989-03-15,370.43405
1989-03-16,409.28912
1989-03-17,370.0343
1989-03-18,360.59918
1989-03-19,281.9954
1989-03-20,217.98676
1989-03-21,311.29785
1989-03-22,494.68573
1989-03-23,465.9993
1989-03-24,374.36044
1989-03-25,453.9044
1989-03-26,471.93323
1989-03-27,504.12302
1989-03-28,474.95383
1989-03-29,488.53802
1989-03-30,463.86212
1989-03-31,428.22482
1989-04-01,380.5848
1989-04-02,381.91254
1989-04-03,530.7957
1989-04-04,693.9315
1989-04-05,750.2838
1989-04-06,670.90344
1989-04-07,674.44116
1989-04-08,795.7835
1989-04-09,919.7422
1989-04-10,853.5581
1989-04-11,907.8612
1989-04-12,871.0856
1989-04-13,690.12897
1989-04-14,653.07544
1989-04-15,707.167
1989-04-16,796.7706
1989-04-17,877.82855
1989-04-18,943.55585
1989-04-19,966.85535
1989-04-20,957.0856
1989-04-21,915.731
1989-04-22,961.48474
1989-04-23,973.17865
1989-04-24,953.66223
1989-04-25,1033.9025
1989-04-26,1102.2302
1989-04-27,1041.5695
1989-04-28,1028.9738
1989-04-29,1013.2419
1989-04-30,1100.0483
1989-05-01,1174.6377
1989-05-02,1154.8372
1989-05-03,1207.1151
1989-05-04,1530.7826
1989-05-05,1733.1963
1989-05-06,1649.446
1989-05-07,1750.1855
1989-05-08,2708.8154
1989-05-09,3798.859
1989-05-10,3383.075
1989-05-11,2371.3245
1989-05-12,1812.2727
1989-05-13,1583.0526
1989-05-14,1545.3914
1989-05-15,1486.9666
1989-05-16,1280.3583
1989-05-17,1151.8197
1989-05-18,1254.3765
1989-05-19,1523.9363
1989-05-20,1666.5708
1989-05-21,1932.309
1989-05-22,2110.6882
1989-05-23,2238.7373
1989-05-24,2546.1038
1989-05-25,2625.2363
1989-05-26,2545.2583
1989-05-27,2543.611
1989-05-28,2200.9187
1989-05-29,1952.4894
1989-05-30,1878.6351
1989-05-31,1811.1754
1989-06-01,1700.6473
1989-06-02,1565.1232
1989-06-03,1460.3436
1989-06-04,1463.7043
1989-06-05,1444.4833
1989-06-06,1374.0688
1989-06-07,1344.3799
1989-06-08,1349.1427
1989-06-09,1337.8152
1989-06-10,1309.7377
1989-06-11,1389.528
1989-06-12,1457.0778
1989-06-13,1685.8704
1989-06-14,1966.5337
1989-06-15,2164.9338
1989-06-16,2475.5645
1989-06-17,2574.2688
1989-06-18,2392.6523
1989-06-19,2523.2222
1989-06-20,2728.5347
1989-06-21,2704.4656
1989-06-22,2864.65
1989-06-23,2370.85
1989-06-24,1946.3044
1989-06-25,1765.3671
1989-06-26,1671.0365
1989-06-27,1541.32
1989-06-28,1457.8566
1989-06-29,1343.9098
1989-06-30,1203.2006
1989-07-01,1168.8049
1989-07-02,1209.8383
1989-07-03,1218.5212
1989-07-04,1206.6924
1989-07-05,1197.215
1989-07-06,1079.8656
1989-07-07,1060.3308
1989-07-08,1191.4524
1989-07-09,1288.865
1989-07-10,1353.7653
1989-07-11,1192.0841
1989-07-12,1109.8406
1989-07-13,1025.1285
1989-07-14,904.3849
1989-07-15,829.99664
1989-07-16,934.1035
1989-07-17,1334.199
1989-07-18,1422.7985
1989-07-19,1306.495
1989-07-20,1078.0881
1989-07-21,850.1265
1989-07-22,824.7385
1989-07-23,858.94525
1989-07-24,909.62354
1989-07-25,921.8489
1989-07-26,873.9977
1989-07-27,856.9305
1989-07-28,874.69904
1989-07-29,848.8814
1989-07-30,769.9488
1989-07-31,725.603
1989-08-01,719.3157
1989-08-02,738.32806
1989-08-03,842.8863
1989-08-04,1000.4278
1989-08-05,982.2505
1989-08-06,827.71216
1989-08-07,870.1334
1989-08-08,933.6217
1989-08-09,834.7261
1989-08-10,760.9345
1989-08-11,831.75323
1989-08-12,945.2329
1989-08-13,998.46216
1989-08-14,981.1829
1989-08-15,934.4778
1989-08-16,984.06824
1989-08-17,964.22675
1989-08-18,883.517
1989-08-19,858.6097
1989-08-20,812.17175
1989-08-21,778.0497
1989-08-22,803.19794
1989-08-23,821.04706
1989-08-24,878.5162
1989-08-25,882.2708
1989-08-26,848.1682
1989-08-27,805.36206
1989-08-28,746.80927
1989-08-29,733.78906
1989-08-30,806.9211
1989-08-31,821.2993
1989-09-01,724.1002
1989-09-02,650.12585
1989-09-03,618.477
1989-09-04,601.57263
1989-09-05,583.4848
1989-09-06,563.1928
1989-09-07,558.3702
1989-09-08,581.6455
1989-09-09,578.7692
1989-09-10,534.61273
1989-09-11,518.60254
1989-09-12,532.6625
1989-09-13,541.7216
1989-09-14,490.4583
1989-09-15,474.89917
1989-09-16,489.123
1989-09-17,523.3282
1989-09-18,576.36206
1989-09-19,617.0588
1989-09-20,586.96893
1989-09-21,532.6095
1989-09-22,487.75696
1989-09-23,509.87234
1989-09-24,509.0083
1989-09-25,449.504
1989-09-26,464.93588
1989-09-27,490.7357
1989-09-28,491.26785
1989-09-29,508.16925
1989-09-30,500.4065
1989-10-01,474.6403
1989-10-02,511.84943
1989-10-03,559.5815
1989-10-04,531.983
1989-10-05,480.81094
1989-10-06,481.25327
1989-10-07,505.48007
1989-10-08,550.02466
1989-10-09,645.0199
1989-10-10,660.9425
1989-10-11,586.308
1989-10-12,586.71954
1989-10-13,684.0575
1989-10-14,672.03986
1989-10-15,600.5842
1989-10-16,627.9447
1989-10-17,727.28394
1989-10-18,804.89905
1989-10-19,863.0982
1989-10-20,1024.3594
1989-10-21,1027.7618
1989-10-22,912.62946
1989-10-23,822.44684
1989-10-24,750.2177
1989-10-25,713.8559
1989-10-26,728.911
1989-10-27,717.64575
1989-10-28,776.535
1989-10-29,857.4276
1989-10-30,798.9199
1989-10-31,781.44916
1989-11-01,838.173
1989-11-02,809.2721
1989-11-03,780.35913
1989-11-04,807.9712
1989-11-05,764.4316
1989-11-06,633.7981
1989-11-07,580.77203
1989-11-08,559.5288
1989-11-09,561.8516
1989-11-10,540.34686
1989-11-11,515.8744
1989-11-12,490.9314
1989-11-13,464.33176
1989-11-14,443.97855
1989-11-15,426.88083
1989-11-16,428.2707
1989-11-17,437.10092
1989-11-18,443.1604
1989-11-19,524.0738
1989-11-20,558.90704
1989-11-21,530.45795
1989-11-22,559.74054
1989-11-23,617.6623
1989-11-24,593.102
1989-11-25,722.0954
1989-11-26,968.8945
1989-11-27,864.05493
1989-11-28,730.704
1989-11-29,768.3259
1989-11-30,692.85693
1989-12-01,651.6994
1989-12-02,750.9791
1989-12-03,776.4113
1989-12-04,691.2547
1989-12-05,635.0395
1989-12-06,583.81885
1989-12-07,540.94055
1989-12-08,517.5119
1989-12-09,493.48236
1989-12-10,475.83398
1989-12-11,454.78552
1989-12-12,433.02725
1989-12-13,413.812
1989-12-14,395.6226
1989-12-15,377.82684
1989-12-16,360.39023
1989-12-17,343.45547
1989-12-18,327.1057
1989-12-19,311.4279
1989-12-20,296.4539
1989-12-21,282.25836
1989-12-22,268.77695
1989-12-23,255.91255
1989-12-24,243.67982
1989-12-25,232.0698
1989-12-26,221.05383
1989-12-27,210.66447
1989-12-28,200.81651
1989-12-29,191.44891
1989-12-30,182.54547
1989-12-31,174.06778
1990-01-01,165.9479
1990-01-02,158.24152
1990-01-03,150.95705
1990-01-04,144.64536
1990-01-05,139.31114
1990-01-06,133.71512
1990-01-07,127.65413
1990-01-08,121.37596
1990-01-09,115.87898
1990-01-10,110.763504
1990-01-11,105.852875
1990-01-12,100.83573
1990-01-13,95.955124
1990-01-14,91.79717
1990-01-15,90.68135
1990-01-16,97.56687
1990-01-17,109.345566
1990-01-18,114.21982
1990-01-19,114.12609
1990-01-20,116.49399
1990-01-21,97.76215
1990-01-22,91.061615
1990-01-23,117.63448
1990-01-24,275.5973
1990-01-25,353.49973
1990-01-26,244.72469
1990-01-27,222.89972
1990-01-28,291.57562
1990-01-29,363.5338
1990-01-30,365.77948
1990-01-31,300.54047
1990-02-01,221.90935
1990-02-02,196.24855
1990-02-03,192.49783
1990-02-04,181.90266
1990-02-05,206.12206
1990-02-06,199.9298
1990-02-07,235.98624
1990-02-08,238.24548
1990-02-09,231.81178
1990-02-10,246.55907
1990-02-11,186.97351
1990-02-12,125.75377
1990-02-13,93.43689
1990-02-14,77.696785
1990-02-15,71.30103
1990-02-16,66.89686
1990-02-17,62.21153
1990-02-18,57.382607
1990-02-19,52.51726
1990-02-20,47.890484
1990-02-21,44.908478
1990-02-22,44.593548
1990-02-23,43.80711
1990-02-24,39.635372
1990-02-25,35.953163
1990-02-26,33.36314
1990-02-27,31.271059
1990-02-28,29.033352
1990-03-01,26.029953
1990-03-02,23.579971
1990-03-03,22.799828
1990-03-04,184.06894
1990-03-05,530.31995
1990-03-06,449.30838
1990-03-07,194.91835
1990-03-08,198.11484
1990-03-09,228.72124
1990-03-10,307.17508
1990-03-11,458.83493
1990-03-12,565.7223
1990-03-13,604.36237
1990-03-14,580.5787
1990-03-15,533.6678
1990-03-16,469.48038
1990-03-17,469.0375
1990-03-18,531.65314
1990-03-19,564.9799
1990-03-20,575.6209
1990-03-21,468.2714
1990-03-22,422.2553
1990-03-23,479.7145
1990-03-24,582.477
1990-03-25,566.22943
1990-03-26,491.6763
1990-03-27,559.8654
1990-03-28,729.1216
1990-03-29,677.79346
1990-03-30,505.69858
1990-03-31,445.12595
1990-04-01,421.73276
1990-04-02,412.60422
1990-04-03,437.84
1990-04-04,483.4735
1990-04-05,566.2658
1990-04-06,614.69147
1990-04-07,604.12494
1990-04-08,664.80743
1990-04-09,688.0064
1990-04-10,728.51465
1990-04-11,855.85376
1990-04-12,918.4556
1990-04-13,882.3982
1990-04-14,830.81525
1990-04-15,883.73456
1990-04-16,1017.76733
1990-04-17,1025.0192
1990-04-18,1029.0022
1990-04-19,1056.9642
1990-04-20,925.8202
1990-04-21,906.04565
1990-04-22,1024.7169
1990-04-23,957.11346
1990-04-24,913.99036
1990-04-25,985.193
1990-04-26,1213.1251
1990-04-27,1389.9287
1990-04-28,1283.1558
1990-04-29,1155.1732
1990-04-30,1092.9136
1990-05-01,1000.52167
1990-05-02,986.8694
1990-05-03,1008.58606
1990-05-04,973.84064
1990-05-05,1026.2185
1990-05-06,1050.8324
1990-05-07,997.32477
1990-05-08,959.49286
1990-05-09,1000.27405
1990-05-10,1127.7175
1990-05-11,1202.9045
1990-05-12,1164.4915
1990-05-13,1217.6427
1990-05-14,1149.5034
1990-05-15,1126.503
1990-05-16,1172.1152
1990-05-17,1128.8921
1990-05-18,1179.0378
1990-05-19,1301.2556
1990-05-20,1504.1497
1990-05-21,1879.7684
1990-05-22,2050.3938
1990-05-23,2013.7427
1990-05-24,2697.8298
1990-05-25,3749.184
1990-05-26,3755.308
1990-05-27,2901.1743
1990-05-28,2113.0193
1990-05-29,1702.4679
1990-05-30,1504.9567
1990-05-31,1459.853
1990-06-01,1373.35
1990-06-02,1242.8712
1990-06-03,1173.4354
1990-06-04,1150.1215
1990-06-05,1198.4009
1990-06-06,1235.2167
1990-06-07,1251.2191
1990-06-08,1275.3625
1990-06-09,1232.5417
1990-06-10,1219.0537
1990-06-11,1136.6699
1990-06-12,1534.4073
1990-06-13,3147.7222
1990-06-14,4860.0073
1990-06-15,4466.239
1990-06-16,3244.985
1990-06-17,2381.1826
1990-06-18,1964.48
1990-06-19,1750.3931
1990-06-20,1577.9303
1990-06-21,1474.561
1990-06-22,1351.1489
1990-06-23,1267.3174
1990-06-24,1249.522
1990-06-25,1247.9518
1990-06-26,1255.5354
1990-06-27,1264.1262
1990-06-28,1196.9054
1990-06-29,1108.4579
1990-06-30,1085.634
1990-07-01,1091.1213
1990-07-02,1059.5217
1990-07-03,1021.5552
1990-07-04,1041.8025
1990-07-05,1061.4357
1990-07-06,1073.8849
1990-07-07,1104.9215
1990-07-08,1162.4261
1990-07-09,1108.9495
1990-07-10,1115.1947
1990-07-11,1143.1737
1990-07-12,1182.9744
1990-07-13,1253.3613
1990-07-14,1336.3768
1990-07-15,1705.9911
1990-07-16,2469.5608
1990-07-17,2498.6133
1990-07-18,1926.8622
1990-07-19,1643.7144
1990-07-20,1418.256
1990-07-21,1252.3092
1990-07-22,1157.9772
1990-07-23,1145.4382
1990-07-24,1197.5848
1990-07-25,1174.8147
1990-07-26,1051.0566
1990-07-27,907.7355
1990-07-28,823.9355
1990-07-29,796.69934
1990-07-30,832.70074
1990-07-31,877.96545
1990-08-01,938.08813
1990-08-02,897.0715
1990-08-03,797.84607
1990-08-04,751.51385
1990-08-05,734.28754
1990-08-06,748.2169
1990-08-07,797.4008
1990-08-08,805.1303
1990-08-09,819.9568
1990-08-10,834.75055
1990-08-11,852.25116
1990-08-12,921.29407
1990-08-13,964.9311
1990-08-14,940.5338
1990-08-15,823.2871
1990-08-16,735.18585
1990-08-17,699.8749
1990-08-18,678.5655
1990-08-19,666.9371
1990-08-20,643.5864
1990-08-21,607.8234
1990-08-22,634.016
1990-08-23,694.9736
1990-08-24,715.3776
1990-08-25,704.8518
1990-08-26,664.46466
1990-08-27,602.2057
1990-08-28,617.4508
1990-08-29,635.0155
1990-08-30,614.8581
1990-08-31,673.1519
1990-09-01,717.0035
1990-09-02,743.1183
1990-09-03,737.84546
1990-09-04,702.0258
1990-09-05,635.77313
1990-09-06,627.0374
1990-09-07,652.60785
1990-09-08,713.50977
1990-09-09,762.1565
1990-09-10,761.4005
1990-09-11,754.28204
1990-09-12,783.32117
1990-09-13,746.2213
1990-09-14,672.18646
1990-09-15,631.60065
1990-09-16,679.54443
1990-09-17,787.1115
1990-09-18,809.5191
1990-09-19,756.7176
1990-09-20,698.56604
1990-09-21,681.7234
1990-09-22,694.24207
1990-09-23,695.5641
1990-09-24,714.588
1990-09-25,710.5067
1990-09-26,707.7191
1990-09-27,675.7849
1990-09-28,635.19904
1990-09-29,607.2459
1990-09-30,561.15704
1990-10-01,531.29834
1990-10-02,512.164
1990-10-03,536.7514
1990-10-04,642.21783
1990-10-05,678.1644
1990-10-06,607.43713
1990-10-07,588.80536
1990-10-08,600.3373
1990-10-09,603.4965
1990-10-10,553.6913
1990-10-11,518.01434
1990-10-12,492.57214
1990-10-13,497.50342
1990-10-14,516.7433
1990-10-15,504.84518
1990-10-16,438.27057
1990-10-17,412.52264
1990-10-18,424.06418
1990-10-19,397.34836
1990-10-20,433.09842
1990-10-21,533.02716
1990-10-22,599.68274
1990-10-23,551.5808
1990-10-24,555.73956
1990-10-25,563.702
1990-10-26,499.97006
1990-10-27,483.51874
1990-10-28,475.58246
1990-10-29,486.72952
1990-10-30,463.24442
1990-10-31,421.09003
1990-11-01,425.09183
1990-11-02,453.49734
1990-11-03,534.5273
1990-11-04,539.99976
1990-11-05,467.31693
1990-11-06,408.40683
1990-11-07,409.39755
1990-11-08,465.39334
1990-11-09,496.46698
1990-11-10,611.9086
1990-11-11,722.25494
1990-11-12,690.2817
1990-11-13,604.477
1990-11-14,568.5471
1990-11-15,647.1153
1990-11-16,648.7799
1990-11-17,654.78326
1990-11-18,779.66284
1990-11-19,901.85767
1990-11-20,957.20087
1990-11-21,952.00854
1990-11-22,854.95245
1990-11-23,801.1277
1990-11-24,854.30084
1990-11-25,895.66595
1990-11-26,947.71454
1990-11-27,1085.1562
1990-11-28,1153.3292
1990-11-29,1132.7545
1990-11-30,1213.0524
1990-12-01,1191.3578
1990-12-02,1074.0826
1990-12-03,974.8112
1990-12-04,943.16284
1990-12-05,959.5862
1990-12-06,965.66095
1990-12-07,966.1823
1990-12-08,961.45654
1990-12-09,906.6641
1990-12-10,797.2392
1990-12-11,710.2239
1990-12-12,657.88275
1990-12-13,623.918
1990-12-14,592.9948
1990-12-15,563.58417
1990-12-16,541.0078
1990-12-17,534.5655
1990-12-18,544.8477
1990-12-19,561.4069
1990-12-20,618.8154
1990-12-21,664.443
1990-12-22,755.46277
1990-12-23,686.3278
1990-12-24,533.2123
1990-12-25,470.48224
1990-12-26,438.8055
1990-12-27,440.85638
1990-12-28,511.00684
1990-12-29,558.1718
1990-12-30,578.0743
1990-12-31,519.5274
1991-01-01,488.8138
1991-01-02,494.18652
1991-01-03,470.96643
1991-01-04,420.50092
1991-01-05,378.88928
1991-01-06,335.7166
1991-01-07,311.67435
1991-01-08,300.16843
1991-01-09,292.12762
1991-01-10,283.45102
1991-01-11,274.13892
1991-01-12,265.49512
1991-01-13,256.74823
1991-01-14,247.97487
1991-01-15,239.3181
1991-01-16,230.66458
1991-01-17,222.01743
1991-01-18,213.42223
1991-01-19,204.83298
1991-01-20,196.3835
1991-01-21,188.20044
1991-01-22,180.23404
1991-01-23,172.34235
1991-01-24,164.87564
1991-01-25,157.88441
1991-01-26,151.09695
1991-01-27,144.7521
1991-01-28,138.76067
1991-01-29,133.08267
1991-01-30,127.605484
1991-01-31,122.38001
1991-02-01,117.3932
1991-02-02,112.53128
1991-02-03,107.85892
1991-02-04,103.32255
1991-02-05,98.91322
1991-02-06,94.77444
1991-02-07,90.8035
1991-02-08,87.10033
1991-02-09,84.47024
1991-02-10,82.38211
1991-02-11,82.488304
1991-02-12,80.89792
1991-02-13,81.60987
1991-02-14,106.47913
1991-02-15,142.70578
1991-02-16,176.28485
1991-02-17,186.29977
1991-02-18,269.59598
1991-02-19,388.68472
1991-02-20,318.78226
1991-02-21,172.04773
1991-02-22,93.00313
1991-02-23,73.102
1991-02-24,123.832
1991-02-25,167.64307
1991-02-26,214.47333
1991-02-27,334.62958
1991-02-28,430.6851
1991-03-01,291.2062
1991-03-02,146.2104
1991-03-03,79.40248
1991-03-04,62.221016
1991-03-05,65.32794
1991-03-06,71.823814
1991-03-07,97.01377
1991-03-08,135.82283
1991-03-09,207.85086
1991-03-10,246.43019
1991-03-11,287.03754
1991-03-12,343.52148
1991-03-13,331.08752
1991-03-14,398.8416
1991-03-15,429.15524
1991-03-16,327.0193
1991-03-17,268.3167
1991-03-18,284.6914
1991-03-19,203.40712
1991-03-20,120.787544
1991-03-21,91.185356
1991-03-22,83.19651
1991-03-23,86.51976
1991-03-24,104.02892
1991-03-25,92.86788
1991-03-26,73.53593
1991-03-27,68.20194
1991-03-28,66.37288
1991-03-29,66.386635
1991-03-30,79.0801
1991-03-31,97.01273
1991-04-01,110.67332
1991-04-02,89.21462
1991-04-03,71.12504
1991-04-04,65.225784
1991-04-05,60.992367
1991-04-06,94.6867
1991-04-07,180.36151
1991-04-08,183.57474
1991-04-09,159.56525
1991-04-10,232.03784
1991-04-11,309.389
1991-04-12,317.16046
1991-04-13,399.04025
1991-04-14,311.5869
1991-04-15,251.44676
1991-04-16,279.95697
1991-04-17,360.71674
1991-04-18,404.30365
1991-04-19,447.04285
1991-04-20,445.59158
1991-04-21,528.0813
1991-04-22,768.56384
1991-04-23,930.35974
1991-04-24,893.4133
1991-04-25,947.15656
1991-04-26,1183.114
1991-04-27,1201.2511
1991-04-28,1050.5819
1991-04-29,1023.3142
1991-04-30,954.5174
1991-05-01,1018.07086
1991-05-02,1395.5328
1991-05-03,2064.3599
1991-05-04,2239.4102
1991-05-05,1832.9932
1991-05-06,1581.255
1991-05-07,1513.5161
1991-05-08,1499.2196
1991-05-09,1455.9302
1991-05-10,1429.1803
1991-05-11,1411.8031
1991-05-12,1577.691
1991-05-13,1656.568
1991-05-14,1735.6173
1991-05-15,1935.4431
1991-05-16,1814.8776
1991-05-17,1581.8757
1991-05-18,1543.6793
1991-05-19,1765.6028
1991-05-20,1876.5946
1991-05-21,1791.0513
1991-05-22,1666.3712
1991-05-23,1604.5435
1991-05-24,1629.9637
1991-05-25,1787.5951
1991-05-26,2256.7808
1991-05-27,2694.7495
1991-05-28,2491.1538
1991-05-29,2021.8895
1991-05-30,1793.2251
1991-05-31,1780.2335
1991-06-01,1763.3408
1991-06-02,1708.3813
1991-06-03,1683.5139
1991-06-04,1631.6854
1991-06-05,1547.0664
1991-06-06,1468.0231
1991-06-07,1395.6821
1991-06-08,1372.8491
1991-06-09,1393.4583
1991-06-10,1514.2992
1991-06-11,1792.9097
1991-06-12,1934.78
1991-06-13,2840.687
1991-06-14,3422.559
1991-06-15,2419.074
1991-06-16,1800.4166
1991-06-17,1632.7882
1991-06-18,1604.008
1991-06-19,1619.9734
1991-06-20,1585.2604
1991-06-21,1411.4227
1991-06-22,1278.4218
1991-06-23,1312.0472
1991-06-24,1345.192
1991-06-25,1434.9749
1991-06-26,1732.1127
1991-06-27,2222.521
1991-06-28,2474.914
1991-06-29,2113.056
1991-06-30,1942.4138
1991-07-01,2251.956
1991-07-02,2344.771
1991-07-03,2277.0325
1991-07-04,2254.4663
1991-07-05,2382.6296
1991-07-06,2466.7766
1991-07-07,2527.3564
1991-07-08,2238.1348
1991-07-09,1988.1271
1991-07-10,1892.198
1991-07-11,1845.6501
1991-07-12,1754.6859
1991-07-13,1758.284
1991-07-14,1900.193
1991-07-15,2274.9802
1991-07-16,2648.1812
1991-07-17,2761.8096
1991-07-18,2479.3674
1991-07-19,2112.3965
1991-07-20,1912.0935
1991-07-21,1735.94
1991-07-22,1641.1538
1991-07-23,1743.8032
1991-07-24,1824.4863
1991-07-25,1724.1354
1991-07-26,1697.461
1991-07-27,1740.0997
1991-07-28,1765.6349
1991-07-29,1576.1609
1991-07-30,1366.5259
1991-07-31,1347.6577
1991-08-01,1330.8102
1991-08-02,1247.0458
1991-08-03,1213.4811
1991-08-04,1172.4375
1991-08-05,1187.2474
1991-08-06,1214.9015
1991-08-07,1258.7512
1991-08-08,1375.7976
1991-08-09,1480.8334
1991-08-10,1521.3046
1991-08-11,1384.6755
1991-08-12,1158.2032
1991-08-13,1041.2538
1991-08-14,1009.5889
1991-08-15,1017.9273
1991-08-16,1047.2708
1991-08-17,1073.0782
1991-08-18,992.59937
1991-08-19,921.3509
1991-08-20,907.7634
1991-08-21,931.7507
1991-08-22,862.67633
1991-08-23,912.9546
1991-08-24,970.13043
1991-08-25,962.4521
1991-08-26,921.63824
1991-08-27,830.983
1991-08-28,771.87274
1991-08-29,774.4445
1991-08-30,835.2047
1991-08-31,761.81366
1991-09-01,697.0336
1991-09-02,774.83765
1991-09-03,828.57196
1991-09-04,820.8704
1991-09-05,777.163
1991-09-06,794.15485
1991-09-07,910.8809
1991-09-08,906.4903
1991-09-09,853.14343
1991-09-10,845.7926
1991-09-11,822.82684
1991-09-12,831.0397
1991-09-13,858.5249
1991-09-14,834.6361
1991-09-15,763.0141
1991-09-16,738.89087
1991-09-17,747.3944
1991-09-18,749.092
1991-09-19,784.2131
1991-09-20,794.34814
1991-09-21,844.5557
1991-09-22,896.35693
1991-09-23,853.9834
1991-09-24,815.6051
1991-09-25,860.6168
1991-09-26,869.74176
1991-09-27,805.82214
1991-09-28,790.5026
1991-09-29,800.11786
1991-09-30,785.8822
1991-10-01,749.6454
1991-10-02,717.064
1991-10-03,707.9191
1991-10-04,731.25665
1991-10-05,736.4151
1991-10-06,684.1412
1991-10-07,609.6903
1991-10-08,568.6392
1991-10-09,556.2436
1991-10-10,576.4814
1991-10-11,637.6219
1991-10-12,717.7113
1991-10-13,737.7222
1991-10-14,699.1085
1991-10-15,622.3819
1991-10-16,521.74945
1991-10-17,473.46335
1991-10-18,500.18958
1991-10-19,634.0009
1991-10-20,731.8369
1991-10-21,702.256
1991-10-22,644.2476
1991-10-23,566.17236
1991-10-24,547.0258
1991-10-25,537.0956
1991-10-26,534.7305
1991-10-27,573.85706
1991-10-28,622.69586
1991-10-29,704.38885
1991-10-30,802.30084
1991-10-31,780.55994
1991-11-01,693.9054
1991-11-02,650.14746
1991-11-03,642.3591
1991-11-04,619.6989
1991-11-05,604.2209
1991-11-06,586.92706
1991-11-07,605.4575
1991-11-08,567.4234
1991-11-09,572.0144
1991-11-10,693.1894
1991-11-11,719.8156
1991-11-12,658.15405
1991-11-13,599.6616
1991-11-14,519.2509
1991-11-15,474.9323
1991-11-16,499.98276
1991-11-17,624.99713
1991-11-18,684.2945
1991-11-19,566.28094
1991-11-20,491.1162
1991-11-21,543.95123
1991-11-22,654.4572
1991-11-23,649.0835
1991-11-24,579.831
1991-11-25,536.0213
1991-11-26,525.54584
1991-11-27,564.8005
1991-11-28,548.68243
1991-11-29,515.19916
1991-11-30,549.90576
1991-12-01,624.0904
1991-12-02,613.7913
1991-12-03,619.5219
1991-12-04,591.1713
1991-12-05,538.07825
1991-12-06,483.95074
1991-12-07,430.65207
1991-12-08,410.1247
1991-12-09,403.05988
1991-12-10,389.53778
1991-12-11,376.57608
1991-12-12,363.3329
1991-12-13,350.2485
1991-12-14,338.2053
1991-12-15,326.26318
1991-12-16,314.4195
1991-12-17,302.91605
1991-12-18,292.12045
1991-12-19,282.6504
1991-12-20,273.65076
1991-12-21,264.95325
1991-12-22,254.72679
1991-12-23,243.73535
1991-12-24,233.64188
1991-12-25,224.0703
1991-12-26,215.31198
1991-12-27,213.84799
1991-12-28,220.07825
1991-12-29,211.4423
1991-12-30,193.35622
1991-12-31,186.88359
1992-01-01,181.4407
1992-01-02,176.91342
1992-01-03,197.7493
1992-01-04,222.18126
1992-01-05,206.84464
1992-01-06,240.16156
1992-01-07,241.72487
1992-01-08,251.93431
1992-01-09,269.54373
1992-01-10,235.96454
1992-01-11,183.37605
1992-01-12,157.00095
1992-01-13,140.02423
1992-01-14,125.023445
1992-01-15,117.87457
1992-01-16,113.68693
1992-01-17,110.1019
1992-01-18,106.77362
1992-01-19,103.71441
1992-01-20,100.69351
1992-01-21,97.46656
1992-01-22,94.136086
1992-01-23,90.94229
1992-01-24,87.82312
1992-01-25,84.707146
1992-01-26,81.17056
1992-01-27,77.28206
1992-01-28,73.96729
1992-01-29,71.518456
1992-01-30,68.94606
1992-01-31,66.26678
1992-02-01,63.150387
1992-02-02,58.96259
1992-02-03,53.049686
1992-02-04,47.796043
1992-02-05,44.318714
1992-02-06,41.70474
1992-02-07,40.67415
1992-02-08,39.65166
1992-02-09,38.880882
1992-02-10,38.031178
1992-02-11,34.401814
1992-02-12,27.231796
1992-02-13,22.168623
1992-02-14,19.72681
1992-02-15,17.725939
1992-02-16,15.475685
1992-02-17,13.796755
1992-02-18,12.212639
1992-02-19,10.584088
1992-02-20,9.691745
1992-02-21,9.328901
1992-02-22,8.946399
1992-02-23,8.829766
1992-02-24,9.055817
1992-02-25,9.219616
1992-02-26,12.304566
1992-02-27,30.678324
1992-02-28,80.95412
1992-02-29,117.734856
1992-03-01,119.69228
1992-03-02,160.19853
1992-03-03,188.92285
1992-03-04,266.29584
1992-03-05,255.02872
1992-03-06,227.7276
1992-03-07,225.29596
1992-03-08,265.27856
1992-03-09,348.84366
1992-03-10,403.68912
1992-03-11,344.54282
1992-03-12,308.26614
1992-03-13,293.40182
1992-03-14,282.62823
1992-03-15,351.82068
1992-03-16,466.60605
1992-03-17,536.25366
1992-03-18,560.4497
1992-03-19,491.0177
1992-03-20,416.23856
1992-03-21,308.8854
1992-03-22,201.17839
1992-03-23,145.63188
1992-03-24,135.2791
1992-03-25,248.25426
1992-03-26,226.01941
1992-03-27,129.1159
1992-03-28,91.669464
1992-03-29,80.32782
1992-03-30,75.80842
1992-03-31,76.16612
1992-04-01,105.01899
1992-04-02,165.2746
1992-04-03,200.51476
1992-04-04,181.48001
1992-04-05,199.58583
1992-04-06,223.78127
1992-04-07,251.97934
1992-04-08,319.21918
1992-04-09,373.9698
1992-04-10,437.76227
1992-04-11,533.00525
1992-04-12,618.4959
1992-04-13,609.4108
1992-04-14,537.2648
1992-04-15,437.66833
1992-04-16,456.58997
1992-04-17,493.79724
1992-04-18,470.78064
1992-04-19,468.88287
1992-04-20,495.3367
1992-04-21,531.40753
1992-04-22,622.1889
1992-04-23,596.6896
1992-04-24,653.0664
1992-04-25,898.8247
1992-04-26,1082.2483
1992-04-27,1222.2957
1992-04-28,1450.4656
1992-04-29,1575.2655
1992-04-30,1636.4833
1992-05-01,1539.249
1992-05-02,1352.3702
1992-05-03,1270.4692
1992-05-04,1219.4207
1992-05-05,1142.3949
1992-05-06,961.11365
1992-05-07,845.22754
1992-05-08,822.07916
1992-05-09,824.3487
1992-05-10,862.83466
1992-05-11,888.7853
1992-05-12,917.3576
1992-05-13,909.732
1992-05-14,910.30023
1992-05-15,1018.341
1992-05-16,1219.0094
1992-05-17,1290.3102
1992-05-18,1196.3236
1992-05-19,1227.9167
1992-05-20,1216.2616
1992-05-21,1141.5443
1992-05-22,1226.4431
1992-05-23,1452.1335
1992-05-24,1590.2156
1992-05-25,1672.5544
1992-05-26,1680.9303
1992-05-27,1660.7184
1992-05-28,1682.2144
1992-05-29,1538.9525
1992-05-30,1372.4332
1992-05-31,1283.3867
1992-06-01,1286.5989
1992-06-02,1287.9409
1992-06-03,1267.8475
1992-06-04,1307.5056
1992-06-05,1476.4882
1992-06-06,1469.313
1992-06-07,1240.1982
1992-06-08,1115.0902
1992-06-09,1046.458
1992-06-10,1073.1964
1992-06-11,1106.8408
1992-06-12,1126.2582
1992-06-13,1073.3087
1992-06-14,1082.6057
1992-06-15,1172.0592
1992-06-16,1261.536
1992-06-17,1358.9144
1992-06-18,1397.8689
1992-06-19,1368.5858
1992-06-20,1386.336
1992-06-21,1372.1443
1992-06-22,1372.774
1992-06-23,1307.7694
1992-06-24,1234.775
1992-06-25,1243.1628
1992-06-26,1193.0841
1992-06-27,1239.5057
1992-06-28,1392.7301
1992-06-29,1605.087
1992-06-30,1682.5187
1992-07-01,1321.4597
1992-07-02,1132.9006
1992-07-03,1181.5847
1992-07-04,1440.261
1992-07-05,1603.3405
1992-07-06,1542.2708
1992-07-07,1547.6251
1992-07-08,1489.8218
1992-07-09,1536.2568
1992-07-10,1625.2454
1992-07-11,1641.6543
1992-07-12,1641.2935
1992-07-13,1699.1692
1992-07-14,1735.6166
1992-07-15,1677.311
1992-07-16,1594.7395
1992-07-17,1592.5383
1992-07-18,1585.2516
1992-07-19,1516.4327
1992-07-20,1422.2653
1992-07-21,1583.9967
1992-07-22,1755.5645
1992-07-23,1622.7704
1992-07-24,1418.6691
1992-07-25,1346.3717
1992-07-26,1337.743
1992-07-27,1351.3245
1992-07-28,1316.0048
1992-07-29,1260.9487
1992-07-30,1256.6313
1992-07-31,1215.762
1992-08-01,1218.5192
1992-08-02,1179.142
1992-08-03,1076.4409
1992-08-04,1055.3617
1992-08-05,1059.6752
1992-08-06,1010.5578
1992-08-07,1005.0674
1992-08-08,1049.0701
1992-08-09,991.9198
1992-08-10,878.79285
1992-08-11,830.2853
1992-08-12,818.11176
1992-08-13,874.7324
1992-08-14,939.77606
1992-08-15,963.03937
1992-08-16,889.75653
1992-08-17,848.5466
1992-08-18,898.4467
1992-08-19,915.0023
1992-08-20,838.8667
1992-08-21,774.7432
1992-08-22,746.38885
1992-08-23,743.19446
1992-08-24,884.9119
1992-08-25,1043.5887
1992-08-26,1128.7491
1992-08-27,1098.427
1992-08-28,1063.0492
1992-08-29,986.0383
1992-08-30,920.9917
1992-08-31,914.661
1992-09-01,916.5724
1992-09-02,937.0562
1992-09-03,918.2857
1992-09-04,907.54565
1992-09-05,996.7146
1992-09-06,1066.4838
1992-09-07,1067.7538
1992-09-08,1021.02576
1992-09-09,1099.0931
1992-09-10,1118.7024
1992-09-11,1007.14075
1992-09-12,902.355
1992-09-13,819.05493
1992-09-14,781.6015
1992-09-15,764.7477
1992-09-16,778.1343
1992-09-17,841.6601
1992-09-18,870.5894
1992-09-19,893.7147
1992-09-20,862.2128
1992-09-21,794.49634
1992-09-22,771.4919
1992-09-23,747.3541
1992-09-24,672.62604
1992-09-25,675.79614
1992-09-26,671.92664
1992-09-27,626.8856
1992-09-28,649.8351
1992-09-29,776.94446
1992-09-30,981.8679
1992-10-01,993.69867
1992-10-02,870.5468
1992-10-03,789.47156
1992-10-04,720.0828
1992-10-05,689.6824
1992-10-06,717.94385
1992-10-07,744.37695
1992-10-08,694.19995
1992-10-09,669.58795
1992-10-10,689.22015
1992-10-11,733.2167
1992-10-12,766.9888
1992-10-13,749.6432
1992-10-14,692.42303
1992-10-15,690.2796
1992-10-16,754.90314
1992-10-17,841.38965
1992-10-18,766.75476
1992-10-19,706.0023
1992-10-20,680.9551
1992-10-21,715.45404
1992-10-22,769.7204
1992-10-23,765.62134
1992-10-24,731.7786
1992-10-25,663.39996
1992-10-26,753.3497
1992-10-27,903.52783
1992-10-28,859.29407
1992-10-29,705.37164
1992-10-30,588.25916
1992-10-31,535.008
1992-11-01,578.32166
1992-11-02,614.4011
1992-11-03,547.70294
1992-11-04,555.82776
1992-11-05,531.6774
1992-11-06,493.08163
1992-11-07,509.8547
1992-11-08,545.86584
1992-11-09,541.6917
1992-11-10,551.87897
1992-11-11,542.56323
1992-11-12,565.7923
1992-11-13,546.35315
1992-11-14,551.09467
1992-11-15,607.4835
1992-11-16,659.8571
1992-11-17,729.94244
1992-11-18,747.43713
1992-11-19,795.9396
1992-11-20,795.3686
1992-11-21,771.87274
1992-11-22,842.16187
1992-11-23,957.0315
1992-11-24,965.7386
1992-11-25,914.4693
1992-11-26,898.1196
1992-11-27,851.4079
1992-11-28,797.2544
1992-11-29,775.28503
1992-11-30,800.58417
1992-12-01,816.0401
1992-12-02,789.302
1992-12-03,712.1081
1992-12-04,647.1245
1992-12-05,624.74194
1992-12-06,677.7317
1992-12-07,828.0786
1992-12-08,850.0081
1992-12-09,713.8088
1992-12-10,632.50104
1992-12-11,552.6186
1992-12-12,501.84717
1992-12-13,481.65707
1992-12-14,477.31323
1992-12-15,474.0382
1992-12-16,480.8706
1992-12-17,493.71237
1992-12-18,464.44678
1992-12-19,427.5916
1992-12-20,427.12582
1992-12-21,429.41904
1992-12-22,406.25937
1992-12-23,374.32983
1992-12-24,372.13593
1992-12-25,391.1453
1992-12-26,465.07477
1992-12-27,588.2433
1992-12-28,526.071
1992-12-29,408.0875
1992-12-30,364.6106
1992-12-31,341.2495
1993-01-01,316.59363
1993-01-02,291.7092
1993-01-03,300.62054
1993-01-04,353.55026
1993-01-05,422.41068
1993-01-06,402.68536
1993-01-07,437.79877
1993-01-08,421.2117
1993-01-09,350.4763
1993-01-10,301.14587
1993-01-11,276.133
1993-01-12,259.24832
1993-01-13,249.48244
1993-01-14,241.77762
1993-01-15,234.5581
1993-01-16,227.93953
1993-01-17,223.26535
1993-01-18,225.6117
1993-01-19,237.04228
1993-01-20,250.45653
1993-01-21,245.00749
1993-01-22,212.62424
1993-01-23,213.19435
1993-01-24,219.08723
1993-01-25,203.73209
1993-01-26,188.30351
1993-01-27,186.90625
1993-01-28,187.83495
1993-01-29,209.27196
1993-01-30,243.40756
1993-01-31,243.94946
1993-02-01,277.86313
1993-02-02,296.93457
1993-02-03,290.87552
1993-02-04,301.72736
1993-02-05,324.44876
1993-02-06,298.19238
1993-02-07,278.03345
1993-02-08,252.25258
1993-02-09,244.79512
1993-02-10,250.0507
1993-02-11,285.75366
1993-02-12,301.0561
1993-02-13,236.40576
1993-02-14,190.07921
1993-02-15,187.60272
1993-02-16,194.34937
1993-02-17,189.07507
1993-02-18,166.82477
1993-02-19,157.79337
1993-02-20,151.69739
1993-02-21,147.30109
1993-02-22,169.064
1993-02-23,248.89566
1993-02-24,324.52615
1993-02-25,256.3778
1993-02-26,233.42949
1993-02-27,270.29715
1993-02-28,299.28757
1993-03-01,333.5001
1993-03-02,348.43124
1993-03-03,413.15485
1993-03-04,517.57886
1993-03-05,511.9272
1993-03-06,530.8957
1993-03-07,563.7233
1993-03-08,576.48706
1993-03-09,665.9731
1993-03-10,824.4584
1993-03-11,762.287
1993-03-12,618.95355
1993-03-13,592.1869
1993-03-14,686.8216
1993-03-15,833.1678
1993-03-16,977.4333
1993-03-17,1101.5875
1993-03-18,947.41974
1993-03-19,820.6646
1993-03-20,724.0059
1993-03-21,681.77545
1993-03-22,676.2623
1993-03-23,753.312
1993-03-24,853.66864
1993-03-25,937.50354
1993-03-26,1046.3942
1993-03-27,1412.3986
1993-03-28,1922.3656
1993-03-29,2151.2153
1993-03-30,1977.2004
1993-03-31,1764.3553
1993-04-01,1544.6736
1993-04-02,1403.5232
1993-04-03,1384.2294
1993-04-04,1413.427
1993-04-05,1340.8875
1993-04-06,1364.1107
1993-04-07,1417.152
1993-04-08,1428.6589
1993-04-09,1438.7894
1993-04-10,1402.1393
1993-04-11,1355.1128
1993-04-12,1305.7767
1993-04-13,1296.3693
1993-04-14,1340.9036
1993-04-15,1360.6471
1993-04-16,1375.4635
1993-04-17,1419.6674
1993-04-18,1368.4216
1993-04-19,1379.372
1993-04-20,1518.0089
1993-04-21,1636.7349
1993-04-22,2030.611
1993-04-23,2549.0457
1993-04-24,2577.9988
1993-04-25,2127.718
1993-04-26,1789.3912
1993-04-27,1720.9636
1993-04-28,1740.0428
1993-04-29,1767.4707
1993-04-30,2123.5854
1993-05-01,2235.9285
1993-05-02,1861.4655
1993-05-03,1767.6926
1993-05-04,1968.2377
1993-05-05,1850.4194
1993-05-06,1610.2065
1993-05-07,1422.9077
1993-05-08,1386.4725
1993-05-09,1344.4872
1993-05-10,1296.6171
1993-05-11,1296.5687
1993-05-12,1195.5773
1993-05-13,1032.6722
1993-05-14,952.7128
1993-05-15,874.22076
1993-05-16,824.8962
1993-05-17,916.5971
1993-05-18,1155.5623
1993-05-19,1343.4879
1993-05-20,1437.3534
1993-05-21,1507.4441
1993-05-22,1336.3324
1993-05-23,1280.4017
1993-05-24,1346.143
1993-05-25,1404.4213
1993-05-26,1442.8024
1993-05-27,1429.6522
1993-05-28,1375.1398
1993-05-29,1299.6943
1993-05-30,1274.8523
1993-05-31,1351.5385
1993-06-01,1311.1937
1993-06-02,1275.6246
1993-06-03,1316.6891
1993-06-04,1363.3373
1993-06-05,1320.2625
1993-06-06,1281.5454
1993-06-07,1396.296
1993-06-08,1705.2926
1993-06-09,2277.0352
1993-06-10,2341.744
1993-06-11,2184.9895
1993-06-12,2108.8784
1993-06-13,2121.0808
1993-06-14,2184.4355
1993-06-15,2161.492
1993-06-16,1923.0193
1993-06-17,1716.5867
1993-06-18,1623.8109
1993-06-19,1473.4547
1993-06-20,1388.356
1993-06-21,1342.2167
1993-06-22,1294.0588
1993-06-23,1261.8251
1993-06-24,1238.2484
1993-06-25,1288.6256
1993-06-26,1407.102
1993-06-27,1359.4368
1993-06-28,1374.7628
1993-06-29,1369.4022
1993-06-30,1401.4144
1993-07-01,1396.383
1993-07-02,1419.3597
1993-07-03,1417.0873
1993-07-04,1387.8904
1993-07-05,1374.4949
1993-07-06,1351.4022
1993-07-07,1308.0046
1993-07-08,1181.9281
1993-07-09,1090.6595
1993-07-10,1070.7427
1993-07-11,1177.6642
1993-07-12,1296.2468
1993-07-13,1358.7289
1993-07-14,1319.0765
1993-07-15,1314.9603
1993-07-16,1376.3507
1993-07-17,1406.0955
1993-07-18,1360.3292
1993-07-19,1343.4404
1993-07-20,1356.6036
1993-07-21,1315.6722
1993-07-22,1232.4629
1993-07-23,1154.3627
1993-07-24,1151.4847
1993-07-25,1127.7854
1993-07-26,1116.634
1993-07-27,1142.7562
1993-07-28,1092.3958
1993-07-29,961.23804
1993-07-30,982.5184
1993-07-31,1052.3702
1993-08-01,1190.2305
1993-08-02,1268.7811
1993-08-03,1147.092
1993-08-04,978.61395
1993-08-05,998.1918
1993-08-06,1129.8821
1993-08-07,987.6535
1993-08-08,824.1279
1993-08-09,750.10547
1993-08-10,752.1329
1993-08-11,773.35455
1993-08-12,733.226
1993-08-13,730.93933
1993-08-14,745.376
1993-08-15,747.6255
1993-08-16,766.00885
1993-08-17,730.7372
1993-08-18,749.00793
1993-08-19,825.5473
1993-08-20,857.00757
1993-08-21,863.63684
1993-08-22,857.38446
1993-08-23,827.7078
1993-08-24,753.06604
1993-08-25,746.4953
1993-08-26,834.1658
1993-08-27,929.5065
1993-08-28,992.82947
1993-08-29,859.0374
1993-08-30,793.7597
1993-08-31,809.34705
1993-09-01,750.0039
1993-09-02,715.6942
1993-09-03,737.9419
1993-09-04,831.2348
1993-09-05,894.29675
1993-09-06,933.81854
1993-09-07,964.2366
1993-09-08,869.2793
1993-09-09,780.81213
1993-09-10,744.98285
1993-09-11,738.9032
1993-09-12,794.31055
1993-09-13,868.4779
1993-09-14,857.55664
1993-09-15,822.1685
1993-09-16,790.3547
1993-09-17,784.0836
1993-09-18,881.9814
1993-09-19,950.1859
1993-09-20,1009.9725
1993-09-21,957.4706
1993-09-22,843.5758
1993-09-23,800.1296
1993-09-24,753.83826
1993-09-25,698.5362
1993-09-26,646.07007
1993-09-27,629.7922
1993-09-28,636.1003
1993-09-29,657.15295
1993-09-30,695.6564
1993-10-01,664.3753
1993-10-02,600.6271
1993-10-03,575.6741
1993-10-04,580.5809
1993-10-05,558.0748
1993-10-06,519.7362
1993-10-07,517.31085
1993-10-08,591.1084
1993-10-09,612.42175
1993-10-10,550.8363
1993-10-11,520.851
1993-10-12,642.4622
1993-10-13,705.9901
1993-10-14,630.6185
1993-10-15,600.8757
1993-10-16,664.29285
1993-10-17,629.9653
1993-10-18,580.97955
1993-10-19,561.2412
1993-10-20,577.85394
1993-10-21,637.94867
1993-10-22,638.7
1993-10-23,657.25586
1993-10-24,759.5917
1993-10-25,785.3797
1993-10-26,748.7527
1993-10-27,777.81024
1993-10-28,840.9232
1993-10-29,831.87396
1993-10-30,779.80945
1993-10-31,751.7631
1993-11-01,710.9091
1993-11-02,715.923
1993-11-03,758.54504
1993-11-04,912.05084
1993-11-05,990.67926
1993-11-06,1011.83875
1993-11-07,973.6959
1993-11-08,983.62506
1993-11-09,977.9407
1993-11-10,1017.84564
1993-11-11,1044.895
1993-11-12,1099.6208
1993-11-13,1122.9884
1993-11-14,1100.4314
1993-11-15,1162.0958
1993-11-16,1228.1641
1993-11-17,1209.5758
1993-11-18,1192.3834
1993-11-19,1082.6918
1993-11-20,1017.68506
1993-11-21,1005.01514
1993-11-22,1021.568
1993-11-23,976.70844
1993-11-24,881.7862
1993-11-25,811.30664
1993-11-26,795.32306
1993-11-27,867.7724
1993-11-28,990.78876
1993-11-29,1006.6999
1993-11-30,966.2065
1993-12-01,881.2592
1993-12-02,827.4152
1993-12-03,804.5779
1993-12-04,756.268
1993-12-05,746.499
1993-12-06,746.87933
1993-12-07,702.42816
1993-12-08,721.0511
1993-12-09,810.3939
1993-12-10,832.2239
1993-12-11,899.8049
1993-12-12,965.3795
1993-12-13,998.34174
1993-12-14,944.29456
1993-12-15,838.4431
1993-12-16,716.1512
1993-12-17,653.2527
1993-12-18,615.92096
1993-12-19,589.86115
1993-12-20,566.3675
1993-12-21,543.9157
1993-12-22,522.4297
1993-12-23,501.33014
1993-12-24,479.31195
1993-12-25,456.92685
1993-12-26,435.35815
1993-12-27,414.28574
1993-12-28,393.58398
1993-12-29,373.46466
1993-12-30,354.22983
1993-12-31,336.11493
1994-01-01,318.95395
1994-01-02,302.51782
1994-01-03,286.87045
1994-01-04,272.12833
1994-01-05,258.35733
1994-01-06,245.50185
1994-01-07,233.58966
1994-01-08,222.54198
1994-01-09,212.06723
1994-01-10,202.06073
1994-01-11,192.64601
1994-01-12,184.54362
1994-01-13,177.08742
1994-01-14,184.04898
1994-01-15,220.75539
1994-01-16,233.05864
1994-01-17,183.51247
1994-01-18,154.82867
1994-01-19,146.84105
1994-01-20,138.94629
1994-01-21,131.03467
1994-01-22,124.85071
1994-01-23,119.52688
1994-01-24,114.634026
1994-01-25,109.96477
1994-01-26,105.45929
1994-01-27,101.345245
1994-01-28,98.88261
1994-01-29,99.78378
1994-01-30,101.24254
1994-01-31,98.305595
1994-02-01,92.49569
1994-02-02,85.77978
1994-02-03,81.61341
1994-02-04,84.52291
1994-02-05,101.026726
1994-02-06,150.53122
1994-02-07,212.98027
1994-02-08,175.55501
1994-02-09,120.27775
1994-02-10,94.2052
1994-02-11,79.46444
1994-02-12,70.30344
1994-02-13,66.149796
1994-02-14,62.861713
1994-02-15,59.14327
1994-02-16,55.544415
1994-02-17,62.615353
1994-02-18,84.26684
1994-02-19,123.16
1994-02-20,123.11681
1994-02-21,135.2252
1994-02-22,245.04668
1994-02-23,294.50342
1994-02-24,273.42136
1994-02-25,279.71066
1994-02-26,353.61072
1994-02-27,383.9997
1994-02-28,454.43027
1994-03-01,482.13263
1994-03-02,354.16956
1994-03-03,267.10294
1994-03-04,295.76117
1994-03-05,326.62936
1994-03-06,273.16727
1994-03-07,238.00659
1994-03-08,276.52942
1994-03-09,261.2161
1994-03-10,196.38652
1994-03-11,154.13228
1994-03-12,199.58562
1994-03-13,301.43747
1994-03-14,356.16858
1994-03-15,396.8124
1994-03-16,424.81345
1994-03-17,376.40186
1994-03-18,439.78973
1994-03-19,554.05707
1994-03-20,572.0497
1994-03-21,534.23145
1994-03-22,505.3076
1994-03-23,603.92267
1994-03-24,624.042
1994-03-25,638.68427
1994-03-26,595.1417
1994-03-27,638.8836
1994-03-28,795.3578
1994-03-29,1068.3328
1994-03-30,1327.1842
1994-03-31,1393.702
1994-04-01,1347.7479
1994-04-02,1394.6754
1994-04-03,1540.2032
1994-04-04,1829.5552
1994-04-05,2326.8042
1994-04-06,2176.23
1994-04-07,1774.7484
1994-04-08,1479.5725
1994-04-09,1385.1034
1994-04-10,1470.8658
1994-04-11,1706.2767
1994-04-12,1794.1904
1994-04-13,1923.2253
1994-04-14,2020.4899
1994-04-15,1962.6627
1994-04-16,2098.8186
1994-04-17,2384.4155
1994-04-18,2421.9692
1994-04-19,2184.4082
1994-04-20,2128.234
1994-04-21,2092.6272
1994-04-22,1956.649
1994-04-23,1839.2617
1994-04-24,1730.2759
1994-04-25,1669.9642
1994-04-26,1631.6074
1994-04-27,1542.7101
1994-04-28,1460.6249
1994-04-29,1415.3475
1994-04-30,1317.8317
1994-05-01,1212.3254
1994-05-02,1151.2972
1994-05-03,1185.7423
1994-05-04,1182.4567
1994-05-05,1223.1597
1994-05-06,1188.0443
1994-05-07,1217.1757
1994-05-08,1304.751
1994-05-09,1277.9639
1994-05-10,1260.0862
1994-05-11,1430.0714
1994-05-12,1562.9938
1994-05-13,1849.7201
1994-05-14,2178.9963
1994-05-15,2165.1743
1994-05-16,2190.62
1994-05-17,2658.927
1994-05-18,2699.8748
1994-05-19,2322.4631
1994-05-20,2126.8188
1994-05-21,1922.5367
1994-05-22,1727.0316
1994-05-23,1600.534
1994-05-24,1461.5269
1994-05-25,1337.598
1994-05-26,1357.4166
1994-05-27,1403.7366
1994-05-28,1425.4122
1994-05-29,1362.8047
1994-05-30,1380.7461
1994-05-31,1369.0287
1994-06-01,1313.8766
1994-06-02,1580.2473
1994-06-03,1883.1123
1994-06-04,1869.0731
1994-06-05,1825.2822
1994-06-06,2010.3668
1994-06-07,2893.2012
1994-06-08,3604.2769
1994-06-09,3015.2048
1994-06-10,2459.4575
1994-06-11,2183.3718
1994-06-12,2196.949
1994-06-13,2198.3047
1994-06-14,1947.3313
1994-06-15,1793.6963
1994-06-16,1758.8022
1994-06-17,1969.6188
1994-06-18,2043.1042
1994-06-19,1838.7465
1994-06-20,1617.6543
1994-06-21,1494.8364
1994-06-22,1408.2432
1994-06-23,1347.0509
1994-06-24,1281.1146
1994-06-25,1302.311
1994-06-26,1215.2383
1994-06-27,1150.3973
1994-06-28,1612.2009
1994-06-29,3043.1638
1994-06-30,3484.6487
1994-07-01,2446.1436
1994-07-02,1973.2047
1994-07-03,1721.8121
1994-07-04,1529.7778
1994-07-05,1411.3619
1994-07-06,1323.4132
1994-07-07,1331.5216
1994-07-08,1336.2168
1994-07-09,1291.4587
1994-07-10,1438.125
1994-07-11,1648.1609
1994-07-12,1896.4023
1994-07-13,2521.8252
1994-07-14,3219.1172
1994-07-15,2786.8252
1994-07-16,2110.6365
1994-07-17,1778.2174
1994-07-18,1614.236
1994-07-19,1522.1694
1994-07-20,1369.8147
1994-07-21,1288.5177
1994-07-22,1180.9907
1994-07-23,1057.4843
1994-07-24,1041.0775
1994-07-25,1063.0011
1994-07-26,1167.5569
1994-07-27,1183.8646
1994-07-28,1195.4893
1994-07-29,1157.557
1994-07-30,1072.6672
1994-07-31,1120.0742
1994-08-01,1189.7722
1994-08-02,1188.3018
1994-08-03,1192.9408
1994-08-04,1326.0491
1994-08-05,1403.061
1994-08-06,1352.954
1994-08-07,1282.5289
1994-08-08,1274.8115
1994-08-09,1314.8386
1994-08-10,1335.7874
1994-08-11,1260.7316
1994-08-12,1249.9198
1994-08-13,1614.0936
1994-08-14,2054.3083
1994-08-15,2236.4045
1994-08-16,2018.2139
1994-08-17,1870.6824
1994-08-18,1696.3801
1994-08-19,1538.7242
1994-08-20,1459.7124
1994-08-21,1303.7523
1994-08-22,1244.97
1994-08-23,1275.6509
1994-08-24,1284.1605
1994-08-25,1197.2251
1994-08-26,1112.1895
1994-08-27,1048.8966
1994-08-28,942.28906
1994-08-29,932.1426
1994-08-30,996.8099
1994-08-31,968.31384
1994-09-01,924.7189
1994-09-02,892.4693
1994-09-03,898.45557
1994-09-04,955.1259
1994-09-05,956.1983
1994-09-06,979.4062
1994-09-07,931.01764
1994-09-08,867.9811
1994-09-09,825.09924
1994-09-10,750.6998
1994-09-11,724.2622
1994-09-12,764.1337
1994-09-13,794.8357
1994-09-14,721.5552
1994-09-15,649.99457
1994-09-16,613.93555
1994-09-17,604.9633
1994-09-18,616.83246
1994-09-19,701.35254
1994-09-20,801.4423
1994-09-21,806.4863
1994-09-22,773.8534
1994-09-23,689.6575
1994-09-24,690.1371
1994-09-25,785.342
1994-09-26,822.7398
1994-09-27,793.29266
1994-09-28,788.6231
1994-09-29,809.369
1994-09-30,872.9714
1994-10-01,835.74225
1994-10-02,816.0179
1994-10-03,766.1832
1994-10-04,738.27527
1994-10-05,762.8068
1994-10-06,785.5716
1994-10-07,875.64233
1994-10-08,950.1896
1994-10-09,936.7067
1994-10-10,911.45795
1994-10-11,818.86005
1994-10-12,771.2635
1994-10-13,838.70215
1994-10-14,834.062
1994-10-15,837.6694
1994-10-16,903.5867
1994-10-17,938.4062
1994-10-18,944.3029
1994-10-19,845.19934
1994-10-20,762.85815
1994-10-21,739.95715
1994-10-22,733.55884
1994-10-23,744.8363
1994-10-24,716.7543
1994-10-25,748.1491
1994-10-26,802.5013
1994-10-27,770.35565
1994-10-28,670.919
1994-10-29,582.20294
1994-10-30,551.9087
1994-10-31,584.76526
1994-11-01,676.66815
1994-11-02,825.41565
1994-11-03,832.6118
1994-11-04,781.92474
1994-11-05,843.52985
1994-11-06,844.61914
1994-11-07,782.4051
1994-11-08,764.36316
1994-11-09,751.80725
1994-11-10,779.7405
1994-11-11,771.9062
1994-11-12,754.94086
1994-11-13,731.49896
1994-11-14,764.88776
1994-11-15,815.5289
1994-11-16,808.7484
1994-11-17,734.8857
1994-11-18,636.1856
1994-11-19,578.1624
1994-11-20,547.3478
1994-11-21,527.19495
1994-11-22,513.46954
1994-11-23,497.80197
1994-11-24,490.4032
1994-11-25,524.9472
1994-11-26,541.5622
1994-11-27,542.67487
1994-11-28,599.1377
1994-11-29,596.34216
1994-11-30,500.2347
1994-12-01,438.1542
1994-12-02,396.73633
1994-12-03,387.99805
1994-12-04,414.75726
1994-12-05,376.39413
1994-12-06,392.408
1994-12-07,408.5648
1994-12-08,368.6395
1994-12-09,389.05957
1994-12-10,406.14362
1994-12-11,370.06183
1994-12-12,363.18048
1994-12-13,371.10013
1994-12-14,337.8166
1994-12-15,336.4585
1994-12-16,305.1615
1994-12-17,278.2453
1994-12-18,264.35352
1994-12-19,272.0496
1994-12-20,298.40967
1994-12-21,311.8169
1994-12-22,319.29974
1994-12-23,274.96622
1994-12-24,254.41501
1994-12-25,243.73848
1994-12-26,225.1992
1994-12-27,212.31796
1994-12-28,205.09337
1994-12-29,199.05887
1994-12-30,193.05841
1994-12-31,186.93964
1995-01-01,180.76494
1995-01-02,174.7706
1995-01-03,168.94267
1995-01-04,163.22168
1995-01-05,157.5393
1995-01-06,151.84013
1995-01-07,146.18143
1995-01-08,140.73097
1995-01-09,135.38802
1995-01-10,130.18582
1995-01-11,125.19131
1995-01-12,120.423836
1995-01-13,115.85411
1995-01-14,111.511604
1995-01-15,107.37869
1995-01-16,103.710724
1995-01-17,103.153145
1995-01-18,111.27203
1995-01-19,134.77603
1995-01-20,162.82849
1995-01-21,190.92216
1995-01-22,195.40784
1995-01-23,183.51474
1995-01-24,189.31143
1995-01-25,220.69005
1995-01-26,197.79352
1995-01-27,136.43518
1995-01-28,101.7542
1995-01-29,86.621635
1995-01-30,76.76726
1995-01-31,70.3767
1995-02-01,67.2931
1995-02-02,64.40415
1995-02-03,61.6547
1995-02-04,59.032516
1995-02-05,56.19891
1995-02-06,53.773083
1995-02-07,51.8946
1995-02-08,50.0344
1995-02-09,47.79069
1995-02-10,45.465954
1995-02-11,42.45224
1995-02-12,38.675385
1995-02-13,33.904522
1995-02-14,29.649418
1995-02-15,26.961426
1995-02-16,24.199755
1995-02-17,20.664824
1995-02-18,17.994213
1995-02-19,15.683881
1995-02-20,14.189622
1995-02-21,13.659682
1995-02-22,13.305237
1995-02-23,13.208599
1995-02-24,21.765352
1995-02-25,32.990578
1995-02-26,43.23603
1995-02-27,66.254166
1995-02-28,147.20552
1995-03-01,163.86629
1995-03-02,114.18532
1995-03-03,92.19624
1995-03-04,145.09596
1995-03-05,232.96509
1995-03-06,359.42087
1995-03-07,383.33405
1995-03-08,269.6626
1995-03-09,194.20705
1995-03-10,166.57126
1995-03-11,162.5301
1995-03-12,277.4501
1995-03-13,419.69427
1995-03-14,474.3338
1995-03-15,390.83798
1995-03-16,291.6572
1995-03-17,193.47676
1995-03-18,129.25043
1995-03-19,110.41275
1995-03-20,108.40102
1995-03-21,95.42246
1995-03-22,127.00919
1995-03-23,248.39902
1995-03-24,258.9504
1995-03-25,164.46521
1995-03-26,161.44316
1995-03-27,235.98474
1995-03-28,299.58713
1995-03-29,237.15646
1995-03-30,198.25194
1995-03-31,152.64285
1995-04-01,103.13323
1995-04-02,112.893684
1995-04-03,173.02022
1995-04-04,210.16771
1995-04-05,294.45972
1995-04-06,294.21085
1995-04-07,207.12308
1995-04-08,292.59802
1995-04-09,373.35275
1995-04-10,346.9976
1995-04-11,322.62906
1995-04-12,378.1503
1995-04-13,414.35535
1995-04-14,507.63248
1995-04-15,483.09537
1995-04-16,325.91476
1995-04-17,267.17316
1995-04-18,432.66992
1995-04-19,523.54065
1995-04-20,430.5136
1995-04-21,406.25177
1995-04-22,565.01605
1995-04-23,782.4765
1995-04-24,973.8901
1995-04-25,1127.914
1995-04-26,1261.6616
1995-04-27,1254.8485
1995-04-28,1164.6301
1995-04-29,1097.2678
1995-04-30,1130.0955
1995-05-01,1129.6362
1995-05-02,1159.6215
1995-05-03,1080.4456
1995-05-04,956.77496
1995-05-05,916.56256
1995-05-06,995.74884
1995-05-07,920.08276
1995-05-08,855.41205
1995-05-09,830.58276
1995-05-10,813.2657
1995-05-11,853.02515
1995-05-12,1058.3328
1995-05-13,1030.3212
1995-05-14,971.0051
1995-05-15,1095.7242
1995-05-16,1243.6355
1995-05-17,1253.0548
1995-05-18,1214.441
1995-05-19,1234.0292
1995-05-20,1386.0874
1995-05-21,1599.7748
1995-05-22,1679.6709
1995-05-23,1595.5756
1995-05-24,1547.6082
1995-05-25,1457.7808
1995-05-26,1507.5951
1995-05-27,1678.3075
1995-05-28,1659.5785
1995-05-29,1603.328
1995-05-30,1548.8151
1995-05-31,1547.3679
1995-06-01,1502.386
1995-06-02,1476.7982
1995-06-03,1471.6714
1995-06-04,1379.0592
1995-06-05,1289.499
1995-06-06,1269.5271
1995-06-07,1307.3804
1995-06-08,1324.2007
1995-06-09,1328.6448
1995-06-10,1342.1808
1995-06-11,1288.8718
1995-06-12,1213.0822
1995-06-13,1325.319
1995-06-14,1472.147
1995-06-15,1596.1732
1995-06-16,1959.0565
1995-06-17,1975.0231
1995-06-18,1618.5
1995-06-19,1435.8813
1995-06-20,1429.3917
1995-06-21,1437.4297
1995-06-22,1495.7477
1995-06-23,1636.3605
1995-06-24,1739.3829
1995-06-25,1736.4412
1995-06-26,1638.6179
1995-06-27,1828.5005
1995-06-28,2306.6213
1995-06-29,2234.4734
1995-06-30,2082.036
1995-07-01,1930.9757
1995-07-02,1872.939
1995-07-03,1971.8715
1995-07-04,1858.8472
1995-07-05,1745.6265
1995-07-06,1719.0836
1995-07-07,1721.6185
1995-07-08,1612.3553
1995-07-09,1462.268
1995-07-10,1325.8865
1995-07-11,1236.9963
1995-07-12,1195.144
1995-07-13,1149.6396
1995-07-14,1172.0823
1995-07-15,1144.4766
1995-07-16,1150.8252
1995-07-17,1186.7458
1995-07-18,1124.3557
1995-07-19,1151.2428
1995-07-20,1107.2002
1995-07-21,985.2942
1995-07-22,1047.6735
1995-07-23,1205.3167
1995-07-24,1303.8007
1995-07-25,1353.1786
1995-07-26,1430.176
1995-07-27,1470.5148
1995-07-28,1435.9507
1995-07-29,1460.4965
1995-07-30,1471.6001
1995-07-31,1480.1392
1995-08-01,1543.1143
1995-08-02,1490.946
1995-08-03,1445.3093
1995-08-04,1360.4672
1995-08-05,1232.0483
1995-08-06,1134.0929
1995-08-07,1054.6486
1995-08-08,1030.9666
1995-08-09,986.81525
1995-08-10,917.4457
1995-08-11,854.3307
1995-08-12,816.8697
1995-08-13,810.8151
1995-08-14,811.9958
1995-08-15,767.98004
1995-08-16,713.38074
1995-08-17,668.66547
1995-08-18,673.9142
1995-08-19,740.1846
1995-08-20,845.08563
1995-08-21,819.9488
1995-08-22,818.4808
1995-08-23,767.35315
1995-08-24,681.36255
1995-08-25,692.0041
1995-08-26,646.6402
1995-08-27,586.00476
1995-08-28,580.7738
1995-08-29,585.0535
1995-08-30,588.7944
1995-08-31,669.72845
1995-09-01,675.24036
1995-09-02,659.45746
1995-09-03,729.19196
1995-09-04,747.6704
1995-09-05,676.8912
1995-09-06,666.2912
1995-09-07,642.6003
1995-09-08,644.994
1995-09-09,665.97784
1995-09-10,655.49335
1995-09-11,606.4125
1995-09-12,609.3329
1995-09-13,598.587
1995-09-14,579.7132
1995-09-15,647.6192
1995-09-16,699.40845
1995-09-17,682.52527
1995-09-18,611.3577
1995-09-19,557.98395
1995-09-20,513.07745
1995-09-21,496.04193
1995-09-22,589.07434
1995-09-23,739.3897
1995-09-24,814.90393
1995-09-25,777.7845
1995-09-26,774.2781
1995-09-27,705.8942
1995-09-28,619.71246
1995-09-29,580.33704
1995-09-30,511.13455
1995-10-01,514.258
1995-10-02,602.59296
1995-10-03,701.71436
1995-10-04,734.17
1995-10-05,690.86145
1995-10-06,637.4921
1995-10-07,611.8999
1995-10-08,585.6131
1995-10-09,564.6917
1995-10-10,563.637
1995-10-11,571.4289
1995-10-12,592.813
1995-10-13,608.4271
1995-10-14,622.4679
1995-10-15,582.93945
1995-10-16,545.245
1995-10-17,598.88947
1995-10-18,621.36414
1995-10-19,640.4156
1995-10-20,705.7464
1995-10-21,636.8752
1995-10-22,528.9952
1995-10-23,503.0825
1995-10-24,527.9502
1995-10-25,559.9221
1995-10-26,562.79834
1995-10-27,664.233
1995-10-28,769.3668
1995-10-29,808.96704
1995-10-30,764.9858
1995-10-31,684.345
1995-11-01,674.22205
1995-11-02,762.99725
1995-11-03,838.836
1995-11-04,841.2309
1995-11-05,790.9341
1995-11-06,734.3435
1995-11-07,741.0559
1995-11-08,836.6304
1995-11-09,954.5277
1995-11-10,1013.4341
1995-11-11,982.05194
1995-11-12,911.317
1995-11-13,811.26495
1995-11-14,742.28723
1995-11-15,712.1274
1995-11-16,734.44275
1995-11-17,799.5822
1995-11-18,776.21027
1995-11-19,709.1244
1995-11-20,678.2666
1995-11-21,655.8079
1995-11-22,692.89075
1995-11-23,707.62225
1995-11-24,628.5135
1995-11-25,566.52124
1995-11-26,546.68835
1995-11-27,518.44226
1995-11-28,475.49637
1995-11-29,451.3078
1995-11-30,433.42676
1995-12-01,416.54007
1995-12-02,399.85406
1995-12-03,383.2499
1995-12-04,367.3576
1995-12-05,358.87604
1995-12-06,358.4073
1995-12-07,345.69507
1995-12-08,322.79263
1995-12-09,305.06165
1995-12-10,292.4893
1995-12-11,283.5009
1995-12-12,279.03043
1995-12-13,273.82028
1995-12-14,255.59406
1995-12-15,240.77507
1995-12-16,259.70486
1995-12-17,252.92308
1995-12-18,218.55212
1995-12-19,215.62035
1995-12-20,252.62262
1995-12-21,299.51385
1995-12-22,318.72855
1995-12-23,336.43713
1995-12-24,314.4608
1995-12-25,328.3107
1995-12-26,348.11887
1995-12-27,375.58716
1995-12-28,413.73486
1995-12-29,385.12314
1995-12-30,279.47916
1995-12-31,245.06683
1996-01-01,277.89117
1996-01-02,260.16754
1996-01-03,201.73566
1996-01-04,164.82407
1996-01-05,157.16495
1996-01-06,165.86998
1996-01-07,164.04166
1996-01-08,151.76292
1996-01-09,138.0016
1996-01-10,132.74692
1996-01-11,131.17612
1996-01-12,129.27745
1996-01-13,126.916695
1996-01-14,125.83013
1996-01-15,124.099434
1996-01-16,121.10562
1996-01-17,119.14317
1996-01-18,113.2798
1996-01-19,108.42852
1996-01-20,104.28827
1996-01-21,100.83732
1996-01-22,97.58807
1996-01-23,94.49672
1996-01-24,91.46139
1996-01-25,88.45294
1996-01-26,85.41322
1996-01-27,81.229965
1996-01-28,76.12517
1996-01-29,72.47656
1996-01-30,69.73941
1996-01-31,67.261986
1996-02-01,65.76037
1996-02-02,73.54673
1996-02-03,109.92566
1996-02-04,169.36479
1996-02-05,180.6547
1996-02-06,180.11021
1996-02-07,176.47777
1996-02-08,109.657196
1996-02-09,82.32709
1996-02-10,112.80212
1996-02-11,184.18741
1996-02-12,239.59525
1996-02-13,260.2588
1996-02-14,354.72797
1996-02-15,420.32007
1996-02-16,394.33038
1996-02-17,341.04242
1996-02-18,283.59842
1996-02-19,273.43204
1996-02-20,358.2895
1996-02-21,363.9681
1996-02-22,223.6563
1996-02-23,143.53236
1996-02-24,129.16771
1996-02-25,128.11137
1996-02-26,146.86188
1996-02-27,277.91278
1996-02-28,359.93134
1996-02-29,322.60382
1996-03-01,384.67148
1996-03-02,472.56802
1996-03-03,522.16077
1996-03-04,635.66425
1996-03-05,739.9643
1996-03-06,605.1541
1996-03-07,439.48267
1996-03-08,398.1789
1996-03-09,354.7801
1996-03-10,334.8595
1996-03-11,370.66327
1996-03-12,497.0684
1996-03-13,561.5286
1996-03-14,564.62164
1996-03-15,581.79156
1996-03-16,425.12717
1996-03-17,311.54578
1996-03-18,279.8272
1996-03-19,264.5708
1996-03-20,255.45346
1996-03-21,247.98193
1996-03-22,249.44601
1996-03-23,284.4973
1996-03-24,337.32257
1996-03-25,376.68567
1996-03-26,476.93036
1996-03-27,607.54736
1996-03-28,568.3407
1996-03-29,391.5783
1996-03-30,282.04938
1996-03-31,288.5431
1996-04-01,358.0887
1996-04-02,395.8764
1996-04-03,430.48685
1996-04-04,511.92795
1996-04-05,522.13293
1996-04-06,611.3968
1996-04-07,697.09766
1996-04-08,689.5233
1996-04-09,753.4691
1996-04-10,849.8024
1996-04-11,961.524
1996-04-12,1045.021
1996-04-13,958.0124
1996-04-14,829.5791
1996-04-15,746.4843
1996-04-16,754.9151
1996-04-17,762.463
1996-04-18,658.15186
1996-04-19,569.277
1996-04-20,522.11414
1996-04-21,492.3378
1996-04-22,468.10983
1996-04-23,452.0437
1996-04-24,466.7459
1996-04-25,502.1193
1996-04-26,604.43854
1996-04-27,744.0007
1996-04-28,809.515
1996-04-29,820.2288
1996-04-30,906.8093
1996-05-01,843.42426
1996-05-02,779.4214
1996-05-03,749.67255
1996-05-04,768.0377
1996-05-05,826.5892
1996-05-06,855.1941
1996-05-07,902.2905
1996-05-08,950.9463
1996-05-09,1078.3868
1996-05-10,1259.7037
1996-05-11,1556.0442
1996-05-12,1895.2025
1996-05-13,2180.2236
1996-05-14,1925.0708
1996-05-15,1801.3658
1996-05-16,2006.5643
1996-05-17,2245.3064
1996-05-18,1965.4427
1996-05-19,1715.0092
1996-05-20,1529.0698
1996-05-21,1474.1351
1996-05-22,1468.5708
1996-05-23,1364.928
1996-05-24,1333.5298
1996-05-25,1210.8242
1996-05-26,1073.7662
1996-05-27,999.6364
1996-05-28,1027.0107
1996-05-29,1088.9962
1996-05-30,1122.2952
1996-05-31,1111.2268
1996-06-01,1111.9612
1996-06-02,1016.8517
1996-06-03,1095.8645
1996-06-04,1362.2573
1996-06-05,1384.9893
1996-06-06,1328.4468
1996-06-07,1329.0411
1996-06-08,1321.2151
1996-06-09,1302.5128
1996-06-10,1270.6538
1996-06-11,1313.3728
1996-06-12,1302.4613
1996-06-13,1268.2374
1996-06-14,1261.1078
1996-06-15,1187.0927
1996-06-16,1164.5978
1996-06-17,1293.6791
1996-06-18,1507.3026
1996-06-19,1642.0377
1996-06-20,1658.6785
1996-06-21,1678.8359
1996-06-22,1752.3425
1996-06-23,2236.453
1996-06-24,2626.5117
1996-06-25,2693.9895
1996-06-26,2603.8748
1996-06-27,2129.61
1996-06-28,1898.4537
1996-06-29,1694.2842
1996-06-30,1583.6931
1996-07-01,1613.1022
1996-07-02,1700.9077
1996-07-03,1608.265
1996-07-04,1404.9003
1996-07-05,1295.679
1996-07-06,1268.2911
1996-07-07,1240.4783
1996-07-08,1224.7542
1996-07-09,1113.8856
1996-07-10,1031.7987
1996-07-11,1035.9623
1996-07-12,1022.29535
1996-07-13,1060.2389
1996-07-14,1146.3889
1996-07-15,1050.8401
1996-07-16,942.0775
1996-07-17,954.3598
1996-07-18,872.31903
1996-07-19,790.8791
1996-07-20,792.7989
1996-07-21,845.2064
1996-07-22,925.4415
1996-07-23,992.64526
1996-07-24,1020.6453
1996-07-25,1076.2449
1996-07-26,1091.8341
1996-07-27,1076.5946
1996-07-28,1127.3083
1996-07-29,1143.4332
1996-07-30,1167.5549
1996-07-31,1305.4629
1996-08-01,1451.9122
1996-08-02,1561.7448
1996-08-03,1732.7266
1996-08-04,1710.0065
1996-08-05,1497.4595
1996-08-06,1394.8789
1996-08-07,1323.069
1996-08-08,1335.8602
1996-08-09,1347.2733
1996-08-10,1379.3365
1996-08-11,1277.509
1996-08-12,1214.4568
1996-08-13,1133.7263
1996-08-14,1040.4144
1996-08-15,997.1477
1996-08-16,968.88165
1996-08-17,919.3185
1996-08-18,919.94006
1996-08-19,899.89276
1996-08-20,860.21844
1996-08-21,818.6117
1996-08-22,743.40094
1996-08-23,764.1144
1996-08-24,799.76794
1996-08-25,773.657
1996-08-26,765.09814
1996-08-27,792.36176
1996-08-28,782.5538
1996-08-29,744.6193
1996-08-30,773.91626
1996-08-31,765.21857
1996-09-01,739.64667
1996-09-02,696.0061
1996-09-03,688.3448
1996-09-04,640.59247
1996-09-05,569.5188
1996-09-06,535.15814
1996-09-07,532.3276
1996-09-08,543.9372
1996-09-09,531.2276
1996-09-10,528.9363
1996-09-11,518.6106
1996-09-12,522.77155
1996-09-13,563.39905
1996-09-14,550.3001
1996-09-15,579.9092
1996-09-16,645.08276
1996-09-17,680.6039
1996-09-18,698.6842
1996-09-19,655.598
1996-09-20,592.4363
1996-09-21,549.6577
1996-09-22,591.2468
1996-09-23,706.81036
1996-09-24,730.1408
1996-09-25,696.38367
1996-09-26,756.4431
1996-09-27,812.2213
1996-09-28,832.22766
1996-09-29,819.2077
1996-09-30,706.9949
1996-10-01,677.8014
1996-10-02,727.3767
1996-10-03,724.8685
1996-10-04,662.7157
1996-10-05,648.1431
1996-10-06,641.0173
1996-10-07,645.69586
1996-10-08,682.6364
1996-10-09,695.6783
1996-10-10,725.3262
1996-10-11,690.43665
1996-10-12,645.94666
1996-10-13,643.7819
1996-10-14,704.7873
1996-10-15,761.7592
1996-10-16,857.81683
1996-10-17,1011.9421
1996-10-18,1045.3049
1996-10-19,910.05756
1996-10-20,802.6574
1996-10-21,726.97906
1996-10-22,724.26465
1996-10-23,822.7955
1996-10-24,874.65295
1996-10-25,962.16724
1996-10-26,957.1372
1996-10-27,966.42847
1996-10-28,994.27637
1996-10-29,908.77344
1996-10-30,753.89514
1996-10-31,769.3664
1996-11-01,848.15784
1996-11-02,849.37463
1996-11-03,840.32275
1996-11-04,818.1069
1996-11-05,750.10657
1996-11-06,693.787
1996-11-07,655.0527
1996-11-08,629.1613
1996-11-09,644.7614
1996-11-10,653.3458
1996-11-11,669.99695
1996-11-12,753.15204
1996-11-13,854.1275
1996-11-14,863.5103
1996-11-15,798.4132
1996-11-16,761.83545
1996-11-17,699.3989
1996-11-18,614.7635
1996-11-19,593.5078
1996-11-20,572.78345
1996-11-21,543.87585
1996-11-22,513.1101
1996-11-23,525.7825
1996-11-24,551.27045
1996-11-25,550.97363
1996-11-26,533.2173
1996-11-27,530.92084
1996-11-28,596.9058
1996-11-29,745.21094
1996-11-30,751.0674
1996-12-01,696.6669
1996-12-02,589.7484
1996-12-03,538.0389
1996-12-04,518.15125
1996-12-05,535.2343
1996-12-06,564.14874
1996-12-07,558.5641
1996-12-08,589.3912
1996-12-09,611.6423
1996-12-10,603.97955
1996-12-11,562.05273
1996-12-12,576.034
1996-12-13,661.7793
1996-12-14,675.1586
1996-12-15,731.57666
1996-12-16,719.57434
1996-12-17,764.57355
1996-12-18,819.54126
1996-12-19,754.1958
1996-12-20,680.1451
1996-12-21,672.3489
1996-12-22,659.20996
1996-12-23,636.9862
1996-12-24,620.8766
1996-12-25,577.056
1996-12-26,564.4584
1996-12-27,564.0854
1996-12-28,538.5657
1996-12-29,495.28357
1996-12-30,462.13376
1996-12-31,439.90536
1997-01-01,421.01077
1997-01-02,403.2829
1997-01-03,386.2885
1997-01-04,369.6831
1997-01-05,353.345
1997-01-06,337.3269
1997-01-07,321.71014
1997-01-08,306.6367
1997-01-09,292.21765
1997-01-10,278.58795
1997-01-11,268.33636
1997-01-12,261.26855
1997-01-13,252.70186
1997-01-14,250.68715
1997-01-15,244.62874
1997-01-16,227.33641
1997-01-17,226.97725
1997-01-18,249.34026
1997-01-19,239.88414
1997-01-20,218.02249
1997-01-21,199.54591
1997-01-22,179.69016
1997-01-23,168.87823
1997-01-24,161.15562
1997-01-25,154.1897
1997-01-26,147.62094
1997-01-27,141.41724
1997-01-28,135.54813
1997-01-29,129.89772
1997-01-30,124.36589
1997-01-31,118.94562
1997-02-01,113.84508
1997-02-02,109.0755
1997-02-03,104.646484
1997-02-04,100.424866
1997-02-05,97.69087
1997-02-06,99.22589
1997-02-07,108.68661
1997-02-08,158.33046
1997-02-09,232.27231
1997-02-10,267.40353
1997-02-11,292.8384
1997-02-12,310.65097
1997-02-13,357.82358
1997-02-14,397.2692
1997-02-15,335.64175
1997-02-16,264.24078
1997-02-17,187.55873
1997-02-18,157.50766
1997-02-19,145.24815
1997-02-20,115.47975
1997-02-21,97.14853
1997-02-22,88.11108
1997-02-23,101.23224
1997-02-24,164.28986
1997-02-25,284.1189
1997-02-26,441.5165
1997-02-27,537.3041
1997-02-28,570.20013
1997-03-01,513.3513
1997-03-02,328.4157
1997-03-03,207.32468
1997-03-04,160.42601
1997-03-05,144.0091
1997-03-06,137.01314
1997-03-07,131.75737
1997-03-08,126.983696
1997-03-09,122.3664
1997-03-10,120.83299
1997-03-11,120.90728
1997-03-12,135.91986
1997-03-13,175.1674
1997-03-14,299.8548
1997-03-15,489.08685
1997-03-16,503.4889
1997-03-17,511.41898
1997-03-18,505.4582
1997-03-19,494.3264
1997-03-20,453.87363
1997-03-21,347.16306
1997-03-22,266.70496
1997-03-23,220.72272
1997-03-24,200.0816
1997-03-25,189.6082
1997-03-26,184.33348
1997-03-27,179.22777
1997-03-28,173.56213
1997-03-29,167.58975
1997-03-30,161.46399
1997-03-31,155.52635
1997-04-01,150.52322
1997-04-02,147.54887
1997-04-03,156.67412
1997-04-04,215.36147
1997-04-05,253.05731
1997-04-06,306.70364
1997-04-07,396.42267
1997-04-08,532.4765
1997-04-09,656.06683
1997-04-10,547.2847
1997-04-11,496.84085
1997-04-12,616.04114
1997-04-13,646.7709
1997-04-14,770.29865
1997-04-15,1064.9547
1997-04-16,1214.6421
1997-04-17,1170.7089
1997-04-18,1015.01166
1997-04-19,1070.73
1997-04-20,1198.3188
1997-04-21,1282.173
1997-04-22,1166.2856
1997-04-23,1276.532
1997-04-24,1428.0796
1997-04-25,1413.5111
1997-04-26,1413.5895
1997-04-27,1394.166
1997-04-28,1414.6603
1997-04-29,1531.6951
1997-04-30,1560.7441
1997-05-01,1508.9811
1997-05-02,1376.8063
1997-05-03,1160.8647
1997-05-04,1133.3098
1997-05-05,1273.3201
1997-05-06,1415.6305
1997-05-07,1476.6663
1997-05-08,1556.7599
1997-05-09,1662.5167
1997-05-10,2299.9326
1997-05-11,2768.3784
1997-05-12,2118.154
1997-05-13,1827.6715
1997-05-14,1636.1849
1997-05-15,1498.6937
1997-05-16,1520.213
1997-05-17,1499.1558
1997-05-18,1505.4746
1997-05-19,1477.762
1997-05-20,1517.1997
1997-05-21,1578.4094
1997-05-22,1605.9084
1997-05-23,1622.8536
1997-05-24,1697.638
1997-05-25,1733.1792
1997-05-26,1948.6337
1997-05-27,2369.3481
1997-05-28,2459.1755
1997-05-29,2457.5107
1997-05-30,2314.0063
1997-05-31,2114.3423
1997-06-01,2078.3584
1997-06-02,2397.8757
1997-06-03,2278.142
1997-06-04,1861.1061
1997-06-05,1631.9337
1997-06-06,1546.5652
1997-06-07,1498.0038
1997-06-08,1404.5116
1997-06-09,1340.0684
1997-06-10,1380.218
1997-06-11,1317.9565
1997-06-12,1275.2642
1997-06-13,1245.7664
1997-06-14,1113.3601
1997-06-15,1053.2864
1997-06-16,1070.814
1997-06-17,1012.08246
1997-06-18,967.2697
1997-06-19,1014.35455
1997-06-20,1026.6163
1997-06-21,1110.9154
1997-06-22,1148.661
1997-06-23,1108.4069
1997-06-24,1070.7522
1997-06-25,980.19617
1997-06-26,1051.0884
1997-06-27,1245.2307
1997-06-28,1220.1547
1997-06-29,1107.7115
1997-06-30,977.97424
1997-07-01,972.2176
1997-07-02,1159.0702
1997-07-03,1193.5314
1997-07-04,1230.9886
1997-07-05,1243.7705
1997-07-06,1280.9883
1997-07-07,1281.2625
1997-07-08,1309.2075
1997-07-09,1379.5531
1997-07-10,1437.3524
1997-07-11,1456.733
1997-07-12,1480.1947
1997-07-13,1529.9355
1997-07-14,1593.5209
1997-07-15,1588.0231
1997-07-16,1432.1671
1997-07-17,1339.5876
1997-07-18,1329.633
1997-07-19,1320.588
1997-07-20,1268.1846
1997-07-21,1233.2063
1997-07-22,1233.2465
1997-07-23,1205.4806
1997-07-24,1168.3317
1997-07-25,1121.3301
1997-07-26,1052.2025
1997-07-27,964.33826
1997-07-28,914.56555
1997-07-29,856.80005
1997-07-30,879.8334
1997-07-31,891.8252
1997-08-01,786.125
1997-08-02,772.62823
1997-08-03,846.83264
1997-08-04,890.09644
1997-08-05,878.7128
1997-08-06,818.73096
1997-08-07,726.92267
1997-08-08,708.73914
1997-08-09,751.93005
1997-08-10,726.664
1997-08-11,773.07465
1997-08-12,804.42267
1997-08-13,708.4424
1997-08-14,675.89996
1997-08-15,686.6509
1997-08-16,709.1483
1997-08-17,691.6317
1997-08-18,714.23535
1997-08-19,739.0957
1997-08-20,722.1952
1997-08-21,759.8372
1997-08-22,792.24023
1997-08-23,814.3568
1997-08-24,802.2206
1997-08-25,770.8315
1997-08-26,743.35535
1997-08-27,773.7958
1997-08-28,767.1554
1997-08-29,757.9615
1997-08-30,749.1468
1997-08-31,721.2425
1997-09-01,694.7799
1997-09-02,679.2838
1997-09-03,716.738
1997-09-04,751.3446
1997-09-05,765.6246
1997-09-06,728.53357
1997-09-07,695.8395
1997-09-08,679.7192
1997-09-09,649.1209
1997-09-10,594.811
1997-09-11,574.3851
1997-09-12,579.54895
1997-09-13,630.5018
1997-09-14,632.64746
1997-09-15,630.9218
1997-09-16,707.23895
1997-09-17,689.322
1997-09-18,640.00055
1997-09-19,570.1438
1997-09-20,501.85123
1997-09-21,527.06805
1997-09-22,524.22736
1997-09-23,486.19165
1997-09-24,491.4656
1997-09-25,499.3069
1997-09-26,503.50882
1997-09-27,519.8702
1997-09-28,569.9413
1997-09-29,592.6986
1997-09-30,558.94055
1997-10-01,524.9975
1997-10-02,511.7533
1997-10-03,513.2867
1997-10-04,528.08844
1997-10-05,522.26733
1997-10-06,470.63757
1997-10-07,425.97305
1997-10-08,420.4309
1997-10-09,438.73267
1997-10-10,442.46594
1997-10-11,438.29172
1997-10-12,434.67474
1997-10-13,400.02347
1997-10-14,352.40164
1997-10-15,334.48868
1997-10-16,325.7427
1997-10-17,337.28638
1997-10-18,386.00027
1997-10-19,539.37897
1997-10-20,577.2202
1997-10-21,433.73758
1997-10-22,329.70813
1997-10-23,321.1934
1997-10-24,365.36642
1997-10-25,392.8562
1997-10-26,331.21127
1997-10-27,350.23337
1997-10-28,418.12622
1997-10-29,425.94223
1997-10-30,356.24323
1997-10-31,329.51617
1997-11-01,367.08908
1997-11-02,473.8368
1997-11-03,503.09216
1997-11-04,443.19296
1997-11-05,385.21902
1997-11-06,449.33597
1997-11-07,546.0862
1997-11-08,588.4203
1997-11-09,601.6378
1997-11-10,703.9659
1997-11-11,662.41284
1997-11-12,629.4653
1997-11-13,602.6331
1997-11-14,522.09296
1997-11-15,438.35645
1997-11-16,408.17932
1997-11-17,394.50363
1997-11-18,384.95303
1997-11-19,389.41403
1997-11-20,421.14435
1997-11-21,464.9305
1997-11-22,467.05527
1997-11-23,452.2559
1997-11-24,433.35367
1997-11-25,461.00513
1997-11-26,552.4206
1997-11-27,550.7027
1997-11-28,484.31134
1997-11-29,402.29306
1997-11-30,371.97604
1997-12-01,390.5774
1997-12-02,378.53024
1997-12-03,365.3883
1997-12-04,346.89917
1997-12-05,325.72296
1997-12-06,311.13882
1997-12-07,318.82108
1997-12-08,345.23975
1997-12-09,378.3199
1997-12-10,357.25974
1997-12-11,395.79126
1997-12-12,442.9565
1997-12-13,412.0799
1997-12-14,336.871
1997-12-15,280.077
1997-12-16,256.4976
1997-12-17,240.61816
1997-12-18,232.05917
1997-12-19,229.07156
1997-12-20,226.79626
1997-12-21,217.96114
1997-12-22,211.75241
1997-12-23,207.31071
1997-12-24,200.70958
1997-12-25,218.56512
1997-12-26,268.7733
1997-12-27,258.0472
1997-12-28,234.663
1997-12-29,215.15628
1997-12-30,196.96596
1997-12-31,208.38002
1998-01-01,310.45453
1998-01-02,352.0168
1998-01-03,268.15625
1998-01-04,210.15257
1998-01-05,181.32986
1998-01-06,175.35522
1998-01-07,216.86327
1998-01-08,231.81577
1998-01-09,232.28514
1998-01-10,258.8725
1998-01-11,252.97089
1998-01-12,249.8728
1998-01-13,215.08064
1998-01-14,220.87749
1998-01-15,309.45917
1998-01-16,314.29343
1998-01-17,250.96358
1998-01-18,224.77695
1998-01-19,242.35222
1998-01-20,230.24284
1998-01-21,189.22154
1998-01-22,182.68669
1998-01-23,188.64456
1998-01-24,194.06212
1998-01-25,178.33714
1998-01-26,152.46758
1998-01-27,152.68707
1998-01-28,155.42422
1998-01-29,142.49745
1998-01-30,133.89868
1998-01-31,149.85655
1998-02-01,194.87715
1998-02-02,179.18811
1998-02-03,154.13469
1998-02-04,165.9831
1998-02-05,176.31424
1998-02-06,166.20729
1998-02-07,173.55511
1998-02-08,167.89687
1998-02-09,192.88913
1998-02-10,239.82918
1998-02-11,320.19513
1998-02-12,328.14105
1998-02-13,367.51318
1998-02-14,398.08258
1998-02-15,450.16953
1998-02-16,557.69275
1998-02-17,669.4715
1998-02-18,605.1069
1998-02-19,428.06598
1998-02-20,286.15213
1998-02-21,227.58742
1998-02-22,200.60078
1998-02-23,186.7237
1998-02-24,175.54495
1998-02-25,166.03958
1998-02-26,157.88847
1998-02-27,151.41106
1998-02-28,149.26901
1998-03-01,172.17714
1998-03-02,249.4622
1998-03-03,265.88248
1998-03-04,204.59679
1998-03-05,185.03728
1998-03-06,241.4384
1998-03-07,359.61896
1998-03-08,398.53333
1998-03-09,348.33374
1998-03-10,269.11523
1998-03-11,220.99959
1998-03-12,258.04288
1998-03-13,215.275
1998-03-14,170.38446
1998-03-15,152.9929
1998-03-16,136.30183
1998-03-17,135.08351
1998-03-18,176.17082
1998-03-19,194.9452
1998-03-20,204.66545
1998-03-21,241.65146
1998-03-22,344.63953
1998-03-23,426.28854
1998-03-24,397.62967
1998-03-25,413.9792
1998-03-26,473.8745
1998-03-27,537.259
1998-03-28,666.3164
1998-03-29,711.0846
1998-03-30,820.9394
1998-03-31,1022.25226
1998-04-01,931.2179
1998-04-02,849.7901
1998-04-03,868.47833
1998-04-04,905.7419
1998-04-05,944.9796
1998-04-06,815.1405
1998-04-07,731.4219
1998-04-08,776.5034
1998-04-09,784.65454
1998-04-10,890.21606
1998-04-11,1284.8141
1998-04-12,1555.4465
1998-04-13,1571.2378
1998-04-14,1496.0925
1998-04-15,1444.4294
1998-04-16,1467.8894
1998-04-17,1483.9423
1998-04-18,1428.5763
1998-04-19,1231.4937
1998-04-20,1295.6948
1998-04-21,2210.0288
1998-04-22,3930.6755
1998-04-23,4380.286
1998-04-24,3108.2217
1998-04-25,2260.1296
1998-04-26,1986.0887
1998-04-27,1833.949
1998-04-28,1686.2827
1998-04-29,1602.9208
1998-04-30,1490.3684
1998-05-01,1531.1467
1998-05-02,1680.9615
1998-05-03,1904.5879
1998-05-04,1924.7305
1998-05-05,1744.1334
1998-05-06,1642.2866
1998-05-07,1711.8728
1998-05-08,1867.4438
1998-05-09,2118.1753
1998-05-10,2380.2097
1998-05-11,2328.009
1998-05-12,2081.4014
1998-05-13,1891.9473
1998-05-14,1710.6288
1998-05-15,1625.4104
1998-05-16,1637.7844
1998-05-17,1610.9707
1998-05-18,1620.1926
1998-05-19,1566.7072
1998-05-20,1553.8184
1998-05-21,1386.0374
1998-05-22,1284.4745
1998-05-23,1422.9176
1998-05-24,1282.8097
1998-05-25,1077.5613
1998-05-26,977.1685
1998-05-27,984.11304
1998-05-28,945.27655
1998-05-29,951.642
1998-05-30,1052.0802
1998-05-31,1015.4963
1998-06-01,894.932
1998-06-02,910.78827
1998-06-03,934.39307
1998-06-04,994.1503
1998-06-05,1172.2251
1998-06-06,1365.4906
1998-06-07,1497.4314
1998-06-08,1446.435
1998-06-09,1392.6376
1998-06-10,1406.4674
1998-06-11,1354.1459
1998-06-12,1263.5623
1998-06-13,1253.4377
1998-06-14,1245.8995
1998-06-15,1218.3379
1998-06-16,1216.7296
1998-06-17,1358.6158
1998-06-18,1408.1335
1998-06-19,1450.7603
1998-06-20,1469.2242
1998-06-21,1410.452
1998-06-22,1429.1754
1998-06-23,1446.2561
1998-06-24,1422.9202
1998-06-25,1528.2467
1998-06-26,1733.6799
1998-06-27,1555.9086
1998-06-28,1447.6298
1998-06-29,1495.614
1998-06-30,1532.9844
1998-07-01,1430.7123
1998-07-02,1347.8661
1998-07-03,1319.4689
1998-07-04,1385.3213
1998-07-05,1451.6465
1998-07-06,1389.154
1998-07-07,1332.5972
1998-07-08,1289.737
1998-07-09,1222.8243
1998-07-10,1158.5741
1998-07-11,1133.0193
1998-07-12,1167.3181
1998-07-13,1258.8738
1998-07-14,1333.3835
1998-07-15,1379.1853
1998-07-16,1481.1874
1998-07-17,1513.1978
1998-07-18,1534.8665
1998-07-19,1551.4371
1998-07-20,1489.3546
1998-07-21,1509.7699
1998-07-22,1531.0935
1998-07-23,1486.8682
1998-07-24,1396.079
1998-07-25,1394.5544
1998-07-26,1332.0452
1998-07-27,1295.092
1998-07-28,1282.9797
1998-07-29,1267.3605
1998-07-30,1245.1567
1998-07-31,1183.4553
1998-08-01,1170.8495
1998-08-02,1208.914
1998-08-03,1287.0126
1998-08-04,1270.4541
1998-08-05,1206.1946
1998-08-06,1159.5648
1998-08-07,1096.4008
1998-08-08,1102.2417
1998-08-09,1155.8456
1998-08-10,1041.8508
1998-08-11,889.9927
1998-08-12,881.8749
1998-08-13,896.4561
1998-08-14,900.0065
1998-08-15,928.3703
1998-08-16,923.086
1998-08-17,890.0193
1998-08-18,877.45215
1998-08-19,844.43585
1998-08-20,763.6578
1998-08-21,700.96936
1998-08-22,654.5357
1998-08-23,660.4514
1998-08-24,765.1312
1998-08-25,781.71484
1998-08-26,681.27576
1998-08-27,628.0561
1998-08-28,644.74243
1998-08-29,669.7972
1998-08-30,709.39886
1998-08-31,784.40857
1998-09-01,783.3767
1998-09-02,673.7271
1998-09-03,576.55286
1998-09-04,526.2688
1998-09-05,508.70203
1998-09-06,529.1117
1998-09-07,560.1193
1998-09-08,533.55206
1998-09-09,488.86075
1998-09-10,462.92896
1998-09-11,490.44833
1998-09-12,523.93585
1998-09-13,515.11743
1998-09-14,513.3859
1998-09-15,575.5722
1998-09-16,638.97906
1998-09-17,632.4323
1998-09-18,494.77887
1998-09-19,401.98868
1998-09-20,380.82443
1998-09-21,406.2307
1998-09-22,513.16064
1998-09-23,580.52893
1998-09-24,522.6054
1998-09-25,516.7255
1998-09-26,533.40137
1998-09-27,501.343
1998-09-28,468.60468
1998-09-29,446.46777
1998-09-30,423.4564
1998-10-01,388.9237
1998-10-02,405.12506
1998-10-03,497.83093
1998-10-04,527.3385
1998-10-05,512.3739
1998-10-06,544.04254
1998-10-07,512.93066
1998-10-08,515.7581
1998-10-09,493.2342
1998-10-10,492.70224
1998-10-11,563.9944
1998-10-12,626.01434
1998-10-13,546.178
1998-10-14,424.66132
1998-10-15,388.47552
1998-10-16,392.08536
1998-10-17,391.18713
1998-10-18,412.6205
1998-10-19,418.19064
1998-10-20,502.96005
1998-10-21,687.3827
1998-10-22,833.12054
1998-10-23,731.67883
1998-10-24,644.62476
1998-10-25,609.6823
1998-10-26,553.55725
1998-10-27,539.28516
1998-10-28,519.69934
1998-10-29,482.7149
1998-10-30,535.2377
1998-10-31,705.2128
1998-11-01,766.03925
1998-11-02,709.4327
1998-11-03,741.8917
1998-11-04,767.18146
1998-11-05,672.5004
1998-11-06,695.756
1998-11-07,773.0201
1998-11-08,747.9888
1998-11-09,680.68097
1998-11-10,708.9685
1998-11-11,688.0984
1998-11-12,591.0437
1998-11-13,554.7245
1998-11-14,561.24005
1998-11-15,579.9522
1998-11-16,600.78015
1998-11-17,529.8029
1998-11-18,539.23444
1998-11-19,596.45435
1998-11-20,599.3601
1998-11-21,542.7529
1998-11-22,552.22174
1998-11-23,626.84503
1998-11-24,714.54047
1998-11-25,682.75696
1998-11-26,543.2279
1998-11-27,460.54068
1998-11-28,436.0927
1998-11-29,424.00348
1998-11-30,412.90875
1998-12-01,404.20267
1998-12-02,395.71393
1998-12-03,380.76715
1998-12-04,365.63278
1998-12-05,353.09027
1998-12-06,342.7691
1998-12-07,332.6045
1998-12-08,329.16467
1998-12-09,357.24475
1998-12-10,387.37286
1998-12-11,345.6316
1998-12-12,307.3252
1998-12-13,306.4135
1998-12-14,327.04916
1998-12-15,358.06488
1998-12-16,400.28677
1998-12-17,378.3403
1998-12-18,429.29294
1998-12-19,561.92487
1998-12-20,526.8296
1998-12-21,379.1736
1998-12-22,292.32568
1998-12-23,262.21964
1998-12-24,244.46654
1998-12-25,237.59001
1998-12-26,240.34267
1998-12-27,268.66956
1998-12-28,326.49738
1998-12-29,360.2338
1998-12-30,308.35934
1998-12-31,244.82314
1999-01-01,216.89171
1999-01-02,261.95938
1999-01-03,321.87415
1999-01-04,320.79156
1999-01-05,277.82816
1999-01-06,246.13042
1999-01-07,212.69713
1999-01-08,205.92583
1999-01-09,200.11192
1999-01-10,189.28487
1999-01-11,182.6945
1999-01-12,179.35611
1999-01-13,180.65639
1999-01-14,229.62665
1999-01-15,311.2755
1999-01-16,300.02017
1999-01-17,225.74205
1999-01-18,168.17812
1999-01-19,162.55658
1999-01-20,180.92386
1999-01-21,196.93684
1999-01-22,267.18158
1999-01-23,363.49423
1999-01-24,510.9035
1999-01-25,639.1746
1999-01-26,553.8241
1999-01-27,581.3316
1999-01-28,673.576
1999-01-29,752.8273
1999-01-30,688.09705
1999-01-31,589.1649
1999-02-01,492.6415
1999-02-02,431.57098
1999-02-03,428.39322
1999-02-04,365.85345
1999-02-05,304.41028
1999-02-06,260.2966
1999-02-07,243.15363
1999-02-08,234.21806
1999-02-09,227.50542
1999-02-10,231.80345
1999-02-11,278.622
1999-02-12,377.02148
1999-02-13,560.2015
1999-02-14,758.79285
1999-02-15,764.1507
1999-02-16,710.09235
1999-02-17,669.4707
1999-02-18,596.4123
1999-02-19,520.3479
1999-02-20,707.3247
1999-02-21,846.5017
1999-02-22,765.1513
1999-02-23,674.4861
1999-02-24,731.4039
1999-02-25,851.01135
1999-02-26,893.9287
1999-02-27,818.6043
1999-02-28,796.3965
1999-03-01,769.056
1999-03-02,724.8053
1999-03-03,703.0554
1999-03-04,668.09515
1999-03-05,635.0341
1999-03-06,609.5254
1999-03-07,577.8404
1999-03-08,549.97906
1999-03-09,516.52313
1999-03-10,488.24197
1999-03-11,461.8337
1999-03-12,456.50735
1999-03-13,517.85474
1999-03-14,529.9762
1999-03-15,502.79675
1999-03-16,494.80618
1999-03-17,552.6632
1999-03-18,594.6941
1999-03-19,621.978
1999-03-20,597.9351
1999-03-21,502.5569
1999-03-22,414.12735
1999-03-23,414.45447
1999-03-24,502.4917
1999-03-25,576.21173
1999-03-26,513.1794
1999-03-27,492.7064
1999-03-28,568.5883
1999-03-29,663.7809
1999-03-30,863.1807
1999-03-31,1068.3907
1999-04-01,898.50555
1999-04-02,711.6675
1999-04-03,618.10016
1999-04-04,684.80676
1999-04-05,744.51605
1999-04-06,807.02527
1999-04-07,886.9136
1999-04-08,892.271
1999-04-09,816.1875
1999-04-10,789.2717
1999-04-11,894.8337
1999-04-12,1255.3239
1999-04-13,1619.6438
1999-04-14,1692.7415
1999-04-15,1865.1504
1999-04-16,2038.5266
1999-04-17,2101.171
1999-04-18,1958.5544
1999-04-19,1771.0076
1999-04-20,1731.376
1999-04-21,1635.4677
1999-04-22,1432.7167
1999-04-23,1321.8292
1999-04-24,1289.5409
1999-04-25,1369.2789
1999-04-26,1376.3923
1999-04-27,1289.6108
1999-04-28,1204.736
1999-04-29,1278.9746
1999-04-30,1384.2292
1999-05-01,1454.9489
1999-05-02,1543.4655
1999-05-03,1526.5979
1999-05-04,1452.6022
1999-05-05,1429.8959
1999-05-06,1480.6638
1999-05-07,1467.2811
1999-05-08,1380.0502
1999-05-09,1304.2517
1999-05-10,1302.7776
1999-05-11,1312.7025
1999-05-12,1233.874
1999-05-13,1192.8834
1999-05-14,1214.1299
1999-05-15,1326.1223
1999-05-16,1445.2592
1999-05-17,1570.2411
1999-05-18,1521.3323
1999-05-19,1408.9929
1999-05-20,1418.2477
1999-05-21,1415.7666
1999-05-22,1298.5083
1999-05-23,1247.004
1999-05-24,1196.0514
1999-05-25,1164.9103
1999-05-26,1188.59
1999-05-27,1215.3182
1999-05-28,1150.522
1999-05-29,1102.9001
1999-05-30,1203.3273
1999-05-31,1302.336
1999-06-01,1206.9492
1999-06-02,1143.8329
1999-06-03,1144.8383
1999-06-04,1165.4618
1999-06-05,1309.1929
1999-06-06,1449.6273
1999-06-07,1411.299
1999-06-08,1372.0215
1999-06-09,1290.9099
1999-06-10,1216.5576
1999-06-11,1217.8691
1999-06-12,1201.8124
1999-06-13,1139.9574
1999-06-14,1173.584
1999-06-15,1183.2035
1999-06-16,1209.5845
1999-06-17,1192.5483
1999-06-18,1088.3207
1999-06-19,1068.6042
1999-06-20,1102.3252
1999-06-21,1059.3623
1999-06-22,1044.755
1999-06-23,1122.0637
1999-06-24,1172.8517
1999-06-25,1219.9254
1999-06-26,1385.6732
1999-06-27,1392.1058
1999-06-28,1349.8809
1999-06-29,1337.1987
1999-06-30,1282.5109
1999-07-01,1205.9232
1999-07-02,1160.7592
1999-07-03,1278.7837
1999-07-04,1538.603
1999-07-05,1592.059
1999-07-06,1490.8009
1999-07-07,1449.6378
1999-07-08,1444.355
1999-07-09,1476.7656
1999-07-10,1580.1843
1999-07-11,1514.3413
1999-07-12,1387.6934
1999-07-13,1287.2648
1999-07-14,1244.3248
1999-07-15,1262.6417
1999-07-16,1174.3099
1999-07-17,1145.5876
1999-07-18,1146.6188
1999-07-19,1087.9569
1999-07-20,971.3665
1999-07-21,964.56714
1999-07-22,1044.1654
1999-07-23,948.8879
1999-07-24,833.2271
1999-07-25,808.4316
1999-07-26,804.4074
1999-07-27,839.43427
1999-07-28,878.1136
1999-07-29,812.45215
1999-07-30,746.58203
1999-07-31,713.96643
1999-08-01,705.8638
1999-08-02,916.4518
1999-08-03,1050.8037
1999-08-04,942.11945
1999-08-05,848.35034
1999-08-06,802.5257
1999-08-07,746.83
1999-08-08,765.7074
1999-08-09,863.58575
1999-08-10,1024.9896
1999-08-11,1198.6902
1999-08-12,1284.0406
1999-08-13,1275.3052
1999-08-14,1228.8136
1999-08-15,1166.1782
1999-08-16,1153.4354
1999-08-17,1171.8081
1999-08-18,1143.5122
1999-08-19,1059.868
1999-08-20,1004.1468
1999-08-21,998.48303
1999-08-22,926.35986
1999-08-23,852.61224
1999-08-24,831.2808
1999-08-25,848.59985
1999-08-26,863.20386
1999-08-27,870.75745
1999-08-28,753.2196
1999-08-29,708.8464
1999-08-30,704.718
1999-08-31,722.1881
1999-09-01,752.48126
1999-09-02,766.51044
1999-09-03,721.8803
1999-09-04,647.60693
1999-09-05,607.9935
1999-09-06,625.72076
1999-09-07,704.9525
1999-09-08,712.04156
1999-09-09,615.638
1999-09-10,538.68933
1999-09-11,504.89194
1999-09-12,466.6797
1999-09-13,461.34497
1999-09-14,486.96378
1999-09-15,446.04767
1999-09-16,406.92886
1999-09-17,415.06464
1999-09-18,496.09866
1999-09-19,539.08307
1999-09-20,536.1815
1999-09-21,481.03662
1999-09-22,483.7976
1999-09-23,513.1837
1999-09-24,497.0657
1999-09-25,468.753
1999-09-26,429.22366
1999-09-27,417.66272
1999-09-28,467.88074
1999-09-29,626.45636
1999-09-30,663.69037
1999-10-01,560.42944
1999-10-02,473.56738
1999-10-03,450.09183
1999-10-04,412.66144
1999-10-05,402.56537
1999-10-06,450.3933
1999-10-07,483.50244
1999-10-08,468.81174
1999-10-09,498.9513
1999-10-10,521.0966
1999-10-11,544.00867
1999-10-12,551.0398
1999-10-13,564.8583
1999-10-14,628.90497
1999-10-15,659.35284
1999-10-16,621.1371
1999-10-17,574.02216
1999-10-18,500.7292
1999-10-19,436.75848
1999-10-20,447.4819
1999-10-21,510.49295
1999-10-22,505.3978
1999-10-23,458.06915
1999-10-24,451.21793
1999-10-25,479.40872
1999-10-26,533.74884
1999-10-27,512.1804
1999-10-28,459.67502
1999-10-29,387.89462
1999-10-30,371.66663
1999-10-31,412.065
1999-11-01,457.21222
1999-11-02,453.11426
1999-11-03,394.74887
1999-11-04,388.95166
1999-11-05,451.3336
1999-11-06,480.1957
1999-11-07,474.05322
1999-11-08,406.67352
1999-11-09,344.69177
1999-11-10,300.25156
1999-11-11,309.06256
1999-11-12,368.81558
1999-11-13,382.25958
1999-11-14,348.03098
1999-11-15,323.0174
1999-11-16,306.3885
1999-11-17,289.829
1999-11-18,277.52243
1999-11-19,310.8987
1999-11-20,393.00912
1999-11-21,386.79037
1999-11-22,326.301
1999-11-23,321.52838
1999-11-24,362.38876
1999-11-25,359.57233
1999-11-26,320.64008
1999-11-27,293.4313
1999-11-28,306.0203
1999-11-29,315.48846
1999-11-30,278.9759
1999-12-01,269.56006
1999-12-02,301.5172
1999-12-03,459.77823
1999-12-04,601.1749
1999-12-05,540.6831
1999-12-06,538.78033
1999-12-07,507.91574
1999-12-08,470.03595
1999-12-09,413.1907
1999-12-10,307.3292
1999-12-11,296.97128
1999-12-12,314.45352
1999-12-13,375.0511
1999-12-14,399.9139
1999-12-15,386.52676
1999-12-16,379.4609
1999-12-17,399.321
1999-12-18,455.92407
1999-12-19,429.77872
1999-12-20,387.45413
1999-12-21,301.38965
1999-12-22,262.79517
1999-12-23,252.77766
1999-12-24,238.82672
1999-12-25,228.73183
1999-12-26,222.60718
1999-12-27,216.59932
1999-12-28,210.78775
1999-12-29,205.01569
1999-12-30,199.1785
1999-12-31,193.39885
2000-01-01,187.76985
2000-01-02,185.56909
2000-01-03,187.88867
2000-01-04,189.77959
2000-01-05,188.376
2000-01-06,183.76434
2000-01-07,177.84245
2000-01-08,171.27531
2000-01-09,165.38318
2000-01-10,159.64795
2000-01-11,153.69173
2000-01-12,148.03986
2000-01-13,141.69797
2000-01-14,135.27452
2000-01-15,129.16779
2000-01-16,122.72663
2000-01-17,116.59875
2000-01-18,111.197945
2000-01-19,106.253876
2000-01-20,103.38646
2000-01-21,105.8206
2000-01-22,111.29486
2000-01-23,132.01382
2000-01-24,155.20932
2000-01-25,142.00829
2000-01-26,112.52352
2000-01-27,87.65416
2000-01-28,80.60659
2000-01-29,76.19371
2000-01-30,72.09103
2000-01-31,68.40515
2000-02-01,65.468605
2000-02-02,63.117638
2000-02-03,62.37248
2000-02-04,68.10569
2000-02-05,77.86624
2000-02-06,71.99524
2000-02-07,66.0041
2000-02-08,58.216152
2000-02-09,53.095165
2000-02-10,48.527523
2000-02-11,42.94674
2000-02-12,38.083717
2000-02-13,34.55013
2000-02-14,30.423477
2000-02-15,25.844078
2000-02-16,22.626106
2000-02-17,19.150179
2000-02-18,16.28761
2000-02-19,14.295896
2000-02-20,12.515672
2000-02-21,10.634755
2000-02-22,10.156692
2000-02-23,14.582904
2000-02-24,26.991793
2000-02-25,31.239536
2000-02-26,32.545906
2000-02-27,78.639305
2000-02-28,132.5857
2000-02-29,131.5271
2000-03-01,139.03767
2000-03-02,231.84796
2000-03-03,324.8434
2000-03-04,323.85413
2000-03-05,255.38145
2000-03-06,223.14731
2000-03-07,178.05643
2000-03-08,169.10156
2000-03-09,185.78429
2000-03-10,130.59924
2000-03-11,67.039986
2000-03-12,49.794937
2000-03-13,51.09913
2000-03-14,45.253654
2000-03-15,34.0268
2000-03-16,29.661398
2000-03-17,28.98904
2000-03-18,29.005774
2000-03-19,28.313477
2000-03-20,26.533283
2000-03-21,24.755833
2000-03-22,23.907944
2000-03-23,42.880836
2000-03-24,122.348885
2000-03-25,149.47264
2000-03-26,130.64807
2000-03-27,205.61363
2000-03-28,178.73296
2000-03-29,125.173
2000-03-30,163.24832
2000-03-31,208.99536
2000-04-01,316.6515
2000-04-02,252.12082
2000-04-03,152.50652
2000-04-04,162.78589
2000-04-05,181.0211
2000-04-06,191.48099
2000-04-07,220.69252
2000-04-08,339.4731
2000-04-09,374.67633
2000-04-10,345.04907
2000-04-11,302.853
2000-04-12,259.53006
2000-04-13,258.91583
2000-04-14,385.23135
2000-04-15,554.1431
2000-04-16,626.59644
2000-04-17,628.883
2000-04-18,581.15826
2000-04-19,600.8429
2000-04-20,548.8683
2000-04-21,554.14557
2000-04-22,727.1101
2000-04-23,932.22565
2000-04-24,1112.8184
2000-04-25,1226.524
2000-04-26,1409.9929
2000-04-27,1691.3241
2000-04-28,1785.3613
2000-04-29,1683.4109
2000-04-30,1825.2458
2000-05-01,1898.674
2000-05-02,1633.6936
2000-05-03,1492.1271
2000-05-04,1496.0476
2000-05-05,1592.3679
2000-05-06,1732.0231
2000-05-07,1691.1637
2000-05-08,1809.344
2000-05-09,2023.1646
2000-05-10,2109.5837
2000-05-11,2131.7834
2000-05-12,2300.5652
2000-05-13,2326.7207
2000-05-14,2028.7733
2000-05-15,1874.7627
2000-05-16,1791.169
2000-05-17,1741.8794
2000-05-18,1635.9398
2000-05-19,1654.9095
2000-05-20,1826.2678
2000-05-21,2126.8013
2000-05-22,1980.5753
2000-05-23,1894.0969
2000-05-24,2028.826
2000-05-25,2417.4985
2000-05-26,2674.5486
2000-05-27,2373.6362
2000-05-28,2060.8862
2000-05-29,1924.5779
2000-05-30,2007.6073
2000-05-31,2142.7222
2000-06-01,2150.9539
2000-06-02,2130.6252
2000-06-03,2093.101
2000-06-04,1968.4554
2000-06-05,1790.5149
2000-06-06,1710.191
2000-06-07,1770.6064
2000-06-08,1799.0029
2000-06-09,1720.8713
2000-06-10,1748.88
2000-06-11,1976.5984
2000-06-12,2054.3076
2000-06-13,1885.7042
2000-06-14,1888.2926
2000-06-15,1903.8549
2000-06-16,1861.0697
2000-06-17,1643.3748
2000-06-18,1645.5453
2000-06-19,2024.7991
2000-06-20,2676.3274
2000-06-21,2797.169
2000-06-22,2294.4644
2000-06-23,2202.6396
2000-06-24,2086.7793
2000-06-25,1979.8096
2000-06-26,2065.348
2000-06-27,1971.1003
2000-06-28,1810.816
2000-06-29,1704.4387
2000-06-30,1767.6718
2000-07-01,1799.0496
2000-07-02,1756.7673
2000-07-03,1657.3147
2000-07-04,1621.1205
2000-07-05,1709.4329
2000-07-06,1863.8752
2000-07-07,1921.2543
2000-07-08,1870.352
2000-07-09,1840.2661
2000-07-10,1657.35
2000-07-11,1512.2738
2000-07-12,1380.7352
2000-07-13,1435.9756
2000-07-14,1535.2496
2000-07-15,2200.4714
2000-07-16,3563.1946
2000-07-17,3569.9207
2000-07-18,2713.7134
2000-07-19,1987.4343
2000-07-20,1632.2787
2000-07-21,1529.0829
2000-07-22,1447.7521
2000-07-23,1310.1385
2000-07-24,1169.0004
2000-07-25,1109.5264
2000-07-26,1120.8365
2000-07-27,1118.1658
2000-07-28,1104.0286
2000-07-29,1157.1257
2000-07-30,1327.3041
2000-07-31,1465.6125
2000-08-01,1560.4109
2000-08-02,1521.3556
2000-08-03,1386.5186
2000-08-04,1309.0437
2000-08-05,1264.4393
2000-08-06,1327.3696
2000-08-07,1343.4493
2000-08-08,1241.9484
2000-08-09,1150.7423
2000-08-10,1257.0663
2000-08-11,1346.0905
2000-08-12,1321.5673
2000-08-13,1273.7194
2000-08-14,1174.335
2000-08-15,1114.279
2000-08-16,1111.3861
2000-08-17,1093.6437
2000-08-18,1171.8798
2000-08-19,1266.2169
2000-08-20,1211.7072
2000-08-21,1158.7108
2000-08-22,1035.4414
2000-08-23,995.33594
2000-08-24,983.5241
2000-08-25,944.10925
2000-08-26,913.39594
2000-08-27,922.22644
2000-08-28,932.7599
2000-08-29,1017.89294
2000-08-30,958.5214
2000-08-31,853.12354
2000-09-01,810.26483
2000-09-02,867.1044
2000-09-03,862.7124
2000-09-04,796.5918
2000-09-05,846.33417
2000-09-06,901.2965
2000-09-07,897.7243
2000-09-08,868.2579
2000-09-09,795.5971
2000-09-10,754.8813
2000-09-11,803.96625
2000-09-12,796.6813
2000-09-13,797.29364
2000-09-14,791.5982
2000-09-15,754.64215
2000-09-16,835.9713
2000-09-17,810.7223
2000-09-18,752.27783
2000-09-19,754.17596
2000-09-20,703.1737
2000-09-21,707.22986
2000-09-22,727.86536
2000-09-23,711.17633
2000-09-24,725.4921
2000-09-25,724.68353
2000-09-26,692.3474
2000-09-27,725.0025
2000-09-28,809.0257
2000-09-29,937.2056
2000-09-30,941.0518
2000-10-01,859.4157
2000-10-02,879.348
2000-10-03,872.4237
2000-10-04,847.6604
2000-10-05,968.9863
2000-10-06,975.4667
2000-10-07,898.6385
2000-10-08,856.1901
2000-10-09,864.7574
2000-10-10,922.2595
2000-10-11,1106.4812
2000-10-12,1178.5776
2000-10-13,1092.0641
2000-10-14,1043.4259
2000-10-15,983.4692
2000-10-16,1054.6672
2000-10-17,1121.086
2000-10-18,1065.5609
2000-10-19,992.4823
2000-10-20,982.92773
2000-10-21,1006.05164
2000-10-22,1077.7003
2000-10-23,1180.2832
2000-10-24,1094.4116
2000-10-25,937.1813
2000-10-26,871.848
2000-10-27,893.327
2000-10-28,959.3974
2000-10-29,1034.7737
2000-10-30,1076.7612
2000-10-31,1056.4182
2000-11-01,1088.6464
2000-11-02,1037.2899
2000-11-03,1006.9834
2000-11-04,970.2826
2000-11-05,927.6041
2000-11-06,892.79974
2000-11-07,853.1711
2000-11-08,811.3299
2000-11-09,770.9477
2000-11-10,731.8996
2000-11-11,693.91077
2000-11-12,656.87256
2000-11-13,621.70416
2000-11-14,588.11456
2000-11-15,556.49384
2000-11-16,526.30774
2000-11-17,499.25348
2000-11-18,488.45703
2000-11-19,508.1867
2000-11-20,574.1798
2000-11-21,709.1973
2000-11-22,732.26733
2000-11-23,562.13434
2000-11-24,443.92465
2000-11-25,438.51605
2000-11-26,448.646
2000-11-27,506.65994
2000-11-28,522.5326
2000-11-29,541.1876
2000-11-30,588.4097
2000-12-01,561.9316
2000-12-02,545.0374
2000-12-03,497.68857
2000-12-04,441.12308
2000-12-05,422.18033
2000-12-06,391.85117
2000-12-07,372.08408
2000-12-08,383.6484
2000-12-09,380.77652
2000-12-10,441.22256
2000-12-11,500.9075
2000-12-12,482.4947
2000-12-13,511.52335
2000-12-14,491.08377
2000-12-15,419.9816
2000-12-16,367.06635
2000-12-17,342.42276
2000-12-18,326.70865
2000-12-19,312.16797
2000-12-20,298.18954
2000-12-21,285.0666
2000-12-22,272.83643
2000-12-23,262.73895
2000-12-24,259.14343
2000-12-25,302.80658
2000-12-26,406.35214
2000-12-27,400.4821
2000-12-28,430.21255
2000-12-29,482.34415
2000-12-30,492.99146
2000-12-31,498.94824
2001-01-01,543.4618
2001-01-02,538.2685
2001-01-03,598.28766
2001-01-04,523.0421
2001-01-05,388.32315
2001-01-06,327.1593
2001-01-07,295.46503
2001-01-08,267.32468
2001-01-09,251.53516
2001-01-10,242.1417
2001-01-11,234.16243
2001-01-12,226.40855
2001-01-13,218.51746
2001-01-14,210.66507
2001-01-15,203.39868
2001-01-16,198.2926
2001-01-17,212.50043
2001-01-18,233.53435
2001-01-19,246.59135
2001-01-20,277.3503
2001-01-21,342.7495
2001-01-22,336.3249
2001-01-23,314.2891
2001-01-24,275.99063
2001-01-25,245.04785
2001-01-26,209.19814
2001-01-27,219.1578
2001-01-28,253.47269
2001-01-29,240.73987
2001-01-30,190.44077
2001-01-31,164.59999
2001-02-01,155.74152
2001-02-02,150.35995
2001-02-03,146.12965
2001-02-04,142.23746
2001-02-05,138.33813
2001-02-06,135.59406
2001-02-07,136.12407
2001-02-08,154.23401
2001-02-09,221.40683
2001-02-10,316.96082
2001-02-11,351.6617
2001-02-12,353.65024
2001-02-13,275.5802
2001-02-14,182.15382
2001-02-15,157.91753
2001-02-16,146.83606
2001-02-17,133.96182
2001-02-18,126.41981
2001-02-19,121.18404
2001-02-20,117.41722
2001-02-21,114.17913
2001-02-22,110.56486
2001-02-23,106.79561
2001-02-24,102.91708
2001-02-25,99.35941
2001-02-26,96.12296
2001-02-27,93.11031
2001-02-28,90.14967
2001-03-01,86.3449
2001-03-02,83.88255
2001-03-03,82.96925
2001-03-04,81.721115
2001-03-05,83.13487
2001-03-06,118.58668
2001-03-07,153.22777
2001-03-08,139.05457
2001-03-09,186.38623
2001-03-10,271.9905
2001-03-11,370.11472
2001-03-12,457.7419
2001-03-13,336.73624
2001-03-14,199.1663
2001-03-15,107.870766
2001-03-16,80.67149
2001-03-17,71.9472
2001-03-18,76.90158
2001-03-19,124.307236
2001-03-20,197.93991
2001-03-21,206.55406
2001-03-22,251.94055
2001-03-23,432.37598
2001-03-24,481.96945
2001-03-25,353.22162
2001-03-26,320.01797
2001-03-27,357.06387
2001-03-28,414.10922
2001-03-29,376.18427
2001-03-30,383.4357
2001-03-31,358.18207
2001-04-01,332.71506
2001-04-02,266.32724
2001-04-03,220.80458
2001-04-04,233.63599
2001-04-05,181.73643
2001-04-06,167.22012
2001-04-07,262.9945
2001-04-08,372.54242
2001-04-09,472.33057
2001-04-10,539.54974
2001-04-11,428.0495
2001-04-12,350.24738
2001-04-13,383.21964
2001-04-14,439.46362
2001-04-15,523.9724
2001-04-16,604.6671
2001-04-17,608.9523
2001-04-18,793.18854
2001-04-19,851.8445
2001-04-20,719.546
2001-04-21,642.92786
2001-04-22,594.71295
2001-04-23,522.6814
2001-04-24,468.60776
2001-04-25,432.47986
2001-04-26,544.2248
2001-04-27,1033.7786
2001-04-28,1522.9119
2001-04-29,1449.7997
2001-04-30,1310.0436
2001-05-01,1327.7792
2001-05-02,1435.6182
2001-05-03,1442.6857
2001-05-04,1478.2374
2001-05-05,1588.4456
2001-05-06,1755.9397
2001-05-07,1915.0597
2001-05-08,1692.5892
2001-05-09,1506.4241
2001-05-10,1464.9698
2001-05-11,1552.8909
2001-05-12,1582.4214
2001-05-13,1397.5618
2001-05-14,1291.8849
2001-05-15,1322.9752
2001-05-16,1391.8525
2001-05-17,1517.4248
2001-05-18,1369.6313
2001-05-19,1243.495
2001-05-20,1298.6289
2001-05-21,1421.0771
2001-05-22,1551.1458
2001-05-23,1690.3499
2001-05-24,1768.2063
2001-05-25,1722.7751
2001-05-26,1606.8866
2001-05-27,1524.7617
2001-05-28,1417.7091
2001-05-29,1394.6123
2001-05-30,1410.2275
2001-05-31,1461.6007
2001-06-01,1491.8179
2001-06-02,1421.0804
2001-06-03,1301.6841
2001-06-04,1171.3718
2001-06-05,1190.8721
2001-06-06,1190.9727
2001-06-07,1102.3243
2001-06-08,1042.9716
2001-06-09,1076.9487
2001-06-10,1068.2218
2001-06-11,1096.6786
2001-06-12,1126.4037
2001-06-13,1349.4423
2001-06-14,1539.6493
2001-06-15,1466.7665
2001-06-16,1351.081
2001-06-17,1256.6263
2001-06-18,1228.9415
2001-06-19,1236.4475
2001-06-20,1943.6953
2001-06-21,3447.085
2001-06-22,3206.3628
2001-06-23,2410.055
2001-06-24,1971.3824
2001-06-25,1696.0978
2001-06-26,1501.6614
2001-06-27,1353.624
2001-06-28,1303.2509
2001-06-29,1368.1936
2001-06-30,1305.6365
2001-07-01,1119.6313
2001-07-02,1014.5895
2001-07-03,970.61273
2001-07-04,952.5717
2001-07-05,936.1284
2001-07-06,964.59375
2001-07-07,1054.422
2001-07-08,1197.3123
2001-07-09,1197.7053
2001-07-10,1066.5697
2001-07-11,1030.2008
2001-07-12,1039.9303
2001-07-13,1092.4269
2001-07-14,1121.3159
2001-07-15,1187.5458
2001-07-16,1299.8953
2001-07-17,1389.66
2001-07-18,1401.4869
2001-07-19,1365.097
2001-07-20,1321.1498
2001-07-21,1441.9849
2001-07-22,1642.7527
2001-07-23,1885.6398
2001-07-24,1913.0343
2001-07-25,1778.2122
2001-07-26,1633.0907
2001-07-27,1706.0009
2001-07-28,1663.799
2001-07-29,1434.9362
2001-07-30,1289.8801
2001-07-31,1272.1962
2001-08-01,1247.0104
2001-08-02,1178.6732
2001-08-03,1067.0962
2001-08-04,1057.2562
2001-08-05,1078.7874
2001-08-06,965.5706
2001-08-07,849.44586
2001-08-08,799.9742
2001-08-09,777.0739
2001-08-10,749.20074
2001-08-11,743.684
2001-08-12,745.6329
2001-08-13,706.6204
2001-08-14,649.22144
2001-08-15,610.84607
2001-08-16,587.6875
2001-08-17,606.69257
2001-08-18,600.9835
2001-08-19,583.5231
2001-08-20,586.66235
2001-08-21,595.57104
2001-08-22,622.2244
2001-08-23,731.0323
2001-08-24,760.3192
2001-08-25,696.1499
2001-08-26,674.7338
2001-08-27,606.5978
2001-08-28,576.2818
2001-08-29,543.22876
2001-08-30,523.36755
2001-08-31,501.91898
2001-09-01,506.6035
2001-09-02,567.6245
2001-09-03,593.25305
2001-09-04,546.81116
2001-09-05,530.9799
2001-09-06,563.29486
2001-09-07,673.5802
2001-09-08,748.17847
2001-09-09,699.815
2001-09-10,639.4346
2001-09-11,573.4601
2001-09-12,547.7883
2001-09-13,618.9221
2001-09-14,617.88477
2001-09-15,620.3814
2001-09-16,640.92303
2001-09-17,601.0334
2001-09-18,558.70935
2001-09-19,587.5413
2001-09-20,626.7923
2001-09-21,602.7419
2001-09-22,702.3933
2001-09-23,748.1391
2001-09-24,688.3895
2001-09-25,671.43195
2001-09-26,707.47363
2001-09-27,688.918
2001-09-28,649.00244
2001-09-29,632.38043
2001-09-30,610.77454
2001-10-01,600.509
2001-10-02,580.44507
2001-10-03,596.36145
2001-10-04,588.6565
2001-10-05,598.0373
2001-10-06,604.80853
2001-10-07,639.16144
2001-10-08,710.3745
2001-10-09,673.92413
2001-10-10,589.5922
2001-10-11,553.9403
2001-10-12,550.0323
2001-10-13,545.0409
2001-10-14,566.7642
2001-10-15,590.8933
2001-10-16,541.50183
2001-10-17,527.4843
2001-10-18,569.9117
2001-10-19,611.1625
2001-10-20,659.1867
2001-10-21,709.6297
2001-10-22,624.50684
2001-10-23,491.06134
2001-10-24,527.36334
2001-10-25,608.28973
2001-10-26,622.1599
2001-10-27,624.84204
2001-10-28,557.31635
2001-10-29,490.94986
2001-10-30,435.78323
2001-10-31,436.1057
2001-11-01,501.95792
2001-11-02,599.61536
2001-11-03,647.5054
2001-11-04,644.2332
2001-11-05,579.84607
2001-11-06,572.51447
2001-11-07,764.3801
2001-11-08,759.17505
2001-11-09,605.26355
2001-11-10,536.64984
2001-11-11,520.94055
2001-11-12,539.7352
2001-11-13,595.2368
2001-11-14,627.0137
2001-11-15,746.6287
2001-11-16,711.7208
2001-11-17,562.3299
2001-11-18,474.02518
2001-11-19,513.4142
2001-11-20,617.90393
2001-11-21,603.7266
2001-11-22,562.979
2001-11-23,525.5173
2001-11-24,535.40546
2001-11-25,574.64276
2001-11-26,549.7469
2001-11-27,485.71664
2001-11-28,455.682
2001-11-29,435.6371
2001-11-30,438.18347
2001-12-01,426.40616
2001-12-02,402.20782
2001-12-03,388.93286
2001-12-04,365.74142
2001-12-05,345.61716
2001-12-06,334.9094
2001-12-07,351.65814
2001-12-08,410.4582
2001-12-09,509.61908
2001-12-10,621.56055
2001-12-11,713.35126
2001-12-12,714.6034
2001-12-13,699.962
2001-12-14,773.40826
2001-12-15,770.37915
2001-12-16,654.30334
2001-12-17,635.4201
2001-12-18,747.88806
2001-12-19,781.1698
2001-12-20,817.8407
2001-12-21,787.4806
2001-12-22,778.0076
2001-12-23,809.30096
2001-12-24,805.9384
2001-12-25,767.47015
2001-12-26,877.8274
2001-12-27,952.72797
2001-12-28,916.4539
2001-12-29,841.3802
2001-12-30,807.07733
2001-12-31,796.36017
2002-01-01,771.3348
2002-01-02,747.54193
2002-01-03,721.09814
2002-01-04,679.81116
2002-01-05,625.03455
2002-01-06,582.85876
2002-01-07,551.6334
2002-01-08,523.4016
2002-01-09,496.2067
2002-01-10,469.70795
2002-01-11,444.01434
2002-01-12,419.35297
2002-01-13,395.9575
2002-01-14,374.01352
2002-01-15,354.51974
2002-01-16,337.11386
2002-01-17,320.0771
2002-01-18,304.22534
2002-01-19,289.22278
2002-01-20,275.07144
2002-01-21,262.60425
2002-01-22,251.9507
2002-01-23,241.7716
2002-01-24,234.68481
2002-01-25,252.95029
2002-01-26,253.64392
2002-01-27,218.59378
2002-01-28,203.16621
2002-01-29,192.96527
2002-01-30,185.82863
2002-01-31,195.86618
2002-02-01,210.79308
2002-02-02,235.85909
2002-02-03,259.85736
2002-02-04,269.70682
2002-02-05,293.53995
2002-02-06,240.62512
2002-02-07,182.3962
2002-02-08,158.13504
2002-02-09,150.2393
2002-02-10,141.69241
2002-02-11,132.51947
2002-02-12,126.81112
2002-02-13,122.364586
2002-02-14,118.20892
2002-02-15,114.15653
2002-02-16,110.15978
2002-02-17,106.248955
2002-02-18,103.41562
2002-02-19,102.67414
2002-02-20,112.38113
2002-02-21,134.23424
2002-02-22,134.98532
2002-02-23,111.934586
2002-02-24,106.44366
2002-02-25,131.37465
2002-02-26,127.5743
2002-02-27,131.39037
2002-02-28,131.37646
2002-03-01,118.5842
2002-03-02,113.40516
2002-03-03,103.82222
2002-03-04,141.00017
2002-03-05,177.37936
2002-03-06,137.26048
2002-03-07,114.36696
2002-03-08,87.32419
2002-03-09,74.250534
2002-03-10,67.29607
2002-03-11,62.292675
2002-03-12,57.751713
2002-03-13,60.761517
2002-03-14,98.60274
2002-03-15,190.45447
2002-03-16,266.12366
2002-03-17,362.61478
2002-03-18,280.63412
2002-03-19,180.52502
2002-03-20,210.2349
2002-03-21,372.76846
2002-03-22,485.38113
2002-03-23,589.75055
2002-03-24,525.51196
2002-03-25,423.5517
2002-03-26,542.2953
2002-03-27,563.2054
2002-03-28,449.5541
2002-03-29,440.4808
2002-03-30,516.3266
2002-03-31,527.26154
2002-04-01,484.85394
2002-04-02,519.73865
2002-04-03,631.9635
2002-04-04,760.6399
2002-04-05,874.7206
2002-04-06,820.32715
2002-04-07,917.7304
2002-04-08,899.71075
2002-04-09,853.727
2002-04-10,922.2675
2002-04-11,955.31476
2002-04-12,873.8279
2002-04-13,781.12463
2002-04-14,740.3551
2002-04-15,739.87524
2002-04-16,751.17017
2002-04-17,678.2927
2002-04-18,669.0514
2002-04-19,760.7716
2002-04-20,840.74774
2002-04-21,840.7993
2002-04-22,783.9528
2002-04-23,929.9658
2002-04-24,993.14667
2002-04-25,935.88544
2002-04-26,1144.1624
2002-04-27,1570.0818
2002-04-28,1691.0222
2002-04-29,1766.6042
2002-04-30,1800.5873
2002-05-01,1645.345
2002-05-02,1525.2361
2002-05-03,1496.8796
2002-05-04,1573.3411
2002-05-05,1548.6978
2002-05-06,1410.8411
2002-05-07,1497.2747
2002-05-08,1606.5759
2002-05-09,1673.7837
2002-05-10,1714.697
2002-05-11,2051.082
2002-05-12,2360.5828
2002-05-13,2366.5515
2002-05-14,2556.1528
2002-05-15,2337.8477
2002-05-16,2118.7937
2002-05-17,1955.563
2002-05-18,1806.2405
2002-05-19,1800.4017
2002-05-20,1746.5151
2002-05-21,1760.6309
2002-05-22,1920.2762
2002-05-23,1915.6487
2002-05-24,1852.3584
2002-05-25,1719.3656
2002-05-26,1633.7262
2002-05-27,1611.0076
2002-05-28,1674.612
2002-05-29,1583.1431
2002-05-30,1447.9822
2002-05-31,1472.7937
2002-06-01,1399.8362
2002-06-02,1341.0454
2002-06-03,1315.239
2002-06-04,1257.0933
2002-06-05,1197.91
2002-06-06,1229.6547
2002-06-07,1271.3108
2002-06-08,1241.1901
2002-06-09,1167.0686
2002-06-10,1031.5504
2002-06-11,961.91235
2002-06-12,1051.3687
2002-06-13,1147.9368
2002-06-14,1153.4314
2002-06-15,1097.2805
2002-06-16,981.698
2002-06-17,1009.2005
2002-06-18,1026.0828
2002-06-19,965.84796
2002-06-20,977.43726
2002-06-21,1164.312
2002-06-22,1345.925
2002-06-23,1196.9113
2002-06-24,1851.3176
2002-06-25,3040.538
2002-06-26,3129.5706
2002-06-27,2215.775
2002-06-28,1864.583
2002-06-29,1785.6371
2002-06-30,1650.2493
2002-07-01,1615.2429
2002-07-02,1559.047
2002-07-03,1428.2091
2002-07-04,1377.4147
2002-07-05,1300.5204
2002-07-06,1290.8016
2002-07-07,1442.694
2002-07-08,1552.194
2002-07-09,1488.7936
2002-07-10,1369.6449
2002-07-11,1337.133
2002-07-12,1343.1187
2002-07-13,1570.0337
2002-07-14,1628.9138
2002-07-15,1508.5222
2002-07-16,1482.9723
2002-07-17,1443.8867
2002-07-18,1419.5374
2002-07-19,1374.16
2002-07-20,1336.3878
2002-07-21,1287.05
2002-07-22,1200.1056
2002-07-23,1159.051
2002-07-24,1116.0249
2002-07-25,1107.1427
2002-07-26,1238.0931
2002-07-27,1310.7882
2002-07-28,1365.4435
2002-07-29,1436.169
2002-07-30,1386.6997
2002-07-31,1346.3722
2002-08-01,1300.539
2002-08-02,1206.8516
2002-08-03,1150.5084
2002-08-04,1153.9391
2002-08-05,1126.8939
2002-08-06,1079.5524
2002-08-07,1014.05023
2002-08-08,981.32166
2002-08-09,994.17395
2002-08-10,972.7258
2002-08-11,906.7412
2002-08-12,902.69806
2002-08-13,897.3158
2002-08-14,868.82996
2002-08-15,900.85657
2002-08-16,859.72815
2002-08-17,814.4216
2002-08-18,773.4895
2002-08-19,746.5951
2002-08-20,777.28107
2002-08-21,801.76544
2002-08-22,826.6224
2002-08-23,809.9991
2002-08-24,847.55414
2002-08-25,869.4387
2002-08-26,800.814
2002-08-27,746.3374
2002-08-28,714.27814
2002-08-29,746.98267
2002-08-30,769.7872
2002-08-31,733.35114
2002-09-01,754.0513
2002-09-02,838.85645
2002-09-03,958.00024
2002-09-04,1037.2441
2002-09-05,981.12634
2002-09-06,859.32367
2002-09-07,828.2876
2002-09-08,831.1355
2002-09-09,837.24084
2002-09-10,836.0522
2002-09-11,855.6982
2002-09-12,873.08765
2002-09-13,828.3647
2002-09-14,748.6727
2002-09-15,712.41754
2002-09-16,702.98816
2002-09-17,677.9198
2002-09-18,655.4732
2002-09-19,694.0185
2002-09-20,714.2681
2002-09-21,680.22156
2002-09-22,642.978
2002-09-23,622.2159
2002-09-24,584.06573
2002-09-25,559.80646
2002-09-26,530.7032
2002-09-27,550.4022
2002-09-28,610.77386
2002-09-29,647.4536
2002-09-30,586.726
2002-10-01,516.7364
2002-10-02,483.20712
2002-10-03,483.67838
2002-10-04,534.6007
2002-10-05,493.33954
2002-10-06,411.93665
2002-10-07,422.11615
2002-10-08,459.79868
2002-10-09,445.3659
2002-10-10,406.53354
2002-10-11,410.43402
2002-10-12,430.49152
2002-10-13,482.4366
2002-10-14,614.6568
2002-10-15,523.29926
2002-10-16,405.12534
2002-10-17,368.93207
2002-10-18,456.5959
2002-10-19,548.11597
2002-10-20,559.46576
2002-10-21,571.7859
2002-10-22,586.9028
2002-10-23,573.0829
2002-10-24,634.26025
2002-10-25,742.9718
2002-10-26,728.9196
2002-10-27,638.6354
2002-10-28,646.06586
2002-10-29,650.5303
2002-10-30,660.2351
2002-10-31,746.4786
2002-11-01,772.1862
2002-11-02,760.98846
2002-11-03,757.3934
2002-11-04,801.7032
2002-11-05,815.7102
2002-11-06,748.38007
2002-11-07,694.33765
2002-11-08,736.0058
2002-11-09,732.3949
2002-11-10,700.708
2002-11-11,718.4274
2002-11-12,692.1813
2002-11-13,653.0406
2002-11-14,683.0494
2002-11-15,856.4342
2002-11-16,1019.2216
2002-11-17,1013.33154
2002-11-18,921.02234
2002-11-19,975.6673
2002-11-20,959.8349
2002-11-21,963.663
2002-11-22,928.7279
2002-11-23,902.48627
2002-11-24,933.0322
2002-11-25,877.9659
2002-11-26,791.94385
2002-11-27,793.43396
2002-11-28,804.26056
2002-11-29,766.1833
2002-11-30,777.1175
2002-12-01,800.0791
2002-12-02,862.8683
2002-12-03,886.1449
2002-12-04,981.41907
2002-12-05,1012.3432
2002-12-06,858.15576
2002-12-07,717.67163
2002-12-08,647.78986
2002-12-09,609.39923
2002-12-10,576.02576
2002-12-11,543.07477
2002-12-12,511.94012
2002-12-13,483.35065
2002-12-14,457.1324
2002-12-15,432.83453
2002-12-16,416.7014
2002-12-17,409.75922
2002-12-18,403.52222
2002-12-19,416.94604
2002-12-20,443.6432
2002-12-21,486.91013
2002-12-22,490.28387
2002-12-23,422.57278
2002-12-24,359.53604
2002-12-25,321.00424
2002-12-26,297.493
2002-12-27,290.50983
2002-12-28,310.26346
2002-12-29,298.43118
2002-12-30,266.78793
2002-12-31,251.47209
2003-01-01,241.17308
2003-01-02,232.40453
2003-01-03,224.64775
2003-01-04,218.09164
2003-01-05,212.89665
2003-01-06,207.18996
2003-01-07,200.96407
2003-01-08,205.3342
2003-01-09,229.8814
2003-01-10,224.28505
2003-01-11,224.66939
2003-01-12,285.63525
2003-01-13,276.7105
2003-01-14,216.90018
2003-01-15,192.7267
2003-01-16,167.12892
2003-01-17,154.29083
2003-01-18,148.15154
2003-01-19,143.36461
2003-01-20,138.87035
2003-01-21,134.54573
2003-01-22,130.21925
2003-01-23,125.85371
2003-01-24,121.5409
2003-01-25,117.31103
2003-01-26,113.209915
2003-01-27,110.25206
2003-01-28,108.8844
2003-01-29,107.424164
2003-01-30,103.965096
2003-01-31,99.223015
2003-02-01,95.515205
2003-02-02,93.18974
2003-02-03,93.94888
2003-02-04,93.036835
2003-02-05,90.48704
2003-02-06,94.29928
2003-02-07,94.977615
2003-02-08,90.69566
2003-02-09,97.92598
2003-02-10,115.53192
2003-02-11,133.29388
2003-02-12,150.62383
2003-02-13,191.43228
2003-02-14,198.38815
2003-02-15,136.41551
2003-02-16,174.49692
2003-02-17,159.38568
2003-02-18,100.858284
2003-02-19,70.32785
2003-02-20,59.583862
2003-02-21,55.256416
2003-02-22,50.853962
2003-02-23,46.89933
2003-02-24,47.50797
2003-02-25,57.822758
2003-02-26,74.86362
2003-02-27,102.548454
2003-02-28,136.62439
2003-03-01,161.97711
2003-03-02,155.46559
2003-03-03,133.89935
2003-03-04,163.65147
2003-03-05,224.25986
2003-03-06,245.54604
2003-03-07,196.93782
2003-03-08,166.23244
2003-03-09,163.05566
2003-03-10,249.53069
2003-03-11,276.09427
2003-03-12,227.89203
2003-03-13,180.71823
2003-03-14,165.58498
2003-03-15,188.3598
2003-03-16,258.3209
2003-03-17,410.78265
2003-03-18,425.8301
2003-03-19,308.55774
2003-03-20,258.56305
2003-03-21,293.7999
2003-03-22,268.08035
2003-03-23,205.90381
2003-03-24,205.51506
2003-03-25,194.94005
2003-03-26,210.71739
2003-03-27,277.659
2003-03-28,280.30978
2003-03-29,235.39807
2003-03-30,290.7934
2003-03-31,422.1063
2003-04-01,410.2723
2003-04-02,346.68787
2003-04-03,281.71237
2003-04-04,326.01303
2003-04-05,399.28006
2003-04-06,418.48468
2003-04-07,483.80136
2003-04-08,568.19653
2003-04-09,593.811
2003-04-10,555.9069
2003-04-11,615.0247
2003-04-12,781.528
2003-04-13,870.428
2003-04-14,982.9503
2003-04-15,1314.9834
2003-04-16,1619.9474
2003-04-17,1472.3447
2003-04-18,1170.0684
2003-04-19,1104.5208
2003-04-20,1075.8865
2003-04-21,981.77295
2003-04-22,999.4339
2003-04-23,1109.4794
2003-04-24,1211.2417
2003-04-25,1566.234
2003-04-26,1446.2501
2003-04-27,1226.9064
2003-04-28,1174.4962
2003-04-29,1220.9912
2003-04-30,1241.8535
2003-05-01,1287.0999
2003-05-02,1264.6122
2003-05-03,1351.8083
2003-05-04,1477.2639
2003-05-05,1480.9584
2003-05-06,1359.0271
2003-05-07,1341.9259
2003-05-08,2026.9668
2003-05-09,3458.6345
2003-05-10,3457.928
2003-05-11,2748.9084
2003-05-12,2188.3103
2003-05-13,1732.4104
2003-05-14,1389.1075
2003-05-15,1288.3645
2003-05-16,1250.9485
2003-05-17,1153.973
2003-05-18,1057.9949
2003-05-19,966.46515
2003-05-20,905.2802
2003-05-21,861.9656
2003-05-22,847.28
2003-05-23,842.6118
2003-05-24,864.61816
2003-05-25,880.37573
2003-05-26,868.21
2003-05-27,940.1159
2003-05-28,1141.0505
2003-05-29,1236.8804
2003-05-30,1392.7765
2003-05-31,1464.268
2003-06-01,1467.3854
2003-06-02,1526.6135
2003-06-03,1513.8959
2003-06-04,1517.3379
2003-06-05,1455.664
2003-06-06,1278.7445
2003-06-07,1281.6073
2003-06-08,1321.639
2003-06-09,1416.2722
2003-06-10,1601.9852
2003-06-11,1699.2601
2003-06-12,1571.3242
2003-06-13,1488.1805
2003-06-14,1543.9819
2003-06-15,1568.6982
2003-06-16,1549.0814
2003-06-17,1420.491
2003-06-18,1367.1624
2003-06-19,1331.1534
2003-06-20,1309.7654
2003-06-21,1325.7642
2003-06-22,1354.4207
2003-06-23,1398.847
2003-06-24,1421.7894
2003-06-25,1385.7407
2003-06-26,1439.1564
2003-06-27,1489.0669
2003-06-28,1523.6476
2003-06-29,1519.5304
2003-06-30,1458.8888
2003-07-01,1487.6772
2003-07-02,1484.8223
2003-07-03,1367.0045
2003-07-04,1334.0742
2003-07-05,1345.1671
2003-07-06,1343.292
2003-07-07,1239.5535
2003-07-08,1163.2231
2003-07-09,1173.6417
2003-07-10,1118.1854
2003-07-11,1067.6343
2003-07-12,1005.3819
2003-07-13,1065.1312
2003-07-14,1224.8888
2003-07-15,1170.1532
2003-07-16,1071.5005
2003-07-17,1047.2021
2003-07-18,1017.16644
2003-07-19,1026.5371
2003-07-20,987.01904
2003-07-21,901.73486
2003-07-22,857.06323
2003-07-23,836.58594
2003-07-24,817.56354
2003-07-25,789.51904
2003-07-26,810.49414
2003-07-27,834.02814
2003-07-28,844.30273
2003-07-29,802.65686
2003-07-30,736.8755
2003-07-31,848.20667
2003-08-01,1071.672
2003-08-02,1141.1382
2003-08-03,1039.9438
2003-08-04,872.2872
2003-08-05,846.1402
2003-08-06,937.9571
2003-08-07,917.5194
2003-08-08,817.8151
2003-08-09,851.9962
2003-08-10,959.431
2003-08-11,922.80817
2003-08-12,933.4052
2003-08-13,924.0648
2003-08-14,857.59485
2003-08-15,844.5016
2003-08-16,889.1983
2003-08-17,871.7246
2003-08-18,850.70404
2003-08-19,860.3296
2003-08-20,853.67645
2003-08-21,878.776
2003-08-22,856.18866
2003-08-23,923.1299
2003-08-24,876.2934
2003-08-25,840.1161
2003-08-26,812.2603
2003-08-27,853.3419
2003-08-28,952.9165
2003-08-29,958.61523
2003-08-30,882.98773
2003-08-31,930.018
2003-09-01,925.3318
2003-09-02,798.3435
2003-09-03,744.81006
2003-09-04,735.142
2003-09-05,718.4614
2003-09-06,722.886
2003-09-07,714.7006
2003-09-08,679.19934
2003-09-09,652.44293
2003-09-10,627.14685
2003-09-11,635.70154
2003-09-12,728.7532
2003-09-13,855.72235
2003-09-14,993.20013
2003-09-15,943.3921
2003-09-16,842.88983
2003-09-17,791.3923
2003-09-18,715.96686
2003-09-19,746.4964
2003-09-20,791.62744
2003-09-21,699.29626
2003-09-22,660.3964
2003-09-23,706.5499
2003-09-24,834.06805
2003-09-25,812.8293
2003-09-26,668.0677
2003-09-27,637.1159
2003-09-28,608.37885
2003-09-29,588.4184
2003-09-30,668.74365
2003-10-01,839.5875
2003-10-02,815.656
2003-10-03,651.5947
2003-10-04,592.1526
2003-10-05,653.65515
2003-10-06,678.58356
2003-10-07,619.99945
2003-10-08,517.5227
2003-10-09,497.87177
2003-10-10,485.127
2003-10-11,515.5861
2003-10-12,537.6087
2003-10-13,537.931
2003-10-14,657.5793
2003-10-15,871.2232
2003-10-16,1038.8673
2003-10-17,959.3512
2003-10-18,922.5648
2003-10-19,890.6677
2003-10-20,832.8941
2003-10-21,861.2025
2003-10-22,889.6548
2003-10-23,878.355
2003-10-24,793.9275
2003-10-25,703.4878
2003-10-26,664.837
2003-10-27,643.287
2003-10-28,605.90216
2003-10-29,613.22986
2003-10-30,638.71924
2003-10-31,709.8141
2003-11-01,937.51776
2003-11-02,885.76685
2003-11-03,692.6534
2003-11-04,724.8686
2003-11-05,762.73016
2003-11-06,738.0874
2003-11-07,693.3388
2003-11-08,775.0014
2003-11-09,903.23694
2003-11-10,929.7949
2003-11-11,904.8435
2003-11-12,909.11865
2003-11-13,966.2467
2003-11-14,892.46747
2003-11-15,816.97046
2003-11-16,816.061
2003-11-17,850.75507
2003-11-18,806.1945
2003-11-19,740.7563
2003-11-20,680.5815
2003-11-21,634.83624
2003-11-22,629.75
2003-11-23,695.501
2003-11-24,782.1283
2003-11-25,774.66266
2003-11-26,708.1017
2003-11-27,665.4251
2003-11-28,656.3996
2003-11-29,702.22577
2003-11-30,827.5856
2003-12-01,817.965
2003-12-02,665.9925
2003-12-03,605.53436
2003-12-04,658.79803
2003-12-05,680.3395
2003-12-06,597.34656
2003-12-07,533.8638
2003-12-08,543.70447
2003-12-09,574.8567
2003-12-10,554.6382
2003-12-11,517.4672
2003-12-12,533.09045
2003-12-13,548.7051
2003-12-14,630.6677
2003-12-15,675.321
2003-12-16,661.08
2003-12-17,633.0396
2003-12-18,517.27216
2003-12-19,464.66202
2003-12-20,476.1732
2003-12-21,515.7123
2003-12-22,548.00854
2003-12-23,663.7667
2003-12-24,755.08093
2003-12-25,686.92395
2003-12-26,718.27203
2003-12-27,756.05304
2003-12-28,704.13654
2003-12-29,635.7517
2003-12-30,594.43335
2003-12-31,565.7265
2004-01-01,534.47266
2004-01-02,510.6436
2004-01-03,490.6632
2004-01-04,474.12027
2004-01-05,460.15894
2004-01-06,448.20248
2004-01-07,433.92395
2004-01-08,427.57318
2004-01-09,452.6781
2004-01-10,456.7483
2004-01-11,425.38135
2004-01-12,390.65335
2004-01-13,374.8126
2004-01-14,351.97125
2004-01-15,324.65112
2004-01-16,306.971
2004-01-17,293.5807
2004-01-18,280.8517
2004-01-19,268.63538
2004-01-20,257.17633
2004-01-21,246.15044
2004-01-22,235.41606
2004-01-23,224.79256
2004-01-24,214.40407
2004-01-25,204.37247
2004-01-26,194.83652
2004-01-27,185.76591
2004-01-28,177.00679
2004-01-29,168.60954
2004-01-30,160.58653
2004-01-31,153.07527
2004-02-01,145.95772
2004-02-02,139.25328
2004-02-03,132.94746
2004-02-04,127.18899
2004-02-05,122.022995
2004-02-06,116.80886
2004-02-07,111.73425
2004-02-08,107.25235
2004-02-09,103.25967
2004-02-10,98.84019
2004-02-11,94.36677
2004-02-12,90.67949
2004-02-13,87.39999
2004-02-14,85.65037
2004-02-15,84.389366
2004-02-16,80.4358
2004-02-17,76.44637
2004-02-18,73.334984
2004-02-19,70.52803
2004-02-20,68.009705
2004-02-21,65.65334
2004-02-22,65.32432
2004-02-23,73.27928
2004-02-24,110.374176
2004-02-25,114.0416
2004-02-26,91.54274
2004-02-27,92.627045
2004-02-28,104.73992
2004-02-29,108.38666
2004-03-01,93.880295
2004-03-02,96.41282
2004-03-03,227.11513
2004-03-04,320.93323
2004-03-05,255.7017
2004-03-06,202.27338
2004-03-07,113.359764
2004-03-08,54.46537
2004-03-09,28.581696
2004-03-10,20.804502
2004-03-11,66.589294
2004-03-12,148.43468
2004-03-13,230.31293
2004-03-14,315.1972
2004-03-15,345.24927
2004-03-16,291.91245
2004-03-17,246.70786
2004-03-18,223.30168
2004-03-19,185.3301
2004-03-20,223.08777
2004-03-21,208.30591
2004-03-22,98.259315
2004-03-23,50.43707
2004-03-24,84.3287
2004-03-25,140.52951
2004-03-26,175.46486
2004-03-27,215.59787
2004-03-28,265.40698
2004-03-29,286.08572
2004-03-30,358.32785
2004-03-31,459.97488
2004-04-01,367.37097
2004-04-02,258.19376
2004-04-03,220.54736
2004-04-04,257.14017
2004-04-05,280.8849
2004-04-06,274.31848
2004-04-07,225.95229
2004-04-08,241.53511
2004-04-09,315.69202
2004-04-10,414.1269
2004-04-11,437.60986
2004-04-12,400.40436
2004-04-13,321.1223
2004-04-14,211.3085
2004-04-15,228.29636
2004-04-16,365.0396
2004-04-17,404.4275
2004-04-18,334.3314
2004-04-19,366.9176
2004-04-20,452.2505
2004-04-21,414.33508
2004-04-22,416.17053
2004-04-23,486.01184
2004-04-24,471.12473
2004-04-25,529.6635
2004-04-26,621.40027
2004-04-27,461.5256
2004-04-28,348.03253
2004-04-29,477.1966
2004-04-30,616.5039
2004-05-01,575.93524
2004-05-02,588.8847
2004-05-03,767.9134
2004-05-04,978.2625
2004-05-05,1079.064
2004-05-06,1057.8035
2004-05-07,1093.8601
2004-05-08,1096.4386
2004-05-09,1122.072
2004-05-10,1150.1205
2004-05-11,1187.9918
2004-05-12,1428.5288
2004-05-13,1603.3887
2004-05-14,1435.0942
2004-05-15,1235.7217
2004-05-16,1176.5989
2004-05-17,1208.4817
2004-05-18,1387.1642
2004-05-19,1566.6932
2004-05-20,1470.2852
2004-05-21,1409.3828
2004-05-22,1850.3275
2004-05-23,2257.1775
2004-05-24,2083.481
2004-05-25,1675.1226
2004-05-26,1365.2192
2004-05-27,1235.8806
2004-05-28,1361.2377
2004-05-29,1654.4747
2004-05-30,1960.3403
2004-05-31,1865.8798
2004-06-01,1682.3446
2004-06-02,1616.727
2004-06-03,1786.8878
2004-06-04,1786.1172
2004-06-05,1980.5432
2004-06-06,1983.9789
2004-06-07,1728.7754
2004-06-08,1719.5613
2004-06-09,1706.6471
2004-06-10,1704.3993
2004-06-11,1618.2219
2004-06-12,1519.847
2004-06-13,1498.8121
2004-06-14,1496.8212
2004-06-15,1490.8282
2004-06-16,1403.4452
2004-06-17,1255.4706
2004-06-18,1132.5935
2004-06-19,1065.2286
2004-06-20,1014.9815
2004-06-21,1026.8628
2004-06-22,1037.0906
2004-06-23,1065.3495
2004-06-24,1040.8512
2004-06-25,1028.9967
2004-06-26,1051.2711
2004-06-27,1117.6888
2004-06-28,1129.2391
2004-06-29,1119.3971
2004-06-30,1103.1555
2004-07-01,1074.5852
2004-07-02,1094.1124
2004-07-03,1234.9521
2004-07-04,1127.8423
2004-07-05,1022.705
2004-07-06,1047.0427
2004-07-07,1114.3063
2004-07-08,1115.666
2004-07-09,1048.6561
2004-07-10,1001.91205
2004-07-11,966.22766
2004-07-12,982.3187
2004-07-13,1069.1841
2004-07-14,1083.894
2004-07-15,1055.8116
2004-07-16,1111.2299
2004-07-17,1155.5741
2004-07-18,1113.1691
2004-07-19,1122.7096
2004-07-20,1203.3591
2004-07-21,1182.7783
2004-07-22,1140.9122
2004-07-23,1120.3685
2004-07-24,1077.2043
2004-07-25,1072.7687
2004-07-26,1184.1377
2004-07-27,1132.3751
2004-07-28,1015.79486
2004-07-29,999.0293
2004-07-30,1045.4137
2004-07-31,1029.2609
2004-08-01,1103.2683
2004-08-02,1145.674
2004-08-03,1135.0532
2004-08-04,1195.3115
2004-08-05,1182.431
2004-08-06,1089.7155
2004-08-07,1069.7493
2004-08-08,1088.6262
2004-08-09,1183.1118
2004-08-10,1187.7643
2004-08-11,1054.5142
2004-08-12,1028.2876
2004-08-13,1027.0643
2004-08-14,989.0896
2004-08-15,1008.9274
2004-08-16,997.24603
2004-08-17,907.43024
2004-08-18,849.0748
2004-08-19,853.55457
2004-08-20,902.4456
2004-08-21,982.29156
2004-08-22,917.9309
2004-08-23,842.2046
2004-08-24,797.0245
2004-08-25,723.45593
2004-08-26,647.1487
2004-08-27,646.74084
2004-08-28,700.11224
2004-08-29,697.47345
2004-08-30,692.2469
2004-08-31,723.88556
2004-09-01,752.7376
2004-09-02,700.2204
2004-09-03,593.6843
2004-09-04,531.18726
2004-09-05,552.0512
2004-09-06,657.7069
2004-09-07,643.5069
2004-09-08,558.9957
2004-09-09,588.64655
2004-09-10,625.2671
2004-09-11,616.94415
2004-09-12,589.84564
2004-09-13,570.9315
2004-09-14,601.28546
2004-09-15,628.358
2004-09-16,611.78314
2004-09-17,540.6007
2004-09-18,508.62378
2004-09-19,540.9443
2004-09-20,549.3599
2004-09-21,584.22003
2004-09-22,502.79044
2004-09-23,425.82605
2004-09-24,470.5658
2004-09-25,513.25757
2004-09-26,456.05075
2004-09-27,472.84653
2004-09-28,555.0094
2004-09-29,577.2673
2004-09-30,568.6613
2004-10-01,498.4715
2004-10-02,462.07153
2004-10-03,499.50076
2004-10-04,488.0561
2004-10-05,564.45264
2004-10-06,647.7647
2004-10-07,591.4556
2004-10-08,555.9916
2004-10-09,506.90363
2004-10-10,505.7021
2004-10-11,509.49435
2004-10-12,466.1749
2004-10-13,421.22345
2004-10-14,394.5073
2004-10-15,370.10803
2004-10-16,385.2666
2004-10-17,389.59653
2004-10-18,388.37405
2004-10-19,401.62906
2004-10-20,384.80103
2004-10-21,358.6165
2004-10-22,393.75125
2004-10-23,501.17896
2004-10-24,567.14215
2004-10-25,520.69604
2004-10-26,590.0989
2004-10-27,580.1431
2004-10-28,434.29654
2004-10-29,434.39926
2004-10-30,440.31253
2004-10-31,365.54767
2004-11-01,331.71072
2004-11-02,363.03314
2004-11-03,382.00092
2004-11-04,476.87637
2004-11-05,625.1853
2004-11-06,698.01086
2004-11-07,569.1963
2004-11-08,499.44867
2004-11-09,634.97205
2004-11-10,695.5638
2004-11-11,675.9223
2004-11-12,640.8603
2004-11-13,544.1783
2004-11-14,506.43875
2004-11-15,625.87366
2004-11-16,707.03015
2004-11-17,625.1297
2004-11-18,560.23315
2004-11-19,542.80676
2004-11-20,545.6451
2004-11-21,601.6036
2004-11-22,793.0851
2004-11-23,901.9036
2004-11-24,809.8679
2004-11-25,797.5661
2004-11-26,854.0461
2004-11-27,846.21783
2004-11-28,865.33746
2004-11-29,852.31573
2004-11-30,716.2959
2004-12-01,650.7891
2004-12-02,629.1347
2004-12-03,601.3441
2004-12-04,611.60815
2004-12-05,682.66113
2004-12-06,750.2326
2004-12-07,776.241
2004-12-08,816.09515
2004-12-09,809.1575
2004-12-10,725.8674
2004-12-11,702.29236
2004-12-12,679.6468
2004-12-13,656.1819
2004-12-14,641.5535
2004-12-15,643.67676
2004-12-16,629.9507
2004-12-17,596.0389
2004-12-18,577.29364
2004-12-19,553.81885
2004-12-20,488.78683
2004-12-21,434.61063
2004-12-22,410.74524
2004-12-23,405.0764
2004-12-24,395.6774
2004-12-25,373.3505
2004-12-26,357.27197
2004-12-27,344.23288
2004-12-28,331.2266
2004-12-29,318.71835
2004-12-30,306.76956
2004-12-31,295.10907
2005-01-01,284.57132
2005-01-02,277.73462
2005-01-03,269.09348
2005-01-04,261.58014
2005-01-05,271.77396
2005-01-06,277.40735
2005-01-07,277.70016
2005-01-08,289.946
2005-01-09,295.88693
2005-01-10,313.02307
2005-01-11,368.17322
2005-01-12,308.1363
2005-01-13,291.5027
2005-01-14,303.6207
2005-01-15,349.07086
2005-01-16,447.8056
2005-01-17,375.37717
2005-01-18,299.91702
2005-01-19,234.09398
2005-01-20,197.52487
2005-01-21,182.45728
2005-01-22,175.15617
2005-01-23,170.25618
2005-01-24,165.71107
2005-01-25,161.7435
2005-01-26,158.2715
2005-01-27,154.67937
2005-01-28,150.20143
2005-01-29,145.25903
2005-01-30,141.7596
2005-01-31,138.70203
2005-02-01,134.19957
2005-02-02,129.55649
2005-02-03,125.003716
2005-02-04,124.77201
2005-02-05,132.51216
2005-02-06,143.74171
2005-02-07,146.80363
2005-02-08,132.53511
2005-02-09,149.88655
2005-02-10,176.32574
2005-02-11,220.85762
2005-02-12,321.92712
2005-02-13,424.34552
2005-02-14,479.1283
2005-02-15,442.95316
2005-02-16,316.85025
2005-02-17,198.94989
2005-02-18,151.54774
2005-02-19,134.46141
2005-02-20,128.74725
2005-02-21,130.01688
2005-02-22,127.376686
2005-02-23,117.72972
2005-02-24,110.28565
2005-02-25,104.65631
2005-02-26,99.8601
2005-02-27,97.19572
2005-02-28,105.796745
2005-03-01,124.28994
2005-03-02,104.81137
2005-03-03,100.39958
2005-03-04,153.85675
2005-03-05,224.29726
2005-03-06,281.82477
2005-03-07,309.80673
2005-03-08,249.79745
2005-03-09,172.14648
2005-03-10,138.96007
2005-03-11,109.313866
2005-03-12,85.863754
2005-03-13,80.86978
2005-03-14,79.56223
2005-03-15,76.31175
2005-03-16,73.941765
2005-03-17,73.44727
2005-03-18,76.10134
2005-03-19,103.92361
2005-03-20,145.96541
2005-03-21,266.27924
2005-03-22,328.86496
2005-03-23,211.3456
2005-03-24,185.09955
2005-03-25,275.08853
2005-03-26,308.0148
2005-03-27,363.82474
2005-03-28,312.9147
2005-03-29,262.90744
2005-03-30,225.85963
2005-03-31,201.6667
2005-04-01,228.8044
2005-04-02,356.28513
2005-04-03,338.65436
2005-04-04,271.14203
2005-04-05,315.73724
2005-04-06,311.78314
2005-04-07,302.57693
2005-04-08,354.98236
2005-04-09,400.91458
2005-04-10,487.72766
2005-04-11,657.1979
2005-04-12,671.2442
2005-04-13,477.29227
2005-04-14,390.4511
2005-04-15,480.15213
2005-04-16,708.5892
2005-04-17,844.0175
2005-04-18,793.5388
2005-04-19,691.11414
2005-04-20,584.14124
2005-04-21,542.675
2005-04-22,568.453
2005-04-23,721.173
2005-04-24,885.66113
2005-04-25,818.51855
2005-04-26,723.9787
2005-04-27,787.875
2005-04-28,901.587
2005-04-29,1049.3943
2005-04-30,1143.1771
2005-05-01,1185.8855
2005-05-02,1049.1814
2005-05-03,964.5266
2005-05-04,921.80054
2005-05-05,907.363
2005-05-06,856.9538
2005-05-07,839.3982
2005-05-08,903.3872
2005-05-09,886.0058
2005-05-10,818.9681
2005-05-11,805.32623
2005-05-12,830.8122
2005-05-13,932.473
2005-05-14,1124.3812
2005-05-15,1179.2936
2005-05-16,1018.4764
2005-05-17,902.39923
2005-05-18,882.2523
2005-05-19,873.8495
2005-05-20,870.7865
2005-05-21,816.66187
2005-05-22,761.2125
2005-05-23,763.3292
2005-05-24,805.829
2005-05-25,806.22845
2005-05-26,778.9315
2005-05-27,699.0271
2005-05-28,657.3428
2005-05-29,853.69006
2005-05-30,951.34845
2005-05-31,848.8522
2005-06-01,968.1976
2005-06-02,1002.7344
2005-06-03,778.785
2005-06-04,643.3145
2005-06-05,687.3106
2005-06-06,866.5273
2005-06-07,895.2312
2005-06-08,875.99426
2005-06-09,840.7274
2005-06-10,767.992
2005-06-11,817.5358
2005-06-12,967.90173
2005-06-13,1108.722
2005-06-14,1091.9606
2005-06-15,1009.64655
2005-06-16,1094.3374
2005-06-17,1145.003
2005-06-18,1189.806
2005-06-19,1223.2181
2005-06-20,1131.1129
2005-06-21,1104.5546
2005-06-22,1138.322
2005-06-23,1134.4742
2005-06-24,1113.4581
2005-06-25,1074.6671
2005-06-26,1007.2055
2005-06-27,943.3517
2005-06-28,902.83594
2005-06-29,890.422
2005-06-30,942.67456
2005-07-01,1046.2888
2005-07-02,1079.83
2005-07-03,1063.3186
2005-07-04,1028.866
2005-07-05,960.9609
2005-07-06,902.0402
2005-07-07,909.2454
2005-07-08,1087.6144
2005-07-09,1428.3156
2005-07-10,1408.3971
2005-07-11,1135.5126
2005-07-12,1008.42993
2005-07-13,943.2126
2005-07-14,911.87744
2005-07-15,901.43915
2005-07-16,880.51886
2005-07-17,810.0181
2005-07-18,782.41656
2005-07-19,850.4937
2005-07-20,934.0082
2005-07-21,904.2095
2005-07-22,871.92145
2005-07-23,820.5926
2005-07-24,825.4682
2005-07-25,844.541
2005-07-26,810.81036
2005-07-27,799.74176
2005-07-28,735.19006
2005-07-29,671.199
2005-07-30,682.1161
2005-07-31,805.36523
2005-08-01,885.59045
2005-08-02,884.354
2005-08-03,871.0035
2005-08-04,782.8456
2005-08-05,720.7057
2005-08-06,743.4417
2005-08-07,730.53406
2005-08-08,664.482
2005-08-09,704.99066
2005-08-10,804.52057
2005-08-11,827.26904
2005-08-12,749.2167
2005-08-13,636.9925
2005-08-14,602.7005
2005-08-15,594.3343
2005-08-16,599.86017
2005-08-17,641.1052
2005-08-18,667.06274
2005-08-19,652.7191
2005-08-20,691.7453
2005-08-21,779.2441
2005-08-22,742.53735
2005-08-23,619.8031
2005-08-24,566.57086
2005-08-25,571.9844
2005-08-26,642.89014
2005-08-27,691.3657
2005-08-28,666.31305
2005-08-29,624.31146
2005-08-30,532.25586
2005-08-31,477.5238
2005-09-01,482.66766
2005-09-02,475.9067
2005-09-03,441.37592
2005-09-04,426.90115
2005-09-05,419.85843
2005-09-06,416.50693
2005-09-07,449.782
2005-09-08,539.4545
2005-09-09,563.58185
2005-09-10,522.0352
2005-09-11,552.5204
2005-09-12,534.12354
2005-09-13,425.95776
2005-09-14,436.08798
2005-09-15,504.48627
2005-09-16,486.6983
2005-09-17,432.22855
2005-09-18,399.1124
2005-09-19,370.20264
2005-09-20,392.35596
2005-09-21,490.87723
2005-09-22,535.86005
2005-09-23,517.82184
2005-09-24,466.87537
2005-09-25,450.43918
2005-09-26,405.71933
2005-09-27,365.29074
2005-09-28,353.44388
2005-09-29,376.545
2005-09-30,434.97064
2005-10-01,466.39105
2005-10-02,416.21033
2005-10-03,334.92722
2005-10-04,288.45612
2005-10-05,280.005
2005-10-06,286.95438
2005-10-07,305.00644
2005-10-08,317.8494
2005-10-09,341.79065
2005-10-10,370.99713
2005-10-11,313.31543
2005-10-12,285.06943
2005-10-13,250.8017
2005-10-14,240.19946
2005-10-15,226.48543
2005-10-16,231.24483
2005-10-17,252.10394
2005-10-18,234.61995
2005-10-19,235.28427
2005-10-20,345.02536
2005-10-21,417.44138
2005-10-22,376.7715
2005-10-23,325.3118
2005-10-24,308.81784
2005-10-25,285.5481
2005-10-26,275.23203
2005-10-27,265.2217
2005-10-28,247.51552
2005-10-29,249.36166
2005-10-30,302.11905
2005-10-31,363.57166
2005-11-01,368.2635
2005-11-02,353.3738
2005-11-03,403.22635
2005-11-04,422.36673
2005-11-05,415.4208
2005-11-06,435.2713
2005-11-07,500.81546
2005-11-08,505.5729
2005-11-09,471.89514
2005-11-10,525.40186
2005-11-11,605.24554
2005-11-12,527.7368
2005-11-13,457.67612
2005-11-14,443.25912
2005-11-15,480.40884
2005-11-16,507.67264
2005-11-17,533.6259
2005-11-18,513.65924
2005-11-19,451.04208
2005-11-20,415.42267
2005-11-21,407.37994
2005-11-22,424.97375
2005-11-23,452.17133
2005-11-24,447.16315
2005-11-25,417.85406
2005-11-26,388.06754
2005-11-27,364.42166
2005-11-28,344.50516
2005-11-29,330.2578
2005-11-30,317.97845
2005-12-01,306.10663
2005-12-02,294.82825
2005-12-03,284.03284
2005-12-04,278.70956
2005-12-05,280.43832
2005-12-06,289.4364
2005-12-07,305.16348
2005-12-08,278.36108
2005-12-09,243.88159
2005-12-10,226.84824
2005-12-11,218.56084
2005-12-12,218.47134
2005-12-13,232.104
2005-12-14,271.95636
2005-12-15,286.5912
2005-12-16,301.69916
2005-12-17,267.57248
2005-12-18,251.05545
2005-12-19,265.5566
2005-12-20,273.59735
2005-12-21,219.59904
2005-12-22,172.58899
2005-12-23,160.88222
2005-12-24,164.02615
2005-12-25,175.21786
2005-12-26,157.3074
2005-12-27,169.53783
2005-12-28,204.99422
2005-12-29,182.04517
2005-12-30,142.74303
2005-12-31,130.50153
2006-01-01,125.93013
2006-01-02,121.710144
2006-01-03,117.491585
2006-01-04,114.400856
2006-01-05,113.62862
2006-01-06,121.10051
2006-01-07,127.046005
2006-01-08,124.35821
2006-01-09,151.86682
2006-01-10,159.69061
2006-01-11,121.57895
2006-01-12,102.479225
2006-01-13,92.346855
2006-01-14,88.756615
2006-01-15,86.51344
2006-01-16,86.399155
2006-01-17,96.38951
2006-01-18,144.08757
2006-01-19,232.67082
2006-01-20,276.15872
2006-01-21,232.91649
2006-01-22,130.07036
2006-01-23,90.70031
2006-01-24,104.17878
2006-01-25,184.20123
2006-01-26,241.2702
2006-01-27,272.55704
2006-01-28,405.6104
2006-01-29,523.7222
2006-01-30,460.11865
2006-01-31,414.34546
2006-02-01,402.14435
2006-02-02,493.6828
2006-02-03,496.31628
2006-02-04,407.4904
2006-02-05,397.18927
2006-02-06,469.48773
2006-02-07,362.25403
2006-02-08,278.38434
2006-02-09,365.6728
2006-02-10,337.65854
2006-02-11,241.10484
2006-02-12,199.55772
2006-02-13,184.70393
2006-02-14,180.08272
2006-02-15,176.23584
2006-02-16,161.30087
2006-02-17,149.73758
2006-02-18,141.65462
2006-02-19,135.39124
2006-02-20,130.69914
2006-02-21,127.834465
2006-02-22,125.98088
2006-02-23,121.84384
2006-02-24,114.67612
2006-02-25,113.65722
2006-02-26,124.58179
2006-02-27,120.49372
2006-02-28,103.00555
2006-03-01,101.13515
2006-03-02,118.01471
2006-03-03,147.8366
2006-03-04,199.31424
2006-03-05,192.70088
2006-03-06,153.50821
2006-03-07,154.76067
2006-03-08,192.09515
2006-03-09,271.23303
2006-03-10,219.86566
2006-03-11,232.86847
2006-03-12,258.25217
2006-03-13,196.11617
2006-03-14,137.80844
2006-03-15,107.20974
2006-03-16,91.67505
2006-03-17,86.67492
2006-03-18,100.90289
2006-03-19,165.76134
2006-03-20,170.87758
2006-03-21,150.80354
2006-03-22,272.34094
2006-03-23,395.20935
2006-03-24,401.9759
2006-03-25,415.15186
2006-03-26,399.17453
2006-03-27,448.0374
2006-03-28,423.21655
2006-03-29,444.33624
2006-03-30,570.1073
2006-03-31,664.0264
2006-04-01,585.946
2006-04-02,404.75168
2006-04-03,325.01996
2006-04-04,445.73477
2006-04-05,603.26886
2006-04-06,649.34515
2006-04-07,766.58563
2006-04-08,819.1929
2006-04-09,727.5834
2006-04-10,589.2678
2006-04-11,502.65738
2006-04-12,470.57312
2006-04-13,402.51086
2006-04-14,435.62024
2006-04-15,560.1364
2006-04-16,583.4059
2006-04-17,572.9157
2006-04-18,512.22296
2006-04-19,589.8841
2006-04-20,813.9256
2006-04-21,773.6757
2006-04-22,673.33636
2006-04-23,706.549
2006-04-24,806.1541
2006-04-25,891.18286
2006-04-26,863.8783
2006-04-27,822.6191
2006-04-28,890.4364
2006-04-29,849.17584
2006-04-30,750.1734
2006-05-01,757.045
2006-05-02,906.94183
2006-05-03,1093.3679
2006-05-04,1152.9294
2006-05-05,1409.7877
2006-05-06,2412.4683
2006-05-07,2254.6877
2006-05-08,1567.6738
2006-05-09,1286.5444
2006-05-10,1236.6644
2006-05-11,1261.6383
2006-05-12,1227.699
2006-05-13,1357.8363
2006-05-14,1233.7183
2006-05-15,949.5423
2006-05-16,857.523
2006-05-17,815.949
2006-05-18,781.14667
2006-05-19,772.2541
2006-05-20,762.4815
2006-05-21,760.44507
2006-05-22,791.68964
2006-05-23,754.78064
2006-05-24,658.9324
2006-05-25,657.8839
2006-05-26,709.8427
2006-05-27,673.04266
2006-05-28,689.9445
2006-05-29,683.26587
2006-05-30,620.03534
2006-05-31,577.9138
2006-06-01,574.7632
2006-06-02,648.3776
2006-06-03,731.33453
2006-06-04,727.9746
2006-06-05,697.74774
2006-06-06,770.38525
2006-06-07,820.2397
2006-06-08,848.32056
2006-06-09,792.9535
2006-06-10,810.4878
2006-06-11,798.0221
2006-06-12,714.2801
2006-06-13,712.68036
2006-06-14,718.65283
2006-06-15,749.39
2006-06-16,817.31555
2006-06-17,974.01404
2006-06-18,1000.738
2006-06-19,1028.6777
2006-06-20,937.56213
2006-06-21,863.22906
2006-06-22,848.02167
2006-06-23,892.70276
2006-06-24,881.5732
2006-06-25,837.24316
2006-06-26,780.45215
2006-06-27,736.5722
2006-06-28,793.662
2006-06-29,845.046
2006-06-30,770.51764
2006-07-01,713.622
2006-07-02,708.93225
2006-07-03,719.18115
2006-07-04,768.9787
2006-07-05,902.66943
2006-07-06,904.4909
2006-07-07,864.81604
2006-07-08,820.27734
2006-07-09,774.0026
2006-07-10,735.536
2006-07-11,725.2506
2006-07-12,751.49567
2006-07-13,804.8753
2006-07-14,836.79114
2006-07-15,867.2803
2006-07-16,945.5336
2006-07-17,921.03174
2006-07-18,854.28467
2006-07-19,844.3539
2006-07-20,901.1878
2006-07-21,894.37976
2006-07-22,825.6872
2006-07-23,778.8138
2006-07-24,812.667
2006-07-25,858.28296
2006-07-26,919.0175
2006-07-27,962.9116
2006-07-28,882.4855
2006-07-29,822.03973
2006-07-30,1003.0774
2006-07-31,1183.0442
2006-08-01,1073.5719
2006-08-02,1061.8461
2006-08-03,1083.4146
2006-08-04,954.3989
2006-08-05,867.6493
2006-08-06,849.8005
2006-08-07,849.64545
2006-08-08,852.9329
2006-08-09,805.6951
2006-08-10,790.3067
2006-08-11,813.3351
2006-08-12,807.3036
2006-08-13,754.12225
2006-08-14,713.9054
2006-08-15,726.5995
2006-08-16,691.12146
2006-08-17,648.44006
2006-08-18,639.20386
2006-08-19,617.3481
2006-08-20,592.8148
2006-08-21,588.3081
2006-08-22,576.51636
2006-08-23,655.4175
2006-08-24,675.3789
2006-08-25,623.7947
2006-08-26,506.7335
2006-08-27,482.9313
2006-08-28,473.08896
2006-08-29,487.31458
2006-08-30,472.7076
2006-08-31,452.7008
2006-09-01,486.89575
2006-09-02,569.3704
2006-09-03,516.2308
2006-09-04,449.22098
2006-09-05,480.18048
2006-09-06,506.67874
2006-09-07,580.3203
2006-09-08,647.6346
2006-09-09,546.1097
2006-09-10,430.21945
2006-09-11,440.4187
2006-09-12,508.7949
2006-09-13,593.7706
2006-09-14,639.2959
2006-09-15,601.38196
2006-09-16,559.3508
2006-09-17,534.8426
2006-09-18,538.04004
2006-09-19,566.9841
2006-09-20,574.55853
2006-09-21,565.73267
2006-09-22,567.8536
2006-09-23,513.297
2006-09-24,461.69336
2006-09-25,447.92346
2006-09-26,501.77628
2006-09-27,649.56976
2006-09-28,690.7743
2006-09-29,532.85236
2006-09-30,484.63055
2006-10-01,476.45673
2006-10-02,513.9752
2006-10-03,613.6039
2006-10-04,668.77606
2006-10-05,622.8684
2006-10-06,533.73596
2006-10-07,515.181
2006-10-08,583.80896
2006-10-09,583.24603
2006-10-10,597.1026
2006-10-11,587.97144
2006-10-12,543.3258
2006-10-13,521.6434
2006-10-14,501.97598
2006-10-15,533.99725
2006-10-16,623.6146
2006-10-17,607.94116
2006-10-18,518.7582
2006-10-19,497.20288
2006-10-20,518.49243
2006-10-21,529.4428
2006-10-22,552.8588
2006-10-23,596.7631
2006-10-24,580.8469
2006-10-25,570.0708
2006-10-26,559.53644
2006-10-27,481.59525
2006-10-28,464.25687
2006-10-29,445.87918
2006-10-30,399.83713
2006-10-31,381.4045
2006-11-01,354.37244
2006-11-02,352.51605
2006-11-03,340.49704
2006-11-04,323.03842
2006-11-05,296.64648
2006-11-06,304.34128
2006-11-07,332.1463
2006-11-08,383.02554
2006-11-09,442.94736
2006-11-10,464.40213
2006-11-11,496.54166
2006-11-12,567.77686
2006-11-13,668.7826
2006-11-14,967.15936
2006-11-15,1200.1125
2006-11-16,1540.3639
2006-11-17,1786.2366
2006-11-18,1188.8193
2006-11-19,868.21313
2006-11-20,797.2506
2006-11-21,775.0223
2006-11-22,760.9078
2006-11-23,758.1217
2006-11-24,695.9594
2006-11-25,621.819
2006-11-26,608.84485
2006-11-27,694.2475
2006-11-28,693.7026
2006-11-29,661.81213
2006-11-30,606.46674
2006-12-01,563.93756
2006-12-02,532.35626
2006-12-03,510.4719
2006-12-04,512.09845
2006-12-05,497.0812
2006-12-06,480.48456
2006-12-07,442.0958
2006-12-08,429.0457
2006-12-09,486.56482
2006-12-10,478.3787
2006-12-11,507.2378
2006-12-12,607.44775
2006-12-13,641.98584
2006-12-14,536.0246
2006-12-15,480.4247
2006-12-16,418.60052
2006-12-17,370.62863
2006-12-18,347.228
2006-12-19,320.8993
2006-12-20,309.472
2006-12-21,306.11795
2006-12-22,318.65765
2006-12-23,334.93768
2006-12-24,386.4568
2006-12-25,393.39343
2006-12-26,378.5593
2006-12-27,361.56586
2006-12-28,307.87796
2006-12-29,323.03067
2006-12-30,430.11383
2006-12-31,436.62494
2007-01-01,429.83527
2007-01-02,377.5291
2007-01-03,314.76514
2007-01-04,279.79333
2007-01-05,247.75201
2007-01-06,235.34146
2007-01-07,228.25215
2007-01-08,221.59106
2007-01-09,214.99118
2007-01-10,208.57666
2007-01-11,202.70035
2007-01-12,198.3372
2007-01-13,195.83876
2007-01-14,209.33846
2007-01-15,207.12595
2007-01-16,185.46573
2007-01-17,173.5891
2007-01-18,167.01207
2007-01-19,163.62827
2007-01-20,168.14406
2007-01-21,175.72519
2007-01-22,191.17392
2007-01-23,224.17831
2007-01-24,226.10675
2007-01-25,217.62228
2007-01-26,211.81084
2007-01-27,180.04987
2007-01-28,143.64638
2007-01-29,129.99873
2007-01-30,124.51439
2007-01-31,123.75623
2007-02-01,118.291145
2007-02-02,112.159966
2007-02-03,108.02275
2007-02-04,104.486374
2007-02-05,101.03653
2007-02-06,97.62201
2007-02-07,94.19787
2007-02-08,90.801346
2007-02-09,87.52671
2007-02-10,84.35814
2007-02-11,81.24651
2007-02-12,78.279465
2007-02-13,75.530754
2007-02-14,73.001396
2007-02-15,70.80513
2007-02-16,68.46468
2007-02-17,65.90722
2007-02-18,63.39685
2007-02-19,61.134018
2007-02-20,58.876106
2007-02-21,56.658203
2007-02-22,54.580223
2007-02-23,52.57587
2007-02-24,50.711308
2007-02-25,48.89885
2007-02-26,47.284916
2007-02-27,46.66705
2007-02-28,47.042343
2007-03-01,47.118534
2007-03-02,45.286495
2007-03-03,42.489628
2007-03-04,42.99129
2007-03-05,53.66425
2007-03-06,69.28339
2007-03-07,76.97102
2007-03-08,75.17962
2007-03-09,108.599014
2007-03-10,171.04146
2007-03-11,302.69894
2007-03-12,337.72433
2007-03-13,244.65627
2007-03-14,146.90842
2007-03-15,103.37921
2007-03-16,96.20608
2007-03-17,165.46764
2007-03-18,232.46173
2007-03-19,216.68431
2007-03-20,244.20624
2007-03-21,312.58316
2007-03-22,300.21024
2007-03-23,239.8701
2007-03-24,216.42122
2007-03-25,318.0787
2007-03-26,463.81314
2007-03-27,395.9563
2007-03-28,268.30264
2007-03-29,303.37476
2007-03-30,446.21884
2007-03-31,495.43924
2007-04-01,503.53244
2007-04-02,461.7852
2007-04-03,518.4967
2007-04-04,583.8742
2007-04-05,508.74448
2007-04-06,378.05496
2007-04-07,319.10095
2007-04-08,356.9674
2007-04-09,501.30402
2007-04-10,641.5793
2007-04-11,536.2427
2007-04-12,491.99625
2007-04-13,369.9634
2007-04-14,274.13385
2007-04-15,397.65802
2007-04-16,609.5973
2007-04-17,602.4979
2007-04-18,523.0711
2007-04-19,526.6262
2007-04-20,555.4009
2007-04-21,620.49475
2007-04-22,629.54504
2007-04-23,655.1226
2007-04-24,833.39954
2007-04-25,780.36993
2007-04-26,744.7335
2007-04-27,756.79095
2007-04-28,926.12085
2007-04-29,1057.4286
2007-04-30,1110.6299
2007-05-01,1532.811
2007-05-02,1614.3844
2007-05-03,1251.4318
2007-05-04,1175.7814
2007-05-05,1210.0675
2007-05-06,1170.2991
2007-05-07,1058.2905
2007-05-08,983.39636
2007-05-09,1019.42175
2007-05-10,1116.7078
2007-05-11,1206.7773
2007-05-12,1487.409
2007-05-13,1638.2778
2007-05-14,1694.1158
2007-05-15,1694.1006
2007-05-16,1437.3009
2007-05-17,1277.6516
2007-05-18,1176.9716
2007-05-19,1227.7313
2007-05-20,1360.5074
2007-05-21,1447.453
2007-05-22,1426.1707
2007-05-23,1319.0499
2007-05-24,1230.4686
2007-05-25,1171.7981
2007-05-26,1284.4891
2007-05-27,1296.6302
2007-05-28,1225.3435
2007-05-29,1200.0734
2007-05-30,1154.0833
2007-05-31,1145.06
2007-06-01,1353.2158
2007-06-02,1410.8042
2007-06-03,1265.8625
2007-06-04,1151.0686
2007-06-05,1099.2476
2007-06-06,1187.8341
2007-06-07,1301.0605
2007-06-08,1348.0311
2007-06-09,1961.597
2007-06-10,2265.029
2007-06-11,2024.2773
2007-06-12,2114.0325
2007-06-13,1980.4796
2007-06-14,1807.867
2007-06-15,1723.456
2007-06-16,1596.3085
2007-06-17,1476.4199
2007-06-18,1394.886
2007-06-19,1294.7697
2007-06-20,1317.4081
2007-06-21,1339.7587
2007-06-22,1312.9052
2007-06-23,1341.4447
2007-06-24,1412.3091
2007-06-25,1416.8334
2007-06-26,1423.1868
2007-06-27,1578.1749
2007-06-28,2133.4692
2007-06-29,2619.059
2007-06-30,2528.3674
2007-07-01,2426.5476
2007-07-02,2203.0986
2007-07-03,1853.754
2007-07-04,1618.2118
2007-07-05,1516.2976
2007-07-06,1394.8801
2007-07-07,1301.7625
2007-07-08,1219.3333
2007-07-09,1190.0317
2007-07-10,1185.2136
2007-07-11,1119.4489
2007-07-12,1084.9169
2007-07-13,1103.6819
2007-07-14,1072.0416
2007-07-15,924.53485
2007-07-16,908.04626
2007-07-17,999.8121
2007-07-18,1051.3832
2007-07-19,960.36804
2007-07-20,959.3429
2007-07-21,985.91797
2007-07-22,1057.0997
2007-07-23,1010.7168
2007-07-24,849.04266
2007-07-25,751.8256
2007-07-26,702.005
2007-07-27,682.6441
2007-07-28,669.6344
2007-07-29,752.5748
2007-07-30,732.3459
2007-07-31,667.8704
2007-08-01,629.3903
2007-08-02,594.4173
2007-08-03,581.4284
2007-08-04,576.9401
2007-08-05,539.7674
2007-08-06,546.5065
2007-08-07,564.65375
2007-08-08,527.1218
2007-08-09,560.56256
2007-08-10,576.11975
2007-08-11,557.0283
2007-08-12,577.3261
2007-08-13,655.1515
2007-08-14,700.28705
2007-08-15,608.75336
2007-08-16,507.64713
2007-08-17,449.97668
2007-08-18,440.7391
2007-08-19,490.8252
2007-08-20,518.8882
2007-08-21,565.15216
2007-08-22,668.65137
2007-08-23,668.4998
2007-08-24,637.5855
2007-08-25,485.1449
2007-08-26,414.70108
2007-08-27,427.5382
2007-08-28,466.64795
2007-08-29,540.3711
2007-08-30,574.92676
2007-08-31,657.10864
2007-09-01,688.8009
2007-09-02,639.95215
2007-09-03,618.67096
2007-09-04,601.55347
2007-09-05,557.4081
2007-09-06,507.0183
2007-09-07,484.61694
2007-09-08,562.59015
2007-09-09,620.54126
2007-09-10,654.1209
2007-09-11,627.8743
2007-09-12,537.3775
2007-09-13,518.77136
2007-09-14,698.6187
2007-09-15,915.73395
2007-09-16,762.50867
2007-09-17,702.7812
2007-09-18,706.2164
2007-09-19,623.314
2007-09-20,585.4148
2007-09-21,631.90497
2007-09-22,637.4129
2007-09-23,598.0917
2007-09-24,566.6639
2007-09-25,630.39343
2007-09-26,620.09753
2007-09-27,647.88464
2007-09-28,731.65533
2007-09-29,767.35706
2007-09-30,707.6704
2007-10-01,858.08606
2007-10-02,966.6539
2007-10-03,801.2072
2007-10-04,653.0397
2007-10-05,625.7099
2007-10-06,614.10895
2007-10-07,577.64124
2007-10-08,578.53467
2007-10-09,590.6453
2007-10-10,612.0542
2007-10-11,663.0488
2007-10-12,618.40295
2007-10-13,537.64185
2007-10-14,495.4498
2007-10-15,486.78632
2007-10-16,504.3969
2007-10-17,524.1537
2007-10-18,572.1513
2007-10-19,605.1849
2007-10-20,633.3558
2007-10-21,705.9777
2007-10-22,746.41235
2007-10-23,679.06696
2007-10-24,600.33905
2007-10-25,674.65204
2007-10-26,739.64777
2007-10-27,647.66077
2007-10-28,617.62494
2007-10-29,681.7109
2007-10-30,703.04175
2007-10-31,715.3206
2007-11-01,679.3678
2007-11-02,593.23315
2007-11-03,518.4363
2007-11-04,478.34622
2007-11-05,457.57022
2007-11-06,445.76865
2007-11-07,466.59637
2007-11-08,512.9936
2007-11-09,555.08624
2007-11-10,625.882
2007-11-11,606.9407
2007-11-12,552.3305
2007-11-13,552.8179
2007-11-14,514.94696
2007-11-15,562.28503
2007-11-16,604.2606
2007-11-17,741.9833
2007-11-18,980.3279
2007-11-19,1080.371
2007-11-20,950.27826
2007-11-21,889.3915
2007-11-22,862.0775
2007-11-23,914.92535
2007-11-24,969.50165
2007-11-25,1037.942
2007-11-26,980.8049
2007-11-27,867.2877
2007-11-28,769.9856
2007-11-29,720.4492
2007-11-30,665.0878
2007-12-01,626.5473
2007-12-02,595.37366
2007-12-03,564.7351
2007-12-04,536.16656
2007-12-05,509.11044
2007-12-06,483.3365
2007-12-07,458.3028
2007-12-08,434.16388
2007-12-09,411.36078
2007-12-10,390.24756
2007-12-11,370.39874
2007-12-12,351.6067
2007-12-13,346.35843
2007-12-14,363.11032
2007-12-15,364.79553
2007-12-16,354.7994
2007-12-17,349.82758
2007-12-18,309.38416
2007-12-19,278.74728
2007-12-20,256.38727
2007-12-21,242.53564
2007-12-22,251.12709
2007-12-23,282.32648
2007-12-24,302.15005
2007-12-25,292.45697
2007-12-26,262.05252
2007-12-27,275.26797
2007-12-28,349.53778
2007-12-29,342.8756
2007-12-30,282.1545
2007-12-31,223.87859
2008-01-01,190.36057
2008-01-02,175.65851
2008-01-03,164.70334
2008-01-04,156.92262
2008-01-05,152.72826
2008-01-06,163.09007
2008-01-07,204.19867
2008-01-08,242.3176
2008-01-09,244.76738
2008-01-10,246.49924
2008-01-11,211.76082
2008-01-12,148.48534
2008-01-13,128.96254
2008-01-14,128.10835
2008-01-15,193.21054
2008-01-16,296.53824
2008-01-17,270.27634
2008-01-18,202.62463
2008-01-19,172.88086
2008-01-20,145.4047
2008-01-21,122.706055
2008-01-22,110.233795
2008-01-23,103.39935
2008-01-24,106.62329
2008-01-25,102.4031
2008-01-26,93.31367
2008-01-27,89.091576
2008-01-28,86.26689
2008-01-29,83.63867
2008-01-30,81.06888
2008-01-31,78.60289
2008-02-01,76.19808
2008-02-02,73.80424
2008-02-03,71.33505
2008-02-04,68.85093
2008-02-05,66.49952
2008-02-06,64.27617
2008-02-07,62.328995
2008-02-08,60.71177
2008-02-09,59.589043
2008-02-10,72.845345
2008-02-11,88.479904
2008-02-12,89.30335
2008-02-13,114.91113
2008-02-14,159.34412
2008-02-15,172.44533
2008-02-16,189.36583
2008-02-17,200.54663
2008-02-18,180.9713
2008-02-19,146.32047
2008-02-20,117.89218
2008-02-21,98.58446
2008-02-22,134.89601
2008-02-23,165.71188
2008-02-24,122.81182
2008-02-25,121.607704
2008-02-26,213.53894
2008-02-27,180.01848
2008-02-28,122.52376
2008-02-29,127.69126
2008-03-01,171.60625
2008-03-02,163.12022
2008-03-03,123.54143
2008-03-04,74.90429
2008-03-05,59.58218
2008-03-06,56.617874
2008-03-07,72.02398
2008-03-08,69.491325
2008-03-09,71.22337
2008-03-10,87.905426
2008-03-11,65.36213
2008-03-12,64.421
2008-03-13,81.444954
2008-03-14,207.63123
2008-03-15,311.30765
2008-03-16,264.2626
2008-03-17,260.2299
2008-03-18,318.92328
2008-03-19,307.11496
2008-03-20,275.19376
2008-03-21,253.64932
2008-03-22,218.36679
2008-03-23,240.08795
2008-03-24,295.20657
2008-03-25,364.74225
2008-03-26,326.2162
2008-03-27,302.77875
2008-03-28,451.02402
2008-03-29,441.37338
2008-03-30,252.66441
2008-03-31,154.78806
2008-04-01,113.831665
2008-04-02,111.896095
2008-04-03,118.56956
2008-04-04,109.93843
2008-04-05,107.337074
2008-04-06,124.84352
2008-04-07,195.65094
2008-04-08,236.25056
2008-04-09,235.6645
2008-04-10,221.59349
2008-04-11,330.67783
2008-04-12,518.0319
2008-04-13,528.08246
2008-04-14,389.88965
2008-04-15,328.63214
2008-04-16,354.03027
2008-04-17,437.6034
2008-04-18,533.1881
2008-04-19,648.6229
2008-04-20,1415.2069
2008-04-21,2624.7534
2008-04-22,2242.1345
2008-04-23,1465.7883
2008-04-24,1143.4271
2008-04-25,1085.9646
2008-04-26,914.31213
2008-04-27,780.27655
2008-04-28,755.53046
2008-04-29,815.36127
2008-04-30,772.66016
2008-05-01,727.8158
2008-05-02,777.1749
2008-05-03,787.27826
2008-05-04,722.34875
2008-05-05,701.55835
2008-05-06,681.24927
2008-05-07,622.447
2008-05-08,582.83246
2008-05-09,550.29114
2008-05-10,538.9297
2008-05-11,662.51385
2008-05-12,714.59595
2008-05-13,661.3695
2008-05-14,607.0091
2008-05-15,618.76056
2008-05-16,695.3818
2008-05-17,732.7751
2008-05-18,683.57947
2008-05-19,709.9958
2008-05-20,791.56036
2008-05-21,965.2498
2008-05-22,1095.6663
2008-05-23,1191.8256
2008-05-24,1405.2351
2008-05-25,1997.0962
2008-05-26,2501.6113
2008-05-27,2214.7524
2008-05-28,1996.3951
2008-05-29,1886.7355
2008-05-30,1909.8093
2008-05-31,1900.0828
2008-06-01,2012.3767
2008-06-02,2071.195
2008-06-03,2000.7305
2008-06-04,1943.2565
2008-06-05,1906.9746
2008-06-06,1727.2997
2008-06-07,1621.7177
2008-06-08,1510.7585
2008-06-09,1424.012
2008-06-10,1419.7104
2008-06-11,1350.6299
2008-06-12,1307.0404
2008-06-13,1217.6238
2008-06-14,1189.532
2008-06-15,1252.9823
2008-06-16,1323.0881
2008-06-17,1275.1198
2008-06-18,1263.7933
2008-06-19,1263.3973
2008-06-20,1185.9375
2008-06-21,1163.1771
2008-06-22,1145.8722
2008-06-23,1165.7799
2008-06-24,1282.9462
2008-06-25,1874.1157
2008-06-26,3611.5479
2008-06-27,4071.1233
2008-06-28,3220.8157
2008-06-29,2386.9321
2008-06-30,2030.9609
2008-07-01,1856.7449
2008-07-02,1684.8774
2008-07-03,1529.4474
2008-07-04,1432.3119
2008-07-05,1320.939
2008-07-06,1245.4999
2008-07-07,1173.6183
2008-07-08,1098.8322
2008-07-09,1084.9506
2008-07-10,1184.5397
2008-07-11,1349.107
2008-07-12,1785.0994
2008-07-13,1999.5312
2008-07-14,1466.6106
2008-07-15,1219.5067
2008-07-16,1204.4868
2008-07-17,1225.5206
2008-07-18,1172.9613
2008-07-19,1079.5398
2008-07-20,1040.8215
2008-07-21,1005.60333
2008-07-22,1002.1643
2008-07-23,1019.9171
2008-07-24,996.149
2008-07-25,934.50543
2008-07-26,952.99677
2008-07-27,1003.978
2008-07-28,1038.9507
2008-07-29,996.7141
2008-07-30,999.36743
2008-07-31,986.86176
2008-08-01,957.4656
2008-08-02,914.99457
2008-08-03,898.23975
2008-08-04,894.34485
2008-08-05,842.89026
2008-08-06,802.8977
2008-08-07,787.8056
2008-08-08,829.56287
2008-08-09,875.5737
2008-08-10,866.152
2008-08-11,820.8225
2008-08-12,780.20056
2008-08-13,764.2296
2008-08-14,706.7724
2008-08-15,707.1113
2008-08-16,740.8048
2008-08-17,717.3032
2008-08-18,677.67847
2008-08-19,616.7409
2008-08-20,597.86835
2008-08-21,645.8709
2008-08-22,661.58746
2008-08-23,681.109
2008-08-24,739.6053
2008-08-25,724.8767
2008-08-26,638.4745
2008-08-27,613.87775
2008-08-28,545.98883
2008-08-29,546.0926
2008-08-30,564.57776
2008-08-31,602.22327
2008-09-01,658.7574
2008-09-02,707.90753
2008-09-03,635.54944
2008-09-04,486.6663
2008-09-05,448.95435
2008-09-06,457.57623
2008-09-07,484.59247
2008-09-08,516.3459
2008-09-09,648.78906
2008-09-10,697.8074
2008-09-11,583.2097
2008-09-12,495.5176
2008-09-13,431.1748
2008-09-14,432.2003
2008-09-15,579.85876
2008-09-16,587.4555
2008-09-17,575.97174
2008-09-18,532.21045
2008-09-19,490.2361
2008-09-20,427.84485
2008-09-21,410.8556
2008-09-22,446.07632
2008-09-23,467.60184
2008-09-24,517.29236
2008-09-25,572.5806
2008-09-26,527.40967
2008-09-27,471.16483
2008-09-28,487.84262
2008-09-29,534.9437
2008-09-30,577.85297
2008-10-01,610.1952
2008-10-02,559.52264
2008-10-03,492.50995
2008-10-04,457.68515
2008-10-05,438.50766
2008-10-06,394.5812
2008-10-07,409.25116
2008-10-08,450.4333
2008-10-09,470.3864
2008-10-10,488.16116
2008-10-11,482.54886
2008-10-12,566.95935
2008-10-13,576.27594
2008-10-14,537.4506
2008-10-15,518.4037
2008-10-16,493.01053
2008-10-17,493.9016
2008-10-18,556.65375
2008-10-19,498.30954
2008-10-20,412.81805
2008-10-21,436.89902
2008-10-22,469.8054
2008-10-23,454.33447
2008-10-24,452.16705
2008-10-25,465.3831
2008-10-26,454.1172
2008-10-27,445.3167
2008-10-28,422.5811
2008-10-29,409.7215
2008-10-30,478.34644
2008-10-31,491.8752
2008-11-01,514.5676
2008-11-02,567.2758
2008-11-03,565.81757
2008-11-04,554.6844
2008-11-05,566.15436
2008-11-06,576.5356
2008-11-07,593.44635
2008-11-08,597.5216
2008-11-09,542.44324
2008-11-10,503.3301
2008-11-11,491.97064
2008-11-12,499.05783
2008-11-13,488.37143
2008-11-14,454.72855
2008-11-15,457.507
2008-11-16,488.73883
2008-11-17,526.7126
2008-11-18,634.8472
2008-11-19,700.3918
2008-11-20,578.8229
2008-11-21,515.60864
2008-11-22,578.77795
2008-11-23,656.0841
2008-11-24,645.8499
2008-11-25,607.2879
2008-11-26,627.0996
2008-11-27,677.13135
2008-11-28,707.26
2008-11-29,617.0825
2008-11-30,523.7048
2008-12-01,513.21954
2008-12-02,530.35455
2008-12-03,575.8312
2008-12-04,593.0506
2008-12-05,573.0259
2008-12-06,504.22644
2008-12-07,454.92136
2008-12-08,454.01877
2008-12-09,500.6555
2008-12-10,525.7518
2008-12-11,487.20224
2008-12-12,491.9462
2008-12-13,490.18835
2008-12-14,441.63367
2008-12-15,421.13953
2008-12-16,402.35648
2008-12-17,359.1867
2008-12-18,332.43665
2008-12-19,314.6826
2008-12-20,303.13272
2008-12-21,292.9616
2008-12-22,283.1229
2008-12-23,273.47314
2008-12-24,264.05353
2008-12-25,255.69627
2008-12-26,247.13905
2008-12-27,237.04622
2008-12-28,227.65344
2008-12-29,218.54152
2008-12-30,209.37863
2008-12-31,200.62831
2009-01-01,192.43701
2009-01-02,185.61415
2009-01-03,181.91347
2009-01-04,194.36363
2009-01-05,193.51187
2009-01-06,178.34915
2009-01-07,183.12495
2009-01-08,192.22752
2009-01-09,233.9224
2009-01-10,241.477
2009-01-11,195.63489
2009-01-12,187.14813
2009-01-13,168.71332
2009-01-14,185.78091
2009-01-15,199.08362
2009-01-16,176.54756
2009-01-17,162.8171
2009-01-18,142.82474
2009-01-19,119.88693
2009-01-20,170.33047
2009-01-21,316.96338
2009-01-22,310.43686
2009-01-23,226.74368
2009-01-24,245.35315
2009-01-25,307.48364
2009-01-26,352.49564
2009-01-27,289.9843
2009-01-28,168.7195
2009-01-29,120.109535
2009-01-30,105.80712
2009-01-31,118.65445
2009-02-01,177.20131
2009-02-02,256.88242
2009-02-03,310.38068
2009-02-04,308.69348
2009-02-05,325.71307
2009-02-06,384.6107
2009-02-07,432.46948
2009-02-08,340.1144
2009-02-09,211.34969
2009-02-10,154.2247
2009-02-11,141.49379
2009-02-12,145.01193
2009-02-13,204.6278
2009-02-14,240.35606
2009-02-15,186.82397
2009-02-16,151.939
2009-02-17,138.15918
2009-02-18,130.19983
2009-02-19,140.95427
2009-02-20,221.31688
2009-02-21,258.23187
2009-02-22,235.20616
2009-02-23,177.72769
2009-02-24,160.04044
2009-02-25,141.65312
2009-02-26,118.6856
2009-02-27,110.67062
2009-02-28,107.88709
2009-03-01,107.02001
2009-03-02,124.00703
2009-03-03,187.31564
2009-03-04,235.06075
2009-03-05,336.74777
2009-03-06,457.1301
2009-03-07,466.79688
2009-03-08,432.45667
2009-03-09,460.84055
2009-03-10,394.67972
2009-03-11,288.69962
2009-03-12,211.45837
2009-03-13,160.80194
2009-03-14,138.73544
2009-03-15,131.37073
2009-03-16,137.12541
2009-03-17,182.80153
2009-03-18,290.3629
2009-03-19,433.15964
2009-03-20,454.12976
2009-03-21,470.92468
2009-03-22,634.14606
2009-03-23,655.5584
2009-03-24,590.571
2009-03-25,524.2993
2009-03-26,481.3837
2009-03-27,542.1141
2009-03-28,553.81934
2009-03-29,508.8948
2009-03-30,501.08282
2009-03-31,557.5488
2009-04-01,565.8053
2009-04-02,477.56604
2009-04-03,445.6939
2009-04-04,483.49033
2009-04-05,499.7765
2009-04-06,495.9374
2009-04-07,475.21356
2009-04-08,492.03635
2009-04-09,487.32437
2009-04-10,600.3629
2009-04-11,933.35205
2009-04-12,1100.1177
2009-04-13,1102.6772
2009-04-14,1073.6693
2009-04-15,974.7333
2009-04-16,1009.9919
2009-04-17,1097.3462
2009-04-18,1080.5691
2009-04-19,1062.1471
2009-04-20,1058.8402
2009-04-21,1071.2777
2009-04-22,1232.7285
2009-04-23,1398.6017
2009-04-24,1408.1257
2009-04-25,1329.8579
2009-04-26,1190.906
2009-04-27,1109.7998
2009-04-28,1083.3027
2009-04-29,1093.2338
2009-04-30,1093.5659
2009-05-01,1274.414
2009-05-02,1481.2493
2009-05-03,1497.1632
2009-05-04,1467.6792
2009-05-05,1530.131
2009-05-06,1443.9053
2009-05-07,1227.2693
2009-05-08,1087.7611
2009-05-09,1127.7144
2009-05-10,1227.2437
2009-05-11,1215.9357
2009-05-12,1159.0425
2009-05-13,1193.4167
2009-05-14,1173.7773
2009-05-15,1168.0392
2009-05-16,1182.058
2009-05-17,1157.7263
2009-05-18,1262.9297
2009-05-19,1277.6091
2009-05-20,1162.9899
2009-05-21,1178.509
2009-05-22,1352.2247
2009-05-23,1495.0586
2009-05-24,1385.1643
2009-05-25,1320.8085
2009-05-26,1309.3319
2009-05-27,1204.6643
2009-05-28,1122.356
2009-05-29,1145.023
2009-05-30,1202.6117
2009-05-31,1207.1416
2009-06-01,1178.0273
2009-06-02,1113.3678
2009-06-03,1055.0549
2009-06-04,991.41125
2009-06-05,992.2082
2009-06-06,1034.6621
2009-06-07,1193.5835
2009-06-08,1738.3314
2009-06-09,2844.0588
2009-06-10,2980.97
2009-06-11,2113.8208
2009-06-12,1542.4875
2009-06-13,1436.8309
2009-06-14,1400.4524
2009-06-15,1343.234
2009-06-16,1368.053
2009-06-17,1343.5833
2009-06-18,1293.693
2009-06-19,1320.0068
2009-06-20,1334.7522
2009-06-21,1289.4072
2009-06-22,1360.6041
2009-06-23,1324.0251
2009-06-24,1234.5535
2009-06-25,1217.5093
2009-06-26,1311.233
2009-06-27,1438.2091
2009-06-28,1836.0126
2009-06-29,2117.4924
2009-06-30,1840.3329
2009-07-01,1594.806
2009-07-02,1566.5045
2009-07-03,1661.3867
2009-07-04,2003.9019
2009-07-05,2255.0479
2009-07-06,2259.5964
2009-07-07,2028.3356
2009-07-08,1813.0236
2009-07-09,1765.9039
2009-07-10,1776.772
2009-07-11,1676.0873
2009-07-12,1543.1885
2009-07-13,1433.7299
2009-07-14,1389.6724
2009-07-15,1358.9675
2009-07-16,1346.3995
2009-07-17,1230.9097
2009-07-18,1103.2396
2009-07-19,1024.5414
2009-07-20,962.7082
2009-07-21,921.5501
2009-07-22,905.6095
2009-07-23,843.2715
2009-07-24,824.2303
2009-07-25,872.68866
2009-07-26,853.5373
2009-07-27,872.95105
2009-07-28,869.6092
2009-07-29,798.6433
2009-07-30,850.87964
2009-07-31,806.73926
2009-08-01,711.3318
2009-08-02,682.34644
2009-08-03,721.82166
2009-08-04,751.1648
2009-08-05,750.37885
2009-08-06,856.0012
2009-08-07,1037.1389
2009-08-08,1228.0603
2009-08-09,1619.2405
2009-08-10,1939.1101
2009-08-11,1807.2451
2009-08-12,1579.5834
2009-08-13,1373.6287
2009-08-14,1274.2655
2009-08-15,1224.6915
2009-08-16,1136.5822
2009-08-17,1001.9692
2009-08-18,948.98303
2009-08-19,931.6409
2009-08-20,877.16016
2009-08-21,820.20874
2009-08-22,798.7801
2009-08-23,789.59064
2009-08-24,785.8721
2009-08-25,783.12604
2009-08-26,829.17896
2009-08-27,835.4657
2009-08-28,827.86456
2009-08-29,823.8383
2009-08-30,797.3173
2009-08-31,722.72375
2009-09-01,687.98083
2009-09-02,672.9654
2009-09-03,667.9898
2009-09-04,632.2093
2009-09-05,650.6374
2009-09-06,702.7409
2009-09-07,656.65704
2009-09-08,537.23517
2009-09-09,481.94482
2009-09-10,478.65607
2009-09-11,459.21182
2009-09-12,512.361
2009-09-13,571.5378
2009-09-14,526.05566
2009-09-15,515.5603
2009-09-16,495.86676
2009-09-17,449.1386
2009-09-18,487.24692
2009-09-19,475.9402
2009-09-20,438.62885
2009-09-21,436.44464
2009-09-22,494.09494
2009-09-23,587.4786
2009-09-24,518.3663
2009-09-25,435.4086
2009-09-26,418.25912
2009-09-27,398.1103
2009-09-28,408.90936
2009-09-29,406.814
2009-09-30,428.65048
2009-10-01,469.219
2009-10-02,468.0955
2009-10-03,396.89743
2009-10-04,389.82803
2009-10-05,494.49612
2009-10-06,624.2585
2009-10-07,583.9411
2009-10-08,477.6765
2009-10-09,401.81107
2009-10-10,389.15048
2009-10-11,397.96725
2009-10-12,391.74594
2009-10-13,365.38177
2009-10-14,341.23965
2009-10-15,350.3698
2009-10-16,418.15915
2009-10-17,510.09207
2009-10-18,586.1758
2009-10-19,643.6788
2009-10-20,619.1697
2009-10-21,513.0298
2009-10-22,456.7076
2009-10-23,390.303
2009-10-24,386.61206
2009-10-25,422.89362
2009-10-26,480.70923
2009-10-27,450.1931
2009-10-28,389.17477
2009-10-29,358.39377
2009-10-30,354.98862
2009-10-31,354.74265
2009-11-01,340.38113
2009-11-02,314.89795
2009-11-03,304.31534
2009-11-04,301.2619
2009-11-05,320.96463
2009-11-06,334.47363
2009-11-07,303.4584
2009-11-08,266.3807
2009-11-09,245.75623
2009-11-10,233.54762
2009-11-11,225.07382
2009-11-12,228.3144
2009-11-13,271.84256
2009-11-14,333.4432
2009-11-15,305.9665
2009-11-16,315.4579
2009-11-17,308.55713
2009-11-18,316.022
2009-11-19,350.73383
2009-11-20,339.46155
2009-11-21,355.56583
2009-11-22,370.19836
2009-11-23,394.1919
2009-11-24,485.11752
2009-11-25,558.364
2009-11-26,538.8724
2009-11-27,444.4985
2009-11-28,348.3172
2009-11-29,330.29095
2009-11-30,378.1346
2009-12-01,374.2284
2009-12-02,319.37036
2009-12-03,225.29349
2009-12-04,185.27731
2009-12-05,176.95656
2009-12-06,170.73886
2009-12-07,166.17526
2009-12-08,161.67386
2009-12-09,157.07501
2009-12-10,152.6872
2009-12-11,154.1962
2009-12-12,168.46634
2009-12-13,177.22775
2009-12-14,174.6225
2009-12-15,157.34923
2009-12-16,137.40587
2009-12-17,129.2064
2009-12-18,125.6964
2009-12-19,129.39081
2009-12-20,138.89154
2009-12-21,163.80016
2009-12-22,184.19861
2009-12-23,193.90848
2009-12-24,226.32059
2009-12-25,219.97772
2009-12-26,253.53615
2009-12-27,296.14157
2009-12-28,284.89673
2009-12-29,284.35748
2009-12-30,276.7527
2009-12-31,201.26064
2010-01-01,129.04419
2010-01-02,102.74482
2010-01-03,101.492004
2010-01-04,103.076935
2010-01-05,103.28948
2010-01-06,101.41885
2010-01-07,98.902824
2010-01-08,97.07877
2010-01-09,96.38919
2010-01-10,95.9819
2010-01-11,93.00295
2010-01-12,87.83362
2010-01-13,84.35052
2010-01-14,81.51197
2010-01-15,78.79773
2010-01-16,77.34827
2010-01-17,87.53193
2010-01-18,105.16397
2010-01-19,106.96937
2010-01-20,132.06174
2010-01-21,120.34883
2010-01-22,85.65042
2010-01-23,69.65999
2010-01-24,64.9942
2010-01-25,76.316216
2010-01-26,87.00074
2010-01-27,102.76104
2010-01-28,138.53105
2010-01-29,143.73761
2010-01-30,108.79623
2010-01-31,69.992165
2010-02-01,58.34998
2010-02-02,53.96442
2010-02-03,57.415077
2010-02-04,67.73312
2010-02-05,79.24307
2010-02-06,125.98651
2010-02-07,176.26051
2010-02-08,162.9396
2010-02-09,110.416405
2010-02-10,90.71677
2010-02-11,126.18848
2010-02-12,158.70119
2010-02-13,110.99099
2010-02-14,90.49719
2010-02-15,74.538414
2010-02-16,64.30862
2010-02-17,73.021965
2010-02-18,70.14467
2010-02-19,71.314445
2010-02-20,89.89227
2010-02-21,103.99257
2010-02-22,130.14366
2010-02-23,126.312195
2010-02-24,89.55478
2010-02-25,114.5597
2010-02-26,130.45926
2010-02-27,145.8155
2010-02-28,255.4434
2010-03-01,352.07166
2010-03-02,373.4401
2010-03-03,478.4887
2010-03-04,600.46484
2010-03-05,502.92224
2010-03-06,295.40704
2010-03-07,225.04016
2010-03-08,206.23254
2010-03-09,255.68456
2010-03-10,271.82687
2010-03-11,358.55945
2010-03-12,446.238
2010-03-13,414.7787
2010-03-14,322.83044
2010-03-15,230.95348
2010-03-16,182.69373
2010-03-17,149.4548
2010-03-18,254.6205
2010-03-19,588.54877
2010-03-20,757.84485
2010-03-21,558.11646
2010-03-22,451.5494
2010-03-23,412.96753
2010-03-24,353.72116
2010-03-25,230.09033
2010-03-26,181.4721
2010-03-27,198.20715
2010-03-28,322.4969
2010-03-29,340.48618
2010-03-30,258.98212
2010-03-31,239.23111
2010-04-01,296.82227
2010-04-02,373.08185
2010-04-03,445.292
2010-04-04,343.5816
2010-04-05,229.9689
2010-04-06,258.1926
2010-04-07,412.71185
2010-04-08,517.3105
2010-04-09,625.65295
2010-04-10,835.4288
2010-04-11,1121.3091
2010-04-12,1283.0962
2010-04-13,1970.6128
2010-04-14,2121.9946
2010-04-15,1633.5242
2010-04-16,1408.8481
2010-04-17,1463.5814
2010-04-18,1464.4548
2010-04-19,1327.4153
2010-04-20,1179.9489
2010-04-21,1173.4312
2010-04-22,1403.275
2010-04-23,1524.0925
2010-04-24,1249.1901
2010-04-25,1039.5205
2010-04-26,980.25525
2010-04-27,996.8371
2010-04-28,923.06506
2010-04-29,865.45264
2010-04-30,983.477
2010-05-01,1246.8931
2010-05-02,1297.819
2010-05-03,1202.3385
2010-05-04,1132.9104
2010-05-05,1179.2653
2010-05-06,1103.0652
2010-05-07,967.1803
2010-05-08,896.1973
2010-05-09,997.3299
2010-05-10,1117.0199
2010-05-11,1126.9374
2010-05-12,1091.1935
2010-05-13,1101.7706
2010-05-14,1074.8894
2010-05-15,931.37756
2010-05-16,817.023
2010-05-17,759.8305
2010-05-18,743.219
2010-05-19,791.94635
2010-05-20,900.3978
2010-05-21,902.54913
2010-05-22,817.1649
2010-05-23,835.46405
2010-05-24,897.12463
2010-05-25,950.9401
2010-05-26,870.2493
2010-05-27,878.6349
2010-05-28,904.47375
2010-05-29,1004.89636
2010-05-30,1112.8912
2010-05-31,1026.5947
2010-06-01,928.43195
2010-06-02,1023.56934
2010-06-03,1541.5092
2010-06-04,1894.0359
2010-06-05,2006.0078
2010-06-06,2582.6262
2010-06-07,2450.0122
2010-06-08,2031.863
2010-06-09,1846.289
2010-06-10,1843.814
2010-06-11,2781.3618
2010-06-12,3073.6367
2010-06-13,2113.0212
2010-06-14,1856.3672
2010-06-15,1641.4946
2010-06-16,1497.5359
2010-06-17,1394.517
2010-06-18,1360.105
2010-06-19,1351.3569
2010-06-20,1345.0427
2010-06-21,1359.0577
2010-06-22,1246.1647
2010-06-23,1137.1837
2010-06-24,1154.5135
2010-06-25,1138.5383
2010-06-26,1100.6813
2010-06-27,1205.2681
2010-06-28,1422.242
2010-06-29,1282.263
2010-06-30,1079.0481
2010-07-01,1072.4932
2010-07-02,1086.8099
2010-07-03,988.80743
2010-07-04,914.3458
2010-07-05,915.47156
2010-07-06,972.40546
2010-07-07,1027.2444
2010-07-08,1090.6001
2010-07-09,1009.22363
2010-07-10,1018.8438
2010-07-11,1065.9954
2010-07-12,1011.90704
2010-07-13,1016.9896
2010-07-14,1013.2659
2010-07-15,977.3418
2010-07-16,997.9524
2010-07-17,1039.9501
2010-07-18,1098.9573
2010-07-19,1078.8737
2010-07-20,908.09595
2010-07-21,841.5599
2010-07-22,809.8178
2010-07-23,773.4282
2010-07-24,756.68823
2010-07-25,765.42725
2010-07-26,826.6265
2010-07-27,890.6809
2010-07-28,879.97473
2010-07-29,849.3398
2010-07-30,821.41675
2010-07-31,745.077
2010-08-01,662.96564
2010-08-02,636.72314
2010-08-03,698.53705
2010-08-04,789.6413
2010-08-05,749.7997
2010-08-06,735.5235
2010-08-07,739.9581
2010-08-08,720.6779
2010-08-09,695.9868
2010-08-10,622.62866
2010-08-11,574.1155
2010-08-12,569.4246
2010-08-13,559.42816
2010-08-14,532.959
2010-08-15,518.3802
2010-08-16,502.13055
2010-08-17,487.60837
2010-08-18,471.61032
2010-08-19,457.3899
2010-08-20,456.45682
2010-08-21,444.45502
2010-08-22,422.72498
2010-08-23,407.59998
2010-08-24,394.313
2010-08-25,389.74173
2010-08-26,386.84695
2010-08-27,365.7692
2010-08-28,365.239
2010-08-29,416.60046
2010-08-30,451.91638
2010-08-31,395.04074
2010-09-01,358.5298
2010-09-02,402.70535
2010-09-03,473.45905
2010-09-04,500.01868
2010-09-05,534.7932
2010-09-06,521.88916
2010-09-07,475.4439
2010-09-08,586.4283
2010-09-09,573.3352
2010-09-10,523.7
2010-09-11,483.6051
2010-09-12,382.9921
2010-09-13,333.45776
2010-09-14,371.3071
2010-09-15,385.10565
2010-09-16,355.18747
2010-09-17,344.67365
2010-09-18,342.46408
2010-09-19,334.43567
2010-09-20,307.9354
2010-09-21,311.21796
2010-09-22,308.7896
2010-09-23,282.7743
2010-09-24,280.6065
2010-09-25,276.91714
2010-09-26,252.66441
2010-09-27,232.14157
2010-09-28,226.34245
2010-09-29,229.8644
2010-09-30,236.41547
2010-10-01,218.72954
2010-10-02,207.42816
2010-10-03,204.4862
2010-10-04,195.2167
2010-10-05,191.74098
2010-10-06,214.99669
2010-10-07,249.57622
2010-10-08,239.79247
2010-10-09,242.75763
2010-10-10,295.31833
2010-10-11,445.09097
2010-10-12,441.11942
2010-10-13,367.00757
2010-10-14,459.93073
2010-10-15,442.90527
2010-10-16,356.0533
2010-10-17,371.81113
2010-10-18,379.3487
2010-10-19,305.01984
2010-10-20,253.49866
2010-10-21,234.55981
2010-10-22,224.82541
2010-10-23,252.49007
2010-10-24,238.39569
2010-10-25,215.69289
2010-10-26,197.74405
2010-10-27,180.60927
2010-10-28,177.41501
2010-10-29,186.80826
2010-10-30,195.74689
2010-10-31,186.74336
2010-11-01,161.4603
2010-11-02,186.8197
2010-11-03,292.7177
2010-11-04,334.1804
2010-11-05,276.5619
2010-11-06,250.84018
2010-11-07,272.1944
2010-11-08,286.29752
2010-11-09,247.2082
2010-11-10,267.53397
2010-11-11,307.83417
2010-11-12,340.3335
2010-11-13,398.35837
2010-11-14,400.1651
2010-11-15,399.60074
2010-11-16,471.59418
2010-11-17,415.87833
2010-11-18,326.20728
2010-11-19,341.78534
2010-11-20,427.47107
2010-11-21,449.68094
2010-11-22,356.02786
2010-11-23,385.68515
2010-11-24,419.25662
2010-11-25,370.70496
2010-11-26,301.74612
2010-11-27,270.6305
2010-11-28,289.13544
2010-11-29,315.62225
2010-11-30,285.14227
2010-12-01,260.90863
2010-12-02,244.91656
2010-12-03,241.21638
2010-12-04,290.29742
2010-12-05,382.1327
2010-12-06,420.84766
2010-12-07,427.8673
2010-12-08,429.49518
2010-12-09,361.68173
2010-12-10,311.90247
2010-12-11,286.93875
2010-12-12,256.0568
2010-12-13,239.46571
2010-12-14,235.81331
2010-12-15,229.67625
2010-12-16,222.23387
2010-12-17,215.1698
2010-12-18,216.8362
2010-12-19,235.3533
2010-12-20,253.48729
2010-12-21,224.27394
2010-12-22,197.19696
2010-12-23,197.39336
2010-12-24,228.82275
2010-12-25,260.8236
2010-12-26,233.64645
2010-12-27,202.78055
2010-12-28,235.70158
2010-12-29,295.00076
2010-12-30,338.34793
2010-12-31,321.36295
2011-01-01,254.70006
2011-01-02,178.87114
2011-01-03,164.7136
2011-01-04,158.09146
2011-01-05,149.74509
2011-01-06,144.79619
2011-01-07,144.95937
2011-01-08,158.28844
2011-01-09,152.56004
2011-01-10,157.22314
2011-01-11,225.15155
2011-01-12,284.07327
2011-01-13,281.80664
2011-01-14,215.64288
2011-01-15,166.88008
2011-01-16,138.25182
2011-01-17,127.13596
2011-01-18,121.428
2011-01-19,117.59237
2011-01-20,109.713234
2011-01-21,106.302895
2011-01-22,103.31236
2011-01-23,100.04621
2011-01-24,96.91796
2011-01-25,93.98402
2011-01-26,91.20742
2011-01-27,88.47379
2011-01-28,85.79237
2011-01-29,83.18292
2011-01-30,80.59728
2011-01-31,79.3726
2011-02-01,83.90677
2011-02-02,101.84127
2011-02-03,136.97458
2011-02-04,112.16634
2011-02-05,80.47747
2011-02-06,72.043236
2011-02-07,69.79926
2011-02-08,65.47678
2011-02-09,62.468018
2011-02-10,65.10215
2011-02-11,87.629845
2011-02-12,112.112625
2011-02-13,105.04363
2011-02-14,110.80175
2011-02-15,173.65602
2011-02-16,166.8657
2011-02-17,116.8449
2011-02-18,182.89227
2011-02-19,193.0685
2011-02-20,116.71148
2011-02-21,81.69596
2011-02-22,66.477425
2011-02-23,55.750767
2011-02-24,48.713646
2011-02-25,45.129456
2011-02-26,47.087925
2011-02-27,51.66161
2011-02-28,85.165
2011-03-01,164.28001
2011-03-02,205.61244
2011-03-03,166.87573
2011-03-04,123.12012
2011-03-05,77.47147
2011-03-06,45.208134
2011-03-07,38.67538
2011-03-08,39.811832
2011-03-09,58.414833
2011-03-10,157.03174
2011-03-11,289.98477
2011-03-12,267.2356
2011-03-13,152.91624
2011-03-14,75.0773
2011-03-15,49.764153
2011-03-16,35.977028
2011-03-17,30.679787
2011-03-18,29.483328
2011-03-19,43.545155
2011-03-20,93.70537
2011-03-21,139.13658
2011-03-22,190.91805
2011-03-23,410.26498
2011-03-24,692.3456
2011-03-25,701.3604
2011-03-26,466.23264
2011-03-27,493.80005
2011-03-28,543.4266
2011-03-29,369.69406
2011-03-30,379.82242
2011-03-31,379.44452
2011-04-01,304.54205
2011-04-02,396.94568
2011-04-03,458.78275
2011-04-04,398.9612
2011-04-05,407.80408
2011-04-06,329.19852
2011-04-07,283.67755
2011-04-08,476.4394
2011-04-09,751.4829
2011-04-10,739.5075
2011-04-11,592.72614
2011-04-12,577.8197
2011-04-13,499.57578
2011-04-14,414.68497
2011-04-15,336.42584
2011-04-16,297.37527
2011-04-17,332.1787
2011-04-18,401.17975
2011-04-19,489.5321
2011-04-20,568.2438
2011-04-21,692.2035
2011-04-22,706.3959
2011-04-23,645.03394
2011-04-24,670.25446
2011-04-25,803.8063
2011-04-26,794.07275
2011-04-27,743.498
2011-04-28,839.11426
2011-04-29,839.10516
2011-04-30,776.3373
2011-05-01,711.4835
2011-05-02,686.7864
2011-05-03,722.61633
2011-05-04,874.14545
2011-05-05,1355.1315
2011-05-06,1642.2627
2011-05-07,1372.9865
2011-05-08,1276.0963
2011-05-09,1060.6184
2011-05-10,964.1363
2011-05-11,974.65515
2011-05-12,990.5191
2011-05-13,1047.0543
2011-05-14,1046.4777
2011-05-15,984.62256
2011-05-16,974.80524
2011-05-17,1072.9647
2011-05-18,1087.7579
2011-05-19,1019.9724
2011-05-20,1058.6074
2011-05-21,1150.4253
2011-05-22,1159.8501
2011-05-23,1193.6627
2011-05-24,1465.9243
2011-05-25,1519.6875
2011-05-26,1421.834
2011-05-27,1466.0636
2011-05-28,1507.4436
2011-05-29,1518.8708
2011-05-30,2978.018
2011-05-31,4918.9497
2011-06-01,4310.4067
2011-06-02,2425.6196
2011-06-03,1756.8336
2011-06-04,1739.0417
2011-06-05,1628.9414
2011-06-06,1470.4923
2011-06-07,1370.7145
2011-06-08,1268.7136
2011-06-09,1231.4795
2011-06-10,1278.6777
2011-06-11,1210.8135
2011-06-12,1226.2107
2011-06-13,1402.003
2011-06-14,1517.8792
2011-06-15,1919.4528
2011-06-16,2265.1335
2011-06-17,1900.4668
2011-06-18,1750.1007
2011-06-19,1786.4583
2011-06-20,1718.8523
2011-06-21,1641.2943
2011-06-22,1532.515
2011-06-23,1466.59
2011-06-24,1530.416
2011-06-25,1687.6931
2011-06-26,1817.0881
2011-06-27,1826.5753
2011-06-28,1789.7908
2011-06-29,1715.4548
2011-06-30,1509.7465
2011-07-01,1345.3767
2011-07-02,1281.4691
2011-07-03,1244.5951
2011-07-04,1296.0697
2011-07-05,1390.6965
2011-07-06,1488.7115
2011-07-07,1711.1932
2011-07-08,1563.5424
2011-07-09,1224.6022
2011-07-10,1128.4565
2011-07-11,1107.3998
2011-07-12,1126.594
2011-07-13,1139.7672
2011-07-14,1155.747
2011-07-15,1122.2544
2011-07-16,1075.207
2011-07-17,1005.5936
2011-07-18,914.7267
2011-07-19,992.60815
2011-07-20,1087.257
2011-07-21,1037.9775
2011-07-22,953.67914
2011-07-23,879.0063
2011-07-24,833.8088
2011-07-25,824.8533
2011-07-26,849.9693
2011-07-27,798.7658
2011-07-28,773.84784
2011-07-29,743.4021
2011-07-30,732.9272
2011-07-31,803.3876
2011-08-01,877.00226
2011-08-02,817.82495
2011-08-03,740.87427
2011-08-04,667.4623
2011-08-05,639.2186
2011-08-06,646.0283
2011-08-07,627.3447
2011-08-08,624.61993
2011-08-09,650.4927
2011-08-10,618.1664
2011-08-11,572.2841
2011-08-12,551.71814
2011-08-13,528.0491
2011-08-14,476.7487
2011-08-15,450.8528
2011-08-16,444.62613
2011-08-17,450.19986
2011-08-18,501.30978
2011-08-19,592.5395
2011-08-20,523.48175
2011-08-21,467.21075
2011-08-22,443.05286
2011-08-23,469.57385
2011-08-24,455.95087
2011-08-25,399.65567
2011-08-26,389.0648
2011-08-27,401.61887
2011-08-28,404.09613
2011-08-29,385.62836
2011-08-30,390.06265
2011-08-31,417.83395
2011-09-01,391.36963
2011-09-02,356.96185
2011-09-03,393.09402
2011-09-04,427.83115
2011-09-05,442.93924
2011-09-06,393.1077
2011-09-07,357.0353
2011-09-08,356.51083
2011-09-09,380.318
2011-09-10,351.135
2011-09-11,310.69974
2011-09-12,325.66864
2011-09-13,399.40207
2011-09-14,442.2562
2011-09-15,386.86948
2011-09-16,313.6953
2011-09-17,338.4967
2011-09-18,417.44235
2011-09-19,479.54422
2011-09-20,571.54877
2011-09-21,501.3343
2011-09-22,400.48666
2011-09-23,404.69812
2011-09-24,364.0385
2011-09-25,310.29196
2011-09-26,382.70825
2011-09-27,500.22577
2011-09-28,571.5798
2011-09-29,634.58417
2011-09-30,547.645
2011-10-01,476.8695
2011-10-02,438.02618
2011-10-03,417.97345
2011-10-04,483.7367
2011-10-05,525.3845
2011-10-06,575.13763
2011-10-07,574.38727
2011-10-08,689.72736
2011-10-09,861.66595
2011-10-10,795.15424
2011-10-11,721.3772
2011-10-12,681.1987
2011-10-13,645.7443
2011-10-14,628.9736
2011-10-15,556.8403
2011-10-16,486.39047
2011-10-17,460.15884
2011-10-18,453.80356
2011-10-19,466.29156
2011-10-20,490.53235
2011-10-21,494.9152
2011-10-22,492.76767
2011-10-23,468.95117
2011-10-24,432.95966
2011-10-25,427.29053
2011-10-26,437.75214
2011-10-27,459.6478
2011-10-28,455.52444
2011-10-29,446.3137
2011-10-30,443.73712
2011-10-31,462.55334
2011-11-01,475.40573
2011-11-02,433.25565
2011-11-03,454.09692
2011-11-04,440.01425
2011-11-05,467.91318
2011-11-06,458.65045
2011-11-07,435.88266
2011-11-08,444.74988
2011-11-09,458.35733
2011-11-10,428.04337
2011-11-11,454.57507
2011-11-12,485.80634
2011-11-13,437.6299
2011-11-14,436.50714
2011-11-15,437.42776
2011-11-16,443.48273
2011-11-17,408.02798
2011-11-18,473.29324
2011-11-19,507.35733
2011-11-20,497.5615
2011-11-21,435.1889
2011-11-22,400.82556
2011-11-23,413.7262
2011-11-24,396.4896
2011-11-25,419.42645
2011-11-26,442.1428
2011-11-27,409.1884
2011-11-28,384.2682
2011-11-29,408.0304
2011-11-30,452.37912
2011-12-01,470.8718
2011-12-02,450.3573
2011-12-03,417.19705
2011-12-04,409.28183
2011-12-05,428.05338
2011-12-06,439.46152
2011-12-07,471.7375
2011-12-08,480.573
2011-12-09,464.18365
2011-12-10,447.81406
2011-12-11,395.4874
2011-12-12,416.26508
2011-12-13,445.08994
2011-12-14,446.31122
2011-12-15,443.4398
2011-12-16,502.5451
2011-12-17,542.3498
2011-12-18,544.62256
2011-12-19,534.40283
2011-12-20,452.85306
2011-12-21,387.18436
2011-12-22,357.47208
2011-12-23,371.30676
2011-12-24,380.3011
2011-12-25,466.14886
2011-12-26,592.4326
2011-12-27,595.33136
2011-12-28,528.07745
2011-12-29,540.6643
2011-12-30,532.6851
2011-12-31,508.2017
2012-01-01,503.902
2012-01-02,481.3598
2012-01-03,414.7281
2012-01-04,372.62912
2012-01-05,351.83362
2012-01-06,341.6893
2012-01-07,351.4389
2012-01-08,373.82666
2012-01-09,380.2301
2012-01-10,399.35
2012-01-11,419.45676
2012-01-12,361.00732
2012-01-13,304.5836
2012-01-14,276.9207
2012-01-15,265.86603
2012-01-16,260.3514
2012-01-17,257.1466
2012-01-18,252.727
2012-01-19,275.70377
2012-01-20,284.54752
2012-01-21,243.36829
2012-01-22,218.45193
2012-01-23,208.34274
2012-01-24,200.77455
2012-01-25,193.66206
2012-01-26,187.33344
2012-01-27,181.38684
2012-01-28,176.59932
2012-01-29,176.0397
2012-01-30,170.79782
2012-01-31,159.9127
2012-02-01,153.68474
2012-02-02,147.53522
2012-02-03,141.78775
2012-02-04,138.36479
2012-02-05,134.6778
2012-02-06,145.15268
2012-02-07,215.54643
2012-02-08,455.03082
2012-02-09,678.54803
2012-02-10,642.2244
2012-02-11,364.60968
2012-02-12,248.56184
2012-02-13,214.2492
2012-02-14,168.40121
2012-02-15,137.13046
2012-02-16,124.944565
2012-02-17,114.60627
2012-02-18,107.98232
2012-02-19,104.58865
2012-02-20,102.447136
2012-02-21,101.51531
2012-02-22,136.12346
2012-02-23,141.58829
2012-02-24,107.51428
2012-02-25,98.67518
2012-02-26,103.96145
2012-02-27,138.7579
2012-02-28,165.3756
2012-02-29,132.86671
2012-03-01,94.74708
2012-03-02,84.18957
2012-03-03,102.88837
2012-03-04,184.8142
2012-03-05,266.20038
2012-03-06,284.11502
2012-03-07,322.8452
2012-03-08,352.65515
2012-03-09,225.52275
2012-03-10,136.1065
2012-03-11,159.05481
2012-03-12,278.29355
2012-03-13,470.44308
2012-03-14,532.4127
2012-03-15,446.87006
2012-03-16,421.95358
2012-03-17,516.65485
2012-03-18,667.3604
2012-03-19,649.58185
2012-03-20,641.18524
2012-03-21,466.77353
2012-03-22,421.70654
2012-03-23,484.4985
2012-03-24,482.86447
2012-03-25,448.26855
2012-03-26,560.7164
2012-03-27,898.89215
2012-03-28,990.8686
2012-03-29,894.9561
2012-03-30,881.9963
2012-03-31,996.998
2012-04-01,1207.3455
2012-04-02,1487.0497
2012-04-03,1552.8633
2012-04-04,1382.2167
2012-04-05,1508.792
2012-04-06,1490.7325
2012-04-07,1376.3364
2012-04-08,1281.0645
2012-04-09,1192.0668
2012-04-10,1179.4393
2012-04-11,1177.461
2012-04-12,1204.189
2012-04-13,1273.184
2012-04-14,1316.4585
2012-04-15,1372.8063
2012-04-16,1331.4368
2012-04-17,1257.69
2012-04-18,1349.6613
2012-04-19,1341.744
2012-04-20,1243.8357
2012-04-21,1153.678
2012-04-22,1168.7823
2012-04-23,1207.2711
2012-04-24,1296.8136
2012-04-25,1223.3575
2012-04-26,1127.0807
2012-04-27,1177.4131
2012-04-28,1226.8798
2012-04-29,1177.0482
2012-04-30,1222.1454
2012-05-01,1213.3888
2012-05-02,1360.9432
2012-05-03,2429.3088
2012-05-04,2965.388
2012-05-05,2318.4753
2012-05-06,1883.7853
2012-05-07,1641.4537
2012-05-08,1487.9927
2012-05-09,1490.2251
2012-05-10,1621.3102
2012-05-11,1653.1862
2012-05-12,1472.6033
2012-05-13,1312.469
2012-05-14,1373.8562
2012-05-15,1423.6091
2012-05-16,1422.155
2012-05-17,1359.0859
2012-05-18,1335.8846
2012-05-19,1448.0664
2012-05-20,1544.9412
2012-05-21,1584.4381
2012-05-22,1686.5549
2012-05-23,1806.2214
2012-05-24,1937.6282
2012-05-25,2004.6873
2012-05-26,1901.7202
2012-05-27,1738.8105
2012-05-28,1604.8379
2012-05-29,1520.7539
2012-05-30,1487.0822
2012-05-31,1516.7007
2012-06-01,1491.7631
2012-06-02,1403.0912
2012-06-03,1289.0525
2012-06-04,1219.8224
2012-06-05,1176.6067
2012-06-06,1141.265
2012-06-07,1121.1053
2012-06-08,1142.8124
2012-06-09,1255.2263
2012-06-10,1308.2233
2012-06-11,1232.8584
2012-06-12,1156.3604
2012-06-13,1125.2454
2012-06-14,1101.4572
2012-06-15,1070.8428
2012-06-16,1071.147
2012-06-17,1031.1646
2012-06-18,1031.032
2012-06-19,1000.3742
2012-06-20,905.2345
2012-06-21,829.8385
2012-06-22,782.55164
2012-06-23,788.9405
2012-06-24,883.4061
2012-06-25,991.28015
2012-06-26,1023.1201
2012-06-27,968.8853
2012-06-28,783.28534
2012-06-29,723.39874
2012-06-30,767.66376
2012-07-01,866.7413
2012-07-02,936.6828
2012-07-03,1004.03864
2012-07-04,1050.0974
2012-07-05,1078.3445
2012-07-06,1030.5533
2012-07-07,1054.0829
2012-07-08,1104.4661
2012-07-09,1130.1473
2012-07-10,1292.7449
2012-07-11,1621.706
2012-07-12,1834.387
2012-07-13,1783.3287
2012-07-14,1643.8785
2012-07-15,1510.4935
2012-07-16,1451.1532
2012-07-17,1408.8829
2012-07-18,1397.8561
2012-07-19,1336.6627
2012-07-20,1278.9401
2012-07-21,1282.1376
2012-07-22,1214.3546
2012-07-23,1106.3312
2012-07-24,1036.3741
2012-07-25,975.4507
2012-07-26,930.32166
2012-07-27,935.7287
2012-07-28,928.5924
2012-07-29,895.66943
2012-07-30,905.7971
2012-07-31,937.82
2012-08-01,990.60693
2012-08-02,1070.999
2012-08-03,986.3044
2012-08-04,840.0032
2012-08-05,726.2605
2012-08-06,683.68054
2012-08-07,699.30536
2012-08-08,700.98926
2012-08-09,661.5902
2012-08-10,613.58075
2012-08-11,572.10767
2012-08-12,547.41376
2012-08-13,532.2528
2012-08-14,578.74445
2012-08-15,730.1392
2012-08-16,758.5244
2012-08-17,710.60614
2012-08-18,687.16327
2012-08-19,652.95844
2012-08-20,597.6047
2012-08-21,519.16144
2012-08-22,514.5243
2012-08-23,569.50214
2012-08-24,616.64545
2012-08-25,560.5318
2012-08-26,491.6579
2012-08-27,587.2981
2012-08-28,879.9542
2012-08-29,828.29517
2012-08-30,688.23846
2012-08-31,670.6031
2012-09-01,667.5033
2012-09-02,593.54584
2012-09-03,530.4591
2012-09-04,555.7247
2012-09-05,678.5168
2012-09-06,709.1747
2012-09-07,556.40015
2012-09-08,466.84933
2012-09-09,468.70462
2012-09-10,543.56384
2012-09-11,590.03766
2012-09-12,579.4087
2012-09-13,584.9081
2012-09-14,520.74915
2012-09-15,490.91623
2012-09-16,455.1118
2012-09-17,414.17438
2012-09-18,407.0672
2012-09-19,469.90198
2012-09-20,437.657
2012-09-21,383.65518
2012-09-22,352.9353
2012-09-23,359.6953
2012-09-24,370.41183
2012-09-25,424.08035
2012-09-26,463.01816
2012-09-27,457.5758
2012-09-28,488.70053
2012-09-29,536.5518
2012-09-30,519.0128
2012-10-01,456.9114
2012-10-02,471.72803
2012-10-03,452.7734
2012-10-04,377.3617
2012-10-05,341.01782
2012-10-06,434.15695
2012-10-07,503.2087
2012-10-08,528.97
2012-10-09,464.84567
2012-10-10,455.47763
2012-10-11,417.5799
2012-10-12,364.75534
2012-10-13,373.66452
2012-10-14,518.8766
2012-10-15,523.1994
2012-10-16,406.23645
2012-10-17,335.61212
2012-10-18,320.4211
2012-10-19,342.63028
2012-10-20,429.61548
2012-10-21,455.64178
2012-10-22,469.96075
2012-10-23,569.5023
2012-10-24,657.4522
2012-10-25,623.9333
2012-10-26,576.95557
2012-10-27,504.66632
2012-10-28,434.43127
2012-10-29,387.4586
2012-10-30,369.23685
2012-10-31,400.1521
2012-11-01,474.11444
2012-11-02,438.58704
2012-11-03,375.93384
2012-11-04,382.45813
2012-11-05,399.14294
2012-11-06,464.611
2012-11-07,465.18106
2012-11-08,378.98422
2012-11-09,347.52536
2012-11-10,351.68585
2012-11-11,325.7868
2012-11-12,290.99243
2012-11-13,277.58792
2012-11-14,342.07324
2012-11-15,449.09198
2012-11-16,484.47534
2012-11-17,548.9584
2012-11-18,543.608
2012-11-19,559.4591
2012-11-20,677.93384
2012-11-21,538.3363
2012-11-22,408.61038
2012-11-23,346.09143
2012-11-24,313.13733
2012-11-25,289.41156
2012-11-26,285.83444
2012-11-27,295.49786
2012-11-28,305.35352
2012-11-29,321.0101
2012-11-30,311.57913
2012-12-01,270.6981
2012-12-02,251.91034
2012-12-03,239.38953
2012-12-04,229.31949
2012-12-05,222.50267
2012-12-06,216.33327
2012-12-07,209.2254
2012-12-08,202.41649
2012-12-09,199.85568
2012-12-10,215.28802
2012-12-11,230.7656
2012-12-12,199.42043
2012-12-13,188.278
2012-12-14,200.68803
2012-12-15,189.78502
2012-12-16,167.87634
2012-12-17,158.0118
2012-12-18,152.73332
2012-12-19,148.4625
2012-12-20,144.74142
2012-12-21,139.75146
2012-12-22,134.68315
2012-12-23,156.25594
2012-12-24,208.96591
2012-12-25,250.07712
2012-12-26,222.27884
2012-12-27,232.40892
2012-12-28,367.10916
2012-12-29,446.0767
2012-12-30,424.35663
2012-12-31,320.88245
2013-01-01,337.92853
2013-01-02,288.76453
2013-01-03,191.74867
2013-01-04,171.96999
2013-01-05,192.93289
2013-01-06,200.78821
2013-01-07,171.36037
2013-01-08,147.6267
2013-01-09,124.39357
2013-01-10,118.13255
2013-01-11,114.666176
2013-01-12,111.56423
2013-01-13,108.578865
2013-01-14,105.6395
2013-01-15,102.54195
2013-01-16,99.45526
2013-01-17,96.44259
2013-01-18,93.55967
2013-01-19,91.16396
2013-01-20,92.44435
2013-01-21,92.60763
2013-01-22,87.40192
2013-01-23,84.83699
2013-01-24,85.52142
2013-01-25,94.43103
2013-01-26,117.55277
2013-01-27,116.24376
2013-01-28,92.21984
2013-01-29,83.005226
2013-01-30,74.57479
2013-01-31,72.283714
2013-02-01,69.32209
2013-02-02,65.40545
2013-02-03,63.38528
2013-02-04,61.231777
2013-02-05,59.57694
2013-02-06,59.196995
2013-02-07,62.207386
2013-02-08,68.76083
2013-02-09,73.30195
2013-02-10,115.46591
2013-02-11,154.85579
2013-02-12,117.806046
2013-02-13,77.8713
2013-02-14,55.562683
2013-02-15,49.90104
2013-02-16,47.61693
2013-02-17,58.21462
2013-02-18,134.61852
2013-02-19,257.34656
2013-02-20,295.21368
2013-02-21,248.64114
2013-02-22,266.85165
2013-02-23,291.2511
2013-02-24,338.82947
2013-02-25,378.39227
2013-02-26,391.84955
2013-02-27,394.91364
2013-02-28,423.31097
2013-03-01,477.88864
2013-03-02,585.9306
2013-03-03,586.7168
2013-03-04,576.878
2013-03-05,599.32574
2013-03-06,526.377
2013-03-07,498.1491
2013-03-08,482.46628
2013-03-09,477.74615
2013-03-10,469.9188
2013-03-11,443.1109
2013-03-12,488.35727
2013-03-13,495.3391
2013-03-14,451.1735
2013-03-15,508.03845
2013-03-16,600.1242
2013-03-17,792.448
2013-03-18,881.28577
2013-03-19,997.953
2013-03-20,1196.3506
2013-03-21,1368.5543
2013-03-22,1143.8574
2013-03-23,874.53937
2013-03-24,924.3157
2013-03-25,1192.6936
2013-03-26,1090.1913
2013-03-27,814.1251
2013-03-28,681.6424
2013-03-29,649.90405
2013-03-30,669.0839
2013-03-31,700.4581
2013-04-01,783.0106
2013-04-02,792.70575
2013-04-03,802.9516
2013-04-04,805.5852
2013-04-05,782.4484
2013-04-06,822.78674
2013-04-07,850.8983
2013-04-08,724.7438
2013-04-09,654.31384
2013-04-10,680.6633
2013-04-11,812.11566
2013-04-12,797.8311
2013-04-13,702.956
2013-04-14,681.1948
2013-04-15,731.7243
2013-04-16,848.00024
2013-04-17,946.8704
2013-04-18,910.5597
2013-04-19,981.2712
2013-04-20,1049.3228
2013-04-21,1052.7537
2013-04-22,1199.1632
2013-04-23,1230.9247
2013-04-24,1154.6293
2013-04-25,1338.8873
2013-04-26,1523.298
2013-04-27,1372.6696
2013-04-28,1173.2456
2013-04-29,1051.046
2013-04-30,991.8103
2013-05-01,1012.687
2013-05-02,1015.7236
2013-05-03,1018.4095
2013-05-04,986.96814
2013-05-05,870.9878
2013-05-06,799.18384
2013-05-07,837.37305
2013-05-08,915.8991
2013-05-09,935.0479
2013-05-10,974.11865
2013-05-11,1042.8832
2013-05-12,1212.175
2013-05-13,1329.5044
2013-05-14,1347.0643
2013-05-15,1378.4316
2013-05-16,1346.1854
2013-05-17,1374.9099
2013-05-18,1619.3182
2013-05-19,2044.0752
2013-05-20,2378.9
2013-05-21,2339.056
2013-05-22,4403.829
2013-05-23,7716.966
2013-05-24,7446.278
2013-05-25,5010.292
2013-05-26,2929.527
2013-05-27,2225.765
2013-05-28,2057.7627
2013-05-29,1924.3049
2013-05-30,1685.5682
2013-05-31,1510.9897
2013-06-01,1338.2848
2013-06-02,1195.3544
2013-06-03,1165.0044
2013-06-04,1121.2756
2013-06-05,1086.8923
2013-06-06,1075.6174
2013-06-07,1110.8751
2013-06-08,1056.2334
2013-06-09,951.8659
2013-06-10,912.5653
2013-06-11,847.9798
2013-06-12,795.81085
2013-06-13,790.84784
2013-06-14,793.2898
2013-06-15,790.30304
2013-06-16,773.4448
2013-06-17,729.9529
2013-06-18,711.93494
2013-06-19,730.4002
2013-06-20,787.9077
2013-06-21,886.25934
2013-06-22,916.39465
2013-06-23,892.22705
2013-06-24,922.2268
2013-06-25,1082.4725
2013-06-26,1105.1492
2013-06-27,1127.37
2013-06-28,1076.8058
2013-06-29,1073.562
2013-06-30,1141.3978
2013-07-01,1070.1233
2013-07-02,985.2427
2013-07-03,962.33966
2013-07-04,958.0428
2013-07-05,924.9663
2013-07-06,914.1736
2013-07-07,961.4031
2013-07-08,1069.519
2013-07-09,1085.6321
2013-07-10,1067.247
2013-07-11,1029.6788
2013-07-12,1061.7646
2013-07-13,1110.0001
2013-07-14,1119.3165
2013-07-15,1074.1011
2013-07-16,1081.0529
2013-07-17,1149.1584
2013-07-18,1156.0562
2013-07-19,1221.2473
2013-07-20,1645.5214
2013-07-21,1620.7908
2013-07-22,1378.279
2013-07-23,1267.3942
2013-07-24,1150.7418
2013-07-25,1225.0072
2013-07-26,1219.1556
2013-07-27,1120.2493
2013-07-28,1027.0549
2013-07-29,997.6909
2013-07-30,1055.497
2013-07-31,968.0151
2013-08-01,841.7048
2013-08-02,815.8522
2013-08-03,843.75433
2013-08-04,874.4074
2013-08-05,920.484
2013-08-06,927.50684
2013-08-07,906.7051
2013-08-08,895.92554
2013-08-09,876.43884
2013-08-10,832.209
2013-08-11,771.87177
2013-08-12,776.05255
2013-08-13,774.074
2013-08-14,770.61066
2013-08-15,825.84625
2013-08-16,881.62177
2013-08-17,991.41327
2013-08-18,1256.3525
2013-08-19,1432.2784
2013-08-20,1387.0399
2013-08-21,1270.0314
2013-08-22,1146.9938
2013-08-23,1082.6753
2013-08-24,1007.81335
2013-08-25,936.6801
2013-08-26,903.49536
2013-08-27,885.6675
2013-08-28,876.5618
2013-08-29,877.19684
2013-08-30,870.9982
2013-08-31,853.1413
2013-09-01,822.6017
2013-09-02,752.2884
2013-09-03,680.8876
2013-09-04,636.77094
2013-09-05,610.5092
2013-09-06,647.4662
2013-09-07,687.8161
2013-09-08,722.3905
2013-09-09,786.1256
2013-09-10,795.45123
2013-09-11,749.08344
2013-09-12,709.48206
2013-09-13,702.7924
2013-09-14,605.38727
2013-09-15,535.7429
2013-09-16,569.92474
2013-09-17,737.09357
2013-09-18,821.1069
2013-09-19,834.46027
2013-09-20,777.6089
2013-09-21,664.68933
2013-09-22,588.1019
2013-09-23,591.2049
2013-09-24,678.0317
2013-09-25,765.7944
2013-09-26,769.5809
2013-09-27,692.90533
2013-09-28,681.6435
2013-09-29,718.9903
2013-09-30,713.0376
2013-10-01,674.8047
2013-10-02,648.13403
2013-10-03,633.40753
2013-10-04,584.265
2013-10-05,577.3164
2013-10-06,584.7132
2013-10-07,572.2766
2013-10-08,535.2316
2013-10-09,515.3135
2013-10-10,526.0671
2013-10-11,544.46014
2013-10-12,562.6384
2013-10-13,555.3553
2013-10-14,565.638
2013-10-15,563.5202
2013-10-16,610.367
2013-10-17,694.7068
2013-10-18,661.7231
2013-10-19,550.0085
2013-10-20,482.05264
2013-10-21,451.59875
2013-10-22,426.6852
2013-10-23,416.97403
2013-10-24,431.8939
2013-10-25,460.89496
2013-10-26,480.02008
2013-10-27,494.26584
2013-10-28,507.31998
2013-10-29,510.24146
2013-10-30,445.44876
2013-10-31,380.0103
2013-11-01,381.78995
2013-11-02,397.34402
2013-11-03,406.16367
2013-11-04,387.52594
2013-11-05,397.62393
2013-11-06,436.30396
2013-11-07,414.41406
2013-11-08,391.19812
2013-11-09,545.8543
2013-11-10,570.45703
2013-11-11,499.70706
2013-11-12,488.29752
2013-11-13,517.64996
2013-11-14,485.5213
2013-11-15,439.44583
2013-11-16,526.8177
2013-11-17,592.6993
2013-11-18,587.60504
2013-11-19,524.74506
2013-11-20,426.98767
2013-11-21,394.40738
2013-11-22,392.62555
2013-11-23,392.67404
2013-11-24,408.47842
2013-11-25,415.57996
2013-11-26,375.91922
2013-11-27,342.34827
2013-11-28,338.1291
2013-11-29,342.9316
2013-11-30,326.3475
2013-12-01,304.0685
2013-12-02,280.23538
2013-12-03,267.0788
2013-12-04,292.81592
2013-12-05,365.79504
2013-12-06,482.53302
2013-12-07,574.7453
2013-12-08,579.5456
2013-12-09,530.00684
2013-12-10,446.60828
2013-12-11,371.2471
2013-12-12,297.7174
2013-12-13,282.47375
2013-12-14,291.6287
2013-12-15,332.01205
2013-12-16,370.45615
2013-12-17,336.18686
2013-12-18,305.65356
2013-12-19,280.77008
2013-12-20,244.6593
2013-12-21,231.3219
2013-12-22,222.19139
2013-12-23,212.64484
2013-12-24,204.21349
2013-12-25,196.54347
2013-12-26,189.37314
2013-12-27,182.7028
2013-12-28,178.51323
2013-12-29,174.46913
2013-12-30,168.45757
2013-12-31,163.66418
2014-01-01,158.6029
2014-01-02,152.03954
2014-01-03,146.0145
2014-01-04,143.69211
2014-01-05,141.2621
2014-01-06,136.58267
2014-01-07,150.93925
2014-01-08,164.8446
2014-01-09,153.81155
2014-01-10,139.68517
2014-01-11,128.54094
2014-01-12,116.35422
2014-01-13,110.18881
2014-01-14,105.833664
2014-01-15,102.06166
2014-01-16,98.791115
2014-01-17,96.84294
2014-01-18,96.85923
2014-01-19,124.07464
2014-01-20,172.50664
2014-01-21,176.9088
2014-01-22,140.1554
2014-01-23,115.44783
2014-01-24,91.52092
2014-01-25,81.64297
2014-01-26,77.03681
2014-01-27,74.05124
2014-01-28,71.58473
2014-01-29,69.262794
2014-01-30,66.95669
2014-01-31,64.729256
2014-02-01,62.590508
2014-02-02,60.534145
2014-02-03,58.54278
2014-02-04,57.209213
2014-02-05,56.001953
2014-02-06,54.16909
2014-02-07,52.37424
2014-02-08,52.323757
2014-02-09,53.68008
2014-02-10,50.778183
2014-02-11,48.487247
2014-02-12,48.42103
2014-02-13,55.020893
2014-02-14,92.31503
2014-02-15,115.56081
2014-02-16,92.561264
2014-02-17,78.932526
2014-02-18,52.07277
2014-02-19,42.411304
2014-02-20,39.176525
2014-02-21,36.8629
2014-02-22,35.479458
2014-02-23,34.46688
2014-02-24,38.284065
2014-02-25,49.66714
2014-02-26,59.46538
2014-02-27,73.23246
2014-02-28,122.52887
2014-03-01,242.25409
2014-03-02,286.5126
2014-03-03,210.91747
2014-03-04,198.60309
2014-03-05,152.84135
2014-03-06,73.54545
2014-03-07,76.15692
2014-03-08,138.97392
2014-03-09,208.76004
2014-03-10,232.47069
2014-03-11,295.23624
2014-03-12,300.80176
2014-03-13,183.81154
2014-03-14,122.48148
2014-03-15,160.90617
2014-03-16,178.59215
2014-03-17,169.3207
2014-03-18,143.58624
2014-03-19,100.69957
2014-03-20,152.43288
2014-03-21,299.0439
2014-03-22,340.50885
2014-03-23,244.41693
2014-03-24,241.01283
2014-03-25,300.52448
2014-03-26,364.09235
2014-03-27,442.4036
2014-03-28,463.96512
2014-03-29,539.5911
2014-03-30,619.59
2014-03-31,447.82666
2014-04-01,239.20244
2014-04-02,151.0125
2014-04-03,138.294
2014-04-04,365.8574
2014-04-05,621.74054
2014-04-06,477.80496
2014-04-07,512.83685
2014-04-08,609.46265
2014-04-09,665.0069
2014-04-10,648.71484
2014-04-11,703.2583
2014-04-12,793.12195
2014-04-13,621.7438
2014-04-14,446.229
2014-04-15,432.8918
2014-04-16,571.8571
2014-04-17,549.9268
2014-04-18,628.47546
2014-04-19,793.66785
2014-04-20,681.61694
2014-04-21,595.2369
2014-04-22,636.84503
2014-04-23,817.3028
2014-04-24,911.1913
2014-04-25,956.043
2014-04-26,889.5947
2014-04-27,996.26526
2014-04-28,1131.5203
2014-04-29,1104.0759
2014-04-30,1088.839
2014-05-01,1128.7472
2014-05-02,1118.1702
2014-05-03,1011.13354
2014-05-04,1037.7335
2014-05-05,1497.6636
2014-05-06,1646.139
2014-05-07,1294.9291
2014-05-08,1337.1774
2014-05-09,1351.3824
2014-05-10,1567.1208
2014-05-11,2290.9536
2014-05-12,2337.1409
2014-05-13,2023.0631
2014-05-14,2062.4268
2014-05-15,2037.5337
2014-05-16,1772.9702
2014-05-17,1683.577
2014-05-18,1543.1506
2014-05-19,1387.9012
2014-05-20,1312.1703
2014-05-21,1341.754
2014-05-22,1384.6138
2014-05-23,1293.3212
2014-05-24,1097.3723
2014-05-25,999.0362
2014-05-26,1003.50116
2014-05-27,1001.62146
2014-05-28,1077.5156
2014-05-29,1631.7607
2014-05-30,2014.5487
2014-05-31,1754.4319
2014-06-01,1508.073
2014-06-02,1436.3458
2014-06-03,1573.8246
2014-06-04,1754.5251
2014-06-05,2086.107
2014-06-06,2605.0989
2014-06-07,3214.674
2014-06-08,4111.938
2014-06-09,4533.4604
2014-06-10,3715.3535
2014-06-11,2630.983
2014-06-12,2135.9187
2014-06-13,1812.603
2014-06-14,1538.3391
2014-06-15,1411.7229
2014-06-16,1400.2322
2014-06-17,1395.8827
2014-06-18,1334.4518
2014-06-19,1278.9457
2014-06-20,1289.4537
2014-06-21,1306.0026
2014-06-22,1325.8495
2014-06-23,1288.5737
2014-06-24,1236.9524
2014-06-25,1251.7498
2014-06-26,1312.5049
2014-06-27,1325.0961
2014-06-28,1249.6086
2014-06-29,1213.9207
2014-06-30,1298.5377
2014-07-01,1591.1523
2014-07-02,1697.8246
2014-07-03,1579.4103
2014-07-04,1506.3431
2014-07-05,1533.7627
2014-07-06,1714.1415
2014-07-07,1809.3962
2014-07-08,1794.626
2014-07-09,1932.3438
2014-07-10,2397.5908
2014-07-11,2132.0337
2014-07-12,1829.1952
2014-07-13,1737.0298
2014-07-14,1649.7021
2014-07-15,1671.441
2014-07-16,1826.4906
2014-07-17,1835.5131
2014-07-18,1722.3116
2014-07-19,1668.925
2014-07-20,1689.4636
2014-07-21,1624.4038
2014-07-22,1485.7825
2014-07-23,1387.9827
2014-07-24,1330.6106
2014-07-25,1275.0126
2014-07-26,1284.8442
2014-07-27,1323.568
2014-07-28,1338.9874
2014-07-29,1338.9542
2014-07-30,1274.8987
2014-07-31,1179.884
2014-08-01,1119.7338
2014-08-02,1124.2158
2014-08-03,1102.2212
2014-08-04,1071.7185
2014-08-05,1013.23956
2014-08-06,987.408
2014-08-07,1101.697
2014-08-08,1089.654
2014-08-09,1017.108
2014-08-10,1054.9989
2014-08-11,1008.7487
2014-08-12,986.1369
2014-08-13,983.1673
2014-08-14,1089.7334
2014-08-15,1202.8226
2014-08-16,1139.2029
2014-08-17,1161.838
2014-08-18,1155.4154
2014-08-19,1155.4514
2014-08-20,1220.5809
2014-08-21,1235.117
2014-08-22,1094.6572
2014-08-23,983.9575
2014-08-24,920.68396
2014-08-25,870.7225
2014-08-26,836.5052
2014-08-27,857.8434
2014-08-28,862.2791
2014-08-29,827.7584
2014-08-30,811.69617
2014-08-31,754.9031
2014-09-01,680.7335
2014-09-02,616.21173
2014-09-03,601.18164
2014-09-04,621.2327
2014-09-05,677.1085
2014-09-06,680.87195
2014-09-07,615.6386
2014-09-08,650.7311
2014-09-09,670.94293
2014-09-10,763.5999
2014-09-11,755.0376
2014-09-12,595.74585
2014-09-13,511.2672
2014-09-14,544.91296
2014-09-15,671.52386
2014-09-16,665.75085
2014-09-17,686.43427
2014-09-18,662.14886
2014-09-19,596.94666
2014-09-20,562.5791
2014-09-21,594.1318
2014-09-22,592.4013
2014-09-23,640.32965
2014-09-24,688.819
2014-09-25,632.50824
2014-09-26,563.396
2014-09-27,495.62405
2014-09-28,511.41168
2014-09-29,528.85254
2014-09-30,530.87775
2014-10-01,492.28638
2014-10-02,441.0275
2014-10-03,399.9094
2014-10-04,388.31226
2014-10-05,418.80243
2014-10-06,407.93588
2014-10-07,395.16605
2014-10-08,422.1252
2014-10-09,471.71704
2014-10-10,578.5402
2014-10-11,611.7082
2014-10-12,600.73145
2014-10-13,585.3615
2014-10-14,567.1741
2014-10-15,665.32666
2014-10-16,655.955
2014-10-17,586.63995
2014-10-18,618.7207
2014-10-19,503.1464
2014-10-20,471.09732
2014-10-21,535.178
2014-10-22,594.71704
2014-10-23,602.19293
2014-10-24,641.9472
2014-10-25,605.94684
2014-10-26,537.5989
2014-10-27,491.97525
2014-10-28,544.8095
2014-10-29,593.63434
2014-10-30,599.43933
2014-10-31,701.6408
2014-11-01,708.6738
2014-11-02,610.03125
2014-11-03,578.15533
2014-11-04,675.6903
2014-11-05,723.99225
2014-11-06,668.8657
2014-11-07,636.69324
2014-11-08,600.6415
2014-11-09,576.1813
2014-11-10,556.7162
2014-11-11,545.7155
2014-11-12,580.95245
2014-11-13,564.295
2014-11-14,501.75507
2014-11-15,434.0552
2014-11-16,418.43594
2014-11-17,508.82047
2014-11-18,645.94495
2014-11-19,599.2933
2014-11-20,488.22372
2014-11-21,449.9767
2014-11-22,414.62805
2014-11-23,390.44595
2014-11-24,374.57138
2014-11-25,366.37573
2014-11-26,398.69305
2014-11-27,410.25937
2014-11-28,375.86813
2014-11-29,336.2753
2014-11-30,353.5215
2014-12-01,398.5658
2014-12-02,385.51505
2014-12-03,360.70767
2014-12-04,339.1424
2014-12-05,376.53525
2014-12-06,498.31726
2014-12-07,476.8842
2014-12-08,404.43692
2014-12-09,349.036
2014-12-10,297.65744
2014-12-11,288.73233
2014-12-12,331.18848
2014-12-13,455.24472
2014-12-14,530.8928
2014-12-15,445.74948
2014-12-16,354.02856
2014-12-17,292.42856
2014-12-18,266.11963
2014-12-19,283.84537
2014-12-20,269.76114
2014-12-21,256.9485
2014-12-22,241.73099
2014-12-23,223.56848
2014-12-24,214.67294
2014-12-25,211.68474
2014-12-26,234.69276
2014-12-27,295.6795
2014-12-28,270.4091
2014-12-29,223.688
2014-12-30,228.53523
2014-12-31,249.97467
2015-01-01,310.57318
2015-01-02,300.5727
2015-01-03,248.61292
2015-01-04,223.63791
2015-01-05,213.17406
2015-01-06,207.8585
2015-01-07,200.82135
2015-01-08,195.31401
2015-01-09,191.16357
2015-01-10,188.613
2015-01-11,215.30392
2015-01-12,253.57826
2015-01-13,248.15623
2015-01-14,230.35204
2015-01-15,232.88876
2015-01-16,248.19533
2015-01-17,271.85486
2015-01-18,388.23502
2015-01-19,381.87405
2015-01-20,290.23932
2015-01-21,280.06744
2015-01-22,298.00797
2015-01-23,362.2462
2015-01-24,405.03452
2015-01-25,433.63544
2015-01-26,466.92514
2015-01-27,428.28912
2015-01-28,376.8862
2015-01-29,323.82654
2015-01-30,294.55762
2015-01-31,277.3856
2015-02-01,337.19983
2015-02-02,570.70734
2015-02-03,739.2933
2015-02-04,695.26996
2015-02-05,652.5872
2015-02-06,580.56354
2015-02-07,513.1136
2015-02-08,505.38962
2015-02-09,578.8695
2015-02-10,501.96713
2015-02-11,391.9424
2015-02-12,355.7465
2015-02-13,366.3564
2015-02-14,412.35794
2015-02-15,456.6988
2015-02-16,508.77548
2015-02-17,547.9565
2015-02-18,473.22675
2015-02-19,394.01456
2015-02-20,346.80383
2015-02-21,308.9294
2015-02-22,288.3391
2015-02-23,276.85837
2015-02-24,267.07425
2015-02-25,257.84402
2015-02-26,249.66861
2015-02-27,245.76747
2015-02-28,261.0425
2015-03-01,288.2505
2015-03-02,341.84552
2015-03-03,400.73602
2015-03-04,349.76025
2015-03-05,256.65915
2015-03-06,221.61768
2015-03-07,218.65707
2015-03-08,219.3143
2015-03-09,231.85472
2015-03-10,240.59479
2015-03-11,263.2551
2015-03-12,284.33783
2015-03-13,275.3665
2015-03-14,277.44058
2015-03-15,261.92075
2015-03-16,243.08846
2015-03-17,244.26567
2015-03-18,254.14229
2015-03-19,295.3522
2015-03-20,329.99237
2015-03-21,450.97382
2015-03-22,573.48175
2015-03-23,640.32916
2015-03-24,539.6671
2015-03-25,482.9554
2015-03-26,529.902
2015-03-27,681.3729
2015-03-28,578.2588
2015-03-29,442.8673
2015-03-30,583.6633
2015-03-31,810.7453
2015-04-01,872.20355
2015-04-02,775.5411
2015-04-03,740.2335
2015-04-04,944.5327
2015-04-05,1154.4752
2015-04-06,1140.4614
2015-04-07,1189.1892
2015-04-08,1135.7535
2015-04-09,1090.3688
2015-04-10,1110.5806
2015-04-11,1199.1942
2015-04-12,1372.2823
2015-04-13,1348.8374
2015-04-14,1223.0576
2015-04-15,1107.3757
2015-04-16,959.50916
2015-04-17,951.60645
2015-04-18,1091.6215
2015-04-19,1214.5837
2015-04-20,1250.4066
2015-04-21,1418.1715
2015-04-22,1525.4424
2015-04-23,1770.6206
2015-04-24,1722.1414
2015-04-25,1461.232
2015-04-26,1367.0627
2015-04-27,1358.6074
2015-04-28,1420.6317
2015-04-29,1405.4343
2015-04-30,1325.4698
2015-05-01,1302.9562
2015-05-02,1281.2706
2015-05-03,1209.7252
2015-05-04,1092.0812
2015-05-05,1024.7786
2015-05-06,1075.8395
2015-05-07,1110.7233
2015-05-08,1101.8605
2015-05-09,1173.5126
2015-05-10,1284.3539
2015-05-11,1152.4661
2015-05-12,1132.7206
2015-05-13,1135.6655
2015-05-14,1214.232
2015-05-15,1391.609
2015-05-16,2410.0515
2015-05-17,3112.9492
2015-05-18,2339.9011
2015-05-19,1771.9673
2015-05-20,1620.1823
2015-05-21,1691.538
2015-05-22,1708.1182
2015-05-23,1637.1035
2015-05-24,1494.123
2015-05-25,1319.7976
2015-05-26,1323.5243
2015-05-27,1462.8127
2015-05-28,1622.1075
2015-05-29,1578.4637
2015-05-30,1367.44
2015-05-31,1305.2406
2015-06-01,1249.6128
2015-06-02,1154.8907
2015-06-03,1144.0361
2015-06-04,1281.8912
2015-06-05,1407.5471
2015-06-06,1435.149
2015-06-07,1421.8597
2015-06-08,1437.7267
2015-06-09,1480.3701
2015-06-10,1425.046
2015-06-11,1428.4786
2015-06-12,1551.532
2015-06-13,1535.1572
2015-06-14,1529.8339
2015-06-15,1532.4683
2015-06-16,1444.8351
2015-06-17,1428.892
2015-06-18,1450.7832
2015-06-19,1495.9088
2015-06-20,1454.4187
2015-06-21,2127.1836
2015-06-22,4163.179
2015-06-23,5420.3975
2015-06-24,4937.308
2015-06-25,5152.35
2015-06-26,6831.839
2015-06-27,6105.2295
2015-06-28,3656.4827
2015-06-29,2157.1157
2015-06-30,1688.7296
2015-07-01,1465.1118
2015-07-02,1323.5148
2015-07-03,1256.4841
2015-07-04,1124.9401
2015-07-05,1033.1638
2015-07-06,1003.6131
2015-07-07,992.9665
2015-07-08,1067.112
2015-07-09,1316.6378
2015-07-10,1212.8413
2015-07-11,1012.6745
2015-07-12,1114.6354
2015-07-13,1247.9718
2015-07-14,1353.2201
2015-07-15,1279.2346
2015-07-16,1176.4336
2015-07-17,1118.5076
2015-07-18,1124.7196
2015-07-19,1144.6245
2015-07-20,1191.8326
2015-07-21,1208.2712
2015-07-22,1102.848
2015-07-23,995.294
2015-07-24,1081.4163
2015-07-25,1149.2332
2015-07-26,1133.158
2015-07-27,1102.2526
2015-07-28,1134.7225
2015-07-29,1264.7104
2015-07-30,1441.9763
2015-07-31,1755.2529
2015-08-01,2067.0986
2015-08-02,1838.9154
2015-08-03,1657.0347
2015-08-04,1534.8702
2015-08-05,1491.3851
2015-08-06,1443.8695
2015-08-07,1320.4655
2015-08-08,1216.5095
2015-08-09,1195.1476
2015-08-10,1188.786
2015-08-11,1129.0887
2015-08-12,1010.6815
2015-08-13,944.30084
2015-08-14,906.0968
2015-08-15,898.31
2015-08-16,1006.72314
2015-08-17,1033.0819
2015-08-18,931.687
2015-08-19,818.0773
2015-08-20,736.6149
2015-08-21,716.8169
2015-08-22,750.9436
2015-08-23,762.989
2015-08-24,698.2701
2015-08-25,657.1548
2015-08-26,687.8702
2015-08-27,742.15936
2015-08-28,683.928
2015-08-29,614.201
2015-08-30,658.76697
2015-08-31,687.3288
2015-09-01,630.9444
2015-09-02,615.5572
2015-09-03,712.7967
2015-09-04,663.39343
2015-09-05,505.25934
2015-09-06,465.42163
2015-09-07,524.27014
2015-09-08,623.9966
2015-09-09,636.5622
2015-09-10,617.289
2015-09-11,515.54675
2015-09-12,427.61148
2015-09-13,407.7468
2015-09-14,431.35422
2015-09-15,408.69925
2015-09-16,389.03067
2015-09-17,430.93198
2015-09-18,404.3722
2015-09-19,406.24335
2015-09-20,455.38477
2015-09-21,516.58795
2015-09-22,507.64905
2015-09-23,400.1023
2015-09-24,317.995
2015-09-25,291.23624
2015-09-26,279.8324
2015-09-27,267.31985
2015-09-28,285.55582
2015-09-29,334.9209
2015-09-30,305.62924
2015-10-01,273.21338
2015-10-02,285.43655
2015-10-03,297.12125
2015-10-04,265.83008
2015-10-05,249.5782
2015-10-06,285.70255
2015-10-07,289.3862
2015-10-08,277.81915
2015-10-09,247.48122
2015-10-10,210.336
2015-10-11,200.62999
2015-10-12,235.54143
2015-10-13,261.36642
2015-10-14,260.63312
2015-10-15,309.41144
2015-10-16,370.83105
2015-10-17,342.40457
2015-10-18,345.7707
2015-10-19,518.3469
2015-10-20,488.4313
2015-10-21,334.4825
2015-10-22,253.28938
2015-10-23,221.92159
2015-10-24,217.43243
2015-10-25,270.7183
2015-10-26,305.6287
2015-10-27,281.27078
2015-10-28,246.85588
2015-10-29,298.00937
2015-10-30,373.45312
2015-10-31,376.33304
2015-11-01,317.7093
2015-11-02,232.22957
2015-11-03,195.91928
2015-11-04,175.90112
2015-11-05,174.53078
2015-11-06,212.20004
2015-11-07,313.06592
2015-11-08,427.20856
2015-11-09,488.1944
2015-11-10,553.79913
2015-11-11,562.03906
2015-11-12,494.294
2015-11-13,471.35358
2015-11-14,440.0008
2015-11-15,431.63174
2015-11-16,486.9718
2015-11-17,583.19934
2015-11-18,608.097
2015-11-19,599.6018
2015-11-20,511.94464
2015-11-21,454.8007
2015-11-22,404.18536
2015-11-23,398.131
2015-11-24,449.21686
2015-11-25,495.87286
2015-11-26,534.71246
2015-11-27,516.0711
2015-11-28,440.6909
2015-11-29,389.99744
2015-11-30,389.23767
2015-12-01,404.9922
2015-12-02,371.0995
2015-12-03,396.15356
2015-12-04,435.9583
2015-12-05,414.7553
2015-12-06,355.331
2015-12-07,346.69644
2015-12-08,345.57608
2015-12-09,292.98218
2015-12-10,261.14536
2015-12-11,258.4826
2015-12-12,271.93073
2015-12-13,264.2313
2015-12-14,261.84082
2015-12-15,317.74802
2015-12-16,397.7009
2015-12-17,413.4559
2015-12-18,379.8471
2015-12-19,390.14993
2015-12-20,452.5132
2015-12-21,532.73926
2015-12-22,459.80032
2015-12-23,327.8154
2015-12-24,278.88788
2015-12-25,250.922
2015-12-26,234.0532
2015-12-27,227.11642
2015-12-28,222.37836
2015-12-29,218.06235
2015-12-30,215.31897
2015-12-31,226.43568
2016-01-01,242.62907
2016-01-02,237.20718
2016-01-03,211.4417
2016-01-04,195.97025
2016-01-05,188.97879
2016-01-06,183.24658
2016-01-07,177.89487
2016-01-08,172.8874
2016-01-09,168.22337
2016-01-10,163.5131
2016-01-11,158.79141
2016-01-12,153.96097
2016-01-13,148.58351
2016-01-14,143.27261
2016-01-15,138.26431
2016-01-16,133.45595
2016-01-17,128.82375
2016-01-18,124.25924
2016-01-19,119.805435
2016-01-20,115.42918
2016-01-21,111.1629
2016-01-22,106.97608
2016-01-23,102.93597
2016-01-24,99.1665
2016-01-25,95.60994
2016-01-26,92.21216
2016-01-27,88.849976
2016-01-28,85.53516
2016-01-29,82.34497
2016-01-30,79.29469
2016-01-31,76.41352
2016-02-01,73.62809
2016-02-02,70.90621
2016-02-03,68.282486
2016-02-04,65.870735
2016-02-05,63.869465
2016-02-06,62.170914
2016-02-07,60.621796
2016-02-08,60.213596
2016-02-09,89.93106
2016-02-10,184.39305
2016-02-11,482.96463
2016-02-12,522.43726
2016-02-13,324.6627
2016-02-14,254.06612
2016-02-15,259.83145
2016-02-16,317.9103
2016-02-17,296.50378
2016-02-18,261.7748
2016-02-19,245.17677
2016-02-20,246.1639
2016-02-21,234.24168
2016-02-22,164.22737
2016-02-23,171.91335
2016-02-24,259.05807
2016-02-25,290.73953
2016-02-26,275.74585
2016-02-27,354.79083
2016-02-28,282.03464
2016-02-29,141.85126
2016-03-01,89.76455
2016-03-02,84.44235
2016-03-03,133.85411
2016-03-04,209.47594
2016-03-05,286.05145
2016-03-06,311.0286
2016-03-07,232.82338
2016-03-08,158.32495
2016-03-09,119.63811
2016-03-10,140.40874
2016-03-11,138.64758
2016-03-12,115.70439
2016-03-13,96.15823
2016-03-14,88.84003
2016-03-15,94.70182
2016-03-16,133.49344
2016-03-17,182.0691
2016-03-18,253.01929
2016-03-19,368.05603
2016-03-20,491.87497
2016-03-21,581.12836
2016-03-22,586.52655
2016-03-23,543.11017
2016-03-24,529.36194
2016-03-25,426.91153
2016-03-26,380.12048
2016-03-27,341.11172
2016-03-28,321.72318
2016-03-29,414.0692
2016-03-30,400.98395
2016-03-31,381.59424
2016-04-01,478.4853
2016-04-02,617.44257
2016-04-03,788.4854
2016-04-04,956.21094
2016-04-05,1043.3322
2016-04-06,956.58673
2016-04-07,917.8593
2016-04-08,845.07776
2016-04-09,1002.647
2016-04-10,1104.4717
2016-04-11,1057.5388
2016-04-12,1147.361
2016-04-13,1336.4844
2016-04-14,1439.3295
2016-04-15,1322.1879
2016-04-16,1130.1366
2016-04-17,951.3616
2016-04-18,951.6253
2016-04-19,1002.81635
2016-04-20,936.3034
2016-04-21,891.2542
2016-04-22,927.1174
2016-04-23,945.7747
2016-04-24,935.3248
2016-04-25,875.87415
2016-04-26,821.41815
2016-04-27,791.5073
2016-04-28,785.16034
2016-04-29,865.88385
2016-04-30,1337.0596
2016-05-01,2093.9204
2016-05-02,2120.769
2016-05-03,1728.8531
2016-05-04,1556.5707
2016-05-05,1339.6572
2016-05-06,1247.3745
2016-05-07,1266.3083
2016-05-08,1324.8456
2016-05-09,1312.2655
2016-05-10,1209.8043
2016-05-11,1092.9937
2016-05-12,1012.271
2016-05-13,1002.82336
2016-05-14,978.2172
2016-05-15,1056.5323
2016-05-16,1184.4316
2016-05-17,1295.1774
2016-05-18,1279.7935
2016-05-19,1288.0068
2016-05-20,1721.1262
2016-05-21,1978.0789
2016-05-22,1840.8636
2016-05-23,1739.0763
2016-05-24,1761.1113
2016-05-25,1937.0378
2016-05-26,2429.8525
2016-05-27,3788.2134
2016-05-28,5018.137
2016-05-29,3438.6162
2016-05-30,2214.0278
2016-05-31,1802.1057
2016-06-01,1638.721
2016-06-02,1528.2166
2016-06-03,1593.1034
2016-06-04,1484.1012
2016-06-05,1332.4164
2016-06-06,1245.7876
2016-06-07,1133.5726
2016-06-08,1072.7046
2016-06-09,1022.97797
2016-06-10,950.98016
2016-06-11,975.703
2016-06-12,998.61017
2016-06-13,1004.1192
2016-06-14,946.9544
2016-06-15,879.6719
2016-06-16,852.39905
2016-06-17,910.9455
2016-06-18,944.59875
2016-06-19,1014.77203
2016-06-20,1054.1582
2016-06-21,1153.2479
2016-06-22,1312.2711
2016-06-23,1349.576
2016-06-24,1430.5316
2016-06-25,1613.7373
2016-06-26,1603.8031
2016-06-27,1524.8427
2016-06-28,1447.8813
2016-06-29,1418.686
2016-06-30,1434.2992
2016-07-01,1434.8049
2016-07-02,1379.9993
2016-07-03,1638.5458
2016-07-04,2316.4155
2016-07-05,2630.7466
2016-07-06,2225.9458
2016-07-07,1692.7805
2016-07-08,1616.016
2016-07-09,1544.303
2016-07-10,1438.747
2016-07-11,1399.2947
2016-07-12,1320.646
2016-07-13,1225.4224
2016-07-14,1201.5173
2016-07-15,1178.636
2016-07-16,1212.9358
2016-07-17,1133.7556
2016-07-18,1065.0587
2016-07-19,1075.0596
2016-07-20,1107.5646
2016-07-21,1098.6184
2016-07-22,1154.8784
2016-07-23,1540.2832
2016-07-24,2044.4814
2016-07-25,2117.3618
2016-07-26,1906.9039
2016-07-27,1666.4281
2016-07-28,1531.222
2016-07-29,1488.9373
2016-07-30,1502.132
2016-07-31,1648.7573
2016-08-01,1708.7456
2016-08-02,1564.9257
2016-08-03,1380.1797
2016-08-04,1285.6083
2016-08-05,1222.3757
2016-08-06,1127.0093
2016-08-07,1038.3615
2016-08-08,958.13477
2016-08-09,913.7427
2016-08-10,924.78845
2016-08-11,974.9458
2016-08-12,993.1568
2016-08-13,946.17194
2016-08-14,851.17365
2016-08-15,781.14825
2016-08-16,741.7698
2016-08-17,706.76666
2016-08-18,753.9914
2016-08-19,769.6552
2016-08-20,742.99365
2016-08-21,656.4639
2016-08-22,576.4306
2016-08-23,628.4041
2016-08-24,742.1876
2016-08-25,681.5884
2016-08-26,554.70447
2016-08-27,526.65796
2016-08-28,519.4247
2016-08-29,530.7619
2016-08-30,476.30652
2016-08-31,477.5319
2016-09-01,519.82654
2016-09-02,578.0447
2016-09-03,547.29803
2016-09-04,501.02145
2016-09-05,509.89462
2016-09-06,590.8135
2016-09-07,662.0007
2016-09-08,685.58496
2016-09-09,645.1626
2016-09-10,646.86334
2016-09-11,696.4032
2016-09-12,614.28546
2016-09-13,528.4974
2016-09-14,524.48145
2016-09-15,570.35376
2016-09-16,746.7791
2016-09-17,858.862
2016-09-18,738.2847
2016-09-19,585.2576
2016-09-20,634.7331
2016-09-21,765.2318
2016-09-22,654.5571
2016-09-23,571.3363
2016-09-24,572.50726
2016-09-25,561.9131
2016-09-26,575.486
2016-09-27,580.338
2016-09-28,571.11755
2016-09-29,551.6013
2016-09-30,632.3998
2016-10-01,577.81323
2016-10-02,515.437
2016-10-03,507.8424
2016-10-04,465.6776
2016-10-05,420.24475
2016-10-06,407.74536
2016-10-07,402.4636
2016-10-08,424.261
2016-10-09,465.45496
2016-10-10,479.22665
2016-10-11,563.62744
2016-10-12,741.94904
2016-10-13,767.2183
2016-10-14,757.6545
2016-10-15,764.63025
2016-10-16,801.40546
2016-10-17,816.0624
2016-10-18,778.8771
2016-10-19,690.20874
2016-10-20,626.6222
2016-10-21,578.1057
2016-10-22,548.34344
2016-10-23,535.5139
2016-10-24,554.5973
2016-10-25,634.70416
2016-10-26,620.9755
2016-10-27,610.02423
2016-10-28,584.4518
2016-10-29,544.2928
2016-10-30,563.5233
2016-10-31,681.03375
2016-11-01,1100.8004
2016-11-02,1348.6761
2016-11-03,805.22394
2016-11-04,568.038
2016-11-05,538.95514
2016-11-06,642.51404
2016-11-07,771.0929
2016-11-08,715.6566
2016-11-09,646.87476
2016-11-10,585.28784
2016-11-11,528.6201
2016-11-12,533.30774
2016-11-13,578.44244
2016-11-14,647.27576
2016-11-15,622.77386
2016-11-16,536.20416
2016-11-17,480.25635
2016-11-18,446.6808
2016-11-19,433.6176
2016-11-20,480.08713
2016-11-21,557.0923
2016-11-22,560.7807
2016-11-23,517.6124
2016-11-24,494.90527
2016-11-25,434.1201
2016-11-26,404.513
2016-11-27,439.14148
2016-11-28,583.83026
2016-11-29,754.36615
2016-11-30,727.4464
2016-12-01,712.1177
2016-12-02,756.11
2016-12-03,777.51117
2016-12-04,678.9615
2016-12-05,632.65094
2016-12-06,753.6003
2016-12-07,832.8895
2016-12-08,845.2592
2016-12-09,874.3459
2016-12-10,786.7166
2016-12-11,747.1053
2016-12-12,717.07825
2016-12-13,666.9654
2016-12-14,607.11884
2016-12-15,531.3188
2016-12-16,509.49942
2016-12-17,756.39746
2016-12-18,1187.6449
2016-12-19,1059.9237
2016-12-20,756.7149
2016-12-21,628.7044
2016-12-22,580.61957
2016-12-23,544.94867
2016-12-24,519.7201
2016-12-25,516.2551
2016-12-26,533.8974
2016-12-27,550.9665
2016-12-28,580.22864
2016-12-29,585.89026
2016-12-30,513.7984
2016-12-31,571.7713
2017-01-01,991.5371
2017-01-02,1567.3058
2017-01-03,1354.959
2017-01-04,965.7222
2017-01-05,714.90717
2017-01-06,597.9053
2017-01-07,586.7358
2017-01-08,628.27435
2017-01-09,722.98914
2017-01-10,762.4147
2017-01-11,690.6062
2017-01-12,647.4328
2017-01-13,693.6779
2017-01-14,671.5816
2017-01-15,592.43713
2017-01-16,543.2476
2017-01-17,511.28625
2017-01-18,484.27466
2017-01-19,458.5203
2017-01-20,433.86185
2017-01-21,410.54443
2017-01-22,389.18405
2017-01-23,371.2116
2017-01-24,354.27957
2017-01-25,337.69482
2017-01-26,325.5227
2017-01-27,316.08298
2017-01-28,328.24747
2017-01-29,374.48834
2017-01-30,349.45224
2017-01-31,300.35928
2017-02-01,303.26355
2017-02-02,325.9529
2017-02-03,341.15604
2017-02-04,292.16946
2017-02-05,250.66411
2017-02-06,232.44952
2017-02-07,219.29619
2017-02-08,206.52496
2017-02-09,201.11569
2017-02-10,194.93285
2017-02-11,185.13406
2017-02-12,176.34224
2017-02-13,169.38612
2017-02-14,162.9239
2017-02-15,156.77122
2017-02-16,150.9934
2017-02-17,145.5551
2017-02-18,140.80211
2017-02-19,136.29979
2017-02-20,132.24101
2017-02-21,127.966965
2017-02-22,123.28914
2017-02-23,130.74696
2017-02-24,169.16736
2017-02-25,183.76578
2017-02-26,224.83199
2017-02-27,395.5849
2017-02-28,357.56906
2017-03-01,237.7074
2017-03-02,163.72455
2017-03-03,123.17493
2017-03-04,124.79843
2017-03-05,110.39051
2017-03-06,98.92858
2017-03-07,129.91783
2017-03-08,197.06024
2017-03-09,282.34552
2017-03-10,366.45435
2017-03-11,266.0156
2017-03-12,189.50845
2017-03-13,229.60426
2017-03-14,235.93852
2017-03-15,216.2395
2017-03-16,267.15005
2017-03-17,251.67595
2017-03-18,183.96965
2017-03-19,145.6671
2017-03-20,155.76083
2017-03-21,185.1779
2017-03-22,222.57225
2017-03-23,242.25453
2017-03-24,442.20908
2017-03-25,556.19476
2017-03-26,404.19363
2017-03-27,320.8846
2017-03-28,252.4035
2017-03-29,183.1072
2017-03-30,221.33205
2017-03-31,344.60168
2017-04-01,408.11322
2017-04-02,528.38873
2017-04-03,572.68176
2017-04-04,547.19116
2017-04-05,480.1938
2017-04-06,396.27588
2017-04-07,297.7872
2017-04-08,203.39545
2017-04-09,169.75447
2017-04-10,177.41565
2017-04-11,209.92992
2017-04-12,236.66115
2017-04-13,310.91656
2017-04-14,406.30347
2017-04-15,509.80643
2017-04-16,565.081
2017-04-17,715.61145
2017-04-18,767.25226
2017-04-19,789.7112
2017-04-20,850.5638
2017-04-21,835.06854
2017-04-22,918.5238
2017-04-23,886.7719
2017-04-24,816.982
2017-04-25,833.021
2017-04-26,853.56964
2017-04-27,820.513
2017-04-28,765.26764
2017-04-29,798.8003
2017-04-30,1003.8778
2017-05-01,1401.1578
2017-05-02,1550.5784
2017-05-03,1633.8589
2017-05-04,1601.3015
2017-05-05,1518.293
2017-05-06,1320.9166
2017-05-07,1301.4503
2017-05-08,1301.9048
2017-05-09,1275.4386
2017-05-10,1298.563
2017-05-11,1582.519
2017-05-12,1763.6577
2017-05-13,1639.6311
2017-05-14,1459.1145
2017-05-15,1337.495
2017-05-16,1252.116
2017-05-17,1151.3593
2017-05-18,1077.654
2017-05-19,1048.2068
2017-05-20,1054.4517
2017-05-21,1053.572
2017-05-22,1123.814
2017-05-23,1167.3193
2017-05-24,1182.1401
2017-05-25,1011.3472
2017-05-26,928.0027
2017-05-27,1069.1675
2017-05-28,1024.0494
2017-05-29,895.7181
2017-05-30,918.2075
2017-05-31,998.23065
2017-06-01,1012.69104
2017-06-02,960.9969
2017-06-03,1007.8769
2017-06-04,1016.47296
2017-06-05,946.04047
2017-06-06,814.0005
2017-06-07,726.8685
2017-06-08,710.57196
2017-06-09,707.68134
2017-06-10,669.96704
2017-06-11,636.498
2017-06-12,675.733
2017-06-13,734.75507
2017-06-14,813.1729
2017-06-15,978.95355
2017-06-16,1087.055
2017-06-17,1162.677
2017-06-18,1328.6509
2017-06-19,1385.3383
2017-06-20,1225.1802
2017-06-21,1264.8394
2017-06-22,1925.6602
2017-06-23,2484.5684
2017-06-24,2633.4556
2017-06-25,2565.8967
2017-06-26,2398.9333
2017-06-27,2075.421
2017-06-28,1818.4652
2017-06-29,1628.373
2017-06-30,1539.2526
2017-07-01,1481.3085
2017-07-02,1407.5854
2017-07-03,1477.3689
2017-07-04,1681.5417
2017-07-05,1921.3455
2017-07-06,1756.9374
2017-07-07,1618.172
2017-07-08,1513.8293
2017-07-09,1465.9741
2017-07-10,1434.5425
2017-07-11,1566.2268
2017-07-12,1874.3961
2017-07-13,2625.705
2017-07-14,4075.1917
2017-07-15,3884.4556
2017-07-16,2666.5093
2017-07-17,1855.6469
2017-07-18,1519.2474
2017-07-19,1424.4302
2017-07-20,1540.5647
2017-07-21,1756.0588
2017-07-22,1901.4028
2017-07-23,1551.4231
2017-07-24,1275.6636
2017-07-25,1129.3309
2017-07-26,1034.2719
2017-07-27,988.96643
2017-07-28,978.5252
2017-07-29,1018.8637
2017-07-30,1074.4471
2017-07-31,1008.1255
2017-08-01,823.9602
2017-08-02,723.52313
2017-08-03,665.4839
2017-08-04,628.81287
2017-08-05,604.0418
2017-08-06,630.2395
2017-08-07,662.39764
2017-08-08,660.05774
2017-08-09,635.04376
2017-08-10,562.5816
2017-08-11,509.0725
2017-08-12,462.89792
2017-08-13,440.96875
2017-08-14,423.17023
2017-08-15,405.9141
2017-08-16,391.53116
2017-08-17,380.49246
2017-08-18,364.98508
2017-08-19,346.51117
2017-08-20,339.63763
2017-08-21,372.91116
2017-08-22,399.86493
2017-08-23,367.5004
2017-08-24,310.78473
2017-08-25,286.9772
2017-08-26,275.03113
2017-08-27,277.87756
2017-08-28,275.2832
2017-08-29,321.38516
2017-08-30,433.82697
2017-08-31,423.20114
2017-09-01,401.36673
2017-09-02,338.14868
2017-09-03,256.34036
2017-09-04,263.71783
2017-09-05,301.8284
2017-09-06,267.88083
2017-09-07,267.29214
2017-09-08,320.40567
2017-09-09,293.86548
2017-09-10,280.002
2017-09-11,227.91339
2017-09-12,179.67021
2017-09-13,195.19664
2017-09-14,274.90906
2017-09-15,365.59235
2017-09-16,346.27783
2017-09-17,298.97778
2017-09-18,412.49957
2017-09-19,602.9272
2017-09-20,508.49564
2017-09-21,378.5764
2017-09-22,339.75888
2017-09-23,241.73528
2017-09-24,298.4894
2017-09-25,566.74536
2017-09-26,641.9005
2017-09-27,480.15506
2017-09-28,353.70737
2017-09-29,316.18164
2017-09-30,311.88837
2017-10-01,315.05978
2017-10-02,325.04767
2017-10-03,346.75754
2017-10-04,352.2982
2017-10-05,303.78064
2017-10-06,331.70935
2017-10-07,409.99396
2017-10-08,445.9131
2017-10-09,361.4214
2017-10-10,320.5934
2017-10-11,301.9686
2017-10-12,277.48962
2017-10-13,278.38327
2017-10-14,290.01083
2017-10-15,321.51172
2017-10-16,380.35196
2017-10-17,404.5549
2017-10-18,445.73947
2017-10-19,451.8775
2017-10-20,412.97153
2017-10-21,386.0919
2017-10-22,338.34567
2017-10-23,316.05905
2017-10-24,348.46558
2017-10-25,432.69864
2017-10-26,512.04535
2017-10-27,506.886
2017-10-28,399.6279
2017-10-29,327.24405
2017-10-30,380.4821
2017-10-31,531.31146
2017-11-01,655.67615
2017-11-02,599.26746
2017-11-03,417.90027
2017-11-04,457.4284
2017-11-05,500.37222
2017-11-06,414.48294
2017-11-07,393.4163
2017-11-08,447.32153
2017-11-09,531.3458
2017-11-10,483.2965
2017-11-11,403.06985
2017-11-12,418.50134
2017-11-13,489.98688
2017-11-14,566.04456
2017-11-15,640.97217
2017-11-16,663.249
2017-11-17,651.15375
2017-11-18,656.1785
2017-11-19,725.42395
2017-11-20,623.20197
2017-11-21,507.52313
2017-11-22,516.1869
2017-11-23,492.71948
2017-11-24,471.99426
2017-11-25,491.83328
2017-11-26,649.979
2017-11-27,814.73004
2017-11-28,722.3915
2017-11-29,580.01715
2017-11-30,489.96475
2017-12-01,460.486
2017-12-02,440.46768
2017-12-03,416.4248
2017-12-04,413.3999
2017-12-05,506.6
2017-12-06,507.595
2017-12-07,447.2541
2017-12-08,373.66748
2017-12-09,366.44876
2017-12-10,398.67688
2017-12-11,359.21973
2017-12-12,313.74997
2017-12-13,310.40753
2017-12-14,333.84946
2017-12-15,315.69785
2017-12-16,302.49094
2017-12-17,313.87128
2017-12-18,290.902
2017-12-19,254.71304
2017-12-20,238.1109
2017-12-21,228.67627
2017-12-22,220.56876
2017-12-23,213.04086
2017-12-24,205.9755
2017-12-25,199.41713
2017-12-26,193.13715
2017-12-27,186.4051
2017-12-28,179.52965
2017-12-29,175.61867
2017-12-30,177.28323
2017-12-31,177.64978
2018-01-01,174.03609
2018-01-02,195.2184
2018-01-03,262.55386
2018-01-04,256.83716
2018-01-05,197.48262
2018-01-06,186.46835
2018-01-07,192.64922
2018-01-08,170.96944
2018-01-09,144.30548
2018-01-10,145.81602
2018-01-11,159.86954
2018-01-12,192.7721
2018-01-13,227.6531
2018-01-14,263.557
2018-01-15,256.1688
2018-01-16,267.9049
2018-01-17,339.4922
2018-01-18,453.6178
2018-01-19,442.97278
2018-01-20,468.77475
2018-01-21,574.99774
2018-01-22,609.5081
2018-01-23,489.98572
2018-01-24,325.56125
2018-01-25,267.27957
2018-01-26,250.13078
2018-01-27,221.21362
2018-01-28,212.29025
2018-01-29,223.49736
2018-01-30,209.13303
2018-01-31,174.432
2018-02-01,161.88017
2018-02-02,156.4246
2018-02-03,151.4804
2018-02-04,146.78253
2018-02-05,142.30168
2018-02-06,137.9698
2018-02-07,133.6478
2018-02-08,129.36676
2018-02-09,125.26504
2018-02-10,121.2609
2018-02-11,117.33299
2018-02-12,113.40684
2018-02-13,109.53571
2018-02-14,105.910416
2018-02-15,102.46278
2018-02-16,99.46201
2018-02-17,96.88099
2018-02-18,96.26791
2018-02-19,98.360725
2018-02-20,96.11611
2018-02-21,90.636765
2018-02-22,86.31945
2018-02-23,86.44315
2018-02-24,82.53658
2018-02-25,76.61124
2018-02-26,72.977806
2018-02-27,70.57488
2018-02-28,68.409676
2018-03-01,66.798065
2018-03-02,77.05837
2018-03-03,90.47929
2018-03-04,111.83281
2018-03-05,101.894806
2018-03-06,99.230064
2018-03-07,111.42218
2018-03-08,99.6688
2018-03-09,127.48997
2018-03-10,161.20786
2018-03-11,123.813545
2018-03-12,81.41022
2018-03-13,58.242085
2018-03-14,51.611336
2018-03-15,48.079254
2018-03-16,46.349308
2018-03-17,47.130276
2018-03-18,48.92264
2018-03-19,53.788994
2018-03-20,81.86019
2018-03-21,89.80512
2018-03-22,158.67577
2018-03-23,259.9966
2018-03-24,276.44464
2018-03-25,277.62952
2018-03-26,286.9625
2018-03-27,234.79239
2018-03-28,142.55174
2018-03-29,136.46294
2018-03-30,271.50906
2018-03-31,480.89145
2018-04-01,832.3797
2018-04-02,930.5997
2018-04-03,851.45715
2018-04-04,689.04626
2018-04-05,625.48724
2018-04-06,733.871
2018-04-07,659.489
2018-04-08,541.4007
2018-04-09,506.5604
2018-04-10,525.72894
2018-04-11,572.9842
2018-04-12,561.8677
2018-04-13,439.5256
2018-04-14,413.01245
2018-04-15,505.87027
2018-04-16,762.3761
2018-04-17,1083.5338
2018-04-18,1107.2754
2018-04-19,1589.931
2018-04-20,2011.475
2018-04-21,1851.6707
2018-04-22,1728.133
2018-04-23,1684.937
2018-04-24,1808.817
2018-04-25,1979.1989
2018-04-26,1914.0375
2018-04-27,1666.027
2018-04-28,1537.5642
2018-04-29,1468.6289
2018-04-30,1347.9949
2018-05-01,1266.1523
2018-05-02,1257.5266
2018-05-03,1213.297
2018-05-04,1200.8558
2018-05-05,1173.4384
2018-05-06,1181.906
2018-05-07,1216.8807
2018-05-08,1263.1196
2018-05-09,1311.9158
2018-05-10,1257.3696
2018-05-11,1263.6735
2018-05-12,1333.9033
2018-05-13,1286.9476
2018-05-14,1306.7594
2018-05-15,1414.8649
2018-05-16,1409.6902
2018-05-17,1353.9198
2018-05-18,1272.2257
2018-05-19,1279.8102
2018-05-20,1406.5132
2018-05-21,1589.7991
2018-05-22,1681.1417
2018-05-23,1578.2675
2018-05-24,1516.8899
2018-05-25,1605.8326
2018-05-26,2558.906
2018-05-27,3435.318
2018-05-28,2798.0889
2018-05-29,2606.5242
2018-05-30,3657.968
2018-05-31,3634.117
2018-06-01,2740.4817
2018-06-02,2140.1614
2018-06-03,1944.904
2018-06-04,1707.3787
2018-06-05,1624.794
2018-06-06,1573.3868
2018-06-07,1445.7563
2018-06-08,1366.7758
2018-06-09,1306.9833
2018-06-10,1345.5609
2018-06-11,1757.9156
2018-06-12,1956.6387
2018-06-13,1750.5573
2018-06-14,1709.3795
2018-06-15,1789.4939
2018-06-16,1925.4169
2018-06-17,1970.7855
2018-06-18,2102.8455
2018-06-19,2085.6907
2018-06-20,1867.4651
2018-06-21,1688.7894
2018-06-22,1651.1111
2018-06-23,1579.6146
2018-06-24,1501.0273
2018-06-25,1597.4738
2018-06-26,1586.9185
2018-06-27,1505.8438
2018-06-28,1471.9534
2018-06-29,1364.1213
2018-06-30,1300.0942
2018-07-01,1996.8126
2018-07-02,2992.3489
2018-07-03,3004.043
2018-07-04,2420.4646
2018-07-05,1832.8877
2018-07-06,1650.3599
2018-07-07,1584.68
2018-07-08,1508.3779
2018-07-09,1483.2382
2018-07-10,1554.0171
2018-07-11,1561.5983
2018-07-12,1587.7115
2018-07-13,1641.6122
2018-07-14,1872.7677
2018-07-15,2153.568
2018-07-16,1921.6729
2018-07-17,1593.9443
2018-07-18,1383.4467
2018-07-19,1233.1398
2018-07-20,1128.6584
2018-07-21,1046.2166
2018-07-22,997.1912
2018-07-23,1031.3623
2018-07-24,1030.3344
2018-07-25,923.15186
2018-07-26,861.9801
2018-07-27,947.04224
2018-07-28,1108.0249
2018-07-29,1265.8228
2018-07-30,1288.887
2018-07-31,1144.7428
2018-08-01,936.3402
2018-08-02,807.1583
2018-08-03,803.2182
2018-08-04,813.3748
2018-08-05,778.7878
2018-08-06,829.3512
2018-08-07,897.7517
2018-08-08,915.7897
2018-08-09,879.2498
2018-08-10,851.90643
2018-08-11,878.8348
2018-08-12,873.44867
2018-08-13,828.1862
2018-08-14,710.3938
2018-08-15,689.9213
2018-08-16,720.1728
2018-08-17,684.5371
2018-08-18,627.60486
2018-08-19,635.38074
2018-08-20,777.3006
2018-08-21,950.2751
2018-08-22,767.7582
2018-08-23,691.7719
2018-08-24,763.9455
2018-08-25,845.61926
2018-08-26,787.4715
2018-08-27,879.6532
2018-08-28,958.77155
2018-08-29,1110.9192
2018-08-30,1244.957
2018-08-31,1144.2079
2018-09-01,967.2623
2018-09-02,844.1282
2018-09-03,786.93695
2018-09-04,756.13135
2018-09-05,812.2039
2018-09-06,868.41516
2018-09-07,816.38007
2018-09-08,741.1839
2018-09-09,710.81995
2018-09-10,672.42786
2018-09-11,626.2347
2018-09-12,588.3886
2018-09-13,561.3276
2018-09-14,596.52893
2018-09-15,691.0326
2018-09-16,680.86914
2018-09-17,578.38354
2018-09-18,502.88376
2018-09-19,469.05524
2018-09-20,475.06683
2018-09-21,470.35162
2018-09-22,470.39734
2018-09-23,525.516
2018-09-24,494.9653
2018-09-25,417.59827
2018-09-26,389.25742
2018-09-27,381.47552
2018-09-28,434.1872
2018-09-29,468.39197
2018-09-30,404.4274
2018-10-01,332.46716
2018-10-02,310.28085
2018-10-03,311.90802
2018-10-04,310.8488
2018-10-05,328.02588
2018-10-06,381.59824
2018-10-07,562.35675
2018-10-08,695.41016
2018-10-09,802.0483
2018-10-10,710.3751
2018-10-11,580.3236
2018-10-12,524.99005
2018-10-13,591.3863
2018-10-14,769.2265
2018-10-15,936.81226
2018-10-16,916.01965
2018-10-17,823.5487
2018-10-18,796.864
2018-10-19,726.0069
2018-10-20,609.2958
2018-10-21,565.6314
2018-10-22,550.78735
2018-10-23,538.4327
2018-10-24,542.3465
2018-10-25,624.8524
2018-10-26,624.21967
2018-10-27,735.5235
2018-10-28,807.3186
2018-10-29,763.30225
2018-10-30,850.03015
2018-10-31,934.721
2018-11-01,890.0986
2018-11-02,814.9423
2018-11-03,783.0398
2018-11-04,806.9142
2018-11-05,782.0924
2018-11-06,700.86255
2018-11-07,653.15894
2018-11-08,684.80194
2018-11-09,771.1869
2018-11-10,847.59937
2018-11-11,888.9716
2018-11-12,856.782
2018-11-13,894.1659
2018-11-14,886.2414
2018-11-15,811.9511
2018-11-16,728.2038
2018-11-17,682.59186
2018-11-18,718.49036
2018-11-19,777.1521
2018-11-20,759.0415
2018-11-21,795.7682
2018-11-22,934.2549
2018-11-23,1405.147
2018-11-24,1979.0376
2018-11-25,1945.3914
2018-11-26,1510.7545
2018-11-27,1252.5302
2018-11-28,1123.243
2018-11-29,998.37616
2018-11-30,906.1328
2018-12-01,881.8602
2018-12-02,836.61786
2018-12-03,759.16766
2018-12-04,672.92004
2018-12-05,613.27185
2018-12-06,572.0563
2018-12-07,536.2764
2018-12-08,504.1915
2018-12-09,476.0783
2018-12-10,455.11462
2018-12-11,444.80655
2018-12-12,436.02448
2018-12-13,427.20554
2018-12-14,432.98343
2018-12-15,465.5193
2018-12-16,455.68268
2018-12-17,418.1936
2018-12-18,375.43338
2018-12-19,337.32123
2018-12-20,327.528
2018-12-21,315.9036
2018-12-22,308.16562
2018-12-23,316.14676
2018-12-24,308.77213
2018-12-25,278.57913
2018-12-26,257.43323
2018-12-27,246.5024
2018-12-28,239.22075
2018-12-29,232.50581
2018-12-30,224.3058
2018-12-31,216.11702
2019-01-01,208.34508
2019-01-02,196.25343
2019-01-03,187.83626
2019-01-04,180.30055
2019-01-05,175.39679
2019-01-06,183.84148
2019-01-07,193.69997
2019-01-08,173.74088
2019-01-09,157.4888
2019-01-10,149.19424
2019-01-11,143.48433
2019-01-12,150.54376
2019-01-13,168.4963
2019-01-14,147.29716
2019-01-15,144.01633
2019-01-16,152.57666
2019-01-17,142.00237
2019-01-18,137.64948
2019-01-19,165.49709
2019-01-20,217.17258
2019-01-21,223.89801
2019-01-22,201.73772
2019-01-23,210.79575
2019-01-24,221.00327
2019-01-25,214.04771
2019-01-26,211.50346
2019-01-27,236.27348
2019-01-28,234.10799
2019-01-29,175.3966
2019-01-30,132.42343
2019-01-31,132.88284
2019-02-01,160.74985
2019-02-02,174.7031
2019-02-03,170.2833
2019-02-04,145.45482
2019-02-05,121.54315
2019-02-06,146.67976
2019-02-07,233.28392
2019-02-08,329.15253
2019-02-09,311.89685
2019-02-10,224.58401
2019-02-11,162.69287
2019-02-12,146.66345
2019-02-13,128.6053
2019-02-14,124.817894
2019-02-15,153.807
2019-02-16,158.31818
2019-02-17,173.8253
2019-02-18,236.46696
2019-02-19,288.14822
2019-02-20,276.33923
2019-02-21,257.32483
2019-02-22,251.07819
2019-02-23,265.71454
2019-02-24,257.77496
2019-02-25,275.00778
2019-02-26,222.5222
2019-02-27,139.97281
2019-02-28,115.62595
2019-03-01,129.25485
2019-03-02,190.11789
2019-03-03,252.99303
2019-03-04,254.37305
2019-03-05,290.05753
2019-03-06,363.26828
2019-03-07,512.5182
2019-03-08,615.0672
2019-03-09,456.3988
2019-03-10,371.92078
2019-03-11,653.3145
2019-03-12,869.45074
2019-03-13,733.27203
2019-03-14,590.45276
2019-03-15,684.6911
2019-03-16,809.29767
2019-03-17,1031.497
2019-03-18,1178.4187
2019-03-19,902.8771
2019-03-20,816.6379
2019-03-21,976.7551
2019-03-22,1184.8527
2019-03-23,1223.0046
2019-03-24,1146.9016
2019-03-25,1193.409
2019-03-26,1110.8579
2019-03-27,969.5925
2019-03-28,1001.4351
2019-03-29,1115.0214
2019-03-30,1040.2815
2019-03-31,1063.7675
2019-04-01,1155.2493
2019-04-02,1203.149
2019-04-03,1283.5105
2019-04-04,1164.6509
2019-04-05,945.52814
2019-04-06,823.43304
2019-04-07,747.0485
2019-04-08,696.1046
2019-04-09,673.62164
2019-04-10,666.724
2019-04-11,718.7517
2019-04-12,797.7822
2019-04-13,940.69745
2019-04-14,1107.1001
2019-04-15,1008.0216
2019-04-16,923.47955
2019-04-17,938.9741
2019-04-18,1014.5878
2019-04-19,959.7406
2019-04-20,944.6463
2019-04-21,960.9528
2019-04-22,1066.4669
2019-04-23,1184.8662
2019-04-24,1182.1919
2019-04-25,1257.0695
2019-04-26,1295.6156
2019-04-27,1359.2246
2019-04-28,1422.5763
2019-04-29,1333.3566
2019-04-30,1284.2192
2019-05-01,1269.5441
2019-05-02,1198.4053
2019-05-03,1227.1544
2019-05-04,1158.6028
2019-05-05,1021.47614
2019-05-06,1006.21924
2019-05-07,1020.3684
2019-05-08,1107.5199
2019-05-09,1263.975
2019-05-10,1152.848
2019-05-11,1016.4411
2019-05-12,973.93915
2019-05-13,921.83875
2019-05-14,998.09247
2019-05-15,1135.1167
2019-05-16,1687.9604
2019-05-17,3828.461
2019-05-18,4253.975
2019-05-19,2820.6636
2019-05-20,1965.5011
2019-05-21,1606.6663
2019-05-22,1609.3502
2019-05-23,1740.2021
2019-05-24,1778.1719
2019-05-25,1628.5756
2019-05-26,1492.8522
2019-05-27,1395.4648
2019-05-28,1364.3541
2019-05-29,1526.6007
2019-05-30,1673.816
2019-05-31,1454.4934
2019-06-01,1316.2596
2019-06-02,1344.7493
2019-06-03,1317.9216
2019-06-04,1245.8275
2019-06-05,1405.5103
2019-06-06,1570.3287
2019-06-07,1567.001
2019-06-08,1413.0282
2019-06-09,1365.5876
2019-06-10,1427.5304
2019-06-11,1358.2393
2019-06-12,1360.2783
2019-06-13,1728.403
2019-06-14,1692.0388
2019-06-15,1585.8018
2019-06-16,1550.5272
2019-06-17,1805.8556
2019-06-18,2328.265
2019-06-19,3048.0613
2019-06-20,3420.031
2019-06-21,2814.3284
2019-06-22,2988.6184
2019-06-23,4261.632
2019-06-24,4360.699
2019-06-25,3383.5623
2019-06-26,2302.4983
2019-06-27,1903.2692
2019-06-28,1801.0419
2019-06-29,1719.3959
2019-06-30,1553.243
2019-07-01,1478.7225
2019-07-02,1609.4797
2019-07-03,1597.4065
2019-07-04,1368.7657
2019-07-05,1241.0505
2019-07-06,1379.6799
2019-07-07,1887.65
2019-07-08,1911.361
2019-07-09,1521.6461
2019-07-10,1310.3986
2019-07-11,1164.5093
2019-07-12,1067.81
2019-07-13,1008.10333
2019-07-14,990.5779
2019-07-15,965.5571
2019-07-16,949.6851
2019-07-17,911.26294
2019-07-18,933.59546
2019-07-19,993.31866
2019-07-20,1046.1332
2019-07-21,1106.9937
2019-07-22,1057.8097
2019-07-23,994.73865
2019-07-24,894.34045
2019-07-25,816.8137
2019-07-26,854.76324
2019-07-27,1117.8196
2019-07-28,1534.9767
2019-07-29,1992.2184
2019-07-30,1644.6841
2019-07-31,1271.3567
2019-08-01,1162.9319
2019-08-02,1159.061
2019-08-03,1118.1416
2019-08-04,1105.1143
2019-08-05,1188.6926
2019-08-06,1134.6278
2019-08-07,1000.67865
2019-08-08,855.7423
2019-08-09,772.5615
2019-08-10,731.0846
2019-08-11,741.9884
2019-08-12,813.7973
2019-08-13,917.1963
2019-08-14,1118.1633
2019-08-15,1339.9475
2019-08-16,1498.0924
2019-08-17,1350.8473
2019-08-18,1061.0424
2019-08-19,909.40283
2019-08-20,853.3563
2019-08-21,814.48456
2019-08-22,776.5442
2019-08-23,745.244
2019-08-24,751.58167
2019-08-25,742.4137
2019-08-26,690.4709
2019-08-27,704.17065
2019-08-28,755.85565
2019-08-29,751.92834
2019-08-30,732.1947
2019-08-31,655.20483
2019-09-01,565.51074
2019-09-02,497.695
2019-09-03,454.45233
2019-09-04,450.1127
2019-09-05,475.69247
2019-09-06,442.2309
2019-09-07,404.46097
2019-09-08,388.7367
2019-09-09,365.9001
2019-09-10,344.03113
2019-09-11,332.8789
2019-09-12,333.41266
2019-09-13,346.42084
2019-09-14,402.84375
2019-09-15,433.9691
2019-09-16,396.61685
2019-09-17,359.4826
2019-09-18,292.04752
2019-09-19,260.54797
2019-09-20,246.77132
2019-09-21,232.7738
2019-09-22,226.03017
2019-09-23,221.18909
2019-09-24,218.74545
2019-09-25,221.4958
2019-09-26,221.53078
2019-09-27,226.01334
2019-09-28,253.85054
2019-09-29,246.85338
2019-09-30,251.42311
2019-10-01,235.55127
2019-10-02,234.93471
2019-10-03,281.0674
2019-10-04,322.53107
2019-10-05,305.61063
2019-10-06,269.12656
2019-10-07,278.67883
2019-10-08,337.04108
2019-10-09,347.29404
2019-10-10,324.25494
2019-10-11,281.98914
2019-10-12,302.11243
2019-10-13,307.73663
2019-10-14,293.11914
2019-10-15,295.5197
2019-10-16,308.2184
2019-10-17,282.2495
2019-10-18,266.83868
2019-10-19,279.2318
2019-10-20,333.2809
2019-10-21,403.08618
2019-10-22,407.64996
2019-10-23,294.65015
2019-10-24,289.00616
2019-10-25,396.74146
2019-10-26,460.5307
2019-10-27,388.33075
2019-10-28,489.56433
2019-10-29,524.5058
2019-10-30,372.29785
2019-10-31,297.57745
2019-11-01,261.3773
2019-11-02,312.67853
2019-11-03,514.58075
2019-11-04,627.33997
2019-11-05,486.21674
2019-11-06,462.69183
2019-11-07,478.4605
2019-11-08,493.58035
2019-11-09,521.7938
2019-11-10,648.5387
2019-11-11,674.02936
2019-11-12,705.78546
2019-11-13,810.42084
2019-11-14,951.9829
2019-11-15,1093.9064
2019-11-16,1126.4348
2019-11-17,1011.8458
2019-11-18,940.98315
2019-11-19,908.5379
2019-11-20,1012.6704
2019-11-21,1052.9193
2019-11-22,933.28455
2019-11-23,801.8916
2019-11-24,731.30365
2019-11-25,718.13275
2019-11-26,777.16785
2019-11-27,888.04675
2019-11-28,871.857
2019-11-29,791.7219
2019-11-30,655.6314
2019-12-01,607.86334
2019-12-02,662.78314
2019-12-03,700.3562
2019-12-04,639.3492
2019-12-05,631.5107
2019-12-06,674.35535
2019-12-07,578.95685
2019-12-08,527.3853
2019-12-09,487.33066
2019-12-10,451.2139
2019-12-11,429.79034
2019-12-12,406.9712
2019-12-13,388.72433
2019-12-14,396.98013
2019-12-15,406.27136
2019-12-16,411.29077
2019-12-17,427.89783
2019-12-18,445.21393
2019-12-19,459.86224
2019-12-20,534.1279
2019-12-21,640.7362
2019-12-22,667.5988
2019-12-23,790.60394
2019-12-24,947.24963
2019-12-25,1017.1245
2019-12-26,946.9301
2019-12-27,882.2865
2019-12-28,947.5957
2019-12-29,956.80286
2019-12-30,941.3965
2019-12-31,936.64166
2020-01-01,907.2672
2020-01-02,795.91486
2020-01-03,704.15436
2020-01-04,665.0509
2020-01-05,621.62415
2020-01-06,577.6457
2020-01-07,539.1518
2020-01-08,504.1677
2020-01-09,472.07062
2020-01-10,442.8607
2020-01-11,416.35452
2020-01-12,392.66003
2020-01-13,371.74768
2020-01-14,352.61493
2020-01-15,334.29153
2020-01-16,317.01837
2020-01-17,302.49997
2020-01-18,295.14572
2020-01-19,302.3529
2020-01-20,298.6845
2020-01-21,293.1068
2020-01-22,336.69995
2020-01-23,332.52548
2020-01-24,266.3854
2020-01-25,233.35674
2020-01-26,226.97008
2020-01-27,219.25323
2020-01-28,201.5446
2020-01-29,190.21718
2020-01-30,182.36377
2020-01-31,181.43106
2020-02-01,187.9853
2020-02-02,221.36073
2020-02-03,245.7552
2020-02-04,213.4654
2020-02-05,180.12717
2020-02-06,149.06126
2020-02-07,137.6651
2020-02-08,131.3188
2020-02-09,125.9472
2020-02-10,121.11087
2020-02-11,116.4473
2020-02-12,111.989815
2020-02-13,107.87366
2020-02-14,104.19639
2020-02-15,101.365456
2020-02-16,97.87577
2020-02-17,93.89787
2020-02-18,90.41539
2020-02-19,95.240204
2020-02-20,106.01966
2020-02-21,93.22473
2020-02-22,84.86055
2020-02-23,110.82793
2020-02-24,207.99707
2020-02-25,269.03174
2020-02-26,239.0341
2020-02-27,184.43568
2020-02-28,146.98149
2020-02-29,103.64189
2020-03-01,110.490715
2020-03-02,154.8487
2020-03-03,156.11967
2020-03-04,121.342094
2020-03-05,97.915
2020-03-06,98.803696
2020-03-07,100.048096
2020-03-08,98.56841
2020-03-09,93.74305
2020-03-10,92.53398
2020-03-11,105.68543
2020-03-12,195.21439
2020-03-13,361.76752
2020-03-14,493.06177
2020-03-15,701.75726
2020-03-16,765.1458
2020-03-17,529.4612
2020-03-18,365.734
2020-03-19,247.6425
2020-03-20,138.27489
2020-03-21,94.08541
2020-03-22,81.68377
2020-03-23,78.48798
2020-03-24,78.437004
2020-03-25,79.947556
2020-03-26,88.89742
2020-03-27,120.80879
2020-03-28,103.28219
2020-03-29,76.282265
2020-03-30,70.43066
2020-03-31,76.64052
2020-04-01,83.45724
2020-04-02,111.075096
2020-04-03,125.3488
2020-04-04,107.42626
2020-04-05,164.65057
2020-04-06,342.24017
2020-04-07,407.86636
2020-04-08,497.5929
2020-04-09,512.4976
2020-04-10,503.79395
2020-04-11,394.167
2020-04-12,310.90234
2020-04-13,259.46484
2020-04-14,254.9601
2020-04-15,209.67773
2020-04-16,143.3612
2020-04-17,114.80407
2020-04-18,108.009895
2020-04-19,110.50032
2020-04-20,138.7379
2020-04-21,154.23781
2020-04-22,144.35226
2020-04-23,124.127304
2020-04-24,103.05073
2020-04-25,104.62204
2020-04-26,100.44845
2020-04-27,93.114334
2020-04-28,99.42305
2020-04-29,121.09552
2020-04-30,161.57603
2020-05-01,200.37997
2020-05-02,255.24164
2020-05-03,338.74774
2020-05-04,397.17136
2020-05-05,338.80017
2020-05-06,385.4249
2020-05-07,386.23605
2020-05-08,411.57492
2020-05-09,628.8734
2020-05-10,1068.0311
2020-05-11,1217.7007
2020-05-12,1200.953
2020-05-13,937.90735
2020-05-14,785.52686
2020-05-15,696.7334
2020-05-16,766.8086
2020-05-17,1514.5981
2020-05-18,2279.0227
2020-05-19,1861.277
2020-05-20,1328.0468
2020-05-21,1096.9906
2020-05-22,998.758
2020-05-23,955.46655
2020-05-24,1003.347
2020-05-25,946.44855
2020-05-26,865.88635
2020-05-27,916.7206
2020-05-28,822.7154
2020-05-29,813.7866
2020-05-30,898.63696
2020-05-31,1078.2119
2020-06-01,1249.5061
2020-06-02,1427.369
2020-06-03,1228.1594
2020-06-04,1086.1809
2020-06-05,1140.8391
2020-06-06,1267.3674
2020-06-07,1746.6204
2020-06-08,1782.615
2020-06-09,1640.0626
2020-06-10,1430.9767
2020-06-11,1241.506
2020-06-12,1162.6259
2020-06-13,1124.7682
2020-06-14,1180.3647
2020-06-15,1691.2214
2020-06-16,3171.554
2020-06-17,4414.286
2020-06-18,3360.5496
2020-06-19,2115.3796
2020-06-20,1753.3673
2020-06-21,1636.5295
2020-06-22,1647.4415
2020-06-23,1829.1882
2020-06-24,1888.6136
2020-06-25,1782.4119
2020-06-26,1610.9609
2020-06-27,1568.04
2020-06-28,1610.7574
2020-06-29,1634.7683
2020-06-30,1768.2495
2020-07-01,1725.2013
2020-07-02,1606.1548
2020-07-03,1610.0159
2020-07-04,1692.5442
2020-07-05,1723.054
2020-07-06,1700.9613
2020-07-07,1783.8367
2020-07-08,1726.2281
2020-07-09,1598.3917
2020-07-10,1547.1373
2020-07-11,1618.5233
2020-07-12,1697.1007
2020-07-13,1711.559
2020-07-14,1645.8784
2020-07-15,1577.89
2020-07-16,1511.1985
2020-07-17,1604.1437
2020-07-18,1547.3986
2020-07-19,1474.75
2020-07-20,1373.0375
2020-07-21,1197.7653
2020-07-22,1107.5961
2020-07-23,1053.6755
2020-07-24,1030.7124
2020-07-25,962.404
2020-07-26,904.3286
2020-07-27,885.54443
2020-07-28,806.6719
2020-07-29,798.7185
2020-07-30,898.0408
2020-07-31,857.8889
2020-08-01,822.258
2020-08-02,745.9355
2020-08-03,670.6782
2020-08-04,626.55457
2020-08-05,607.6977
2020-08-06,595.06616
2020-08-07,592.8123
2020-08-08,530.8062
2020-08-09,499.8985
2020-08-10,491.5547
2020-08-11,487.8667
2020-08-12,471.93164
2020-08-13,516.22015
2020-08-14,602.1426
2020-08-15,641.3345
2020-08-16,640.07135
2020-08-17,593.7003
2020-08-18,670.80383
2020-08-19,619.7486
2020-08-20,526.32654
2020-08-21,507.30176
2020-08-22,546.734
2020-08-23,587.3528
2020-08-24,547.05273
2020-08-25,486.9873
2020-08-26,449.9035
2020-08-27,428.7706
2020-08-28,442.59265
2020-08-29,430.25983
2020-08-30,412.55466
2020-08-31,435.6827
2020-09-01,446.7757
2020-09-02,460.9191
2020-09-03,473.56842
2020-09-04,464.02304
2020-09-05,471.59985
2020-09-06,453.47165
2020-09-07,435.97437
2020-09-08,408.1743
2020-09-09,331.2973
2020-09-10,312.04602
2020-09-11,317.46533
2020-09-12,290.827
2020-09-13,300.02728
2020-09-14,405.98932
2020-09-15,421.56833
2020-09-16,391.68234
2020-09-17,393.40384
2020-09-18,388.30698
2020-09-19,337.7821
2020-09-20,389.93906
2020-09-21,493.28445
2020-09-22,434.20984
2020-09-23,348.13702
2020-09-24,377.94705
2020-09-25,459.65466
2020-09-26,470.88864
2020-09-27,364.21924
2020-09-28,260.38815
2020-09-29,253.4493
2020-09-30,338.30338
2020-10-01,359.5123
2020-10-02,329.11224
2020-10-03,275.3903
2020-10-04,275.54608
2020-10-05,349.5209
2020-10-06,530.8215
2020-10-07,544.9889
2020-10-08,398.81775
2020-10-09,463.17276
2020-10-10,621.3376
2020-10-11,543.56323
2020-10-12,314.1144
2020-10-13,294.59018
2020-10-14,411.31543
2020-10-15,433.7114
2020-10-16,341.4352
2020-10-17,342.2018
2020-10-18,415.8765
2020-10-19,379.83997
2020-10-20,280.72314
2020-10-21,305.25272
2020-10-22,502.85986
2020-10-23,558.1476
2020-10-24,389.13077
2020-10-25,288.64114
2020-10-26,249.55
2020-10-27,233.13548
2020-10-28,225.17375
2020-10-29,219.80692
2020-10-30,213.6372
2020-10-31,292.84174
2020-11-01,347.9249
2020-11-02,344.43503
2020-11-03,330.81842
2020-11-04,446.34772
2020-11-05,507.24286
2020-11-06,385.61508
2020-11-07,323.4772
2020-11-08,356.04453
2020-11-09,363.6248
2020-11-10,341.04355
2020-11-11,307.13315
2020-11-12,399.4246
2020-11-13,490.03806
2020-11-14,415.70877
2020-11-15,366.23407
2020-11-16,490.11603
2020-11-17,595.962
2020-11-18,653.6681
2020-11-19,636.79944
2020-11-20,499.02615
2020-11-21,427.2771
2020-11-22,434.28198
2020-11-23,483.86737
2020-11-24,548.6943
2020-11-25,515.686
2020-11-26,453.42096
2020-11-27,425.48172
2020-11-28,554.1135
2020-11-29,691.79926
2020-11-30,605.52594
2020-12-01,653.8592
2020-12-02,723.15826
2020-12-03,750.19196
2020-12-04,761.6124
2020-12-05,704.4534
2020-12-06,663.2159
2020-12-07,631.48865
2020-12-08,674.4458
2020-12-09,823.78577
2020-12-10,1056.9364
2020-12-11,1352.4103
2020-12-12,1298.0403
2020-12-13,870.9619
2020-12-14,694.89343
2020-12-15,643.9948
2020-12-16,640.9845
2020-12-17,710.1838
2020-12-18,819.9918
2020-12-19,881.196
2020-12-20,910.9666
2020-12-21,838.6288
2020-12-22,695.5969
2020-12-23,637.1409
2020-12-24,656.93774
2020-12-25,639.68884
2020-12-26,574.7867
2020-12-27,521.59314
2020-12-28,499.94955
2020-12-29,474.8554
2020-12-30,450.25024
2020-12-31,436.51102
2021-01-01,456.8358
2021-01-02,503.58173
2021-01-03,497.8517
2021-01-04,485.6868
2021-01-05,482.43976
2021-01-06,408.58176
2021-01-07,351.18796
2021-01-08,328.40665
2021-01-09,378.05832
2021-01-10,411.8439
2021-01-11,420.33258
2021-01-12,432.4361
2021-01-13,408.1475
2021-01-14,346.76178
2021-01-15,317.12863
2021-01-16,294.16846
2021-01-17,266.81223
2021-01-18,252.0894
2021-01-19,241.96057
2021-01-20,232.33841
2021-01-21,227.71701
2021-01-22,227.30373
2021-01-23,227.58597
2021-01-24,286.73798
2021-01-25,381.43527
2021-01-26,379.56598
2021-01-27,312.0432
2021-01-28,248.15102
2021-01-29,195.96173
2021-01-30,174.41707
2021-01-31,163.13304
2021-02-01,159.55443
2021-02-02,154.29575
2021-02-03,150.66751
2021-02-04,151.00189
2021-02-05,152.19252
2021-02-06,146.46175
2021-02-07,161.1056
2021-02-08,207.44016
2021-02-09,185.3956
2021-02-10,137.02019
2021-02-11,122.288124
2021-02-12,116.1412
2021-02-13,111.82131
2021-02-14,108.2995
2021-02-15,107.35184
2021-02-16,105.11321
2021-02-17,99.43246
2021-02-18,95.68771
2021-02-19,92.169754
2021-02-20,88.6413
2021-02-21,85.4491
2021-02-22,82.69183
2021-02-23,82.8213
2021-02-24,91.84577
2021-02-25,121.96696
2021-02-26,119.48635
2021-02-27,118.57997
2021-02-28,130.22813
2021-03-01,121.44226
2021-03-02,91.23404
2021-03-03,71.541985
2021-03-04,67.774864
2021-03-05,67.876526
2021-03-06,87.00015
2021-03-07,172.4722
2021-03-08,298.10065
2021-03-09,303.88937
2021-03-10,295.57748
2021-03-11,352.32693
2021-03-12,468.45065
2021-03-13,403.77917
2021-03-14,373.5359
2021-03-15,350.45947
2021-03-16,303.16425
2021-03-17,321.78513
2021-03-18,313.66287
2021-03-19,318.8675
2021-03-20,242.89503
2021-03-21,162.54869
2021-03-22,165.15073
2021-03-23,225.69125
2021-03-24,251.30058
2021-03-25,237.01082
2021-03-26,347.73657
2021-03-27,570.6333
2021-03-28,672.0717
2021-03-29,586.5987
2021-03-30,416.3624
2021-03-31,535.05035
2021-04-01,616.43787
2021-04-02,668.9253
2021-04-03,733.0881
2021-04-04,889.4981
2021-04-05,919.9135
2021-04-06,941.83026
2021-04-07,874.9491
2021-04-08,809.5522
2021-04-09,636.5937
2021-04-10,557.8263
2021-04-11,600.0024
2021-04-12,763.10077
2021-04-13,863.5157
2021-04-14,831.01105
2021-04-15,749.7118
2021-04-16,671.7974
2021-04-17,724.0242
2021-04-18,994.5473
2021-04-19,1060.4602
2021-04-20,944.4605
2021-04-21,827.31323
2021-04-22,717.86523
2021-04-23,656.0849
2021-04-24,621.709
2021-04-25,599.5047
2021-04-26,614.48413
2021-04-27,852.6449
2021-04-28,1296.9956
2021-04-29,1558.373
2021-04-30,1645.4434
2021-05-01,1776.2793
2021-05-02,1837.09
2021-05-03,1732.4084
2021-05-04,1662.982
2021-05-05,1711.8269
2021-05-06,1832.8309
2021-05-07,1956.2391
2021-05-08,2071.659
2021-05-09,2263.9343
2021-05-10,2601.2615
2021-05-11,2340.0376
2021-05-12,1905.8182
2021-05-13,1723.3704
2021-05-14,1741.6699
2021-05-15,1707.2856
2021-05-16,1656.4469
2021-05-17,1643.0918
2021-05-18,1601.8549
2021-05-19,1891.8655
2021-05-20,2138.2173
2021-05-21,1669.22
2021-05-22,1469.7751
2021-05-23,1478.7339
2021-05-24,1594.2966
2021-05-25,1703.9825
2021-05-26,1873.6417
2021-05-27,2431.9448
2021-05-28,2354.2908
2021-05-29,2122.8596
2021-05-30,1859.0369
2021-05-31,1613.6787
2021-06-01,1527.3302
2021-06-02,1384.8665
2021-06-03,1276.9187
2021-06-04,1309.0466
2021-06-05,1641.8258
2021-06-06,2032.4457
2021-06-07,1946.3395
2021-06-08,1687.2085
2021-06-09,1847.8636
2021-06-10,2068.4473
2021-06-11,2114.0146
2021-06-12,1986.6401
2021-06-13,1851.1173
2021-06-14,1811.754
2021-06-15,2571.3782
2021-06-16,3773.5815
2021-06-17,3776.568
2021-06-18,2863.385
2021-06-19,2341.5457
2021-06-20,2118.415
2021-06-21,1930.6366
2021-06-22,1780.379
2021-06-23,1613.2457
2021-06-24,1567.9299
2021-06-25,1573.6678
2021-06-26,1446.2628
2021-06-27,1316.7634
2021-06-28,1251.7256
2021-06-29,1187.6282
2021-06-30,1375.7487
2021-07-01,1464.3535
2021-07-02,1442.0698
2021-07-03,1455.5474
2021-07-04,1330.2461
2021-07-05,1120.7042
2021-07-06,982.7942
2021-07-07,900.9797
2021-07-08,849.0487
2021-07-09,1545.2703
2021-07-10,3174.7598
2021-07-11,3314.7075
2021-07-12,2204.8572
2021-07-13,1331.8796
2021-07-14,1196.1481
2021-07-15,1128.8965
2021-07-16,983.52563
2021-07-17,920.6482
2021-07-18,1023.5157
2021-07-19,1352.3845
2021-07-20,1534.6638
2021-07-21,1472.5853
2021-07-22,1482.5822
2021-07-23,1439.3976
2021-07-24,1321.2933
2021-07-25,1237.431
2021-07-26,1195.0693
2021-07-27,1158.1364
2021-07-28,1128.5916
2021-07-29,1056.9619
2021-07-30,1044.8251
2021-07-31,1197.1378
2021-08-01,1223.8058
2021-08-02,1235.2382
2021-08-03,1473.9547
2021-08-04,1339.7502
2021-08-05,965.4611
2021-08-06,788.0846
2021-08-07,718.0335
2021-08-08,674.01886
2021-08-09,649.385
2021-08-10,661.781
2021-08-11,782.50543
2021-08-12,888.70294
2021-08-13,743.2377
2021-08-14,589.33
2021-08-15,594.46106
2021-08-16,615.8327
2021-08-17,653.5802
2021-08-18,694.9874
2021-08-19,736.9683
2021-08-20,625.8843
2021-08-21,545.98804
2021-08-22,617.2348
2021-08-23,639.029
2021-08-24,553.9764
2021-08-25,483.2727
2021-08-26,452.5188
2021-08-27,451.63785
2021-08-28,507.70084
2021-08-29,537.41724
2021-08-30,547.6574
2021-08-31,711.5235
2021-09-01,879.48975
2021-09-02,1138.842
2021-09-03,925.67664
2021-09-04,681.8214
2021-09-05,572.5859
2021-09-06,541.91455
2021-09-07,664.0187
2021-09-08,808.3513
2021-09-09,851.9502
2021-09-10,665.19244
2021-09-11,573.3979
2021-09-12,576.5667
2021-09-13,727.8808
2021-09-14,766.3073
2021-09-15,782.0451
2021-09-16,830.18915
2021-09-17,757.6914
2021-09-18,663.0841
2021-09-19,600.7532
2021-09-20,545.3473
2021-09-21,559.39606
2021-09-22,682.2749
2021-09-23,752.02875
2021-09-24,732.7483
2021-09-25,698.74615
2021-09-26,701.2283
2021-09-27,690.7321
2021-09-28,579.8531
2021-09-29,592.4894
2021-09-30,630.8112
2021-10-01,618.4019
2021-10-02,593.6028
2021-10-03,538.5981
2021-10-04,481.34256
2021-10-05,486.71017
2021-10-06,536.42725
2021-10-07,618.5254
2021-10-08,624.5414
2021-10-09,672.55164
2021-10-10,600.7579
2021-10-11,617.72095
2021-10-12,738.992
2021-10-13,687.7498
2021-10-14,612.2216
2021-10-15,534.9067
2021-10-16,492.81674
2021-10-17,548.99554
2021-10-18,649.5999
2021-10-19,602.2764
2021-10-20,533.0333
2021-10-21,613.198
2021-10-22,635.7812
2021-10-23,618.74927
2021-10-24,618.14417
2021-10-25,540.52563
2021-10-26,494.60364
2021-10-27,563.93243
2021-10-28,671.9351
2021-10-29,733.53186
2021-10-30,847.0711
2021-10-31,1080.1737
2021-11-01,1101.7623
2021-11-02,1019.49316
2021-11-03,897.5204
2021-11-04,822.9392
2021-11-05,868.7376
2021-11-06,871.1931
2021-11-07,740.81287
2021-11-08,662.17194
2021-11-09,631.7196
2021-11-10,605.1818
2021-11-11,576.4463
2021-11-12,546.1834
2021-11-13,516.83307
2021-11-14,490.65283
2021-11-15,466.2392
2021-11-16,442.1658
2021-11-17,419.29224
2021-11-18,397.56094
2021-11-19,376.9297
2021-11-20,358.05612
2021-11-21,341.35068
2021-11-22,326.34763
2021-11-23,320.5398
2021-11-24,321.6575
2021-11-25,326.9005
2021-11-26,350.25534
2021-11-27,350.50378
2021-11-28,304.38953
2021-11-29,291.11832
2021-11-30,361.69357
2021-12-01,391.6648
2021-12-02,402.2433
2021-12-03,320.5728
2021-12-04,254.76837
2021-12-05,232.23259
2021-12-06,217.63603
2021-12-07,231.4252
2021-12-08,265.6166
2021-12-09,235.88666
2021-12-10,201.02428
2021-12-11,188.26863
2021-12-12,181.07858
2021-12-13,175.05435
2021-12-14,169.45325
2021-12-15,164.84102
2021-12-16,163.35168
2021-12-17,190.99194
2021-12-18,278.82153
2021-12-19,321.58725
2021-12-20,214.03075
2021-12-21,184.09567
2021-12-22,167.43625
2021-12-23,142.72508
2021-12-24,149.95291
2021-12-25,171.56734
2021-12-26,147.24019
2021-12-27,128.11761
2021-12-28,122.206276
2021-12-29,116.4871
2021-12-30,112.68177
2021-12-31,109.40872
2022-01-01,107.72634
2022-01-02,104.27261
2022-01-03,100.79859
2022-01-04,97.46522
2022-01-05,94.402664
2022-01-06,91.44244
2022-01-07,88.60506
2022-01-08,85.93594
2022-01-09,83.403
2022-01-10,80.9478
2022-01-11,78.50076
2022-01-12,76.14
2022-01-13,73.88783
2022-01-14,71.797104
2022-01-15,70.1332
2022-01-16,71.11886
2022-01-17,74.01837
2022-01-18,72.87899
2022-01-19,71.06609
2022-01-20,66.89044
2022-01-21,64.7087
2022-01-22,63.13386
2022-01-23,67.155914
2022-01-24,72.03804
2022-01-25,59.995636
2022-01-26,56.95225
2022-01-27,55.29909
2022-01-28,54.512447
2022-01-29,53.542007
2022-01-30,51.026825
2022-01-31,49.123295
2022-02-01,48.253006
2022-02-02,46.58478
2022-02-03,45.104527
2022-02-04,43.86489
2022-02-05,43.701965
2022-02-06,46.151936
2022-02-07,49.41237
2022-02-08,55.904408
2022-02-09,76.02936
2022-02-10,103.19241
2022-02-11,101.45087
2022-02-12,73.89829
2022-02-13,50.3775
2022-02-14,41.772556
2022-02-15,44.978893
2022-02-16,42.34134
2022-02-17,36.60293
2022-02-18,34.371025
2022-02-19,33.393646
2022-02-20,32.44773
2022-02-21,31.607399
2022-02-22,30.867758
2022-02-23,30.776005
2022-02-24,33.34806
2022-02-25,48.04801
2022-02-26,81.7296
2022-02-27,233.60622
2022-02-28,524.86017
2022-03-01,596.3821
2022-03-02,534.6964
2022-03-03,373.2934
2022-03-04,404.8821
2022-03-05,400.15976
2022-03-06,298.7471
2022-03-07,207.59334
2022-03-08,116.92283
2022-03-09,62.23766
2022-03-10,44.904884
2022-03-11,52.422817
2022-03-12,80.82409
2022-03-13,177.23991
2022-03-14,359.02206
2022-03-15,476.4212
2022-03-16,441.48462
2022-03-17,327.81195
2022-03-18,229.29457
2022-03-19,245.9495
2022-03-20,332.89273
2022-03-21,314.87445
2022-03-22,360.6576
2022-03-23,388.47305
2022-03-24,382.60162
2022-03-25,376.58292
2022-03-26,443.4758
2022-03-27,454.8098
2022-03-28,463.03622
2022-03-29,453.46783
2022-03-30,451.71667
2022-03-31,425.1888
2022-04-01,383.22522
2022-04-02,314.4705
2022-04-03,279.93716
2022-04-04,289.15085
2022-04-05,374.2593
2022-04-06,490.6598
2022-04-07,468.2472
2022-04-08,483.54648
2022-04-09,493.22446
2022-04-10,610.4557
2022-04-11,985.0032
2022-04-12,1357.1321
2022-04-13,1186.1487
2022-04-14,754.83185
2022-04-15,628.64325
2022-04-16,636.20605
2022-04-17,722.43085
2022-04-18,873.82684
2022-04-19,1073.6726
2022-04-20,1217.9318
2022-04-21,1151.462
2022-04-22,1022.0485
2022-04-23,924.88245
2022-04-24,892.50714
2022-04-25,1101.3888
2022-04-26,1485.4727
2022-04-27,1625.9884
2022-04-28,1569.6956
2022-04-29,1501.3369
2022-04-30,1507.728
2022-05-01,1457.2042
2022-05-02,1368.2915
2022-05-03,1309.9108
2022-05-04,1233.4882
2022-05-05,1223.1285
2022-05-06,1310.3928
2022-05-07,1260.0896
2022-05-08,1159.0956
2022-05-09,1057.8263
2022-05-10,1026.1737
2022-05-11,1111.823
2022-05-12,1277.8142
2022-05-13,1417.1715
2022-05-14,1545.1285
2022-05-15,1575.9445
2022-05-16,1456.549
2022-05-17,1511.0422
2022-05-18,2070.0017
2022-05-19,2456.5002
2022-05-20,2402.6047
2022-05-21,2568.7217
2022-05-22,2302.6143
2022-05-23,1852.9711
2022-05-24,1579.9374
2022-05-25,1406.803
2022-05-26,1350.4956
2022-05-27,1310.15
2022-05-28,1260.0048
2022-05-29,1299.3905
2022-05-30,1203.8944
2022-05-31,1137.6693
2022-06-01,65.38547
2022-06-02,299.84995
2022-06-03,574.0929
2022-06-04,802.4071
2022-06-05,912.1884
2022-06-06,942.8586
2022-06-07,1003.6674
2022-06-08,975.2506
2022-06-09,921.86365
2022-06-10,986.44135
2022-06-11,1056.3468
2022-06-12,1127.023
2022-06-13,1234.0352
2022-06-14,1390.5155
2022-06-15,1623.4149
2022-06-16,1566.634
2022-06-17,1336.6908
2022-06-18,1193.8215
2022-06-19,1272.3743
2022-06-20,1360.6918
2022-06-21,1322.5156
2022-06-22,1334.1129
2022-06-23,1325.9221
2022-06-24,1276.6049
2022-06-25,1467.1084
2022-06-26,1760.2429
2022-06-27,1759.3927
2022-06-28,1660.5405
2022-06-29,1607.5911
2022-06-30,1597.0504
2022-07-01,112.00452
2022-07-02,481.0396
2022-07-03,841.5485
2022-07-04,1200.3351
2022-07-05,1545.139
2022-07-06,1453.8043
2022-07-07,1156.2107
2022-07-08,1061.5896
2022-07-09,1179.3014
2022-07-10,1233.5775
2022-07-11,1093.0923
2022-07-12,968.97797
2022-07-13,907.7404
2022-07-14,881.42365
2022-07-15,972.145
2022-07-16,971.2275
2022-07-17,925.1123
2022-07-18,871.57874
2022-07-19,908.5258
2022-07-20,1042.7983
2022-07-21,1155.7668
2022-07-22,1170.5988
2022-07-23,1064.2108
2022-07-24,945.9069
2022-07-25,1009.1356
2022-07-26,1037.9503
2022-07-27,1586.5557
2022-07-28,3053.1958
2022-07-29,3499.5203
2022-07-30,2962.1172
2022-07-31,2215.4126
2022-08-01,79.27783
2022-08-02,437.11133
2022-08-03,917.13226
2022-08-04,1181.1075
2022-08-05,1245.6499
2022-08-06,1295.9346
2022-08-07,1155.4608
2022-08-08,978.2594
2022-08-09,907.3285
2022-08-10,912.73
2022-08-11,908.66943
2022-08-12,846.2361
2022-08-13,760.58044
2022-08-14,738.9644
2022-08-15,752.25916
2022-08-16,736.63495
2022-08-17,679.14136
2022-08-18,581.60455
2022-08-19,540.69037
2022-08-20,545.9308
2022-08-21,554.37036
2022-08-22,563.5169
2022-08-23,628.36487
2022-08-24,565.72864
2022-08-25,454.71115
2022-08-26,405.11972
2022-08-27,388.86365
2022-08-28,380.3974
2022-08-29,400.68637
2022-08-30,420.57776
2022-08-31,423.09125
2022-09-01,19.000471
2022-09-02,104.47478
2022-09-03,295.0087
2022-09-04,502.1224
2022-09-05,464.34918
2022-09-06,382.57556
2022-09-07,354.3395
2022-09-08,323.69763
2022-09-09,286.9743
2022-09-10,266.1769
2022-09-11,261.75485
2022-09-12,257.19543
2022-09-13,248.3442
2022-09-14,242.57898
2022-09-15,240.51749
2022-09-16,267.15442
2022-09-17,346.52087
2022-09-18,751.6912
2022-09-19,1022.16895
2022-09-20,609.25476
2022-09-21,346.14337
2022-09-22,250.21832
2022-09-23,216.61867
2022-09-24,207.47198
2022-09-25,230.36002
2022-09-26,262.8677
2022-09-27,250.3622
2022-09-28,216.74059
2022-09-29,231.35037
2022-09-30,260.33023
2022-10-01,13.958993
2022-10-02,132.53618
2022-10-03,484.1236
2022-10-04,698.93787
2022-10-05,440.7286
2022-10-06,299.9442
2022-10-07,351.6523
2022-10-08,468.5544
2022-10-09,770.9384
2022-10-10,1222.6172
2022-10-11,1242.1521
2022-10-12,772.3104
2022-10-13,478.59088
2022-10-14,387.01385
2022-10-15,396.91174
2022-10-16,446.75214
2022-10-17,531.94434
2022-10-18,599.7221
2022-10-19,574.5445
2022-10-20,619.1979
2022-10-21,557.4678
2022-10-22,528.6524
2022-10-23,603.673
2022-10-24,866.7873
2022-10-25,865.9525
2022-10-26,720.8054
2022-10-27,686.29675
2022-10-28,730.1016
2022-10-29,704.53375
2022-10-30,620.5102
2022-10-31,554.39526
2022-11-01,24.269646
2022-11-02,112.9074
2022-11-03,289.10925
2022-11-04,571.4226
2022-11-05,716.93274
2022-11-06,762.7401
2022-11-07,656.669
2022-11-08,552.37683
2022-11-09,526.3299
2022-11-10,509.72052
2022-11-11,474.50616
2022-11-12,453.0785
2022-11-13,440.73398
2022-11-14,409.41296
2022-11-15,388.66898
2022-11-16,399.11777
2022-11-17,430.59805
2022-11-18,466.7261
2022-11-19,510.1992
2022-11-20,470.56683
2022-11-21,388.20816
2022-11-22,338.5724
2022-11-23,313.58975
2022-11-24,294.43192
2022-11-25,306.57004
2022-11-26,358.485
2022-11-27,417.89886
2022-11-28,383.82156
2022-11-29,338.4448
2022-11-30,295.2742
2022-12-01,11.748328
2022-12-02,61.84622
2022-12-03,130.35063
2022-12-04,184.66933
2022-12-05,205.43219
2022-12-06,206.82613
2022-12-07,201.50087
2022-12-08,194.97423
2022-12-09,188.5587
2022-12-10,182.81142
2022-12-11,195.36028
2022-12-12,194.81076
2022-12-13,189.03665
2022-12-14,189.6215
2022-12-15,171.48378
2022-12-16,158.66852
2022-12-17,149.43694
2022-12-18,143.53923
2022-12-19,138.26726
2022-12-20,133.14565
2022-12-21,128.60077
2022-12-22,124.409615
2022-12-23,120.47321
2022-12-24,116.53339
2022-12-25,112.47135
2022-12-26,108.69944
2022-12-27,104.99122
2022-12-28,101.5066
2022-12-29,98.27954
2022-12-30,95.1777
2022-12-31,92.27662
2023-01-01,5.951284
2023-01-02,29.090965
2023-01-03,55.33804
2023-01-04,73.34855
2023-01-05,79.355515
2023-01-06,78.67905
2023-01-07,78.89827
2023-01-08,92.604614
2023-01-09,123.63343
2023-01-10,113.65093
2023-01-11,96.81431
2023-01-12,111.44691
2023-01-13,174.83182
2023-01-14,288.03293
2023-01-15,242.28952
2023-01-16,168.47131
2023-01-17,135.48915
2023-01-18,100.067535
2023-01-19,114.801895
2023-01-20,119.54324
2023-01-21,98.75925
2023-01-22,71.807304
2023-01-23,63.145397
2023-01-24,61.28456
2023-01-25,61.85271
2023-01-26,60.466297
2023-01-27,57.58586
2023-01-28,55.441025
2023-01-29,53.939335
2023-01-30,52.55822
2023-01-31,51.279583
2023-02-01,3.2284055
2023-02-02,16.441608
2023-02-03,31.026323
2023-02-04,40.32973
2023-02-05,43.780323
2023-02-06,44.56918
2023-02-07,44.03219
2023-02-08,43.06221
2023-02-09,43.150494
2023-02-10,48.547813
2023-02-11,55.51941
2023-02-12,51.16252
2023-02-13,49.00993
2023-02-14,47.275593
2023-02-15,53.867615
2023-02-16,114.80859
2023-02-17,240.8029
2023-02-18,236.30481
2023-02-19,116.743835
2023-02-20,60.95722
2023-02-21,43.51659
2023-02-22,37.270515
2023-02-23,35.50188
2023-02-24,34.599915
2023-02-25,33.91636
2023-02-26,33.099346
2023-02-27,32.525375
2023-02-28,42.548683
2023-03-01,27.182182
2023-03-02,101.40688
2023-03-03,193.67612
2023-03-04,320.56125
2023-03-05,455.7052
2023-03-06,527.79816
2023-03-07,519.13904
2023-03-08,423.47958
2023-03-09,265.9662
2023-03-10,182.53735
2023-03-11,310.5161
2023-03-12,672.3252
2023-03-13,588.7819
2023-03-14,377.12128
2023-03-15,303.22028
2023-03-16,247.63185
2023-03-17,187.71614
2023-03-18,151.35768
2023-03-19,142.56042
2023-03-20,138.36781
2023-03-21,134.9906
2023-03-22,131.6874
2023-03-23,127.905205
2023-03-24,123.79459
2023-03-25,120.094025
2023-03-26,131.4337
2023-03-27,150.57275
2023-03-28,213.85161
2023-03-29,246.25615
2023-03-30,236.41109
2023-03-31,291.88138
2023-04-01,41.742966
2023-04-02,126.5597
2023-04-03,226.99052
2023-04-04,251.23917
2023-04-05,210.99818
2023-04-06,206.9982
2023-04-07,303.91568
2023-04-08,370.92953
2023-04-09,349.8153
2023-04-10,440.5499
2023-04-11,582.0556
2023-04-12,671.9891
2023-04-13,732.4222
2023-04-14,678.16003
2023-04-15,521.1109
2023-04-16,421.41568
2023-04-17,476.5737
2023-04-18,511.1879
2023-04-19,457.31354
2023-04-20,481.75668
2023-04-21,594.30005
2023-04-22,737.2312
2023-04-23,821.8166
2023-04-24,890.5501
2023-04-25,873.8777
2023-04-26,808.0175
2023-04-27,827.86304
2023-04-28,845.6377
2023-04-29,812.34033
2023-04-30,771.16437
2023-05-01,43.048817
2023-05-02,228.21077
2023-05-03,467.53458
2023-05-04,615.94104
2023-05-05,733.2149
2023-05-06,725.9443
2023-05-07,644.2184
2023-05-08,596.0217
2023-05-09,972.0878
2023-05-10,1988.1832
2023-05-11,1938.7288
2023-05-12,1562.5022
2023-05-13,1305.5284
2023-05-14,1268.7775
2023-05-15,1378.6377
2023-05-16,1968.0785
2023-05-17,2363.51
2023-05-18,1837.8651
2023-05-19,1348.5192
2023-05-20,1135.6875
2023-05-21,1090.9576
2023-05-22,1083.1224
2023-05-23,1088.8433
2023-05-24,1198.597
2023-05-25,1214.8096
2023-05-26,1171.9645
2023-05-27,1291.8862
2023-05-28,1360.9922
2023-05-29,1243.6229
2023-05-30,1201.2129
2023-05-31,1269.3818
2023-06-01,199.34798
2023-06-02,1051.2266
2023-06-03,1962.8234
2023-06-04,2043.1462
2023-06-05,1722.825
2023-06-06,1737.8246
2023-06-07,1790.9943
2023-06-08,1524.4745
2023-06-09,1330.8842
2023-06-10,1246.2341
2023-06-11,1178.2654
2023-06-12,1081.3752
2023-06-13,1009.30615
2023-06-14,956.2013
2023-06-15,1117.1453
2023-06-16,1208.53
2023-06-17,1229.742
2023-06-18,1479.6565
2023-06-19,1307.0376
2023-06-20,1070.7628
2023-06-21,993.7188
2023-06-22,975.40845
2023-06-23,959.0232
2023-06-24,990.1669
2023-06-25,1043.089
2023-06-26,1056.72
2023-06-27,1054.5887
2023-06-28,944.2613
2023-06-29,831.2792
2023-06-30,920.3609
