datetime,streamflow_m^3/s
1979-01-01,0.0
1979-01-02,0.076041736
1979-01-03,0.041010413
1979-01-04,0.07755003
1979-01-05,0.10613664
1979-01-06,0.08174197
1979-01-07,0.1126545
1979-01-08,0.032734033
1979-01-09,0.026101293
1979-01-10,0.032260247
1979-01-11,0.05330187
1979-01-12,0.044580948
1979-01-13,0.028454764
1979-01-14,0.021212896
1979-01-15,0.037377406
1979-01-16,0.05799644
1979-01-17,0.03345415
1979-01-18,0.02391909
1979-01-19,0.036719866
1979-01-20,0.2331116
1979-01-21,0.030869517
1979-01-22,0.065937564
1979-01-23,0.025085945
1979-01-24,0.23245746
1979-01-25,0.03821958
1979-01-26,0.01752519
1979-01-27,0.020312527
1979-01-28,0.019164238
1979-01-29,0.015546395
1979-01-30,0.074251674
1979-01-31,0.090534456
1979-02-01,0.06771065
1979-02-02,0.023553394
1979-02-03,0.46647003
1979-02-04,0.13827941
1979-02-05,0.07323403
1979-02-06,0.026259588
1979-02-07,0.029115696
1979-02-08,0.018619385
1979-02-09,0.05159635
1979-02-10,0.08417888
1979-02-11,0.02312911
1979-02-12,0.039445225
1979-02-13,0.07796134
1979-02-14,0.5493688
1979-02-15,0.07467046
1979-02-16,0.026720501
1979-02-17,0.021108096
1979-02-18,0.020811168
1979-02-19,0.018095393
1979-02-20,0.099394016
1979-02-21,0.018815406
1979-02-22,0.01954231
1979-02-23,0.040312357
1979-02-24,0.019081395
1979-02-25,0.073848255
1979-02-26,0.063884914
1979-02-27,0.0640979
1979-02-28,0.43106914
1979-03-01,0.043226145
1979-03-02,0.012962466
1979-03-03,0.010545315
1979-03-04,0.009862429
1979-03-05,0.04241681
1979-03-06,0.025502345
1979-03-07,0.024279697
1979-03-08,0.10412352
1979-03-09,0.22902437
1979-03-10,0.034401722
1979-03-11,0.045288086
1979-03-12,0.04682513
1979-03-13,0.063391365
1979-03-14,0.026435949
1979-03-15,0.031594824
1979-03-16,0.061957423
1979-03-17,0.05247247
1979-03-18,0.0142611675
1979-03-19,0.010492916
1979-03-20,0.05277169
1979-03-21,0.020734515
1979-03-22,0.017412506
1979-03-23,0.014083709
1979-03-24,0.015503578
1979-03-25,0.017237842
1979-03-26,0.022231039
1979-03-27,0.022545433
1979-03-28,0.025804363
1979-03-29,0.03850653
1979-03-30,0.016497467
1979-03-31,0.01815343
1979-04-01,0.020662704
1979-04-02,0.037377406
1979-04-03,0.021061886
1979-04-04,0.020758769
1979-04-05,0.015651194
1979-04-06,0.014776178
1979-04-07,0.018000176
1979-04-08,0.040479135
1979-04-09,0.030233545
1979-04-10,0.011558367
1979-04-11,0.010677162
1979-04-12,0.011237783
1979-04-13,0.013173759
1979-04-14,0.006506584
1979-04-15,0.010143588
1979-04-16,0.009590852
1979-04-17,0.009266875
1979-04-18,0.016038848
1979-04-19,0.03820172
1979-04-20,0.056165267
1979-04-21,0.01214883
1979-04-22,0.012236762
1979-04-23,0.015416246
1979-04-24,0.013164178
1979-04-25,0.029573215
1979-04-26,0.058068004
1979-04-27,0.082644634
1979-04-28,0.04038781
1979-04-29,0.012047426
1979-04-30,0.057660088
1979-05-01,0.04277512
1979-05-02,0.031030811
1979-05-03,0.026275957
1979-05-04,0.048011746
1979-05-05,0.015479323
1979-05-06,0.015740223
1979-05-07,0.015625842
1979-05-08,0.017237842
1979-05-09,0.011367934
1979-05-10,0.009354207
1979-05-11,0.0097925635
1979-05-12,0.010642229
1979-05-13,0.007435697
1979-05-14,0.0036955911
1979-05-15,0.004011683
1979-05-16,0.0051329266
1979-05-17,0.017152207
1979-05-18,0.0065144687
1979-05-19,0.0103977
1979-05-20,0.0063493866
1979-05-21,0.015303562
1979-05-22,0.54846114
1979-05-23,0.24025334
1979-05-24,0.13566864
1979-05-25,0.05648974
1979-05-26,0.01860641
1979-05-27,0.0110439565
1979-05-28,0.022372466
1979-05-29,0.028555075
1979-05-30,0.021300228
1979-05-31,0.0061459774
1979-06-01,0.00656068
1979-06-02,0.00094488234
1979-06-03,0.0049233297
1979-06-04,0.010905922
1979-06-05,0.0020390775
1979-06-06,0.004975729
1979-06-07,0.10242757
1979-06-08,0.11058159
1979-06-09,0.02271271
1979-06-10,0.020312527
1979-06-11,0.022151591
1979-06-12,0.005961732
1979-06-13,0.013061076
1979-06-14,0.098045714
1979-06-15,0.02797918
1979-06-16,0.028283497
1979-06-17,0.017480675
1979-06-18,0.013505621
1979-06-19,0.039095897
1979-06-20,0.0035490724
1979-06-21,6.9865615e-05
1979-06-22,0.008690484
1979-06-23,0.0070767873
1979-06-24,0.0009623487
1979-06-25,0.0022075537
1979-06-26,0.0017691968
1979-06-27,0.011511059
1979-06-28,0.012683004
1979-06-29,0.0018548319
1979-06-30,0.002514064
1979-07-01,0.0023298184
1979-07-02,0.0012260416
1979-07-03,0.013105591
1979-07-04,0.003554163
1979-07-05,0.0018041296
1979-07-06,0.000104798375
1979-07-07,1.3554318e-12
1979-07-08,0.0051599746
1979-07-09,0.0019613272
1979-07-10,0.0011911088
1979-07-11,0.0008845984
1979-07-12,5.2399188e-05
1979-07-13,0.00027157762
1979-07-14,0.0011037769
1979-07-15,0.0016993312
1979-07-16,0.000104798375
1979-07-17,0.00054315524
1979-07-18,0.003293864
1979-07-19,0.031712603
1979-07-20,0.0025692573
1979-07-21,3.493282e-05
1979-07-22,0.0013578881
1979-07-23,0.002259953
1979-07-24,0.0017691968
1979-07-25,0.00037637597
1979-07-26,0.004362708
1979-07-27,0.0027236608
1979-07-28,0.0015150856
1979-07-29,0.004160996
1979-07-30,0.0008051512
1979-07-31,0.000578088
1979-08-01,0.000578088
1979-08-02,0.0016643984
1979-08-03,0.0011911088
1979-08-04,0.0006130208
1979-08-05,0.000578088
1979-08-06,0.0024791313
1979-08-07,0.0031445513
1979-08-08,0.0023647512
1979-08-09,0.0020407743
1979-08-10,0.00012226477
1979-08-11,0.0024441986
1979-08-12,0.0007003528
1979-08-13,0.0013928209
1979-08-14,0.0006304872
1979-08-15,0.0003065104
1979-08-16,1.7466396e-05
1979-08-17,0.0016294656
1979-08-18,0.0011911088
1979-08-19,0.0008845984
1979-08-20,0.0003239768
1979-08-21,0.003819553
1979-08-22,0.00024452954
1979-08-23,0.0016294656
1979-08-24,0.0022774192
1979-08-25,0.0025839296
1979-08-26,0.0015150856
1979-08-27,0.0028031082
1979-08-28,0.0018041296
1979-08-29,0.000104798375
1979-08-30,0.00054315524
1979-08-31,0.0003065104
1979-09-01,1.7466396e-05
1979-09-02,2.259053e-13
1979-09-03,2.9217936000000002e-21
1979-09-04,0.0010863105
1979-09-05,0.0016993312
1979-09-06,0.0011911088
1979-09-07,6.9865586e-05
1979-09-08,9.036212e-13
1979-09-09,0.00054315524
1979-09-10,3.4932793e-05
1979-09-11,0.0059747077
1979-09-12,0.00038426073
1979-09-13,4.969917e-12
1979-09-14,6.427946e-20
1979-09-15,8.313719000000001e-28
1979-09-16,0.00027157762
1979-09-17,0.005177441
1979-09-18,0.0038623705
1979-09-19,0.00022706317
1979-09-20,0.008962061
1979-09-21,0.0005763911
1979-09-22,0.0027157762
1979-09-23,0.0018041296
1979-09-24,0.01123948
1979-09-25,0.021899177
1979-09-26,0.001362379
1979-09-27,0.00027157762
1979-09-28,0.0057205963
1979-09-29,0.021278271
1979-09-30,0.013837483
1979-10-01,0.0018897647
1979-10-02,0.0016993312
1979-10-03,0.0006479536
1979-10-04,0.0046517523
1979-10-05,0.002197972
1979-10-06,0.021576896
1979-10-07,0.0013798453
1979-10-08,0.00054315524
1979-10-09,0.028279005
1979-10-10,0.0018165052
1979-10-11,0.002172621
1979-10-12,0.00013973117
1979-10-13,0.00054315524
1979-10-14,3.4932793e-05
1979-10-15,4.518106e-13
1979-10-16,5.843587e-21
1979-10-17,7.557926000000001e-29
1979-10-18,0.0008147328
1979-10-19,0.0005955544
1979-10-20,0.0003065104
1979-10-21,1.7466396e-05
1979-10-22,2.259053e-13
1979-10-23,0.0008147328
1979-10-24,0.0014102872
1979-10-25,8.733198e-05
1979-10-26,1.1295265e-12
1979-10-27,1.4608968e-20
1979-10-28,0.0010863105
1979-10-29,6.9865586e-05
1979-10-30,9.036212e-13
1979-10-31,0.0054315524
1979-11-01,0.0064598243
1979-11-02,0.0025656149
1979-11-03,0.00013973117
1979-11-04,1.8072425e-12
1979-11-05,2.337435e-20
1979-11-06,3.0231705000000003e-28
1979-11-07,3.910081e-36
1979-11-08,0.00013578881
1979-11-09,8.733198e-06
1979-11-10,1.1295265e-13
1979-11-11,1.4608968000000001e-21
1979-11-12,1.8894815999999999e-29
1979-11-13,0.0010863105
1979-11-14,6.9865586e-05
1979-11-15,9.036212e-13
1979-11-16,1.1687174e-20
1979-11-17,1.5115853000000002e-28
1979-11-18,0.0024441986
1979-11-19,0.001243508
1979-11-20,6.9865586e-05
1979-11-21,9.0362125e-13
1979-11-22,1.1687174e-20
1979-11-23,1.5115853000000002e-28
1979-11-24,1.9550405e-36
1979-11-25,2.5e-44
1979-11-26,0.0
1979-11-27,0.0
1979-11-28,0.0
1979-11-29,0.0
1979-11-30,0.0
1979-12-01,0.0
1979-12-02,0.0
1979-12-03,0.0
1979-12-04,0.0
1979-12-05,0.0016294656
1979-12-06,0.007437394
1979-12-07,0.0097052315
1979-12-08,0.05681042
1979-12-09,0.0076892083
1979-12-10,0.001619884
1979-12-11,0.0019883753
1979-12-12,0.0066401274
1979-12-13,0.008023366
1979-12-14,0.004019568
1979-12-15,0.0013133736
1979-12-16,0.017993988
1979-12-17,0.010929576
1979-12-18,0.008504542
1979-12-19,0.010554897
1979-12-20,0.0039051878
1979-12-21,0.0064558815
1979-12-22,0.0017596151
1979-12-23,0.0018525865
1979-12-24,0.001199842
1979-12-25,0.0027856417
1979-12-26,0.024073495
1979-12-27,0.26849785
1979-12-28,0.045006175
1979-12-29,0.0026050387
1979-12-30,0.008199728
1979-12-31,0.0005239919
1980-01-01,6.777159e-12
1980-01-02,8.765380999999999e-20
1980-01-03,0.011949415
1980-01-04,0.2326958
1980-01-05,0.02197732
1980-01-06,0.0053425236
1980-01-07,0.0035733264
1980-01-08,0.028996823
1980-01-09,0.009455611
1980-01-10,0.00048905914
1980-01-11,6.3253487e-12
1980-01-12,0.0054315524
1980-01-13,0.042715438
1980-01-14,0.25556353
1980-01-15,0.034456916
1980-01-16,0.024797501
1980-01-17,0.022431053
1980-01-18,0.019269036
1980-01-19,0.019891638
1980-01-20,0.020215614
1980-01-21,0.01914677
1980-01-22,0.042704158
1980-01-23,0.011362842
1980-01-24,0.032333508
1980-01-25,0.15249756
1980-01-26,0.019453177
1980-01-27,0.0049740323
1980-01-28,0.0048962818
1980-01-29,0.015776852
1980-01-30,0.0066987146
1980-01-31,0.12556407
1980-02-01,0.024346666
1980-02-02,0.14389782
1980-02-03,0.5770561
1980-02-04,2.2531388
1980-02-05,2.365152
1980-02-06,0.14729023
1980-02-07,0.0350414
1980-02-08,0.013641959
1980-02-09,0.011053538
1980-02-10,0.0052805427
1980-02-11,0.01849263
1980-02-12,0.022353303
1980-02-13,0.007880242
1980-02-14,0.0066654785
1980-02-15,0.0042038136
1980-02-16,0.0029603057
1980-02-17,0.0056062164
1980-02-18,0.010669277
1980-02-19,0.0060952753
1980-02-20,0.023705004
1980-02-21,0.046583995
1980-02-22,0.033316113
1980-02-23,0.012547763
1980-02-24,0.0012243447
1980-02-25,3.49328e-05
1980-02-26,0.0027157762
1980-02-27,0.0007178192
1980-02-28,0.0084538385
1980-02-29,0.046981227
1980-03-01,0.013035125
1980-03-02,0.0017325671
1980-03-03,0.008217194
1980-03-04,0.02578071
1980-03-05,0.059741985
1980-03-06,0.0040093865
1980-03-07,1.7466444e-05
1980-03-08,0.002172621
1980-03-09,0.019421741
1980-03-10,0.02106528
1980-03-11,0.012952885
1980-03-12,0.002923676
1980-03-13,0.00041130878
1980-03-14,0.0024616648
1980-03-15,0.00015719757
1980-03-16,0.02851565
1980-03-17,0.015141276
1980-03-18,0.053813487
1980-03-19,1.0430051
1980-03-20,0.07690974
1980-03-21,0.013681983
1980-03-22,0.2227173
1980-03-23,0.037082568
1980-03-24,0.0739784
1980-03-25,0.027747625
1980-03-26,0.09707996
1980-03-27,0.007234482
1980-03-28,0.010389815
1980-03-29,0.0033794993
1980-03-30,0.0031620178
1980-03-31,0.01051208
1980-04-01,0.0009353007
1980-04-02,0.46414363
1980-04-03,2.611467
1980-04-04,3.5450041
1980-04-05,3.6074202
1980-04-06,0.37391856
1980-04-07,2.842037
1980-04-08,0.99225557
1980-04-09,0.16643643
1980-04-10,0.08122247
1980-04-11,20.573225
1980-04-12,1.3252968
1980-04-13,0.034647573
1980-04-14,0.029375995
1980-04-15,0.24399388
1980-04-16,0.023184199
1980-04-17,0.046657253
1980-04-18,0.07765313
1980-04-19,0.049613565
1980-04-20,0.009399818
1980-04-21,0.014269652
1980-04-22,0.0025202518
1980-04-23,0.0060795057
1980-04-24,0.0066305455
1980-04-25,0.042496257
1980-04-26,0.031222941
1980-04-27,0.06592629
1980-04-28,0.022046193
1980-04-29,0.004683291
1980-04-30,0.038791083
1980-05-01,0.005467582
1980-05-02,0.10094743
1980-05-03,0.07817653
1980-05-04,0.005154284
1980-05-05,0.0024791313
1980-05-06,0.014279233
1980-05-07,0.009055581
1980-05-08,0.00052399194
1980-05-09,0.045896616
1980-05-10,0.0029518208
1980-05-11,0.02172621
1980-05-12,0.004113088
1980-05-13,0.0007178192
1980-05-14,0.013613814
1980-05-15,0.009563804
1980-05-16,0.010064141
1980-05-17,0.025596464
1980-05-18,0.04478775
1980-05-19,0.013911839
1980-05-20,0.011036072
1980-05-21,0.0044658096
1980-05-22,0.027945446
1980-05-23,0.08624221
1980-05-24,0.00869098
1980-05-25,0.007813769
1980-05-26,0.0097226985
1980-05-27,0.009284341
1980-05-28,0.008434676
1980-05-29,0.0010496808
1980-05-30,0.000578088
1980-05-31,0.011441193
1980-06-01,0.00399252
1980-06-02,0.00020959676
1980-06-03,0.0027157762
1980-06-04,0.0053346385
1980-06-05,0.0025044824
1980-06-06,0.0006828864
1980-06-07,0.0011212432
1980-06-08,0.0030572193
1980-06-09,0.0034510617
1980-06-10,0.0059127267
1980-06-11,0.00036679435
1980-06-12,4.7440116e-12
1980-06-13,0.0016294656
1980-06-14,0.000104798375
1980-06-15,0.0032589312
1980-06-16,0.0010243296
1980-06-17,0.00222502
1980-06-18,0.0014976192
1980-06-19,8.733199e-05
1980-06-20,0.00054315524
1980-06-21,0.0049233297
1980-06-22,0.0041164816
1980-06-23,0.015181298
1980-06-24,0.003676428
1980-06-25,0.00017466398
1980-06-26,0.0019010432
1980-06-27,0.0012085752
1980-06-28,6.9865586e-05
1980-06-29,9.036212e-13
1980-06-30,0.0016294656
1980-07-01,0.000104798375
1980-07-02,0.00027157762
1980-07-03,0.0005606216
1980-07-04,0.002750709
1980-07-05,0.0018041296
1980-07-06,0.0011911088
1980-07-07,6.9865586e-05
1980-07-08,9.036212e-13
1980-07-09,1.1687174e-20
1980-07-10,1.5115853000000002e-28
1980-07-11,0.0027157762
1980-07-12,0.00017466396
1980-07-13,0.0010863105
1980-07-14,6.9865586e-05
1980-07-15,9.036212e-13
1980-07-16,1.1687174e-20
1980-07-17,0.0016294656
1980-07-18,0.001734264
1980-07-19,0.0011911088
1980-07-20,6.9865586e-05
1980-07-21,0.00054315524
1980-07-22,3.4932793e-05
1980-07-23,4.518106e-13
1980-07-24,0.00054315524
1980-07-25,0.0013928209
1980-07-26,0.0011736425
1980-07-27,0.0003414432
1980-07-28,0.0011037769
1980-07-29,6.9865586e-05
1980-07-30,0.0010863105
1980-07-31,0.0049582627
1980-08-01,0.00031439515
1980-08-02,4.0662955e-12
1980-08-03,0.0010863105
1980-08-04,0.003871952
1980-08-05,0.025772825
1980-08-06,0.0016418413
1980-08-07,2.1235099e-11
1980-08-08,2.7464859999999996e-19
1980-08-09,3.5522252e-27
1980-08-10,4.594345e-35
1980-08-11,5.94e-43
1980-08-12,0.0010863105
1980-08-13,0.0003414432
1980-08-14,1.7466396e-05
1980-08-15,0.010863105
1980-08-16,0.019165933
1980-08-17,0.016667638
1980-08-18,0.002081895
1980-08-19,0.0052298405
1980-08-20,0.0008750168
1980-08-21,3.4932797e-05
1980-08-22,4.5181065e-13
1980-08-23,5.843588e-21
1980-08-24,7.557927e-29
1980-08-25,9.775203e-37
1980-08-26,1.3000000000000002e-44
1980-08-27,0.0019010432
1980-08-28,0.00066541997
1980-08-29,0.001935976
1980-08-30,0.00012226477
1980-08-31,1.5813371e-12
1980-09-01,0.0016294656
1980-09-02,0.000104798375
1980-09-03,1.3554317e-12
1980-09-04,1.7530762e-20
1980-09-05,2.2673778e-28
1980-09-06,0.0027157762
1980-09-07,0.0012609744
1980-09-08,6.9865586e-05
1980-09-09,9.0362125e-13
1980-09-10,0.010319949
1980-09-11,0.0006637231
1980-09-12,0.007604173
1980-09-13,0.0004890591
1980-09-14,6.3253482e-12
1980-09-15,0.0010863105
1980-09-16,0.017450832
1980-09-17,0.0011178494
1980-09-18,1.4457939e-11
1980-09-19,0.0038020865
1980-09-20,0.01844023
1980-09-21,0.0011702486
1980-09-22,1.5135657e-11
1980-09-23,1.9576018e-19
1980-09-24,2.5319053e-27
1980-09-25,0.00054315524
1980-09-26,3.4932793e-05
1980-09-27,4.518106e-13
1980-09-28,5.843587e-21
1980-09-29,0.0008147328
1980-09-30,0.0011387096
1980-10-01,6.9865586e-05
1980-10-02,9.036212e-13
1980-10-03,1.1687174e-20
1980-10-04,1.5115853000000002e-28
1980-10-05,1.9550405e-36
1980-10-06,2.5e-44
1980-10-07,0.0038020865
1980-10-08,0.0029603057
1980-10-09,0.00017466398
1980-10-10,0.002172621
1980-10-11,0.00013973117
1980-10-12,1.8072424e-12
1980-10-13,0.0010863105
1980-10-14,0.00414353
1980-10-15,0.017371386
1980-10-16,0.0133213755
1980-10-17,0.0007859879
1980-10-18,0.0027157762
1980-10-19,0.0009893968
1980-10-20,0.0016818648
1980-10-21,0.00037637597
1980-10-22,1.7466398e-05
1980-10-23,0.00054315524
1980-10-24,0.003293864
1980-10-25,0.003468528
1980-10-26,0.019763185
1980-10-27,0.0012575806
1980-10-28,0.0054315524
1980-10-29,0.0033366818
1980-10-30,0.021375185
1980-10-31,0.018471768
1980-11-01,0.024456058
1980-11-02,0.0031315756
1980-11-03,0.0077089714
1980-11-04,0.0015753695
1980-11-05,0.017993988
1980-11-06,0.0011527822
1980-11-07,1.490975e-11
1980-11-08,0.00027157762
1980-11-09,1.7466396e-05
1980-11-10,0.00054315524
1980-11-11,3.4932793e-05
1980-11-12,4.518106e-13
1980-11-13,5.843587e-21
1980-11-14,7.557926000000001e-29
1980-11-15,9.7752025e-37
1980-11-16,1.3000000000000002e-44
1980-11-17,0.00027157762
1980-11-18,1.7466396e-05
1980-11-19,2.259053e-13
1980-11-20,2.9217936000000002e-21
1980-11-21,3.7789630000000004e-29
1980-11-22,4.8876012e-37
1980-11-23,0.004345242
1980-11-24,0.00027946234
1980-11-25,0.00054315524
1980-11-26,3.4932793e-05
1980-11-27,4.518106e-13
1980-11-28,5.843587e-21
1980-11-29,7.557926000000001e-29
1980-11-30,0.00027157762
1980-12-01,0.011152148
1980-12-02,0.008048718
1980-12-03,0.0004715927
1980-12-04,0.0019010432
1980-12-05,0.00066541997
1980-12-06,3.4932793e-05
1980-12-07,4.5181063e-13
1980-12-08,0.00054315524
1980-12-09,0.059917796
1980-12-10,0.021232307
1980-12-11,0.015239885
1980-12-12,0.08428258
1980-12-13,0.04990091
1980-12-14,0.002864489
1980-12-15,0.00054315524
1980-12-16,0.005466485
1980-12-17,0.012298743
1980-12-18,0.0013116767
1980-12-19,0.0019359761
1980-12-20,0.019404275
1980-12-21,0.0012401142
1980-12-22,1.6039276e-11
1980-12-23,2.0744735e-19
1980-12-24,0.0032589312
1980-12-25,0.020985285
1980-12-26,0.03311076
1980-12-27,0.06043276
1980-12-28,0.044763498
1980-12-29,0.03169623
1980-12-30,0.009744655
1980-12-31,0.014900139
1981-01-01,0.008258315
1981-01-02,0.034147218
1981-01-03,0.0021658333
1981-01-04,2.8012257e-11
1981-01-05,3.6230241999999996e-19
1981-01-06,4.6859143e-27
1981-01-07,6.0606256e-35
1981-01-08,7.83e-43
1981-01-09,0.0
1981-01-10,0.0
1981-01-11,0.0
1981-01-12,0.0
1981-01-13,0.0
1981-01-14,0.0388356
1981-01-15,0.7015385
1981-01-16,0.044958506
1981-01-17,5.8148025e-10
1981-01-18,7.520697e-18
1981-01-19,0.028787227
1981-01-20,0.082238406
1981-01-21,0.0051700533
1981-01-22,6.686797e-11
1981-01-23,8.648508999999999e-19
1981-01-24,1.118573e-26
1981-01-25,1.4467299e-34
1981-01-26,1.871e-42
1981-01-27,0.0
1981-01-28,0.0
1981-01-29,0.0
1981-01-30,0.011406261
1981-01-31,0.0007335887
1981-02-01,0.98365414
1981-02-02,1.9974391
1981-02-03,1.9138206
1981-02-04,0.2715148
1981-02-05,0.010060646
1981-02-06,1.3012147e-10
1981-02-07,1.6829533e-18
1981-02-08,0.014122036
1981-02-09,0.0009082526
1981-02-10,1.17470755e-11
1981-02-11,0.08391748
1981-02-12,0.0053971163
1981-02-13,6.980474e-11
1981-02-14,0.015751502
1981-02-15,0.001013051
1981-02-16,1.3102508e-11
1981-02-17,1.6946404e-19
1981-02-18,12.595769
1981-02-19,1.4167958
1981-02-20,0.0504262
1981-02-21,0.022459798
1981-02-22,1.2995384
1981-02-23,2.430463
1981-02-24,0.82581496
1981-02-25,0.08386906
1981-02-26,4.139816
1981-02-27,0.2831925
1981-02-28,0.044552803
1981-03-01,0.0027946234
1981-03-02,3.6144848e-11
1981-03-03,4.6748697e-19
1981-03-04,6.046341e-27
1981-03-05,0.13307303
1981-03-06,0.008558534
1981-03-07,1.1069359e-10
1981-03-08,1.4316787999999999e-18
1981-03-09,0.03530509
1981-03-10,3.8869169
1981-03-11,0.33755893
1981-03-12,0.048007756
1981-03-13,0.002724758
1981-03-14,3.524123e-11
1981-03-15,0.44484413
1981-03-16,3.8222778
1981-03-17,0.2439881
1981-03-18,0.37151816
1981-03-19,0.061643317
1981-03-20,0.0024278294
1981-03-21,3.140084e-11
1981-03-22,5.00083
1981-03-23,1.2390155
1981-03-24,0.07203722
1981-03-25,0.018219355
1981-03-26,0.06629648
1981-03-27,0.19809836
1981-03-28,0.087698005
1981-03-29,5.465721
1981-03-30,0.38434678
1981-03-31,0.002130905
1981-04-01,2.7560506e-11
1981-04-02,3.5645958e-19
1981-04-03,0.11080367
1981-04-04,0.00712629
1981-04-05,9.216937e-11
1981-04-06,1.1920918999999998e-18
1981-04-07,0.14284982
1981-04-08,0.2495335
1981-04-09,0.015457761
1981-04-10,1.9992619e-10
1981-04-11,2.5857872999999996e-18
1981-04-12,3.3443823e-26
1981-04-13,4.325527e-34
1981-04-14,5.5940000000000006e-42
1981-04-15,0.0
1981-04-16,0.13578881
1981-04-17,0.14506516
1981-04-18,0.008768132
1981-04-19,1.13404466e-10
1981-04-20,1.4667404e-18
1981-04-21,1.8970396000000002e-26
1981-04-22,2.4535758e-34
1981-04-23,3.1740000000000005e-42
1981-04-24,0.0
1981-04-25,0.0
1981-04-26,0.0
1981-04-27,0.0776712
1981-04-28,0.0049953894
1981-04-29,6.4608915e-11
1981-04-30,8.3563295e-19
1981-05-01,1.0807834e-26
1981-05-02,1.3978539e-34
1981-05-03,1.8080000000000002e-42
1981-05-04,0.0
1981-05-05,0.0
1981-05-06,0.0
1981-05-07,0.0
1981-05-08,0.0
1981-05-09,0.0
1981-05-10,0.0
1981-05-11,0.0
1981-05-12,0.0
1981-05-13,0.0
1981-05-14,0.0
1981-05-15,0.0
1981-05-16,0.0
1981-05-17,0.0
1981-05-18,0.0
1981-05-19,0.0
1981-05-20,0.0
1981-05-21,0.0
1981-05-22,0.0
1981-05-23,0.0
1981-05-24,0.0
1981-05-25,0.0
1981-05-26,0.0
1981-05-27,0.0
1981-05-28,0.0
1981-05-29,0.0
1981-05-30,0.0
1981-05-31,0.0
1981-06-01,0.0
1981-06-02,0.0
1981-06-03,0.0
1981-06-04,0.0
1981-06-05,0.0
1981-06-06,0.0
1981-06-07,0.0
1981-06-08,0.0
1981-06-09,0.0
1981-06-10,0.0
1981-06-11,0.0
1981-06-12,0.0
1981-06-13,0.0
1981-06-14,0.0
1981-06-15,0.0
1981-06-16,0.0
1981-06-17,0.0
1981-06-18,0.0
1981-06-19,0.088805884
1981-06-20,0.0057115117
1981-06-21,7.3871034e-11
1981-06-22,9.554265e-19
1981-06-23,1.23572095e-26
1981-06-24,1.5982456e-34
1981-06-25,2.067e-42
1981-06-26,0.0
1981-06-27,0.0
1981-06-28,0.0
1981-06-29,0.0
1981-06-30,0.0
1981-07-01,0.0
1981-07-02,0.0
1981-07-03,0.0
1981-07-04,0.0
1981-07-05,0.0
1981-07-06,0.0
1981-07-07,0.0
1981-07-08,0.0
1981-07-09,0.0
1981-07-10,0.0
1981-07-11,0.0
1981-07-12,0.0
1981-07-13,0.0
1981-07-14,0.0
1981-07-15,0.0
1981-07-16,0.0
1981-07-17,0.0
1981-07-18,0.0
1981-07-19,0.0
1981-07-20,0.0
1981-07-21,0.0
1981-07-22,0.0
1981-07-23,0.0
1981-07-24,0.0
1981-07-25,0.0
1981-07-26,0.0
1981-07-27,0.0
1981-07-28,0.0
1981-07-29,0.0
1981-07-30,0.0
1981-07-31,0.0
1981-08-01,0.0
1981-08-02,0.0
1981-08-03,0.0
1981-08-04,0.0
1981-08-05,0.0
1981-08-06,0.0
1981-08-07,0.0
1981-08-08,0.0
1981-08-09,0.0
1981-08-10,0.0
1981-08-11,0.0
1981-08-12,0.0
1981-08-13,0.0
1981-08-14,0.0
1981-08-15,0.0
1981-08-16,0.0
1981-08-17,0.0
1981-08-18,0.0
1981-08-19,0.0
1981-08-20,0.0
1981-08-21,0.0
1981-08-22,0.0
1981-08-23,0.0
1981-08-24,0.0
1981-08-25,0.0
1981-08-26,0.0
1981-08-27,0.0
1981-08-28,0.0
1981-08-29,0.0
1981-08-30,0.0
1981-08-31,0.0
1981-09-01,0.0
1981-09-02,0.0
1981-09-03,0.0
1981-09-04,0.011949415
1981-09-05,0.00076852145
1981-09-06,9.939834e-12
1981-09-07,1.2855892e-19
1981-09-08,1.6627437000000002e-27
1981-09-09,2.1505445e-35
1981-09-10,2.7700000000000003e-43
1981-09-11,0.0
1981-09-12,0.0
1981-09-13,0.0
1981-09-14,0.0
1981-09-15,0.0
1981-09-16,0.0
1981-09-17,0.0
1981-09-18,0.0
1981-09-19,0.0
1981-09-20,0.0
1981-09-21,0.0
1981-09-22,0.0
1981-09-23,0.0
1981-09-24,0.0
1981-09-25,0.0
1981-09-26,0.0
1981-09-27,0.0
1981-09-28,0.0
1981-09-29,0.0
1981-09-30,0.0
1981-10-01,0.0
1981-10-02,0.0
1981-10-03,0.0
1981-10-04,0.0
1981-10-05,0.0
1981-10-06,0.0
1981-10-07,0.0
1981-10-08,0.0
1981-10-09,0.0
1981-10-10,0.0
1981-10-11,0.0
1981-10-12,0.0
1981-10-13,0.0
1981-10-14,0.0
1981-10-15,0.0
1981-10-16,0.0
1981-10-17,0.0
1981-10-18,0.0
1981-10-19,0.0
1981-10-20,0.0
1981-10-21,0.0
1981-10-22,0.0
1981-10-23,0.0
1981-10-24,0.0
1981-10-25,0.0
1981-10-26,0.0
1981-10-27,0.0
1981-10-28,0.0
1981-10-29,0.0
1981-10-30,0.0
1981-10-31,0.0
1981-11-01,0.0
1981-11-02,0.0
1981-11-03,0.0
1981-11-04,0.0
1981-11-05,0.0
1981-11-06,0.0
1981-11-07,0.0
1981-11-08,0.0
1981-11-09,0.0
1981-11-10,0.0
1981-11-11,0.0
1981-11-12,0.0
1981-11-13,0.0
1981-11-14,0.0
1981-11-15,0.0
1981-11-16,0.0
1981-11-17,0.0
1981-11-18,0.0
1981-11-19,0.0
1981-11-20,0.0
1981-11-21,0.0
1981-11-22,0.0
1981-11-23,0.0
1981-11-24,0.0
1981-11-25,0.0
1981-11-26,0.0
1981-11-27,0.0
1981-11-28,0.0
1981-11-29,0.0
1981-11-30,0.0
1981-12-01,0.0
1981-12-02,0.0
1981-12-03,0.0
1981-12-04,0.0
1981-12-05,0.0
1981-12-06,0.0
1981-12-07,0.0
1981-12-08,0.0
1981-12-09,0.0
1981-12-10,0.0
1981-12-11,0.02389883
1981-12-12,0.0015370429
1981-12-13,1.9879667e-11
1981-12-14,2.5711785e-19
1981-12-15,3.3254874000000005e-27
1981-12-16,4.301089e-35
1981-12-17,5.56e-43
1981-12-18,0.0
1981-12-19,0.0
1981-12-20,0.0
1981-12-21,0.0
1981-12-22,0.0
1981-12-23,0.0
1981-12-24,0.0
1981-12-25,0.0
1981-12-26,0.0
1981-12-27,0.0
1981-12-28,0.0
1981-12-29,0.0
1981-12-30,0.0
1981-12-31,0.022812521
1982-01-01,0.0014671774
1982-01-02,1.8976046e-11
1982-01-03,2.4543067e-19
1982-01-04,3.1743291000000003e-27
1982-01-05,4.105585e-35
1982-01-06,5.31e-43
1982-01-07,0.0
1982-01-08,0.015479923
1982-01-09,0.17290422
1982-01-10,0.071346454
1982-01-11,3.2304912
1982-01-12,0.2640064
1982-01-13,0.043826498
1982-01-14,0.0025850267
1982-01-15,3.3433985e-11
1982-01-16,0.034490358
1982-01-17,0.0022182323
1982-01-18,2.8689974e-11
1982-01-19,0.061376538
1982-01-20,0.0039474056
1982-01-21,5.1054598e-11
1982-01-22,6.6032536e-19
1982-01-23,0.7153355
1982-01-24,1.1461674
1982-01-25,0.2098041
1982-01-26,0.15016314
1982-01-27,0.009082526
1982-01-28,0.036119822
1982-01-29,0.0023230307
1982-01-30,0.05241448
1982-01-31,0.0033710145
1982-02-01,4.3599725e-11
1982-02-02,5.639062e-19
1982-02-03,0.02960196
1982-02-04,0.0019038372
1982-02-05,0.23111254
1982-02-06,0.04908268
1982-02-07,0.0022007662
1982-02-08,2.8464071e-11
1982-02-09,0.018467277
1982-02-10,0.001187715
1982-02-11,1.5361561e-11
1982-02-12,1.9868197e-19
1982-02-13,7.1354303
1982-02-14,0.4589121
1982-02-15,0.028244078
1982-02-16,1.4767545
1982-02-17,0.7868398
1982-02-18,0.058897994
1982-02-19,0.056327555
1982-02-20,0.014969405
1982-02-21,1.044678
1982-02-22,0.067140825
1982-02-23,0.04453873
1982-02-24,0.027034897
1982-02-25,0.14684853
1982-02-26,0.53294617
1982-02-27,0.033675212
1982-02-28,7.690263
1982-03-01,0.49459594
1982-03-02,0.011406266
1982-03-03,0.0007335887
1982-03-04,9.488023e-12
1982-03-05,0.041279797
1982-03-06,0.0026548924
1982-03-07,3.4337606e-11
1982-03-08,4.4411265e-19
1982-03-09,0.10754474
1982-03-10,0.0069166934
1982-03-11,8.94585e-11
1982-03-12,1.1570303999999998e-18
1982-03-13,1.4964694e-26
1982-03-14,1.9354902e-34
1982-03-15,0.030959846
1982-03-16,0.001991169
1982-03-17,2.5753203e-11
1982-03-18,0.02498514
1982-03-19,0.0016069085
1982-03-20,2.0783288e-11
1982-03-21,2.68805e-19
1982-03-22,3.476646e-27
1982-03-23,4.496593e-35
1982-03-24,0.10618685
1982-03-25,0.0068293614
1982-03-26,8.8328976e-11
1982-03-27,1.1424212999999998e-18
1982-03-28,1.4775745000000002e-26
1982-03-29,1.9110521e-34
1982-03-30,5.809588
1982-03-31,0.4806427
1982-04-01,0.006881765
1982-04-02,0.06680809
1982-04-03,1.1280849
1982-04-04,0.07227595
1982-04-05,10.453022
1982-04-06,0.6722816
1982-04-07,8.695095e-09
1982-04-08,1.1245984e-16
1982-04-09,1.4545228e-24
1982-04-10,1.8812376e-32
1982-04-11,0.02607145
1982-04-12,0.001676774
1982-04-13,2.1686907e-11
1982-04-14,2.804922e-19
1982-04-15,3.6278045000000005e-27
1982-04-16,4.6920968e-35
1982-04-17,6.0700000000000004e-43
1982-04-18,0.0
1982-04-19,0.0
1982-04-20,0.0
1982-04-21,0.0
1982-04-22,0.0
1982-04-23,0.0
1982-04-24,0.0
1982-04-25,0.0
1982-04-26,0.016294656
1982-04-27,0.0010479838
1982-04-28,1.3554318e-11
1982-04-29,0.08201644
1982-04-30,0.005274852
1982-05-01,0.11732153
1982-05-02,1.7171265
1982-05-03,0.10995096
1982-05-04,1.4220738e-09
1982-05-05,1.839269e-17
1982-05-06,2.3788571e-25
1982-05-07,3.0767448e-33
1982-05-08,3.9794000000000004e-41
1982-05-09,0.0
1982-05-10,0.34870568
1982-05-11,0.14300731
1982-05-12,1.5139245
1982-05-13,0.9417466
1982-05-14,0.054337963
1982-05-15,7.0279144e-10
1982-05-16,9.089701e-18
1982-05-17,0.1637613
1982-05-18,0.07380982
1982-05-19,0.0040696706
1982-05-20,5.2635937e-11
1982-05-21,0.0776712
1982-05-22,0.0049953894
1982-05-23,0.049698707
1982-05-24,0.0031963508
1982-05-25,4.134067e-11
1982-05-26,5.3468826e-19
1982-05-27,0.051599745
1982-05-28,0.0033186153
1982-05-29,4.2922006e-11
1982-05-30,5.5514076e-19
1982-05-31,7.180029e-27
1982-06-01,9.286442e-35
1982-06-02,1.201e-42
1982-06-03,0.0
1982-06-04,0.0
1982-06-05,0.0
1982-06-06,0.0
1982-06-07,0.0
1982-06-08,0.0
1982-06-09,0.0
1982-06-10,0.0
1982-06-11,0.0
1982-06-12,0.0
1982-06-13,0.0
1982-06-14,0.0
1982-06-15,0.0
1982-06-16,0.0
1982-06-17,0.0
1982-06-18,0.0
1982-06-19,0.0
1982-06-20,0.0
1982-06-21,0.0
1982-06-22,0.0
1982-06-23,0.0
1982-06-24,0.0
1982-06-25,0.0
1982-06-26,0.0
1982-06-27,0.0
1982-06-28,0.0
1982-06-29,0.0
1982-06-30,0.0
1982-07-01,0.0
1982-07-02,0.0
1982-07-03,0.0
1982-07-04,0.0
1982-07-05,0.0
1982-07-06,0.0
1982-07-07,0.0
1982-07-08,0.0
1982-07-09,0.0
1982-07-10,0.06164812
1982-07-11,0.003964872
1982-07-12,5.1280504e-11
1982-07-13,6.632471699999999e-19
1982-07-14,8.578246e-27
1982-07-15,1.1094855e-34
1982-07-16,1.4350000000000002e-42
1982-07-17,0.04073664
1982-07-18,0.0026199596
1982-07-19,3.3885797e-11
1982-07-20,4.382691e-19
1982-07-21,5.6684448000000004e-27
1982-07-22,7.331402e-35
1982-07-23,9.49e-43
1982-07-24,0.0
1982-07-25,0.0
1982-07-26,0.0
1982-07-27,0.0
1982-07-28,0.0
1982-07-29,0.0
1982-07-30,0.0
1982-07-31,0.0
1982-08-01,0.0
1982-08-02,0.0
1982-08-03,0.0
1982-08-04,0.0
1982-08-05,0.0
1982-08-06,0.0
1982-08-07,0.0
1982-08-08,0.0
1982-08-09,0.0
1982-08-10,0.0
1982-08-11,0.0
1982-08-12,0.0
1982-08-13,0.0
1982-08-14,0.0
1982-08-15,0.0
1982-08-16,0.0
1982-08-17,0.0
1982-08-18,0.013850459
1982-08-19,0.00089078624
1982-08-20,1.1521171e-11
1982-08-21,1.4901148e-19
1982-08-22,1.9272712e-27
1982-08-23,2.4926765e-35
1982-08-24,3.22e-43
1982-08-25,0.0
1982-08-26,0.0
1982-08-27,0.0
1982-08-28,0.0
1982-08-29,0.0
1982-08-30,0.0
1982-08-31,0.0
1982-09-01,0.0
1982-09-02,0.0
1982-09-03,0.0
1982-09-04,0.0
1982-09-05,0.0
1982-09-06,0.0
1982-09-07,0.0
1982-09-08,0.0
1982-09-09,0.0
1982-09-10,0.0
1982-09-11,0.0
1982-09-12,0.0
1982-09-13,0.0
1982-09-14,0.0
1982-09-15,0.0
1982-09-16,0.0
1982-09-17,0.0
1982-09-18,0.0
1982-09-19,0.0
1982-09-20,0.0
1982-09-21,0.0
1982-09-22,0.0
1982-09-23,0.0
1982-09-24,0.0
1982-09-25,0.0
1982-09-26,0.0
1982-09-27,0.0
1982-09-28,0.0
1982-09-29,0.04236611
1982-09-30,0.002724758
1982-10-01,3.5241227e-11
1982-10-02,4.5579983e-19
1982-10-03,5.8951826e-27
1982-10-04,0.1322583
1982-10-05,0.35313812
1982-10-06,0.047149997
1982-10-07,0.0016069087
1982-10-08,2.0783292e-11
1982-10-09,2.6880506e-19
1982-10-10,3.4766468000000004e-27
1982-10-11,4.4965935999999996e-35
1982-10-12,5.8200000000000005e-43
1982-10-13,0.0
1982-10-14,0.0
1982-10-15,3.6114392
1982-10-16,0.23226814
1982-10-17,0.014665194
1982-10-18,0.0009431854
1982-10-19,1.2198886e-11
1982-10-20,4.516336
1982-10-21,4.89425
1982-10-22,0.6390929
1982-10-23,0.21650964
1982-10-24,0.012505941
1982-10-25,0.034761935
1982-10-26,0.12797613
1982-10-27,0.008086942
1982-10-28,0.019553589
1982-10-29,0.0012575806
1982-10-30,0.8766525
1982-10-31,4.007836
1982-11-01,5.7291408
1982-11-02,17.658134
1982-11-03,1.2990594
1982-11-04,0.38022375
1982-11-05,0.27000535
1982-11-06,0.027791439
1982-11-07,0.024667352
1982-11-08,0.028694805
1982-11-09,0.11716713
1982-11-10,3.155551
1982-11-11,14.136031
1982-11-12,4.6037087
1982-11-13,0.23845127
1982-11-14,3.0840595e-09
1982-11-15,0.06952387
1982-11-16,0.13184129
1982-11-17,1.1040074
1982-11-18,0.082426324
1982-11-19,4.567618
1982-11-20,1.0747721
1982-11-21,0.14637184
1982-11-22,6.338015
1982-11-23,3.9439843
1982-11-24,0.59789675
1982-11-25,0.084114395
1982-11-26,1.2278779
1982-11-27,0.07872105
1982-11-28,1.0181552e-09
1982-11-29,1.3168524e-17
1982-11-30,1.7031787e-25
1982-12-01,6.7296934
1982-12-02,2.2572756
1982-12-03,0.13091813
1982-12-04,0.51469815
1982-12-05,4.3294044
1982-12-06,1.7814015
1982-12-07,0.2298718
1982-12-08,2.4185383
1982-12-09,3.046755
1982-12-10,0.26582602
1982-12-11,1.8207673
1982-12-12,3.1144452
1982-12-13,1.4235839
1982-12-14,3.369049
1982-12-15,0.8115029
1982-12-16,0.1814331
1982-12-17,2.6733637
1982-12-18,6.7571025
1982-12-19,22.417545
1982-12-20,2.5087197
1982-12-21,9.922665
1982-12-22,5.0657926
1982-12-23,3.9877408
1982-12-24,5.1691713
1982-12-25,6.471086
1982-12-26,4.2877674
1982-12-27,4.4483576
1982-12-28,13.197905
1982-12-29,5.518611
1982-12-30,5.4337263
1982-12-31,5.9742775
1983-01-01,5.5275955
1983-01-02,23.068365
1983-01-03,118.00139
1983-01-04,28.233915
1983-01-05,15.876785
1983-01-06,12.2788515
1983-01-07,11.274369
1983-01-08,10.902539
1983-01-09,10.352624
1983-01-10,8.291255
1983-01-11,7.0840635
1983-01-12,7.297521
1983-01-13,7.9935617
1983-01-14,15.713027
1983-01-15,13.856194
1983-01-16,13.323727
1983-01-17,133.1885
1983-01-18,27.328901
1983-01-19,13.82402
1983-01-20,11.1719475
1983-01-21,9.357913
1983-01-22,8.2104225
1983-01-23,7.216632
1983-01-24,6.4596076
1983-01-25,5.836022
1983-01-26,5.3531423
1983-01-27,6.5552692
1983-01-28,5.2311854
1983-01-29,4.7604566
1983-01-30,5.42525
1983-01-31,8.794232
1983-02-01,4.040902
1983-02-02,3.6611514
1983-02-03,5.015977
1983-02-04,3.4429355
1983-02-05,3.2544012
1983-02-06,4.257511
1983-02-07,3.072564
1983-02-08,3.1621912
1983-02-09,4.004696
1983-02-10,2.8355355
1983-02-11,2.8226235
1983-02-12,3.213577
1983-02-13,2.834885
1983-02-14,5.81285
1983-02-15,2.6765041
1983-02-16,2.4202714
1983-02-17,28.04743
1983-02-18,6.818377
1983-02-19,6.568038
1983-02-20,5.8239584
1983-02-21,5.6958256
1983-02-22,5.978317
1983-02-23,9.82251
1983-02-24,29.837778
1983-02-25,12.901308
1983-02-26,13.443656
1983-02-27,14.513879
1983-02-28,10.578
1983-03-01,9.572427
1983-03-02,9.213876
1983-03-03,10.564021
1983-03-04,8.551214
1983-03-05,7.7127085
1983-03-06,8.416482
1983-03-07,8.111331
1983-03-08,6.2660503
1983-03-09,5.8889337
1983-03-10,7.6923313
1983-03-11,7.4221215
1983-03-12,5.3191023
1983-03-13,8.690973
1983-03-14,5.113257
1983-03-15,4.80375
1983-03-16,6.230518
1983-03-17,4.683306
1983-03-18,5.7872143
1983-03-19,4.9962153
1983-03-20,4.30512
1983-03-21,4.158079
1983-03-22,5.512397
1983-03-23,4.541329
1983-03-24,8.940425
1983-03-25,16.43893
1983-03-26,13.886575
1983-03-27,12.003923
1983-03-28,11.71499
1983-03-29,11.169471
1983-03-30,11.416758
1983-03-31,9.664999
1983-04-01,9.110943
1983-04-02,11.338081
1983-04-03,10.857968
1983-04-04,7.950988
1983-04-05,9.5340395
1983-04-06,12.657334
1983-04-07,11.262711
1983-04-08,11.495694
1983-04-09,53.306797
1983-04-10,25.070744
1983-04-11,16.643879
1983-04-12,12.773182
1983-04-13,10.399703
1983-04-14,10.208394
1983-04-15,9.16919
1983-04-16,7.0201163
1983-04-17,10.510387
1983-04-18,6.143495
1983-04-19,7.3568063
1983-04-20,6.085116
1983-04-21,6.113592
1983-04-22,7.414881
1983-04-23,6.774337
1983-04-24,7.7565246
1983-04-25,11.417017
1983-04-26,6.3681726
1983-04-27,9.615316
1983-04-28,12.046317
1983-04-29,10.56108
1983-04-30,8.366667
1983-05-01,8.825117
1983-05-02,8.942818
1983-05-03,8.749684
1983-05-04,9.378672
1983-05-05,13.612017
1983-05-06,18.95008
1983-05-07,19.76571
1983-05-08,22.571096
1983-05-09,14.8601675
1983-05-10,13.09455
1983-05-11,14.0898905
1983-05-12,13.610251
1983-05-13,15.379042
1983-05-14,11.097687
1983-05-15,11.320005
1983-05-16,70.826904
1983-05-17,28.702127
1983-05-18,19.49218
1983-05-19,13.242303
1983-05-20,10.518428
1983-05-21,9.217028
1983-05-22,10.87652
1983-05-23,7.9034295
1983-05-24,7.238204
1983-05-25,5.9393687
1983-05-26,5.6866717
1983-05-27,38.36438
1983-05-28,7.9912167
1983-05-29,8.70036
1983-05-30,6.584382
1983-05-31,6.4209695
1983-06-01,9.317962
1983-06-02,15.1936245
1983-06-03,12.452952
1983-06-04,68.43333
1983-06-05,22.226706
1983-06-06,12.955249
1983-06-07,10.567036
1983-06-08,10.054796
1983-06-09,7.409392
1983-06-10,6.5597253
1983-06-11,5.9363728
1983-06-12,5.438775
1983-06-13,4.997458
1983-06-14,4.740138
1983-06-15,4.362464
1983-06-16,4.357596
1983-06-17,5.6552954
1983-06-18,5.091239
1983-06-19,3.6164837
1983-06-20,3.421929
1983-06-21,3.3558686
1983-06-22,3.253461
1983-06-23,3.4404838
1983-06-24,3.454549
1983-06-25,3.016871
1983-06-26,7.6028185
1983-06-27,90.49393
1983-06-28,23.323786
1983-06-29,12.569012
1983-06-30,13.191478
1983-07-01,10.037976
1983-07-02,8.111607
1983-07-03,8.072995
1983-07-04,6.349304
1983-07-05,6.137121
1983-07-06,6.350058
1983-07-07,5.1969304
1983-07-08,5.3011007
1983-07-09,6.9915214
1983-07-10,4.764475
1983-07-11,5.2258916
1983-07-12,4.531423
1983-07-13,4.1214013
1983-07-14,4.3180437
1983-07-15,3.9346018
1983-07-16,3.8606904
1983-07-17,3.7744784
1983-07-18,3.6349745
1983-07-19,3.5416138
1983-07-20,3.7653759
1983-07-21,3.564485
1983-07-22,3.447417
1983-07-23,5.1012053
1983-07-24,3.4090648
1983-07-25,3.1152127
1983-07-26,3.0689929
1983-07-27,3.0415003
1983-07-28,3.2419298
1983-07-29,3.4116247
1983-07-30,2.9871788
1983-07-31,2.8636372
1983-08-01,2.7613506
1983-08-02,3.0419533
1983-08-03,3.9218423
1983-08-04,2.7266307
1983-08-05,14.698269
1983-08-06,3.6999605
1983-08-07,3.2830436
1983-08-08,3.9797995
1983-08-09,3.565867
1983-08-10,3.4976177
1983-08-11,3.4269543
1983-08-12,3.3701556
1983-08-13,3.3445153
1983-08-14,3.2751887
1983-08-15,3.2184076
1983-08-16,3.1661525
1983-08-17,3.0883248
1983-08-18,3.0191576
1983-08-19,2.9300144
1983-08-20,2.8672445
1983-08-21,2.8497086
1983-08-22,2.75105
1983-08-23,2.6730654
1983-08-24,2.5636253
1983-08-25,2.4705217
1983-08-26,2.4258602
1983-08-27,2.3380697
1983-08-28,2.2500255
1983-08-29,2.1836107
1983-08-30,2.1128728
1983-08-31,2.1039593
1983-09-01,1.9874271
1983-09-02,1.9218339
1983-09-03,1.8732858
1983-09-04,1.8133725
1983-09-05,1.7638079
1983-09-06,1.7005659
1983-09-07,1.6516064
1983-09-08,1.5962926
1983-09-09,1.5543575
1983-09-10,2.3842626
1983-09-11,1.5578856
1983-09-12,1.4719642
1983-09-13,1.4336865
1983-09-14,1.5595306
1983-09-15,1.3570305
1983-09-16,1.278841
1983-09-17,1.2388358
1983-09-18,1.2145325
1983-09-19,1.1905768
1983-09-20,1.1592535
1983-09-21,1.151086
1983-09-22,1.1015286
1983-09-23,1.0668643
1983-09-24,1.0509877
1983-09-25,1.0180507
1983-09-26,0.9980656
1983-09-27,0.96595293
1983-09-28,0.9452229
1983-09-29,0.9193042
1983-09-30,0.97338814
1983-10-01,0.88952076
1983-10-02,0.880366
1983-10-03,0.8448339
1983-10-04,0.8338728
1983-10-05,0.8186487
1983-10-06,0.7932635
1983-10-07,0.777298
1983-10-08,0.80461633
1983-10-09,0.8585757
1983-10-10,0.80055267
1983-10-11,0.73142666
1983-10-12,0.9045749
1983-10-13,0.74814546
1983-10-14,0.9866595
1983-10-15,0.6955394
1983-10-16,0.70457214
1983-10-17,0.6556385
1983-10-18,0.64694077
1983-10-19,0.6251368
1983-10-20,0.6164244
1983-10-21,0.60047287
1983-10-22,0.5888858
1983-10-23,0.58874774
1983-10-24,0.5738459
1983-10-25,0.56066424
1983-10-26,0.5528172
1983-10-27,0.54584527
1983-10-28,0.5329335
1983-10-29,0.5256122
1983-10-30,0.51460147
1983-10-31,0.50034136
1983-11-01,0.49811015
1983-11-02,0.49014708
1983-11-03,0.47850588
1983-11-04,0.47425923
1983-11-05,0.46724275
1983-11-06,0.4564861
1983-11-07,0.4666855
1983-11-08,0.46521154
1983-11-09,0.56148183
1983-11-10,0.4346094
1983-11-11,0.42496458
1983-11-12,0.42054945
1983-11-13,0.4238005
1983-11-14,0.41669497
1983-11-15,0.4591326
1983-11-16,0.43011776
1983-11-17,0.38896698
1983-11-18,0.38536555
1983-11-19,0.374161
1983-11-20,0.3666554
1983-11-21,0.37735346
1983-11-22,0.37155172
1983-11-23,0.35266525
1983-11-24,0.38284475
1983-11-25,0.34344652
1983-11-26,0.34730077
1983-11-27,0.34283155
1983-11-28,0.32595092
1983-11-29,0.31673813
1983-11-30,0.31376997
1983-12-01,0.30600858
1983-12-02,0.30742058
1983-12-03,0.31107333
1983-12-04,0.29826468
1983-12-05,0.23632132
1983-12-06,0.0987752
1983-12-07,0.05161771
1983-12-08,0.050223794
1983-12-09,0.07745142
1983-12-10,0.090061165
1983-12-11,0.10786921
1983-12-12,0.0065848315
1983-12-13,8.51663e-11
1983-12-14,1.1015161999999998e-18
1983-12-15,1.4246691000000002e-26
1983-12-16,0.038020868
1983-12-17,0.0024452955
1983-12-18,0.043995574
1983-12-19,0.0028295561
1983-12-20,3.659666e-11
1983-12-21,4.733306e-19
1983-12-22,0.12302466
1983-12-23,0.007912277
1983-12-24,1.023351e-10
1983-12-25,0.0958669
1983-12-26,0.006165638
1983-12-27,0.0135788815
1983-12-28,0.07039719
1983-12-29,0.0044713975
1983-12-30,5.7831757e-11
1983-12-31,7.4797915e-19
1984-01-01,9.674146000000001e-27
1984-01-02,1.2512259e-34
1984-01-03,1.618e-42
1984-01-04,0.0
1984-01-05,0.0
1984-01-06,0.0
1984-01-07,0.0
1984-01-08,0.0
1984-01-09,0.0
1984-01-10,0.0
1984-01-11,0.0
1984-01-12,0.0
1984-01-13,0.0
1984-01-14,0.011406261
1984-01-15,0.0007335887
1984-01-16,9.488023e-12
1984-01-17,1.2271532999999999e-19
1984-01-18,1.5871645500000001e-27
1984-01-19,0.011406261
1984-01-20,0.0007335887
1984-01-21,9.488023e-12
1984-01-22,1.2271532999999999e-19
1984-01-23,1.5871645500000001e-27
1984-01-24,2.0527924999999998e-35
1984-01-25,2.65e-43
1984-01-26,0.0
1984-01-27,0.0
1984-01-28,0.0
1984-01-29,0.0
1984-01-30,0.0
1984-01-31,0.02036832
1984-02-01,0.111570485
1984-02-02,0.007091357
1984-02-03,0.13035725
1984-02-04,0.046404738
1984-02-05,0.178156
1984-02-06,0.20629348
1984-02-07,0.012540872
1984-02-08,0.118951
1984-02-09,0.7447119
1984-02-10,0.047403798
1984-02-11,0.029330382
1984-02-12,0.014650518
1984-02-13,0.081207894
1984-02-14,2.4808714
1984-02-15,0.40635931
1984-02-16,1.6589389
1984-02-17,0.16650508
1984-02-18,0.32681826
1984-02-19,0.10305556
1984-02-20,0.069384634
1984-02-21,0.9475827
1984-02-22,0.13753472
1984-02-23,0.589378
1984-02-24,0.052252878
1984-02-25,2.56708
1984-02-26,0.22641653
1984-02-27,0.52347535
1984-02-28,0.67134905
1984-02-29,1.4442701
1984-03-01,0.29936364
1984-03-02,2.3856795
1984-03-03,1.104177
1984-03-04,0.17961009
1984-03-05,0.0076153497
1984-03-06,9.849472e-11
1984-03-07,1.2739020999999998e-18
1984-03-08,0.7897477
1984-03-09,9.381384
1984-03-10,4.8540845
1984-03-11,0.40232143
1984-03-12,0.049558874
1984-03-13,0.35706368
1984-03-14,0.067875534
1984-03-15,50.40146
1984-03-16,3.7215106
1984-03-17,7.9115195
1984-03-18,2.4192896
1984-03-19,0.81986654
1984-03-20,0.8418991
1984-03-21,0.9792446
1984-03-22,0.9686529
1984-03-23,1.0393983
1984-03-24,1.0136102
1984-03-25,1.0496749
1984-03-26,1.2082773
1984-03-27,1.1257125
1984-03-28,1.1691836
1984-03-29,1.1137017
1984-03-30,1.1411604
1984-03-31,1.2048172
1984-04-01,1.4276736
1984-04-02,1.2383399
1984-04-03,1.2114071
1984-04-04,1.0961821
1984-04-05,1.2322218
1984-04-06,1.2251494
1984-04-07,1.4212667
1984-04-08,1.3799034
1984-04-09,1.2183694
1984-04-10,1.3757674
1984-04-11,2.745247
1984-04-12,1.4573622
1984-04-13,1.2320373
1984-04-14,1.2194321
1984-04-15,1.3074503
1984-04-16,1.372874
1984-04-17,1.2474457
1984-04-18,1.2418474
1984-04-19,1.2621188
1984-04-20,1.3983854
1984-04-21,1.2223935
1984-04-22,1.2048132
1984-04-23,1.3967234
1984-04-24,1.2944838
1984-04-25,1.2841256
1984-04-26,1.5867426
1984-04-27,3.321502
1984-04-28,11.33174
1984-04-29,2.5600135
1984-04-30,2.1557355
1984-05-01,2.3924422
1984-05-02,2.4617283
1984-05-03,2.4679723
1984-05-04,2.3975365
1984-05-05,2.3870208
1984-05-06,2.3317776
1984-05-07,2.3225462
1984-05-08,2.3243523
1984-05-09,2.281311
1984-05-10,2.239155
1984-05-11,2.204305
1984-05-12,2.174254
1984-05-13,2.1844041
1984-05-14,2.1710508
1984-05-15,2.0511913
1984-05-16,2.005792
1984-05-17,1.9604548
1984-05-18,1.9446592
1984-05-19,1.9055284
1984-05-20,1.9106699
1984-05-21,1.8071448
1984-05-22,1.7640637
1984-05-23,1.7676979
1984-05-24,1.6928552
1984-05-25,1.6478236
1984-05-26,1.6006998
1984-05-27,1.5777385
1984-05-28,1.525661
1984-05-29,1.4813867
1984-05-30,1.4521345
1984-05-31,1.4137598
1984-06-01,1.3687642
1984-06-02,1.3366916
1984-06-03,1.302759
1984-06-04,1.2797866
1984-06-05,1.2817006
1984-06-06,1.2501355
1984-06-07,1.4482447
1984-06-08,1.2139817
1984-06-09,1.1369824
1984-06-10,1.1007348
1984-06-11,1.0777448
1984-06-12,1.0601052
1984-06-13,1.021308
1984-06-14,0.99986976
1984-06-15,0.9742051
1984-06-16,0.96258473
1984-06-17,0.9521616
1984-06-18,0.91677094
1984-06-19,0.8884638
1984-06-20,0.8780965
1984-06-21,0.8563546
1984-06-22,0.8411417
1984-06-23,0.81390786
1984-06-24,0.7999927
1984-06-25,0.77911
1984-06-26,0.7778175
1984-06-27,0.7528323
1984-06-28,0.7322149
1984-06-29,0.7171418
1984-06-30,0.7015859
1984-07-01,0.69358164
1984-07-02,0.67520344
1984-07-03,0.6610149
1984-07-04,0.64632607
1984-07-05,0.63538694
1984-07-06,0.62007546
1984-07-07,0.612886
1984-07-08,0.6018927
1984-07-09,0.58763266
1984-07-10,0.57562464
1984-07-11,0.55997175
1984-07-12,0.55113536
1984-07-13,0.5443826
1984-07-14,0.52632827
1984-07-15,0.51786035
1984-07-16,0.5070688
1984-07-17,0.5074914
1984-07-18,0.4842056
1984-07-19,0.4742846
1984-07-20,0.46858317
1984-07-21,0.45765978
1984-07-22,0.44855967
1984-07-23,0.44068563
1984-07-24,0.43152356
1984-07-25,0.4239036
1984-07-26,0.41530213
1984-07-27,0.40418664
1984-07-28,0.39182758
1984-07-29,0.3859166
1984-07-30,0.37743738
1984-07-31,0.37854287
1984-08-01,0.36180985
1984-08-02,0.35529536
1984-08-03,0.34707028
1984-08-04,0.34765008
1984-08-05,0.3338695
1984-08-06,0.32863346
1984-08-07,0.3234656
1984-08-08,0.3133744
1984-08-09,0.30568463
1984-08-10,0.3052305
1984-08-11,0.2954537
1984-08-12,0.2703829
1984-08-13,0.1308495
1984-08-14,0.0073708193
1984-08-15,0.03530509
1984-08-16,0.0022706315
1984-08-17,2.936769e-11
1984-08-18,3.7983316999999997e-19
1984-08-19,4.9126517e-27
1984-08-20,6.3538816e-35
1984-08-21,8.21e-43
1984-08-22,0.0
1984-08-23,0.0
1984-08-24,0.0
1984-08-25,0.0
1984-08-26,0.0
1984-08-27,0.0
1984-08-28,0.0
1984-08-29,0.0
1984-08-30,0.0
1984-08-31,0.0
1984-09-01,0.0
1984-09-02,0.0
1984-09-03,0.0
1984-09-04,0.0
1984-09-05,0.0
1984-09-06,0.0
1984-09-07,0.0
1984-09-08,0.0
1984-09-09,0.0
1984-09-10,0.0
1984-09-11,0.0
1984-09-12,0.0
1984-09-13,0.0
1984-09-14,0.0
1984-09-15,0.015208346
1984-09-16,0.0009781182
1984-09-17,1.26506965e-11
1984-09-18,1.6362044e-19
1984-09-19,2.1162193e-27
1984-09-20,0.01249257
1984-09-21,0.00080345426
1984-09-22,1.0391644e-11
1984-09-23,1.344025e-19
1984-09-24,1.738323e-27
1984-09-25,2.2482965e-35
1984-09-26,2.9100000000000002e-43
1984-09-27,0.0
1984-09-28,0.0
1984-09-29,0.0
1984-09-30,0.0
1984-10-01,0.0
1984-10-02,0.0
1984-10-03,0.0
1984-10-04,0.014665191
1984-10-05,0.0009431854
1984-10-06,1.2198886e-11
1984-10-07,0.11026051
1984-10-08,0.007091357
1984-10-09,9.171755e-11
1984-10-10,1.1862481999999998e-18
1984-10-11,1.5342589999999998e-26
1984-10-12,1.984366e-34
1984-10-13,2.567e-42
1984-10-14,0.0
1984-10-15,0.014665191
1984-10-16,0.0009431854
1984-10-17,1.2198886e-11
1984-10-18,1.5777686e-19
1984-10-19,2.04064e-27
1984-10-20,2.6393044999999996e-35
1984-10-21,3.4200000000000003e-43
1984-10-22,0.0
1984-10-23,0.0
1984-10-24,0.0
1984-10-25,0.0
1984-10-26,0.0
1984-10-27,0.0
1984-10-28,0.0
1984-10-29,0.0
1984-10-30,0.0
1984-10-31,0.0
1984-11-01,0.0
1984-11-02,0.0
1984-11-03,0.0
1984-11-04,0.0
1984-11-05,0.0
1984-11-06,0.0
1984-11-07,0.0
1984-11-08,0.0
1984-11-09,0.0
1984-11-10,0.0
1984-11-11,0.0
1984-11-12,0.0
1984-11-13,0.0
1984-11-14,0.0
1984-11-15,0.0
1984-11-16,0.0
1984-11-17,0.0
1984-11-18,0.0
1984-11-19,0.14882453
1984-11-20,0.009571586
1984-11-21,1.2379611e-10
1984-11-22,1.6011428999999999e-18
1984-11-23,0.042637687
1984-11-24,0.021209503
1984-11-25,0.001187715
1984-11-26,1.5361561e-11
1984-11-27,0.036119822
1984-11-28,0.013729291
1984-11-29,0.0007335887
1984-11-30,0.026614608
1984-12-01,0.001711707
1984-12-02,2.2138721e-11
1984-12-03,2.8633578e-19
1984-12-04,3.703384e-27
1984-12-05,4.7898493e-35
1984-12-06,6.199999999999999e-43
1984-12-07,0.0
1984-12-08,0.0
1984-12-09,0.0
1984-12-10,0.0
1984-12-11,0.0
1984-12-12,0.0
1984-12-13,0.0
1984-12-14,0.0
1984-12-15,0.0
1984-12-16,0.0
1984-12-17,0.0
1984-12-18,0.0
1984-12-19,0.0
1984-12-20,0.42882106
1984-12-21,0.08135181
1984-12-22,0.07841377
1984-12-23,0.07651722
1984-12-24,0.004611129
1984-12-25,5.9639e-11
1984-12-26,0.4877534
1984-12-27,0.03136965
1984-12-28,4.0572593e-10
1984-12-29,5.247541e-18
1984-12-30,6.787017999999999e-26
1984-12-31,8.778132e-34
1985-01-01,1.1353000000000001e-41
1985-01-02,0.0
1985-01-03,0.0
1985-01-04,0.016837811
1985-01-05,0.07984042
1985-01-06,0.01701467
1985-01-07,0.0007685215
1985-01-08,0.866061
1985-01-09,0.72052234
1985-01-10,0.042757742
1985-01-11,5.530162e-10
1985-01-12,7.152551000000001e-18
1985-01-13,9.250902e-26
1985-01-14,1.1964847999999999e-33
1985-01-15,1.5475000000000002e-41
1985-01-16,0.0
1985-01-17,0.038292445
1985-01-18,0.002462762
1985-01-19,0.015208346
1985-01-20,0.0009781182
1985-01-21,1.26506965e-11
1985-01-22,0.080386974
1985-01-23,0.0051700533
1985-01-24,0.015208346
1985-01-25,0.0009781182
1985-01-26,1.26506965e-11
1985-01-27,0.014393614
1985-01-28,0.00092571904
1985-01-29,1.1972981e-11
1985-01-30,1.5485506e-19
1985-01-31,2.0028504000000003e-27
1985-02-01,2.5904284999999997e-35
1985-02-02,3.3500000000000003e-43
1985-02-03,0.0
1985-02-04,0.0
1985-02-05,0.025799872
1985-02-06,0.0016593076
1985-02-07,2.1461003e-11
1985-02-08,2.7757038e-19
1985-02-09,0.014122036
1985-02-10,0.0009082526
1985-02-11,1.17470755e-11
1985-02-12,1.5193326e-19
1985-02-13,1.9650608e-27
1985-02-14,2.5415524999999997e-35
1985-02-15,3.2999999999999998e-43
1985-02-16,0.0
1985-02-17,0.790834
1985-02-18,0.050862145
1985-02-19,6.5783623e-10
1985-02-20,8.508263e-18
1985-02-21,1.1004341e-25
1985-02-22,1.4232695e-33
1985-02-23,0.020096743
1985-02-24,0.093628906
1985-02-25,0.113211736
1985-02-26,0.041118007
1985-02-27,0.002200766
1985-02-28,1.5678176
1985-03-01,0.100833505
1985-03-02,1.3041513e-09
1985-03-03,0.17408125
1985-03-04,0.01119596
1985-03-05,1.448053e-10
1985-03-06,0.011949415
1985-03-07,0.24790415
1985-03-08,0.15222639
1985-03-09,0.054936327
1985-03-10,0.08933097
1985-03-11,0.018046884
1985-03-12,4.7547693
1985-03-13,5.2411294
1985-03-14,9.414181
1985-03-15,0.5850544
1985-03-16,7.566924e-09
1985-03-17,9.78684e-17
1985-03-18,1.2658015e-24
1985-03-19,0.015208346
1985-03-20,0.11612703
1985-03-21,0.0074057523
1985-03-22,9.5783846e-11
1985-03-23,1.2388405e-18
1985-03-24,0.025256718
1985-03-25,0.043718904
1985-03-26,0.0027072916
1985-03-27,3.5015324e-11
1985-03-28,4.52878e-19
1985-03-29,5.8573928000000006e-27
1985-03-30,7.575782e-35
1985-03-31,9.8e-43
1985-04-01,0.26560292
1985-04-02,1.888795
1985-04-03,1.420692
1985-04-04,0.09666483
1985-04-05,0.0008383881
1985-04-06,0.065178625
1985-04-07,0.09163993
1985-04-08,0.0056241797
1985-04-09,0.02498514
1985-04-10,0.0016069085
1985-04-11,2.0783288e-11
1985-04-12,2.68805e-19
1985-04-13,3.476646e-27
1985-04-14,4.496593e-35
1985-04-15,5.8200000000000005e-43
1985-04-16,0.0
1985-04-17,0.0
1985-04-18,0.051599745
1985-04-19,0.0033186153
1985-04-20,0.23763041
1985-04-21,0.015283097
1985-04-22,1.9766713e-10
1985-04-23,2.5565693999999998e-18
1985-04-24,3.3065925e-26
1985-04-25,4.2766509999999995e-34
1985-04-26,5.531e-42
1985-04-27,0.0
1985-04-28,0.0
1985-04-29,0.0
1985-04-30,0.0
1985-05-01,0.0
1985-05-02,0.0
1985-05-03,0.0
1985-05-04,0.0
1985-05-05,0.0
1985-05-06,0.0
1985-05-07,0.0
1985-05-08,0.0
1985-05-09,0.0
1985-05-10,0.0
1985-05-11,0.37993708
1985-05-12,0.05838269
1985-05-13,0.016305337
1985-05-14,0.00090825267
1985-05-15,1.1747076e-11
1985-05-16,0.0135788815
1985-05-17,0.00087331986
1985-05-18,1.1295266e-11
1985-05-19,1.4608968999999999e-19
1985-05-20,0.058660764
1985-05-21,0.0037727416
1985-05-22,4.8795544e-11
1985-05-23,6.3110743e-19
1985-05-24,8.16256e-27
1985-05-25,1.0557218e-34
1985-05-26,1.3650000000000001e-42
1985-05-27,0.0
1985-05-28,0.0
1985-05-29,0.0
1985-05-30,0.0
1985-05-31,0.0
1985-06-01,0.018467277
1985-06-02,0.001187715
1985-06-03,1.5361561e-11
1985-06-04,1.9868197e-19
1985-06-05,2.569695e-27
1985-06-06,3.3235688e-35
1985-06-07,4.3e-43
1985-06-08,0.0
1985-06-09,0.0
1985-06-10,0.0
1985-06-11,0.0
1985-06-12,0.0
1985-06-13,0.0
1985-06-14,0.0
1985-06-15,0.0
1985-06-16,0.0
1985-06-17,0.0
1985-06-18,0.0
1985-06-19,0.0
1985-06-20,0.0
1985-06-21,0.0
1985-06-22,0.0
1985-06-23,0.0
1985-06-24,0.0
1985-06-25,0.0
1985-06-26,0.0
1985-06-27,0.0
1985-06-28,0.0
1985-06-29,0.0
1985-06-30,0.0
1985-07-01,0.0
1985-07-02,0.0
1985-07-03,0.024713563
1985-07-04,0.001589442
1985-07-05,2.0557382e-11
1985-07-06,2.6588322e-19
1985-07-07,3.4388565000000004e-27
1985-07-08,4.447717e-35
1985-07-09,5.760000000000001e-43
1985-07-10,0.0
1985-07-11,0.0
1985-07-12,0.0
1985-07-13,0.0
1985-07-14,0.0
1985-07-15,0.0
1985-07-16,0.0
1985-07-17,0.0
1985-07-18,0.0
1985-07-19,0.0
1985-07-20,0.0
1985-07-21,0.0
1985-07-22,0.0
1985-07-23,0.0
1985-07-24,0.0
1985-07-25,0.0
1985-07-26,0.0
1985-07-27,0.0
1985-07-28,0.0
1985-07-29,0.0
1985-07-30,0.0
1985-07-31,0.0
1985-08-01,0.0
1985-08-02,0.0
1985-08-03,0.0
1985-08-04,0.0
1985-08-05,0.0
1985-08-06,0.0
1985-08-07,0.0
1985-08-08,0.0
1985-08-09,0.0
1985-08-10,0.0
1985-08-11,0.0
1985-08-12,0.0
1985-08-13,0.0
1985-08-14,0.0
1985-08-15,0.0
1985-08-16,0.0
1985-08-17,0.0
1985-08-18,0.0
1985-08-19,0.0
1985-08-20,0.0
1985-08-21,0.0
1985-08-22,0.0
1985-08-23,0.0
1985-08-24,0.0
1985-08-25,0.0
1985-08-26,0.0
1985-08-27,0.0
1985-08-28,0.0
1985-08-29,0.0
1985-08-30,0.0
1985-08-31,0.0
1985-09-01,0.0
1985-09-02,0.0
1985-09-03,0.0
1985-09-04,0.0
1985-09-05,0.0
1985-09-06,0.0
1985-09-07,0.0
1985-09-08,0.0
1985-09-09,0.0
1985-09-10,0.0
1985-09-11,0.0
1985-09-12,0.041279797
1985-09-13,0.0026548924
1985-09-14,3.4337606e-11
1985-09-15,4.4411265e-19
1985-09-16,5.744024e-27
1985-09-17,7.429154e-35
1985-09-18,9.610000000000001e-43
1985-09-19,0.0
1985-09-20,0.0
1985-09-21,0.0
1985-09-22,0.0
1985-09-23,0.0
1985-09-24,0.0
1985-09-25,0.0
1985-09-26,0.0
1985-09-27,0.0
1985-09-28,0.0
1985-09-29,0.0
1985-09-30,0.0
1985-10-01,0.0
1985-10-02,0.0
1985-10-03,0.0
1985-10-04,0.0
1985-10-05,0.0
1985-10-06,0.0
1985-10-07,0.0
1985-10-08,0.0
1985-10-09,0.0
1985-10-10,0.0
1985-10-11,0.0
1985-10-12,0.0
1985-10-13,0.0
1985-10-14,0.0
1985-10-15,0.0
1985-10-16,0.0
1985-10-17,0.0
1985-10-18,0.0
1985-10-19,0.0
1985-10-20,0.0
1985-10-21,0.0
1985-10-22,0.0
1985-10-23,0.0
1985-10-24,0.0
1985-10-25,0.0
1985-10-26,0.0
1985-10-27,0.0
1985-10-28,0.0
1985-10-29,0.0
1985-10-30,0.0
1985-10-31,0.0
1985-11-01,0.0
1985-11-02,0.0
1985-11-03,0.0
1985-11-04,0.0
1985-11-05,0.0
1985-11-06,0.0
1985-11-07,0.0
1985-11-08,0.0
1985-11-09,0.0
1985-11-10,0.0
1985-11-11,0.0
1985-11-12,0.0
1985-11-13,0.0
1985-11-14,0.0
1985-11-15,0.0
1985-11-16,0.0
1985-11-17,0.0
1985-11-18,0.0
1985-11-19,0.0
1985-11-20,0.0
1985-11-21,0.0
1985-11-22,0.0
1985-11-23,0.0
1985-11-24,0.0
1985-11-25,0.0
1985-11-26,0.0
1985-11-27,0.0
1985-11-28,0.0
1985-11-29,0.0
1985-11-30,0.0
1985-12-01,0.0
1985-12-02,0.0
1985-12-03,0.0
1985-12-04,0.0
1985-12-05,0.0
1985-12-06,0.0
1985-12-07,0.0
1985-12-08,0.0
1985-12-09,0.0
1985-12-10,0.0
1985-12-11,0.0
1985-12-12,0.0
1985-12-13,0.0
1985-12-14,0.0
1985-12-15,0.0
1985-12-16,0.0
1985-12-17,0.049427126
1985-12-18,0.003178884
1985-12-19,4.1114764e-11
1985-12-20,5.3176645e-19
1985-12-21,0.022540942
1985-12-22,0.0014497109
1985-12-23,0.013035725
1985-12-24,0.021478286
1985-12-25,0.0013274462
1985-12-26,1.7168805e-11
1985-12-27,2.2205633e-19
1985-12-28,0.043180842
1985-12-29,0.0027771571
1985-12-30,3.5918945e-11
1985-12-31,4.645651999999999e-19
1986-01-01,6.0085513e-27
1986-01-02,7.771285599999999e-35
1986-01-03,1.0050000000000001e-42
1986-01-04,0.0
1986-01-05,0.0521429
1986-01-06,0.003353548
1986-01-07,4.3373815e-11
1986-01-08,5.609844e-19
1986-01-09,0.13307303
1986-01-10,0.008558534
1986-01-11,1.1069359e-10
1986-01-12,0.07495542
1986-01-13,0.0048207254
1986-01-14,0.012220993
1986-01-15,0.77396744
1986-01-16,1.4008255
1986-01-17,0.086895324
1986-01-18,1.1238789e-09
1986-01-19,0.2389883
1986-01-20,0.0775617
1986-01-21,0.9181301
1986-01-22,2.9937313
1986-01-23,0.2561106
1986-01-24,0.09558175
1986-01-25,0.5444071
1986-01-26,0.07428619
1986-01-27,3.7440748
1986-01-28,30.661129
1986-01-29,1.9703314
1986-01-30,0.17361417
1986-01-31,2.183458
1986-02-01,0.9338066
1986-02-02,0.08691999
1986-02-03,0.27551264
1986-02-04,1.2271779
1986-02-05,0.10875518
1986-02-06,0.015570051
1986-02-07,0.00087331986
1986-02-08,1.1295266e-11
1986-02-09,1.6226763
1986-02-10,0.11685429
1986-02-11,0.0008034556
1986-02-12,1.03916615e-11
1986-02-13,1.3440273999999998e-19
1986-02-14,0.11080367
1986-02-15,0.022877792
1986-02-16,0.0010130511
1986-02-17,1.31025095e-11
1986-02-18,1.6946404999999998e-19
1986-02-19,0.013035725
1986-02-20,0.036143474
1986-02-21,0.016935822
1986-02-22,0.2263526
1986-02-23,0.28906208
1986-02-24,0.017658526
1986-02-25,2.2839027e-10
1986-02-26,0.09423743
1986-02-27,0.073955245
1986-02-28,0.019031791
1986-03-01,0.015065221
1986-03-02,1.7001693
1986-03-03,0.13318607
1986-03-04,0.0015370443
1986-03-05,7.539266
1986-03-06,1.5003134
1986-03-07,0.13591704
1986-03-08,1.4577531
1986-03-09,0.20073584
1986-03-10,0.03622961
1986-03-11,0.7202091
1986-03-12,0.09644048
1986-03-13,0.033104822
1986-03-14,0.015500185
1986-03-15,0.00087331986
1986-03-16,1.1295266e-11
1986-03-17,1.4608968999999999e-19
1986-03-18,1.8894817e-27
1986-03-19,2.4438008e-35
1986-03-20,0.09939741
1986-03-21,0.024316825
1986-03-22,0.0011527824
1986-03-23,0.013307304
1986-03-24,0.0008558535
1986-03-25,3.4414318
1986-03-26,0.23274045
1986-03-27,0.11370988
1986-03-28,0.032794315
1986-03-29,0.0016418414
1986-03-30,2.1235099e-11
1986-03-31,2.7464859999999996e-19
1986-04-01,3.5522252e-27
1986-04-02,0.8690484
1986-04-03,1.4441972
1986-04-04,1.2858592
1986-04-05,70.51957
1986-04-06,8.291565
1986-04-07,5.8983107
1986-04-08,4.444651
1986-04-09,4.245416
1986-04-10,4.1869764
1986-04-11,4.108668
1986-04-12,4.029163
1986-04-13,3.9282212
1986-04-14,3.8090618
1986-04-15,5.6132183
1986-04-16,3.6985905
1986-04-17,3.7271037
1986-04-18,3.5179045
1986-04-19,3.3345985
1986-04-20,5.7136
1986-04-21,5.4420137
1986-04-22,3.1744177
1986-04-23,2.9494073
1986-04-24,3.033823
1986-04-25,3.1324666
1986-04-26,2.9605565
1986-04-27,2.898331
1986-04-28,2.6457565
1986-04-29,2.588171
1986-04-30,2.610484
1986-05-01,2.4991145
1986-05-02,2.4391623
1986-05-03,2.3659785
1986-05-04,2.3017426
1986-05-05,2.2403255
1986-05-06,2.179863
1986-05-07,2.129501
1986-05-08,2.0675645
1986-05-09,2.014347
1986-05-10,1.9563096
1986-05-11,1.9022678
1986-05-12,1.8479625
1986-05-13,1.8033991
1986-05-14,1.7529466
1986-05-15,1.6952853
1986-05-16,1.6480507
1986-05-17,1.599885
1986-05-18,1.5847472
1986-05-19,1.5250288
1986-05-20,1.4720831
1986-05-21,1.4355175
1986-05-22,1.3907316
1986-05-23,1.3670778
1986-05-24,1.33423
1986-05-25,1.2922819
1986-05-26,1.3201311
1986-05-27,2.3964484
1986-05-28,1.3697298
1986-05-29,1.242493
1986-05-30,1.1522093
1986-05-31,1.1447365
1986-06-01,1.1025198
1986-06-02,1.0742842
1986-06-03,1.0544466
1986-06-04,1.0304638
1986-06-05,1.0080851
1986-06-06,0.9869152
1986-06-07,0.96988857
1986-06-08,0.95421034
1986-06-09,0.9358862
1986-06-10,0.9206463
1986-06-11,0.9004561
1986-06-12,0.8739592
1986-06-13,0.86717486
1986-06-14,0.8385989
1986-06-15,0.8272772
1986-06-16,0.8125438
1986-06-17,0.8097345
1986-06-18,0.78055346
1986-06-19,0.7536994
1986-06-20,0.76730084
1986-06-21,0.75171274
1986-06-22,0.7210453
1986-06-23,0.70013106
1986-06-24,0.6926622
1986-06-25,0.6740647
1986-06-26,0.66311765
1986-06-27,0.6497247
1986-06-28,0.6366828
1986-06-29,0.6266632
1986-06-30,0.61221886
1986-07-01,0.60236603
1986-07-02,0.59228444
1986-07-03,0.6085109
1986-07-04,0.59628654
1986-07-05,0.56284136
1986-07-06,0.5574864
1986-07-07,0.5447843
1986-07-08,0.5320314
1986-07-09,0.5312629
1986-07-10,0.528004
1986-07-11,0.5049819
1986-07-12,0.5078599
1986-07-13,0.4883142
1986-07-14,0.48432338
1986-07-15,0.47301403
1986-07-16,0.47284108
1986-07-17,0.45766765
1986-07-18,0.44745588
1986-07-19,0.44903466
1986-07-20,0.43532392
1986-07-21,0.42384163
1986-07-22,0.41664258
1986-07-23,0.41405076
1986-07-24,0.4046774
1986-07-25,0.3983804
1986-07-26,0.39448312
1986-07-27,0.3861087
1986-07-28,0.3763511
1986-07-29,0.37141198
1986-07-30,0.36189887
1986-07-31,0.35831764
1986-08-01,0.3510645
1986-08-02,0.34599358
1986-08-03,0.33537668
1986-08-04,0.34340346
1986-08-05,0.32685298
1986-08-06,0.31950632
1986-08-07,0.3250793
1986-08-08,0.30808258
1986-08-09,0.30533528
1986-08-10,0.29952735
1986-08-11,0.28205115
1986-08-12,0.1994775
1986-08-13,0.080174975
1986-08-14,0.015807793
1986-08-15,0.012683004
1986-08-16,0.11646059
1986-08-17,0.24425636
1986-08-18,0.015230698
1986-08-19,0.050513435
1986-08-20,0.0032487498
1986-08-21,4.2018385e-11
1986-08-22,5.434535999999999e-19
1986-08-23,7.028871e-27
1986-08-24,9.090938e-35
1986-08-25,1.176e-42
1986-08-26,0.0
1986-08-27,0.0
1986-08-28,0.0
1986-08-29,0.0
1986-08-30,0.0
1986-08-31,0.0
1986-09-01,0.04888397
1986-09-02,0.0031439513
1986-09-03,4.0662956e-11
1986-09-04,5.2592283e-19
1986-09-05,6.8021334e-27
1986-09-06,8.797682e-35
1986-09-07,1.138e-42
1986-09-08,0.0
1986-09-09,0.0
1986-09-10,0.0
1986-09-11,0.0
1986-09-12,0.0
1986-09-13,0.0
1986-09-14,0.0
1986-09-15,0.013035725
1986-09-16,0.000838387
1986-09-17,1.0843454e-11
1986-09-18,1.402461e-19
1986-09-19,1.8139023e-27
1986-09-20,2.3460484e-35
1986-09-21,3.04e-43
1986-09-22,0.0
1986-09-23,0.0
1986-09-24,0.0
1986-09-25,0.0
1986-09-26,0.0
1986-09-27,0.0
1986-09-28,0.0
1986-09-29,0.0
1986-09-30,0.0
1986-10-01,0.0
1986-10-02,0.0
1986-10-03,0.0
1986-10-04,0.0
1986-10-05,0.0
1986-10-06,0.0
1986-10-07,0.1710939
1986-10-08,0.084329784
1986-10-09,0.0047159274
1986-10-10,6.099444e-11
1986-10-11,7.888842999999999e-19
1986-10-12,1.0203201e-26
1986-10-13,1.3196524e-34
1986-10-14,1.707e-42
1986-10-15,0.0
1986-10-16,0.0
1986-10-17,0.0
1986-10-18,0.0
1986-10-19,0.0
1986-10-20,0.0
1986-10-21,0.0
1986-10-22,0.0
1986-10-23,0.0
1986-10-24,0.036662977
1986-10-25,0.027886258
1986-10-26,0.0016418413
1986-10-27,2.1235099e-11
1986-10-28,2.7464859999999996e-19
1986-10-29,3.5522252e-27
1986-10-30,4.594345e-35
1986-10-31,5.94e-43
1986-11-01,0.0
1986-11-02,0.0
1986-11-03,0.0
1986-11-04,0.0
1986-11-05,0.0
1986-11-06,0.011406261
1986-11-07,0.0007335887
1986-11-08,9.488023e-12
1986-11-09,1.2271532999999999e-19
1986-11-10,1.5871645500000001e-27
1986-11-11,2.0527924999999998e-35
1986-11-12,2.65e-43
1986-11-13,0.0
1986-11-14,0.0
1986-11-15,0.0
1986-11-16,0.0
1986-11-17,0.0
1986-11-18,0.057574455
1986-11-19,0.0037028762
1986-11-20,0.029058805
1986-11-21,0.01381832
1986-11-22,0.00076852145
1986-11-23,9.939834e-12
1986-11-24,1.2855892e-19
1986-11-25,1.6627437000000002e-27
1986-11-26,2.1505445e-35
1986-11-27,2.7700000000000003e-43
1986-11-28,0.0
1986-11-29,0.0
1986-11-30,0.0
1986-12-01,0.0
1986-12-02,0.0
1986-12-03,0.0
1986-12-04,0.0
1986-12-05,0.0
1986-12-06,0.0
1986-12-07,0.0
1986-12-08,0.0
1986-12-09,0.0
1986-12-10,0.0
1986-12-11,0.0
1986-12-12,0.0
1986-12-13,0.0
1986-12-14,0.027157763
1986-12-15,0.0017466397
1986-12-16,2.2590532e-11
1986-12-17,2.9217937e-19
1986-12-18,3.778963e-27
1986-12-19,0.011406261
1986-12-20,0.0007335887
1986-12-21,9.488023e-12
1986-12-22,1.2271532999999999e-19
1986-12-23,1.5871645500000001e-27
1986-12-24,2.0527924999999998e-35
1986-12-25,2.65e-43
1986-12-26,0.0
1986-12-27,0.0
1986-12-28,0.0
1986-12-29,0.015208346
1986-12-30,0.0009781182
1986-12-31,1.26506965e-11
1987-01-01,1.6362044e-19
1987-01-02,2.1162193e-27
1987-01-03,0.09994056
1987-01-04,0.052052673
1987-01-05,0.0029343548
1987-01-06,2.564779
1987-01-07,6.8194194
1987-01-08,0.614553
1987-01-09,0.046761356
1987-01-10,0.76699823
1987-01-11,0.30528307
1987-01-12,3.6211205
1987-01-13,0.23183148
1987-01-14,0.058117613
1987-01-15,0.003737809
1987-01-16,4.8343735e-11
1987-01-17,6.2526385999999995e-19
1987-01-18,8.086980600000001e-27
1987-01-19,0.029330382
1987-01-20,0.039907236
1987-01-21,0.0024452955
1987-01-22,0.11080367
1987-01-23,0.025593568
1987-01-24,0.091894634
1987-01-25,0.005833776
1987-01-26,0.034761935
1987-01-27,0.14725815
1987-01-28,157.34076
1987-01-29,10.118703
1987-01-30,1.3087237e-07
1987-01-31,0.014122036
1987-02-01,0.0009082526
1987-02-02,0.2123737
1987-02-03,2.8255734
1987-02-04,11.298148
1987-02-05,7.797748
1987-02-06,5.938133
1987-02-07,1.9122819
1987-02-08,2.206394
1987-02-09,3.232523
1987-02-10,1.5798874
1987-02-11,1.8809398
1987-02-12,8.096384
1987-02-13,9.652975
1987-02-14,6.4919114
1987-02-15,7.2571507
1987-02-16,5.8923388
1987-02-17,5.895859
1987-02-18,5.9106803
1987-02-19,5.593765
1987-02-20,5.449507
1987-02-21,5.4255195
1987-02-22,5.2113004
1987-02-23,5.401001
1987-02-24,5.3942585
1987-02-25,4.7593923
1987-02-26,4.6640563
1987-02-27,4.4579487
1987-02-28,4.343349
1987-03-01,4.730604
1987-03-02,5.6738625
1987-03-03,4.3587165
1987-03-04,3.894473
1987-03-05,5.513344
1987-03-06,6.9301925
1987-03-07,5.799482
1987-03-08,4.3615484
1987-03-09,4.3254223
1987-03-10,5.671403
1987-03-11,4.328172
1987-03-12,4.576516
1987-03-13,4.721969
1987-03-14,7.4220653
1987-03-15,7.150366
1987-03-16,5.398052
1987-03-17,7.2561307
1987-03-18,7.3713555
1987-03-19,5.207235
1987-03-20,4.9524055
1987-03-21,4.9001546
1987-03-22,5.5056067
1987-03-23,4.688447
1987-03-24,4.514696
1987-03-25,4.3737187
1987-03-26,4.328208
1987-03-27,4.1935744
1987-03-28,4.7165456
1987-03-29,3.8338811
1987-03-30,3.6703575
1987-03-31,3.6696074
1987-04-01,4.8483667
1987-04-02,20.716393
1987-04-03,8.124667
1987-04-04,5.3112636
1987-04-05,5.654534
1987-04-06,12.914839
1987-04-07,10.419651
1987-04-08,9.867798
1987-04-09,10.380916
1987-04-10,8.683833
1987-04-11,7.8278017
1987-04-12,7.264454
1987-04-13,6.5990705
1987-04-14,6.324309
1987-04-15,5.545305
1987-04-16,5.2207923
1987-04-17,5.5134945
1987-04-18,4.5818505
1987-04-19,4.3039293
1987-04-20,7.401456
1987-04-21,7.5192804
1987-04-22,3.8810945
1987-04-23,6.1277647
1987-04-24,3.595951
1987-04-25,3.501888
1987-04-26,3.2410967
1987-04-27,3.446962
1987-04-28,6.7617846
1987-04-29,49.216866
1987-04-30,21.710093
1987-05-01,16.930733
1987-05-02,13.601868
1987-05-03,11.4636965
1987-05-04,9.755898
1987-05-05,8.467004
1987-05-06,7.4683814
1987-05-07,6.699704
1987-05-08,6.0419464
1987-05-09,5.9211035
1987-05-10,5.195097
1987-05-11,5.458068
1987-05-12,5.74275
1987-05-13,4.4350247
1987-05-14,4.0146966
1987-05-15,3.8804383
1987-05-16,3.7072558
1987-05-17,3.766379
1987-05-18,3.4175458
1987-05-19,3.224271
1987-05-20,3.0696375
1987-05-21,2.9471502
1987-05-22,2.8374817
1987-05-23,2.7420912
1987-05-24,2.7043335
1987-05-25,2.542585
1987-05-26,2.4646919
1987-05-27,2.409286
1987-05-28,2.2585356
1987-05-29,2.1730099
1987-05-30,2.1002247
1987-05-31,2.0268774
1987-06-01,1.9472139
1987-06-02,1.8861592
1987-06-03,1.8257838
1987-06-04,1.8775353
1987-06-05,1.7284719
1987-06-06,1.677919
1987-06-07,1.6342909
1987-06-08,1.563759
1987-06-09,1.5124096
1987-06-10,1.4556155
1987-06-11,1.413593
1987-06-12,1.3793383
1987-06-13,1.3357434
1987-06-14,1.2972227
1987-06-15,1.2501069
1987-06-16,1.2187092
1987-06-17,1.1924334
1987-06-18,1.1574572
1987-06-19,1.1186459
1987-06-20,1.126608
1987-06-21,1.0713266
1987-06-22,1.0299792
1987-06-23,1.0009369
1987-06-24,0.972339
1987-06-25,0.94263726
1987-06-26,0.9185689
1987-06-27,0.8978546
1987-06-28,0.87407357
1987-06-29,0.8451946
1987-06-30,0.82550627
1987-07-01,0.801541
1987-07-02,0.779977
1987-07-03,0.75913095
1987-07-04,0.7399493
1987-07-05,0.71924293
1987-07-06,0.7038633
1987-07-07,0.6923635
1987-07-08,0.6734866
1987-07-09,0.6562933
1987-07-10,0.6414123
1987-07-11,0.62639946
1987-07-12,0.61462814
1987-07-13,0.5968201
1987-07-14,0.58241236
1987-07-15,0.5785692
1987-07-16,0.55800873
1987-07-17,0.5458357
1987-07-18,0.53970546
1987-07-19,0.5282214
1987-07-20,0.52044433
1987-07-21,0.5074976
1987-07-22,0.49718893
1987-07-23,0.49005976
1987-07-24,0.48746794
1987-07-25,0.47211984
1987-07-26,0.46027863
1987-07-27,0.45496318
1987-07-28,0.44570416
1987-07-29,0.4350794
1987-07-30,0.4262858
1987-07-31,0.4173429
1987-08-01,0.41462883
1987-08-02,0.4302406
1987-08-03,0.4198474
1987-08-04,0.3930424
1987-08-05,0.38973615
1987-08-06,0.38121244
1987-08-07,0.375511
1987-08-08,0.36621705
1987-08-09,0.36211017
1987-08-10,0.36079678
1987-08-11,0.3487775
1987-08-12,0.35344055
1987-08-13,0.33423626
1987-08-14,0.33080608
1987-08-15,0.32387692
1987-08-16,0.3228971
1987-08-17,0.32449162
1987-08-18,0.30884492
1987-08-19,0.30593082
1987-08-20,0.2944023
1987-08-21,0.28334877
1987-08-22,0.1908918
1987-08-23,0.045397274
1987-08-24,0.013607026
1987-08-25,0.012139848
1987-08-26,0.012139848
1987-08-27,0.0007335887
1987-08-28,9.488023e-12
1987-08-29,1.2271532999999999e-19
1987-08-30,1.5871645500000001e-27
1987-08-31,2.0527924999999998e-35
1987-09-01,2.65e-43
1987-09-02,0.0
1987-09-03,0.0
1987-09-04,0.0
1987-09-05,0.0
1987-09-06,0.0
1987-09-07,0.0
1987-09-08,0.09396585
1987-09-09,0.006043373
1987-09-10,7.816323e-11
1987-09-11,1.0109404999999998e-18
1987-09-12,1.3075212e-26
1987-09-13,1.6911099e-34
1987-09-14,2.1870000000000002e-42
1987-09-15,0.0
1987-09-16,0.0
1987-09-17,0.0
1987-09-18,0.0
1987-09-19,0.0
1987-09-20,0.0
1987-09-21,0.0
1987-09-22,0.0
1987-09-23,0.0
1987-09-24,0.0
1987-09-25,0.015208346
1987-09-26,0.0009781182
1987-09-27,1.26506965e-11
1987-09-28,1.6362044e-19
1987-09-29,2.1162193e-27
1987-09-30,2.7370565e-35
1987-10-01,3.55e-43
1987-10-02,0.0
1987-10-03,0.0
1987-10-04,0.0
1987-10-05,0.045081884
1987-10-06,0.0028994218
1987-10-07,3.750028e-11
1987-10-08,4.8501777e-19
1987-10-09,0.012220993
1987-10-10,0.0007859878
1987-10-11,1.0165739e-11
1987-10-12,1.3148070999999999e-19
1987-10-13,1.7005334000000002e-27
1987-10-14,2.1994205e-35
1987-10-15,2.8400000000000003e-43
1987-10-16,0.0
1987-10-17,0.013035725
1987-10-18,0.000838387
1987-10-19,1.0843454e-11
1987-10-20,1.402461e-19
1987-10-21,1.8139023e-27
1987-10-22,2.3460484e-35
1987-10-23,3.04e-43
1987-10-24,0.0
1987-10-25,0.0
1987-10-26,0.0
1987-10-27,0.0
1987-10-28,0.0
1987-10-29,0.0
1987-10-30,0.0
1987-10-31,0.0
1987-11-01,0.0
1987-11-02,0.0
1987-11-03,0.0
1987-11-04,0.0
1987-11-05,0.0
1987-11-06,0.0
1987-11-07,0.011949415
1987-11-08,0.038246233
1987-11-09,0.053466953
1987-11-10,0.0032836825
1987-11-11,4.2470197e-11
1987-11-12,5.492971999999999e-19
1987-11-13,7.104450500000001e-27
1987-11-14,9.18869e-35
1987-11-15,1.188e-42
1987-11-16,0.0
1987-11-17,0.0
1987-11-18,0.0
1987-11-19,0.0
1987-11-20,0.0
1987-11-21,0.0
1987-11-22,0.0
1987-11-23,0.0
1987-11-24,0.0
1987-11-25,0.0
1987-11-26,0.0
1987-11-27,0.0
1987-11-28,0.0
1987-11-29,0.0
1987-11-30,0.0
1987-12-01,0.0
1987-12-02,0.0
1987-12-03,0.0
1987-12-04,0.0
1987-12-05,0.0
1987-12-06,0.0
1987-12-07,0.0
1987-12-08,0.0
1987-12-09,0.0
1987-12-10,0.0
1987-12-11,0.0
1987-12-12,0.0
1987-12-13,0.0
1987-12-14,0.011949415
1987-12-15,0.00076852145
1987-12-16,9.939834e-12
1987-12-17,1.2855892e-19
1987-12-18,1.6627437000000002e-27
1987-12-19,2.1505445e-35
1987-12-20,2.7700000000000003e-43
1987-12-21,0.0
1987-12-22,0.0
1987-12-23,0.0
1987-12-24,0.0
1987-12-25,0.0
1987-12-26,0.0
1987-12-27,0.17000759
1987-12-28,0.02614231
1987-12-29,0.0009781183
1987-12-30,0.0135788815
1987-12-31,0.00087331986
1988-01-01,1.1295266e-11
1988-01-02,1.4608968999999999e-19
1988-01-03,1.8894815e-27
1988-01-04,2.4438005e-35
1988-01-05,3.1700000000000003e-43
1988-01-06,0.0
1988-01-07,0.0
1988-01-08,0.0
1988-01-09,0.0
1988-01-10,0.014936768
1988-01-11,0.17965871
1988-01-12,0.011492888
1988-01-13,1.4864568e-10
1988-01-14,1.9225401999999998e-18
1988-01-15,0.09260797
1988-01-16,0.09584823
1988-01-17,0.017730793
1988-01-18,1.7654799
1988-01-19,0.11349665
1988-01-20,0.011677839
1988-01-21,0.0814096
1988-01-22,0.01768009
1988-01-23,0.0008034543
1988-01-24,0.19825166
1988-01-25,0.25309664
1988-01-26,0.015457761
1988-01-27,0.024441985
1988-01-28,0.103685156
1988-01-29,0.23333468
1988-01-30,0.46160117
1988-01-31,0.041242257
1988-02-01,0.0008034546
1988-02-02,1.03916485e-11
1988-02-03,1.3440257e-19
1988-02-04,0.04073664
1988-02-05,0.0026199596
1988-02-06,3.3885797e-11
1988-02-07,0.04888397
1988-02-08,0.018895453
1988-02-09,0.0010130511
1988-02-10,1.7978438
1988-02-11,0.11562754
1988-02-12,1.8217425
1988-02-13,0.11716458
1988-02-14,0.026614608
1988-02-15,0.001711707
1988-02-16,2.2138721e-11
1988-02-17,2.8633578e-19
1988-02-18,0.019553589
1988-02-19,0.0012575806
1988-02-20,1.6265182e-11
1988-02-21,0.10374265
1988-02-22,0.0207942
1988-02-23,0.17661896
1988-02-24,0.030311191
1988-02-25,0.043045603
1988-02-26,0.0026898251
1988-02-27,0.11840784
1988-02-28,3.6038458
1988-02-29,1.765432
1988-03-01,0.123652816
1988-03-02,2.5666573
1988-03-03,0.26165175
1988-03-04,0.07682822
1988-03-05,0.004541263
1988-03-06,5.873538e-11
1988-03-07,7.5966633999999995e-19
1988-03-08,0.1165068
1988-03-09,0.11232204
1988-03-10,0.0192346
1988-03-11,0.0008034543
1988-03-12,1.0391645e-11
1988-03-13,0.3758634
1988-03-14,0.024173493
1988-03-15,3.1265293e-10
1988-03-16,0.020639898
1988-03-17,0.0013274462
1988-03-18,1.7168803e-11
1988-03-19,2.2205633e-19
1988-03-20,2.872012e-27
1988-03-21,3.714577e-35
1988-03-22,0.12818463
1988-03-23,0.008244139
1988-03-24,1.06627304e-10
1988-03-25,1.3790867e-18
1988-03-26,1.7836706000000002e-26
1988-03-27,0.0363914
1988-03-28,0.024066707
1988-03-29,0.014976193
1988-03-30,0.00087331986
1988-03-31,1.1295266e-11
1988-04-01,1.4608968999999999e-19
1988-04-02,1.8894817e-27
1988-04-03,2.4438008e-35
1988-04-04,0.061376538
1988-04-05,0.0039474056
1988-04-06,0.022269364
1988-04-07,0.13287582
1988-04-08,0.043758824
1988-04-09,0.0022706317
1988-04-10,2.936769e-11
1988-04-11,0.05105659
1988-04-12,4.265966
1988-04-13,7.333541
1988-04-14,26.642523
1988-04-15,3.6991365
1988-04-16,0.7563844
1988-04-17,0.40992957
1988-04-18,0.07808729
1988-04-19,0.0034932797
1988-04-20,4.5181067e-11
1988-04-21,0.20449795
1988-04-22,0.3626726
1988-04-23,0.022479253
1988-04-24,2.9074013e-10
1988-04-25,0.02498514
1988-04-26,0.0016069085
1988-04-27,2.0783288e-11
1988-04-28,0.15208347
1988-04-29,0.009781182
1988-04-30,0.9863699
1988-05-01,2.2154188
1988-05-02,0.13840373
1988-05-03,1.7900735e-09
1988-05-04,2.3152292e-17
1988-05-05,2.9944502e-25
1988-05-06,3.8729350000000003e-33
1988-05-07,0.078214355
1988-05-08,0.02132498
1988-05-09,0.15095882
1988-05-10,0.009641451
1988-05-11,1.2469974e-10
1988-05-12,0.0860901
1988-05-13,0.21410845
1988-05-14,0.013414192
1988-05-15,1.7349527e-10
1988-05-16,2.2439375e-18
1988-05-17,2.9022436000000004e-26
1988-05-18,3.7536775999999998e-34
1988-05-19,4.855e-42
1988-05-20,0.0
1988-05-21,0.0
1988-05-22,0.0
1988-05-23,0.0
1988-05-24,0.0
1988-05-25,0.0
1988-05-26,0.01249257
1988-05-27,0.07412941
1988-05-28,0.101940714
1988-05-29,0.30716097
1988-05-30,0.019352768
1988-05-31,0.118951
1988-06-01,0.007650282
1988-06-02,9.8946525e-11
1988-06-03,1.2797456e-18
1988-06-04,1.6551859999999998e-26
1988-06-05,2.1407694e-34
1988-06-06,2.769e-42
1988-06-07,0.079300664
1988-06-08,0.005100188
1988-06-09,0.041551378
1988-06-10,0.0026723586
1988-06-11,3.4563512e-11
1988-06-12,4.4703446e-19
1988-06-13,5.7818135e-27
1988-06-14,7.478029999999999e-35
1988-06-15,9.670000000000001e-43
1988-06-16,0.0
1988-06-17,0.0
1988-06-18,0.0
1988-06-19,0.0
1988-06-20,0.0
1988-06-21,0.0
1988-06-22,0.0
1988-06-23,0.0
1988-06-24,0.0
1988-06-25,0.0
1988-06-26,0.0
1988-06-27,0.0
1988-06-28,0.0
1988-06-29,0.0
1988-06-30,0.0
1988-07-01,0.0
1988-07-02,0.0
1988-07-03,0.0
1988-07-04,0.0
1988-07-05,0.0
1988-07-06,0.0
1988-07-07,0.0
1988-07-08,0.0
1988-07-09,0.0
1988-07-10,0.0
1988-07-11,0.0
1988-07-12,0.0
1988-07-13,0.0
1988-07-14,0.0
1988-07-15,0.0
1988-07-16,0.0
1988-07-17,0.0
1988-07-18,0.0
1988-07-19,0.0
1988-07-20,0.0
1988-07-21,0.0
1988-07-22,0.0
1988-07-23,0.0
1988-07-24,0.0
1988-07-25,0.0
1988-07-26,0.0
1988-07-27,0.0
1988-07-28,0.0
1988-07-29,0.0
1988-07-30,0.0
1988-07-31,0.0
1988-08-01,0.0
1988-08-02,0.0
1988-08-03,0.0
1988-08-04,0.0
1988-08-05,0.0
1988-08-06,0.0
1988-08-07,0.0
1988-08-08,0.0
1988-08-09,0.0
1988-08-10,0.0
1988-08-11,0.0
1988-08-12,0.0
1988-08-13,0.0
1988-08-14,0.0
1988-08-15,0.0
1988-08-16,0.0
1988-08-17,0.0
1988-08-18,0.0
1988-08-19,0.0
1988-08-20,0.0
1988-08-21,0.0
1988-08-22,0.0
1988-08-23,0.0
1988-08-24,0.0
1988-08-25,0.0
1988-08-26,0.0
1988-08-27,0.0
1988-08-28,0.0
1988-08-29,0.0
1988-08-30,0.0
1988-08-31,0.0
1988-09-01,0.0
1988-09-02,0.0
1988-09-03,0.0
1988-09-04,0.0
1988-09-05,0.0
1988-09-06,0.0
1988-09-07,0.0
1988-09-08,0.0
1988-09-09,0.0
1988-09-10,0.0
1988-09-11,0.0
1988-09-12,0.0
1988-09-13,0.0
1988-09-14,0.05105659
1988-09-15,0.0032836825
1988-09-16,4.2470197e-11
1988-09-17,5.492971999999999e-19
1988-09-18,7.104450500000001e-27
1988-09-19,9.18869e-35
1988-09-20,1.188e-42
1988-09-21,0.0
1988-09-22,0.0
1988-09-23,0.0
1988-09-24,0.014122036
1988-09-25,0.0009082526
1988-09-26,1.17470755e-11
1988-09-27,1.5193326e-19
1988-09-28,1.9650608e-27
1988-09-29,2.5415524999999997e-35
1988-09-30,3.2999999999999998e-43
1988-10-01,0.0
1988-10-02,0.0
1988-10-03,0.0
1988-10-04,0.0
1988-10-05,0.0
1988-10-06,0.0
1988-10-07,0.0
1988-10-08,0.0
1988-10-09,0.0
1988-10-10,0.0
1988-10-11,0.0
1988-10-12,0.0
1988-10-13,0.0
1988-10-14,0.0
1988-10-15,0.0
1988-10-16,0.0
1988-10-17,0.0
1988-10-18,0.0
1988-10-19,0.0
1988-10-20,0.0
1988-10-21,0.0
1988-10-22,0.0
1988-10-23,0.0
1988-10-24,0.0
1988-10-25,0.0
1988-10-26,0.0
1988-10-27,0.0
1988-10-28,0.0
1988-10-29,0.0
1988-10-30,0.0
1988-10-31,0.0
1988-11-01,0.0
1988-11-02,0.0
1988-11-03,0.0
1988-11-04,0.0
1988-11-05,0.0
1988-11-06,0.0
1988-11-07,0.0
1988-11-08,0.0
1988-11-09,0.0
1988-11-10,0.0
1988-11-11,0.0
1988-11-12,0.0
1988-11-13,0.0
1988-11-14,0.0
1988-11-15,0.0
1988-11-16,0.0
1988-11-17,0.0
1988-11-18,0.0
1988-11-19,0.0
1988-11-20,0.0
1988-11-21,0.0
1988-11-22,0.0
1988-11-23,0.0
1988-11-24,0.0
1988-11-25,0.0
1988-11-26,0.0
1988-11-27,0.0
1988-11-28,0.0
1988-11-29,0.0
1988-11-30,0.0
1988-12-01,0.0
1988-12-02,0.0
1988-12-03,0.0
1988-12-04,0.0
1988-12-05,0.0
1988-12-06,0.0
1988-12-07,0.0
1988-12-08,0.0
1988-12-09,0.0
1988-12-10,0.0
1988-12-11,0.0
1988-12-12,0.0
1988-12-13,0.0
1988-12-14,0.0
1988-12-15,0.0
1988-12-16,0.0
1988-12-17,0.0
1988-12-18,0.0
1988-12-19,0.0
1988-12-20,0.0
1988-12-21,0.0
1988-12-22,0.0
1988-12-23,0.0
1988-12-24,0.0
1988-12-25,0.0
1988-12-26,0.0
1988-12-27,0.0
1988-12-28,0.0
1988-12-29,0.0
1988-12-30,0.0
1988-12-31,0.0
1989-01-01,0.0
1989-01-02,0.0
1989-01-03,0.0
1989-01-04,0.0
1989-01-05,0.022812521
1989-01-06,0.0014671774
1989-01-07,0.15154031
1989-01-08,0.009746249
1989-01-09,1.2605515e-10
1989-01-10,0.02389883
1989-01-11,0.0015370429
1989-01-12,0.034761935
1989-01-13,0.016357735
1989-01-14,0.00090825267
1989-01-15,1.1747076e-11
1989-01-16,1.5193328e-19
1989-01-17,1.9650608e-27
1989-01-18,2.5415528e-35
1989-01-19,3.2999999999999998e-43
1989-01-20,0.0
1989-01-21,0.0
1989-01-22,0.0
1989-01-23,0.0
1989-01-24,0.0
1989-01-25,0.0
1989-01-26,0.0
1989-01-27,0.072239645
1989-01-28,0.06656575
1989-01-29,2.109252
1989-01-30,0.1353995
1989-01-31,2.865687
1989-02-01,7.4253793
1989-02-02,2.0834944
1989-02-03,0.104047336
1989-02-04,0.77806985
1989-02-05,0.11847878
1989-02-06,0.8957193
1989-02-07,1.7003692
1989-02-08,5.124426
1989-02-09,0.3874145
1989-02-10,6.184449
1989-02-11,1.0359617
1989-02-12,3.702473
1989-02-13,2.125119
1989-02-14,0.21088022
1989-02-15,0.025300033
1989-02-16,0.014836461
1989-02-17,0.12145378
1989-02-18,0.07755053
1989-02-19,1.5959337
1989-02-20,5.613206
1989-02-21,0.48397064
1989-02-22,0.008331476
1989-02-23,1.07756894e-10
1989-02-24,10.437814
1989-02-25,3.300718
1989-02-26,0.63187796
1989-02-27,3.7949147
1989-02-28,2.487558
1989-03-01,0.14441217
1989-03-02,1.867785e-09
1989-03-03,0.01249257
1989-03-04,0.00080345426
1989-03-05,0.16702023
1989-03-06,0.010741834
1989-03-07,1.873614
1989-03-08,0.20115922
1989-03-09,2.9708152
1989-03-10,2.4266315
1989-03-11,0.8727151
1989-03-12,0.1465488
1989-03-13,0.006410168
1989-03-14,7.5639796
1989-03-15,0.71351296
1989-03-16,8.877809
1989-03-17,1.3331664
1989-03-18,0.14494748
1989-03-19,0.006165639
1989-03-20,0.14583717
1989-03-21,0.19839747
1989-03-22,0.04175857
1989-03-23,0.015482718
1989-03-24,0.08071714
1989-03-25,0.083621055
1989-03-26,0.074843235
1989-03-27,0.037349757
1989-03-28,0.13572963
1989-03-29,2.1991386
1989-03-30,0.22371513
1989-03-31,0.09766364
1989-04-01,0.09012764
1989-04-02,0.045879647
1989-04-03,0.18741105
1989-04-04,0.13029373
1989-04-05,0.007615349
1989-04-06,9.849471e-11
1989-04-07,0.12220993
1989-04-08,0.04533759
1989-04-09,0.18328105
1989-04-10,0.4744009
1989-04-11,0.19488193
1989-04-12,0.15075362
1989-04-13,1.2536528
1989-04-14,0.13137667
1989-04-15,0.7995667
1989-04-16,0.3806351
1989-04-17,0.21889524
1989-04-18,0.108310856
1989-04-19,0.2595301
1989-04-20,0.23029931
1989-04-21,0.26361492
1989-04-22,0.2985098
1989-04-23,0.3353677
1989-04-24,0.2927931
1989-04-25,0.3205994
1989-04-26,0.30953738
1989-04-27,0.34563357
1989-04-28,0.32438174
1989-04-29,0.31118432
1989-04-30,0.3074459
1989-05-01,0.31051272
1989-05-02,0.30556235
1989-05-03,0.3027863
1989-05-04,0.30181435
1989-05-05,0.3033914
1989-05-06,0.3412455
1989-05-07,0.30239353
1989-05-08,0.30842912
1989-05-09,0.41924858
1989-05-10,0.4279694
1989-05-11,0.38625124
1989-05-12,0.33494902
1989-05-13,0.30113426
1989-05-14,0.23724085
1989-05-15,0.19442293
1989-05-16,0.23972288
1989-05-17,0.30363035
1989-05-18,0.17772873
1989-05-19,0.010235309
1989-05-20,1.3238051e-10
1989-05-21,0.0885343
1989-05-22,0.1528891
1989-05-23,0.103975795
1989-05-24,0.006078306
1989-05-25,0.011949415
1989-05-26,0.017606333
1989-05-27,0.048880577
1989-05-28,0.11496407
1989-05-29,0.02023188
1989-05-30,0.0008383871
1989-05-31,0.011949415
1989-06-01,0.024124196
1989-06-02,0.062335495
1989-06-03,0.0039124726
1989-06-04,5.0602786e-11
1989-06-05,6.544817399999999e-19
1989-06-06,0.0363914
1989-06-07,0.0023404972
1989-06-08,3.0271313e-11
1989-06-09,3.9152034999999996e-19
1989-06-10,0.01249257
1989-06-11,0.00080345426
1989-06-12,1.0391644e-11
1989-06-13,0.025528295
1989-06-14,0.0016418413
1989-06-15,2.1235099e-11
1989-06-16,2.7464859999999996e-19
1989-06-17,3.5522252e-27
1989-06-18,4.594345e-35
1989-06-19,0.02389883
1989-06-20,0.0015370429
1989-06-21,0.011677838
1989-06-22,0.0007510551
1989-06-23,9.7139284e-12
1989-06-24,1.2563713e-19
1989-06-25,1.6249540000000003e-27
1989-06-26,0.043723997
1989-06-27,0.0028120899
1989-06-28,3.6370754e-11
1989-06-29,0.011406261
1989-06-30,0.024632419
1989-07-01,0.0015370429
1989-07-02,1.9879667e-11
1989-07-03,2.5711785e-19
1989-07-04,0.053229216
1989-07-05,0.015372829
1989-07-06,0.0007685215
1989-07-07,9.939834e-12
1989-07-08,1.2855892e-19
1989-07-09,1.6627440000000002e-27
1989-07-10,2.1505447e-35
1989-07-11,2.7700000000000003e-43
1989-07-12,0.0
1989-07-13,0.0
1989-07-14,0.0
1989-07-15,0.0
1989-07-16,0.02607145
1989-07-17,0.113566756
1989-07-18,0.0071961554
1989-07-19,9.307299e-11
1989-07-20,1.203779e-18
1989-07-21,1.5569329000000002e-26
1989-07-22,2.0136916e-34
1989-07-23,2.605e-42
1989-07-24,0.0
1989-07-25,0.0
1989-07-26,0.0
1989-07-27,0.0
1989-07-28,0.0
1989-07-29,0.011406261
1989-07-30,0.0007335887
1989-07-31,9.488023e-12
1989-08-01,1.2271532999999999e-19
1989-08-02,1.5871645500000001e-27
1989-08-03,2.0527924999999998e-35
1989-08-04,2.65e-43
1989-08-05,0.0
1989-08-06,0.0
1989-08-07,0.0
1989-08-08,0.0
1989-08-09,0.0
1989-08-10,0.0
1989-08-11,0.0
1989-08-12,0.08255959
1989-08-13,0.005309785
1989-08-14,6.867521e-11
1989-08-15,8.882252999999998e-19
1989-08-16,1.1488048e-26
1989-08-17,1.4858308e-34
1989-08-18,1.921e-42
1989-08-19,0.0
1989-08-20,0.0
1989-08-21,0.08744799
1989-08-22,0.0056241797
1989-08-23,7.274151e-11
1989-08-24,9.408175e-19
1989-08-25,1.2168261e-26
1989-08-26,1.5738075e-34
1989-08-27,2.036e-42
1989-08-28,0.0
1989-08-29,0.0
1989-08-30,0.0
1989-08-31,0.0
1989-09-01,0.0
1989-09-02,0.0
1989-09-03,0.0
1989-09-04,0.0
1989-09-05,0.0
1989-09-06,0.0
1989-09-07,0.0
1989-09-08,0.0
1989-09-09,0.0
1989-09-10,0.0
1989-09-11,0.0
1989-09-12,0.0
1989-09-13,0.0
1989-09-14,0.0
1989-09-15,0.0
1989-09-16,0.0
1989-09-17,0.0
1989-09-18,0.0
1989-09-19,0.0
1989-09-20,0.0
1989-09-21,0.0
1989-09-22,0.0
1989-09-23,0.0
1989-09-24,0.0
1989-09-25,0.0
1989-09-26,0.0
1989-09-27,0.0
1989-09-28,0.0
1989-09-29,0.0
1989-09-30,0.0
1989-10-01,0.0
1989-10-02,0.0
1989-10-03,0.0
1989-10-04,0.0
1989-10-05,0.0
1989-10-06,0.0
1989-10-07,0.11596364
1989-10-08,0.0074581513
1989-10-09,9.646156e-11
1989-10-10,1.2476058e-18
1989-10-11,1.6136171e-26
1989-10-12,2.0870057e-34
1989-10-13,0.041279797
1989-10-14,0.0026548924
1989-10-15,3.4337606e-11
1989-10-16,0.052686058
1989-10-17,0.0033884812
1989-10-18,4.382563e-11
1989-10-19,5.66828e-19
1989-10-20,7.331189e-27
1989-10-21,9.4819467e-35
1989-10-22,1.226e-42
1989-10-23,0.0
1989-10-24,0.0
1989-10-25,0.0
1989-10-26,0.0
1989-10-27,0.0
1989-10-28,0.0
1989-10-29,0.0
1989-10-30,0.0
1989-10-31,0.03992191
1989-11-01,0.0025675602
1989-11-02,3.320808e-11
1989-11-03,4.2950365999999996e-19
1989-11-04,5.5550757000000005e-27
1989-11-05,7.1847736e-35
1989-11-06,9.290000000000001e-43
1989-11-07,0.0
1989-11-08,0.0
1989-11-09,0.0
1989-11-10,0.0
1989-11-11,0.0
1989-11-12,0.0
1989-11-13,0.0
1989-11-14,0.0
1989-11-15,0.0
1989-11-16,0.0
1989-11-17,0.0
1989-11-18,0.0
1989-11-19,0.0
1989-11-20,0.0
1989-11-21,0.10211318
1989-11-22,0.006567365
1989-11-23,8.4940395e-11
1989-11-24,1.0985943999999998e-18
1989-11-25,0.17924123
1989-11-26,0.011527821
1989-11-27,1.490975e-10
1989-11-28,1.9283837999999997e-18
1989-11-29,2.4941156e-26
1989-11-30,3.2258166e-34
1989-12-01,4.172e-42
1989-12-02,0.0
1989-12-03,0.0
1989-12-04,0.0
1989-12-05,0.0
1989-12-06,0.0
1989-12-07,0.0
1989-12-08,0.0
1989-12-09,0.0
1989-12-10,0.0
1989-12-11,0.0
1989-12-12,0.0
1989-12-13,0.0
1989-12-14,0.0
1989-12-15,0.0
1989-12-16,0.028787227
1989-12-17,0.0018514381
1989-12-18,2.3945962e-11
1989-12-19,3.0971012e-19
1989-12-20,4.0057010000000006e-27
1989-12-21,5.180857e-35
1989-12-22,6.699999999999999e-43
1989-12-23,0.0
1989-12-24,0.05920392
1989-12-25,0.016300244
1989-12-26,0.00080345426
1989-12-27,1.0391644e-11
1989-12-28,1.3440251999999998e-19
1989-12-29,1.738323e-27
1989-12-30,2.2482966999999999e-35
1989-12-31,2.9100000000000002e-43
1990-01-01,0.0
1990-01-02,0.0
1990-01-03,0.0
1990-01-04,0.0
1990-01-05,0.0
1990-01-06,0.0
1990-01-07,0.0
1990-01-08,0.0
1990-01-09,0.0
1990-01-10,0.0
1990-01-11,0.0
1990-01-12,0.0
1990-01-13,0.1770686
1990-01-14,0.032299567
1990-01-15,0.0013449127
1990-01-16,0.041822955
1990-01-17,0.01681186
1990-01-18,0.00090825267
1990-01-19,0.019553589
1990-01-20,0.0012575806
1990-01-21,1.6265182e-11
1990-01-22,2.1036913999999998e-19
1990-01-23,0.013035725
1990-01-24,0.000838387
1990-01-25,1.0843454e-11
1990-01-26,1.402461e-19
1990-01-27,1.8139023e-27
1990-01-28,2.3460484e-35
1990-01-29,3.04e-43
1990-01-30,0.0
1990-01-31,0.03747771
1990-02-01,0.0024103627
1990-02-02,3.117493e-11
1990-02-03,0.022812521
1990-02-04,0.0014671774
1990-02-05,0.0127641475
1990-02-06,0.60996956
1990-02-07,0.039177127
1990-02-08,5.067056e-10
1990-02-09,24.995188
1990-02-10,1.6195041
1990-02-11,0.086858645
1990-02-12,4.198967
1990-02-13,0.26969862
1990-02-14,3.488204e-09
1990-02-15,4.5115417e-17
1990-02-16,0.014122036
1990-02-17,0.0009082526
1990-02-18,0.072511226
1990-02-19,0.017156098
1990-02-20,0.0008034543
1990-02-21,0.053229216
1990-02-22,0.003423414
1990-02-23,0.011406261
1990-02-24,0.0007335887
1990-02-25,0.043995574
1990-02-26,0.08022918
1990-02-27,0.0049779234
1990-02-28,6.438301e-11
1990-03-01,8.327111999999999e-19
1990-03-02,1.0770045000000001e-26
1990-03-03,1.3929664e-34
1990-03-04,1.8020000000000002e-42
1990-03-05,0.0
1990-03-06,0.0
1990-03-07,0.0
1990-03-08,0.12356782
1990-03-09,0.00794721
1990-03-10,1.0278692e-10
1990-03-11,1.3294161e-18
1990-03-12,1.7194282e-26
1990-03-13,2.2238585e-34
1990-03-14,2.877e-42
1990-03-15,0.0
1990-03-16,0.0
1990-03-17,3.54789
1990-03-18,2.3578928
1990-03-19,0.59403664
1990-03-20,0.02939595
1990-03-21,3.8019868e-10
1990-03-22,0.58932346
1990-03-23,0.037902083
1990-03-24,1.3217682
1990-03-25,0.08500895
1990-03-26,0.026071452
1990-03-27,0.001676774
1990-03-28,0.09070692
1990-03-29,0.3491079
1990-03-30,0.022077525
1990-03-31,2.855443e-10
1990-04-01,3.693147e-18
1990-04-02,4.7766095e-26
1990-04-03,6.177928e-34
1990-04-04,7.99e-42
1990-04-05,0.0
1990-04-06,0.0
1990-04-07,0.0
1990-04-08,0.0
1990-04-09,0.0
1990-04-10,0.0
1990-04-11,0.0
1990-04-12,0.0
1990-04-13,0.0
1990-04-14,0.0
1990-04-15,0.018467277
1990-04-16,0.1043872
1990-04-17,0.08919682
1990-04-18,0.057452686
1990-04-19,0.003353548
1990-04-20,0.06843756
1990-04-21,0.004401532
1990-04-22,0.018467277
1990-04-23,0.001187715
1990-04-24,0.5339216
1990-04-25,0.034338936
1990-04-26,4.4412984e-10
1990-04-27,5.744246599999999e-18
1990-04-28,7.429441500000001e-26
1990-04-29,9.609024e-34
1990-04-30,1.2428000000000002e-41
1990-05-01,0.0
1990-05-02,0.021183055
1990-05-03,0.04318533
1990-05-04,0.0026898251
1990-05-05,3.4789418e-11
1990-05-06,4.499562e-19
1990-05-07,5.819603300000001e-27
1990-05-08,0.068980716
1990-05-09,0.0044364645
1990-05-10,5.7379948e-11
1990-05-11,7.421355999999999e-19
1990-05-12,9.598566e-27
1990-05-13,1.2414507e-34
1990-05-14,1.606e-42
1990-05-15,0.0
1990-05-16,0.0
1990-05-17,0.0
1990-05-18,0.0
1990-05-19,0.0
1990-05-20,0.0
1990-05-21,0.0
1990-05-22,0.0
1990-05-23,0.0
1990-05-24,0.0
1990-05-25,0.0
1990-05-26,0.0
1990-05-27,0.0
1990-05-28,0.0
1990-05-29,0.0
1990-05-30,0.0
1990-05-31,0.0
1990-06-01,0.016294656
1990-06-02,0.0010479838
1990-06-03,1.3554318e-11
1990-06-04,1.7530761999999999e-19
1990-06-05,2.2673779e-27
1990-06-06,2.9325608e-35
1990-06-07,3.8e-43
1990-06-08,0.0
1990-06-09,0.0
1990-06-10,0.0
1990-06-11,0.0
1990-06-12,0.0
1990-06-13,0.0
1990-06-14,0.0
1990-06-15,0.0
1990-06-16,0.0
1990-06-17,0.0
1990-06-18,0.0
1990-06-19,0.0
1990-06-20,0.0
1990-06-21,0.0
1990-06-22,0.0
1990-06-23,0.0
1990-06-24,0.0
1990-06-25,0.0
1990-06-26,0.0
1990-06-27,0.0
1990-06-28,0.0
1990-06-29,0.0
1990-06-30,0.0
1990-07-01,0.0
1990-07-02,0.0
1990-07-03,0.0
1990-07-04,0.0
1990-07-05,0.0
1990-07-06,0.0
1990-07-07,0.0
1990-07-08,0.0
1990-07-09,0.0
1990-07-10,0.0
1990-07-11,0.0
1990-07-12,0.0
1990-07-13,0.0
1990-07-14,0.0
1990-07-15,0.0
1990-07-16,0.0
1990-07-17,0.0
1990-07-18,0.0
1990-07-19,0.0
1990-07-20,0.0
1990-07-21,0.0
1990-07-22,0.0
1990-07-23,0.0
1990-07-24,0.0
1990-07-25,0.0
1990-07-26,0.0
1990-07-27,0.0
1990-07-28,0.0
1990-07-29,0.0
1990-07-30,0.0
1990-07-31,0.0
1990-08-01,0.0
1990-08-02,0.0
1990-08-03,0.0
1990-08-04,0.0
1990-08-05,0.0
1990-08-06,0.0
1990-08-07,0.0
1990-08-08,0.0
1990-08-09,0.0
1990-08-10,0.0
1990-08-11,0.0
1990-08-12,0.0
1990-08-13,0.0
1990-08-14,0.0
1990-08-15,0.0
1990-08-16,0.0
1990-08-17,0.0
1990-08-18,0.0
1990-08-19,0.0
1990-08-20,0.0
1990-08-21,0.0
1990-08-22,0.0
1990-08-23,0.0
1990-08-24,0.0
1990-08-25,0.0
1990-08-26,0.0
1990-08-27,0.0
1990-08-28,0.0
1990-08-29,0.0
1990-08-30,0.0
1990-08-31,0.0
1990-09-01,0.0
1990-09-02,0.0
1990-09-03,0.0
1990-09-04,0.0
1990-09-05,0.0
1990-09-06,0.0
1990-09-07,0.0
1990-09-08,0.0
1990-09-09,0.0
1990-09-10,0.0
1990-09-11,0.0
1990-09-12,0.0
1990-09-13,0.0
1990-09-14,0.0
1990-09-15,0.0
1990-09-16,0.0
1990-09-17,0.0
1990-09-18,0.0
1990-09-19,0.0
1990-09-20,0.0
1990-09-21,0.0
1990-09-22,0.0
1990-09-23,0.0
1990-09-24,0.0
1990-09-25,0.0
1990-09-26,0.0
1990-09-27,0.0
1990-09-28,0.0
1990-09-29,0.0
1990-09-30,0.0
1990-10-01,0.0
1990-10-02,0.0
1990-10-03,0.0
1990-10-04,0.0
1990-10-05,0.0
1990-10-06,0.0
1990-10-07,0.0
1990-10-08,0.0
1990-10-09,0.0
1990-10-10,0.0
1990-10-11,0.0
1990-10-12,0.0
1990-10-13,0.0
1990-10-14,0.0
1990-10-15,0.0
1990-10-16,0.0
1990-10-17,0.0
1990-10-18,0.0
1990-10-19,0.0
1990-10-20,0.0
1990-10-21,0.0
1990-10-22,0.0
1990-10-23,0.0
1990-10-24,0.0
1990-10-25,0.0
1990-10-26,0.0
1990-10-27,0.0
1990-10-28,0.0
1990-10-29,0.0
1990-10-30,0.0
1990-10-31,0.0
1990-11-01,0.0
1990-11-02,0.0
1990-11-03,0.0
1990-11-04,0.0
1990-11-05,0.0
1990-11-06,0.0
1990-11-07,0.0
1990-11-08,0.0
1990-11-09,0.0
1990-11-10,0.0
1990-11-11,0.0
1990-11-12,0.0
1990-11-13,0.011949415
1990-11-14,0.00076852145
1990-11-15,9.939834e-12
1990-11-16,1.2855892e-19
1990-11-17,1.6627437000000002e-27
1990-11-18,2.1505445e-35
1990-11-19,0.022812521
1990-11-20,0.0014671774
1990-11-21,1.8976046e-11
1990-11-22,2.4543067e-19
1990-11-23,3.1743291000000003e-27
1990-11-24,4.105585e-35
1990-11-25,5.31e-43
1990-11-26,0.0
1990-11-27,0.0
1990-11-28,0.0
1990-11-29,0.0
1990-11-30,0.0
1990-12-01,0.0
1990-12-02,0.0
1990-12-03,0.0
1990-12-04,0.0
1990-12-05,0.0
1990-12-06,0.0
1990-12-07,0.0
1990-12-08,0.0
1990-12-09,0.0
1990-12-10,0.0
1990-12-11,0.0
1990-12-12,0.0
1990-12-13,0.0
1990-12-14,0.0
1990-12-15,0.0
1990-12-16,0.0
1990-12-17,0.0
1990-12-18,0.0
1990-12-19,0.0
1990-12-20,0.0
1990-12-21,0.0
1990-12-22,0.0
1990-12-23,0.053229216
1990-12-24,0.003423414
1990-12-25,4.4277443e-11
1990-12-26,5.7267156e-19
1990-12-27,0.05377237
1990-12-28,0.0034583467
1990-12-29,4.472925e-11
1990-12-30,0.055401836
1990-12-31,0.035609305
1991-01-01,0.4140443
1991-01-02,0.026496524
1991-01-03,3.4269834e-10
1991-01-04,4.432361e-18
1991-01-05,5.732687300000001e-26
1991-01-06,7.414491e-34
1991-01-07,9.589000000000001e-42
1991-01-08,0.0
1991-01-09,0.0
1991-01-10,0.027157763
1991-01-11,0.02673178
1991-01-12,0.0016069085
1991-01-13,2.0783288e-11
1991-01-14,2.68805e-19
1991-01-15,3.476646e-27
1991-01-16,4.496593e-35
1991-01-17,5.8200000000000005e-43
1991-01-18,0.0
1991-01-19,0.033132467
1991-01-20,2.3053806
1991-01-21,0.1481325
1991-01-22,1.9159028e-09
1991-01-23,2.477973e-17
1991-01-24,0.032589313
1991-01-25,0.0020959675
1991-01-26,2.7108637e-11
1991-01-27,3.5061523999999997e-19
1991-01-28,4.5347557000000004e-27
1991-01-29,0.01249257
1991-01-30,14.977494
1991-01-31,0.9632194
1991-02-01,1.2458e-08
1991-02-02,1.6112815e-16
1991-02-03,1.8619361
1991-02-04,3.0093353
1991-02-05,0.18584245
1991-02-06,0.11840784
1991-02-07,0.007615349
1991-02-08,0.030959846
1991-02-09,0.001991169
1991-02-10,2.5753203e-11
1991-02-11,0.38020864
1991-02-12,19.052267
1991-02-13,1.2615149
1991-02-14,0.002427845
1991-02-15,3.140104e-11
1991-02-16,0.11840784
1991-02-17,0.08311392
1991-02-18,12.763843
1991-02-19,5.8290234
1991-02-20,2.8211725
1991-02-21,0.18299516
1991-02-22,0.14862731
1991-02-23,0.009466787
1991-02-24,1.2244067e-10
1991-02-25,0.13008568
1991-02-26,0.008366404
1991-02-27,1.0820864e-10
1991-02-28,0.011949415
1991-03-01,0.00076852145
1991-03-02,0.04671135
1991-03-03,0.0030042203
1991-03-04,3.8855714e-11
1991-03-05,5.025484999999999e-19
1991-03-06,6.499816000000001e-27
1991-03-07,8.406674e-35
1991-03-08,0.16892128
1991-03-09,0.010864099
1991-03-10,1.405131e-10
1991-03-11,0.33675626
1991-03-12,0.95289797
1991-03-13,2.2727067
1991-03-14,0.21184006
1991-03-15,0.026197609
1991-03-16,0.14533345
1991-03-17,2.0797648
1991-03-18,2.565413
1991-03-19,0.15642905
1991-03-20,2.023208e-09
1991-03-21,2.6167584e-17
1991-03-22,0.0388356
1991-03-23,0.023137594
1991-03-24,0.06406187
1991-03-25,0.0040347376
1991-03-26,5.2184125e-11
1991-03-27,0.33023837
1991-03-28,0.17549522
1991-03-29,0.009920914
1991-03-30,1.2831422e-10
1991-03-31,1.6595788999999998e-18
1991-04-01,2.1464511000000002e-26
1991-04-02,2.7761574e-34
1991-04-03,3.5899999999999994e-42
1991-04-04,0.0
1991-04-05,0.0
1991-04-06,0.09287954
1991-04-07,0.052141704
1991-04-08,0.70336795
1991-04-09,0.17703256
1991-04-10,0.08344409
1991-04-11,0.055334162
1991-04-12,0.0032487498
1991-04-13,0.105372116
1991-04-14,0.040452585
1991-04-15,0.04344563
1991-04-16,0.0026548924
1991-04-17,3.433761e-11
1991-04-18,4.3381805
1991-04-19,0.2790082
1991-04-20,3.6086112e-09
1991-04-21,0.01249257
1991-04-22,0.00080345426
1991-04-23,1.0391644e-11
1991-04-24,1.344025e-19
1991-04-25,1.738323e-27
1991-04-26,0.28461334
1991-04-27,0.029711043
1991-04-28,0.00073358894
1991-04-29,9.488026e-12
1991-04-30,1.2271537e-19
1991-05-01,1.5871650000000002e-27
1991-05-02,0.011406261
1991-05-03,0.05070387
1991-05-04,0.021681095
1991-05-05,0.014766596
1991-05-06,0.00087331986
1991-05-07,0.09939741
1991-05-08,0.0063927015
1991-05-09,0.032589313
1991-05-10,0.0020959675
1991-05-11,2.7108637e-11
1991-05-12,3.5061523999999997e-19
1991-05-13,0.09994056
1991-05-14,0.006427634
1991-05-15,0.051599745
1991-05-16,0.0033186153
1991-05-17,0.063006006
1991-05-18,0.050763555
1991-05-19,0.01549679
1991-05-20,0.023072818
1991-05-21,0.0014322445
1991-05-22,1.8524234e-11
1991-05-23,0.08799115
1991-05-24,0.01733695
1991-05-25,0.00075105514
1991-05-26,0.017380968
1991-05-27,0.07417223
1991-05-28,0.0046984605
1991-05-29,6.076853e-11
1991-05-30,7.8596246e-19
1991-05-31,1.016541e-26
1991-06-01,1.3147647e-34
1991-06-02,1.701e-42
1991-06-03,0.0
1991-06-04,0.0
1991-06-05,0.0
1991-06-06,0.0
1991-06-07,0.0
1991-06-08,0.0
1991-06-09,0.0
1991-06-10,0.0
1991-06-11,0.0
1991-06-12,0.0
1991-06-13,0.0
1991-06-14,0.0
1991-06-15,0.0
1991-06-16,0.0
1991-06-17,0.0
1991-06-18,0.0
1991-06-19,0.0
1991-06-20,0.0
1991-06-21,0.0
1991-06-22,0.0
1991-06-23,0.0
1991-06-24,0.0
1991-06-25,0.0
1991-06-26,0.0
1991-06-27,0.0
1991-06-28,0.0
1991-06-29,0.0
1991-06-30,0.018467277
1991-07-01,0.001187715
1991-07-02,1.5361561e-11
1991-07-03,1.9868197e-19
1991-07-04,2.569695e-27
1991-07-05,3.3235688e-35
1991-07-06,4.3e-43
1991-07-07,0.0
1991-07-08,0.0
1991-07-09,0.0
1991-07-10,0.0
1991-07-11,0.0
1991-07-12,0.0
1991-07-13,0.0
1991-07-14,0.0
1991-07-15,0.0
1991-07-16,0.0
1991-07-17,0.0
1991-07-18,0.0
1991-07-19,0.0
1991-07-20,0.0
1991-07-21,0.0
1991-07-22,0.0
1991-07-23,0.0
1991-07-24,0.0
1991-07-25,0.0
1991-07-26,0.0
1991-07-27,0.0
1991-07-28,0.0
1991-07-29,0.0
1991-07-30,0.0
1991-07-31,0.0
1991-08-01,0.011406261
1991-08-02,0.0007335887
1991-08-03,9.488023e-12
1991-08-04,0.016837811
1991-08-05,0.0010829166
1991-08-06,1.4006129e-11
1991-08-07,1.8115120999999998e-19
1991-08-08,2.3429571e-27
1991-08-09,3.0303128e-35
1991-08-10,3.92e-43
1991-08-11,0.0
1991-08-12,0.0
1991-08-13,0.0
1991-08-14,0.0
1991-08-15,0.0
1991-08-16,0.0
1991-08-17,0.0
1991-08-18,0.0
1991-08-19,0.0
1991-08-20,0.0
1991-08-21,0.0
1991-08-22,0.0
1991-08-23,0.0
1991-08-24,0.0
1991-08-25,0.0
1991-08-26,0.0
1991-08-27,0.0
1991-08-28,0.0
1991-08-29,0.0
1991-08-30,0.0
1991-08-31,0.0
1991-09-01,0.0
1991-09-02,0.0
1991-09-03,0.0
1991-09-04,0.0
1991-09-05,0.0
1991-09-06,0.0
1991-09-07,0.0
1991-09-08,0.0
1991-09-09,0.0
1991-09-10,0.0
1991-09-11,0.0
1991-09-12,0.0
1991-09-13,0.0
1991-09-14,0.0
1991-09-15,0.0
1991-09-16,0.0
1991-09-17,0.0
1991-09-18,0.0
1991-09-19,0.0
1991-09-20,0.0
1991-09-21,0.0
1991-09-22,0.0
1991-09-23,0.0
1991-09-24,0.0
1991-09-25,0.0
1991-09-26,0.0
1991-09-27,0.0
1991-09-28,0.0
1991-09-29,0.0
1991-09-30,0.0
1991-10-01,0.0
1991-10-02,0.0
1991-10-03,0.0
1991-10-04,0.0
1991-10-05,0.0
1991-10-06,0.0
1991-10-07,0.0
1991-10-08,0.02498514
1991-10-09,0.0016069085
1991-10-10,2.0783288e-11
1991-10-11,2.68805e-19
1991-10-12,3.476646e-27
1991-10-13,4.496593e-35
1991-10-14,5.8200000000000005e-43
1991-10-15,0.0
1991-10-16,0.0
1991-10-17,0.0
1991-10-18,0.0
1991-10-19,0.0
1991-10-20,0.0
1991-10-21,0.0
1991-10-22,0.0
1991-10-23,0.0
1991-10-24,0.0
1991-10-25,0.0
1991-10-26,0.0
1991-10-27,0.0
1991-10-28,0.0
1991-10-29,0.0
1991-10-30,0.0
1991-10-31,0.0
1991-11-01,0.0
1991-11-02,0.0
1991-11-03,0.0
1991-11-04,0.0
1991-11-05,0.0
1991-11-06,0.0
1991-11-07,0.0
1991-11-08,0.0
1991-11-09,0.0
1991-11-10,0.0
1991-11-11,0.0
1991-11-12,0.0
1991-11-13,0.0
1991-11-14,0.0
1991-11-15,0.0
1991-11-16,0.0
1991-11-17,0.0
1991-11-18,0.0
1991-11-19,0.0
1991-11-20,0.0
1991-11-21,0.0
1991-11-22,0.0
1991-11-23,0.0
1991-11-24,0.0
1991-11-25,0.013035725
1991-11-26,0.000838387
1991-11-27,1.0843454e-11
1991-11-28,1.402461e-19
1991-11-29,0.138233
1991-11-30,0.008890396
1991-12-01,1.149858e-10
1991-12-02,0.04073664
1991-12-03,0.0026199596
1991-12-04,3.3885797e-11
1991-12-05,4.382691e-19
1991-12-06,5.6684448000000004e-27
1991-12-07,7.331402e-35
1991-12-08,9.49e-43
1991-12-09,0.0
1991-12-10,0.0
1991-12-11,0.0
1991-12-12,0.0
1991-12-13,0.0
1991-12-14,0.041279797
1991-12-15,0.032256853
1991-12-16,0.0019038372
1991-12-17,2.4623678e-11
1991-12-18,3.1847549999999995e-19
1991-12-19,4.11907e-27
1991-12-20,5.327485e-35
1991-12-21,0.04236611
1991-12-22,0.002724758
1991-12-23,3.5241227e-11
1991-12-24,4.5579983e-19
1991-12-25,5.8951826e-27
1991-12-26,0.059747074
1991-12-27,0.14180404
1991-12-28,0.008872929
1991-12-29,0.02607145
1991-12-30,0.001676774
1991-12-31,2.1686907e-11
1992-01-01,2.804922e-19
1992-01-02,3.6278045000000005e-27
1992-01-03,4.6920968e-35
1992-01-04,6.0700000000000004e-43
1992-01-05,0.0
1992-01-06,0.0
1992-01-07,0.13144356
1992-01-08,0.008453736
1992-01-09,1.0933817e-10
1992-01-10,1.4141481999999998e-18
1992-01-11,1.8290182e-26
1992-01-12,2.3655989999999998e-34
1992-01-13,3.059e-42
1992-01-14,0.0
1992-01-15,0.0
1992-01-16,0.0
1992-01-17,0.0
1992-01-18,0.0
1992-01-19,0.0
1992-01-20,0.03774929
1992-01-21,0.0024278292
1992-01-22,0.073325954
1992-01-23,0.027528448
1992-01-24,0.0533385
1992-01-25,0.031037
1992-01-26,0.070762284
1992-01-27,0.0044364645
1992-01-28,0.03421878
1992-01-29,0.46632692
1992-01-30,0.029850073
1992-01-31,3.8607217e-10
1992-02-01,4.9933457e-18
1992-02-02,6.458248e-26
1992-02-03,8.35291e-34
1992-02-04,0.038020868
1992-02-05,0.22758314
1992-02-06,0.06336361
1992-02-07,0.0031439515
1992-02-08,4.0662956e-11
1992-02-09,5.259228999999999e-19
1992-02-10,6.802134000000001e-27
1992-02-11,0.036934555
1992-02-12,0.5156571
1992-02-13,0.04659037
1992-02-14,0.00087332027
1992-02-15,1.1295271e-11
1992-02-16,0.054315526
1992-02-17,0.08550972
1992-02-18,0.005274852
1992-02-19,0.017924123
1992-02-20,0.0011527822
1992-02-21,1.490975e-11
1992-02-22,0.080658555
1992-02-23,0.032345284
1992-02-24,0.07941784
1992-02-25,0.039757323
1992-02-26,0.06741433
1992-02-27,0.051989596
1992-02-28,0.5155411
1992-02-29,0.048439015
1992-03-01,2.2751865
1992-03-02,0.1728782
1992-03-03,0.07666713
1992-03-04,0.021930115
1992-03-05,0.5344788
1992-03-06,0.046253417
1992-03-07,3.3854406
1992-03-08,18.398718
1992-03-09,1.1953769
1992-03-10,0.0016767891
1992-03-11,2.1687104e-11
1992-03-12,1.9531863
1992-03-13,2.2001998
1992-03-14,1.9209497
1992-03-15,13.021147
1992-03-16,0.919133
1992-03-17,0.73328537
1992-03-18,8.02357
1992-03-19,3.7189968
1992-03-20,3.55773
1992-03-21,1.3667703
1992-03-22,1.4694059
1992-03-23,3.9140985
1992-03-24,0.5506719
1992-03-25,0.307198
1992-03-26,6.806851
1992-03-27,1.9479195
1992-03-28,0.13983819
1992-03-29,1.1257157
1992-03-30,41.52203
1992-03-31,11.324535
1992-04-01,4.2014527
1992-04-02,2.5145648
1992-04-03,2.679109
1992-04-04,2.838185
1992-04-05,4.254416
1992-04-06,2.8251612
1992-04-07,2.719815
1992-04-08,3.8653836
1992-04-09,2.8334994
1992-04-10,2.7189412
1992-04-11,19.892887
1992-04-12,104.4773
1992-04-13,46.36907
1992-04-14,14.703508
1992-04-15,10.617984
1992-04-16,8.875566
1992-04-17,7.769313
1992-04-18,7.054872
1992-04-19,10.258699
1992-04-20,6.5884967
1992-04-21,5.6334653
1992-04-22,15.093576
1992-04-23,11.283091
1992-04-24,21.120945
1992-04-25,24.458397
1992-04-26,19.038847
1992-04-27,22.367476
1992-04-28,18.393604
1992-04-29,12.410135
1992-04-30,13.785442
1992-05-01,9.664988
1992-05-02,12.108279
1992-05-03,19.028643
1992-05-04,170.27388
1992-05-05,32.350723
1992-05-06,19.859858
1992-05-07,13.607694
1992-05-08,9.742876
1992-05-09,17.13767
1992-05-10,8.713374
1992-05-11,7.892379
1992-05-12,9.532802
1992-05-13,7.5650187
1992-05-14,7.1988683
1992-05-15,7.0030293
1992-05-16,8.745788
1992-05-17,6.92879
1992-05-18,5.86067
1992-05-19,6.269515
1992-05-20,7.151925
1992-05-21,5.5903044
1992-05-22,5.1734867
1992-05-23,5.8725033
1992-05-24,4.963616
1992-05-25,4.9201107
1992-05-26,4.666795
1992-05-27,5.5721636
1992-05-28,4.4919047
1992-05-29,4.276852
1992-05-30,5.9319625
1992-05-31,4.164025
1992-06-01,4.284326
1992-06-02,4.154253
1992-06-03,17.414173
1992-06-04,4.984177
1992-06-05,4.3816133
1992-06-06,5.2668533
1992-06-07,4.3906913
1992-06-08,4.408689
1992-06-09,4.242608
1992-06-10,4.161809
1992-06-11,4.1016464
1992-06-12,4.04022
1992-06-13,3.9273252
1992-06-14,3.8127592
1992-06-15,3.7034576
1992-06-16,3.6623824
1992-06-17,3.4915147
1992-06-18,3.3674202
1992-06-19,3.2610106
1992-06-20,3.1286235
1992-06-21,3.0143323
1992-06-22,2.9287455
1992-06-23,3.0168314
1992-06-24,2.734407
1992-06-25,2.6194475
1992-06-26,2.5296009
1992-06-27,2.4457355
1992-06-28,2.3738794
1992-06-29,2.272358
1992-06-30,2.1770277
1992-07-01,2.1028612
1992-07-02,2.0395272
1992-07-03,1.9583373
1992-07-04,1.8860081
1992-07-05,1.824102
1992-07-06,1.8342495
1992-07-07,1.7251515
1992-07-08,1.6539854
1992-07-09,1.5939182
1992-07-10,1.561533
1992-07-11,1.4977618
1992-07-12,1.4476112
1992-07-13,1.4115095
1992-07-14,1.3507178
1992-07-15,1.3048506
1992-07-16,1.2793307
1992-07-17,1.2488048
1992-07-18,1.1923487
1992-07-19,1.1570635
1992-07-20,1.1327505
1992-07-21,1.0919396
1992-07-22,1.0619775
1992-07-23,1.028982
1992-07-24,1.0161103
1992-07-25,0.97603285
1992-07-26,0.9506877
1992-07-27,0.92179126
1992-07-28,0.8931409
1992-07-29,0.8694139
1992-07-30,0.846273
1992-07-31,0.8255936
1992-08-01,0.8020842
1992-08-02,0.78082675
1992-08-03,0.7616276
1992-08-04,0.74200755
1992-08-05,0.723982
1992-08-06,0.70741916
1992-08-07,0.69338787
1992-08-08,0.6708232
1992-08-09,0.6558471
1992-08-10,0.6416665
1992-08-11,0.62424433
1992-08-12,0.6087853
1992-08-13,0.59129333
1992-08-14,0.57990795
1992-08-15,0.56485057
1992-08-16,0.56528276
1992-08-17,0.56211114
1992-08-18,0.5309417
1992-08-19,0.5221611
1992-08-20,0.5122192
1992-08-21,0.5099784
1992-08-22,0.49466527
1992-08-23,0.5069945
1992-08-24,0.5358228
1992-08-25,0.46483904
1992-08-26,0.46667594
1992-08-27,0.44808468
1992-08-28,0.4460473
1992-08-29,0.43594655
1992-08-30,0.41737616
1992-08-31,0.41242126
1992-09-01,0.40457258
1992-09-02,0.3975657
1992-09-03,0.39225808
1992-09-04,0.3843395
1992-09-05,0.3713579
1992-09-06,0.36566603
1992-09-07,0.36046323
1992-09-08,0.3530878
1992-09-09,0.35073262
1992-09-10,0.34110516
1992-09-11,0.33642018
1992-09-12,0.34376237
1992-09-13,0.32687047
1992-09-14,0.3341715
1992-09-15,0.32547933
1992-09-16,0.31266448
1992-09-17,0.32192686
1992-09-18,0.30410582
1992-09-19,0.2958571
1992-09-20,0.20035082
1992-09-21,0.05736246
1992-09-22,0.0029343548
1992-09-23,0.011406261
1992-09-24,0.0007335887
1992-09-25,9.488023e-12
1992-09-26,1.2271532999999999e-19
1992-09-27,1.5871645500000001e-27
1992-09-28,2.0527924999999998e-35
1992-09-29,2.65e-43
1992-09-30,0.0
1992-10-01,0.0
1992-10-02,0.0
1992-10-03,0.0
1992-10-04,0.0
1992-10-05,0.0
1992-10-06,0.0
1992-10-07,0.0
1992-10-08,0.0
1992-10-09,0.0
1992-10-10,0.07169649
1992-10-11,0.004611129
1992-10-12,5.9639e-11
1992-10-13,7.7135356999999995e-19
1992-10-14,9.976463e-27
1992-10-15,1.2903267e-34
1992-10-16,1.669e-42
1992-10-17,0.0
1992-10-18,0.0
1992-10-19,0.0
1992-10-20,0.0
1992-10-21,0.0
1992-10-22,0.0
1992-10-23,0.0
1992-10-24,0.0
1992-10-25,0.0
1992-10-26,0.0
1992-10-27,0.0
1992-10-28,0.0
1992-10-29,0.0
1992-10-30,0.0
1992-10-31,0.0
1992-11-01,0.0
1992-11-02,0.0
1992-11-03,0.0
1992-11-04,0.0
1992-11-05,0.016294656
1992-11-06,0.0010479838
1992-11-07,1.3554318e-11
1992-11-08,1.7530761999999999e-19
1992-11-09,2.2673779e-27
1992-11-10,2.9325608e-35
1992-11-11,3.8e-43
1992-11-12,0.0
1992-11-13,0.0
1992-11-14,0.0
1992-11-15,0.0
1992-11-16,0.0
1992-11-17,0.0
1992-11-18,0.0
1992-11-19,0.0
1992-11-20,0.0
1992-11-21,0.0
1992-11-22,0.0
1992-11-23,0.0
1992-11-24,0.0
1992-11-25,0.0
1992-11-26,0.0
1992-11-27,0.0
1992-11-28,0.0
1992-11-29,0.0
1992-11-30,0.0
1992-12-01,0.0
1992-12-02,0.0
1992-12-03,0.0
1992-12-04,0.0
1992-12-05,0.0
1992-12-06,0.0
1992-12-07,0.0
1992-12-08,0.0
1992-12-09,0.0
1992-12-10,0.0
1992-12-11,0.0
1992-12-12,0.0
1992-12-13,0.0
1992-12-14,0.0
1992-12-15,0.0
1992-12-16,0.0
1992-12-17,0.0
1992-12-18,0.0
1992-12-19,0.0153441345
1992-12-20,0.0009868514
1992-12-21,1.27636495e-11
1992-12-22,1.6508134e-19
1992-12-23,2.135114e-27
1992-12-24,2.7614945e-35
1992-12-25,3.5700000000000003e-43
1992-12-26,0.0
1992-12-27,0.0
1992-12-28,0.0
1992-12-29,0.0
1992-12-30,0.0
1992-12-31,0.0
1993-01-01,0.0
1993-01-02,0.0
1993-01-03,0.0
1993-01-04,0.0135788815
1993-01-05,0.00087331986
1993-01-06,1.1295266e-11
1993-01-07,0.01249257
1993-01-08,0.00080345426
1993-01-09,1.0391644e-11
1993-01-10,1.344025e-19
1993-01-11,1.738323e-27
1993-01-12,0.024441985
1993-01-13,0.0015719756
1993-01-14,2.0331478e-11
1993-01-15,2.6296141e-19
1993-01-16,3.4010667e-27
1993-01-17,4.398841e-35
1993-01-18,5.69e-43
1993-01-19,0.0
1993-01-20,0.018467277
1993-01-21,0.21247509
1993-01-22,0.13145354
1993-01-23,0.0075804167
1993-01-24,9.804291e-11
1993-01-25,1.2680584999999999e-18
1993-01-26,1.64007e-26
1993-01-27,2.121219e-34
1993-01-28,0.23817356
1993-01-29,0.030526375
1993-01-30,0.016729621
1993-01-31,34.44031
1993-02-01,2.7122073
1993-02-02,16.55069
1993-02-03,3.0772278
1993-02-04,0.12958321
1993-02-05,0.11460575
1993-02-06,0.2297929
1993-02-07,0.69270587
1993-02-08,9.386988
1993-02-09,1.3827859
1993-02-10,6.415522
1993-02-11,36.043617
1993-02-12,23.480558
1993-02-13,1.9450082
1993-02-14,2.4476993
1993-02-15,23.154922
1993-02-16,7.613353
1993-02-17,2.8919413
1993-02-18,5.114468
1993-02-19,9.35372
1993-02-20,4.3856206
1993-02-21,3.5272455
1993-02-22,3.7495012
1993-02-23,3.9557872
1993-02-24,3.991352
1993-02-25,4.1577015
1993-02-26,9.233226
1993-02-27,81.66745
1993-02-28,19.351686
1993-03-01,11.004533
1993-03-02,8.826209
1993-03-03,7.4310284
1993-03-04,6.3506427
1993-03-05,5.5930805
1993-03-06,5.4572387
1993-03-07,5.4252987
1993-03-08,4.30608
1993-03-09,5.2314386
1993-03-10,3.923022
1993-03-11,3.5292222
1993-03-12,3.4443939
1993-03-13,3.2031145
1993-03-14,3.0433872
1993-03-15,8.155234
1993-03-16,4.601853
1993-03-17,5.9519997
1993-03-18,3.0626519
1993-03-19,5.118462
1993-03-20,2.8285005
1993-03-21,2.6941922
1993-03-22,3.4709787
1993-03-23,4.352959
1993-03-24,6.660842
1993-03-25,3.114276
1993-03-26,3.1891694
1993-03-27,4.5133715
1993-03-28,4.6257606
1993-03-29,3.3245652
1993-03-30,3.2342436
1993-03-31,3.2047658
1993-04-01,3.214846
1993-04-02,7.234963
1993-04-03,3.794036
1993-04-04,3.1321757
1993-04-05,3.1641147
1993-04-06,3.1008427
1993-04-07,3.0780613
1993-04-08,3.1148944
1993-04-09,3.0703568
1993-04-10,3.3228896
1993-04-11,3.1606274
1993-04-12,3.7444324
1993-04-13,2.874292
1993-04-14,2.8017447
1993-04-15,2.8831246
1993-04-16,2.711348
1993-04-17,2.6871958
1993-04-18,4.6352158
1993-04-19,6.8324203
1993-04-20,2.930843
1993-04-21,4.853471
1993-04-22,5.154044
1993-04-23,3.4349432
1993-04-24,3.4350638
1993-04-25,3.5473258
1993-04-26,3.7327833
1993-04-27,3.5962663
1993-04-28,3.9588084
1993-04-29,3.577272
1993-04-30,3.5044835
1993-05-01,3.7287896
1993-05-02,7.817888
1993-05-03,5.8736396
1993-05-04,3.7117484
1993-05-05,3.6915507
1993-05-06,3.6622157
1993-05-07,3.6362479
1993-05-08,3.6803534
1993-05-09,3.5499432
1993-05-10,3.4859655
1993-05-11,3.4460108
1993-05-12,3.3497045
1993-05-13,4.588573
1993-05-14,4.3218346
1993-05-15,3.2238107
1993-05-16,3.041107
1993-05-17,3.282028
1993-05-18,3.3734908
1993-05-19,2.8547447
1993-05-20,2.7632236
1993-05-21,2.7160506
1993-05-22,2.6809385
1993-05-23,2.602818
1993-05-24,2.5753868
1993-05-25,2.5351014
1993-05-26,2.4196274
1993-05-27,2.3300734
1993-05-28,2.254714
1993-05-29,2.185029
1993-05-30,2.135755
1993-05-31,2.0785403
1993-06-01,2.0180156
1993-06-02,1.9592175
1993-06-03,1.9124908
1993-06-04,1.8534973
1993-06-05,1.8300565
1993-06-06,1.7693061
1993-06-07,1.7168684
1993-06-08,1.6702895
1993-06-09,1.6194257
1993-06-10,1.5799427
1993-06-11,1.5251877
1993-06-12,1.4816232
1993-06-13,1.4369437
1993-06-14,1.3921418
1993-06-15,1.359561
1993-06-16,1.3220631
1993-06-17,1.2844698
1993-06-18,1.2501531
1993-06-19,1.2160459
1993-06-20,1.2052944
1993-06-21,1.1515062
1993-06-22,1.1209251
1993-06-23,1.0865891
1993-06-24,1.0529901
1993-06-25,1.0284231
1993-06-26,1.0190977
1993-06-27,0.974324
1993-06-28,0.96170014
1993-06-29,0.9200631
1993-06-30,0.9054763
1993-07-01,0.93159395
1993-07-02,0.8513067
1993-07-03,0.827293
1993-07-04,0.81359524
1993-07-05,0.8850314
1993-07-06,0.78430533
1993-07-07,0.7525432
1993-07-08,0.73111117
1993-07-09,0.73200876
1993-07-10,0.6987444
1993-07-11,0.67867196
1993-07-12,0.6650266
1993-07-13,0.6522737
1993-07-14,0.64254314
1993-07-15,0.64088047
1993-07-16,0.67937464
1993-07-17,0.6101583
1993-07-18,0.59902936
1993-07-19,0.5847597
1993-07-20,0.5749069
1993-07-21,0.55830735
1993-07-22,0.5475
1993-07-23,0.53274924
1993-07-24,0.5302115
1993-07-25,0.5081089
1993-07-26,0.49963313
1993-07-27,0.51085687
1993-07-28,0.4833638
1993-07-29,0.46932635
1993-07-30,0.46500984
1993-07-31,0.45174703
1993-08-01,0.4454771
1993-08-02,0.40439114
1993-08-03,0.38764915
1993-08-04,0.38103777
1993-08-05,0.37225205
1993-08-06,0.36139065
1993-08-07,0.35936904
1993-08-08,0.3497765
1993-08-09,0.3450915
1993-08-10,0.3339664
1993-08-11,0.3327246
1993-08-12,0.3272581
1993-08-13,0.31876147
1993-08-14,0.31199118
1993-08-15,0.30561474
1993-08-16,0.30197155
1993-08-17,0.27216
1993-08-18,0.2102375
1993-08-19,0.03528353
1993-08-20,0.0014671775
1993-08-21,1.8976048e-11
1993-08-22,2.4543069999999996e-19
1993-08-23,3.1743295000000003e-27
1993-08-24,4.1055856e-35
1993-08-25,5.31e-43
1993-08-26,0.0
1993-08-27,0.0594755
1993-08-28,0.003825141
1993-08-29,4.9473262e-11
1993-08-30,6.398728e-19
1993-08-31,8.275929999999999e-27
1993-09-01,1.0703847e-34
1993-09-02,1.3840000000000001e-42
1993-09-03,0.0
1993-09-04,0.0
1993-09-05,0.0
1993-09-06,0.0
1993-09-07,0.061919693
1993-09-08,0.003982338
1993-09-09,5.1506407e-11
1993-09-10,6.661689e-19
1993-09-11,8.616036e-27
1993-09-12,1.114373e-34
1993-09-13,1.442e-42
1993-09-14,0.0
1993-09-15,0.024441985
1993-09-16,0.0015719756
1993-09-17,2.0331478e-11
1993-09-18,0.028244073
1993-09-19,0.0018165052
1993-09-20,2.3494151e-11
1993-09-21,3.0386653e-19
1993-09-22,3.9301216e-27
1993-09-23,5.083105e-35
1993-09-24,6.57e-43
1993-09-25,0.0
1993-09-26,0.0
1993-09-27,0.0
1993-09-28,0.0
1993-09-29,0.0
1993-09-30,0.0
1993-10-01,0.0
1993-10-02,0.0
1993-10-03,0.0
1993-10-04,0.0
1993-10-05,0.0
1993-10-06,0.0
1993-10-07,0.0
1993-10-08,0.0
1993-10-09,0.0
1993-10-10,0.0
1993-10-11,0.0
1993-10-12,0.0
1993-10-13,0.0
1993-10-14,0.0
1993-10-15,0.0
1993-10-16,0.0
1993-10-17,0.0
1993-10-18,0.0
1993-10-19,0.0
1993-10-20,0.0
1993-10-21,0.0
1993-10-22,0.0
1993-10-23,0.0
1993-10-24,0.0
1993-10-25,0.0
1993-10-26,0.0
1993-10-27,0.0
1993-10-28,0.0
1993-10-29,0.0
1993-10-30,0.0
1993-10-31,0.0
1993-11-01,0.0
1993-11-02,0.0
1993-11-03,0.0
1993-11-04,0.01249257
1993-11-05,0.00080345426
1993-11-06,1.0391644e-11
1993-11-07,1.344025e-19
1993-11-08,1.738323e-27
1993-11-09,2.2482965e-35
1993-11-10,2.9100000000000002e-43
1993-11-11,0.0
1993-11-12,0.0
1993-11-13,0.0
1993-11-14,0.0
1993-11-15,0.0
1993-11-16,0.0
1993-11-17,0.0
1993-11-18,0.0
1993-11-19,0.0
1993-11-20,0.0
1993-11-21,0.0
1993-11-22,0.0
1993-11-23,0.0
1993-11-24,0.0
1993-11-25,0.0
1993-11-26,0.0
1993-11-27,0.0
1993-11-28,0.0
1993-11-29,0.0
1993-11-30,0.066536516
1993-12-01,0.03333807
1993-12-02,0.0018689045
1993-12-03,2.4171868e-11
1993-12-04,3.1263192999999997e-19
1993-12-05,4.0434907000000005e-27
1993-12-06,0.040193487
1993-12-07,0.0025850267
1993-12-08,3.3433985e-11
1993-12-09,4.3242544e-19
1993-12-10,0.014122036
1993-12-11,0.0009082526
1993-12-12,0.076041736
1993-12-13,0.004890591
1993-12-14,6.3253486e-11
1993-12-15,8.1810219999999995e-19
1993-12-16,1.0581097000000001e-26
1993-12-17,1.3685283e-34
1993-12-18,1.77e-42
1993-12-19,0.0
1993-12-20,0.0
1993-12-21,0.0
1993-12-22,0.0
1993-12-23,0.011406261
1993-12-24,0.0007335887
1993-12-25,9.488023e-12
1993-12-26,1.2271532999999999e-19
1993-12-27,1.5871645500000001e-27
1993-12-28,2.0527924999999998e-35
1993-12-29,2.65e-43
1993-12-30,0.0
1993-12-31,0.0
1994-01-01,0.0
1994-01-02,0.0
1994-01-03,0.014122036
1994-01-04,0.015030289
1994-01-05,0.05902586
1994-01-06,0.021661932
1994-01-07,0.0011527822
1994-01-08,0.71669334
1994-01-09,0.068906344
1994-01-10,4.071872
1994-01-11,0.30632508
1994-01-12,0.014813907
1994-01-13,0.0007685215
1994-01-14,9.939834e-12
1994-01-15,1.2855892e-19
1994-01-16,0.08255959
1994-01-17,1.6374913
1994-01-18,0.8213948
1994-01-19,0.046076357
1994-01-20,5.959382e-10
1994-01-21,7.707692e-18
1994-01-22,9.968904999999999e-26
1994-01-23,0.04073664
1994-01-24,0.0026199596
1994-01-25,3.3885797e-11
1994-01-26,4.382691e-19
1994-01-27,5.6684448000000004e-27
1994-01-28,7.331402e-35
1994-01-29,0.2389883
1994-01-30,1.4254014
1994-01-31,1.3975171
1994-02-01,2.2216358
1994-02-02,9.410496
1994-02-03,0.6107837
1994-02-04,10.246463
1994-02-05,1.3634096
1994-02-06,2.4544728
1994-02-07,8.805507
1994-02-08,0.6967628
1994-02-09,0.04270576
1994-02-10,0.08526859
1994-02-11,0.69623816
1994-02-12,0.21281263
1994-02-13,0.895629
1994-02-14,0.14869875
1994-02-15,1.7344952
1994-02-16,0.5633503
1994-02-17,0.28110558
1994-02-18,9.975775
1994-02-19,0.6530377
1994-02-20,0.118668154
1994-02-21,0.0733022
1994-02-22,0.21442795
1994-02-23,0.95263433
1994-02-24,0.44278008
1994-02-25,0.34070903
1994-02-26,0.5317115
1994-02-27,0.3788791
1994-02-28,0.3812778
1994-03-01,0.5073135
1994-03-02,0.4689257
1994-03-03,1.1231568
1994-03-04,0.93539923
1994-03-05,1.6910708
1994-03-06,0.6344874
1994-03-07,0.5326585
1994-03-08,0.54670787
1994-03-09,0.54936785
1994-03-10,0.569841
1994-03-11,0.61134446
1994-03-12,1.439797
1994-03-13,1.3937865
1994-03-14,0.8043341
1994-03-15,0.65141326
1994-03-16,0.70482343
1994-03-17,0.7777166
1994-03-18,0.81854445
1994-03-19,0.8124661
1994-03-20,0.7366976
1994-03-21,0.73050153
1994-03-22,0.73150057
1994-03-23,0.784528
1994-03-24,0.793094
1994-03-25,0.74780077
1994-03-26,0.7340033
1994-03-27,0.7509572
1994-03-28,0.7322673
1994-03-29,0.8567327
1994-03-30,0.9373309
1994-03-31,3.0545967
1994-04-01,0.997207
1994-04-02,0.8205717
1994-04-03,1.279694
1994-04-04,0.83546644
1994-04-05,0.7308469
1994-04-06,0.7369417
1994-04-07,0.75013286
1994-04-08,2.1520052
1994-04-09,0.8546244
1994-04-10,0.8854258
1994-04-11,0.85675454
1994-04-12,0.8970518
1994-04-13,0.8424911
1994-04-14,0.9501525
1994-04-15,0.8280428
1994-04-16,0.82488877
1994-04-17,0.8330964
1994-04-18,0.8699943
1994-04-19,1.0700433
1994-04-20,5.263696
1994-04-21,1.2737113
1994-04-22,0.95607924
1994-04-23,0.9551682
1994-04-24,1.0321469
1994-04-25,0.9816881
1994-04-26,1.015331
1994-04-27,6.7683797
1994-04-28,1.5869129
1994-04-29,1.2228212
1994-04-30,1.4295808
1994-05-01,1.3489419
1994-05-02,1.3828204
1994-05-03,1.3992385
1994-05-04,1.4082766
1994-05-05,1.4256383
1994-05-06,1.5024915
1994-05-07,1.44463
1994-05-08,1.463951
1994-05-09,1.6254123
1994-05-10,1.4578167
1994-05-11,1.3714209
1994-05-12,1.4323219
1994-05-13,3.024463
1994-05-14,1.5462788
1994-05-15,3.761199
1994-05-16,1.6229607
1994-05-17,1.5806876
1994-05-18,1.5168196
1994-05-19,1.5350908
1994-05-20,1.5563831
1994-05-21,1.5576582
1994-05-22,1.558473
1994-05-23,1.5359844
1994-05-24,1.5244863
1994-05-25,1.5235685
1994-05-26,1.5151321
1994-05-27,1.487976
1994-05-28,1.4854496
1994-05-29,1.4606836
1994-05-30,1.4468732
1994-05-31,1.428163
1994-06-01,1.420764
1994-06-02,1.4010803
1994-06-03,1.401198
1994-06-04,1.3583761
1994-06-05,1.346926
1994-06-06,1.321925
1994-06-07,1.29917
1994-06-08,1.2950919
1994-06-09,1.2563531
1994-06-10,1.2283446
1994-06-11,1.2095934
1994-06-12,1.1930131
1994-06-13,1.1686618
1994-06-14,1.1448903
1994-06-15,1.132595
1994-06-16,1.0927892
1994-06-17,1.0745225
1994-06-18,1.0528696
1994-06-19,1.0341611
1994-06-20,1.0365738
1994-06-21,0.99742216
1994-06-22,0.9709906
1994-06-23,0.95424527
1994-06-24,0.9328988
1994-06-25,0.91719526
1994-06-26,0.8961728
1994-06-27,0.8739688
1994-06-28,0.87778383
1994-06-29,0.83873695
1994-06-30,0.815836
1994-07-01,0.8012187
1994-07-02,0.7851545
1994-07-03,0.77249855
1994-07-04,0.748935
1994-07-05,0.74257946
1994-07-06,0.72135353
1994-07-07,0.7069729
1994-07-08,0.6930988
1994-07-09,0.6746079
1994-07-10,0.70280296
1994-07-11,0.6503738
1994-07-12,0.6398195
1994-07-13,0.6301317
1994-07-14,0.6181316
1994-07-15,0.605177
1994-07-16,0.59135526
1994-07-17,0.5785675
1994-07-18,0.56068957
1994-07-19,0.5525282
1994-07-20,0.54229724
1994-07-21,0.527818
1994-07-22,0.5201378
1994-07-23,0.50856644
1994-07-24,0.49997458
1994-07-25,0.49077755
1994-07-26,0.5138459
1994-07-27,0.4740857
1994-07-28,0.46111083
1994-07-29,0.45121348
1994-07-30,0.4443733
1994-07-31,0.43745375
1994-08-01,0.42834407
1994-08-02,0.41746518
1994-08-03,0.4127278
1994-08-04,0.40377533
1994-08-05,0.39805642
1994-08-06,0.3890341
1994-08-07,0.3852162
1994-08-08,0.37740245
1994-08-09,0.3703955
1994-08-10,0.36237216
1994-08-11,0.35509366
1994-08-12,0.35166967
1994-08-13,0.3441449
1994-08-14,0.33471128
1994-08-15,0.33304855
1994-08-16,0.32483137
1994-08-17,0.31887582
1994-08-18,0.31961283
1994-08-19,0.30637538
1994-08-20,0.30524796
1994-08-21,0.30197155
1994-08-22,0.2841094
1994-08-23,0.26097628
1994-08-24,0.22642906
1994-08-25,0.083077796
1994-08-26,0.016420813
1994-08-27,0.0007685215
1994-08-28,0.022812521
1994-08-29,0.0014671774
1994-08-30,1.8976046e-11
1994-08-31,2.4543067e-19
1994-09-01,3.1743291000000003e-27
1994-09-02,4.105585e-35
1994-09-03,5.31e-43
1994-09-04,0.0
1994-09-05,0.0
1994-09-06,0.0
1994-09-07,0.0
1994-09-08,0.0
1994-09-09,0.0
1994-09-10,0.0
1994-09-11,0.0
1994-09-12,0.0
1994-09-13,0.0
1994-09-14,0.0
1994-09-15,0.0
1994-09-16,0.0
1994-09-17,0.0
1994-09-18,0.0
1994-09-19,0.0
1994-09-20,0.0
1994-09-21,0.0
1994-09-22,0.0
1994-09-23,0.0
1994-09-24,0.0
1994-09-25,0.0
1994-09-26,0.0
1994-09-27,0.0
1994-09-28,0.0
1994-09-29,0.0
1994-09-30,0.0
1994-10-01,0.0
1994-10-02,0.0
1994-10-03,0.0
1994-10-04,0.0
1994-10-05,0.0
1994-10-06,0.0
1994-10-07,0.0
1994-10-08,0.033132467
1994-10-09,0.0021309005
1994-10-10,2.7560447e-11
1994-10-11,3.5645882999999997e-19
1994-10-12,4.610335e-27
1994-10-13,5.9628736e-35
1994-10-14,7.71e-43
1994-10-15,0.0
1994-10-16,0.011406261
1994-10-17,0.0007335887
1994-10-18,9.488023e-12
1994-10-19,1.2271532999999999e-19
1994-10-20,1.5871645500000001e-27
1994-10-21,2.0527924999999998e-35
1994-10-22,2.65e-43
1994-10-23,0.0
1994-10-24,0.0
1994-10-25,0.0
1994-10-26,0.0
1994-10-27,0.0
1994-10-28,0.0
1994-10-29,0.05811761
1994-10-30,0.003737809
1994-10-31,4.8343735e-11
1994-11-01,6.2526385999999995e-19
1994-11-02,8.086980600000001e-27
1994-11-03,1.0459466e-34
1994-11-04,1.3520000000000001e-42
1994-11-05,0.0
1994-11-06,0.0
1994-11-07,0.0
1994-11-08,0.0
1994-11-09,0.0
1994-11-10,0.0
1994-11-11,0.0
1994-11-12,0.0
1994-11-13,0.0
1994-11-14,0.0
1994-11-15,0.0
1994-11-16,0.0
1994-11-17,0.0
1994-11-18,0.0
1994-11-19,0.0
1994-11-20,0.0
1994-11-21,0.0
1994-11-22,0.0
1994-11-23,0.0
1994-11-24,0.0
1994-11-25,0.0
1994-11-26,0.0
1994-11-27,0.0
1994-11-28,0.0
1994-11-29,0.0
1994-11-30,0.0
1994-12-01,0.0
1994-12-02,0.0
1994-12-03,0.0
1994-12-04,0.0
1994-12-05,0.0
1994-12-06,0.0
1994-12-07,0.866061
1994-12-08,0.11816319
1994-12-09,0.004017272
1994-12-10,5.1958233e-11
1994-12-11,6.720126999999999e-19
1994-12-12,0.028787227
1994-12-13,0.0018514381
1994-12-14,0.028787227
1994-12-15,0.029552355
1994-12-16,0.0017815725
1994-12-17,2.3042342e-11
1994-12-18,2.9802296e-19
1994-12-19,3.8545423e-27
1994-12-20,0.02172621
1994-12-21,0.0013973117
1994-12-22,1.8072424e-11
1994-12-23,2.3374348e-19
1994-12-24,0.06463547
1994-12-25,5.510665
1994-12-26,0.762873
1994-12-27,0.048013143
1994-12-28,0.0464792
1994-12-29,1.5878264
1994-12-30,0.1019339
1994-12-31,0.045625042
1995-01-01,0.0029343548
1995-01-02,0.16674866
1995-01-03,0.035166353
1995-01-04,0.77095133
1995-01-05,0.0494823
1995-01-06,0.093694285
1995-01-07,0.32187065
1995-01-08,0.04502698
1995-01-09,0.06459545
1995-01-10,0.05130671
1995-01-11,0.045948416
1995-01-12,0.014709106
1995-01-13,3.0136507
1995-01-14,0.22201629
1995-01-15,0.0018165078
1995-01-16,2.3494184e-11
1995-01-17,0.10754474
1995-01-18,2.3981576
1995-01-19,0.15379162
1995-01-20,1.9890962e-09
1995-01-21,0.033675622
1995-01-22,0.33946523
1995-01-23,1.2752955
1995-01-24,0.41520852
1995-01-25,0.021518603
1995-01-26,0.0885343
1995-01-27,29.21278
1995-01-28,3.7767684
1995-01-29,1.887073
1995-01-30,1.4890547
1995-01-31,0.25766015
1995-02-01,3.896071
1995-02-02,4.63368
1995-02-03,1.4022002
1995-02-04,0.34824333
1995-02-05,1.3517525
1995-02-06,0.56485784
1995-02-07,0.4897769
1995-02-08,0.52596205
1995-02-09,0.6285846
1995-02-10,12.961394
1995-02-11,1.7007301
1995-02-12,1.0143249
1995-02-13,5.4166064
1995-02-14,1.439675
1995-02-15,1.2985159
1995-02-16,1.315476
1995-02-17,1.639738
1995-02-18,1.6238948
1995-02-19,1.4235568
1995-02-20,1.9186739
1995-02-21,12.178677
1995-02-22,5.5796194
1995-02-23,2.6477895
1995-02-24,3.1008396
1995-02-25,2.8455124
1995-02-26,2.8643107
1995-02-27,2.8431113
1995-02-28,2.7948804
1995-03-01,2.7902465
1995-03-02,2.7515779
1995-03-03,2.6782157
1995-03-04,2.6367226
1995-03-05,6.245786
1995-03-06,2.8345692
1995-03-07,2.571996
1995-03-08,2.522925
1995-03-09,2.4758902
1995-03-10,2.446989
1995-03-11,2.4499292
1995-03-12,9.740456
1995-03-13,2.9378328
1995-03-14,2.4603934
1995-03-15,2.4842067
1995-03-16,2.480347
1995-03-17,2.4577281
1995-03-18,2.4204478
1995-03-19,2.4643104
1995-03-20,2.4482694
1995-03-21,2.3547103
1995-03-22,2.320256
1995-03-23,2.4047837
1995-03-24,2.2435894
1995-03-25,2.1720316
1995-03-26,2.1404183
1995-03-27,2.0951843
1995-03-28,2.05627
1995-03-29,1.9898545
1995-03-30,1.9444525
1995-03-31,1.8937285
1995-04-01,1.8482708
1995-04-02,2.0139241
1995-04-03,1.7892956
1995-04-04,1.7421061
1995-04-05,1.932865
1995-04-06,1.6544065
1995-04-07,1.658241
1995-04-08,1.597771
1995-04-09,1.6429442
1995-04-10,1.5605587
1995-04-11,1.4458827
1995-04-12,1.417678
1995-04-13,1.3875284
1995-04-14,1.9600636
1995-04-15,28.715353
1995-04-16,3.1301343
1995-04-17,1.333107
1995-04-18,1.3638736
1995-04-19,1.8795753
1995-04-20,1.409914
1995-04-21,1.40963
1995-04-22,1.369868
1995-04-23,1.342193
1995-04-24,1.3449314
1995-04-25,1.3628633
1995-04-26,1.3248916
1995-04-27,1.3606689
1995-04-28,1.3242959
1995-04-29,1.3095773
1995-04-30,1.294126
1995-05-01,1.2662966
1995-05-02,1.250717
1995-05-03,1.2329885
1995-05-04,1.2188699
1995-05-05,1.2025516
1995-05-06,1.1879771
1995-05-07,1.1803143
1995-05-08,1.1717303
1995-05-09,1.1459496
1995-05-10,1.1380789
1995-05-11,1.1175805
1995-05-12,1.0975491
1995-05-13,1.0873818
1995-05-14,1.0656224
1995-05-15,1.0381887
1995-05-16,1.0245624
1995-05-17,1.0074992
1995-05-18,0.99830395
1995-05-19,1.0385165
1995-05-20,2.796071
1995-05-21,1.0988741
1995-05-22,0.936564
1995-05-23,0.981953
1995-05-24,1.0393776
1995-05-25,0.9339682
1995-05-26,0.8884001
1995-05-27,0.9315449
1995-05-28,0.889669
1995-05-29,0.8715787
1995-05-30,0.8453438
1995-05-31,0.8266101
1995-06-01,0.8358296
1995-06-02,0.8739711
1995-06-03,0.80495656
1995-06-04,0.791944
1995-06-05,0.7981919
1995-06-06,0.9887329
1995-06-07,0.76930374
1995-06-08,0.7506028
1995-06-09,0.746013
1995-06-10,0.75985557
1995-06-11,0.73903763
1995-06-12,0.7256909
1995-06-13,0.70075196
1995-06-14,0.6970249
1995-06-15,0.72377133
1995-06-16,0.6695555
1995-06-17,0.6730184
1995-06-18,0.6533758
1995-06-19,0.6450223
1995-06-20,0.6532586
1995-06-21,0.6272029
1995-06-22,0.6121839
1995-06-23,0.6086123
1995-06-24,0.611425
1995-06-25,0.6023835
1995-06-26,0.5838655
1995-06-27,0.57293594
1995-06-28,0.5782818
1995-06-29,0.562643
1995-06-30,0.55482304
1995-07-01,0.55547273
1995-07-02,0.5484816
1995-07-03,0.53988016
1995-07-04,0.58389485
1995-07-05,0.52972806
1995-07-06,0.51574016
1995-07-07,0.5340869
1995-07-08,0.512497
1995-07-09,0.4988088
1995-07-10,0.48525867
1995-07-11,0.49339986
1995-07-12,0.4736079
1995-07-13,0.5135777
1995-07-14,0.46463287
1995-07-15,0.45533955
1995-07-16,0.44572163
1995-07-17,0.4413257
1995-07-18,0.4345633
1995-07-19,0.49877957
1995-07-20,0.4323264
1995-07-21,0.4223536
1995-07-22,0.47794923
1995-07-23,0.4250592
1995-07-24,0.39969996
1995-07-25,0.3925995
1995-07-26,0.39304745
1995-07-27,0.38196516
1995-07-28,0.37500277
1995-07-29,0.3691695
1995-07-30,0.36420333
1995-07-31,0.38264528
1995-08-01,0.37298733
1995-08-02,0.35599402
1995-08-03,0.347885
1995-08-04,0.34770247
1995-08-05,0.3398442
1995-08-06,0.3344493
1995-08-07,0.3303328
1995-08-08,0.32519984
1995-08-09,0.32054022
1995-08-10,0.3137429
1995-08-11,0.32255733
1995-08-12,0.30794287
1995-08-13,0.32271624
1995-08-14,0.30580518
1995-08-15,0.24979372
1995-08-16,0.25495598
1995-08-17,0.15231541
1995-08-18,0.043021843
1995-08-19,0.014150181
1995-08-20,0.0007685215
1995-08-21,0.022812521
1995-08-22,0.013416592
1995-08-23,0.025753662
1995-08-24,0.0016069085
1995-08-25,2.0783288e-11
1995-08-26,2.68805e-19
1995-08-27,0.011406261
1995-08-28,0.0007335887
1995-08-29,9.488023e-12
1995-08-30,1.2271532999999999e-19
1995-08-31,0.011949415
1995-09-01,0.00076852145
1995-09-02,9.939834e-12
1995-09-03,1.2855892e-19
1995-09-04,1.6627437000000002e-27
1995-09-05,0.04236611
1995-09-06,0.002724758
1995-09-07,3.5241227e-11
1995-09-08,4.5579983e-19
1995-09-09,5.8951826e-27
1995-09-10,7.624658e-35
1995-09-11,9.87e-43
1995-09-12,0.0
1995-09-13,0.0
1995-09-14,0.0
1995-09-15,0.0
1995-09-16,0.022269364
1995-09-17,0.0014322445
1995-09-18,1.8524234e-11
1995-09-19,2.3958707e-19
1995-09-20,3.0987496000000003e-27
1995-09-21,4.0078328e-35
1995-09-22,5.1800000000000006e-43
1995-09-23,0.0
1995-09-24,0.0
1995-09-25,0.0
1995-09-26,0.0
1995-09-27,0.0
1995-09-28,0.0
1995-09-29,0.0
1995-09-30,0.06680809
1995-10-01,0.0042967335
1995-10-02,0.013035725
1995-10-03,0.000838387
1995-10-04,1.0843454e-11
1995-10-05,1.402461e-19
1995-10-06,1.8139023e-27
1995-10-07,2.3460484e-35
1995-10-08,3.04e-43
1995-10-09,0.0
1995-10-10,0.27809548
1995-10-11,0.3101031
1995-10-12,0.018793844
1995-10-13,2.4307412e-10
1995-10-14,3.1438500000000004e-18
1995-10-15,4.0661644e-26
1995-10-16,5.259059e-34
1995-10-17,6.802000000000001e-42
1995-10-18,0.0
1995-10-19,0.0
1995-10-20,0.0
1995-10-21,0.0
1995-10-22,0.0
1995-10-23,0.0
1995-10-24,0.05377237
1995-10-25,0.0034583467
1995-10-26,4.472925e-11
1995-10-27,5.785151999999999e-19
1995-10-28,7.482347e-27
1995-10-29,0.02389883
1995-10-30,0.0015370429
1995-10-31,0.02498514
1995-11-01,0.0016069085
1995-11-02,2.0783288e-11
1995-11-03,0.13008568
1995-11-04,0.008366404
1995-11-05,0.01249257
1995-11-06,0.20448667
1995-11-07,0.14943177
1995-11-08,0.9055174
1995-11-09,0.17065033
1995-11-10,0.03388063
1995-11-11,0.025610536
1995-11-12,0.0015370429
1995-11-13,1.9879667e-11
1995-11-14,2.5711785e-19
1995-11-15,3.3254874000000005e-27
1995-11-16,4.301089e-35
1995-11-17,5.56e-43
1995-11-18,0.04535346
1995-11-19,0.002916888
1995-11-20,3.7726183e-11
1995-11-21,0.017380968
1995-11-22,0.02610299
1995-11-23,0.0016069085
1995-11-24,2.0783288e-11
1995-11-25,2.68805e-19
1995-11-26,3.476646e-27
1995-11-27,4.496593e-35
1995-11-28,5.8200000000000005e-43
1995-11-29,0.0
1995-11-30,0.0
1995-12-01,0.0
1995-12-02,0.0
1995-12-03,0.0
1995-12-04,0.0
1995-12-05,0.0
1995-12-06,0.0
1995-12-07,0.0
1995-12-08,0.0
1995-12-09,0.0
1995-12-10,0.0
1995-12-11,0.0
1995-12-12,0.0
1995-12-13,0.0
1995-12-14,0.0
1995-12-15,0.0
1995-12-16,0.0
1995-12-17,0.0
1995-12-18,0.0
1995-12-19,0.0
1995-12-20,0.0
1995-12-21,0.024713563
1995-12-22,0.001589442
1995-12-23,2.0557382e-11
1995-12-24,0.038564023
1995-12-25,0.027465368
1995-12-26,0.0016069085
1995-12-27,2.0783288e-11
1995-12-28,2.68805e-19
1995-12-29,3.476646e-27
1995-12-30,4.496593e-35
1995-12-31,5.8200000000000005e-43
1996-01-01,0.014122036
1996-01-02,0.0009082526
1996-01-03,1.17470755e-11
1996-01-04,1.5193326e-19
1996-01-05,0.01249257
1996-01-06,0.24685277
1996-01-07,0.015824554
1996-01-08,2.046702e-10
1996-01-09,2.647145e-18
1996-01-10,3.4237405e-26
1996-01-11,4.4281667e-34
1996-01-12,5.7270000000000005e-42
1996-01-13,0.0
1996-01-14,0.0
1996-01-15,0.038020868
1996-01-16,0.0024452955
1996-01-17,3.1626743e-11
1996-01-18,4.0905109999999998e-19
1996-01-19,5.2905484e-27
1996-01-20,6.842641599999999e-35
1996-01-21,0.1091742
1996-01-22,0.330742
1996-01-23,0.05802608
1996-01-24,0.017058088
1996-01-25,0.0009431854
1996-01-26,1.2198887e-11
1996-01-27,1.5777686e-19
1996-01-28,0.1455656
1996-01-29,0.83767366
1996-01-30,0.053272508
1996-01-31,2.1761515
1996-02-01,13.203521
1996-02-02,1.2347797
1996-02-03,0.025378685
1996-02-04,3.2824057e-10
1996-02-05,0.14284982
1996-02-06,6.214193
1996-02-07,0.41482374
1996-02-08,0.0010130563
1996-02-09,0.034761935
1996-02-10,0.1562202
1996-02-11,0.089747265
1996-02-12,0.005135121
1996-02-13,6.641616e-11
1996-02-14,8.590073e-19
1996-02-15,0.014122036
1996-02-16,0.0009082526
1996-02-17,1.17470755e-11
1996-02-18,0.011406261
1996-02-19,0.0007335887
1996-02-20,0.122753076
1996-02-21,0.076060794
1996-02-22,0.08531419
1996-02-23,0.054360535
1996-02-24,0.04389806
1996-02-25,0.11559625
1996-02-26,2.5098538
1996-02-27,0.16095285
1996-02-28,2.0817175e-09
1996-02-29,2.6924329e-17
1996-03-01,1.3948227
1996-03-02,2.9100409
1996-03-03,0.24738188
1996-03-04,0.11912166
1996-03-05,0.30150685
1996-03-06,4.852183
1996-03-07,0.4064448
1996-03-08,0.006148176
1996-03-09,0.12927094
1996-03-10,0.008314005
1996-03-11,1.637613
1996-03-12,0.27777416
1996-03-13,0.08224449
1996-03-14,9.261027
1996-03-15,12.077354
1996-03-16,0.9725617
1996-03-17,0.3273703
1996-03-18,0.08254921
1996-03-19,0.11699356
1996-03-20,1.1465341
1996-03-21,0.61642677
1996-03-22,0.7000264
1996-03-23,5.537605
1996-03-24,2.6175401
1996-03-25,0.5209376
1996-03-26,0.41222298
1996-03-27,0.4456332
1996-03-28,0.45397544
1996-03-29,0.46469715
1996-03-30,0.5294532
1996-03-31,0.4844197
1996-04-01,0.49266455
1996-04-02,0.48660868
1996-04-03,0.4899741
1996-04-04,0.51275957
1996-04-05,0.4897673
1996-04-06,0.64815456
1996-04-07,0.49250832
1996-04-08,0.5912821
1996-04-09,0.60592526
1996-04-10,0.6802834
1996-04-11,0.49710262
1996-04-12,0.50185364
1996-04-13,0.6186286
1996-04-14,0.59565264
1996-04-15,0.8693477
1996-04-16,0.5163726
1996-04-17,0.47243422
1996-04-18,0.5107921
1996-04-19,15.173917
1996-04-20,1.8310077
1996-04-21,0.5132754
1996-04-22,0.5416612
1996-04-23,0.49598145
1996-04-24,0.49526423
1996-04-25,0.56766105
1996-04-26,0.5255958
1996-04-27,0.5111853
1996-04-28,0.49551496
1996-04-29,0.49238166
1996-04-30,0.5001177
1996-05-01,0.49084744
1996-05-02,0.53041214
1996-05-03,0.49144578
1996-05-04,0.48605764
1996-05-05,0.49403033
1996-05-06,0.48179016
1996-05-07,4.8104596
1996-05-08,0.76702267
1996-05-09,0.48498878
1996-05-10,0.47820896
1996-05-11,0.482135
1996-05-12,0.47508186
1996-05-13,0.5215932
1996-05-14,0.4708425
1996-05-15,0.4730873
1996-05-16,0.4674794
1996-05-17,0.46709514
1996-05-18,0.46546566
1996-05-19,0.55905515
1996-05-20,0.6704532
1996-05-21,0.47028798
1996-05-22,0.47354484
1996-05-23,0.4922628
1996-05-24,0.4548341
1996-05-25,0.49825048
1996-05-26,0.4515036
1996-05-27,0.44423357
1996-05-28,0.4513042
1996-05-29,0.5267312
1996-05-30,0.46175647
1996-05-31,0.43717086
1996-06-01,0.43533522
1996-06-02,0.47223485
1996-06-03,0.44473675
1996-06-04,0.42163238
1996-06-05,0.4189121
1996-06-06,0.41638055
1996-06-07,0.4270865
1996-06-08,0.45304188
1996-06-09,0.4158306
1996-06-10,0.4054572
1996-06-11,0.40522224
1996-06-12,0.40089446
1996-06-13,0.39871395
1996-06-14,0.39261696
1996-06-15,0.39250427
1996-06-16,0.389806
1996-06-17,0.38908815
1996-06-18,0.40263212
1996-06-19,0.39481497
1996-06-20,0.37931925
1996-06-21,0.39383852
1996-06-22,0.38885942
1996-06-23,0.3721805
1996-06-24,0.37466303
1996-06-25,0.37380376
1996-06-26,0.39844745
1996-06-27,0.36473182
1996-06-28,0.36544853
1996-06-29,0.38057745
1996-06-30,0.42906418
1996-07-01,0.35852328
1996-07-02,0.34346992
1996-07-03,0.3438925
1996-07-04,0.34532028
1996-07-05,0.34920967
1996-07-06,0.33397427
1996-07-07,0.34166917
1996-07-08,0.33299446
1996-07-09,0.32751223
1996-07-10,0.32285258
1996-07-11,0.32202998
1996-07-12,0.31330454
1996-07-13,0.3143751
1996-07-14,0.31746724
1996-07-15,0.30598155
1996-07-16,0.3063168
1996-07-17,0.30421403
1996-07-18,0.29755643
1996-07-19,0.29958144
1996-07-20,0.2831724
1996-07-21,0.29079744
1996-07-22,0.25768074
1996-07-23,0.14145231
1996-07-24,0.019510668
1996-07-25,0.00073358876
1996-07-26,0.011949415
1996-07-27,0.13112578
1996-07-28,0.00838387
1996-07-29,1.08434546e-10
1996-07-30,1.4024608999999998e-18
1996-07-31,0.068980716
1996-08-01,0.015842725
1996-08-02,0.00073358876
1996-08-03,9.488024e-12
1996-08-04,0.011406261
1996-08-05,0.0007335887
1996-08-06,9.488023e-12
1996-08-07,1.2271532999999999e-19
1996-08-08,0.02389883
1996-08-09,0.0015370429
1996-08-10,1.9879667e-11
1996-08-11,2.5711785e-19
1996-08-12,3.3254874000000005e-27
1996-08-13,4.301089e-35
1996-08-14,5.56e-43
1996-08-15,0.0
1996-08-16,0.0
1996-08-17,0.0
1996-08-18,0.0
1996-08-19,0.0
1996-08-20,0.0
1996-08-21,0.0
1996-08-22,0.0
1996-08-23,0.0
1996-08-24,0.0
1996-08-25,0.0
1996-08-26,0.0
1996-08-27,0.0
1996-08-28,0.0
1996-08-29,0.0
1996-08-30,0.0
1996-08-31,0.0
1996-09-01,0.0
1996-09-02,0.0
1996-09-03,0.0
1996-09-04,0.0
1996-09-05,0.0
1996-09-06,0.0
1996-09-07,0.0
1996-09-08,0.0
1996-09-09,0.0
1996-09-10,0.0
1996-09-11,0.0
1996-09-12,0.0
1996-09-13,0.0
1996-09-14,0.0
1996-09-15,0.0
1996-09-16,0.0
1996-09-17,0.0
1996-09-18,0.0
1996-09-19,0.0
1996-09-20,0.0
1996-09-21,0.0
1996-09-22,0.0
1996-09-23,0.0
1996-09-24,0.0
1996-09-25,0.0
1996-09-26,0.0
1996-09-27,0.0
1996-09-28,0.0
1996-09-29,0.0
1996-09-30,0.0
1996-10-01,0.0
1996-10-02,0.0
1996-10-03,0.0
1996-10-04,0.0
1996-10-05,0.0
1996-10-06,0.0
1996-10-07,0.0
1996-10-08,0.0
1996-10-09,0.0
1996-10-10,0.0
1996-10-11,0.0
1996-10-12,0.0
1996-10-13,0.0
1996-10-14,0.0
1996-10-15,0.0
1996-10-16,0.0
1996-10-17,0.0
1996-10-18,0.0
1996-10-19,0.0
1996-10-20,0.01249257
1996-10-21,0.00080345426
1996-10-22,1.0391644e-11
1996-10-23,1.344025e-19
1996-10-24,1.738323e-27
1996-10-25,2.2482965e-35
1996-10-26,2.9100000000000002e-43
1996-10-27,0.0
1996-10-28,0.0
1996-10-29,0.0
1996-10-30,0.0
1996-10-31,0.0
1996-11-01,0.0
1996-11-02,0.0
1996-11-03,0.0
1996-11-04,0.0
1996-11-05,0.0
1996-11-06,0.0
1996-11-07,0.0
1996-11-08,0.011949415
1996-11-09,0.00076852145
1996-11-10,9.939834e-12
1996-11-11,1.2855892e-19
1996-11-12,1.6627437000000002e-27
1996-11-13,2.1505445e-35
1996-11-14,2.7700000000000003e-43
1996-11-15,0.0
1996-11-16,0.0
1996-11-17,0.0
1996-11-18,0.0
1996-11-19,0.0
1996-11-20,0.0
1996-11-21,0.0
1996-11-22,0.0
1996-11-23,0.0
1996-11-24,0.0
1996-11-25,0.0
1996-11-26,0.0
1996-11-27,0.0
1996-11-28,0.0
1996-11-29,0.0
1996-11-30,0.0
1996-12-01,0.0
1996-12-02,0.0
1996-12-03,0.0
1996-12-04,0.0
1996-12-05,0.0
1996-12-06,0.0
1996-12-07,0.0
1996-12-08,0.0
1996-12-09,0.0
1996-12-10,0.0
1996-12-11,0.0
1996-12-12,0.0
1996-12-13,0.0
1996-12-14,0.0
1996-12-15,0.0
1996-12-16,0.0
1996-12-17,0.0
1996-12-18,0.0
1996-12-19,0.0
1996-12-20,0.0
1996-12-21,0.0
1996-12-22,0.0
1996-12-23,0.0
1996-12-24,0.0
1996-12-25,0.0
1996-12-26,0.0
1996-12-27,0.0
1996-12-28,0.0
1996-12-29,0.0
1996-12-30,0.0
1996-12-31,0.0
1997-01-01,0.0
1997-01-02,0.0
1997-01-03,0.03747771
1997-01-04,0.0024103627
1997-01-05,3.117493e-11
1997-01-06,4.0320754e-19
1997-01-07,5.214969e-27
1997-01-08,6.7448896e-35
1997-01-09,8.730000000000001e-43
1997-01-10,0.0
1997-01-11,0.0
1997-01-12,0.0
1997-01-13,0.0
1997-01-14,0.0
1997-01-15,0.0
1997-01-16,0.0
1997-01-17,0.0
1997-01-18,0.0
1997-01-19,0.011949415
1997-01-20,0.054812465
1997-01-21,0.003475813
1997-01-22,0.101841606
1997-01-23,0.054890715
1997-01-24,0.0031090188
1997-01-25,4.0211143e-11
1997-01-26,5.200792599999999e-19
1997-01-27,2.0808277
1997-01-28,0.4157251
1997-01-29,0.018130122
1997-01-30,0.038564023
1997-01-31,0.16705626
1997-02-01,0.35222927
1997-02-02,0.039353695
1997-02-03,0.0011178496
1997-02-04,0.11188998
1997-02-05,0.8292616
1997-02-06,0.052870784
1997-02-07,6.838154e-10
1997-02-08,8.844270000000001e-18
1997-02-09,1.1438922e-25
1997-02-10,14.851766
1997-02-11,1.2294782
1997-02-12,0.3644457
1997-02-13,0.022304589
1997-02-14,2.8848107e-10
1997-02-15,3.7311305e-18
1997-02-16,0.019553589
1997-02-17,0.015922772
1997-02-18,0.014522066
1997-02-19,0.0823466
1997-02-20,0.016646178
1997-02-21,0.2006147
1997-02-22,0.012855268
1997-02-23,1.662663e-10
1997-02-24,0.09668163
1997-02-25,9.353919
1997-02-26,6.6820874
1997-02-27,0.7414252
1997-02-28,1.5854609
1997-03-01,3.88441
1997-03-02,0.2433593
1997-03-03,3.1475385e-09
1997-03-04,0.14529403
1997-03-05,0.04030437
1997-03-06,4.155771
1997-03-07,0.28018427
1997-03-08,0.11625888
1997-03-09,0.13832362
1997-03-10,1.9465325
1997-03-11,0.46792305
1997-03-12,0.12880753
1997-03-13,0.61356866
1997-03-14,0.13733102
1997-03-15,0.11115179
1997-03-16,0.18326747
1997-03-17,0.46570253
1997-03-18,1.3099813
1997-03-19,1.4905015
1997-03-20,1.4082578
1997-03-21,0.4008633
1997-03-22,0.43448675
1997-03-23,0.39924073
1997-03-24,0.7580382
1997-03-25,0.43611082
1997-03-26,0.42613202
1997-03-27,0.4247454
1997-03-28,0.4240625
1997-03-29,0.47046733
1997-03-30,0.47073832
1997-03-31,0.48767304
1997-04-01,0.47519457
1997-04-02,0.4656307
1997-04-03,0.50064844
1997-04-04,11.514322
1997-04-05,2.0274913
1997-04-06,0.6461475
1997-04-07,0.69928205
1997-04-08,0.6993189
1997-04-09,2.1439729
1997-04-10,0.8597415
1997-04-11,0.79398197
1997-04-12,0.81065744
1997-04-13,0.8072904
1997-04-14,0.8768063
1997-04-15,0.86445737
1997-04-16,0.8894459
1997-04-17,0.84875655
1997-04-18,17.332422
1997-04-19,2.0638618
1997-04-20,1.6249987
1997-04-21,1.4169083
1997-04-22,5.553418
1997-04-23,4.1081824
1997-04-24,3.2471447
1997-04-25,3.3254051
1997-04-26,6.2989
1997-04-27,4.2333493
1997-04-28,3.4736583
1997-04-29,3.4064312
1997-04-30,3.3948724
1997-05-01,3.4132543
1997-05-02,3.2822185
1997-05-03,3.2332473
1997-05-04,3.1966975
1997-05-05,3.469894
1997-05-06,3.1315668
1997-05-07,3.1893268
1997-05-08,3.0839825
1997-05-09,2.9907835
1997-05-10,2.864666
1997-05-11,3.6537197
1997-05-12,2.871766
1997-05-13,3.800747
1997-05-14,2.738251
1997-05-15,2.625388
1997-05-16,2.5836782
1997-05-17,2.5409696
1997-05-18,2.4878712
1997-05-19,2.450675
1997-05-20,2.380869
1997-05-21,2.3303518
1997-05-22,2.275511
1997-05-23,2.2732613
1997-05-24,2.1755633
1997-05-25,2.1274524
1997-05-26,2.0571396
1997-05-27,2.0044498
1997-05-28,1.9668504
1997-05-29,2.0159602
1997-05-30,1.9049274
1997-05-31,2.001045
1997-06-01,1.7703408
1997-06-02,1.7021176
1997-06-03,1.6699244
1997-06-04,1.6219049
1997-06-05,1.5836304
1997-06-06,1.5427958
1997-06-07,1.5826817
1997-06-08,1.5267457
1997-06-09,1.414885
1997-06-10,1.4101061
1997-06-11,1.365707
1997-06-12,1.3253648
1997-06-13,1.3699374
1997-06-14,3.6218932
1997-06-15,1.4328661
1997-06-16,1.484288
1997-06-17,1.2183378
1997-06-18,1.3177212
1997-06-19,1.2478672
1997-06-20,1.1717359
1997-06-21,4.955939
1997-06-22,1.3543453
1997-06-23,1.1018786
1997-06-24,1.0779195
1997-06-25,1.0514147
1997-06-26,1.0305259
1997-06-27,1.1457925
1997-06-28,1.0571471
1997-06-29,1.0267936
1997-06-30,1.110243
1997-07-01,1.123314
1997-07-02,1.5754367
1997-07-03,1.0243936
1997-07-04,1.4042284
1997-07-05,0.9837686
1997-07-06,0.94006467
1997-07-07,0.95159656
1997-07-08,0.9407222
1997-07-09,1.002434
1997-07-10,0.9570241
1997-07-11,0.8919255
1997-07-12,0.88522744
1997-07-13,0.9203579
1997-07-14,0.97803026
1997-07-15,0.86372876
1997-07-16,0.85424733
1997-07-17,0.83375674
1997-07-18,0.82511413
1997-07-19,0.9267557
1997-07-20,0.878736
1997-07-21,0.95914274
1997-07-22,0.9550346
1997-07-23,0.86724687
1997-07-24,0.79320264
1997-07-25,0.7955905
1997-07-26,0.8112355
1997-07-27,0.7636013
1997-07-28,1.8036044
1997-07-29,0.80991066
1997-07-30,0.7574384
1997-07-31,0.85404676
1997-08-01,0.76840174
1997-08-02,0.7847675
1997-08-03,0.7272674
1997-08-04,0.7085404
1997-08-05,0.71029556
1997-08-06,0.7034092
1997-08-07,0.71110237
1997-08-08,0.78956914
1997-08-09,2.0261865
1997-08-10,1.0560207
1997-08-11,0.7126076
1997-08-12,1.339587
1997-08-13,0.7186745
1997-08-14,0.67580235
1997-08-15,0.6374925
1997-08-16,0.6983073
1997-08-17,0.75940824
1997-08-18,0.7519415
1997-08-19,0.64096487
1997-08-20,0.6213809
1997-08-21,0.6338848
1997-08-22,0.6355554
1997-08-23,0.62365836
1997-08-24,0.60089207
1997-08-25,0.59839094
1997-08-26,0.6007653
1997-08-27,0.5971204
1997-08-28,0.58872855
1997-08-29,0.58195823
1997-08-30,0.5924196
1997-08-31,0.5822552
1997-09-01,0.6869287
1997-09-02,0.579643
1997-09-03,0.5763808
1997-09-04,0.55681765
1997-09-05,0.5473952
1997-09-06,0.73534614
1997-09-07,0.5959275
1997-09-08,0.53105104
1997-09-09,0.52641904
1997-09-10,0.5220039
1997-09-11,0.52525496
1997-09-12,0.5078295
1997-09-13,0.5075089
1997-09-14,0.5374348
1997-09-15,0.5371835
1997-09-16,0.5185765
1997-09-17,0.647746
1997-09-18,0.52006954
1997-09-19,0.48714846
1997-09-20,0.48939604
1997-09-21,0.5309204
1997-09-22,0.4808892
1997-09-23,0.46446496
1997-09-24,0.5467293
1997-09-25,0.49015436
1997-09-26,0.45901427
1997-09-27,0.7592619
1997-09-28,4.160369
1997-09-29,0.77891403
1997-09-30,0.54500514
1997-10-01,0.59373194
1997-10-02,0.5053542
1997-10-03,1.2642306
1997-10-04,1.5100383
1997-10-05,0.49992257
1997-10-06,0.44473562
1997-10-07,0.4446021
1997-10-08,0.4483518
1997-10-09,5.0887713
1997-10-10,0.73426306
1997-10-11,0.4656995
1997-10-12,0.52660555
1997-10-13,0.47227818
1997-10-14,0.45496145
1997-10-15,0.4511008
1997-10-16,0.46693173
1997-10-17,0.4285835
1997-10-18,0.46380016
1997-10-19,0.5805622
1997-10-20,0.4586446
1997-10-21,3.083004
1997-10-22,3.5755005
1997-10-23,0.6252265
1997-10-24,0.5384299
1997-10-25,0.52422553
1997-10-26,0.68202513
1997-10-27,0.5564716
1997-10-28,1.2432487
1997-10-29,0.755688
1997-10-30,4.3633094
1997-10-31,0.8869691
1997-11-01,3.7682092
1997-11-02,0.82372296
1997-11-03,0.6985727
1997-11-04,9.452134
1997-11-05,2.8497646
1997-11-06,1.6722554
1997-11-07,4.0918145
1997-11-08,3.300142
1997-11-09,6.755414
1997-11-10,5.979176
1997-11-11,6.1414747
1997-11-12,6.52459
1997-11-13,10.575245
1997-11-14,9.430451
1997-11-15,9.318985
1997-11-16,8.115349
1997-11-17,8.092884
1997-11-18,14.479843
1997-11-19,10.123661
1997-11-20,10.595432
1997-11-21,8.979906
1997-11-22,8.874956
1997-11-23,10.506191
1997-11-24,12.470859
1997-11-25,39.777832
1997-11-26,13.697817
1997-11-27,11.422726
1997-11-28,10.569719
1997-11-29,9.592145
1997-11-30,8.884687
1997-12-01,40.559746
1997-12-02,19.10949
1997-12-03,20.603739
1997-12-04,13.920389
1997-12-05,12.171562
1997-12-06,10.845063
1997-12-07,12.160249
1997-12-08,21.030893
1997-12-09,15.144852
1997-12-10,11.135098
1997-12-11,8.647086
1997-12-12,14.79548
1997-12-13,9.17584
1997-12-14,14.287015
1997-12-15,61.02503
1997-12-16,38.22138
1997-12-17,15.399683
1997-12-18,9.746294
1997-12-19,14.910209
1997-12-20,11.045465
1997-12-21,6.629587
1997-12-22,7.1245184
1997-12-23,6.421496
1997-12-24,5.431572
1997-12-25,9.727392
1997-12-26,12.645404
1997-12-27,99.05833
1997-12-28,23.703686
1997-12-29,11.868897
1997-12-30,11.866861
1997-12-31,10.54605
1998-01-01,13.771236
1998-01-02,6.6407795
1998-01-03,5.3757534
1998-01-04,4.956781
1998-01-05,4.7584896
1998-01-06,4.374111
1998-01-07,4.6154437
1998-01-08,5.2052655
1998-01-09,3.9233212
1998-01-10,3.6505728
1998-01-11,3.5404463
1998-01-12,4.012661
1998-01-13,12.445504
1998-01-14,7.830251
1998-01-15,3.6194541
1998-01-16,3.2184238
1998-01-17,3.5970337
1998-01-18,6.4749336
1998-01-19,13.595054
1998-01-20,8.085484
1998-01-21,8.176077
1998-01-22,8.332822
1998-01-23,8.570698
1998-01-24,8.247904
1998-01-25,7.2992983
1998-01-26,7.335009
1998-01-27,6.7998857
1998-01-28,6.7077727
1998-01-29,6.259243
1998-01-30,6.0220613
1998-01-31,10.811769
1998-02-01,5.809164
1998-02-02,5.379022
1998-02-03,5.200876
1998-02-04,5.138457
1998-02-05,5.8684154
1998-02-06,6.4429784
1998-02-07,7.4534917
1998-02-08,10.695388
1998-02-09,13.963245
1998-02-10,21.735653
1998-02-11,21.096628
1998-02-12,16.985292
1998-02-13,13.215662
1998-02-14,16.681753
1998-02-15,14.485855
1998-02-16,9.743769
1998-02-17,8.810098
1998-02-18,8.091702
1998-02-19,39.73256
1998-02-20,24.352427
1998-02-21,19.492306
1998-02-22,16.068071
1998-02-23,12.614159
1998-02-24,13.1965685
1998-02-25,13.142636
1998-02-26,9.809883
1998-02-27,11.71129
1998-02-28,12.847556
1998-03-01,8.525092
1998-03-02,9.266261
1998-03-03,8.802499
1998-03-04,7.7948337
1998-03-05,9.569982
1998-03-06,7.8531275
1998-03-07,14.818394
1998-03-08,11.481371
1998-03-09,6.9484277
1998-03-10,7.553307
1998-03-11,15.266267
1998-03-12,16.59894
1998-03-13,23.571964
1998-03-14,16.152613
1998-03-15,71.941055
1998-03-16,30.194828
1998-03-17,18.419308
1998-03-18,13.013098
1998-03-19,10.822179
1998-03-20,10.173058
1998-03-21,33.814137
1998-03-22,25.13606
1998-03-23,27.464914
1998-03-24,43.18271
1998-03-25,56.66757
1998-03-26,17.89959
1998-03-27,18.33679
1998-03-28,23.628002
1998-03-29,14.499092
1998-03-30,14.47151
1998-03-31,19.818466
1998-04-01,15.845128
1998-04-02,13.162802
1998-04-03,12.870175
1998-04-04,11.281807
1998-04-05,9.985824
1998-04-06,9.007913
1998-04-07,14.319862
1998-04-08,13.387182
1998-04-09,8.837534
1998-04-10,13.642291
1998-04-11,7.258017
1998-04-12,8.035687
1998-04-13,6.481827
1998-04-14,6.4591765
1998-04-15,6.326508
1998-04-16,8.376465
1998-04-17,6.3932877
1998-04-18,8.274232
1998-04-19,8.130204
1998-04-20,14.705959
1998-04-21,12.689884
1998-04-22,12.055786
1998-04-23,12.623927
1998-04-24,18.743063
1998-04-25,58.057457
1998-04-26,212.02777
1998-04-27,28.04729
1998-04-28,10.941994
1998-04-29,10.229566
1998-04-30,8.182156
1998-05-01,25.523863
1998-05-02,28.377768
1998-05-03,17.578959
1998-05-04,97.8256
1998-05-05,37.26381
1998-05-06,13.873629
1998-05-07,9.909812
1998-05-08,8.165503
1998-05-09,6.9669003
1998-05-10,6.149191
1998-05-11,5.551468
1998-05-12,5.6931844
1998-05-13,4.6323843
1998-05-14,4.185934
1998-05-15,7.8013387
1998-05-16,3.9052713
1998-05-17,3.8579905
1998-05-18,12.462577
1998-05-19,7.0311327
1998-05-20,4.359866
1998-05-21,3.1335669
1998-05-22,3.1860938
1998-05-23,2.9668975
1998-05-24,2.9349146
1998-05-25,2.889801
1998-05-26,3.2405658
1998-05-27,7.671555
1998-05-28,38.31853
1998-05-29,10.069742
1998-05-30,8.12055
1998-05-31,7.901765
1998-06-01,7.624563
1998-06-02,10.065415
1998-06-03,8.847674
1998-06-04,6.7628226
1998-06-05,6.2702417
1998-06-06,5.9459114
1998-06-07,5.6962605
1998-06-08,5.4489784
1998-06-09,5.199384
1998-06-10,4.9534526
1998-06-11,4.728677
1998-06-12,4.514208
1998-06-13,4.23921
1998-06-14,4.0232887
1998-06-15,3.8228257
1998-06-16,3.6309717
1998-06-17,3.4749298
1998-06-18,3.6291275
1998-06-19,5.650403
1998-06-20,3.216303
1998-06-21,2.9229815
1998-06-22,2.8071752
1998-06-23,2.6997747
1998-06-24,2.6074934
1998-06-25,2.5566208
1998-06-26,2.4437149
1998-06-27,2.345391
1998-06-28,2.2613077
1998-06-29,2.1791496
1998-06-30,2.113899
1998-07-01,2.0739014
1998-07-02,2.0085723
1998-07-03,1.9330953
1998-07-04,1.8663102
1998-07-05,1.8001193
1998-07-06,1.759728
1998-07-07,1.7163793
1998-07-08,1.6602411
1998-07-09,1.6032995
1998-07-10,2.1970577
1998-07-11,2.566791
1998-07-12,1.5419831
1998-07-13,1.4632963
1998-07-14,1.4098767
1998-07-15,1.4222397
1998-07-16,1.3662214
1998-07-17,1.8258649
1998-07-18,1.5194495
1998-07-19,1.2656273
1998-07-20,1.2341273
1998-07-21,1.223285
1998-07-22,1.2025595
1998-07-23,1.1605303
1998-07-24,1.142702
1998-07-25,1.1123935
1998-07-26,1.0866083
1998-07-27,1.0774671
1998-07-28,1.061498
1998-07-29,1.0257405
1998-07-30,1.0129133
1998-07-31,1.0122322
1998-08-01,0.9704092
1998-08-02,0.9527826
1998-08-03,0.9352557
1998-08-04,0.9151798
1998-08-05,0.90309405
1998-08-06,0.9447615
1998-08-07,0.87388873
1998-08-08,0.85041654
1998-08-09,0.83590394
1998-08-10,0.8211977
1998-08-11,0.8094438
1998-08-12,0.79733884
1998-08-13,0.80366635
1998-08-14,0.76121116
1998-08-15,0.7475884
1998-08-16,0.7322245
1998-08-17,0.7263929
1998-08-18,0.70978385
1998-08-19,0.6995023
1998-08-20,0.6937484
1998-08-21,0.6784798
1998-08-22,0.66638446
1998-08-23,0.6588789
1998-08-24,0.64594966
1998-08-25,0.6369989
1998-08-26,0.62615496
1998-08-27,0.62440497
1998-08-28,0.60966986
1998-08-29,0.5948762
1998-08-30,0.5861097
1998-08-31,0.57474005
1998-09-01,0.56589407
1998-09-02,0.5555933
1998-09-03,0.54953295
1998-09-04,0.5415795
1998-09-05,0.5313136
1998-09-06,0.5293269
1998-09-07,0.54770684
1998-09-08,0.5076148
1998-09-09,0.49871358
1998-09-10,0.48853505
1998-09-11,0.48464736
1998-09-12,0.47248834
1998-09-13,0.4603136
1998-09-14,0.45469156
1998-09-15,0.45437717
1998-09-16,0.44242778
1998-09-17,0.43785715
1998-09-18,0.5348374
1998-09-19,0.43245932
1998-09-20,0.4178686
1998-09-21,0.41873744
1998-09-22,0.46037614
1998-09-23,0.40547407
1998-09-24,0.41154796
1998-09-25,0.3909937
1998-09-26,0.39805022
1998-09-27,0.38365492
1998-09-28,0.37780586
1998-09-29,0.37531886
1998-09-30,0.36648864
1998-10-01,0.3648434
1998-10-02,0.36205775
1998-10-03,0.35373577
1998-10-04,0.34886655
1998-10-05,0.34831548
1998-10-06,0.3545443
1998-10-07,0.33430615
1998-10-08,0.32999134
1998-10-09,0.32572556
1998-10-10,0.32193303
1998-10-11,0.31681758
1998-10-12,0.3116148
1998-10-13,0.31917617
1998-10-14,0.30664694
1998-10-15,0.2884276
1998-10-16,0.29491392
1998-10-17,0.24000116
1998-10-18,0.23209275
1998-10-19,0.01400805
1998-10-20,1.8117605e-10
1998-10-21,0.025528295
1998-10-22,0.0016418413
1998-10-23,2.1235099e-11
1998-10-24,2.7464859999999996e-19
1998-10-25,3.5522252e-27
1998-10-26,4.594345e-35
1998-10-27,5.94e-43
1998-10-28,0.0
1998-10-29,0.0
1998-10-30,0.0
1998-10-31,0.0
1998-11-01,0.0
1998-11-02,0.0
1998-11-03,0.0
1998-11-04,0.0
1998-11-05,0.038020868
1998-11-06,0.077400714
1998-11-07,0.11236546
1998-11-08,0.0069166934
1998-11-09,8.94585e-11
1998-11-10,1.1570303999999998e-18
1998-11-11,1.4964694e-26
1998-11-12,1.9354902e-34
1998-11-13,0.0727828
1998-11-14,0.0046809944
1998-11-15,6.0542626e-11
1998-11-16,7.830406999999999e-19
1998-11-17,0.11080367
1998-11-18,0.00712629
1998-11-19,9.216937e-11
1998-11-20,1.5349567
1998-11-21,0.09872007
1998-11-22,1.2768168e-09
1998-11-23,1.6513978000000002e-17
1998-11-24,2.13587e-25
1998-11-25,2.7624722e-33
1998-11-26,3.5729e-41
1998-11-27,0.0
1998-11-28,0.0
1998-11-29,0.0
1998-11-30,0.0
1998-12-01,0.0
1998-12-02,0.0
1998-12-03,0.0
1998-12-04,0.0
1998-12-05,0.0
1998-12-06,0.0
1998-12-07,0.0
1998-12-08,0.0
1998-12-09,0.0
1998-12-10,0.0
1998-12-11,0.0
1998-12-12,0.0
1998-12-13,0.0
1998-12-14,0.0
1998-12-15,0.0
1998-12-16,0.0
1998-12-17,0.0
1998-12-18,0.0
1998-12-19,0.014665191
1998-12-20,0.0009431854
1998-12-21,0.049427126
1998-12-22,0.03468189
1998-12-23,0.002026102
1998-12-24,2.6205017e-11
1998-12-25,3.3892808e-19
1998-12-26,4.3835976e-27
1998-12-27,5.669617599999999e-35
1998-12-28,7.33e-43
1998-12-29,0.0
1998-12-30,0.0
1998-12-31,0.0
1999-01-01,0.0
1999-01-02,0.04073664
1999-01-03,0.0026199596
1999-01-04,3.3885797e-11
1999-01-05,4.382691e-19
1999-01-06,5.6684448000000004e-27
1999-01-07,7.331402e-35
1999-01-08,9.49e-43
1999-01-09,0.0
1999-01-10,0.0
1999-01-11,0.0
1999-01-12,0.0
1999-01-13,0.0
1999-01-14,0.011949415
1999-01-15,0.014347402
1999-01-16,0.00087331986
1999-01-17,1.1295266e-11
1999-01-18,1.4608968999999999e-19
1999-01-19,0.20395479
1999-01-20,0.047336042
1999-01-21,0.0022007662
1999-01-22,2.846407e-11
1999-01-23,3.68146e-19
1999-01-24,4.7614940000000006e-27
1999-01-25,6.1583776e-35
1999-01-26,0.016294656
1999-01-27,0.026033124
1999-01-28,0.0016069085
1999-01-29,2.0783288e-11
1999-01-30,2.68805e-19
1999-01-31,0.09070692
1999-02-01,0.06232192
1999-02-02,17.308287
1999-02-03,1.1129414
1999-02-04,0.07196808
1999-02-05,0.84597605
1999-02-06,43.2985
1999-02-07,5.0160565
1999-02-08,0.1850108
1999-02-09,0.015147464
1999-02-10,10.628721
1999-02-11,1.3983222
1999-02-12,4.270497
1999-02-13,1.0625325
1999-02-14,0.35041225
1999-02-15,0.5594333
1999-02-16,0.6159168
1999-02-17,0.9075128
1999-02-18,17.096643
1999-02-19,3.2539198
1999-02-20,1.0933833
1999-02-21,1.1716037
1999-02-22,1.5680668
1999-02-23,9.595771
1999-02-24,2.3789272
1999-02-25,2.0508695
1999-02-26,3.4133928
1999-02-27,2.7426214
1999-02-28,8.417388
1999-03-01,5.19415
1999-03-02,6.577975
1999-03-03,5.4401774
1999-03-04,5.3383236
1999-03-05,5.919171
1999-03-06,11.9248085
1999-03-07,5.5585885
1999-03-08,8.321201
1999-03-09,6.1032395
1999-03-10,8.670479
1999-03-11,7.2476516
1999-03-12,7.0731826
1999-03-13,7.447422
1999-03-14,90.27363
1999-03-15,29.122227
1999-03-16,20.591724
1999-03-17,12.524869
1999-03-18,9.641103
1999-03-19,11.528775
1999-03-20,8.007587
1999-03-21,7.104873
1999-03-22,6.4907956
1999-03-23,5.97663
1999-03-24,6.9534774
1999-03-25,8.362586
1999-03-26,5.0684476
1999-03-27,4.738864
1999-03-28,4.400326
1999-03-29,4.199504
1999-03-30,4.093721
1999-03-31,3.8318343
1999-04-01,3.612784
1999-04-02,3.438437
1999-04-03,3.2770648
1999-04-04,3.2209136
1999-04-05,3.4148207
1999-04-06,3.4356313
1999-04-07,2.7946887
1999-04-08,2.67712
1999-04-09,2.5581493
1999-04-10,2.5179524
1999-04-11,2.57966
1999-04-12,2.42462
1999-04-13,2.4820075
1999-04-14,2.1925097
1999-04-15,2.2007687
1999-04-16,2.058036
1999-04-17,2.0205
1999-04-18,1.9510605
1999-04-19,1.9353051
1999-04-20,1.8794413
1999-04-21,1.8177781
1999-04-22,1.7556511
1999-04-23,1.7171339
1999-04-24,1.7157129
1999-04-25,2.411547
1999-04-26,1.7105439
1999-04-27,1.689739
1999-04-28,1.5456485
1999-04-29,1.5235049
1999-04-30,1.6763967
1999-05-01,1.431543
1999-05-02,1.4140731
1999-05-03,1.4335569
1999-05-04,1.3223814
1999-05-05,1.2983124
1999-05-06,1.3442124
1999-05-07,9.77646
1999-05-08,1.8543227
1999-05-09,2.7411616
1999-05-10,3.3016808
1999-05-11,3.091464
1999-05-12,1.3153687
1999-05-13,1.261338
1999-05-14,1.4883825
1999-05-15,4.255722
1999-05-16,1.5562289
1999-05-17,1.165369
1999-05-18,1.1271443
1999-05-19,1.13287
1999-05-20,1.3514184
1999-05-21,1.1356893
1999-05-22,1.1084201
1999-05-23,1.0962104
1999-05-24,1.1033525
1999-05-25,1.1489409
1999-05-26,1.1151774
1999-05-27,1.0921795
1999-05-28,1.2239251
1999-05-29,1.086918
1999-05-30,1.0520278
1999-05-31,1.041967
1999-06-01,1.0422403
1999-06-02,1.0254549
1999-06-03,1.014052
1999-06-04,1.0046978
1999-06-05,1.0139157
1999-06-06,1.0134581
1999-06-07,0.9718369
1999-06-08,0.95965934
1999-06-09,0.96991116
1999-06-10,0.93964994
1999-06-11,0.92652404
1999-06-12,0.9374858
1999-06-13,0.9170538
1999-06-14,0.89858204
1999-06-15,0.90237004
1999-06-16,0.8812298
1999-06-17,0.8719743
1999-06-18,0.8684803
1999-06-19,0.8430315
1999-06-20,0.83027244
1999-06-21,0.8246679
1999-06-22,0.8096883
1999-06-23,0.81091774
1999-06-24,0.8947034
1999-06-25,0.7957973
1999-06-26,0.78854704
1999-06-27,0.77601945
1999-06-28,0.76652557
1999-06-29,0.8061601
1999-06-30,0.7530717
1999-07-01,0.8317792
1999-07-02,0.7213794
1999-07-03,0.7128524
1999-07-04,0.7687275
1999-07-05,0.6973702
1999-07-06,0.6797853
1999-07-07,0.67217493
1999-07-08,0.6701088
1999-07-09,0.6550672
1999-07-10,0.6451445
1999-07-11,0.63913655
1999-07-12,0.632541
1999-07-13,0.62317723
1999-07-14,0.6130956
1999-07-15,0.6097685
1999-07-16,0.5960149
1999-07-17,0.5869943
1999-07-18,0.5829398
1999-07-19,0.57402223
1999-07-20,0.5642297
1999-07-21,0.56906736
1999-07-22,0.5558378
1999-07-23,0.5468172
1999-07-24,0.54194796
1999-07-25,0.5340643
1999-07-26,0.52732897
1999-07-27,0.5266557
1999-07-28,0.5152319
1999-07-29,0.5139552
1999-07-30,0.50169927
1999-07-31,0.4979259
1999-08-01,0.48687068
1999-08-02,0.48046887
1999-08-03,0.47548527
1999-08-04,0.47138625
1999-08-05,0.4640807
1999-08-06,0.4598245
1999-08-07,0.45604944
1999-08-08,0.44523087
1999-08-09,0.44047603
1999-08-10,0.4345109
1999-08-11,0.42979887
1999-08-12,0.4281615
1999-08-13,0.41911215
1999-08-14,0.41473365
1999-08-15,0.40525547
1999-08-16,0.4038469
1999-08-17,0.39809135
1999-08-18,0.3895772
1999-08-19,0.38769534
1999-08-20,0.38271964
1999-08-21,0.37615895
1999-08-22,0.37412775
1999-08-23,0.3647893
1999-08-24,0.36120808
1999-08-25,0.35721388
1999-08-26,0.35615462
1999-08-27,0.3490412
1999-08-28,0.34261236
1999-08-29,0.3338092
1999-08-30,0.33299616
1999-08-31,0.33216396
1999-09-01,0.32532212
1999-09-02,0.323256
1999-09-03,0.3302122
1999-09-04,0.3181738
1999-09-05,0.30976614
1999-09-06,0.32421386
1999-09-07,0.36156592
1999-09-08,0.3047025
1999-09-09,0.2935622
1999-09-10,0.30232427
1999-09-11,0.27738982
1999-09-12,0.062287983
1999-09-13,0.095270745
1999-09-14,0.028751096
1999-09-15,0.05931321
1999-09-16,0.015669758
1999-09-17,0.040962007
1999-09-18,0.09709404
1999-09-19,0.006078306
1999-09-20,7.8615045e-11
1999-09-21,1.0167841999999998e-18
1999-09-22,0.15805817
1999-09-23,0.010165443
1999-09-24,0.04997028
1999-09-25,0.003213817
1999-09-26,4.1566577e-11
1999-09-27,5.376100000000001e-19
1999-09-28,0.40872434
1999-09-29,0.07489932
1999-09-30,0.0031264855
1999-10-01,4.0437056e-11
1999-10-02,0.011406261
1999-10-03,0.0007335887
1999-10-04,0.034761935
1999-10-05,0.1418266
1999-10-06,0.21917881
1999-10-07,0.11997742
1999-10-08,0.006846828
1999-10-09,8.8554886e-11
1999-10-10,1.1453431999999998e-18
1999-10-11,1.4813537e-26
1999-10-12,1.9159397e-34
1999-10-13,2.4770000000000003e-42
1999-10-14,0.0
1999-10-15,0.011406261
1999-10-16,0.0007335887
1999-10-17,9.488023e-12
1999-10-18,0.4999744
1999-10-19,0.15789607
1999-10-20,0.008086942
1999-10-21,1.0459416e-10
1999-10-22,0.011406261
1999-10-23,0.0007335887
1999-10-24,9.488023e-12
1999-10-25,1.2271532999999999e-19
1999-10-26,1.5871645500000001e-27
1999-10-27,2.0527924999999998e-35
1999-10-28,2.65e-43
1999-10-29,0.0
1999-10-30,0.0
1999-10-31,0.0
1999-11-01,0.0
1999-11-02,0.0
1999-11-03,0.0
1999-11-04,0.0
1999-11-05,0.0
1999-11-06,0.0
1999-11-07,0.0
1999-11-08,0.0
1999-11-09,0.0
1999-11-10,0.0
1999-11-11,0.0
1999-11-12,0.0
1999-11-13,0.0
1999-11-14,0.011406261
1999-11-15,0.012139848
1999-11-16,0.0007335887
1999-11-17,9.488023e-12
1999-11-18,1.2271532999999999e-19
1999-11-19,1.5871645500000001e-27
1999-11-20,2.0527924999999998e-35
1999-11-21,0.17788334
1999-11-22,0.01144049
1999-11-23,0.01710939
1999-11-24,0.001100383
1999-11-25,0.0127641475
1999-11-26,0.0008209206
1999-11-27,1.0617549e-11
1999-11-28,1.3732429999999998e-19
1999-11-29,0.11134682
1999-11-30,0.25484
1999-12-01,0.015929352
1999-12-02,0.162675
1999-12-03,0.03544751
1999-12-04,0.040714085
1999-12-05,0.0978389
1999-12-06,0.006130705
1999-12-07,7.929276e-11
1999-12-08,1.0255496e-18
1999-12-09,1.326416e-26
1999-12-10,1.7155479999999999e-34
1999-12-11,0.047254506
1999-12-12,0.003039153
1999-12-13,3.9307523e-11
1999-12-14,5.083920999999999e-19
1999-12-15,0.070067026
1999-12-16,0.00450633
1999-12-17,0.025528295
1999-12-18,0.0016418413
1999-12-19,2.1235099e-11
1999-12-20,2.7464859999999996e-19
1999-12-21,3.5522252e-27
1999-12-22,0.013307304
1999-12-23,0.08042809
1999-12-24,0.0051176543
1999-12-25,6.6190255e-11
1999-12-26,8.5608556e-19
1999-12-27,1.1072362e-26
1999-12-28,0.075227
1999-12-29,0.004838192
1999-12-30,6.257577e-11
1999-12-31,8.093368299999999e-19
2000-01-01,1.0467727000000001e-26
2000-01-02,0.051599745
2000-01-03,0.029661644
2000-01-04,0.0701318
2000-01-05,0.004401532
2000-01-06,5.6928136e-11
2000-01-07,7.3629197e-19
2000-01-08,9.522987e-27
2000-01-09,1.2316755e-34
2000-01-10,1.5930000000000002e-42
2000-01-11,0.0
2000-01-12,0.0
2000-01-13,0.0
2000-01-14,0.5067639
2000-01-15,0.057849016
2000-01-16,0.04426206
2000-01-17,0.05705775
2000-01-18,0.0034932795
2000-01-19,4.5181064e-11
2000-01-20,5.8435875e-19
2000-01-21,7.557926e-27
2000-01-22,9.775203e-35
2000-01-23,0.030416692
2000-01-24,0.0019562363
2000-01-25,2.5301393e-11
2000-01-26,3.2724086999999997e-19
2000-01-27,4.2324387e-27
2000-01-28,0.039378755
2000-01-29,0.0025326274
2000-01-30,1.0686579
2000-01-31,0.06873027
2000-02-01,0.02607145
2000-02-02,0.17874537
2000-02-03,0.1338696
2000-02-04,1.4059589
2000-02-05,0.08991701
2000-02-06,1.1629605e-09
2000-02-07,0.039107177
2000-02-08,0.7754251
2000-02-09,0.11760377
2000-02-10,0.18089205
2000-02-11,0.5450032
2000-02-12,0.33685893
2000-02-13,11.488724
2000-02-14,0.7615397
2000-02-15,0.0015370524
2000-02-16,38.353275
2000-02-17,18.100582
2000-02-18,1.3088403
2000-02-19,0.33454
2000-02-20,0.38173082
2000-02-21,0.49660754
2000-02-22,0.410381
2000-02-23,0.44483766
2000-02-24,0.78528273
2000-02-25,0.53814906
2000-02-26,0.50021744
2000-02-27,0.46032596
2000-02-28,0.46137622
2000-02-29,0.4664917
2000-03-01,0.5116164
2000-03-02,0.5158562
2000-03-03,0.7185405
2000-03-04,0.6416782
2000-03-05,0.5218342
2000-03-06,0.586738
2000-03-07,4.160457
2000-03-08,1.5158945
2000-03-09,2.0298169
2000-03-10,6.389583
2000-03-11,1.3240712
2000-03-12,0.8384022
2000-03-13,1.9402912
2000-03-14,1.035968
2000-03-15,1.0796696
2000-03-16,1.1030827
2000-03-17,1.1761162
2000-03-18,1.3105588
2000-03-19,1.2067462
2000-03-20,1.234023
2000-03-21,1.2202182
2000-03-22,1.2974019
2000-03-23,1.215799
2000-03-24,1.2718754
2000-03-25,1.1748134
2000-03-26,1.2997594
2000-03-27,1.2025695
2000-03-28,1.3560059
2000-03-29,1.1732194
2000-03-30,1.1841564
2000-03-31,1.1864733
2000-04-01,1.1189028
2000-04-02,1.2487131
2000-04-03,1.3195328
2000-04-04,1.1054558
2000-04-05,1.0816534
2000-04-06,1.1233907
2000-04-07,1.1310039
2000-04-08,1.2046442
2000-04-09,1.2481958
2000-04-10,2.9961228
2000-04-11,1.7942152
2000-04-12,1.1765885
2000-04-13,1.067075
2000-04-14,1.4351128
2000-04-15,1.277952
2000-04-16,1.0330166
2000-04-17,1.0142109
2000-04-18,1.0332484
2000-04-19,1.0005413
2000-04-20,0.9725581
2000-04-21,0.97660196
2000-04-22,1.1708752
2000-04-23,1.0095365
2000-04-24,0.9481162
2000-04-25,1.1398776
2000-04-26,2.3128698
2000-04-27,1.0353186
2000-04-28,0.9418356
2000-04-29,1.108165
2000-04-30,0.9529554
2000-05-01,0.9384814
2000-05-02,2.973711
2000-05-03,1.0240656
2000-05-04,0.88645345
2000-05-05,1.3894422
2000-05-06,1.0062938
2000-05-07,1.0585992
2000-05-08,0.89421755
2000-05-09,1.0408335
2000-05-10,0.9222362
2000-05-11,0.9470897
2000-05-12,0.9063113
2000-05-13,0.89051586
2000-05-14,0.9024416
2000-05-15,0.9059783
2000-05-16,0.9075109
2000-05-17,0.9070551
2000-05-18,0.9444978
2000-05-19,1.0712907
2000-05-20,0.93589735
2000-05-21,0.877248
2000-05-22,0.9674918
2000-05-23,1.005818
2000-05-24,0.91963375
2000-05-25,0.86833215
2000-05-26,0.8615957
2000-05-27,0.8708564
2000-05-28,0.8630488
2000-05-29,0.84295374
2000-05-30,0.8368077
2000-05-31,0.83812284
2000-06-01,0.84365916
2000-06-02,0.9113598
2000-06-03,0.8315024
2000-06-04,0.8220141
2000-06-05,0.79812485
2000-06-06,0.7879148
2000-06-07,0.77866536
2000-06-08,0.7751192
2000-06-09,0.7757417
2000-06-10,1.1190683
2000-06-11,1.2435305
2000-06-12,0.7876187
2000-06-13,0.752985
2000-06-14,0.7456096
2000-06-15,0.74162495
2000-06-16,0.72591794
2000-06-17,0.7366002
2000-06-18,1.1479766
2000-06-19,1.0280055
2000-06-20,0.7440261
2000-06-21,0.84368914
2000-06-22,0.7271236
2000-06-23,0.6952427
2000-06-24,0.6928909
2000-06-25,0.69609743
2000-06-26,0.6927765
2000-06-27,0.6819579
2000-06-28,0.6780178
2000-06-29,0.6769934
2000-06-30,0.6856316
2000-07-01,0.793192
2000-07-02,0.67351866
2000-07-03,0.6583183
2000-07-04,0.6635673
2000-07-05,0.65334255
2000-07-06,0.6412551
2000-07-07,0.63943523
2000-07-08,0.62904537
2000-07-09,0.6376153
2000-07-10,0.63983864
2000-07-11,0.6133288
2000-07-12,0.61053085
2000-07-13,0.6180651
2000-07-14,0.6152953
2000-07-15,0.65745175
2000-07-16,0.5914674
2000-07-17,0.5827032
2000-07-18,0.5810658
2000-07-19,0.57446057
2000-07-20,0.5686099
2000-07-21,0.5573974
2000-07-22,0.55452615
2000-07-23,0.55330014
2000-07-24,0.58364695
2000-07-25,0.5440518
2000-07-26,0.53757733
2000-07-27,0.5289139
2000-07-28,0.53298926
2000-07-29,0.52160835
2000-07-30,0.5159689
2000-07-31,0.5080503
2000-08-01,0.5167949
2000-08-02,0.5046246
2000-08-03,0.5111363
2000-08-04,0.5724413
2000-08-05,0.48456052
2000-08-06,0.47213903
2000-08-07,0.4706335
2000-08-08,0.46350262
2000-08-09,0.46603584
2000-08-10,0.48143634
2000-08-11,0.4802418
2000-08-12,0.44914228
2000-08-13,0.45203948
2000-08-14,0.45860013
2000-08-15,0.4565577
2000-08-16,0.42788485
2000-08-17,0.42170566
2000-08-18,0.4187104
2000-08-19,0.41391888
2000-08-20,0.40520304
2000-08-21,0.40167424
2000-08-22,0.3911622
2000-08-23,0.38859743
2000-08-24,0.39309198
2000-08-25,0.3776374
2000-08-26,0.3785254
2000-08-27,0.36398247
2000-08-28,0.36086667
2000-08-29,0.3585543
2000-08-30,0.35135356
2000-08-31,0.34818366
2000-09-01,0.34312057
2000-09-02,0.3365599
2000-09-03,0.3396887
2000-09-04,0.33747157
2000-09-05,0.40683824
2000-09-06,0.33065107
2000-09-07,0.32682145
2000-09-08,0.32337826
2000-09-09,0.31609017
2000-09-10,0.306674
2000-09-11,0.30609763
2000-09-12,0.3025671
2000-09-13,0.2941927
2000-09-14,0.29556975
2000-09-15,0.2970499
2000-09-16,0.21729341
2000-09-17,0.012820335
2000-09-18,0.034761935
2000-09-19,0.052749135
2000-09-20,0.2199677
2000-09-21,0.013938185
2000-09-22,0.023355676
2000-09-23,0.0015021102
2000-09-24,0.18440118
2000-09-25,0.075408846
2000-09-26,0.004087137
2000-09-27,0.029330382
2000-09-28,0.06489238
2000-09-29,0.004052204
2000-09-30,0.023355676
2000-10-01,0.0015021102
2000-10-02,0.04073664
2000-10-03,0.0026199596
2000-10-04,3.3885797e-11
2000-10-05,4.382691e-19
2000-10-06,5.6684448000000004e-27
2000-10-07,7.331402e-35
2000-10-08,0.13090041
2000-10-09,0.11487723
2000-10-10,0.006846828
2000-10-11,8.8554886e-11
2000-10-12,1.1453430999999998e-18
2000-10-13,0.011949415
2000-10-14,0.00076852145
2000-10-15,9.939834e-12
2000-10-16,1.2855892e-19
2000-10-17,0.09749636
2000-10-18,0.18904217
2000-10-19,0.09920288
2000-10-20,0.18568014
2000-10-21,0.06589574
2000-10-22,0.0034932797
2000-10-23,4.5181064e-11
2000-10-24,5.843588e-19
2000-10-25,7.557927000000001e-27
2000-10-26,9.775203e-35
2000-10-27,1.2640000000000001e-42
2000-10-28,0.011949415
2000-10-29,0.00076852145
2000-10-30,9.939834e-12
2000-10-31,1.2855892e-19
2000-11-01,1.6627437000000002e-27
2000-11-02,2.1505445e-35
2000-11-03,2.7700000000000003e-43
2000-11-04,0.0
2000-11-05,0.0
2000-11-06,0.0
2000-11-07,0.0
2000-11-08,0.0
2000-11-09,0.0
2000-11-10,0.0
2000-11-11,0.0
2000-11-12,0.0
2000-11-13,0.0
2000-11-14,0.0
2000-11-15,0.0
2000-11-16,0.0
2000-11-17,0.0
2000-11-18,0.0
2000-11-19,0.077128045
2000-11-20,0.019625647
2000-11-21,0.00094318547
2000-11-22,1.2198887e-11
2000-11-23,1.5777687e-19
2000-11-24,0.02607145
2000-11-25,0.056535453
2000-11-26,0.0035282122
2000-11-27,4.5632872e-11
2000-11-28,5.902022999999999e-19
2000-11-29,0.016294656
2000-11-30,0.0010479838
2000-12-01,1.3554318e-11
2000-12-02,1.7530761999999999e-19
2000-12-03,2.2673779e-27
2000-12-04,2.9325608e-35
2000-12-05,3.8e-43
2000-12-06,0.0
2000-12-07,0.011677838
2000-12-08,0.0007510551
2000-12-09,9.7139284e-12
2000-12-10,1.2563713e-19
2000-12-11,1.6249540000000003e-27
2000-12-12,0.03421878
2000-12-13,0.002200766
2000-12-14,0.10591527
2000-12-15,0.0068118945
2000-12-16,0.011949415
2000-12-17,0.00076852145
2000-12-18,9.939834e-12
2000-12-19,1.2855892e-19
2000-12-20,1.6627437000000002e-27
2000-12-21,2.1505445e-35
2000-12-22,2.7700000000000003e-43
2000-12-23,0.0
2000-12-24,0.0
2000-12-25,0.0
2000-12-26,0.0
2000-12-27,0.0
2000-12-28,0.016837811
2000-12-29,3.690465
2000-12-30,0.29295442
2000-12-31,0.08315285
2001-01-01,0.0051176543
2001-01-02,6.6190255e-11
2001-01-03,8.5608556e-19
2001-01-04,0.16294657
2001-01-05,0.047414396
2001-01-06,0.20850284
2001-01-07,0.013256995
2001-01-08,1.7146212e-10
2001-01-09,2.2176413999999998e-18
2001-01-10,5.7960095
2001-01-11,1.5150234
2001-01-12,0.11474347
2001-01-13,0.0026548933
2001-01-14,0.11514891
2001-01-15,0.19751008
2001-01-16,0.038297925
2001-01-17,0.8935377
2001-01-18,13.552595
2001-01-19,0.9543019
2001-01-20,31.768185
2001-01-21,2.263864
2001-01-22,0.29828787
2001-01-23,0.9470653
2001-01-24,1.2726008
2001-01-25,0.34143522
2001-01-26,1.6806269
2001-01-27,1.0857649
2001-01-28,0.40893877
2001-01-29,0.66806376
2001-01-30,0.4258174
2001-01-31,0.44620344
2001-02-01,0.46977934
2001-02-02,0.7310415
2001-02-03,0.5831808
2001-02-04,6.3140182
2001-02-05,0.9779731
2001-02-06,0.6859945
2001-02-07,0.8094946
2001-02-08,0.9129943
2001-02-09,0.78309953
2001-02-10,1.7107484
2001-02-11,1.0048522
2001-02-12,1.6796054
2001-02-13,1.043968
2001-02-14,1.1698283
2001-02-15,1.2372329
2001-02-16,1.2821457
2001-02-17,1.5650687
2001-02-18,1.4168885
2001-02-19,1.3975086
2001-02-20,1.5645131
2001-02-21,6.5190887
2001-02-22,6.2325153
2001-02-23,2.1878653
2001-02-24,2.2634616
2001-02-25,2.2197142
2001-02-26,2.6440718
2001-02-27,2.3799593
2001-02-28,2.3785815
2001-03-01,2.372095
2001-03-02,2.3542252
2001-03-03,2.3150864
2001-03-04,2.3273063
2001-03-05,3.0446713
2001-03-06,2.3183808
2001-03-07,2.2290561
2001-03-08,4.0887136
2001-03-09,2.444856
2001-03-10,4.178972
2001-03-11,2.4842
2001-03-12,2.2991219
2001-03-13,2.2173207
2001-03-14,2.2259216
2001-03-15,2.1990943
2001-03-16,2.214422
2001-03-17,3.6002965
2001-03-18,2.3330991
2001-03-19,2.3363073
2001-03-20,4.20922
2001-03-21,2.2943702
2001-03-22,6.1858306
2001-03-23,2.4167578
2001-03-24,2.1886735
2001-03-25,2.2015278
2001-03-26,2.3437183
2001-03-27,2.4549315
2001-03-28,2.1505425
2001-03-29,2.1329875
2001-03-30,10.513487
2001-03-31,2.9431574
2001-04-01,2.9147956
2001-04-02,2.9084938
2001-04-03,2.9315767
2001-04-04,2.9525006
2001-04-05,2.9711218
2001-04-06,2.9377491
2001-04-07,3.3312197
2001-04-08,32.959717
2001-04-09,26.05826
2001-04-10,11.824804
2001-04-11,11.440351
2001-04-12,10.321483
2001-04-13,22.253653
2001-04-14,9.803253
2001-04-15,8.448529
2001-04-16,7.86452
2001-04-17,7.256017
2001-04-18,6.685513
2001-04-19,6.177561
2001-04-20,5.7017117
2001-04-21,5.2404437
2001-04-22,4.863914
2001-04-23,4.5802298
2001-04-24,4.1883783
2001-04-25,3.908431
2001-04-26,3.643756
2001-04-27,3.417047
2001-04-28,3.217191
2001-04-29,3.0398183
2001-04-30,2.8833442
2001-05-01,2.7267694
2001-05-02,2.6279538
2001-05-03,2.50217
2001-05-04,2.405644
2001-05-05,2.4648395
2001-05-06,2.2895012
2001-05-07,2.0642242
2001-05-08,1.9763376
2001-05-09,15.592815
2001-05-10,2.7365384
2001-05-11,1.8593249
2001-05-12,1.7779642
2001-05-13,1.849835
2001-05-14,1.7124888
2001-05-15,1.6783512
2001-05-16,1.6482286
2001-05-17,1.5947949
2001-05-18,1.5656765
2001-05-19,1.5401183
2001-05-20,1.5491729
2001-05-21,1.5283993
2001-05-22,1.5571645
2001-05-23,1.4966406
2001-05-24,1.4062616
2001-05-25,1.3833263
2001-05-26,1.3577665
2001-05-27,1.4086089
2001-05-28,1.3085089
2001-05-29,1.273067
2001-05-30,1.2524767
2001-05-31,1.2279159
2001-06-01,1.1973549
2001-06-02,1.1721303
2001-06-03,1.1510746
2001-06-04,1.1354234
2001-06-05,1.1236347
2001-06-06,1.0900751
2001-06-07,1.0656923
2001-06-08,1.1362282
2001-06-09,1.0319542
2001-06-10,1.0091985
2001-06-11,0.9973224
2001-06-12,0.97598386
2001-06-13,0.97139746
2001-06-14,0.9701016
2001-06-15,0.92087615
2001-06-16,0.91445583
2001-06-17,0.9014821
2001-06-18,0.87133074
2001-06-19,0.8531498
2001-06-20,0.849386
2001-06-21,0.8242262
2001-06-22,0.8063246
2001-06-23,0.7949567
2001-06-24,0.7812572
2001-06-25,0.7660252
2001-06-26,0.75233537
2001-06-27,0.7422808
2001-06-28,0.7275649
2001-06-29,0.7136209
2001-06-30,0.70137626
2001-07-01,0.68787855
2001-07-02,0.6770092
2001-07-03,0.66495675
2001-07-04,0.65064424
2001-07-05,0.646512
2001-07-06,0.6427719
2001-07-07,0.61837447
2001-07-08,0.60921574
2001-07-09,0.6065541
2001-07-10,0.58903337
2001-07-11,0.5794966
2001-07-12,0.566191
2001-07-13,0.55749434
2001-07-14,0.55291414
2001-07-15,0.61837393
2001-07-16,0.5351528
2001-07-17,0.5553285
2001-07-18,0.52005327
2001-07-19,0.5133326
2001-07-20,0.50083214
2001-07-21,0.49379984
2001-07-22,0.49041077
2001-07-23,0.47663975
2001-07-24,0.4700633
2001-07-25,0.45937657
2001-07-26,0.4557255
2001-07-27,0.48160478
2001-07-28,0.44743332
2001-07-29,0.43643728
2001-07-30,0.43261945
2001-07-31,0.42371938
2001-08-01,0.41664258
2001-08-02,0.40916234
2001-08-03,0.40599245
2001-08-04,0.3933252
2001-08-05,0.38899127
2001-08-06,0.38197476
2001-08-07,0.37719285
2001-08-08,0.37283975
2001-08-09,0.36144304
2001-08-10,0.35909748
2001-08-11,0.35328954
2001-08-12,0.35047853
2001-08-13,0.34434664
2001-08-14,0.33364242
2001-08-15,0.33080608
2001-08-16,0.32414848
2001-08-17,0.32047036
2001-08-18,0.31645867
2001-08-19,0.30698052
2001-08-20,0.30394247
2001-08-21,0.28613272
2001-08-22,0.28201005
2001-08-23,0.13163549
2001-08-24,0.14424594
2001-08-25,0.03324505
2001-08-26,0.0015719758
2001-08-27,0.036119822
2001-08-28,0.0023230307
2001-08-29,3.0045407e-11
2001-08-30,3.8859857e-19
2001-08-31,5.026021e-27
2001-09-01,6.5005096e-35
2001-09-02,8.41e-43
2001-09-03,0.023355676
2001-09-04,0.0015021102
2001-09-05,1.9427857e-11
2001-09-06,2.5127426e-19
2001-09-07,3.2499080000000005e-27
2001-09-08,4.203337e-35
2001-09-09,5.44e-43
2001-09-10,0.016837811
2001-09-11,0.025524901
2001-09-12,0.0015719756
2001-09-13,0.024441985
2001-09-14,0.0015719756
2001-09-15,2.0331478e-11
2001-09-16,0.015479923
2001-09-17,0.070791036
2001-09-18,0.13158719
2001-09-19,0.008174274
2001-09-20,1.0572369e-10
2001-09-21,1.3673994e-18
2001-09-22,0.01249257
2001-09-23,0.00080345426
2001-09-24,1.0391644e-11
2001-09-25,1.344025e-19
2001-09-26,1.738323e-27
2001-09-27,2.2482965e-35
2001-09-28,2.9100000000000002e-43
2001-09-29,0.0
2001-09-30,0.0
2001-10-01,0.0
2001-10-02,0.0
2001-10-03,0.0
2001-10-04,0.013035725
2001-10-05,0.025280371
2001-10-06,0.0015719756
2001-10-07,2.0331478e-11
2001-10-08,2.6296141e-19
2001-10-09,3.4010667e-27
2001-10-10,4.398841e-35
2001-10-11,5.69e-43
2001-10-12,0.0
2001-10-13,0.0
2001-10-14,0.0
2001-10-15,0.01710939
2001-10-16,0.027986567
2001-10-17,0.0017291734
2001-10-18,2.2364626e-11
2001-10-19,2.8925759999999995e-19
2001-10-20,3.7411736000000004e-27
2001-10-21,4.838725599999999e-35
2001-10-22,6.2600000000000005e-43
2001-10-23,0.0
2001-10-24,0.0
2001-10-25,0.026614608
2001-10-26,0.001711707
2001-10-27,2.2138721e-11
2001-10-28,2.8633578e-19
2001-10-29,3.703384e-27
2001-10-30,4.7898493e-35
2001-10-31,6.199999999999999e-43
2001-11-01,0.0
2001-11-02,0.0
2001-11-03,0.0
2001-11-04,0.0
2001-11-05,0.0
2001-11-06,0.0
2001-11-07,0.0
2001-11-08,0.0
2001-11-09,0.0
2001-11-10,0.0
2001-11-11,0.0
2001-11-12,0.0
2001-11-13,0.0
2001-11-14,0.0
2001-11-15,0.0
2001-11-16,0.0
2001-11-17,0.0
2001-11-18,0.0
2001-11-19,0.0
2001-11-20,0.0
2001-11-21,0.0
2001-11-22,0.0
2001-11-23,0.0
2001-11-24,0.0
2001-11-25,0.0
2001-11-26,0.0
2001-11-27,0.0
2001-11-28,0.0
2001-11-29,0.0
2001-11-30,0.0
2001-12-01,0.0
2001-12-02,0.011406261
2001-12-03,0.0007335887
2001-12-04,9.488023e-12
2001-12-05,0.18956119
2001-12-06,0.012191545
2001-12-07,0.011949415
2001-12-08,0.035530455
2001-12-09,0.0022356987
2001-12-10,2.8915878e-11
2001-12-11,3.7398958e-19
2001-12-12,4.8370730000000005e-27
2001-12-13,0.11460575
2001-12-14,0.038873825
2001-12-15,0.018049182
2001-12-16,0.0010305175
2001-12-17,1.3328414e-11
2001-12-18,1.7238584e-19
2001-12-19,2.2295884e-27
2001-12-20,2.8836848e-35
2001-12-21,3.73e-43
2001-12-22,0.0
2001-12-23,0.017924123
2001-12-24,0.0011527822
2001-12-25,1.490975e-11
2001-12-26,1.9283839e-19
2001-12-27,2.4941157e-27
2001-12-28,3.2258168e-35
2001-12-29,4.18e-43
2001-12-30,0.080386974
2001-12-31,0.0051700533
2002-01-01,6.686797e-11
2002-01-02,8.648508999999999e-19
2002-01-03,1.118573e-26
2002-01-04,1.4467299e-34
2002-01-05,1.871e-42
2002-01-06,0.0
2002-01-07,0.0
2002-01-08,0.015208346
2002-01-09,0.0009781182
2002-01-10,1.26506965e-11
2002-01-11,1.6362044e-19
2002-01-12,2.1162193e-27
2002-01-13,2.7370565e-35
2002-01-14,3.55e-43
2002-01-15,0.0
2002-01-16,0.0
2002-01-17,0.11542049
2002-01-18,0.007423219
2002-01-19,9.6009756e-11
2002-01-20,1.2417623e-18
2002-01-21,1.6060593000000002e-26
2002-01-22,2.0772305e-34
2002-01-23,2.6860000000000002e-42
2002-01-24,0.0
2002-01-25,0.0
2002-01-26,0.0
2002-01-27,0.0
2002-01-28,0.0
2002-01-29,0.0
2002-01-30,0.17761177
2002-01-31,0.16785173
2002-02-01,0.010060645
2002-02-02,1.3012146e-10
2002-02-03,1.6829530999999999e-18
2002-02-04,12.467042
2002-02-05,0.8865446
2002-02-06,2.4287367
2002-02-07,0.17323363
2002-02-08,0.036966097
2002-02-09,0.027290704
2002-02-10,0.0016069085
2002-02-11,2.0783288e-11
2002-02-12,2.68805e-19
2002-02-13,0.40818116
2002-02-14,0.1777923
2002-02-15,0.76799095
2002-02-16,0.10036593
2002-02-17,0.07094144
2002-02-18,10.185522
2002-02-19,5.283567
2002-02-20,5.6746626
2002-02-21,1.7170126
2002-02-22,3.5046341
2002-02-23,0.2460703
2002-02-24,3.7755368
2002-02-25,1.6657798
2002-02-26,3.7933981
2002-02-27,2.4571452
2002-02-28,0.15711154
2002-03-01,0.13155456
2002-03-02,0.06027266
2002-03-03,3.0118728
2002-03-04,0.5823919
2002-03-05,3.272537
2002-03-06,1.1563975
2002-03-07,1.8701904
2002-03-08,0.72388023
2002-03-09,0.6737492
2002-03-10,0.93349457
2002-03-11,0.7507497
2002-03-12,0.8036511
2002-03-13,4.6748714
2002-03-14,1.034041
2002-03-15,1.0633408
2002-03-16,0.98191625
2002-03-17,0.94239104
2002-03-18,0.9611716
2002-03-19,1.0646298
2002-03-20,9.392607
2002-03-21,6.0366306
2002-03-22,1.6287904
2002-03-23,4.1882486
2002-03-24,1.8631234
2002-03-25,1.7233458
2002-03-26,1.841504
2002-03-27,1.9223405
2002-03-28,2.0126033
2002-03-29,11.900544
2002-03-30,5.60764
2002-03-31,4.437468
2002-04-01,7.6712537
2002-04-02,9.615438
2002-04-03,127.09351
2002-04-04,24.670078
2002-04-05,13.001924
2002-04-06,10.854486
2002-04-07,9.005434
2002-04-08,9.576648
2002-04-09,8.026109
2002-04-10,6.62325
2002-04-11,6.110528
2002-04-12,5.7247205
2002-04-13,5.3163137
2002-04-14,4.9631915
2002-04-15,4.6672378
2002-04-16,4.557497
2002-04-17,4.1918716
2002-04-18,10.407554
2002-04-19,6.252815
2002-04-20,4.8370967
2002-04-21,3.7592387
2002-04-22,3.556871
2002-04-23,3.4575799
2002-04-24,3.353724
2002-04-25,3.3115706
2002-04-26,3.208781
2002-04-27,4.358696
2002-04-28,3.264198
2002-04-29,3.1311765
2002-04-30,2.899331
2002-05-01,2.817308
2002-05-02,2.7469828
2002-05-03,2.7049892
2002-05-04,2.6352103
2002-05-05,2.5331106
2002-05-06,2.4806545
2002-05-07,2.4269004
2002-05-08,2.5879385
2002-05-09,2.2962396
2002-05-10,2.208362
2002-05-11,2.259634
2002-05-12,2.13503
2002-05-13,2.2785976
2002-05-14,2.051274
2002-05-15,1.9705758
2002-05-16,1.9109646
2002-05-17,1.8989825
2002-05-18,1.9076748
2002-05-19,1.7955638
2002-05-20,1.7443197
2002-05-21,1.7012967
2002-05-22,1.6807874
2002-05-23,1.6657842
2002-05-24,1.6388221
2002-05-25,1.5896192
2002-05-26,1.5270871
2002-05-27,1.4874138
2002-05-28,1.4612093
2002-05-29,1.4382176
2002-05-30,1.4015326
2002-05-31,1.3661295
2002-06-01,1.3346683
2002-06-02,1.3262641
2002-06-03,1.2984155
2002-06-04,1.3697058
2002-06-05,1.2429607
2002-06-06,1.2000166
2002-06-07,1.1681964
2002-06-08,1.1671073
2002-06-09,1.1239789
2002-06-10,1.1005619
2002-06-11,1.0756072
2002-06-12,1.0819633
2002-06-13,1.0544974
2002-06-14,1.063833
2002-06-15,0.9974694
2002-06-16,0.99098253
2002-06-17,0.963142
2002-06-18,0.939091
2002-06-19,0.91729045
2002-06-20,0.9070184
2002-06-21,0.8966652
2002-06-22,0.87077975
2002-06-23,0.8582922
2002-06-24,0.8391263
2002-06-25,0.8164839
2002-06-26,0.8023399
2002-06-27,0.7849528
2002-06-28,0.7735674
2002-06-29,0.7557943
2002-06-30,0.7422013
2002-07-01,0.7270043
2002-07-02,0.71412915
2002-07-03,0.70304066
2002-07-04,0.6931433
2002-07-05,0.67652637
2002-07-06,0.663818
2002-07-07,0.6505744
2002-07-08,0.63890785
2002-07-09,0.62979025
2002-07-10,0.62028676
2002-07-11,0.6145504
2002-07-12,0.61150277
2002-07-13,0.5893303
2002-07-14,0.5811261
2002-07-15,0.57878834
2002-07-16,0.56427246
2002-07-17,0.5524837
2002-07-18,0.54581034
2002-07-19,0.53917974
2002-07-20,0.54149383
2002-07-21,0.5264601
2002-07-22,0.51135993
2002-07-23,0.51398224
2002-07-24,0.5128514
2002-07-25,0.4883221
2002-07-26,0.48023224
2002-07-27,0.4743815
2002-07-28,0.4653417
2002-07-29,0.4593512
2002-07-30,0.4551998
2002-07-31,0.4446353
2002-08-01,0.43473795
2002-08-02,0.42979887
2002-08-03,0.41919947
2002-08-04,0.41663468
2002-08-05,0.40700722
2002-08-06,0.40476638
2002-08-07,0.39760062
2002-08-08,0.38899916
2002-08-09,0.3844015
2002-08-10,0.3768069
2002-08-11,0.37090376
2002-08-12,0.3624071
2002-08-13,0.3741041
2002-08-14,0.3599533
2002-08-15,0.35247478
2002-08-16,0.3425504
2002-08-17,0.33487806
2002-08-18,0.33306602
2002-08-19,0.33107767
2002-08-20,0.32389438
2002-08-21,0.32099605
2002-08-22,0.31757993
2002-08-23,0.31030932
2002-08-24,0.30550995
2002-08-25,0.2587907
2002-08-26,0.30115741
2002-08-27,0.2953838
2002-08-28,0.23453467
2002-08-29,0.17471212
2002-08-30,0.07986397
2002-08-31,0.028370228
2002-09-01,0.001537043
2002-09-02,0.046168197
2002-09-03,0.014918703
2002-09-04,0.0007685215
2002-09-05,0.02389883
2002-09-06,0.0015370429
2002-09-07,1.9879667e-11
2002-09-08,2.5711785e-19
2002-09-09,3.3254874000000005e-27
2002-09-10,0.011406261
2002-09-11,0.0007335887
2002-09-12,9.488023e-12
2002-09-13,1.2271532999999999e-19
2002-09-14,0.014122036
2002-09-15,0.0009082526
2002-09-16,1.17470755e-11
2002-09-17,1.5193326e-19
2002-09-18,1.9650608e-27
2002-09-19,2.5415524999999997e-35
2002-09-20,3.2999999999999998e-43
2002-09-21,0.0
2002-09-22,0.0
2002-09-23,0.011406261
2002-09-24,0.0007335887
2002-09-25,9.488023e-12
2002-09-26,1.2271532999999999e-19
2002-09-27,1.5871645500000001e-27
2002-09-28,2.0527924999999998e-35
2002-09-29,2.65e-43
2002-09-30,0.0
2002-10-01,0.0
2002-10-02,0.0
2002-10-03,0.0
2002-10-04,0.011406261
2002-10-05,0.0007335887
2002-10-06,9.488023e-12
2002-10-07,1.2271532999999999e-19
2002-10-08,1.5871645500000001e-27
2002-10-09,2.0527924999999998e-35
2002-10-10,2.65e-43
2002-10-11,0.0
2002-10-12,0.011949415
2002-10-13,0.018692644
2002-10-14,0.0011527822
2002-10-15,0.02498514
2002-10-16,0.027678357
2002-10-17,0.001676774
2002-10-18,0.014393614
2002-10-19,0.08674425
2002-10-20,0.0055193813
2002-10-21,0.011406261
2002-10-22,0.1669391
2002-10-23,0.038933508
2002-10-24,0.014580653
2002-10-25,0.0008209206
2002-10-26,1.0617549e-11
2002-10-27,1.3732429999999998e-19
2002-10-28,1.7761126e-27
2002-10-29,2.2971725e-35
2002-10-30,2.97e-43
2002-10-31,0.0
2002-11-01,0.0
2002-11-02,0.0
2002-11-03,0.0
2002-11-04,0.0
2002-11-05,0.01249257
2002-11-06,0.22892866
2002-11-07,0.014671774
2002-11-08,0.061376538
2002-11-09,0.0039474056
2002-11-10,5.1054598e-11
2002-11-11,6.6032536e-19
2002-11-12,0.073325954
2002-11-13,0.0047159274
2002-11-14,0.13198672
2002-11-15,0.02098124
2002-11-16,0.013296024
2002-11-17,0.039639052
2002-11-18,0.0024976947
2002-11-19,3.2304458e-11
2002-11-20,4.1781649999999994e-19
2002-11-21,5.403917e-27
2002-11-22,6.9892696e-35
2002-11-23,9.040000000000001e-43
2002-11-24,0.0
2002-11-25,0.0
2002-11-26,0.0
2002-11-27,0.0
2002-11-28,0.0
2002-11-29,0.032046158
2002-11-30,0.0020610348
2002-12-01,0.027700918
2002-12-02,0.0017815725
2002-12-03,0.04779766
2002-12-04,0.15895964
2002-12-05,0.15070292
2002-12-06,2.1599422
2002-12-07,0.13833386
2002-12-08,1.7891699e-09
2002-12-09,0.13687512
2002-12-10,0.02156721
2002-12-11,0.00082092074
2002-12-12,1.061755e-11
2002-12-13,0.066264935
2002-12-14,0.017840682
2002-12-15,0.3624789
2002-12-16,0.038193274
2002-12-17,0.10823381
2002-12-18,0.14431751
2002-12-19,0.008837997
2002-12-20,0.34897724
2002-12-21,0.8621623
2002-12-22,0.06921444
2002-12-23,0.069687255
2002-12-24,0.32026374
2002-12-25,0.02031342
2002-12-26,0.17652546
2002-12-27,0.37255138
2002-12-28,0.035179723
2002-12-29,0.1903297
2002-12-30,0.4570357
2002-12-31,2.6482475
2003-01-01,0.16848086
2003-01-02,2.1790825e-09
2003-01-03,2.8183622e-17
2003-01-04,0.039107177
2003-01-05,0.99947655
2003-01-06,0.06411914
2003-01-07,0.02498514
2003-01-08,0.0016069085
2003-01-09,0.09505216
2003-01-10,0.0061132386
2003-01-11,0.0363914
2003-01-12,0.033028767
2003-01-13,0.1562298
2003-01-14,0.009920914
2003-01-15,0.083102755
2003-01-16,0.020553064
2003-01-17,0.0009781183
2003-01-18,0.013035725
2003-01-19,0.035328742
2003-01-20,4.3053656
2003-01-21,1.7639141
2003-01-22,0.1526773
2003-01-23,0.0036679446
2003-01-24,0.034761935
2003-01-25,0.08968369
2003-01-26,0.48876077
2003-01-27,0.07180937
2003-01-28,0.03928294
2003-01-29,0.084102824
2003-01-30,0.10872845
2003-01-31,0.1935001
2003-02-01,1.4320962
2003-02-02,0.18475449
2003-02-03,0.04104195
2003-02-04,0.037558254
2003-02-05,0.040834654
2003-02-06,0.06494308
2003-02-07,0.2962348
2003-02-08,0.47341478
2003-02-09,1.2317845
2003-02-10,0.3662998
2003-02-11,2.8049705
2003-02-12,1.879281
2003-02-13,0.72337663
2003-02-14,0.6652063
2003-02-15,0.6322818
2003-02-16,0.65564424
2003-02-17,0.68145645
2003-02-18,0.707453
2003-02-19,0.7266775
2003-02-20,0.85083747
2003-02-21,0.7960153
2003-02-22,0.78817844
2003-02-23,0.76865196
2003-02-24,0.7655108
2003-02-25,0.7724495
2003-02-26,0.78919834
2003-02-27,0.988498
2003-02-28,1.7882804
2003-03-01,2.9716482
2003-03-02,0.9088142
2003-03-03,0.83826655
2003-03-04,6.588874
2003-03-05,1.2640061
2003-03-06,0.9966249
2003-03-07,1.0225363
2003-03-08,3.4557714
2003-03-09,1.225559
2003-03-10,1.8645277
2003-03-11,2.5246432
2003-03-12,2.4538314
2003-03-13,2.065191
2003-03-14,2.3717039
2003-03-15,28.410946
2003-03-16,14.55357
2003-03-17,13.6076765
2003-03-18,11.751047
2003-03-19,10.797405
2003-03-20,9.3902235
2003-03-21,8.424889
2003-03-22,7.5900607
2003-03-23,6.8420477
2003-03-24,6.2195134
2003-03-25,5.7052007
2003-03-26,5.198165
2003-03-27,4.7865057
2003-03-28,4.4290457
2003-03-29,4.0931454
2003-03-30,3.843436
2003-03-31,3.6163034
2003-04-01,3.452462
2003-04-02,3.1628067
2003-04-03,2.9989617
2003-04-04,2.7916021
2003-04-05,2.7560565
2003-04-06,2.5261927
2003-04-07,2.4476826
2003-04-08,8.846835
2003-04-09,2.673172
2003-04-10,4.737281
2003-04-11,2.3343947
2003-04-12,2.1231246
2003-04-13,29.05412
2003-04-14,4.1397142
2003-04-15,2.6559725
2003-04-16,2.8206775
2003-04-17,2.8278747
2003-04-18,2.8559616
2003-04-19,2.7828228
2003-04-20,2.7891366
2003-04-21,2.71191
2003-04-22,2.9206288
2003-04-23,2.7570345
2003-04-24,2.6057665
2003-04-25,2.5595653
2003-04-26,2.499055
2003-04-27,2.4456182
2003-04-28,2.4858744
2003-04-29,2.3756926
2003-04-30,2.339911
2003-05-01,2.2547026
2003-05-02,2.2156649
2003-05-03,2.1591835
2003-05-04,2.0744886
2003-05-05,2.0277147
2003-05-06,1.9715415
2003-05-07,2.1696112
2003-05-08,1.9226714
2003-05-09,1.8570722
2003-05-10,1.7876633
2003-05-11,1.7480963
2003-05-12,1.7156806
2003-05-13,1.696361
2003-05-14,1.6295213
2003-05-15,1.5793978
2003-05-16,1.5357094
2003-05-17,1.5053885
2003-05-18,1.491929
2003-05-19,1.4425657
2003-05-20,1.4060351
2003-05-21,1.364508
2003-05-22,1.3402492
2003-05-23,1.3271741
2003-05-24,1.2759095
2003-05-25,1.2677723
2003-05-26,1.225635
2003-05-27,1.1917138
2003-05-28,1.182101
2003-05-29,1.1547258
2003-05-30,1.1380599
2003-05-31,1.0963625
2003-06-01,1.0736457
2003-06-02,1.0655639
2003-06-03,1.0730029
2003-06-04,1.0080593
2003-06-05,1.0016773
2003-06-06,1.0175606
2003-06-07,0.9583008
2003-06-08,0.94030124
2003-06-09,0.96084774
2003-06-10,0.90981305
2003-06-11,0.8931347
2003-06-12,0.87354
2003-06-13,0.848436
2003-06-14,0.83603585
2003-06-15,0.8193141
2003-06-16,0.8076921
2003-06-17,0.79098785
2003-06-18,0.77800786
2003-06-19,0.76719093
2003-06-20,0.7497069
2003-06-21,0.7472661
2003-06-22,0.79579115
2003-06-23,0.79946077
2003-06-24,0.71422035
2003-06-25,0.70357597
2003-06-26,0.6926525
2003-06-27,0.6756767
2003-06-28,0.66050667
2003-06-29,0.6487353
2003-06-30,0.64586407
2003-07-01,0.6329602
2003-07-02,0.62317723
2003-07-03,0.6152682
2003-07-04,0.60067457
2003-07-05,0.58998954
2003-07-06,0.5828429
2003-07-07,0.57916474
2003-07-08,0.5743383
2003-07-09,0.5648078
2003-07-10,0.54411715
2003-07-11,0.54065204
2003-07-12,0.5296492
2003-07-13,0.5202601
2003-07-14,0.5126401
2003-07-15,0.50077975
2003-07-16,0.49760196
2003-07-17,0.4846806
2003-07-18,0.47707024
2003-07-19,0.476362
2003-07-20,0.46493828
2003-07-21,0.4566005
2003-07-22,0.44660625
2003-07-23,0.4449086
2003-07-24,0.43859246
2003-07-25,0.43058655
2003-07-26,0.42330807
2003-07-27,0.4166251
2003-07-28,0.41540867
2003-07-29,0.40829524
2003-07-30,0.402138
2003-07-31,0.39633963
2003-08-01,0.39571872
2003-08-02,0.40520647
2003-08-03,0.38382003
2003-08-04,0.3777884
2003-08-05,0.37314624
2003-08-06,0.37042257
2003-08-07,0.3640191
2003-08-08,0.37366575
2003-08-09,0.35638788
2003-08-10,0.36419713
2003-08-11,0.35010836
2003-08-12,0.3442768
2003-08-13,0.33418557
2003-08-14,0.33301362
2003-08-15,0.33379343
2003-08-16,0.34063527
2003-08-17,0.3304804
2003-08-18,0.32681188
2003-08-19,0.35214803
2003-08-20,0.31984267
2003-08-21,0.3065247
2003-08-22,0.30526543
2003-08-23,0.29463896
2003-08-24,0.29667354
2003-08-25,0.27050516
2003-08-26,0.23730792
2003-08-27,0.2792774
2003-08-28,0.028453464
2003-08-29,0.04635863
2003-08-30,0.016513236
2003-08-31,0.02368584
2003-09-01,0.012873437
2003-09-02,0.012411426
2003-09-03,0.02410673
2003-09-04,0.0015021102
2003-09-05,1.9427857e-11
2003-09-06,0.011406261
2003-09-07,0.0007335887
2003-09-08,9.488023e-12
2003-09-09,1.2271532999999999e-19
2003-09-10,1.5871645500000001e-27
2003-09-11,2.0527924999999998e-35
2003-09-12,0.014665191
2003-09-13,0.0009431854
2003-09-14,1.2198886e-11
2003-09-15,1.5777686e-19
2003-09-16,0.011406261
2003-09-17,0.0007335887
2003-09-18,9.488023e-12
2003-09-19,1.2271532999999999e-19
2003-09-20,1.5871645500000001e-27
2003-09-21,2.0527924999999998e-35
2003-09-22,2.65e-43
2003-09-23,0.0
2003-09-24,0.038564023
2003-09-25,0.0024802284
2003-09-26,3.207855e-11
2003-09-27,0.023355676
2003-09-28,0.013451525
2003-09-29,0.017063178
2003-09-30,0.0010479839
2003-10-01,0.03421878
2003-10-02,0.002200766
2003-10-03,2.8464068e-11
2003-10-04,3.6814599e-19
2003-10-05,4.7614935e-27
2003-10-06,6.1583776e-35
2003-10-07,7.96e-43
2003-10-08,0.0
2003-10-09,0.011406261
2003-10-10,0.0007335887
2003-10-11,0.014122036
2003-10-12,0.0009082526
2003-10-13,1.17470755e-11
2003-10-14,0.0135788815
2003-10-15,0.019340597
2003-10-16,0.01422344
2003-10-17,0.000838387
2003-10-18,0.011406261
2003-10-19,0.0007335887
2003-10-20,9.488023e-12
2003-10-21,1.2271532999999999e-19
2003-10-22,0.074412264
2003-10-23,0.004785793
2003-10-24,6.1898056e-11
2003-10-25,0.02607145
2003-10-26,0.001676774
2003-10-27,0.02389883
2003-10-28,0.0015370429
2003-10-29,1.9879667e-11
2003-10-30,2.5711785e-19
2003-10-31,3.3254874000000005e-27
2003-11-01,4.301089e-35
2003-11-02,5.56e-43
2003-11-03,0.0
2003-11-04,0.0
2003-11-05,0.0
2003-11-06,0.10673
2003-11-07,0.0068642935
2003-11-08,8.878078e-11
2003-11-09,1.1482648e-18
2003-11-10,1.4851325e-26
2003-11-11,1.9208272e-34
2003-11-12,2.485e-42
2003-11-13,0.0
2003-11-14,0.0
2003-11-15,0.0
2003-11-16,0.0
2003-11-17,0.0
2003-11-18,0.30525324
2003-11-19,0.01963223
2003-11-20,2.5391755e-10
2003-11-21,3.284096e-18
2003-11-22,4.2475544e-26
2003-11-23,0.011949415
2003-11-24,0.00076852145
2003-11-25,9.939834e-12
2003-11-26,1.2855892e-19
2003-11-27,1.6627437000000002e-27
2003-11-28,2.1505445e-35
2003-11-29,2.7700000000000003e-43
2003-11-30,0.011949415
2003-12-01,0.012989514
2003-12-02,0.0007859878
2003-12-03,1.0165739e-11
2003-12-04,1.3148072e-19
2003-12-05,1.7005334000000002e-27
2003-12-06,2.1994205e-35
2003-12-07,2.8400000000000003e-43
2003-12-08,0.018467277
2003-12-09,0.001187715
2003-12-10,1.5361561e-11
2003-12-11,1.9868197e-19
2003-12-12,2.569695e-27
2003-12-13,3.3235688e-35
2003-12-14,4.3e-43
2003-12-15,0.031503003
2003-12-16,0.002026102
2003-12-17,2.6205016e-11
2003-12-18,3.3892808e-19
2003-12-19,0.11596364
2003-12-20,0.30972403
2003-12-21,0.14273633
2003-12-22,0.007929744
2003-12-23,1.02561015e-10
2003-12-24,0.011406261
2003-12-25,0.0007335887
2003-12-26,0.09939741
2003-12-27,0.30078283
2003-12-28,0.030882988
2003-12-29,0.06431769
2003-12-30,0.004087137
2003-12-31,5.2861843e-11
2004-01-01,6.836997e-19
2004-01-02,8.842774000000001e-27
2004-01-03,1.1436987e-34
2004-01-04,1.4799999999999998e-42
2004-01-05,0.047254506
2004-01-06,0.041331597
2004-01-07,0.002462762
2004-01-08,3.185265e-11
2004-01-09,0.019825166
2004-01-10,2.0180104
2004-01-11,0.12970546
2004-01-12,1.6775727e-09
2004-01-13,2.1697239e-17
2004-01-14,2.806258e-25
2004-01-15,3.6295324e-33
2004-01-16,4.6943e-41
2004-01-17,0.0
2004-01-18,0.0
2004-01-19,0.0
2004-01-20,0.0
2004-01-21,0.0
2004-01-22,0.052686058
2004-01-23,2.5912516
2004-01-24,0.16643728
2004-01-25,2.1526516e-09
2004-01-26,2.784177e-17
2004-01-27,3.6009737999999996e-25
2004-01-28,4.657395e-33
2004-01-29,6.023800000000001e-41
2004-01-30,0.0
2004-01-31,0.0
2004-02-01,0.0
2004-02-02,0.05485868
2004-02-03,0.0035282122
2004-02-04,4.5632872e-11
2004-02-05,5.902022999999999e-19
2004-02-06,7.633506000000001e-27
2004-02-07,0.30036485
2004-02-08,0.10567952
2004-02-09,0.13401052
2004-02-10,0.08158756
2004-02-11,0.11280382
2004-02-12,0.92461234
2004-02-13,0.15624374
2004-02-14,0.041014906
2004-02-15,0.0022356987
2004-02-16,2.891588e-11
2004-02-17,0.1431214
2004-02-18,30.34551
2004-02-19,2.506714
2004-02-20,1.8743167
2004-02-21,1.8134351
2004-02-22,0.17501861
2004-02-23,0.1769677
2004-02-24,1.4770845
2004-02-25,0.1646222
2004-02-26,0.016473213
2004-02-27,0.0007685215
2004-02-28,0.14257824
2004-02-29,1.7844726
2004-03-01,0.14568083
2004-03-02,0.28283736
2004-03-03,0.04793379
2004-03-04,0.28381887
2004-03-05,0.28970772
2004-03-06,0.60162985
2004-03-07,0.30154365
2004-03-08,0.27551922
2004-03-09,0.16327992
2004-03-10,0.17645209
2004-03-11,0.31002036
2004-03-12,0.42389864
2004-03-13,0.32530347
2004-03-14,0.32042754
2004-03-15,0.33711603
2004-03-16,0.33981094
2004-03-17,0.3404589
2004-03-18,0.42631236
2004-03-19,1.104258
2004-03-20,0.4954469
2004-03-21,0.71449614
2004-03-22,12.093274
2004-03-23,1.3194448
2004-03-24,0.6031605
2004-03-25,0.6454167
2004-03-26,0.99565595
2004-03-27,1.0125815
2004-03-28,3.1870258
2004-03-29,2.8383286
2004-03-30,1.161146
2004-03-31,1.1623013
2004-04-01,1.266951
2004-04-02,1.3248385
2004-04-03,1.3094183
2004-04-04,2.1278343
2004-04-05,1.384554
2004-04-06,1.3523705
2004-04-07,1.4320791
2004-04-08,1.3684176
2004-04-09,1.4063648
2004-04-10,1.3854623
2004-04-11,1.3622166
2004-04-12,1.3613623
2004-04-13,1.3334248
2004-04-14,1.3172321
2004-04-15,1.3983228
2004-04-16,1.3517264
2004-04-17,1.2881001
2004-04-18,1.2915552
2004-04-19,1.2569932
2004-04-20,1.2327423
2004-04-21,1.3089987
2004-04-22,1.2450134
2004-04-23,1.290004
2004-04-24,1.4191949
2004-04-25,1.1834227
2004-04-26,1.1647505
2004-04-27,1.1414742
2004-04-28,1.1185349
2004-04-29,1.1003174
2004-04-30,1.0891861
2004-05-01,1.1499163
2004-05-02,1.0544662
2004-05-03,1.0293347
2004-05-04,1.0335611
2004-05-05,0.9991485
2004-05-06,0.99256754
2004-05-07,0.96214294
2004-05-08,0.96319157
2004-05-09,0.9859246
2004-05-10,0.9460946
2004-05-11,0.9018883
2004-05-12,0.88862437
2004-05-13,0.8789812
2004-05-14,0.85695016
2004-05-15,0.887888
2004-05-16,2.1848485
2004-05-17,0.9170297
2004-05-18,4.888862
2004-05-19,1.0759614
2004-05-20,0.87586766
2004-05-21,0.7847978
2004-05-22,0.80692863
2004-05-23,0.9075994
2004-05-24,0.792562
2004-05-25,0.7725335
2004-05-26,0.7836969
2004-05-27,0.77115816
2004-05-28,0.73119515
2004-05-29,0.788427
2004-05-30,0.72301733
2004-05-31,0.72779703
2004-06-01,0.7628812
2004-06-02,0.69801986
2004-06-03,0.6901751
2004-06-04,0.68668914
2004-06-05,0.6935406
2004-06-06,0.71490616
2004-06-07,0.6703544
2004-06-08,0.66984683
2004-06-09,0.65778303
2004-06-10,0.6464055
2004-06-11,0.6411075
2004-06-12,0.6416253
2004-06-13,0.6329872
2004-06-14,0.63813144
2004-06-15,0.62247515
2004-06-16,0.61248255
2004-06-17,0.6089188
2004-06-18,0.60926986
2004-06-19,0.6082185
2004-06-20,0.607877
2004-06-21,0.5842323
2004-06-22,0.57538015
2004-06-23,0.5662181
2004-06-24,0.5610423
2004-06-25,0.5553138
2004-06-26,0.5479035
2004-06-27,0.5455483
2004-06-28,0.5378219
2004-06-29,0.53190124
2004-06-30,0.52802145
2004-07-01,0.52019024
2004-07-02,0.5289348
2004-07-03,0.5382191
2004-07-04,0.5075466
2004-07-05,0.4941317
2004-07-06,0.48660868
2004-07-07,0.48236996
2004-07-08,0.49624747
2004-07-09,0.4716274
2004-07-10,0.4621098
2004-07-11,0.5053273
2004-07-12,0.45491013
2004-07-13,0.4444257
2004-07-14,0.43935478
2004-07-15,0.4328116
2004-07-16,0.42724985
2004-07-17,0.42040017
2004-07-18,0.42269674
2004-07-19,0.41336617
2004-07-20,0.40949595
2004-07-21,0.41960627
2004-07-22,0.39121118
2004-07-23,0.38961387
2004-07-24,0.3863724
2004-07-25,0.38996488
2004-07-26,0.421984
2004-07-27,0.37215626
2004-07-28,0.37533802
2004-07-29,0.36407936
2004-07-30,0.3649578
2004-07-31,0.35229844
2004-08-01,0.3471323
2004-08-02,0.34549493
2004-08-03,0.35219702
2004-08-04,0.33851165
2004-08-05,0.332715
2004-08-06,0.32479644
2004-08-07,0.3226779
2004-08-08,0.31714156
2004-08-09,0.3113607
2004-08-10,0.33029336
2004-08-11,0.30627677
2004-08-12,0.29053035
2004-08-13,0.27142638
2004-08-14,0.26916984
2004-08-15,0.13032381
2004-08-16,0.007335887
2004-08-17,0.046168197
2004-08-18,0.08009733
2004-08-19,0.004960457
2004-08-20,6.415711e-11
2004-08-21,8.297893999999999e-19
2004-08-22,1.07322554e-26
2004-08-23,1.3880787e-34
2004-08-24,1.795e-42
2004-08-25,0.0
2004-08-26,0.0
2004-08-27,0.0
2004-08-28,0.0
2004-08-29,0.0
2004-08-30,0.0
2004-08-31,0.0
2004-09-01,0.0
2004-09-02,0.040465064
2004-09-03,0.002602493
2004-09-04,0.013035725
2004-09-05,0.000838387
2004-09-06,1.0843454e-11
2004-09-07,1.402461e-19
2004-09-08,0.0570313
2004-09-09,0.027023619
2004-09-10,0.0015021102
2004-09-11,1.9427857e-11
2004-09-12,2.5127426e-19
2004-09-13,3.2499086e-27
2004-09-14,0.011949415
2004-09-15,0.00076852145
2004-09-16,9.939834e-12
2004-09-17,1.2855892e-19
2004-09-18,1.6627437000000002e-27
2004-09-19,2.1505445e-35
2004-09-20,2.7700000000000003e-43
2004-09-21,0.0
2004-09-22,0.0
2004-09-23,0.0
2004-09-24,0.0
2004-09-25,0.0
2004-09-26,0.0
2004-09-27,0.0
2004-09-28,0.0
2004-09-29,0.0
2004-09-30,0.0
2004-10-01,0.0
2004-10-02,0.0
2004-10-03,0.0
2004-10-04,0.049698707
2004-10-05,0.0031963508
2004-10-06,4.134067e-11
2004-10-07,5.3468826e-19
2004-10-08,6.915503000000001e-27
2004-10-09,8.9443107e-35
2004-10-10,1.157e-42
2004-10-11,0.0
2004-10-12,0.0
2004-10-13,0.0
2004-10-14,0.0
2004-10-15,0.0
2004-10-16,0.0
2004-10-17,0.0
2004-10-18,0.0
2004-10-19,0.0
2004-10-20,0.0
2004-10-21,0.0
2004-10-22,0.0
2004-10-23,0.0
2004-10-24,0.0
2004-10-25,0.0
2004-10-26,0.0
2004-10-27,0.0
2004-10-28,0.0
2004-10-29,0.015208346
2004-10-30,0.0009781182
2004-10-31,1.26506965e-11
2004-11-01,1.6362044e-19
2004-11-02,2.1162193e-27
2004-11-03,2.7370565e-35
2004-11-04,3.55e-43
2004-11-05,0.0
2004-11-06,0.0
2004-11-07,0.0
2004-11-08,0.0
2004-11-09,0.0
2004-11-10,0.0
2004-11-11,0.0
2004-11-12,0.0
2004-11-13,0.0
2004-11-14,0.0
2004-11-15,0.0
2004-11-16,0.0
2004-11-17,0.0
2004-11-18,0.0
2004-11-19,0.0
2004-11-20,0.0
2004-11-21,0.0
2004-11-22,0.0
2004-11-23,0.0
2004-11-24,0.0
2004-11-25,0.0
2004-11-26,0.14176351
2004-11-27,0.009117459
2004-11-28,1.1792257e-10
2004-11-29,0.032589313
2004-11-30,0.0020959675
2004-12-01,2.7108637e-11
2004-12-02,3.5061523999999997e-19
2004-12-03,4.5347557000000004e-27
2004-12-04,5.8651216e-35
2004-12-05,7.58e-43
2004-12-06,0.0
2004-12-07,0.0
2004-12-08,0.0
2004-12-09,0.0
2004-12-10,0.0
2004-12-11,0.0
2004-12-12,0.0
2004-12-13,0.0
2004-12-14,0.0
2004-12-15,0.12655516
2004-12-16,0.27374226
2004-12-17,0.15287094
2004-12-18,0.008733198
2004-12-19,1.12952654e-10
2004-12-20,1.4608968e-18
2004-12-21,0.014665191
2004-12-22,0.0009431854
2004-12-23,1.2198886e-11
2004-12-24,1.5777686e-19
2004-12-25,2.04064e-27
2004-12-26,2.6393044999999996e-35
2004-12-27,3.4200000000000003e-43
2004-12-28,0.0
2004-12-29,0.039107177
2004-12-30,0.0025151612
2004-12-31,3.2530364e-11
2005-01-01,4.2073827999999996e-19
2005-01-02,0.051599745
2005-01-03,0.12607169
2005-01-04,0.054877736
2005-01-05,0.07580449
2005-01-06,0.1442719
2005-01-07,0.06465114
2005-01-08,0.23605105
2005-01-09,0.3647432
2005-01-10,0.06431967
2005-01-11,0.054832727
2005-01-12,0.09161627
2005-01-13,0.07465729
2005-01-14,0.050061505
2005-01-15,0.07571716
2005-01-16,0.057095475
2005-01-17,0.16333023
2005-01-18,0.12217768
2005-01-19,0.08378104
2005-01-20,3.0924916
2005-01-21,0.27760455
2005-01-22,0.06252139
2005-01-23,0.05800967
2005-01-24,0.07383188
2005-01-25,4.962716
2005-01-26,0.38895103
2005-01-27,0.062352367
2005-01-28,0.07351579
2005-01-29,0.04060869
2005-01-30,0.5932759
2005-01-31,0.10970337
2005-02-01,0.051594056
2005-02-02,0.122244254
2005-02-03,0.06605694
2005-02-04,0.18924278
2005-02-05,3.772193
2005-02-06,1.586149
2005-02-07,0.283624
2005-02-08,0.14874099
2005-02-09,0.11901117
2005-02-10,0.08449098
2005-02-11,3.9611847
2005-02-12,0.9934044
2005-02-13,0.50730693
2005-02-14,0.093662925
2005-02-15,0.27542812
2005-02-16,0.15323773
2005-02-17,0.07336867
2005-02-18,0.055756748
2005-02-19,0.046771035
2005-02-20,0.04787651
2005-02-21,0.067534894
2005-02-22,0.043535754
2005-02-23,0.042726114
2005-02-24,0.046037443
2005-02-25,0.040000755
2005-02-26,0.036611676
2005-02-27,0.0369627
2005-02-28,0.0386271
2005-03-01,0.03737401
2005-03-02,0.060913928
2005-03-03,0.042336762
2005-03-04,0.052178934
2005-03-05,0.19167121
2005-03-06,0.056660406
2005-03-07,0.090855636
2005-03-08,0.26447257
2005-03-09,0.21842764
2005-03-10,1.9944078
2005-03-11,3.4080923
2005-03-12,0.2723706
2005-03-13,0.45313677
2005-03-14,0.100585915
2005-03-15,0.09314543
2005-03-16,0.14311232
2005-03-17,0.18644977
2005-03-18,0.059492264
2005-03-19,0.07098596
2005-03-20,0.084482
2005-03-21,0.17950542
2005-03-22,0.06607211
2005-03-23,0.060016356
2005-03-24,0.045999117
2005-03-25,0.0434614
2005-03-26,0.05530602
2005-03-27,0.094910145
2005-03-28,0.05558488
2005-03-29,0.31985587
2005-03-30,0.18765764
2005-03-31,0.062359046
2005-04-01,0.2681068
2005-04-02,0.08872623
2005-04-03,0.054309834
2005-04-04,0.08168228
2005-04-05,0.081632674
2005-04-06,0.12414809
2005-04-07,0.0652422
2005-04-08,0.08001618
2005-04-09,0.2153807
2005-04-10,0.1998387
2005-04-11,0.29360792
2005-04-12,0.8491401
2005-04-13,0.3164701
2005-04-14,0.79498607
2005-04-15,0.3428019
2005-04-16,1.4038746
2005-04-17,1.5289832
2005-04-18,1.8065331
2005-04-19,0.5523588
2005-04-20,0.58625567
2005-04-21,21.52364
2005-04-22,2.4052806
2005-04-23,0.34119308
2005-04-24,0.59834385
2005-04-25,3.2894852
2005-04-26,0.7018019
2005-04-27,2.7021067
2005-04-28,3.8929036
2005-04-29,11.629832
2005-04-30,3.070044
2005-05-01,2.7104955
2005-05-02,2.8538172
2005-05-03,2.820834
2005-05-04,2.763049
2005-05-05,2.7570589
2005-05-06,2.7501123
2005-05-07,2.6649435
2005-05-08,2.63125
2005-05-09,2.643827
2005-05-10,2.5551322
2005-05-11,2.4746842
2005-05-12,2.419096
2005-05-13,2.3710196
2005-05-14,2.3230557
2005-05-15,2.2742598
2005-05-16,2.2153628
2005-05-17,2.1566346
2005-05-18,2.1071923
2005-05-19,2.0431354
2005-05-20,1.9973825
2005-05-21,1.943093
2005-05-22,1.8941493
2005-05-23,1.842331
2005-05-24,1.7943769
2005-05-25,1.7415246
2005-05-26,1.6929572
2005-05-27,1.6359965
2005-05-28,1.5863523
2005-05-29,1.5448191
2005-05-30,1.5016022
2005-05-31,1.4685656
2005-06-01,1.4179969
2005-06-02,1.3760349
2005-06-03,1.3379605
2005-06-04,1.3030831
2005-06-05,1.2681261
2005-06-06,1.2380402
2005-06-07,1.2066393
2005-06-08,1.1781209
2005-06-09,1.1481651
2005-06-10,1.1143024
2005-06-11,1.0877994
2005-06-12,1.0574402
2005-06-13,1.0371214
2005-06-14,1.0139359
2005-06-15,0.98726445
2005-06-16,0.95305073
2005-06-17,0.9292286
2005-06-18,0.90447557
2005-06-19,0.8828767
2005-06-20,0.8604012
2005-06-21,0.842201
2005-06-22,0.8199351
2005-06-23,0.80173486
2005-06-24,0.7827278
2005-06-25,0.76582354
2005-06-26,0.7474295
2005-06-27,0.7332759
2005-06-28,0.7367827
2005-06-29,0.70121396
2005-06-30,0.68831694
2005-07-01,0.6756863
2005-07-02,0.659981
2005-07-03,0.64299726
2005-07-04,0.6389794
2005-07-05,0.61841893
2005-07-06,0.6081469
2005-07-07,0.5942632
2005-07-08,0.58091474
2005-07-09,0.5760377
2005-07-10,0.58853984
2005-07-11,0.55541354
2005-07-12,0.53693557
2005-07-13,0.5282834
2005-07-14,0.5163881
2005-07-15,0.5075072
2005-07-16,0.49992216
2005-07-17,0.4913207
2005-07-18,0.48319256
2005-07-19,0.47238356
2005-07-20,0.46520194
2005-07-21,0.45500597
2005-07-22,0.44622988
2005-07-23,0.44190377
2005-07-24,0.4335119
2005-07-25,0.4259269
2005-07-26,0.41623914
2005-07-27,0.41483054
2005-07-28,0.4096182
2005-07-29,0.39869478
2005-07-30,0.39285362
2005-07-31,0.38763335
2005-08-01,0.37944323
2005-08-02,0.37377673
2005-08-03,0.36855647
2005-08-04,0.3619958
2005-08-05,0.35208884
2005-08-06,0.34658912
2005-08-07,0.34491685
2005-08-08,0.33478114
2005-08-09,0.33087593
2005-08-10,0.32360533
2005-08-11,0.3185344
2005-08-12,0.31633642
2005-08-13,0.3096963
2005-08-14,0.30873394
2005-08-15,0.30571166
2005-08-16,0.29845852
2005-08-17,0.29230124
2005-08-18,0.2865029
2005-08-19,0.27936414
2005-08-20,0.28137165
2005-08-21,0.28288674
2005-08-22,0.2707531
2005-08-23,0.26725134
2005-08-24,0.26273143
2005-08-25,0.26299512
2005-08-26,0.2529817
2005-08-27,0.24989122
2005-08-28,0.24674667
2005-08-29,0.24112298
2005-08-30,0.23860103
2005-08-31,0.24552232
2005-09-01,0.232126
2005-09-02,0.22960573
2005-09-03,0.22243991
2005-09-04,0.23121943
2005-09-05,0.22176492
2005-09-06,0.21623026
2005-09-07,0.21184222
2005-09-08,0.20995075
2005-09-09,0.20821649
2005-09-10,0.20485276
2005-09-11,0.20138423
2005-09-12,0.20905039
2005-09-13,0.22042
2005-09-14,0.1988493
2005-09-15,0.20393492
2005-09-16,0.19240469
2005-09-17,0.18430358
2005-09-18,0.18518989
2005-09-19,0.18337618
2005-09-20,0.17836551
2005-09-21,0.17750795
2005-09-22,0.17475726
2005-09-23,0.17159523
2005-09-24,0.17656307
2005-09-25,0.17390758
2005-09-26,0.16692601
2005-09-27,0.16648935
2005-09-28,0.1659462
2005-09-29,0.16373865
2005-09-30,0.15789577
2005-10-01,0.18577306
2005-10-02,0.14114979
2005-10-03,0.118066296
2005-10-04,0.11378642
2005-10-05,0.112779565
2005-10-06,0.11109769
2005-10-07,0.16042003
2005-10-08,0.12231911
2005-10-09,0.11260321
2005-10-10,0.11540801
2005-10-11,0.12675229
2005-10-12,0.10872955
2005-10-13,0.10317913
2005-10-14,0.10398598
2005-10-15,0.10025375
2005-10-16,0.09946607
2005-10-17,0.10160376
2005-10-18,0.10065718
2005-10-19,0.09624208
2005-10-20,0.0948763
2005-10-21,0.09534959
2005-10-22,0.093483485
2005-10-23,0.08602862
2005-10-24,0.08528545
2005-10-25,0.09504478
2005-10-26,0.08535362
2005-10-27,0.08333201
2005-10-28,0.083244674
2005-10-29,0.083244674
2005-10-30,0.083244674
2005-10-31,0.08025732
2005-11-01,0.08386728
2005-11-02,0.08166761
2005-11-03,0.0828683
2005-11-04,0.084856674
2005-11-05,0.08090527
2005-11-06,0.075211726
2005-11-07,0.10419278
2005-11-08,0.08842661
2005-11-09,0.073169254
2005-11-10,0.07171785
2005-11-11,0.069510296
2005-11-12,0.10087357
2005-11-13,0.069224045
2005-11-14,0.081451826
2005-11-15,0.081019655
2005-11-16,0.071155526
2005-11-17,0.06889728
2005-11-18,0.069607206
2005-11-19,0.06640068
2005-11-20,0.06646266
2005-11-21,0.061863307
2005-11-22,0.058307443
2005-11-23,0.055653647
2005-11-24,0.055496447
2005-11-25,0.056582764
2005-11-26,0.06045471
2005-11-27,0.055810843
2005-11-28,0.055496447
2005-11-29,0.055496447
2005-11-30,0.05359541
2005-12-01,0.052115254
2005-12-02,0.052027922
2005-12-03,0.06397734
2005-12-04,0.10765512
2005-12-05,0.12317896
2005-12-06,0.051488657
2005-12-07,0.048454598
2005-12-08,0.050460435
2005-12-09,0.044336416
2005-12-10,0.04637889
2005-12-11,0.045178197
2005-12-12,0.047263484
2005-12-13,0.044687442
2005-12-14,0.048043285
2005-12-15,0.046369307
2005-12-16,0.045703888
2005-12-17,0.041866865
2005-12-18,0.041622337
2005-12-19,0.056559104
2005-12-20,0.053174518
2005-12-21,0.056153987
2005-12-22,0.056906737
2005-12-23,0.08871625
2005-12-24,0.065231524
2005-12-25,0.15619765
2005-12-26,0.11924443
2005-12-27,3.5375478
2005-12-28,0.47338405
2005-12-29,0.08020592
2005-12-30,0.04487618
2005-12-31,0.047701847
2006-01-01,0.10338314
2006-01-02,0.04747079
2006-01-03,0.05586664
2006-01-04,0.045517944
2006-01-05,0.036654495
2006-01-06,0.032328416
2006-01-07,0.06358689
2006-01-08,0.051219378
2006-01-09,0.045133684
2006-01-10,0.036382917
2006-01-11,0.04480352
2006-01-12,0.041306246
2006-01-13,0.0356127
2006-01-14,0.04775594
2006-01-15,0.106948584
2006-01-16,0.078657694
2006-01-17,0.047809437
2006-01-18,0.035909627
2006-01-19,0.17132375
2006-01-20,0.039125636
2006-01-21,0.038479485
2006-01-22,0.03820621
2006-01-23,0.03489488
2006-01-24,0.03034004
2006-01-25,0.037121594
2006-01-26,0.04137781
2006-01-27,0.22357933
2006-01-28,0.06418793
2006-01-29,4.474739
2006-01-30,0.32017353
2006-01-31,0.08737134
2006-02-01,0.27733362
2006-02-02,0.062294167
2006-02-03,0.06045641
2006-02-04,0.03384799
2006-02-05,0.11763084
2006-02-06,0.26027945
2006-02-07,0.37610155
2006-02-08,0.9750225
2006-02-09,0.14730982
2006-02-10,3.0140736
2006-02-11,0.6790735
2006-02-12,0.13904624
2006-02-13,13.353344
2006-02-14,1.112022
2006-02-15,0.7634236
2006-02-16,0.10182243
2006-02-17,0.14386398
2006-02-18,30.63701
2006-02-19,2.1099594
2006-02-20,1.5230579
2006-02-21,4.6215863
2006-02-22,5.4675136
2006-02-23,0.5453007
2006-02-24,0.21245354
2006-02-25,0.2664389
2006-02-26,11.912229
2006-02-27,2.0159671
2006-02-28,1.935597
2006-03-01,0.4427619
2006-03-02,1.7151753
2006-03-03,0.5456697
2006-03-04,0.49112582
2006-03-05,0.4860306
2006-03-06,0.53420633
2006-03-07,12.814271
2006-03-08,1.5308735
2006-03-09,7.4821973
2006-03-10,1.5409656
2006-03-11,1.2575845
2006-03-12,1.3203108
2006-03-13,1.3770508
2006-03-14,1.4687369
2006-03-15,1.500485
2006-03-16,1.4329094
2006-03-17,1.4461081
2006-03-18,1.4173698
2006-03-19,1.4002402
2006-03-20,1.4226177
2006-03-21,1.3736063
2006-03-22,1.3608525
2006-03-23,1.4859816
2006-03-24,1.3444293
2006-03-25,1.3114495
2006-03-26,1.2798023
2006-03-27,1.2746047
2006-03-28,1.2475089
2006-03-29,1.2482239
2006-03-30,1.4621127
2006-03-31,1.2265505
2006-04-01,1.1825439
2006-04-02,1.144625
2006-04-03,1.1194894
2006-04-04,1.0987402
2006-04-05,1.1558893
2006-04-06,1.0909355
2006-04-07,1.0351883
2006-04-08,1.0253693
2006-04-09,1.0051249
2006-04-10,1.1877079
2006-04-11,0.96842015
2006-04-12,0.94214994
2006-04-13,0.9188754
2006-04-14,0.89922994
2006-04-15,0.8861103
2006-04-16,0.8828976
2006-04-17,0.83955956
2006-04-18,0.8335235
2006-04-19,0.8039835
2006-04-20,0.78607404
2006-04-21,0.7652184
2006-04-22,0.7468339
2006-04-23,0.7367715
2006-04-24,0.7196289
2006-04-25,0.7484369
2006-04-26,0.7082637
2006-04-27,0.6721524
2006-04-28,0.7082965
2006-04-29,0.67789835
2006-04-30,0.6323325
2006-05-01,0.6129716
2006-05-02,0.5980557
2006-05-03,0.5911902
2006-05-04,0.594608
2006-05-05,0.5714969
2006-05-06,0.5433802
2006-05-07,0.5283612
2006-05-08,0.5177285
2006-05-09,0.5149271
2006-05-10,0.5036527
2006-05-11,0.483383
2006-05-12,0.48049596
2006-05-13,0.46572596
2006-05-14,0.45283335
2006-05-15,0.44609013
2006-05-16,0.4353859
2006-05-17,0.42114332
2006-05-18,0.4156532
2006-05-19,0.40910995
2006-05-20,0.39865986
2006-05-21,0.38905156
2006-05-22,0.38032782
2006-05-23,0.37219965
2006-05-24,0.38040107
2006-05-25,0.35841906
2006-05-26,0.34637782
2006-05-27,0.34189457
2006-05-28,0.33350268
2006-05-29,0.32102928
2006-05-30,0.3213471
2006-05-31,0.30756646
2006-06-01,0.30205888
2006-06-02,0.29768828
2006-06-03,0.30530202
2006-06-04,0.28435394
2006-06-05,0.34516537
2006-06-06,0.34101784
2006-06-07,0.33288968
2006-06-08,0.26776513
2006-06-09,0.38717595
2006-06-10,0.39512315
2006-06-11,0.2598775
2006-06-12,0.25009295
2006-06-13,0.27908188
2006-06-14,0.26194036
2006-06-15,0.2313873
2006-06-16,0.2289578
2006-06-17,0.22512077
2006-06-18,0.22487624
2006-06-19,0.21944469
2006-06-20,0.21800905
2006-06-21,0.20789081
2006-06-22,0.20588666
2006-06-23,0.19928147
2006-06-24,0.19994858
2006-06-25,0.1935006
2006-06-26,0.19335298
2006-06-27,0.18495154
2006-06-28,0.18332377
2006-06-29,0.17999497
2006-06-30,0.18467377
2006-07-01,0.17358191
2006-07-02,0.17230515
2006-07-03,0.18096071
2006-07-04,0.16929865
2006-07-05,0.17584525
2006-07-06,0.16572532
2006-07-07,0.15608206
2006-07-08,0.15822145
2006-07-09,0.15187825
2006-07-10,0.15200222
2006-07-11,0.15040769
2006-07-12,0.13998294
2006-07-13,0.15072547
2006-07-14,0.13950965
2006-07-15,0.13874112
2006-07-16,0.13765481
2006-07-17,0.13921441
2006-07-18,0.13008557
2006-07-19,0.12677595
2006-07-20,0.12660128
2006-07-21,0.12687285
2006-07-22,0.125804
2006-07-23,0.11921628
2006-07-24,0.11200765
2006-07-25,0.11917516
2006-07-26,0.11722003
2006-07-27,0.11244601
2006-07-28,0.11106276
2006-07-29,0.11072133
2006-07-30,0.1174933
2006-07-31,0.10245003
2006-08-01,0.099281825
2006-08-02,0.10321576
2006-08-03,0.107823
2006-08-04,0.096696205
2006-08-05,0.09677734
2006-08-06,0.10063183
2006-08-07,0.10413529
2006-08-08,0.08560603
2006-08-09,0.084129274
2006-08-10,0.083297074
2006-08-11,0.09709513
2006-08-12,0.08440704
2006-08-13,0.08217583
2006-08-14,0.084804274
2006-08-15,0.082263164
2006-08-16,0.08236008
2006-08-17,0.07911861
2006-08-18,0.07049011
2006-08-19,0.07239285
2006-08-20,0.07363636
2006-08-21,0.07940935
2006-08-22,0.074887745
2006-08-23,0.0740302
2006-08-24,0.07399526
2006-08-25,0.07182264
2006-08-26,0.06733768
2006-08-27,0.06570032
2006-08-28,0.06642772
2006-08-29,0.06865274
2006-08-30,0.10898596
2006-08-31,0.06513122
2006-09-01,0.057256065
2006-09-02,0.059929024
2006-09-03,0.060121156
2006-09-04,0.05631907
2006-09-05,0.05716085
2006-09-06,0.058860183
2006-09-07,0.05787867
2006-09-08,0.05563618
2006-09-09,0.055496447
2006-09-10,0.059841692
2006-09-11,0.07804528
2006-09-12,0.06453287
2006-09-13,0.057886552
2006-09-14,0.0800607
2006-09-15,0.056525268
2006-09-16,0.05383205
2006-09-17,0.046972744
2006-09-18,0.05196764
2006-09-19,0.045799103
2006-09-20,0.045108333
2006-09-21,0.046991907
2006-09-22,0.12098328
2006-09-23,0.051593456
2006-09-24,0.046553552
2006-09-25,0.044091888
2006-09-26,0.044749424
2006-09-27,0.063540675
2006-09-28,0.048179623
2006-09-29,0.04249735
2006-09-30,0.041114114
2006-10-01,0.04213056
2006-10-02,0.049261443
2006-10-03,0.046999793
2006-10-04,0.04220831
2006-10-05,0.0514166
2006-10-06,0.04225113
2006-10-07,0.042980224
2006-10-08,0.05365908
2006-10-09,0.039675083
2006-10-10,0.041447673
2006-10-11,0.06850852
2006-10-12,0.04199362
2006-10-13,0.041806582
2006-10-14,0.053181853
2006-10-15,0.05757301
2006-10-16,0.042872034
2006-10-17,0.040281918
2006-10-18,0.040448695
2006-10-19,0.034491453
2006-10-20,0.030576684
2006-10-21,0.02953489
2006-10-22,0.030297222
2006-10-23,0.031979088
2006-10-24,0.05109432
2006-10-25,0.03792335
2006-10-26,0.03699763
2006-10-27,0.02939346
2006-10-28,0.02781809
2006-10-29,0.027748223
2006-10-30,0.027748223
2006-10-31,0.029377691
2006-11-01,0.04414768
2006-11-02,0.028796207
2006-11-03,0.027748223
2006-11-04,0.028834537
2006-11-05,0.029447557
2006-11-06,0.02948249
2006-11-07,0.027853021
2006-11-08,0.033722933
2006-11-09,0.028132485
2006-11-10,0.027748223
2006-11-11,0.110579394
2006-11-12,0.2997647
2006-11-13,0.045850746
2006-11-14,0.028895669
2006-11-15,0.028361248
2006-11-16,0.02751158
2006-11-17,0.030446535
2006-11-18,0.028194468
2006-11-19,0.025049916
2006-11-20,0.032461956
2006-11-21,0.030235242
2006-11-22,0.0273448
2006-11-23,0.03830482
2006-11-24,0.14792357
2006-11-25,0.105228886
2006-11-26,0.039298106
2006-11-27,0.042595964
2006-11-28,0.08651997
2006-11-29,0.030925412
2006-11-30,0.025540672
2006-12-01,0.03575582
2006-12-02,0.04130794
2006-12-03,0.10082626
2006-12-04,0.038640574
2006-12-05,0.025162598
2006-12-06,0.024297165
2006-12-07,0.026723895
2006-12-08,0.04996519
2006-12-09,0.034340445
2006-12-10,0.12937853
2006-12-11,0.024486396
2006-12-12,0.042327784
2006-12-13,0.020850593
2006-12-14,0.019094372
2006-12-15,0.021521104
2006-12-16,0.018962525
2006-12-17,0.022589948
2006-12-18,0.019303968
2006-12-19,0.029668432
2006-12-20,0.15609005
2006-12-21,2.5738852
2006-12-22,0.2626682
2006-12-23,0.050555054
2006-12-24,0.049015217
2006-12-25,0.03121336
2006-12-26,0.032233197
2006-12-27,0.05844438
2006-12-28,0.06066431
2006-12-29,0.031097284
2006-12-30,0.023218738
2006-12-31,0.024192365
2007-01-01,0.07587945
2007-01-02,0.048781365
2007-01-03,0.026456809
2007-01-04,0.07973393
2007-01-05,0.03245966
2007-01-06,0.016972452
2007-01-07,0.019445397
2007-01-08,0.022370769
2007-01-09,0.088267215
2007-01-10,0.021883905
2007-01-11,0.08415074
2007-01-12,0.047710825
2007-01-13,0.08012438
2007-01-14,0.023445202
2007-01-15,0.050071687
2007-01-16,0.043609016
2007-01-17,0.0656085
2007-01-18,0.09014231
2007-01-19,0.041385096
2007-01-20,0.026475972
2007-01-21,0.024910184
2007-01-22,0.02757356
2007-01-23,0.05680703
2007-01-24,0.040208656
2007-01-25,0.24650624
2007-01-26,1.0053312
2007-01-27,0.14159033
2007-01-28,0.025652755
2007-01-29,0.13385732
2007-01-30,0.13806613
2007-01-31,0.049882848
2007-02-01,0.033360627
2007-02-02,0.03429144
2007-02-03,0.018644735
2007-02-04,0.05320835
2007-02-05,0.1228477
2007-02-06,0.05059448
2007-02-07,0.037250046
2007-02-08,0.057620067
2007-02-09,1.987166
2007-02-10,0.15065867
2007-02-11,0.37381756
2007-02-12,0.09700081
2007-02-13,0.0527677
2007-02-14,0.15028661
2007-02-15,0.07030017
2007-02-16,3.0643208
2007-02-17,8.569567
2007-02-18,0.5504384
2007-02-19,0.024667358
2007-02-20,0.02462114
2007-02-21,1.5972748
2007-02-22,0.16129331
2007-02-23,0.05673038
2007-02-24,0.4686184
2007-02-25,0.05897874
2007-02-26,0.10642628
2007-02-27,0.04827594
2007-02-28,0.028200654
2007-03-01,0.01657861
2007-03-02,0.017255308
2007-03-03,0.024946814
2007-03-04,0.03684213
2007-03-05,0.37650457
2007-03-06,0.12210821
2007-03-07,1.1371546
2007-03-08,0.6541777
2007-03-09,0.42439365
2007-03-10,0.24649695
2007-03-11,0.38033924
2007-03-12,0.08111916
2007-03-13,0.11640759
2007-03-14,1.0408729
2007-03-15,1.0083083
2007-03-16,0.10076695
2007-03-17,0.044407982
2007-03-18,0.022514991
2007-03-19,0.039839067
2007-03-20,0.03289692
2007-03-21,0.08017059
2007-03-22,0.033002816
2007-03-23,0.022438938
2007-03-24,0.059716634
2007-03-25,0.03145619
2007-03-26,0.05745498
2007-03-27,0.06984555
2007-03-28,0.04391213
2007-03-29,0.020474218
2007-03-30,0.03700103
2007-03-31,0.113652386
2007-04-01,0.037577916
2007-04-02,0.014991961
2007-04-03,0.06873279
2007-04-04,0.026092809
2007-04-05,0.017148813
2007-04-06,0.042836003
2007-04-07,0.03745176
2007-04-08,0.03699763
2007-04-09,0.050033357
2007-04-10,0.04489704
2007-04-11,0.035550717
2007-04-12,0.03090066
2007-04-13,0.02330607
2007-04-14,0.02473552
2007-04-15,0.02648725
2007-04-16,0.13685256
2007-04-17,0.098318875
2007-04-18,0.07420147
2007-04-19,1.3929778
2007-04-20,0.17512421
2007-04-21,0.12066829
2007-04-22,0.16492076
2007-04-23,0.10708372
2007-04-24,39.33502
2007-04-25,2.7643282
2007-04-26,0.3241638
2007-04-27,0.16842972
2007-04-28,0.13013458
2007-04-29,0.0718474
2007-04-30,0.054907084
2007-05-01,0.17463169
2007-05-02,0.115578674
2007-05-03,0.10802301
2007-05-04,0.34978908
2007-05-05,0.16438419
2007-05-06,0.091168836
2007-05-07,0.27196407
2007-05-08,0.09428004
2007-05-09,0.085075855
2007-05-10,0.09857529
2007-05-11,0.12686048
2007-05-12,0.097121574
2007-05-13,0.21567594
2007-05-14,0.108553685
2007-05-15,0.10578222
2007-05-16,0.09670972
2007-05-17,0.08891033
2007-05-18,0.07568332
2007-05-19,0.09007074
2007-05-20,0.07882787
2007-05-21,0.15571308
2007-05-22,0.09444353
2007-05-23,0.08502176
2007-05-24,0.100441396
2007-05-25,0.08814715
2007-05-26,0.086204976
2007-05-27,0.09998558
2007-05-28,0.1793623
2007-05-29,0.12792194
2007-05-30,0.11043847
2007-05-31,0.2963931
2007-06-01,0.1538823
2007-06-02,0.10863882
2007-06-03,0.103380844
2007-06-04,0.10020135
2007-06-05,0.14672057
2007-06-06,0.0926935
2007-06-07,0.124873795
2007-06-08,0.121747814
2007-06-09,0.10238805
2007-06-10,0.11908953
2007-06-11,0.10068872
2007-06-12,0.11681211
2007-06-13,0.11086894
2007-06-14,0.12562317
2007-06-15,0.13936543
2007-06-16,0.097548656
2007-06-17,0.15781245
2007-06-18,0.08989658
2007-06-19,0.08879849
2007-06-20,0.09201291
2007-06-21,0.09084715
2007-06-22,0.08831562
2007-06-23,0.09494786
2007-06-24,0.09728557
2007-06-25,0.1270098
2007-06-26,0.09116434
2007-06-27,0.103130125
2007-06-28,0.095636934
2007-06-29,0.09699652
2007-06-30,0.08679884
2007-07-01,0.09156667
2007-07-02,0.09028653
2007-07-03,0.08420702
2007-07-04,0.09115536
2007-07-05,0.08945433
2007-07-06,0.08768513
2007-07-07,0.08703718
2007-07-08,0.08564436
2007-07-09,0.08447071
2007-07-10,0.08603031
2007-07-11,0.08613511
2007-07-12,0.08341934
2007-07-13,0.083244674
2007-07-14,0.083244674
2007-07-15,0.08650361
2007-07-16,0.088342674
2007-07-17,0.09007693
2007-07-18,0.08800911
2007-07-19,0.0851536
2007-07-20,0.08606525
2007-07-21,0.08396249
2007-07-22,0.08599538
2007-07-23,0.08613511
2007-07-24,0.09672665
2007-07-25,0.08980366
2007-07-26,0.09719035
2007-07-27,0.089006394
2007-07-28,0.098767415
2007-07-29,0.09237012
2007-07-30,0.095446505
2007-07-31,0.083724156
2007-08-01,0.08322721
2007-08-02,0.08134363
2007-08-03,0.08230768
2007-08-04,0.08156281
2007-08-05,0.0828683
2007-08-06,0.07616619
2007-08-07,0.07627269
2007-08-08,0.074135
2007-08-09,0.090833075
2007-08-10,0.07562134
2007-08-11,0.076202825
2007-08-12,0.077393934
2007-08-13,0.07447644
2007-08-14,0.0756422
2007-08-15,0.07464322
2007-08-16,0.08435015
2007-08-17,0.11105039
2007-08-18,0.07796523
2007-08-19,0.07355691
2007-08-20,0.07151614
2007-08-21,0.072208606
2007-08-22,0.06574314
2007-08-23,0.07238496
2007-08-24,0.0739254
2007-08-25,0.06802056
2007-08-26,0.06600683
2007-08-27,0.06916097
2007-08-28,0.07398738
2007-08-29,0.065865405
2007-08-30,0.065867096
2007-08-31,0.06427257
2007-09-01,0.07068563
2007-09-02,0.06838905
2007-09-03,0.06984385
2007-09-04,0.06397394
2007-09-05,0.061960217
2007-09-06,0.056967024
2007-09-07,0.058282092
2007-09-08,0.061102666
2007-09-09,0.05883313
2007-09-10,0.05596016
2007-09-11,0.058229692
2007-09-12,0.058930047
2007-09-13,0.058421824
2007-09-14,0.05567111
2007-09-15,0.055496447
2007-09-16,0.056854337
2007-09-17,0.056670096
2007-09-18,0.057738937
2007-09-19,0.05563618
2007-09-20,0.055496447
2007-09-21,0.05603961
2007-09-22,0.05553138
2007-09-23,0.05603961
2007-09-24,0.05553138
2007-09-25,0.055496447
2007-09-26,0.056582764
2007-09-27,0.056109473
2007-09-28,0.05607454
2007-09-29,0.05254403
2007-09-30,0.054761164
2007-10-01,0.05763414
2007-10-02,0.055364605
2007-10-03,0.054121096
2007-10-04,0.05486596
2007-10-05,0.05654783
2007-10-06,0.054208428
2007-10-07,0.054322805
2007-10-08,0.047822412
2007-10-09,0.04495902
2007-10-10,0.047517598
2007-10-11,0.052580662
2007-10-12,0.045834035
2007-10-13,0.04782411
2007-10-14,0.0710654
2007-10-15,0.055712234
2007-10-16,0.046753567
2007-10-17,0.0419018
2007-10-18,0.044066537
2007-10-19,0.048840553
2007-10-20,0.07140685
2007-10-21,0.045138177
2007-10-22,0.045529224
2007-10-23,0.048113152
2007-10-24,0.046640884
2007-10-25,0.04246242
2007-10-26,0.042200424
2007-10-27,0.04708882
2007-10-28,0.043057974
2007-10-29,0.0416922
2007-10-30,0.040536027
2007-10-31,0.042095628
2007-11-01,0.041114114
2007-11-02,0.04213056
2007-11-03,0.04274358
2007-11-04,0.04060589
2007-11-05,0.039651427
2007-11-06,0.0363401
2007-11-07,0.0385747
2007-11-08,0.05312551
2007-11-09,0.043323915
2007-11-10,0.04412767
2007-11-11,0.042322688
2007-11-12,0.041114114
2007-11-13,0.035884276
2007-11-14,0.040712386
2007-11-15,0.0307243
2007-11-16,0.032504775
2007-11-17,0.038093526
2007-11-18,0.046590183
2007-11-19,0.03244898
2007-11-20,0.035036307
2007-11-21,0.034720216
2007-11-22,0.03359897
2007-11-23,0.029183865
2007-11-24,0.037866462
2007-11-25,0.07239006
2007-11-26,0.05013137
2007-11-27,0.034980513
2007-11-28,0.028404064
2007-11-29,0.029666735
2007-11-30,0.03683255
2007-12-01,0.060913928
2007-12-02,0.049940936
2007-12-03,0.03338598
2007-12-04,0.03563186
2007-12-05,0.03095306
2007-12-06,0.03009551
2007-12-07,0.029245844
2007-12-08,0.030008178
2007-12-09,0.028159535
2007-12-10,0.02776569
2007-12-11,0.027748223
2007-12-12,0.026661914
2007-12-13,0.027678357
2007-12-14,0.028834537
2007-12-15,0.04981588
2007-12-16,0.029434582
2007-12-17,0.03156778
2007-12-18,0.07117359
2007-12-19,0.03052538
2007-12-20,0.030464001
2007-12-21,0.033897597
2007-12-22,0.030848263
2007-12-23,0.028194468
2007-12-24,0.053293984
2007-12-25,0.031562686
2007-12-26,0.027616378
2007-12-27,0.028273916
2007-12-28,0.029141046
2007-12-29,0.035711307
2007-12-30,0.035315767
2007-12-31,0.033633906
2008-01-01,0.029455442
2008-01-02,0.05472174
2008-01-03,0.08053399
2008-01-04,0.09593896
2008-01-05,0.07320249
2008-01-06,0.082274444
2008-01-07,0.10169449
2008-01-08,0.08144503
2008-01-09,0.10695137
2008-01-10,0.121444695
2008-01-11,0.15078127
2008-01-12,0.081190325
2008-01-13,0.06546198
2008-01-14,0.100050956
2008-01-15,0.09770477
2008-01-16,0.16883275
2008-01-17,0.06479536
2008-01-18,0.059709843
2008-01-19,0.058474224
2008-01-20,0.052683763
2008-01-21,0.14220916
2008-01-22,0.07819509
2008-01-23,0.16386999
2008-01-24,0.18297614
2008-01-25,1.4404216
2008-01-26,0.22934392
2008-01-27,0.12453007
2008-01-28,0.092987634
2008-01-29,0.2094567
2008-01-30,0.18475431
2008-01-31,0.23943552
2008-02-01,0.09018782
2008-02-02,0.06921955
2008-02-03,0.06986132
2008-02-04,0.09792115
2008-02-05,0.08206764
2008-02-06,0.18603286
2008-02-07,0.089321285
2008-02-08,0.11091066
2008-02-09,0.22678977
2008-02-10,0.10349681
2008-02-11,0.6700253
2008-02-12,0.31538674
2008-02-13,0.8034818
2008-02-14,3.9810905
2008-02-15,1.7394071
2008-02-16,1.3285735
2008-02-17,0.18982953
2008-02-18,0.80120176
2008-02-19,9.600555
2008-02-20,2.6982574
2008-02-21,4.1267715
2008-02-22,0.9924947
2008-02-23,0.1597496
2008-02-24,0.1272684
2008-02-25,2.794378
2008-02-26,9.539145
2008-02-27,0.8863211
2008-02-28,1.0931915
2008-02-29,1.6890924
2008-03-01,3.9410355
2008-03-02,2.3080394
2008-03-03,4.273042
2008-03-04,12.036195
2008-03-05,21.25837
2008-03-06,5.7868047
2008-03-07,2.817935
2008-03-08,2.6134682
2008-03-09,3.2766857
2008-03-10,129.01176
2008-03-11,29.54163
2008-03-12,15.602703
2008-03-13,12.466836
2008-03-14,11.832517
2008-03-15,9.307569
2008-03-16,7.9469852
2008-03-17,7.086843
2008-03-18,6.4797535
2008-03-19,7.7773933
2008-03-20,9.616187
2008-03-21,5.489063
2008-03-22,5.56454
2008-03-23,9.949011
2008-03-24,5.5872087
2008-03-25,6.3744054
2008-03-26,4.5844727
2008-03-27,5.4930553
2008-03-28,7.494174
2008-03-29,4.940052
2008-03-30,4.7403517
2008-03-31,5.2388334
2008-04-01,7.88304
2008-04-02,5.9845977
2008-04-03,5.6963534
2008-04-04,5.389257
2008-04-05,5.488285
2008-04-06,5.0350156
2008-04-07,4.9689837
2008-04-08,4.8384585
2008-04-09,4.6906233
2008-04-10,4.5637813
2008-04-11,4.4375215
2008-04-12,4.372857
2008-04-13,4.1641483
2008-04-14,4.0059385
2008-04-15,3.806779
2008-04-16,3.6726315
2008-04-17,3.5200381
2008-04-18,3.3738534
2008-04-19,3.203462
2008-04-20,3.0686867
2008-04-21,3.0003967
2008-04-22,2.808316
2008-04-23,2.7302184
2008-04-24,4.690838
2008-04-25,2.5981467
2008-04-26,2.3842754
2008-04-27,2.27134
2008-04-28,2.2524214
2008-04-29,2.1022851
2008-04-30,2.1173923
2008-05-01,13.073065
2008-05-02,2.7580385
2008-05-03,2.0278676
2008-05-04,1.8225328
2008-05-05,1.7629757
2008-05-06,1.7287576
2008-05-07,1.7020354
2008-05-08,1.6982732
2008-05-09,1.6264371
2008-05-10,1.5824473
2008-05-11,1.5500411
2008-05-12,1.5193324
2008-05-13,1.4848918
2008-05-14,1.4409728
2008-05-15,1.4046073
2008-05-16,1.3684944
2008-05-17,1.3337218
2008-05-18,1.3074554
2008-05-19,1.2890631
2008-05-20,1.2393677
2008-05-21,1.2147866
2008-05-22,1.1729417
2008-05-23,1.1410089
2008-05-24,1.1513435
2008-05-25,3.364129
2008-05-26,2.0341706
2008-05-27,1.1413187
2008-05-28,1.0544083
2008-05-29,1.0127414
2008-05-30,0.9653985
2008-05-31,0.988588
2008-06-01,0.93866503
2008-06-02,0.909275
2008-06-03,0.8774531
2008-06-04,0.8649228
2008-06-05,0.84034276
2008-06-06,0.82006687
2008-06-07,0.81343013
2008-06-08,0.7940704
2008-06-09,0.77736783
2008-06-10,0.7560039
2008-06-11,0.73812765
2008-06-12,0.7245696
2008-06-13,0.7047558
2008-06-14,0.6894111
2008-06-15,0.67546713
2008-06-16,0.6895655
2008-06-17,0.6630968
2008-06-18,0.7102167
2008-06-19,0.630801
2008-06-20,0.62168914
2008-06-21,0.6073226
2008-06-22,0.605328
2008-06-23,0.57972986
2008-06-24,0.57211334
2008-06-25,0.56086594
2008-06-26,0.5501189
2008-06-27,0.5426832
2008-06-28,0.5281245
2008-06-29,0.51309425
2008-06-30,0.5037671
2008-07-01,0.4950783
2008-07-02,0.48504907
2008-07-03,0.4730315
2008-07-04,0.46740952
2008-07-05,0.45405942
2008-07-06,0.45050526
2008-07-07,0.44082534
2008-07-08,0.433153
2008-07-09,0.41993475
2008-07-10,0.43214953
2008-07-11,0.44439417
2008-07-12,0.40384796
2008-07-13,0.3990205
2008-07-14,0.37932715
2008-07-15,0.37535378
2008-07-16,0.37952438
2008-07-17,0.3716565
2008-07-18,0.36081254
2008-07-19,0.3471131
2008-07-20,0.33758426
2008-07-21,0.3831935
2008-07-22,0.3437967
2008-07-23,0.32857937
2008-07-24,0.33918217
2008-07-25,0.31710324
2008-07-26,0.338177
2008-07-27,0.307309
2008-07-28,0.30034208
2008-07-29,0.28862143
2008-07-30,0.288431
2008-07-31,0.27868915
2008-08-01,0.2810477
2008-08-02,0.2706483
2008-08-03,0.26507872
2008-08-04,0.26150537
2008-08-05,0.26781365
2008-08-06,0.26171497
2008-08-07,0.2512474
2008-08-08,0.24516961
2008-08-09,0.23694454
2008-08-10,0.23317908
2008-08-11,0.22264951
2008-08-12,0.22443
2008-08-13,0.22159985
2008-08-14,0.21706247
2008-08-15,0.23090504
2008-08-16,0.20682815
2008-08-17,0.20250545
2008-08-18,0.19907188
2008-08-19,0.1961465
2008-08-20,0.19678657
2008-08-21,0.19439478
2008-08-22,0.18826286
2008-08-23,0.1819039
2008-08-24,0.18423542
2008-08-25,0.17843537
2008-08-26,0.18022373
2008-08-27,0.16841404
2008-08-28,0.16764553
2008-08-29,0.17036131
2008-08-30,0.16564757
2008-08-31,0.16044477
2008-09-01,0.155242
2008-09-02,0.15465601
2008-09-03,0.16197114
2008-09-04,0.1472344
2008-09-05,0.14028156
2008-09-06,0.14206992
2008-09-07,0.14329596
2008-09-08,0.13956374
2008-09-09,0.13660344
2008-09-10,0.14566241
2008-09-11,0.13104792
2008-09-12,0.12844034
2008-09-13,0.1288787
2008-09-14,0.12402523
2008-09-15,0.122624524
2008-09-16,0.12173993
2008-09-17,0.11571282
2008-09-18,0.112612784
2008-09-19,0.11108023
2008-09-20,0.11099289
2008-09-21,0.111536056
2008-09-22,0.11102783
2008-09-23,0.11099289
2008-09-24,0.10691924
2008-09-25,0.10122569
2008-09-26,0.10413529
2008-09-27,0.10678909
2008-09-28,0.10423051
2008-09-29,0.098081134
2008-09-30,0.10502947
2008-10-01,0.09844004
2008-10-02,0.0982575
2008-10-03,0.09963286
2008-10-04,0.09130128
2008-10-05,0.091031395
2008-10-06,0.08534573
2008-10-07,0.08525052
2008-10-08,0.08635429
2008-10-09,0.0834368
2008-10-10,0.083244674
2008-10-11,0.08976254
2008-10-12,0.08515755
2008-10-13,0.08198286
2008-10-14,0.079626836
2008-10-15,0.07568502
2008-10-16,0.07082367
2008-10-17,0.074328825
2008-10-18,0.07294389
2008-10-19,0.072295934
2008-10-20,0.07035996
2008-10-21,0.068879806
2008-10-22,0.06987879
2008-10-23,0.06668972
2008-10-24,0.13165875
2008-10-25,0.07121521
2008-10-26,0.06814452
2008-10-27,0.06495545
2008-10-28,0.06583217
2008-10-29,0.06535888
2008-10-30,0.08867962
2008-10-31,0.06981341
2008-11-01,0.056554016
2008-11-02,0.05850127
2008-11-03,0.0578612
2008-11-04,0.05563618
2008-11-05,0.05603961
2008-11-06,0.10550166
2008-11-07,0.06685759
2008-11-08,0.10300337
2008-11-09,0.059061296
2008-11-10,0.05824716
2008-11-11,0.13171285
2008-11-12,0.17091914
2008-11-13,0.06532105
2008-11-14,0.054313228
2008-11-15,0.05513754
2008-11-16,0.05384952
2008-11-17,0.053219028
2008-11-18,0.05481356
2008-11-19,0.055461515
2008-11-20,0.050336473
2008-11-21,0.045116216
2008-11-22,0.044801824
2008-11-23,0.048060752
2008-11-24,0.05315875
2008-11-25,0.04804159
2008-11-26,0.046334375
2008-11-27,0.09132893
2008-11-28,0.046973843
2008-11-29,0.04176207
2008-11-30,0.04216549
2008-12-01,0.04382989
2008-12-02,0.041218914
2008-12-03,0.05027789
2008-12-04,0.042724416
2008-12-05,0.04057096
2008-12-06,0.041552473
2008-12-07,0.04216549
2008-12-08,0.057951927
2008-12-09,0.04267032
2008-12-10,0.05737384
2008-12-11,0.03693226
2008-12-12,0.0393545
2008-12-13,0.040413763
2008-12-14,0.041280895
2008-12-15,0.054640595
2008-12-16,0.044904925
2008-12-17,0.039335337
2008-12-18,0.042008296
2008-12-19,0.059038237
2008-12-20,0.0364939
2008-12-21,0.029814351
2008-12-22,0.036815085
2008-12-23,0.036471944
2008-12-24,0.03669112
2008-12-25,0.036980167
2008-12-26,0.031837657
2008-12-27,0.03204895
2008-12-28,0.03045442
2008-12-29,0.030621199
2008-12-30,0.028466046
2008-12-31,0.027783157
2009-01-01,0.027748223
2009-01-02,0.035895552
2009-01-03,0.045381606
2009-01-04,0.028848607
2009-01-05,0.031821888
2009-01-06,0.05109432
2009-01-07,0.031677067
2009-01-08,0.031979088
2009-01-09,0.037243858
2009-01-10,0.032415748
2009-01-11,0.07825208
2009-01-12,0.03206582
2009-01-13,0.049001146
2009-01-14,0.039158978
2009-01-15,0.044960715
2009-01-16,0.062217724
2009-01-17,0.08421211
2009-01-18,0.11896107
2009-01-19,0.04588244
2009-01-20,0.03887163
2009-01-21,0.03520139
2009-01-22,0.71473306
2009-01-23,0.2717844
2009-01-24,0.26655608
2009-01-25,0.15498498
2009-01-26,0.05427879
2009-01-27,0.10340061
2009-01-28,0.07625801
2009-01-29,0.041966576
2009-01-30,0.24248497
2009-01-31,0.04884434
2009-02-01,4.733031
2009-02-02,0.40583467
2009-02-03,0.032603886
2009-02-04,0.041055527
2009-02-05,0.018827284
2009-02-06,0.033908874
2009-02-07,0.14061803
2009-02-08,0.03905298
2009-02-09,0.02936811
2009-02-10,0.03652604
2009-02-11,0.04677443
2009-02-12,1.7670326
2009-02-13,0.28129667
2009-02-14,0.13762099
2009-02-15,0.47852924
2009-02-16,0.063655846
2009-02-17,8.349629
2009-02-18,0.5656519
2009-02-19,0.06512903
2009-02-20,0.032042164
2009-02-21,0.021081049
2009-02-22,0.03681678
2009-02-23,0.029174283
2009-02-24,0.19373454
2009-02-25,0.12369556
2009-02-26,0.046811555
2009-02-27,0.102490656
2009-02-28,0.03412855
2009-03-01,0.028667757
2009-03-02,5.751027
2009-03-03,0.4037108
2009-03-04,0.043463103
2009-03-05,0.4233286
2009-03-06,3.9855707
2009-03-07,0.29587
2009-03-08,0.02383795
2009-03-09,0.025532786
2009-03-10,0.027082805
2009-03-11,0.03233011
2009-03-12,0.6295896
2009-03-13,0.15225482
2009-03-14,0.0454886
2009-03-15,0.049988844
2009-03-16,0.03836171
2009-03-17,0.022910532
2009-03-18,0.064333454
2009-03-19,0.02930892
2009-03-20,0.34354058
2009-03-21,0.09776034
2009-03-22,0.16456077
2009-03-23,0.032539606
2009-03-24,0.99975157
2009-03-25,0.0978821
2009-03-26,0.20693535
2009-03-27,1.2678583
2009-03-28,1.4556922
2009-03-29,0.13921738
2009-03-30,0.035312377
2009-03-31,0.039131377
2009-04-01,0.09254793
2009-04-02,0.020464035
2009-04-03,0.01615153
2009-04-04,0.020531707
2009-04-05,0.017552238
2009-04-06,0.023317348
2009-04-07,0.018270057
2009-04-08,0.027969101
2009-04-09,0.019381717
2009-04-10,0.042686693
2009-04-11,0.017880704
2009-04-12,0.016458042
2009-04-13,0.019462863
2009-04-14,0.03024652
2009-04-15,0.01707725
2009-04-16,0.01781593
2009-04-17,0.014661797
2009-04-18,0.017439554
2009-04-19,0.017903263
2009-04-20,0.045350067
2009-04-21,0.041139465
2009-04-22,0.06085195
2009-04-23,0.10722634
2009-04-24,0.2092516
2009-04-25,0.121389404
2009-04-26,0.13841265
2009-04-27,0.024748392
2009-04-28,0.03227941
2009-04-29,0.08348192
2009-04-30,0.06906066
2009-05-01,0.06928323
2009-05-02,1.4603912
2009-05-03,0.25768772
2009-05-04,0.2498096
2009-05-05,0.08545492
2009-05-06,0.031120937
2009-05-07,0.031313665
2009-05-08,0.022000581
2009-05-09,0.01758717
2009-05-10,0.026304701
2009-05-11,0.024708472
2009-05-12,0.057701208
2009-05-13,0.021811245
2009-05-14,0.06960781
2009-05-15,0.028843516
2009-05-16,0.016508745
2009-05-17,0.018884774
2009-05-18,0.026952654
2009-05-19,0.023385517
2009-05-20,0.014433037
2009-05-21,0.015503578
2009-05-22,0.018867308
2009-05-23,0.02776739
2009-05-24,0.08861654
2009-05-25,0.018624973
2009-05-26,0.017404621
2009-05-27,0.017631685
2009-05-28,0.018717995
2009-05-29,0.015800506
2009-05-30,0.014522066
2009-05-31,0.02151322
2009-06-01,0.014906327
2009-06-02,0.015538511
2009-06-03,0.03244619
2009-06-04,0.010173431
2009-06-05,0.022250202
2009-06-06,0.016605658
2009-06-07,0.022161173
2009-06-08,0.018471768
2009-06-09,0.014136108
2009-06-10,0.016861467
2009-06-11,0.012979932
2009-06-12,0.014347402
2009-06-13,0.02477215
2009-06-14,0.015659079
2009-06-15,0.013943978
2009-06-16,0.017133044
2009-06-17,0.023588927
2009-06-18,0.016658057
2009-06-19,0.014828577
2009-06-20,0.01066758
2009-06-21,0.01203505
2009-06-22,0.036853414
2009-06-23,0.015901912
2009-06-24,0.014452201
2009-06-25,0.015538511
2009-06-26,0.0128926
2009-06-27,0.015433713
2009-06-28,0.0153367985
2009-06-29,0.012875134
2009-06-30,0.015976867
2009-07-01,0.018902242
2009-07-02,0.016904285
2009-07-03,0.014591932
2009-07-04,0.016353244
2009-07-05,0.016747087
2009-07-06,0.020023484
2009-07-07,0.013172063
2009-07-08,0.01787791
2009-07-09,0.013592953
2009-07-10,0.027146485
2009-07-11,0.021790983
2009-07-12,0.019488214
2009-07-13,0.012576508
2009-07-14,0.012139848
2009-07-15,0.010510382
2009-07-16,0.015837137
2009-07-17,0.008582291
2009-07-18,0.015968982
2009-07-19,0.012944999
2009-07-20,0.012989514
2009-07-21,0.010562782
2009-07-22,0.010405584
2009-07-23,0.01203505
2009-07-24,0.011053538
2009-07-25,0.006366853
2009-07-26,0.009057278
2009-07-27,0.010878874
2009-07-28,0.017501535
2009-07-29,0.010588133
2009-07-30,0.010931274
2009-07-31,0.011798405
2009-08-01,0.011036072
2009-08-02,0.017501535
2009-08-03,0.013303909
2009-08-04,0.011105938
2009-08-05,0.009897362
2009-08-06,0.012000117
2009-08-07,0.011053538
2009-08-08,0.014785759
2009-08-09,0.013943978
2009-08-10,0.010615181
2009-08-11,0.008776119
2009-08-12,0.01220183
2009-08-13,0.014601514
2009-08-14,0.009038115
2009-08-15,0.007856587
2009-08-16,0.012421007
2009-08-17,0.011903203
2009-08-18,0.015381313
2009-08-19,0.02103993
2009-08-20,0.013785083
2009-08-21,0.011938136
2009-08-22,0.01239396
2009-08-23,0.015416246
2009-08-24,0.04358087
2009-08-25,0.009531665
2009-08-26,0.008040833
2009-08-27,0.010537431
2009-08-28,0.012324094
2009-08-29,0.012157315
2009-08-30,0.019744022
2009-08-31,0.009913132
2009-09-01,0.012779918
2009-09-02,0.013550135
2009-09-03,0.0062524728
2009-09-04,0.0068671904
2009-09-05,0.011282298
2009-09-06,0.008302829
2009-09-07,0.008636388
2009-09-08,0.012744985
2009-09-09,0.0078470055
2009-09-10,0.010502498
2009-09-11,0.00933674
2009-09-12,0.0054473216
2009-09-13,0.0062891026
2009-09-14,0.003643192
2009-09-15,0.0050979936
2009-09-16,0.00547437
2009-09-17,0.0008750168
2009-09-18,0.0038370192
2009-09-19,0.0064908145
2009-09-20,0.0118079875
2009-09-21,0.008066184
2009-09-22,0.021111492
2009-09-23,0.0037716448
2009-09-24,0.0047740173
2009-09-25,0.003012705
2009-09-26,0.0007178192
2009-09-27,0.0016643984
2009-09-28,0.00091953116
2009-09-29,0.0011387096
2009-09-30,0.0019709088
2009-10-01,0.0031096186
2009-10-02,0.0064384155
2009-10-03,0.0012164599
2009-10-04,5.239919e-05
2009-10-05,0.0027157762
2009-10-06,0.0034335952
2009-10-07,0.00211064
2009-10-08,0.015873767
2009-10-09,0.006444603
2009-10-10,0.0033366818
2009-10-11,0.003179484
2009-10-12,0.02626358
2009-10-13,0.059522808
2009-10-14,0.006164541
2009-10-15,0.0036877065
2009-10-16,0.009460703
2009-10-17,0.0064327763
2009-10-18,0.0020049931
2009-10-19,0.00010479838
2009-10-20,0.0019010432
2009-10-21,0.0052822395
2009-10-22,0.0054918365
2009-10-23,0.001418172
2009-10-24,0.00414353
2009-10-25,0.001619884
2009-10-26,0.003617841
2009-10-27,0.00511546
2009-10-28,0.0019438608
2009-10-29,0.00037637597
2009-10-30,0.0013753545
2009-10-31,0.0017167976
2009-11-01,0.0011911088
2009-11-02,0.0052298405
2009-11-03,0.004133948
2009-11-04,0.0024171504
2009-11-05,0.004756551
2009-11-06,0.00355586
2009-11-07,0.0067274594
2009-11-08,0.0017770815
2009-11-09,0.0011736425
2009-11-10,0.001156176
2009-11-11,6.9865586e-05
2009-11-12,0.0008147328
2009-11-13,0.013088124
2009-11-14,0.0013815422
2009-11-15,3.4932804e-05
2009-11-16,0.004345242
2009-11-17,0.0048962818
2009-11-18,0.0087158345
2009-11-19,0.026069753
2009-11-20,0.0016418413
2009-11-21,0.054315526
2009-11-22,0.0062090554
2009-11-23,0.03955342
2009-11-24,0.00796418
2009-11-25,0.04597437
2009-11-26,0.0072795963
2009-11-27,0.001908928
2009-11-28,0.05686452
2009-11-29,0.016686201
2009-11-30,0.008985716
2009-12-01,0.0043260786
2009-12-02,0.0048613492
2009-12-03,0.0046421704
2009-12-04,0.015759386
2009-12-05,0.0042545157
2009-12-06,0.031712603
2009-12-07,0.03868908
2009-12-08,0.0096905595
2009-12-09,0.020839915
2009-12-10,0.0056552216
2009-12-11,0.0057110144
2009-12-12,0.0041514146
2009-12-13,0.008391858
2009-12-14,0.0035113457
2009-12-15,0.0056236824
2009-12-16,0.012027166
2009-12-17,0.07190439
2009-12-18,0.046127573
2009-12-19,0.13275804
2009-12-20,0.04095572
2009-12-21,0.043647345
2009-12-22,0.023312258
2009-12-23,0.026041009
2009-12-24,0.007835727
2009-12-25,0.013980608
2009-12-26,0.018254288
2009-12-27,0.03886714
2009-12-28,6.5268083
2009-12-29,0.42830318
2009-12-30,0.013323078
2009-12-31,0.006795628
2010-01-01,0.0069021233
2010-01-02,0.015627539
2010-01-03,0.022704327
2010-01-04,0.041047644
2010-01-05,0.028621543
2010-01-06,0.03317978
2010-01-07,0.03733119
2010-01-08,0.058758777
2010-01-09,0.09949991
2010-01-10,0.0539633
2010-01-11,0.0878063
2010-01-12,5.7580066
2010-01-13,0.43488026
2010-01-14,0.14919692
2010-01-15,0.344997
2010-01-16,0.046302028
2010-01-17,0.030648246
2010-01-18,0.035001375
2010-01-19,0.18001424
2010-01-20,0.050819244
2010-01-21,0.09595533
2010-01-22,0.073902845
2010-01-23,0.044831663
2010-01-24,0.027859211
2010-01-25,0.047249414
2010-01-26,0.07110034
2010-01-27,0.082326844
2010-01-28,0.23395278
2010-01-29,0.044869285
2010-01-30,0.04294699
2010-01-31,0.037942514
2010-02-01,0.05577142
2010-02-02,0.030327065
2010-02-03,0.029973246
2010-02-04,0.032776352
2010-02-05,0.034580484
2010-02-06,17.863213
2010-02-07,26.972775
2010-02-08,1.7377188
2010-02-09,0.11112986
2010-02-10,0.09319104
2010-02-11,0.4088471
2010-02-12,1.4422148
2010-02-13,0.1682153
2010-02-14,0.043524478
2010-02-15,1.9135718
2010-02-16,1.0728896
2010-02-17,3.6899173
2010-02-18,0.2695058
2010-02-19,0.42408308
2010-02-20,12.681828
2010-02-21,0.8747151
2010-02-22,0.05578381
2010-02-23,0.76239544
2010-02-24,2.0022764
2010-02-25,0.7163171
2010-02-26,0.14933623
2010-02-27,1.995381
2010-02-28,0.5585936
2010-03-01,0.15805896
2010-03-02,2.2288024
2010-03-03,0.22047646
2010-03-04,0.085653946
2010-03-05,0.19800761
2010-03-06,0.2907682
2010-03-07,0.47089455
2010-03-08,17.462515
2010-03-09,1.2917712
2010-03-10,0.41942164
2010-03-11,0.47898933
2010-03-12,0.29689202
2010-03-13,0.311612
2010-03-14,0.5514973
2010-03-15,0.2938798
2010-03-16,0.3415047
2010-03-17,0.3742123
2010-03-18,0.33965486
2010-03-19,0.3720763
2010-03-20,0.33058798
2010-03-21,0.47958776
2010-03-22,0.39592883
2010-03-23,0.37498358
2010-03-24,0.35962933
2010-03-25,0.38776243
2010-03-26,0.71579605
2010-03-27,0.37340233
2010-03-28,0.36116698
2010-03-29,0.38197982
2010-03-30,0.44790784
2010-03-31,0.55417806
2010-04-01,4.0879955
2010-04-02,0.68168366
2010-04-03,1.2605784
2010-04-04,0.45302317
2010-04-05,0.4384612
2010-04-06,12.621337
2010-04-07,2.357471
2010-04-08,0.90963954
2010-04-09,1.1308085
2010-04-10,1.205114
2010-04-11,1.1759211
2010-04-12,1.6151214
2010-04-13,1.6348138
2010-04-14,1.2768587
2010-04-15,1.2595761
2010-04-16,2.0285075
2010-04-17,1.3829702
2010-04-18,1.3855283
2010-04-19,1.4732996
2010-04-20,7.086555
2010-04-21,1.8595095
2010-04-22,1.7670993
2010-04-23,1.6441345
2010-04-24,1.9748656
2010-04-25,1.7327427
2010-04-26,1.8032131
2010-04-27,1.7553366
2010-04-28,1.7950766
2010-04-29,2.1878393
2010-04-30,2.0146692
2010-05-01,3.9838924
2010-05-02,3.2542632
2010-05-03,4.2281466
2010-05-04,9.19929
2010-05-05,3.79424
2010-05-06,3.7543936
2010-05-07,15.738759
2010-05-08,4.7127404
2010-05-09,4.410644
2010-05-10,4.8047338
2010-05-11,9.895286
2010-05-12,10.443325
2010-05-13,6.6299973
2010-05-14,6.389801
2010-05-15,6.281554
2010-05-16,6.1235704
2010-05-17,5.9085464
2010-05-18,5.673734
2010-05-19,5.393064
2010-05-20,5.1220045
2010-05-21,4.859624
2010-05-22,4.5996513
2010-05-23,4.360984
2010-05-24,4.1250362
2010-05-25,3.8986816
2010-05-26,3.6946647
2010-05-27,3.5007353
2010-05-28,3.3125248
2010-05-29,3.1561491
2010-05-30,3.0050585
2010-05-31,2.8544493
2010-06-01,2.714992
2010-06-02,2.5930886
2010-06-03,2.4641209
2010-06-04,2.3482082
2010-06-05,2.2407727
2010-06-06,2.1468623
2010-06-07,2.062209
2010-06-08,1.974295
2010-06-09,1.8923829
2010-06-10,1.8211925
2010-06-11,1.7650594
2010-06-12,1.6845951
2010-06-13,1.6484033
2010-06-14,1.5657362
2010-06-15,1.5092205
2010-06-16,1.4532332
2010-06-17,1.4015039
2010-06-18,1.3633614
2010-06-19,1.3173842
2010-06-20,1.3235343
2010-06-21,1.2540436
2010-06-22,1.2039121
2010-06-23,1.1708328
2010-06-24,1.1395636
2010-06-25,1.1213826
2010-06-26,1.0679201
2010-06-27,1.0441808
2010-06-28,1.0216877
2010-06-29,0.9904519
2010-06-30,0.9817411
2010-07-01,0.9424688
2010-07-02,0.91607225
2010-07-03,0.89362377
2010-07-04,0.8727253
2010-07-05,0.86141926
2010-07-06,0.86946356
2010-07-07,0.8146206
2010-07-08,0.7961207
2010-07-09,0.77696437
2010-07-10,0.76031417
2010-07-11,0.7824027
2010-07-12,0.7279424
2010-07-13,0.7047907
2010-07-14,0.69864476
2010-07-15,0.6869241
2010-07-16,0.6628348
2010-07-17,0.64829695
2010-07-18,0.634966
2010-07-19,0.6325331
2010-07-20,0.6183063
2010-07-21,0.59404236
2010-07-22,0.58222026
2010-07-23,0.5728661
2010-07-24,0.56090087
2010-07-25,0.5588094
2010-07-26,0.5361811
2010-07-27,0.52223885
2010-07-28,0.5122017
2010-07-29,0.50128794
2010-07-30,0.4930201
2010-07-31,0.48058158
2010-08-01,0.47275203
2010-08-02,0.4617064
2010-08-03,0.45423576
2010-08-04,0.44700965
2010-08-05,0.4430425
2010-08-06,0.44009966
2010-08-07,0.42254403
2010-08-08,0.41273567
2010-08-09,0.4010421
2010-08-10,0.40277013
2010-08-11,0.38934848
2010-08-12,0.38385835
2010-08-13,0.37242672
2010-08-14,0.3668222
2010-08-15,0.35971835
2010-08-16,0.3568375
2010-08-17,0.3431014
2010-08-18,0.33543867
2010-08-19,0.33473042
2010-08-20,0.3303677
2010-08-21,0.3224841
2010-08-22,0.31221825
2010-08-23,0.30778736
2010-08-24,0.30319756
2010-08-25,0.29802972
2010-08-26,0.29174063
2010-08-27,0.28592482
2010-08-28,0.27797133
2010-08-29,0.27748224
2010-08-30,0.2758528
2010-08-31,0.26868698
2010-09-01,0.26198655
2010-09-02,0.26402903
2010-09-03,0.25386629
2010-09-04,0.24994361
2010-09-05,0.24756141
2010-09-06,0.24036065
2010-09-07,0.23936337
2010-09-08,0.23715581
2010-09-09,0.24679288
2010-09-10,0.22976913
2010-09-11,0.22293068
2010-09-12,0.22202073
2010-09-13,0.21411005
2010-09-14,0.2089867
2010-09-15,0.20651716
2010-09-16,0.20637743
2010-09-17,0.2006743
2010-09-18,0.19569068
2010-09-19,0.19430745
2010-09-20,0.19179337
2010-09-21,0.18674779
2010-09-22,0.1861618
2010-09-23,0.18071279
2010-09-24,0.18144977
2010-09-25,0.1771744
2010-09-26,0.17445074
2010-09-27,0.1675041
2010-09-28,0.17086951
2010-09-29,0.16839828
2010-09-30,0.16876677
2010-10-01,0.16961645
2010-10-02,0.16260782
2010-10-03,0.15753688
2010-10-04,0.15126523
2010-10-05,0.15142412
2010-10-06,0.15390326
2010-10-07,0.14890048
2010-10-08,0.14693916
2010-10-09,0.1427607
2010-10-10,0.13923977
2010-10-11,0.14527646
2010-10-12,0.14839396
2010-10-13,0.15155597
2010-10-14,0.13816923
2010-10-15,0.13702433
2010-10-16,0.13917948
2010-10-17,0.13171504
2010-10-18,0.1431754
2010-10-19,0.12737769
2010-10-20,0.1314722
2010-10-21,0.1326188
2010-10-22,0.12316599
2010-10-23,0.12119677
2010-10-24,0.12002313
2010-10-25,0.119681686
2010-10-26,0.11314636
2010-10-27,0.111369275
2010-10-28,0.11209668
2010-10-29,0.11296381
2010-10-30,0.11165832
2010-10-31,0.10858364
2010-11-01,0.108663075
2010-11-02,0.10297742
2010-11-03,0.10451167
2010-11-04,0.100831844
2010-11-05,0.0984147
2010-11-06,0.10316337
2010-11-07,0.09831778
2010-11-08,0.09852908
2010-11-09,0.09666296
2010-11-10,0.11555114
2010-11-11,0.13822842
2010-11-12,0.1233136
2010-11-13,0.14942338
2010-11-14,0.0968545
2010-11-15,0.09091702
2010-11-16,0.10135135
2010-11-17,0.09714414
2010-11-18,0.09465712
2010-11-19,0.096690014
2010-11-20,0.09221292
2010-11-21,0.08920022
2010-11-22,0.10016024
2010-11-23,0.097889006
2010-11-24,0.08411799
2010-11-25,0.083244674
2010-11-26,0.07672682
2010-11-27,0.08228233
2010-11-28,0.0813087
2010-11-29,0.081492946
2010-11-30,0.07825148
2010-12-01,0.07315349
2010-12-02,0.071209624
2010-12-03,0.07056167
2010-12-04,0.07188463
2010-12-05,0.07278669
2010-12-06,0.07202436
2010-12-07,0.09912972
2010-12-08,0.08240908
2010-12-09,0.079048745
2010-12-10,0.07592166
2010-12-11,0.23460244
2010-12-12,0.11419145
2010-12-13,0.13321945
2010-12-14,0.092617445
2010-12-15,0.07658538
2010-12-16,0.19712472
2010-12-17,0.15794928
2010-12-18,0.13700347
2010-12-19,0.118741296
2010-12-20,0.08124951
2010-12-21,0.085426874
2010-12-22,0.12536061
2010-12-23,0.54273677
2010-12-24,4.0567446
2010-12-25,0.6133752
2010-12-26,0.12057906
2010-12-27,0.10622846
2010-12-28,0.15389428
2010-12-29,0.1545067
2010-12-30,0.36346427
2010-12-31,0.27425706
2011-01-01,0.08624091
2011-01-02,0.071314424
2011-01-03,0.20227683
2011-01-04,0.11674723
2011-01-05,0.083817676
2011-01-06,0.08670532
2011-01-07,0.07804019
2011-01-08,0.07121751
2011-01-09,0.102047205
2011-01-10,0.1665187
2011-01-11,0.12599725
2011-01-12,0.09108659
2011-01-13,0.0702867
2011-01-14,0.13534646
2011-01-15,0.6034628
2011-01-16,0.12951896
2011-01-17,0.10961136
2011-01-18,0.06424662
2011-01-19,0.38146734
2011-01-20,0.26491353
2011-01-21,48.23598
2011-01-22,3.2919285
2011-01-23,7.8649282
2011-01-24,4.5520906
2011-01-25,0.5679817
2011-01-26,0.2310768
2011-01-27,3.9020371
2011-01-28,3.376757
2011-01-29,6.804772
2011-01-30,1.3211906
2011-01-31,0.8191602
2011-02-01,0.8156394
2011-02-02,1.8411767
2011-02-03,1.1314867
2011-02-04,1.2469934
2011-02-05,1.1745278
2011-02-06,1.1520736
2011-02-07,1.2468402
2011-02-08,1.2929277
2011-02-09,1.3050004
2011-02-10,1.2684057
2011-02-11,1.2939852
2011-02-12,1.5801262
2011-02-13,1.380065
2011-02-14,17.233759
2011-02-15,2.7738183
2011-02-16,1.981882
2011-02-17,2.0009565
2011-02-18,2.2376132
2011-02-19,2.295175
2011-02-20,2.23598
2011-02-21,2.417757
2011-02-22,2.2328103
2011-02-23,2.1810398
2011-02-24,2.1663036
2011-02-25,2.1675546
2011-02-26,2.1259983
2011-02-27,2.10485
2011-02-28,2.0732458
2011-03-01,2.0346265
2011-03-02,2.0091844
2011-03-03,1.9715799
2011-03-04,1.9372108
2011-03-05,1.8859942
2011-03-06,1.8510581
2011-03-07,1.8001305
2011-03-08,1.7486458
2011-03-09,1.7213664
2011-03-10,1.874611
2011-03-11,1.6450355
2011-03-12,1.6062745
2011-03-13,1.549099
2011-03-14,1.5438888
2011-03-15,1.5120095
2011-03-16,1.4678714
2011-03-17,1.4100338
2011-03-18,1.407303
2011-03-19,1.3769386
2011-03-20,5.6756854
2011-03-21,1.561145
2011-03-22,1.2388088
2011-03-23,1.1816541
2011-03-24,1.1447394
2011-03-25,1.1151617
2011-03-26,1.1207302
2011-03-27,1.0845388
2011-03-28,1.0539367
2011-03-29,1.0195309
2011-03-30,1.1065124
2011-03-31,1.0595553
2011-04-01,0.97061986
2011-04-02,0.93741703
2011-04-03,0.9519301
2011-04-04,1.0292914
2011-04-05,0.91660637
2011-04-06,0.9519527
2011-04-07,0.9924617
2011-04-08,1.0497482
2011-04-09,0.8392732
2011-04-10,0.8418044
2011-04-11,0.78989464
2011-04-12,0.8109307
2011-04-13,0.74270725
2011-04-14,0.7208375
2011-04-15,0.709128
2011-04-16,0.77960026
2011-04-17,0.70650524
2011-04-18,0.7324696
2011-04-19,0.8094163
2011-04-20,0.7007175
2011-04-21,0.89682823
2011-04-22,0.7089431
2011-04-23,0.62377834
2011-04-24,0.61424387
2011-04-25,0.59519064
2011-04-26,0.6249453
2011-04-27,0.5707199
2011-04-28,0.557056
2011-04-29,0.5498918
2011-04-30,0.5464853
2011-05-01,0.54059005
2011-05-02,0.5299033
2011-05-03,0.51131546
2011-05-04,0.50554585
2011-05-05,0.4971016
2011-05-06,0.4846282
2011-05-07,0.4846744
2011-05-08,0.47685105
2011-05-09,0.47091296
2011-05-10,0.45263952
2011-05-11,0.4460552
2011-05-12,0.45086583
2011-05-13,0.43110096
2011-05-14,0.529749
2011-05-15,0.4457413
2011-05-16,0.41032302
2011-05-17,0.40054342
2011-05-18,0.39623484
2011-05-19,0.39517555
2011-05-20,0.3842601
2011-05-21,0.37704355
2011-05-22,0.37092122
2011-05-23,0.35588923
2011-05-24,0.35168713
2011-05-25,0.3468607
2011-05-26,0.34439114
2011-05-27,0.3434367
2011-05-28,0.32763278
2011-05-29,0.3184724
2011-05-30,0.30925792
2011-05-31,0.3100569
2011-06-01,0.29982427
2011-06-02,0.2983458
2011-06-03,0.2923187
2011-06-04,0.31990695
2011-06-05,0.28042617
2011-06-06,0.27451238
2011-06-07,0.26642704
2011-06-08,0.26483417
2011-06-09,0.2653075
2011-06-10,0.25230667
2011-06-11,0.25038198
2011-06-12,0.24623844
2011-06-13,0.24190278
2011-06-14,0.23756714
2011-06-15,0.2329599
2011-06-16,0.22263205
2011-06-17,0.22144265
2011-06-18,0.21869195
2011-06-19,0.21362887
2011-06-20,0.21358605
2011-06-21,0.20681408
2011-06-22,0.20800689
2011-06-23,0.2053959
2011-06-24,0.1949013
2011-06-25,0.1926081
2011-06-26,0.18924437
2011-06-27,0.18306008
2011-06-28,0.19082314
2011-06-29,0.18238507
2011-06-30,0.17338978
2011-07-01,0.19457452
2011-07-02,0.17370246
2011-07-03,0.16846815
2011-07-04,0.15953313
2011-07-05,0.1638626
2011-07-06,0.15494336
2011-07-07,0.16222525
2011-07-08,0.14969605
2011-07-09,0.14396927
2011-07-10,0.14012437
2011-07-11,0.13881099
2011-07-12,0.14254321
2011-07-13,0.13817093
2011-07-14,0.13434349
2011-07-15,0.1294996
2011-07-16,0.12567216
2011-07-17,0.124358796
2011-07-18,0.13515203
2011-07-19,0.12770335
2011-07-20,0.18149489
2011-07-21,0.1361042
2011-07-22,0.123726614
2011-07-23,0.11362754
2011-07-24,0.11518883
2011-07-25,0.11560014
2011-07-26,0.10909974
2011-07-27,0.10705108
2011-07-28,0.10721786
2011-07-29,0.103704825
2011-07-30,0.10347776
2011-07-31,0.12031557
2011-08-01,0.1067333
2011-08-02,0.098185934
2011-08-03,0.09579583
2011-08-04,0.092957795
2011-08-05,0.087351575
2011-08-06,0.08401489
2011-08-07,0.084909074
2011-08-08,0.08443578
2011-08-09,0.08331454
2011-08-10,0.083244674
2011-08-11,0.08487414
2011-08-12,0.08280632
2011-08-13,0.082938164
2011-08-14,0.08241248
2011-08-15,0.081019655
2011-08-16,0.073599726
2011-08-17,0.07394287
2011-08-18,0.07399526
2011-08-19,0.07698262
2011-08-20,0.075002134
2011-08-21,0.07187504
2011-08-22,0.074127115
2011-08-23,0.066951714
2011-08-24,0.12649877
2011-08-25,0.073055975
2011-08-26,0.06556848
2011-08-27,0.06912603
2011-08-28,0.09571359
2011-08-29,0.06671956
2011-08-30,0.056598533
2011-08-31,0.058790315
2011-09-01,0.05760709
2011-09-02,0.0594208
2011-09-03,0.05574098
2011-09-04,0.055496447
2011-09-05,0.055496447
2011-09-06,0.055496447
2011-09-07,0.05603961
2011-09-08,0.05553138
2011-09-09,0.055496447
2011-09-10,0.05603961
2011-09-11,0.05471665
2011-09-12,0.054086164
2011-09-13,0.055409115
2011-09-14,0.054410137
2011-09-15,0.04999503
2011-09-16,0.048900835
2011-09-17,0.045861084
2011-09-18,0.062778346
2011-09-19,0.046769336
2011-09-20,0.047841575
2011-09-21,0.0577581
2011-09-22,0.046437476
2011-09-23,0.04295318
2011-09-24,0.047123756
2011-09-25,0.044415865
2011-09-26,0.07219622
2011-09-27,0.05878692
2011-09-28,0.042600457
2011-09-29,0.041893914
2011-09-30,0.04001034
2011-10-01,0.04369016
2011-10-02,0.10042283
2011-10-03,0.05951712
2011-10-04,0.04035797
2011-10-05,0.063751966
2011-10-06,0.04223985
2011-10-07,0.039397318
2011-10-08,0.03903841
2011-10-09,0.04037883
2011-10-10,0.041280895
2011-10-11,0.037802782
2011-10-12,0.031329434
2011-10-13,0.03445822
2011-10-14,0.03278424
2011-10-15,0.030217774
2011-10-16,0.028431112
2011-10-17,0.029955778
2011-10-18,0.030603733
2011-10-19,0.029823933
2011-10-20,0.030857844
2011-10-21,0.03798873
2011-10-22,0.033554457
2011-10-23,0.028894821
2011-10-24,0.028072203
2011-10-25,0.02776569
2011-10-26,0.03399451
2011-10-27,0.029236263
2011-10-28,0.028361248
2011-10-29,0.057385117
2011-10-30,0.034268882
2011-10-31,0.030217774
2011-11-01,0.027887955
2011-11-02,0.027748223
2011-11-03,0.029649269
2011-11-04,0.024611559
2011-11-05,0.027538627
2011-11-06,0.030464001
2011-11-07,0.026565
2011-11-08,0.1088626
2011-11-09,0.042204317
2011-11-10,0.027255772
2011-11-11,0.026592048
2011-11-12,0.037455156
2011-11-13,0.038153812
2011-11-14,0.029463327
2011-11-15,0.026188625
2011-11-16,0.025742384
2011-11-17,0.025996495
2011-11-18,0.026285538
2011-11-19,0.02575985
2011-11-20,0.02545334
2011-11-21,0.025164295
2011-11-22,0.021073164
2011-11-23,0.023526944
2011-11-24,0.024516342
2011-11-25,0.020766655
2011-11-26,0.016720038
2011-11-27,0.017018665
2011-11-28,0.015695708
2011-11-29,0.01615153
2011-11-30,0.01781593
2011-12-01,0.01656284
2011-12-02,0.018648129
2011-12-03,0.023676258
2011-12-04,0.028335895
2011-12-05,0.025356427
2011-12-06,0.015370036
2011-12-07,0.015691767
2011-12-08,0.021863395
2011-12-09,0.01981219
2011-12-10,0.020741303
2011-12-11,0.025699565
2011-12-12,0.018952943
2011-12-13,0.016054617
2011-12-14,0.02051424
2011-12-15,0.020811168
2011-12-16,0.017009083
2011-12-17,0.016764553
2011-12-18,0.04663809
2011-12-19,0.0181427
2011-12-20,0.018359086
2011-12-21,0.05706284
2011-12-22,0.052482046
2011-12-23,0.021339651
2011-12-24,0.023711191
2011-12-25,0.017744368
2011-12-26,0.02440366
2011-12-27,0.030832492
2011-12-28,0.028772555
2011-12-29,0.014764898
2011-12-30,0.021478286
2011-12-31,0.032015715
2012-01-01,0.02723042
2012-01-02,0.02715267
2012-01-03,0.08637406
2012-01-04,0.04184092
2012-01-05,0.07783908
2012-01-06,0.6571851
2012-01-07,0.21087556
2012-01-08,0.031775575
2012-01-09,0.06842458
2012-01-10,0.028484607
2012-01-11,0.023552297
2012-01-12,0.043780886
2012-01-13,0.054324504
2012-01-14,0.051116277
2012-01-15,0.0829179
2012-01-16,2.591369
2012-01-17,0.201366
2012-01-18,2.3609047
2012-01-19,0.254352
2012-01-20,0.09214924
2012-01-21,5.5823483
2012-01-22,21.992817
2012-01-23,2.9255326
2012-01-24,19.184326
2012-01-25,1.3515968
2012-01-26,0.04763249
2012-01-27,0.060124546
2012-01-28,0.5017762
2012-01-29,1.5623733
2012-01-30,7.9070945
2012-01-31,0.7230039
2012-02-01,0.108980775
2012-02-02,0.3781571
2012-02-03,4.6247253
2012-02-04,0.5280971
2012-02-05,2.097391
2012-02-06,0.33951658
2012-02-07,16.92083
2012-02-08,1.4526774
2012-02-09,13.415527
2012-02-10,12.267835
2012-02-11,6.8454604
2012-02-12,6.2262964
2012-02-13,8.968691
2012-02-14,9.555758
2012-02-15,9.369453
2012-02-16,11.464577
2012-02-17,20.3632
2012-02-18,196.37843
2012-02-19,38.834663
2012-02-20,15.16734
2012-02-21,11.882891
2012-02-22,11.69001
2012-02-23,11.709782
2012-02-24,8.21029
2012-02-25,10.388592
2012-02-26,9.135039
2012-02-27,6.621732
2012-02-28,6.2320867
2012-02-29,19.091728
2012-03-01,7.668891
2012-03-02,7.0450144
2012-03-03,6.9154305
2012-03-04,6.7630243
2012-03-05,6.5346394
2012-03-06,6.410012
2012-03-07,6.1191044
2012-03-08,5.731778
2012-03-09,5.429946
2012-03-10,5.2208695
2012-03-11,6.5756946
2012-03-12,6.481663
2012-03-13,4.638442
2012-03-14,4.523636
2012-03-15,4.287555
2012-03-16,4.227006
2012-03-17,28.095219
2012-03-18,33.69518
2012-03-19,16.597633
2012-03-20,17.022943
2012-03-21,12.496047
2012-03-22,11.7843685
2012-03-23,10.946529
2012-03-24,10.004941
2012-03-25,8.996131
2012-03-26,8.244986
2012-03-27,7.340933
2012-03-28,6.6289682
2012-03-29,6.0506406
2012-03-30,5.6370397
2012-03-31,5.066514
2012-04-01,4.657427
2012-04-02,4.3742905
2012-04-03,4.015168
2012-04-04,3.8024955
2012-04-05,3.7160935
2012-04-06,3.5747216
2012-04-07,3.168618
2012-04-08,2.986636
2012-04-09,3.1892207
2012-04-10,2.6993916
2012-04-11,2.6121504
2012-04-12,2.4516504
2012-04-13,2.6728032
2012-04-14,2.2885923
2012-04-15,4.965666
2012-04-16,2.2564235
2012-04-17,2.024289
2012-04-18,1.9699566
2012-04-19,2.522575
2012-04-20,1.8693361
2012-04-21,1.7826579
2012-04-22,1.7152976
2012-04-23,3.4304984
2012-04-24,1.7760953
2012-04-25,5.5477705
2012-04-26,1.8695462
2012-04-27,3.7634618
2012-04-28,1.6764808
2012-04-29,1.4714588
2012-04-30,1.4704638
2012-05-01,1.4858643
2012-05-02,2.8873682
2012-05-03,1.4851234
2012-05-04,1.4103286
2012-05-05,3.103348
2012-05-06,1.4710621
2012-05-07,1.3476787
2012-05-08,1.3548208
2012-05-09,1.3333296
2012-05-10,1.3734661
2012-05-11,1.3715217
2012-05-12,1.5545398
2012-05-13,1.2944803
2012-05-14,1.3218067
2012-05-15,1.2448449
2012-05-16,1.2348213
2012-05-17,3.8256288
2012-05-18,1.4837135
2012-05-19,1.4350811
2012-05-20,1.2557558
2012-05-21,1.4841026
2012-05-22,1.3857692
2012-05-23,8.3756485
2012-05-24,1.8186958
2012-05-25,1.473689
2012-05-26,2.0706215
2012-05-27,1.3332219
2012-05-28,1.3566813
2012-05-29,1.4697568
2012-05-30,1.5448918
2012-05-31,1.504194
2012-06-01,1.5360566
2012-06-02,1.6485528
2012-06-03,1.5706402
2012-06-04,1.5706048
2012-06-05,1.5777436
2012-06-06,1.5754646
2012-06-07,1.5752898
2012-06-08,1.5524774
2012-06-09,1.5558985
2012-06-10,1.563274
2012-06-11,1.5371135
2012-06-12,1.5362166
2012-06-13,1.4849408
2012-06-14,1.4740354
2012-06-15,1.4534496
2012-06-16,1.4410225
2012-06-17,1.4487252
2012-06-18,1.4096164
2012-06-19,1.4054368
2012-06-20,1.5384051
2012-06-21,1.530669
2012-06-22,1.3905731
2012-06-23,1.3265002
2012-06-24,1.3550006
2012-06-25,1.311165
2012-06-26,1.2682914
2012-06-27,1.2342207
2012-06-28,1.2289357
2012-06-29,1.2186778
2012-06-30,1.1908737
2012-07-01,1.1521925
2012-07-02,1.140855
2012-07-03,1.147068
2012-07-04,1.1170881
2012-07-05,1.0779257
2012-07-06,1.0513624
2012-07-07,1.0302542
2012-07-08,1.0186766
2012-07-09,0.99167
2012-07-10,0.9693358
2012-07-11,0.94845486
2012-07-12,0.93307525
2012-07-13,0.9126134
2012-07-14,0.9072821
2012-07-15,0.906477
2012-07-16,0.87765473
2012-07-17,0.86113816
2012-07-18,0.83330876
2012-07-19,0.82533336
2012-07-20,0.9188975
2012-07-21,0.794312
2012-07-22,0.77423286
2012-07-23,0.76370496
2012-07-24,0.7489541
2012-07-25,0.73582494
2012-07-26,0.719559
2012-07-27,0.7022687
2012-07-28,0.6898145
2012-07-29,0.6760452
2012-07-30,0.66271424
2012-07-31,0.64941823
2012-08-01,0.6363938
2012-08-02,0.6255594
2012-08-03,0.61296374
2012-08-04,0.6105658
2012-08-05,0.5985115
2012-08-06,0.5819915
2012-08-07,0.56739956
2012-08-08,0.55647784
2012-08-09,0.5482274
2012-08-10,0.53253007
2012-08-11,0.526392
2012-08-12,0.515197
2012-08-13,0.50988156
2012-08-14,0.5055109
2012-08-15,0.49004057
2012-08-16,0.47928566
2012-08-17,0.4710527
2012-08-18,0.46133003
2012-08-19,0.4542183
2012-08-20,0.44619495
2012-08-21,0.43973115
2012-08-22,0.43282905
2012-08-23,0.41747305
2012-08-24,0.41243875
2012-08-25,0.4056589
2012-08-26,0.3954629
2012-08-27,0.38885942
2012-08-28,0.38630253
2012-08-29,0.39159435
2012-08-30,0.37673533
2012-08-31,0.36516568
2012-09-01,0.35878137
2012-09-02,0.35379773
2012-09-03,0.3477977
2012-09-04,0.34064147
2012-09-05,0.33341536
2012-09-06,0.3329787
2012-09-07,0.32646084
2012-09-08,0.32386902
2012-09-09,0.31693983
2012-09-10,0.31134322
2012-09-11,0.3055798
2012-09-12,0.303601
2012-09-13,0.29426256
2012-09-14,0.29095292
2012-09-15,0.28643304
2012-09-16,0.27882096
2012-09-17,0.27753466
2012-09-18,0.27530962
2012-09-19,0.2678373
2012-09-20,0.26600784
2012-09-21,0.26347628
2012-09-22,0.25897387
2012-09-23,0.2535344
2012-09-24,0.2515731
2012-09-25,0.2552704
2012-09-26,0.24845389
2012-09-27,0.2428398
2012-09-28,0.24250793
2012-09-29,0.2330027
2012-09-30,0.23076192
2012-10-01,0.22413926
2012-10-02,0.22507796
2012-10-03,0.22217792
2012-10-04,0.22062792
2012-10-05,0.21809638
2012-10-06,0.21277921
2012-10-07,0.21815048
2012-10-08,0.20575313
2012-10-09,0.19977224
2012-10-10,0.19590987
2012-10-11,0.19758382
2012-10-12,0.19987872
2012-10-13,0.20762263
2012-10-14,0.19317491
2012-10-15,0.18651113
2012-10-16,0.18532962
2012-10-17,0.18120354
2012-10-18,0.18121313
2012-10-19,0.18123059
2012-10-20,0.17824325
2012-10-21,0.1720764
2012-10-22,0.16897637
2012-10-23,0.16662908
2012-10-24,0.16648935
2012-10-25,0.16187254
2012-10-26,0.1566872
2012-10-27,0.15800227
2012-10-28,0.1564776
2012-10-29,0.15610124
2012-10-30,0.153368
2012-10-31,0.14857651
2012-11-01,0.14746484
2012-11-02,0.1661513
2012-11-03,0.14318606
2012-11-04,0.1448905
2012-11-05,0.24531224
2012-11-06,0.14991572
2012-11-07,0.17867091
2012-11-08,0.17578158
2012-11-09,0.1732771
2012-11-10,0.768164
2012-11-11,0.18913688
2012-11-12,0.13286951
2012-11-13,0.1557029
2012-11-14,0.12899587
2012-11-15,0.12609304
2012-11-16,0.13960207
2012-11-17,0.16899104
2012-11-18,0.12411366
2012-11-19,0.120294705
2012-11-20,0.11562549
2012-11-21,0.13868424
2012-11-22,0.13095272
2012-11-23,0.115150504
2012-11-24,0.11525869
2012-11-25,0.1500905
2012-11-26,0.18138501
2012-11-27,0.14468989
2012-11-28,0.1487275
2012-11-29,0.12932155
2012-11-30,0.13402121
2012-12-01,0.14689805
2012-12-02,0.11022378
2012-12-03,0.11487444
2012-12-04,0.102021255
2012-12-05,0.20110595
2012-12-06,0.10650672
2012-12-07,0.10625552
2012-12-08,0.14929493
2012-12-09,0.13031094
2012-12-10,0.11560632
2012-12-11,0.09764108
2012-12-12,0.10984801
2012-12-13,0.10119864
2012-12-14,0.13711451
2012-12-15,0.10130708
2012-12-16,0.09640885
2012-12-17,0.093264304
2012-12-18,0.086825885
2012-12-19,0.08941151
2012-12-20,0.086887866
2012-12-21,0.08807109
2012-12-22,0.08544265
2012-12-23,0.08716903
2012-12-24,0.09788282
2012-12-25,0.1387575
2012-12-26,0.117172115
2012-12-27,0.10149557
2012-12-28,0.08999579
2012-12-29,0.08741356
2012-12-30,0.08185974
2012-12-31,0.08368303
2013-01-01,0.08762485
2013-01-02,0.119643964
2013-01-03,0.08122247
2013-01-04,0.09871671
2013-01-05,0.122550175
2013-01-06,0.13024616
2013-01-07,0.10783537
2013-01-08,0.13216807
2013-01-09,0.08114132
2013-01-10,0.07612337
2013-01-11,0.0781912
2013-01-12,0.07561515
2013-01-13,0.28238264
2013-01-14,0.29406255
2013-01-15,0.08891666
2013-01-16,0.07518637
2013-01-17,0.07868195
2013-01-18,0.10226469
2013-01-19,0.0782385
2013-01-20,0.07795455
2013-01-21,0.08428817
2013-01-22,0.099083506
2013-01-23,0.09077559
2013-01-24,1.478758
2013-01-25,1.1025797
2013-01-26,0.13597113
2013-01-27,0.09772731
2013-01-28,0.16893755
2013-01-29,0.1698959
2013-01-30,0.26281995
2013-01-31,0.16914195
2013-02-01,0.098639466
2013-02-02,0.095875286
2013-02-03,0.14864866
2013-02-04,0.078439616
2013-02-05,6.0685105
2013-02-06,4.299367
2013-02-07,0.3858597
2013-02-08,0.42524594
2013-02-09,0.10908147
2013-02-10,0.54383075
2013-02-11,1.0723339
2013-02-12,0.20524369
2013-02-13,0.08848011
2013-02-14,0.07138259
2013-02-15,0.09361083
2013-02-16,0.14044894
2013-02-17,0.0914945
2013-02-18,0.23562507
2013-02-19,0.17612861
2013-02-20,0.10868614
2013-02-21,0.09349925
2013-02-22,0.0821916
2013-02-23,0.20100456
2013-02-24,0.34094808
2013-02-25,0.2766714
2013-02-26,0.17150669
2013-02-27,0.29485825
2013-02-28,0.45257485
2013-03-01,5.1162066
2013-03-02,0.5298473
2013-03-03,0.21535526
2013-03-04,8.13427
2013-03-05,2.4190133
2013-03-06,1.2965585
2013-03-07,2.6606894
2013-03-08,0.3569101
2013-03-09,0.24255922
2013-03-10,0.23777673
2013-03-11,0.2799428
2013-03-12,1.0050815
2013-03-13,0.6770366
2013-03-14,1.7566419
2013-03-15,6.5620375
2013-03-16,2.1796432
2013-03-17,0.691957
2013-03-18,0.51490843
2013-03-19,0.52363676
2013-03-20,0.4819772
2013-03-21,0.5471294
2013-03-22,0.9968833
2013-03-23,0.58149874
2013-03-24,0.57901263
2013-03-25,0.60377353
2013-03-26,0.60933185
2013-03-27,0.62127167
2013-03-28,0.63017005
2013-03-29,0.6423719
2013-03-30,2.821447
2013-03-31,0.9257992
2013-04-01,0.64197284
2013-04-02,0.6315961
2013-04-03,0.65355897
2013-04-04,0.6576895
2013-04-05,0.84036434
2013-04-06,0.7785042
2013-04-07,0.6550914
2013-04-08,0.642027
2013-04-09,0.6484671
2013-04-10,0.7347223
2013-04-11,0.68266726
2013-04-12,0.96276295
2013-04-13,0.7518039
2013-04-14,0.63983744
2013-04-15,0.6748643
2013-04-16,2.278741
2013-04-17,0.8098314
2013-04-18,1.534875
2013-04-19,3.3190436
2013-04-20,0.8558185
2013-04-21,4.8953447
2013-04-22,1.1211891
2013-04-23,1.7485777
2013-04-24,1.0039608
2013-04-25,0.98960614
2013-04-26,1.0110096
2013-04-27,1.0708929
2013-04-28,1.2272923
2013-04-29,1.2061485
2013-04-30,1.1642354
2013-05-01,1.1823078
2013-05-02,1.1980288
2013-05-03,1.1948808
2013-05-04,1.1908168
2013-05-05,1.1864986
2013-05-06,1.3062739
2013-05-07,1.1757611
2013-05-08,1.1771907
2013-05-09,1.1640038
2013-05-10,1.1582247
2013-05-11,1.146504
2013-05-12,1.1414253
2013-05-13,1.1275668
2013-05-14,1.1304957
2013-05-15,1.1223212
2013-05-16,1.3681006
2013-05-17,1.140066
2013-05-18,1.0822866
2013-05-19,1.0616553
2013-05-20,1.0393195
2013-05-21,1.0281802
2013-05-22,1.1283067
2013-05-23,1.0239831
2013-05-24,1.085566
2013-05-25,0.9924886
2013-05-26,0.98024344
2013-05-27,1.1004397
2013-05-28,0.99277425
2013-05-29,1.0926242
2013-05-30,0.9509705
2013-05-31,0.95037836
2013-06-01,0.9438938
2013-06-02,0.9184545
2013-06-03,0.8989235
2013-06-04,0.8974991
2013-06-05,0.9151342
2013-06-06,0.8739034
2013-06-07,0.8551556
2013-06-08,0.8465209
2013-06-09,0.85526544
2013-06-10,0.8365773
2013-06-11,0.8190425
2013-06-12,0.80468726
2013-06-13,0.793783
2013-06-14,0.7920505
2013-06-15,0.7745997
2013-06-16,0.7618039
2013-06-17,0.74937505
2013-06-18,0.74047667
2013-06-19,0.7304474
2013-06-20,0.7192446
2013-06-21,0.7052561
2013-06-22,0.6951666
2013-06-23,0.68751174
2013-06-24,0.6764661
2013-06-25,0.66546494
2013-06-26,0.65828335
2013-06-27,0.6478158
2013-06-28,0.6392938
2013-06-29,0.6230357
2013-06-30,0.6114312
2013-07-01,0.6083058
2013-07-02,0.60054445
2013-07-03,0.5935375
2013-07-04,0.58442783
2013-07-05,0.5724626
2013-07-06,0.5641249
2013-07-07,0.5611916
2013-07-08,0.55696076
2013-07-09,0.54637885
2013-07-10,0.5283341
2013-07-11,0.52721626
2013-07-12,0.51906896
2013-07-13,0.51012605
2013-07-14,0.50279516
2013-07-15,0.4901375
2013-07-16,0.48364836
2013-07-17,0.47296163
2013-07-18,0.47528526
2013-07-19,0.46054065
2013-07-20,0.45577788
2013-07-21,0.44629973
2013-07-22,0.44190377
2013-07-23,0.43459824
2013-07-24,0.4281694
2013-07-25,0.42398304
2013-07-26,0.41504803
2013-07-27,0.4074281
2013-07-28,0.40371504
2013-07-29,0.3901981
2013-07-30,0.38852757
2013-07-31,0.38141415
2013-08-01,0.37389898
2013-08-02,0.36964276
2013-08-03,0.3615225
2013-08-04,0.35857177
2013-08-05,0.35135356
2013-08-06,0.34546787
2013-08-07,0.35055012
2013-08-08,0.33623424
2013-08-09,0.33311844
2013-08-10,0.32971978
2013-08-11,0.40528032
2013-08-12,0.32732227
2013-08-13,0.31411928
2013-08-14,0.30872437
2013-08-15,0.30650893
2013-08-16,0.3058435
2013-08-17,0.29576018
2013-08-18,0.28968236
2013-08-19,0.2849878
2013-08-20,0.2781905
2013-08-21,0.27749974
2013-08-22,0.27748224
2013-08-23,0.27014968
2013-08-24,0.2704928
2013-08-25,0.26294103
2013-08-26,0.25919303
2013-08-27,0.25246558
2013-08-28,0.24987376
2013-08-29,0.24864772
2013-08-30,0.24694838
2013-08-31,0.23978256
2013-09-01,0.23281057
2013-09-02,0.23673663
2013-09-03,0.22751087
2013-09-04,0.22309747
2013-09-05,0.22258136
2013-09-06,0.22174916
2013-09-07,0.21816625
2013-09-08,0.21359394
2013-09-09,0.20896924
2013-09-10,0.22932968
2013-09-11,0.22033717
2013-09-12,0.1984904
2013-09-13,0.19957222
2013-09-14,0.19864312
2013-09-15,0.19449958
2013-09-16,0.19559547
2013-09-17,0.19160913
2013-09-18,0.18428612
2013-09-19,0.18220252
2013-09-20,0.18372719
2013-09-21,0.18220252
2013-09-22,0.17883879
2013-09-23,0.1737408
2013-09-24,0.16772327
2013-09-25,0.16762805
2013-09-26,0.17905179
2013-09-27,0.1672928
2013-09-28,0.16866197
2013-09-29,0.16608593
2013-09-30,0.16808389
2013-10-01,0.22878543
2013-10-02,0.16179867
2013-10-03,0.15832625
2013-10-04,0.14970563
2013-10-05,0.14588778
2013-10-06,0.150295
2013-10-07,0.1497772
2013-10-08,0.14212061
2013-10-09,0.14217472
2013-10-10,0.14112334
2013-10-11,0.13888086
2013-10-12,0.13874112
2013-10-13,0.1365685
2013-10-14,0.13995929
2013-10-15,0.13855688
2013-10-16,0.16914035
2013-10-17,0.18116243
2013-10-18,0.1293942
2013-10-19,0.12548004
2013-10-20,0.14744289
2013-10-21,0.1423398
2013-10-22,0.12644069
2013-10-23,0.12218616
2013-10-24,0.13718492
2013-10-25,0.122683115
2013-10-26,0.12032964
2013-10-27,0.11263814
2013-10-28,0.11269223
2013-10-29,0.11218402
2013-10-30,0.12464165
2013-10-31,0.11295254
2013-11-01,0.11540801
2013-11-02,0.11127236
2013-11-03,0.10827713
2013-11-04,0.10918877
2013-11-05,0.110073365
2013-11-06,0.10387949
2013-11-07,0.10347776
2013-11-08,0.09967567
2013-11-09,0.09888798
2013-11-10,0.09722359
2013-11-11,0.0982051
2013-11-12,0.098818116
2013-11-13,0.09396465
2013-11-14,0.09745234
2013-11-15,0.1264841
2013-11-16,0.14137127
2013-11-17,0.10120144
2013-11-18,0.097477704
2013-11-19,0.0892605
2013-11-20,0.12322687
2013-11-21,0.119198814
2013-11-22,0.09109617
2013-11-23,0.085784085
2013-11-24,0.08881596
2013-11-25,0.09255607
2013-11-26,0.086265266
2013-11-27,0.08394503
2013-11-28,0.08545223
2013-11-29,0.08229809
2013-11-30,0.0820885
2013-12-01,0.079101145
2013-12-02,0.080810055
2013-12-03,0.07251342
2013-12-04,0.072515115
2013-12-05,0.07146374
2013-12-06,0.075739115
2013-12-07,0.07601857
2013-12-08,0.07601857
2013-12-09,0.093127966
2013-12-10,0.073588446
2013-12-11,0.069545224
2013-12-12,0.06828425
2013-12-13,0.06767123
2013-12-14,0.0664142
2013-12-15,0.064298764
2013-12-16,0.07856138
2013-12-17,0.07133977
2013-12-18,0.06728528
2013-12-19,0.32261273
2013-12-20,0.12911913
2013-12-21,0.06456102
2013-12-22,0.057203665
2013-12-23,0.05802798
2013-12-24,0.06081362
2013-12-25,0.066148266
2013-12-26,0.072726406
2013-12-27,0.067425005
2013-12-28,0.056195103
2013-12-29,0.05712592
2013-12-30,0.063748576
2013-12-31,0.111965425
2014-01-01,0.095485926
2014-01-02,0.058108523
2014-01-03,0.05958758
2014-01-04,0.056030024
2014-01-05,0.056057073
2014-01-06,0.11772266
2014-01-07,0.101047635
2014-01-08,1.3302383
2014-01-09,0.17234257
2014-01-10,0.06209486
2014-01-11,0.12122612
2014-01-12,0.08632046
2014-01-13,0.072144926
2014-01-14,0.075467534
2014-01-15,0.17295432
2014-01-16,0.16182633
2014-01-17,0.07950676
2014-01-18,0.15222709
2014-01-19,0.15316628
2014-01-20,0.15399058
2014-01-21,0.3400911
2014-01-22,0.11931359
2014-01-23,4.672552
2014-01-24,0.37886512
2014-01-25,0.14628561
2014-01-26,56.92849
2014-01-27,3.7498245
2014-01-28,0.06819188
2014-01-29,0.10042732
2014-01-30,0.15665457
2014-01-31,0.08571812
2014-02-01,0.07685866
2014-02-02,0.3699005
2014-02-03,0.09057198
2014-02-04,0.081442244
2014-02-05,0.09702527
2014-02-06,1.3515882
2014-02-07,0.18186973
2014-02-08,0.13404377
2014-02-09,0.1524344
2014-02-10,0.0912911
2014-02-11,0.07289768
2014-02-12,0.109992824
2014-02-13,0.1526316
2014-02-14,0.15141454
2014-02-15,0.70410204
2014-02-16,1.6687307
2014-02-17,0.2638651
2014-02-18,3.4742253
2014-02-19,1.1271373
2014-02-20,0.22301072
2014-02-21,0.276205
2014-02-22,0.7196534
2014-02-23,0.15110084
2014-02-24,0.16541322
2014-02-25,0.086785264
2014-02-26,0.5923479
2014-02-27,0.11952468
2014-02-28,0.16195767
2014-03-01,0.1398922
2014-03-02,0.12458415
2014-03-03,0.23750186
2014-03-04,2.7688627
2014-03-05,0.2805978
2014-03-06,0.121803604
2014-03-07,0.1160368
2014-03-08,0.16993313
2014-03-09,0.1310603
2014-03-10,0.22094351
2014-03-11,0.15303044
2014-03-12,0.1466501
2014-03-13,0.16935784
2014-03-14,0.14230935
2014-03-15,0.16600369
2014-03-16,0.16981815
2014-03-17,0.16099581
2014-03-18,0.20414343
2014-03-19,0.2121155
2014-03-20,0.14971292
2014-03-21,0.1842422
2014-03-22,0.14761525
2014-03-23,0.30777508
2014-03-24,0.18815178
2014-03-25,0.4402283
2014-03-26,0.16014425
2014-03-27,0.1736428
2014-03-28,0.15944411
2014-03-29,0.2192295
2014-03-30,0.18729372
2014-03-31,8.005066
2014-04-01,0.65398586
2014-04-02,0.14261138
2014-04-03,0.16122009
2014-04-04,0.18932892
2014-04-05,0.26275456
2014-04-06,0.16769671
2014-04-07,0.19930743
2014-04-08,0.16237397
2014-04-09,0.16201396
2014-04-10,0.18089254
2014-04-11,0.24211638
2014-04-12,0.16857684
2014-04-13,3.2438323
2014-04-14,0.36604804
2014-04-15,0.15410158
2014-04-16,0.15699542
2014-04-17,0.28243724
2014-04-18,0.21336117
2014-04-19,0.16223253
2014-04-20,0.17229898
2014-04-21,0.37247536
2014-04-22,0.27177623
2014-04-23,0.2117892
2014-04-24,2.17245
2014-04-25,0.34503767
2014-04-26,0.24328324
2014-04-27,0.22689615
2014-04-28,0.310204
2014-04-29,0.21922602
2014-04-30,0.24208423
2014-05-01,0.21625224
2014-05-02,0.21338435
2014-05-03,0.21249975
2014-05-04,0.25807238
2014-05-05,0.28843608
2014-05-06,0.20764059
2014-05-07,0.23057488
2014-05-08,0.2698691
2014-05-09,0.21524817
2014-05-10,0.34954163
2014-05-11,0.23729095
2014-05-12,0.28490278
2014-05-13,0.20807895
2014-05-14,0.2257214
2014-05-15,0.6625275
2014-05-16,0.2299305
2014-05-17,0.21280006
2014-05-18,0.23125607
2014-05-19,0.25683337
2014-05-20,0.21440978
2014-05-21,0.24634215
2014-05-22,0.24640524
2014-05-23,0.2840148
2014-05-24,0.32310557
2014-05-25,0.25023654
2014-05-26,0.27988872
2014-05-27,0.23376614
2014-05-28,0.23581709
2014-05-29,1.2018789
2014-05-30,0.27843428
2014-05-31,0.2313434
2014-06-01,0.23266298
2014-06-02,0.39019546
2014-06-03,0.23710781
2014-06-04,0.34121627
2014-06-05,0.25625068
2014-06-06,0.20848916
2014-06-07,0.2899884
2014-06-08,0.7807122
2014-06-09,0.25872102
2014-06-10,0.9504269
2014-06-11,0.27616328
2014-06-12,0.2392952
2014-06-13,0.2632622
2014-06-14,0.25335807
2014-06-15,0.33518407
2014-06-16,0.3084477
2014-06-17,0.2558732
2014-06-18,0.25425392
2014-06-19,0.28423226
2014-06-20,0.24487376
2014-06-21,0.44644526
2014-06-22,0.27001882
2014-06-23,0.24044628
2014-06-24,0.24285895
2014-06-25,0.23466712
2014-06-26,0.24960557
2014-06-27,0.35597327
2014-06-28,0.30816314
2014-06-29,0.25495368
2014-06-30,0.2669657
2014-07-01,0.23997131
2014-07-02,0.2425175
2014-07-03,0.24334013
2014-07-04,0.25668234
2014-07-05,0.25183508
2014-07-06,0.25173986
2014-07-07,0.23709214
2014-07-08,0.2874771
2014-07-09,0.24977006
2014-07-10,0.27510512
2014-07-11,0.33312073
2014-07-12,0.27155763
2014-07-13,0.27904356
2014-07-14,0.24177372
2014-07-15,0.23036638
2014-07-16,0.22734578
2014-07-17,0.22990437
2014-07-18,0.22817798
2014-07-19,0.22425364
2014-07-20,0.23052697
2014-07-21,0.22632936
2014-07-22,0.22521769
2014-07-23,0.2248937
2014-07-24,0.22351834
2014-07-25,0.21908577
2014-07-26,0.2152758
2014-07-27,0.21504873
2014-07-28,0.21178982
2014-07-29,0.21999913
2014-07-30,0.22678685
2014-07-31,0.2125234
2014-08-01,0.21375284
2014-08-02,0.21226309
2014-08-03,0.20591202
2014-08-04,0.20795448
2014-08-05,0.21001273
2014-08-06,0.23430541
2014-08-07,0.31679004
2014-08-08,0.20195773
2014-08-09,0.19695336
2014-08-10,0.20038694
2014-08-11,0.20331232
2014-08-12,0.19859858
2014-08-13,0.19665472
2014-08-14,0.20252463
2014-08-15,0.19802049
2014-08-16,0.25419426
2014-08-17,0.19210547
2014-08-18,0.1867923
2014-08-19,0.19106768
2014-08-20,0.18482928
2014-08-21,0.18278061
2014-08-22,0.19163787
2014-08-23,0.19357215
2014-08-24,0.18116692
2014-08-25,0.17167297
2014-08-26,0.17763191
2014-08-27,0.167188
2014-08-28,0.16920513
2014-08-29,0.17372504
2014-08-30,0.1702024
2014-08-31,0.17511785
2014-09-01,0.16920343
2014-09-02,0.16418488
2014-09-03,0.16741847
2014-09-04,0.15515296
2014-09-05,0.15706529
2014-09-06,0.15452416
2014-09-07,0.15054742
2014-09-08,0.1524755
2014-09-09,0.15370156
2014-09-10,0.1491546
2014-09-11,0.14559872
2014-09-12,0.13941443
2014-09-13,0.14337541
2014-09-14,0.14962958
2014-09-15,0.13942231
2014-09-16,0.14227164
2014-09-17,0.14385659
2014-09-18,0.1939142
2014-09-19,0.15258929
2014-09-20,0.139948
2014-09-21,0.13117188
2014-09-22,0.15617618
2014-09-23,0.20778832
2014-09-24,0.13794775
2014-09-25,0.12863247
2014-09-26,0.12453346
2014-09-27,0.12754786
2014-09-28,0.12504168
2014-09-29,0.12649648
2014-09-30,0.12442866
2014-10-01,0.12048684
2014-10-02,0.12947595
2014-10-03,0.1338719
2014-10-04,0.113748096
2014-10-05,0.11108023
2014-10-06,0.11099289
2014-10-07,0.11099289
2014-10-08,0.11099289
2014-10-09,0.11099289
2014-10-10,0.11180764
2014-10-11,0.22103423
2014-10-12,0.11616574
2014-10-13,0.10978432
2014-10-14,0.11092303
2014-10-15,0.10393189
2014-10-16,0.10700827
2014-10-17,0.12054263
2014-10-18,0.10456067
2014-10-19,0.10619353
2014-10-20,0.10962712
2014-10-21,0.098973624
2014-10-22,0.10262021
2014-10-23,0.10018389
2014-10-24,0.102453426
2014-10-25,0.10505482
2014-10-26,0.09923731
2014-10-27,0.09396465
2014-10-28,0.10098285
2014-10-29,0.09276397
2014-10-30,0.09301977
2014-10-31,0.09225744
2014-11-01,0.08378613
2014-11-02,0.08541729
2014-11-03,0.08501387
2014-11-04,0.095298894
2014-11-05,0.08672897
2014-11-06,0.08341934
2014-11-07,0.083244674
2014-11-08,0.083244674
2014-11-09,0.09492251
2014-11-10,0.081279956
2014-11-11,0.081168965
2014-11-12,0.08665292
2014-11-13,0.07586756
2014-11-14,0.07515144
2014-11-15,0.07678091
2014-11-16,0.07389835
2014-11-17,0.071262024
2014-11-18,0.071104825
2014-11-19,0.072462715
2014-11-20,0.067118496
2014-11-21,0.0675839
2014-11-22,0.06736472
2014-11-23,0.064359896
2014-11-24,0.0649825
2014-11-25,0.06530648
2014-11-26,0.06613868
2014-11-27,0.084658355
2014-11-28,0.058416735
2014-11-29,0.060183134
2014-11-30,0.06475544
2014-12-01,0.06340544
2014-12-02,0.06818903
2014-12-03,0.06931817
2014-12-04,0.06665479
2014-12-05,0.059147526
2014-12-06,0.11299146
2014-12-07,0.059725016
2014-12-08,0.05553138
2014-12-09,0.056582764
2014-12-10,0.07349043
2014-12-11,0.08326384
2014-12-12,0.072144926
2014-12-13,0.06487601
2014-12-14,0.06119788
2014-12-15,0.054742
2014-12-16,0.05352554
2014-12-17,0.059447847
2014-12-18,0.11251816
2014-12-19,0.08114471
2014-12-20,0.056911226
2014-12-21,0.046262812
2014-12-22,0.046483684
2014-12-23,0.04680766
2014-12-24,0.063119784
2014-12-25,0.046786804
2014-12-26,0.046483684
2014-12-27,0.04680766
2014-12-28,0.045195665
2014-12-29,0.051880307
2014-12-30,0.22259614
2014-12-31,0.16673946
2015-01-01,0.10296723
2015-01-02,0.081217974
2015-01-03,0.07083155
2015-01-04,0.06344825
2015-01-05,0.06355475
2015-01-06,0.06847808
2015-01-07,0.06308935
2015-01-08,0.06924041
2015-01-09,0.05689546
2015-01-10,0.08839227
2015-01-11,0.16515462
2015-01-12,0.06458577
2015-01-13,0.066499285
2015-01-14,0.11105378
2015-01-15,0.16086626
2015-01-16,0.141347
2015-01-17,0.14179835
2015-01-18,0.09086402
2015-01-19,0.08893822
2015-01-20,0.2316038
2015-01-21,1.8235279
2015-01-22,0.18532437
2015-01-23,0.085909754
2015-01-24,0.04516183
2015-01-25,0.09110186
2015-01-26,0.6759476
2015-01-27,0.1471213
2015-01-28,0.14519422
2015-01-29,0.16683024
2015-01-30,0.15490757
2015-01-31,0.07014297
2015-02-01,0.05008067
2015-02-02,0.047508016
2015-02-03,0.056093704
2015-02-04,0.06045471
2015-02-05,0.06151398
2015-02-06,0.052604314
2015-02-07,0.04768268
2015-02-08,0.20491822
2015-02-09,0.077630475
2015-02-10,0.05494202
2015-02-11,0.053508077
2015-02-12,0.087420344
2015-02-13,0.15749805
2015-02-14,0.101031266
2015-02-15,0.15007642
2015-02-16,0.103240505
2015-02-17,0.04297793
2015-02-18,0.053975176
2015-02-19,0.044055257
2015-02-20,0.045529224
2015-02-21,0.04947104
2015-02-22,0.070083894
2015-02-23,0.07410965
2015-02-24,0.15059762
2015-02-25,0.061268248
2015-02-26,0.03864117
2015-02-27,0.18667182
2015-02-28,4.4779534
2015-03-01,0.3391062
2015-03-02,2.8888483
2015-03-03,1.8204777
2015-03-04,0.17765895
2015-03-05,0.1056904
2015-03-06,0.08362554
2015-03-07,0.51606953
2015-03-08,0.070077896
2015-03-09,0.10640713
2015-03-10,0.059918843
2015-03-11,0.056652628
2015-03-12,0.041987434
2015-03-13,0.051907353
2015-03-14,0.15444762
2015-03-15,1.0199975
2015-03-16,0.15269457
2015-03-17,0.06620345
2015-03-18,0.3134935
2015-03-19,1.482357
2015-03-20,0.21137807
2015-03-21,0.36467004
2015-03-22,0.27499235
2015-03-23,0.112754665
2015-03-24,0.06840058
2015-03-25,0.20225146
2015-03-26,0.075756475
2015-03-27,0.06407086
2015-03-28,0.036992542
2015-03-29,0.040694922
2015-03-30,0.313165
2015-03-31,0.049855094
2015-04-01,0.032881152
2015-04-02,1.6743662
2015-04-03,0.18658715
2015-04-04,0.058040358
2015-04-05,0.05473412
2015-04-06,2.9784338
2015-04-07,0.35917935
2015-04-08,0.07515813
2015-04-09,2.5265524
2015-04-10,0.20730978
2015-04-11,0.105555765
2015-04-12,0.13614483
2015-04-13,0.038748164
2015-04-14,0.043236036
2015-04-15,0.03850314
2015-04-16,0.26274848
2015-04-17,0.2446039
2015-04-18,0.06761194
2015-04-19,0.042241547
2015-04-20,0.03698805
2015-04-21,0.12307027
2015-04-22,0.123464614
2015-04-23,0.046004705
2015-04-24,0.04566107
2015-04-25,1.113258
2015-04-26,0.11840302
2015-04-27,0.060596142
2015-04-28,0.07051097
2015-04-29,0.0811532
2015-04-30,2.3644092
2015-05-01,0.22941925
2015-05-02,0.059310917
2015-05-03,0.055093024
2015-05-04,0.13340428
2015-05-05,0.042585183
2015-05-06,0.0660215
2015-05-07,0.10323043
2015-05-08,0.06910966
2015-05-09,0.08958168
2015-05-10,0.04841118
2015-05-11,0.119809635
2015-05-12,0.07189191
2015-05-13,0.06144241
2015-05-14,0.08135661
2015-05-15,0.54624957
2015-05-16,0.3786278
2015-05-17,0.07126801
2015-05-18,0.057205364
2015-05-19,0.053174518
2015-05-20,1.5427698
2015-05-21,0.14301257
2015-05-22,0.06855134
2015-05-23,0.04985191
2015-05-24,0.14496945
2015-05-25,0.25409794
2015-05-26,0.04970189
2015-05-27,0.060844064
2015-05-28,0.06297666
2015-05-29,0.25773275
2015-05-30,0.24880151
2015-05-31,0.17599677
2015-06-01,0.9673971
2015-06-02,0.23807703
2015-06-03,0.34403574
2015-06-04,0.0825013
2015-06-05,0.031359278
2015-06-06,0.05146281
2015-06-07,0.038501438
2015-06-08,0.049253557
2015-06-09,0.032895222
2015-06-10,0.03396746
2015-06-11,0.029490374
2015-06-12,0.07671953
2015-06-13,0.08167719
2015-06-14,0.11438877
2015-06-15,0.0453314
2015-06-16,0.033965766
2015-06-17,0.039503813
2015-06-18,0.049664866
2015-06-19,0.1116702
2015-06-20,0.08492934
2015-06-21,0.18316777
2015-06-22,1.8231522
2015-06-23,0.16676019
2015-06-24,0.054559454
2015-06-25,0.06413453
2015-06-26,0.06230166
2015-06-27,0.06350235
2015-06-28,0.13419986
2015-06-29,0.056453113
2015-06-30,0.04572924
2015-07-01,0.057329323
2015-07-02,0.061899934
2015-07-03,0.059700266
2015-07-04,0.04650734
2015-07-05,0.049199462
2015-07-06,0.13388716
2015-07-07,0.064635366
2015-07-08,0.04978374
2015-07-09,0.043162774
2015-07-10,0.049024798
2015-07-11,0.046982326
2015-07-12,0.0435662
2015-07-13,0.056935485
2015-07-14,0.09718756
2015-07-15,0.082882375
2015-07-16,0.11357404
2015-07-17,0.071078874
2015-07-18,0.0801638
2015-07-19,0.042368304
2015-07-20,0.1596538
2015-07-21,0.19152689
2015-07-22,0.13767958
2015-07-23,0.14715214
2015-07-24,0.04913628
2015-07-25,0.052826885
2015-07-26,0.06840991
2015-07-27,0.22851506
2015-07-28,0.05217653
2015-07-29,0.04207816
2015-07-30,0.13182104
2015-07-31,0.05909902
2015-08-01,0.048619676
2015-08-02,0.044739842
2015-08-03,0.06162217
2015-08-04,0.04914367
2015-08-05,0.04691246
2015-08-06,0.048183016
2015-08-07,0.07760073
2015-08-08,0.07405555
2015-08-09,0.04573373
2015-08-10,0.033343162
2015-08-11,0.035920903
2015-08-12,0.033143148
2015-08-13,0.045443587
2015-08-14,0.030495541
2015-08-15,0.031383533
2015-08-16,0.033135265
2015-08-17,0.036227416
2015-08-18,0.038049012
2015-08-19,0.036524344
2015-08-20,0.035333235
2015-08-21,0.03988019
2015-08-22,0.030671902
2015-08-23,0.029789
2015-08-24,0.041720945
2015-08-25,0.03379899
2015-08-26,0.029437976
2015-08-27,0.035711307
2015-08-28,0.040475745
2015-08-29,0.03450892
2015-08-30,0.041711364
2015-08-31,0.028621543
2015-09-01,0.028834537
2015-09-02,0.029990712
2015-09-03,0.031418465
2015-09-04,0.037208926
2015-09-05,0.032415748
2015-09-06,0.037243858
2015-09-07,0.039205186
2015-09-08,0.042568915
2015-09-09,0.032458562
2015-09-10,0.034510616
2015-09-11,0.030883195
2015-09-12,0.028466046
2015-09-13,0.031585243
2015-09-14,0.027992753
2015-09-15,0.03263662
2015-09-16,0.03132155
2015-09-17,0.031759907
2015-09-18,0.032881152
2015-09-19,0.028605776
2015-09-20,0.028326314
2015-09-21,0.03430102
2015-09-22,0.045548387
2015-09-23,0.044889156
2015-09-24,0.11351096
2015-09-25,0.03455563
2015-09-26,0.031094488
2015-09-27,0.02931571
2015-09-28,0.033538688
2015-09-29,0.036533926
2015-09-30,0.04132541
2015-10-01,0.034018166
2015-10-02,0.03543015
2015-10-03,0.031071384
2015-10-04,0.02711689
2015-10-05,0.031769488
2015-10-06,0.034256507
2015-10-07,0.03548255
2015-10-08,0.035280835
2015-10-09,0.031461284
2015-10-10,0.053486116
2015-10-11,0.13340428
2015-10-12,0.03823994
2015-10-13,0.027992753
2015-10-14,0.034809243
2015-10-15,0.08713469
2015-10-16,0.103506505
2015-10-17,0.0774587
2015-10-18,0.03390658
2015-10-19,0.47117248
2015-10-20,0.07363435
2015-10-21,0.03402605
2015-10-22,0.026993776
2015-10-23,0.04723195
2015-10-24,0.036609977
2015-10-25,0.03312568
2015-10-26,5.056594
2015-10-27,0.35115603
2015-10-28,0.050289173
2015-10-29,0.047122058
2015-10-30,0.054157726
2015-10-31,0.04539568
2015-11-01,0.05865228
2015-11-02,0.032656882
2015-11-03,0.04097608
2015-11-04,0.032931853
2015-11-05,0.03101504
2015-11-06,0.029026667
2015-11-07,0.02917598
2015-11-08,0.031366065
2015-11-09,0.025802668
2015-11-10,0.035484243
2015-11-11,0.02825475
2015-11-12,0.032093465
2015-11-13,0.04785285
2015-11-14,0.09365874
2015-11-15,0.032719962
2015-11-16,0.04518159
2015-11-17,0.081823714
2015-11-18,0.04283201
2015-11-19,0.03094348
2015-11-20,0.03496644
2015-11-21,0.02956024
2015-11-22,0.032180797
2015-11-23,0.050568633
2015-11-24,0.05038099
2015-11-25,0.10569549
2015-11-26,0.039734766
2015-11-27,0.10071357
2015-11-28,0.034312796
2015-11-29,0.04172095
2015-11-30,0.04792102
2015-12-01,0.11969527
2015-12-02,0.034125157
2015-12-03,0.09866492
2015-12-04,0.041540593
2015-12-05,0.06581979
2015-12-06,0.15562744
2015-12-07,0.046409227
2015-12-08,0.036305167
2015-12-09,0.0980502
2015-12-10,0.035767596
2015-12-11,0.105918065
2015-12-12,0.049327318
2015-12-13,0.019580036
2015-12-14,0.092061415
2015-12-15,0.073745646
2015-12-16,0.051621106
2015-12-17,0.030740071
2015-12-18,0.045777146
2015-12-19,0.03569045
2015-12-20,0.07489624
2015-12-21,0.029666135
2015-12-22,0.028221516
2015-12-23,0.04597886
2015-12-24,0.019684834
2015-12-25,0.107541345
2015-12-26,0.042151917
2015-12-27,0.27058932
2015-12-28,0.045500875
2015-12-29,0.055588875
2015-12-30,0.04066448
2015-12-31,0.027378036
2016-01-01,0.03664042
2016-01-02,0.17416179
2016-01-03,0.08764112
2016-01-04,0.044847433
2016-01-05,0.073992476
2016-01-06,0.06406916
2016-01-07,14.76081
2016-01-08,0.9789626
2016-01-09,0.040621128
2016-01-10,0.021499395
2016-01-11,9.80789
2016-01-12,1.4090531
2016-01-13,0.106003694
2016-01-14,0.19288766
2016-01-15,0.062687516
2016-01-16,0.048330635
2016-01-17,0.15226711
2016-01-18,0.11878072
2016-01-19,0.100987345
2016-01-20,1.3962492
2016-01-21,0.3183504
2016-01-22,8.156893
2016-01-23,1.2756585
2016-01-24,0.09779158
2016-01-25,3.8207455
2016-01-26,13.14003
2016-01-27,0.98301744
2016-01-28,0.11960335
2016-01-29,0.11976113
2016-01-30,1.4835445
2016-01-31,0.3138389
2016-02-01,0.15801406
2016-02-02,0.1996331
2016-02-03,0.14966223
2016-02-04,0.13810894
2016-02-05,0.26984325
2016-02-06,0.23462538
2016-02-07,0.16337574
2016-02-08,0.5361955
2016-02-09,57.4174
2016-02-10,4.7595267
2016-02-11,0.68550056
2016-02-12,0.8234392
2016-02-13,0.6717776
2016-02-14,0.76643324
2016-02-15,0.79111683
2016-02-16,1.4706705
2016-02-17,0.85817003
2016-02-18,1.1771694
2016-02-19,0.977163
2016-02-20,1.22352
2016-02-21,1.0814149
2016-02-22,1.102157
2016-02-23,1.4846283
2016-02-24,1.1856499
2016-02-25,2.6131709
2016-02-26,1.4068202
2016-02-27,1.2797911
2016-02-28,1.3410888
2016-02-29,1.6205906
2016-03-01,1.3398377
2016-03-02,1.362465
2016-03-03,1.4262599
2016-03-04,1.5073178
2016-03-05,1.4761585
2016-03-06,1.4659597
2016-03-07,2.4515514
2016-03-08,2.3544695
2016-03-09,1.4750986
2016-03-10,1.4105157
2016-03-11,1.3947483
2016-03-12,1.4008312
2016-03-13,1.5085585
2016-03-14,1.4095424
2016-03-15,1.3837202
2016-03-16,1.3871144
2016-03-17,1.9799936
2016-03-18,1.4092283
2016-03-19,1.3173826
2016-03-20,1.3264867
2016-03-21,1.2870966
2016-03-22,1.2769074
2016-03-23,1.2750605
2016-03-24,1.2654679
2016-03-25,1.2789786
2016-03-26,1.2695669
2016-03-27,1.2094277
2016-03-28,2.048308
2016-03-29,1.3062406
2016-03-30,1.2954942
2016-03-31,9.562475
2016-04-01,1.7163687
2016-04-02,1.4018884
2016-04-03,1.9817402
2016-04-04,1.3274834
2016-04-05,4.279654
2016-04-06,1.444016
2016-04-07,6.7057853
2016-04-08,13.690818
2016-04-09,4.3928366
2016-04-10,6.6825137
2016-04-11,11.676379
2016-04-12,17.702751
2016-04-13,21.632465
2016-04-14,16.299103
2016-04-15,13.252194
2016-04-16,11.031818
2016-04-17,9.370342
2016-04-18,8.216875
2016-04-19,7.1618333
2016-04-20,6.4202137
2016-04-21,5.7049885
2016-04-22,5.1792006
2016-04-23,4.7554617
2016-04-24,4.4632444
2016-04-25,4.174769
2016-04-26,3.797208
2016-04-27,3.759111
2016-04-28,3.3510556
2016-04-29,3.2518191
2016-04-30,2.9641366
2016-05-01,2.859032
2016-05-02,2.6937547
2016-05-03,2.5753968
2016-05-04,2.4266815
2016-05-05,2.3274004
2016-05-06,2.3248603
2016-05-07,2.1762455
2016-05-08,2.114531
2016-05-09,2.111449
2016-05-10,5.225647
2016-05-11,54.69717
2016-05-12,5.3290715
2016-05-13,2.0924866
2016-05-14,2.239872
2016-05-15,2.549399
2016-05-16,2.56629
2016-05-17,2.7005637
2016-05-18,2.707037
2016-05-19,2.7902715
2016-05-20,2.931694
2016-05-21,2.7288857
2016-05-22,2.675086
2016-05-23,2.6464295
2016-05-24,2.6309023
2016-05-25,2.6058412
2016-05-26,2.5934234
2016-05-27,2.5460136
2016-05-28,2.4995568
2016-05-29,2.4568403
2016-05-30,2.4143507
2016-05-31,2.3694172
2016-06-01,2.3427935
2016-06-02,2.2668443
2016-06-03,2.2071998
2016-06-04,2.1547875
2016-06-05,2.102488
2016-06-06,2.0648363
2016-06-07,2.0093887
2016-06-08,1.9589825
2016-06-09,1.970626
2016-06-10,1.8670118
2016-06-11,1.8100454
2016-06-12,1.758745
2016-06-13,1.7252365
2016-06-14,1.6920489
2016-06-15,1.6197017
2016-06-16,1.5684667
2016-06-17,1.5315151
2016-06-18,1.4970142
2016-06-19,1.4501253
2016-06-20,1.402433
2016-06-21,1.3618019
2016-06-22,1.3265132
2016-06-23,1.2896377
2016-06-24,1.250739
2016-06-25,1.2263833
2016-06-26,1.1853182
2016-06-27,1.168103
2016-06-28,1.1247936
2016-06-29,1.1044163
2016-06-30,1.1030095
2016-07-01,1.0576385
2016-07-02,1.0120839
2016-07-03,0.9925039
2016-07-04,0.96643585
2016-07-05,0.9463616
2016-07-06,0.92046034
2016-07-07,0.9310919
2016-07-08,0.88435185
2016-07-09,0.8582111
2016-07-10,0.8461349
2016-07-11,0.83703476
2016-07-12,0.8022745
2016-07-13,0.7794339
2016-07-14,0.7650708
2016-07-15,0.7533693
2016-07-16,0.7350181
2016-07-17,0.71948916
2016-07-18,0.8592406
2016-07-19,0.69013333
2016-07-20,0.66455334
2016-07-21,0.6620156
2016-07-22,0.64072776
2016-07-23,0.63067484
2016-07-24,0.6097476
2016-07-25,0.6005619
2016-07-26,0.5864765
2016-07-27,0.57474005
2016-07-28,0.5707825
2016-07-29,0.57709074
2016-07-30,0.54573536
2016-07-31,0.5374455
2016-08-01,0.5250944
2016-08-02,0.51780796
2016-08-03,0.5040815
2016-08-04,0.49725088
2016-08-05,0.48790458
2016-08-06,0.47565037
2016-08-07,0.4713688
2016-08-08,0.46027863
2016-08-09,0.45496318
2016-08-10,0.4440747
2016-08-11,0.4325304
2016-08-12,0.4247707
2016-08-13,0.41997135
2016-08-14,0.41317403
2016-08-15,0.40515065
2016-08-16,0.39488482
2016-08-17,0.38855293
2016-08-18,0.38601348
2016-08-19,0.37962747
2016-08-20,0.36944896
2016-08-21,0.36121598
2016-08-22,0.35828272
2016-08-23,0.34916347
2016-08-24,0.36379543
2016-08-25,0.3370726
2016-08-26,0.33339003
2016-08-27,0.3278362
2016-08-28,0.32287005
2016-08-29,0.32637522
2016-08-30,0.3076093
2016-08-31,0.30530035
2016-09-01,0.30414417
2016-09-02,0.2932112
2016-09-03,0.29631463
2016-09-04,0.29058444
2016-09-05,0.28422546
2016-09-06,0.28112543
2016-09-07,0.28176552
2016-09-08,0.27747267
2016-09-09,0.2687743
2016-09-10,0.26660338
2016-09-11,0.25970915
2016-09-12,0.25682828
2016-09-13,0.2501532
2016-09-14,0.25082034
2016-09-15,0.25197652
2016-09-16,0.25449058
2016-09-17,0.24351309
2016-09-18,0.24659905
2016-09-19,0.2718287
2016-09-20,0.2337853
2016-09-21,0.2399257
2016-09-22,0.2334236
2016-09-23,0.224279
2016-09-24,0.22534953
2016-09-25,0.24011953
2016-09-26,0.22150911
2016-09-27,0.21373367
2016-09-28,0.21385764
2016-09-29,0.20900418
2016-09-30,0.20896135
2016-10-01,0.20218939
2016-10-02,0.19740748
2016-10-03,0.19441225
2016-10-04,0.19423757
2016-10-05,0.19423757
2016-10-06,0.19043548
2016-10-07,0.18774676
2016-10-08,0.1859601
2016-10-09,0.18178163
2016-10-10,0.18043333
2016-10-11,0.22381589
2016-10-12,0.18207178
2016-10-13,0.16888735
2016-10-14,0.16822362
2016-10-15,0.16659415
2016-10-16,0.16703251
2016-10-17,0.16652428
2016-10-18,0.16513146
2016-10-19,0.15499575
2016-10-20,0.1581516
2016-10-21,0.1562235
2016-10-22,0.15472588
2016-10-23,0.15328066
2016-10-24,0.14966282
2016-10-25,0.14726314
2016-10-26,0.1495676
2016-10-27,0.1423922
2016-10-28,0.14056271
2016-10-29,0.13884592
2016-10-30,0.13874112
2016-10-31,0.13874112
2016-11-01,0.15394947
2016-11-02,0.13890451
2016-11-03,0.12592457
2016-11-04,0.12732868
2016-11-05,0.13045576
2016-11-06,0.12793212
2016-11-07,0.12558484
2016-11-08,0.13087666
2016-11-09,0.12525128
2016-11-10,0.12160808
2016-11-11,0.14475416
2016-11-12,0.13783737
2016-11-13,0.123717025
2016-11-14,0.12474474
2016-11-15,0.11481864
2016-11-16,0.112271346
2016-11-17,0.1143217
2016-11-18,0.111745656
2016-11-19,0.11102783
2016-11-20,0.11207922
2016-11-21,0.11106276
2016-11-22,0.111264475
2016-11-23,0.10829459
2016-11-24,0.102399334
2016-11-25,0.100946225
2016-11-26,0.10087636
2016-11-27,0.10223425
2016-11-28,0.099062644
2016-11-29,0.09613728
2016-11-30,0.09704892
2016-12-01,0.0982051
2016-12-02,0.0966455
2016-12-03,0.095182806
2016-12-04,0.09319443
2016-12-05,0.09198586
2016-12-06,0.09354546
2016-12-07,0.08686082
2016-12-08,0.09538622
2016-12-09,0.08944475
2016-12-10,0.0860382
2016-12-11,0.08964816
2016-12-12,0.0836464
2016-12-13,0.083244674
2016-12-14,0.08758992
2016-12-15,0.08461045
2016-12-16,0.10096709
2016-12-17,0.11180933
2016-12-18,0.095328726
2016-12-19,0.08363682
2016-12-20,0.082955636
2016-12-21,0.087300874
2016-12-22,0.07861827
2016-12-23,0.07559769
2016-12-24,0.070280515
2016-12-25,0.07103496
2016-12-26,0.06947536
2016-12-27,0.069913715
2016-12-28,0.097106405
2016-12-29,0.0678932
2016-12-30,0.07106201
2016-12-31,0.074652806
2017-01-01,0.092243366
2017-01-02,0.07136343
2017-01-03,0.06886234
2017-01-04,0.08345766
2017-01-05,0.071365125
2017-01-06,0.09116664
2017-01-07,0.06778052
2017-01-08,0.087102555
2017-01-09,0.08057171
2017-01-10,0.13057862
2017-01-11,0.13953051
2017-01-12,0.0877544
2017-01-13,0.07217986
2017-01-14,0.06243181
2017-01-15,0.07679219
2017-01-16,0.089430675
2017-01-17,0.06438186
2017-01-18,0.06000677
2017-01-19,0.062276307
2017-01-20,0.07139557
2017-01-21,0.41497448
2017-01-22,0.42481354
2017-01-23,0.07586506
2017-01-24,0.05971943
2017-01-25,0.057948533
2017-01-26,0.06921506
2017-01-27,0.079725444
2017-01-28,0.083884746
2017-01-29,0.05776878
2017-01-30,0.18507391
2017-01-31,2.5987332
2017-02-01,0.21146677
2017-02-02,0.100667365
2017-02-03,0.21757528
2017-02-04,0.114072576
2017-02-05,0.053988647
2017-02-06,0.1173908
2017-02-07,0.061940454
2017-02-08,0.046691585
2017-02-09,1.8334818
2017-02-10,0.21306472
2017-02-11,0.90613896
2017-02-12,0.1564663
2017-02-13,0.21138139
2017-02-14,0.11475716
2017-02-15,0.044010144
2017-02-16,0.04830698
2017-02-17,0.053465255
2017-02-18,0.057292692
2017-02-19,0.053717673
2017-02-20,0.054559454
2017-02-21,0.071738705
2017-02-22,0.8623152
2017-02-23,0.098357186
2017-02-24,0.048130617
2017-02-25,0.052615594
2017-02-26,0.051537167
2017-02-27,0.11554214
2017-02-28,0.063447654
2017-03-01,0.06580682
2017-03-02,0.041477516
2017-03-03,0.040974382
2017-03-04,0.21756971
2017-03-05,0.049410053
2017-03-06,0.13481797
2017-03-07,0.2806444
2017-03-08,0.08023576
2017-03-09,0.1161963
2017-03-10,0.058270212
2017-03-11,0.31912845
2017-03-12,2.0766993
2017-03-13,0.3038926
2017-03-14,0.059922736
2017-03-15,0.24077436
2017-03-16,0.16492236
2017-03-17,0.05199009
2017-03-18,0.11923156
2017-03-19,0.06588227
2017-03-20,2.9615068
2017-03-21,0.24888729
2017-03-22,0.075740814
2017-03-23,0.092076585
2017-03-24,0.43172947
2017-03-25,0.05999409
2017-03-26,0.06564513
2017-03-27,0.11516239
2017-03-28,0.06811293
2017-03-29,0.43355697
2017-03-30,0.3231083
2017-03-31,4.46147
2017-04-01,0.44431663
2017-04-02,0.03953076
2017-04-03,0.040993545
2017-04-04,0.054386485
2017-04-05,0.04108537
2017-04-06,0.030128747
2017-04-07,0.103894755
2017-04-08,0.13040675
2017-04-09,0.14212403
2017-04-10,0.12377731
2017-04-11,0.048142396
2017-04-12,0.030864032
2017-04-13,0.044182613
2017-04-14,0.06057079
2017-04-15,0.2503128
2017-04-16,0.15490723
2017-04-17,2.063699
2017-04-18,0.16582638
2017-04-19,0.041816168
2017-04-20,5.4471383
2017-04-21,0.41697443
2017-04-22,0.052637555
2017-04-23,0.053350877
2017-04-24,0.060805738
2017-04-25,0.052315272
2017-04-26,0.049566254
2017-04-27,0.050241258
2017-04-28,0.051379967
2017-04-29,0.041129883
2017-04-30,0.040466163
2017-05-01,0.0654513
2017-05-02,0.08987073
2017-05-03,0.046256024
2017-05-04,0.034122963
2017-05-05,0.43492085
2017-05-06,0.07781172
2017-05-07,0.03363051
2017-05-08,0.031558197
2017-05-09,0.102387555
2017-05-10,0.080331676
2017-05-11,0.8651088
2017-05-12,0.24598102
2017-05-13,0.08422948
2017-05-14,0.14204687
2017-05-15,0.091940746
2017-05-16,0.3100548
2017-05-17,0.19204909
2017-05-18,1.9346753
2017-05-19,0.23207396
2017-05-20,0.109082274
2017-05-21,0.08070805
2017-05-22,0.040616572
2017-05-23,0.038696967
2017-05-24,0.042533983
2017-05-25,0.056357395
2017-05-26,0.05777387
2017-05-27,0.10180438
2017-05-28,0.03538164
2017-05-29,0.040704504
2017-05-30,0.042148024
2017-05-31,0.04953302
2017-06-01,0.029093137
2017-06-02,0.035352398
2017-06-03,0.051592957
2017-06-04,0.11126677
2017-06-05,0.05855137
2017-06-06,0.033192154
2017-06-07,0.03532535
2017-06-08,0.03473768
2017-06-09,0.03251266
2017-06-10,0.034545552
2017-06-11,0.035228435
2017-06-12,0.047212787
2017-06-13,0.06427596
2017-06-14,0.04577036
2017-06-15,0.056462195
2017-06-16,0.06646436
2017-06-17,0.120287426
2017-06-18,0.0962815
2017-06-19,0.043189224
2017-06-20,0.07084792
2017-06-21,0.11683466
2017-06-22,0.12563893
2017-06-23,0.040204663
2017-06-24,0.045005232
2017-06-25,0.06114888
2017-06-26,0.06132973
2017-06-27,0.030317483
2017-06-28,0.033757865
2017-06-29,0.063709155
2017-06-30,0.061539326
2017-07-01,0.036835346
2017-07-02,0.038522303
2017-07-03,0.033300344
2017-07-04,0.11523904
2017-07-05,0.041502267
2017-07-06,0.032074302
2017-07-07,0.030980108
2017-07-08,0.032285597
2017-07-09,0.037261326
2017-07-10,0.0354031
2017-07-11,0.029288663
2017-07-12,0.034064375
2017-07-13,0.03412466
2017-07-14,0.03899559
2017-07-15,0.033878434
2017-07-16,0.032985948
2017-07-17,0.02806262
2017-07-18,0.028834537
2017-07-19,0.040310662
2017-07-20,0.04213056
2017-07-21,0.03242363
2017-07-22,0.031794842
2017-07-23,0.04917581
2017-07-24,0.02965376
2017-07-25,0.027783157
2017-07-26,0.028291382
2017-07-27,0.033486288
2017-07-28,0.029744485
2017-07-29,0.028939335
2017-07-30,0.029990712
2017-07-31,0.031146888
2017-08-01,0.02687151
2017-08-02,0.028221516
2017-08-03,0.029412623
2017-08-04,0.03274142
2017-08-05,0.037839416
2017-08-06,0.028377013
2017-08-07,0.026661914
2017-08-08,0.02876467
2017-08-09,0.029990712
2017-08-10,0.030060578
2017-08-11,0.045812078
2017-08-12,0.028901005
2017-08-13,0.027748223
2017-08-14,0.027748223
2017-08-15,0.027748223
2017-08-16,0.025304027
2017-08-17,0.025418406
2017-08-18,0.026250605
2017-08-19,0.029833514
2017-08-20,0.0273448
2017-08-21,0.026355404
2017-08-22,0.027117737
2017-08-23,0.029885914
2017-08-24,0.04363946
2017-08-25,0.026317079
2017-08-26,0.029763648
2017-08-27,0.03739317
2017-08-28,0.14568108
2017-08-29,0.033121087
2017-08-30,0.043631572
2017-08-31,0.03203767
2017-09-01,0.040721968
2017-09-02,0.039703827
2017-09-03,0.04285796
2017-09-04,0.030031832
2017-09-05,0.026749246
2017-09-06,0.024419429
2017-09-07,0.02400812
2017-09-08,0.023990653
2017-09-09,0.02643485
2017-09-10,0.024962584
2017-09-11,0.022413587
2017-09-12,0.025786897
2017-09-13,0.020039253
2017-09-14,0.019111838
2017-09-15,0.021792682
2017-09-16,0.018165259
2017-09-17,0.020908082
2017-09-18,0.017841281
2017-09-19,0.020619038
2017-09-20,0.0240701
2017-09-21,0.020749187
2017-09-22,0.022151591
2017-09-23,0.021984812
2017-09-24,0.025226276
2017-09-25,0.018374855
2017-09-26,0.020636505
2017-09-27,0.019724859
2017-09-28,0.017210795
2017-09-29,0.019226218
2017-09-30,0.018822793
2017-10-01,0.017429972
2017-10-02,0.046673026
2017-10-03,0.021401633
2017-10-04,0.036492802
2017-10-05,0.029699972
2017-10-06,0.08649632
2017-10-07,0.04482827
2017-10-08,0.019098863
2017-10-09,0.019261152
2017-10-10,0.018279638
2017-10-11,0.016851885
2017-10-12,0.018665595
2017-10-13,0.015257352
2017-10-14,0.022634462
2017-10-15,0.016605658
2017-10-16,0.020531707
2017-10-17,0.02732903
2017-10-18,0.026118759
2017-10-19,0.0170519
2017-10-20,0.017833397
2017-10-21,0.017920729
2017-10-22,0.016019685
2017-10-23,0.01834162
2017-10-24,0.03968187
2017-10-25,0.018774886
2017-10-26,0.014626865
2017-10-27,0.018254288
2017-10-28,0.018498816
2017-10-29,0.025016678
2017-10-30,0.018374855
2017-10-31,0.019278618
2017-11-01,0.016921751
2017-11-02,0.049353868
2017-11-03,0.021033142
2017-11-04,0.01744744
2017-11-05,0.017885797
2017-11-06,0.015204953
2017-11-07,0.015573444
2017-11-08,0.013978911
2017-11-09,0.012244647
2017-11-10,0.013769314
2017-11-11,0.014417268
2017-11-12,0.014995356
2017-11-13,0.008512425
2017-11-14,0.010809009
2017-11-15,0.012613138
2017-11-16,0.018149488
2017-11-17,0.01578304
2017-11-18,0.01180629
2017-11-19,0.015635425
2017-11-20,0.017526885
2017-11-21,0.010842244
2017-11-22,0.03702019
2017-11-23,0.013203601
2017-11-24,0.017536469
2017-11-25,0.040733248
2017-11-26,0.016128976
2017-11-27,0.01336589
2017-11-28,0.011666559
2017-11-29,0.013191226
2017-11-30,0.012752869
2017-12-01,0.013261091
2017-12-02,0.011666559
2017-12-03,0.04768158
2017-12-04,0.017143723
2017-12-05,0.010685046
2017-12-06,0.01203505
2017-12-07,0.019744022
2017-12-08,0.021319391
2017-12-09,0.015414549
2017-12-10,0.014487133
2017-12-11,0.01336589
2017-12-12,0.013296024
2017-12-13,0.011666559
2017-12-14,0.015635425
2017-12-15,0.018070042
2017-12-16,0.023098169
2017-12-17,0.022597833
2017-12-18,0.015212838
2017-12-19,0.029134858
2017-12-20,0.024629025
2017-12-21,0.013416592
2017-12-22,0.029012594
2017-12-23,0.013222765
2017-12-24,0.009424072
2017-12-25,0.008163097
2017-12-26,0.013524784
2017-12-27,0.010615181
2017-12-28,0.01203505
2017-12-29,0.020830331
2017-12-30,0.018945057
2017-12-31,0.012269998
2018-01-01,0.012122382
2018-01-02,0.12457298
2018-01-03,0.023173023
2018-01-04,0.009397024
2018-01-05,0.009231942
2018-01-06,0.013323072
2018-01-07,0.017115578
2018-01-08,0.015441597
2018-01-09,0.012331979
2018-01-10,0.011325115
2018-01-11,0.009100095
2018-01-12,0.012490873
2018-01-13,0.027654706
2018-01-14,0.049255252
2018-01-15,0.021795474
2018-01-16,0.09001106
2018-01-17,0.062199656
2018-01-18,0.10900513
2018-01-19,0.03447788
2018-01-20,0.053652897
2018-01-21,0.065255776
2018-01-22,0.022721194
2018-01-23,0.010981975
2018-01-24,0.04027912
2018-01-25,0.015042664
2018-01-26,0.032849614
2018-01-27,0.014825182
2018-01-28,0.022275552
2018-01-29,0.017131347
2018-01-30,0.053427532
2018-01-31,0.029985622
2018-02-01,0.035115752
2018-02-02,0.089867935
2018-02-03,0.031713095
2018-02-04,0.035895552
2018-02-05,0.020668045
2018-02-06,0.6309762
2018-02-07,0.105140045
2018-02-08,0.013933797
2018-02-09,0.01773818
2018-02-10,0.08963469
2018-02-11,0.08363682
2018-02-12,0.06122942
2018-02-13,0.035661705
2018-02-14,0.07212806
2018-02-15,0.1055332
2018-02-16,0.07982346
2018-02-17,0.05984618
2018-02-18,4.8077536
2018-02-19,2.0883572
2018-02-20,0.20378886
2018-02-21,4.937596
2018-02-22,0.3533096
2018-02-23,1.9142294
2018-02-24,0.1658727
2018-02-25,0.034534276
2018-02-26,0.04848334
2018-02-27,0.04100762
2018-02-28,0.029874636
2018-03-01,0.072645865
2018-03-02,0.042851172
2018-03-03,0.06981401
2018-03-04,0.034748357
2018-03-05,0.08261479
2018-03-06,0.051084135
2018-03-07,0.022776986
2018-03-08,0.015397083
2018-03-09,0.0131292455
2018-03-10,0.01083436
2018-03-11,0.0011894119
2018-03-12,0.0008496656
2018-03-13,0.0019534423
2018-03-14,0.0014801528
2018-03-15,0.0017167976
2018-03-16,0.009881592
2018-03-17,0.022355
2018-03-18,0.01877828
2018-03-19,0.0011178494
2018-03-20,0.015208346
2018-03-21,0.016186465
2018-03-22,0.0036938943
2018-03-23,0.01538301
2018-03-24,0.1419269
2018-03-25,0.04437015
2018-03-26,0.013676892
2018-03-27,0.031693436
2018-03-28,0.12230006
2018-03-29,0.15927792
2018-03-30,0.07899854
2018-03-31,0.013687571
2018-04-01,0.0546378
2018-04-02,0.072728105
2018-04-03,0.04573373
2018-04-04,0.009987487
2018-04-05,0.1082879
2018-04-06,0.024858283
2018-04-07,0.0112011535
2018-04-08,0.004719921
2018-04-09,0.012754566
2018-04-10,0.03339277
2018-04-11,0.049350474
2018-04-12,0.006026507
2018-04-13,0.0072531486
2018-04-14,0.0026267471
2018-04-15,0.0012260416
2018-04-16,0.0008845984
2018-04-17,0.009829193
2018-04-18,0.0060603423
2018-04-19,0.003879837
2018-04-20,0.0043007275
2018-04-21,0.01927243
2018-04-22,3.4461849
2018-04-23,0.22373387
2018-04-24,0.09899399
2018-04-25,0.0069009233
2018-04-26,0.001392821
2018-04-27,8.733198e-05
2018-04-28,0.0016294656
2018-04-29,0.04084144
2018-04-30,0.027061945
2018-05-01,0.032531824
2018-05-02,0.0025343243
2018-05-03,0.012527503
2018-05-04,0.0366517
2018-05-05,0.01425498
2018-05-06,0.002397987
2018-05-07,0.0060795057
2018-05-08,0.061489224
2018-05-09,0.115276754
2018-05-10,0.18097089
2018-05-11,0.04240992
2018-05-12,0.087012425
2018-05-13,0.023391105
2018-05-14,0.08045344
2018-05-15,0.0143338265
2018-05-16,0.048391517
2018-05-17,0.13736922
2018-05-18,0.021129703
2018-05-19,0.007864472
2018-05-20,0.006428834
2018-05-21,0.04465141
2018-05-22,0.026474275
2018-05-23,0.009666905
2018-05-24,0.016818648
2018-05-25,0.020329995
2018-05-26,0.016991617
2018-05-27,0.0037288272
2018-05-28,0.002347285
2018-05-29,0.012089146
2018-05-30,0.0056569185
2018-05-31,0.0030301714
2018-06-01,0.009136725
2018-06-02,0.0022058566
2018-06-03,0.01015317
2018-06-04,0.011509361
2018-06-05,0.0061302083
2018-06-06,0.001707216
2018-06-07,0.0014452201
2018-06-08,0.0047041513
2018-06-09,0.0016548168
2018-06-10,0.002259953
2018-06-11,0.015891233
2018-06-12,0.0053582927
2018-06-13,0.0013657728
2018-06-14,0.0016993312
2018-06-15,0.0077089714
2018-06-16,0.0042911456
2018-06-17,0.015452876
2018-06-18,0.004508627
2018-06-19,0.0029428394
2018-06-20,0.0007178192
2018-06-21,0.0062812176
2018-06-22,0.0020311926
2018-06-23,0.00445004
2018-06-24,0.0027236608
2018-06-25,0.0045024394
2018-06-26,0.0038099713
2018-06-27,0.0007702184
2018-06-28,0.0022075537
2018-06-29,0.0014976192
2018-06-30,0.007963083
2018-07-01,0.001592836
2018-07-02,0.0019709088
2018-07-03,0.00012226477
2018-07-04,0.0046168193
2018-07-05,0.020122094
2018-07-06,0.001275047
2018-07-07,1.6491086e-11
2018-07-08,0.0024441986
2018-07-09,0.00667506
2018-07-10,0.00422128
2018-07-11,0.0029603057
2018-07-12,0.002347285
2018-07-13,0.0036702403
2018-07-14,0.0026712616
2018-07-15,0.0020582408
2018-07-16,0.0036527738
2018-07-17,0.00022706317
2018-07-18,0.0016294656
2018-07-19,0.000104798375
2018-07-20,1.3554317e-12
2018-07-21,1.7530762e-20
2018-07-22,2.2673778e-28
2018-07-23,2.9325605e-36
2018-07-24,0.014122036
2018-07-25,0.001994563
2018-07-26,0.0027856417
2018-07-27,0.0028904402
2018-07-28,0.00017466396
2018-07-29,0.004888397
2018-07-30,0.0027585935
2018-07-31,0.0045024394
2018-08-01,0.023906715
2018-08-02,0.023517363
2018-08-03,0.0030442437
2018-08-04,0.0011911088
2018-08-05,0.0027856417
2018-08-06,0.004248328
2018-08-07,0.0029777722
2018-08-08,0.0039767507
2018-08-09,0.005676082
2018-08-10,0.001707216
2018-08-11,0.0038894184
2018-08-12,0.0016024176
2018-08-13,0.0025315306
2018-08-14,0.001243508
2018-08-15,0.0022424865
2018-08-16,0.0006828864
2018-08-17,0.010083304
2018-08-18,0.0098798955
2018-08-19,0.0014085904
2018-08-20,0.0011387096
2018-08-21,0.0046866853
2018-08-22,0.0024695497
2018-08-23,0.0020407743
2018-08-24,0.00066541997
2018-08-25,3.4932793e-05
2018-08-26,0.0008147328
2018-08-27,0.0011387096
2018-08-28,6.9865586e-05
2018-08-29,9.036212e-13
2018-08-30,1.1687174e-20
2018-08-31,1.5115853000000002e-28
2018-09-01,1.9550405e-36
2018-09-02,2.5e-44
2018-09-03,0.0
2018-09-04,0.0
2018-09-05,0.0
2018-09-06,0.0038020865
2018-09-07,0.00024452954
2018-09-08,3.1626741e-12
2018-09-09,4.090511e-20
2018-09-10,0.0016294656
2018-09-11,0.000104798375
2018-09-12,0.0010863105
2018-09-13,0.006044573
2018-09-14,0.0014705712
2018-09-15,0.008760349
2018-09-16,0.0016452351
2018-09-17,0.0052298405
2018-09-18,0.00033186155
2018-09-19,4.2922007e-12
2018-09-20,5.551407999999999e-20
2018-09-21,0.00013578881
2018-09-22,8.733198e-06
2018-09-23,0.00054315524
2018-09-24,0.0022075537
2018-09-25,0.00013973117
2018-09-26,0.006246285
2018-09-27,0.017239539
2018-09-28,0.008143934
2018-09-29,0.0023551695
2018-09-30,0.00039384238
2018-10-01,1.7466398e-05
2018-10-02,0.0027157762
2018-10-03,0.0007178192
2018-10-04,0.002750709
2018-10-05,0.002347285
2018-10-06,0.00013973117
2018-10-07,0.004888397
2018-10-08,0.00031439515
2018-10-09,0.004345242
2018-10-10,0.00027946234
2018-10-11,3.6144848e-12
2018-10-12,0.0027157762
2018-10-13,0.0056062164
2018-10-14,0.00062090554
2018-10-15,0.0008321992
2018-10-16,0.0030397528
2018-10-17,0.0010068632
2018-10-18,5.239919e-05
2018-10-19,0.00054315524
2018-10-20,3.4932793e-05
2018-10-21,0.00054315524
2018-10-22,3.4932793e-05
2018-10-23,4.518106e-13
2018-10-24,0.0016294656
2018-10-25,0.000104798375
2018-10-26,1.3554317e-12
2018-10-27,0.00054315524
2018-10-28,3.4932793e-05
2018-10-29,0.0016294656
2018-10-30,0.0025489968
2018-10-31,0.0007003528
2018-11-01,0.011169615
2018-11-02,0.0020740102
2018-11-03,0.03457769
2018-11-04,0.007106629
2018-11-05,0.009004879
2018-11-06,0.0054473216
2018-11-07,0.0062891026
2018-11-08,0.00038426073
2018-11-09,0.0010863105
2018-11-10,0.020709764
2018-11-11,0.004857955
2018-11-12,0.008917547
2018-11-13,0.0070767873
2018-11-14,0.042242147
2018-11-15,0.0026898251
2018-11-16,3.4789418e-11
2018-11-17,0.0010863105
2018-11-18,0.0019709088
2018-11-19,0.00012226477
2018-11-20,1.5813371e-12
2018-11-21,0.0032589312
2018-11-22,0.00020959675
2018-11-23,0.00054315524
2018-11-24,0.0022075537
2018-11-25,0.00013973117
2018-11-26,0.0008147328
2018-11-27,0.0073849945
2018-11-28,0.0040021017
2018-11-29,0.00022706317
2018-11-30,0.0032589312
2018-12-01,0.00020959675
2018-12-02,2.7108634e-12
2018-12-03,3.5061524e-20
2018-12-04,4.5347556e-28
2018-12-05,5.865121e-36
2018-12-06,7.6e-44
2018-12-07,0.0027157762
2018-12-08,0.00017466396
2018-12-09,2.259053e-12
2018-12-10,2.9217935e-20
2018-12-11,0.009233639
2018-12-12,0.020962179
2018-12-13,0.05345288
2018-12-14,0.006612479
2018-12-15,0.3193133
2018-12-16,0.033015586
2018-12-17,0.02768964
2018-12-18,0.03513322
2018-12-19,0.020887222
2018-12-20,0.106441505
2018-12-21,0.25607648
2018-12-22,0.037760362
2018-12-23,0.16352914
2018-12-24,0.03894309
2018-12-25,0.01921494
2018-12-26,0.029090345
2018-12-27,0.015106343
2018-12-28,0.016335776
2018-12-29,0.0132165775
2018-12-30,0.04966996
2018-12-31,0.017265987
2019-01-01,0.06445742
2019-01-02,0.025483781
2019-01-03,0.061914604
2019-01-04,0.30967394
2019-01-05,0.19809365
2019-01-06,0.9956727
2019-01-07,4.347435
2019-01-08,0.27879134
2019-01-09,0.03605785
2019-01-10,2.899224
2019-01-11,0.2368275
2019-01-12,0.049960103
2019-01-13,0.3321563
2019-01-14,0.17298116
2019-01-15,0.101013795
2019-01-16,0.29564202
2019-01-17,0.2655007
2019-01-18,0.07833981
2019-01-19,0.025200326
2019-01-20,0.12900385
2019-01-21,0.268109
2019-01-22,0.0536499
2019-01-23,0.11725276
2019-01-24,0.014449304
2019-01-25,0.0050709457
2019-01-26,0.008444257
2019-01-27,0.079553075
2019-01-28,0.012686894
2019-01-29,0.020042647
2019-01-30,0.20168187
2019-01-31,0.060687862
2019-02-01,0.027244493
2019-02-02,0.056141607
2019-02-03,0.028767463
2019-02-04,0.024436895
2019-02-05,0.008799773
2019-02-06,0.20334007
2019-02-07,0.3742456
2019-02-08,0.14435393
2019-02-09,0.031145688
2019-02-10,1.7366114
2019-02-11,0.21723649
2019-02-12,0.036396388
2019-02-13,0.0024469926
2019-02-14,0.03588318
2019-02-15,0.019686531
2019-02-16,0.1800875
2019-02-17,0.042198624
2019-02-18,0.005232634
2019-02-19,0.17293295
2019-02-20,0.17296888
2019-02-21,0.021816233
2019-02-22,0.026805038
2019-02-23,2.348379
2019-02-24,0.89097613
2019-02-25,0.34497342
2019-02-26,0.066651784
2019-02-27,0.013104991
2019-02-28,0.028075596
2019-03-01,0.1704138
2019-03-02,0.051040117
2019-03-03,0.1340286
2019-03-04,0.008453736
2019-03-05,0.11677838
2019-03-06,0.050148237
2019-03-07,5.365857
2019-03-08,0.3509011
2019-03-09,0.0077168606
2019-03-10,0.048540834
2019-03-11,0.020744096
2019-03-12,0.022046793
2019-03-13,0.008134353
2019-03-14,0.015645007
2019-03-15,0.010211757
2019-03-16,0.003038056
2019-03-17,0.28449896
2019-03-18,1.28058
2019-03-19,0.3603656
2019-03-20,0.10160136
2019-03-21,0.040141586
2019-03-22,0.023418752
2019-03-23,0.022002278
2019-03-24,3.0913374
2019-03-25,0.21557048
2019-03-26,0.004070273
2019-03-27,0.15200402
2019-03-28,3.1437693
2019-03-29,0.25098935
2019-03-30,0.010511482
2019-03-31,0.0118778525
2019-04-01,0.049345985
2019-04-02,0.013174857
2019-04-03,0.02291562
2019-04-04,0.011752194
2019-04-05,0.011798405
2019-04-06,0.013480269
2019-04-07,0.011684025
2019-04-08,0.011561761
2019-04-09,0.0074880966
2019-04-10,0.009670299
2019-04-11,0.0098274965
2019-04-12,0.028294774
2019-04-13,0.021878315
2019-04-14,0.009439842
2019-04-15,0.019806003
2019-04-16,0.012917952
2019-04-17,0.014873091
2019-04-18,0.009598736
2019-04-19,0.011150451
2019-04-20,0.032998927
2019-04-21,0.024076289
2019-04-22,0.083702795
2019-04-23,0.019957509
2019-04-24,0.011534712
2019-04-25,0.011001139
2019-04-26,0.014242604
2019-04-27,0.05192991
2019-04-28,0.067376
2019-04-29,0.08776797
2019-04-30,0.08196454
2019-05-01,0.036156952
2019-05-02,0.029166399
2019-05-03,0.08539255
2019-05-04,0.066484615
2019-05-05,0.0517276
2019-05-06,0.036206555
2019-05-07,0.15394278
2019-05-08,0.023342596
2019-05-09,0.016353244
2019-05-10,0.012130267
2019-05-11,0.014838158
2019-05-12,0.11252665
2019-05-13,0.031077519
2019-05-14,0.09550289
2019-05-15,0.045693703
2019-05-16,0.011240577
2019-05-17,0.10701735
2019-05-18,0.02368464
2019-05-19,0.021451239
2019-05-20,0.033899292
2019-05-21,0.01648958
2019-05-22,0.007986737
2019-05-23,0.019192982
2019-05-24,0.09951628
2019-05-25,0.016371207
2019-05-26,0.02427351
2019-05-27,0.033837315
2019-05-28,0.022989977
2019-05-29,0.027687943
2019-05-30,0.021247828
2019-05-31,0.019453282
2019-06-01,0.028599588
2019-06-02,0.013985098
2019-06-03,0.012192248
2019-06-04,0.018657712
2019-06-05,0.024780035
2019-06-06,0.011839526
2019-06-07,0.019402578
2019-06-08,0.03243661
2019-06-09,0.24805795
2019-06-10,0.047870714
2019-06-11,0.021614622
2019-06-12,0.014836461
2019-06-13,0.009563804
2019-06-14,0.01712516
2019-06-15,0.02387797
2019-06-16,0.010157661
2019-06-17,0.023099868
2019-06-18,0.038384266
2019-06-19,0.03197739
2019-06-20,0.010865899
2019-06-21,0.005736366
2019-06-22,0.0065781465
2019-06-23,0.014252186
2019-06-24,0.010124425
2019-06-25,0.01281485
2019-06-26,0.0100196265
2019-06-27,0.009555919
2019-06-28,0.0060079433
2019-06-29,0.0063240356
2019-06-30,0.0066305455
2019-07-01,0.0096353665
2019-07-02,0.009555919
2019-07-03,0.002749012
2019-07-04,0.0061144386
2019-07-05,0.005815813
2019-07-06,0.017187139
2019-07-07,0.02335228
2019-07-08,0.019356368
2019-07-09,0.0044117137
2019-07-10,0.008356925
2019-07-11,0.012473407
2019-07-12,0.0013116767
2019-07-13,0.0051949075
2019-07-14,0.008750767
2019-07-15,0.012490873
2019-07-16,0.013532669
2019-07-17,0.042915452
2019-07-18,0.006780956
2019-07-19,0.005421971
2019-07-20,0.009837078
2019-07-21,0.018263869
2019-07-22,0.003851092
2019-07-23,0.0034335952
2019-07-24,0.004011683
2019-07-25,0.0054045045
2019-07-26,0.004405526
2019-07-27,0.0075945915
2019-07-28,0.005903145
2019-07-29,0.0063240356
2019-07-30,0.0047295024
2019-07-31,0.0059825922
2019-08-01,0.0049836137
2019-08-02,0.0016548168
2019-08-03,0.0055188844
2019-08-04,0.0014356384
2019-08-05,0.0019709088
2019-08-06,0.004195929
2019-08-07,0.00026199594
2019-08-08,0.0016294656
2019-08-09,0.001734264
2019-08-10,0.000104798375
2019-08-11,0.0008147328
2019-08-12,0.0024965976
2019-08-13,0.001243508
2019-08-14,0.0049582627
2019-08-15,0.00031439515
2019-08-16,0.00054315524
2019-08-17,0.003293864
2019-08-18,0.014331633
2019-08-19,0.0036240288
2019-08-20,0.0015325521
2019-08-21,0.002259953
2019-08-22,0.0017691968
2019-08-23,0.00091953116
2019-08-24,5.2399188e-05
2019-08-25,0.00054315524
2019-08-26,0.0011212432
2019-08-27,0.0046866853
2019-08-28,0.0065432135
2019-08-29,0.0031175031
2019-08-30,0.00017466398
2019-08-31,2.2590532e-12
2019-09-01,2.9217939999999996e-20
2019-09-02,0.002172621
2019-09-03,0.00013973117
2019-09-04,1.8072424e-12
2019-09-05,2.3374349e-20
2019-09-06,3.0231705000000003e-28
2019-09-07,0.00054315524
2019-09-08,0.000578088
2019-09-09,0.001935976
2019-09-10,0.0022948857
2019-09-11,0.004484973
2019-09-12,0.00082261756
2019-09-13,0.0013928209
2019-09-14,0.0003589096
2019-09-15,1.7466398e-05
2019-09-16,0.0032589312
2019-09-17,0.0012959072
2019-09-18,0.0030572193
2019-09-19,0.022189917
2019-09-20,0.003587399
2019-09-21,0.002312352
2019-09-22,0.0025839296
2019-09-23,0.006946638
2019-09-24,0.0023377032
2019-09-25,0.10929646
2019-09-26,0.018970907
2019-09-27,0.011088471
2019-09-28,0.003651077
2019-09-29,0.008882614
2019-09-30,0.0070767873
2019-10-01,0.005850746
2019-10-02,0.01827345
2019-10-03,0.058455657
2019-10-04,0.010746428
2019-10-05,0.0050709457
2019-10-06,0.01496212
2019-10-07,0.021039927
2019-10-08,0.012155618
2019-10-09,0.0006986559
2019-10-10,0.008147328
2019-10-11,0.0026966128
2019-10-12,0.002312352
2019-10-13,0.0014976192
2019-10-14,0.0017167976
2019-10-15,0.02155943
2019-10-16,0.008440863
2019-10-17,0.0023551695
2019-10-18,0.0017517303
2019-10-19,0.032422535
2019-10-20,0.0075100535
2019-10-21,0.013385053
2019-10-22,0.0076278276
2019-10-23,0.008583988
2019-10-24,0.0035113457
2019-10-25,0.0010068632
2019-10-26,0.0068418398
2019-10-27,0.0020661256
2019-10-28,0.0020058416
2019-10-29,0.0012085752
2019-10-30,0.0036003746
2019-10-31,0.015435409
2019-11-01,0.009397024
2019-11-02,0.0024425015
2019-11-03,0.0166885
2019-11-04,0.018989574
2019-11-05,0.0044117137
2019-11-06,0.0023822177
2019-11-07,0.0014976192
2019-11-08,0.0114935925
2019-11-09,0.0034493648
2019-11-10,0.0018041296
2019-11-11,0.0006479536
2019-11-12,0.0022075537
2019-11-13,0.0055712834
2019-11-14,0.00089248316
2019-11-15,0.005466485
2019-11-16,0.00089248316
2019-11-17,0.002750709
2019-11-18,0.0018041296
2019-11-19,0.0025489968
2019-11-20,0.002601396
2019-11-21,0.0007003528
2019-11-22,0.0084538385
2019-11-23,0.008688787
2019-11-24,0.0097576305
2019-11-25,0.0027664783
2019-11-26,0.006386016
2019-11-27,0.0096353665
2019-11-28,0.0076548755
2019-11-29,0.00072570395
2019-11-30,0.008979528
2019-12-01,0.00084796874
2019-12-02,0.0005606216
2019-12-03,0.010083304
2019-12-04,0.0039051878
2019-12-05,0.010529546
2019-12-06,0.054979246
2019-12-07,0.005394323
2019-12-08,0.00039384243
2019-12-09,0.001646932
2019-12-10,0.022102585
2019-12-11,0.0014147781
2019-12-12,0.00027157762
2019-12-13,0.0019185096
2019-12-14,0.00012226477
2019-12-15,1.5813371e-12
2019-12-16,0.0080115395
2019-12-17,0.0005152587
2019-12-18,6.6642065e-12
2019-12-19,0.0029873538
2019-12-20,0.00480895
2019-12-21,0.0020621833
2019-12-22,0.0014714197
2019-12-23,0.0011736425
2019-12-24,6.9865586e-05
2019-12-25,0.015751502
2019-12-26,0.0042719822
2019-12-27,0.08276919
2019-12-28,0.0074824058
2019-12-29,0.0020407746
2019-12-30,0.015873767
2019-12-31,0.0037288272
2020-01-01,0.114831075
2020-01-02,0.013888681
2020-01-03,0.0006907712
2020-01-04,1.7466402e-05
2020-01-05,0.0776712
2020-01-06,0.015315339
2020-01-07,0.021032045
2020-01-08,0.044219244
2020-01-09,0.0027596906
2020-01-10,3.569304e-11
2020-01-11,0.0024441986
2020-01-12,0.009662414
2020-01-13,0.050581604
2020-01-14,0.17593718
2020-01-15,0.060807332
2020-01-16,0.0143310325
2020-01-17,0.052587446
2020-01-18,0.1632953
2020-01-19,0.020879235
2020-01-20,0.08649971
2020-01-21,0.013938287
2020-01-22,0.021724513
2020-01-23,0.046172686
2020-01-24,0.029496564
2020-01-25,0.0296842
2020-01-26,0.50123024
2020-01-27,0.068512104
2020-01-28,0.012388869
2020-01-29,0.06147964
2020-01-30,0.026724992
2020-01-31,0.06365845
2020-02-01,0.04295394
2020-02-02,0.019896127
2020-02-03,0.0073641343
2020-02-04,0.020770049
2020-02-05,0.0037541783
2020-02-06,0.009390837
2020-02-07,0.0027664783
2020-02-08,0.02186594
2020-02-09,0.015247771
2020-02-10,0.053576846
2020-02-11,0.017510517
2020-02-12,0.06011217
2020-02-13,0.17734577
2020-02-14,0.040219832
2020-02-15,0.049666565
2020-02-16,21.373245
2020-02-17,1.8417984
2020-02-18,0.1826863
2020-02-19,0.10676932
2020-02-20,2.4746044
2020-02-21,5.567492
2020-02-22,0.3861532
2020-02-23,0.051618315
2020-02-24,0.14465335
2020-02-25,0.037072487
2020-02-26,0.470542
2020-02-27,0.10510243
2020-02-28,0.028991133
2020-02-29,0.09714983
2020-03-01,0.08381336
2020-03-02,0.4387223
2020-03-03,0.1593374
2020-03-04,0.025563126
2020-03-05,0.22569507
2020-03-06,5.6760235
2020-03-07,0.4466816
2020-03-08,0.02350549
2020-03-09,0.13342854
2020-03-10,0.053044863
2020-03-11,0.18808043
2020-03-12,0.040970888
2020-03-13,1.9507099
2020-03-14,0.17693861
2020-03-15,0.022872204
2020-03-16,0.009404909
2020-03-17,0.006227122
2020-03-18,0.023994047
2020-03-19,0.02270263
2020-03-20,0.03639589
2020-03-21,0.005240519
2020-03-22,0.034954064
2020-03-23,0.04052814
2020-03-24,0.17029773
2020-03-25,0.05098772
2020-03-26,0.04196378
2020-03-27,0.017740974
2020-03-28,0.0047802045
2020-03-29,0.005676082
2020-03-30,0.00034932792
2020-03-31,0.0135788815
2020-04-01,0.023633067
2020-04-02,0.002553488
2020-04-03,0.014191901
2020-04-04,0.034583878
2020-04-05,0.0059679197
2020-04-06,0.022513894
2020-04-07,0.015282703
2020-04-08,0.006593916
2020-04-09,0.004712036
2020-04-10,0.0016373504
2020-04-11,0.035120845
2020-04-12,0.12609255
2020-04-13,0.35313982
2020-04-14,0.1058457
2020-04-15,0.06729934
2020-04-16,1.5079792
2020-04-17,0.19123791
2020-04-18,0.17771536
2020-04-19,0.030049196
2020-04-20,0.07101809
2020-04-21,0.025128763
2020-04-22,0.045594595
2020-04-23,0.06911196
2020-04-24,0.028160632
2020-04-25,0.014844347
2020-04-26,0.007916871
2020-04-27,0.0072435667
2020-04-28,0.008040833
2020-04-29,0.04258359
2020-04-30,0.024433501
2020-05-01,0.013697464
2020-05-02,0.030387947
2020-05-03,5.6833076
2020-05-04,0.7075848
2020-05-05,0.039931785
2020-05-06,0.01853375
2020-05-07,0.03533663
2020-05-08,0.084217206
2020-05-09,0.031346302
2020-05-10,0.023402983
2020-05-11,0.042133953
2020-05-12,0.20657475
2020-05-13,0.043533955
2020-05-14,0.03210135
2020-05-15,0.02366498
2020-05-16,0.030456116
2020-05-17,0.037717152
2020-05-18,0.010996048
2020-05-19,0.004361011
2020-05-20,0.009749746
2020-05-21,0.040261656
2020-05-22,0.0077100685
2020-05-23,0.0065781465
2020-05-24,0.0042038136
2020-05-25,0.0054045045
2020-05-26,0.0019613272
2020-05-27,0.009610015
2020-05-28,0.008215497
2020-05-29,0.0023901023
2020-05-30,0.008269593
2020-05-31,0.024151245
2020-06-01,0.010421477
2020-06-02,0.01904367
2020-06-03,0.0049898014
2020-06-04,0.00703397
2020-06-05,0.00613979
2020-06-06,0.021821426
2020-06-07,0.005181932
2020-06-08,0.0037750385
2020-06-09,0.0040291497
2020-06-10,0.0024171504
2020-06-11,0.00828706
2020-06-12,0.012744985
2020-06-13,0.005945963
2020-06-14,0.022601226
2020-06-15,0.027503693
2020-06-16,0.0043925503
2020-06-17,0.013210389
2020-06-18,0.011429914
2020-06-19,0.043047298
2020-06-20,0.002724758
2020-06-21,0.0059747077
2020-06-22,0.010432632
2020-06-23,0.0098798955
2020-06-24,0.009012763
2020-06-25,0.009231942
2020-06-26,0.0021883904
2020-06-27,0.00091953116
2020-06-28,0.0024965976
2020-06-29,0.008032949
2020-06-30,0.0119127855
2020-07-01,0.00615142
2020-07-02,0.002521949
2020-07-03,0.007743904
2020-07-04,0.0018469471
2020-07-05,0.0028031082
2020-07-06,0.0039767507
2020-07-07,0.018168652
2020-07-08,0.014188507
2020-07-09,0.0046404735
2020-07-10,0.0029603057
2020-07-11,0.0012609744
2020-07-12,0.006044573
2020-07-13,0.0278136
2020-07-14,0.0036651494
2020-07-15,0.0044675064
2020-07-16,0.0019089279
2020-07-17,0.023188896
2020-07-18,0.032172915
2020-07-19,0.005232634
2020-07-20,0.0012959072
2020-07-21,0.0006130208
2020-07-22,0.009811726
2020-07-23,0.0014435231
2020-07-24,5.2399195e-05
2020-07-25,0.0013578881
2020-07-26,0.0011736425
2020-07-27,0.001156176
2020-07-28,0.0044151074
2020-07-29,0.0010941952
2020-07-30,0.0014102872
2020-07-31,0.0052473065
2020-08-01,0.0016749732
2020-08-02,0.0019883753
2020-08-03,0.004195929
2020-08-04,0.00026199594
2020-08-05,3.3885796e-12
2020-08-06,0.00027157762
2020-08-07,1.7466396e-05
2020-08-08,0.0016294656
2020-08-09,0.00091953116
2020-08-10,0.0003239768
2020-08-11,0.000289044
2020-08-12,0.000289044
2020-08-13,1.7466396e-05
2020-08-14,2.259053e-13
2020-08-15,0.0010863105
2020-08-16,0.0027856417
2020-08-17,0.0007178192
2020-08-18,0.0011212432
2020-08-19,6.9865586e-05
2020-08-20,9.036212e-13
2020-08-21,0.007604173
2020-08-22,0.0007606367
2020-08-23,0.0019185096
2020-08-24,0.00039384238
2020-08-25,0.0005606216
2020-08-26,0.0011212432
2020-08-27,0.001156176
2020-08-28,0.0030572193
2020-08-29,0.00019213036
2020-08-30,0.004345242
2020-08-31,0.0016373504
2020-09-01,0.005258917
2020-09-02,0.005763414
2020-09-03,0.00089248316
2020-09-04,0.0011212432
2020-09-05,6.9865586e-05
2020-09-06,0.0013578881
2020-09-07,8.733198e-05
2020-09-08,0.00054315524
2020-09-09,0.0016643984
2020-09-10,0.0033637297
2020-09-11,0.00075275195
2020-09-12,0.007639106
2020-09-13,0.0007606367
2020-09-14,0.001646932
2020-09-15,0.0011911088
2020-09-16,0.0036003746
2020-09-17,0.00022706317
2020-09-18,2.936769e-12
2020-09-19,0.0013578881
2020-09-20,0.0066051944
2020-09-21,0.0004191935
2020-09-22,0.0027157762
2020-09-23,0.010766191
2020-09-24,0.0020390775
2020-09-25,8.7331995e-05
2020-09-26,1.1295266e-12
2020-09-27,0.0010863105
2020-09-28,0.0022424865
2020-09-29,0.011002836
2020-09-30,0.0042291647
2020-10-01,0.0013418711
2020-10-02,0.0016993312
2020-10-03,0.0006479536
2020-10-04,0.0003065104
2020-10-05,0.00300482
2020-10-06,0.003179484
2020-10-07,0.0056236824
2020-10-08,0.00062090554
2020-10-09,0.0027332425
2020-10-10,0.007235682
2020-10-11,0.003984635
2020-10-12,0.0075596585
2020-10-13,0.0004715927
2020-10-14,0.0059747077
2020-10-15,0.00038426073
2020-10-16,0.0027157762
2020-10-17,0.0085935695
2020-10-18,0.004071967
2020-10-19,0.063776225
2020-10-20,0.004087137
2020-10-21,5.2861843e-11
2020-10-22,0.0013578881
2020-10-23,0.0006304872
2020-10-24,3.4932793e-05
2020-10-25,4.5181063e-13
2020-10-26,0.0010863105
2020-10-27,0.003871952
2020-10-28,0.0018739952
2020-10-29,0.015856301
2020-10-30,0.001013051
2020-10-31,0.002172621
2020-11-01,0.0055628396
2020-11-02,0.0033366818
2020-11-03,0.0012784408
2020-11-04,6.9865586e-05
2020-11-05,9.0362125e-13
2020-11-06,0.0010863105
2020-11-07,0.0036003746
2020-11-08,0.01652172
2020-11-09,0.0026774495
2020-11-10,0.0009195312
2020-11-11,0.0005955544
2020-11-12,3.4932793e-05
2020-11-13,4.518106e-13
2020-11-14,5.843587e-21
2020-11-15,7.557926000000001e-29
2020-11-16,9.7752025e-37
2020-11-17,1.3000000000000002e-44
2020-11-18,0.00027157762
2020-11-19,0.001646932
2020-11-20,0.000104798375
2020-11-21,1.3554317e-12
2020-11-22,1.7530762e-20
2020-11-23,2.2673778e-28
2020-11-24,0.007604173
2020-11-25,0.0029332575
2020-11-26,0.0017866632
2020-11-27,0.000104798375
2020-11-28,0.0010863105
2020-11-29,0.0006130208
2020-11-30,0.000578088
2020-12-01,0.000578088
2020-12-02,0.009811726
2020-12-03,0.004159299
2020-12-04,0.0034859944
2020-12-05,0.009714813
2020-12-06,0.017720714
2020-12-07,0.030430766
2020-12-08,0.018452605
2020-12-09,0.032568455
2020-12-10,0.0085439645
2020-12-11,0.018071737
2020-12-12,0.013899463
2020-12-13,0.03205235
2020-12-14,0.0063538775
2020-12-15,0.04264557
2020-12-16,0.0065268446
2020-12-17,0.02305705
2020-12-18,0.015046058
2020-12-19,0.09375286
2020-12-20,0.0065166624
2020-12-21,0.001392821
2020-12-22,8.733198e-05
2020-12-23,0.0032589312
2020-12-24,0.015146365
2020-12-25,0.035994165
2020-12-26,0.036471944
2020-12-27,0.004373387
2020-12-28,0.0001397312
2020-12-29,0.0073325955
2020-12-30,0.0015579031
2020-12-31,6.986559e-05
2021-01-01,0.0021768427
2021-01-02,0.040061638
2021-01-03,0.035971608
2021-01-04,0.005678876
2021-01-05,0.0062017706
2021-01-06,0.013419986
2021-01-07,0.0030110078
2021-01-08,0.063417315
2021-01-09,0.009772801
2021-01-10,0.019377228
2021-01-11,0.1304936
2021-01-12,0.014288712
2021-01-13,0.05850187
2021-01-14,0.087112136
2021-01-15,0.011336891
2021-01-16,0.05958818
2021-01-17,0.09044094
2021-01-18,0.021323282
2021-01-19,0.011333001
2021-01-20,0.18479334
2021-01-21,0.21118018
2021-01-22,0.026399216
2021-01-23,0.09022235
2021-01-24,3.992234
2021-01-25,1.726982
2021-01-26,4.689402
2021-01-27,0.33679378
2021-01-28,0.19085819
2021-01-29,0.051754545
2021-01-30,0.7933841
2021-01-31,0.06715681
2021-02-01,0.03175908
2021-02-02,0.04061717
2021-02-03,0.69637847
2021-02-04,5.083206
2021-02-05,7.066783
2021-02-06,0.48797122
2021-02-07,0.051290944
2021-02-08,1.8210146
2021-02-09,0.5498148
2021-02-10,0.96777153
2021-02-11,0.15007181
2021-02-12,0.06822676
2021-02-13,0.40948263
2021-02-14,0.05459298
2021-02-15,1.6997373
2021-02-16,0.14314711
2021-02-17,0.30010393
2021-02-18,0.060712013
2021-02-19,0.00484498
2021-02-20,0.071836226
2021-02-21,0.6523238
2021-02-22,4.3499646
2021-02-23,0.3042447
2021-02-24,0.027274938
2021-02-25,0.18196939
2021-02-26,0.112624556
2021-02-27,0.037728928
2021-02-28,2.0108683
2021-03-01,38.2263
2021-03-02,4.6029453
2021-03-03,2.4807782
2021-03-04,0.32798785
2021-03-05,0.79789436
2021-03-06,0.14889379
2021-03-07,0.5788085
2021-03-08,12.160587
2021-03-09,9.456639
2021-03-10,2.9427745
2021-03-11,15.601793
2021-03-12,2.160799
2021-03-13,0.63424885
2021-03-14,0.25539804
2021-03-15,1.2867255
2021-03-16,0.3094296
2021-03-17,0.8581569
2021-03-18,0.70304954
2021-03-19,0.31927955
2021-03-20,0.30192086
2021-03-21,0.33683038
2021-03-22,0.3844021
2021-03-23,0.35228547
2021-03-24,0.36496907
2021-03-25,0.37950858
2021-03-26,0.40428075
2021-03-27,0.38164738
2021-03-28,0.4477157
2021-03-29,0.452608
2021-03-30,0.44395244
2021-03-31,1.1967498
2021-04-01,0.6795649
2021-04-02,0.41220254
2021-04-03,0.4623251
2021-04-04,0.4390877
2021-04-05,0.88814247
2021-04-06,0.4728357
2021-04-07,0.42986706
2021-04-08,0.46696216
2021-04-09,0.4639759
2021-04-10,0.44325826
2021-04-11,0.42158
2021-04-12,0.40750584
2021-04-13,0.48462772
2021-04-14,0.41332725
2021-04-15,0.5053724
2021-04-16,0.6569019
2021-04-17,0.42590025
2021-04-18,0.44954967
2021-04-19,0.41187137
2021-04-20,0.44296193
2021-04-21,0.45137408
2021-04-22,0.39474446
2021-04-23,0.6075239
2021-04-24,0.39060366
2021-04-25,0.4143212
2021-04-26,0.46840122
2021-04-27,0.8185244
2021-04-28,1.6971133
2021-04-29,0.55072546
2021-04-30,2.1461008
2021-05-01,0.5601354
2021-05-02,0.55318695
2021-05-03,2.542903
2021-05-04,0.59399515
2021-05-05,0.542192
2021-05-06,0.59117335
2021-05-07,0.5785055
2021-05-08,0.5761521
2021-05-09,0.55135113
2021-05-10,0.55302066
2021-05-11,0.55105764
2021-05-12,0.5528189
2021-05-13,0.557558
2021-05-14,0.5605707
2021-05-15,0.5669917
2021-05-16,0.68444335
2021-05-17,0.5795382
2021-05-18,0.59376174
2021-05-19,0.5818343
2021-05-20,0.6456139
2021-05-21,0.68589073
2021-05-22,0.6135299
2021-05-23,0.55767006
2021-05-24,0.55737376
2021-05-25,0.5551217
2021-05-26,0.5511624
2021-05-27,0.5661262
2021-05-28,0.54537815
2021-05-29,0.5456103
2021-05-30,0.536753
2021-05-31,0.5361766
2021-06-01,0.5856038
2021-06-02,0.52767766
2021-06-03,0.5218467
2021-06-04,0.5353033
2021-06-05,0.57121015
2021-06-06,0.5283814
2021-06-07,0.54720825
2021-06-08,0.51655936
2021-06-09,0.5047215
2021-06-10,0.52609056
2021-06-11,0.48432446
2021-06-12,0.48100418
2021-06-13,0.51681745
2021-06-14,0.56773543
2021-06-15,0.48531497
2021-06-16,0.49556455
2021-06-17,0.46860513
2021-06-18,0.45512822
2021-06-19,0.45003194
2021-06-20,0.44404933
2021-06-21,0.4482994
2021-06-22,0.4377332
2021-06-23,0.436763
2021-06-24,0.5057262
2021-06-25,0.43412095
2021-06-26,0.41592303
2021-06-27,0.40583357
2021-06-28,0.40931338
2021-06-29,0.40876064
2021-06-30,0.3989314
2021-07-01,0.39019334
2021-07-02,0.39180395
2021-07-03,0.38053742
2021-07-04,0.3754586
2021-07-05,0.36648864
2021-07-06,0.36321396
2021-07-07,0.36195296
2021-07-08,0.358081
2021-07-09,0.34805968
2021-07-10,0.34797406
2021-07-11,0.34312057
2021-07-12,0.33683148
2021-07-13,0.3331883
2021-07-14,0.33216396
2021-07-15,0.3234211
2021-07-16,0.33291054
2021-07-17,0.3205211
2021-07-18,0.31533742
2021-07-19,0.30718222
2021-07-20,0.31102094
2021-07-21,0.3001657
2021-07-22,0.29293174
2021-07-23,0.28979677
2021-07-24,0.28690633
2021-07-25,0.27885592
2021-07-26,0.28622514
2021-07-27,0.27967063
2021-07-28,0.27324182
2021-07-29,0.26715443
2021-07-30,0.26542974
2021-07-31,0.26208347
2021-08-01,0.2540108
2021-08-02,0.24996108
2021-08-03,0.24919087
2021-08-04,0.24453913
2021-08-05,0.24261273
2021-08-06,0.23734795
2021-08-07,0.23294243
2021-08-08,0.22914992
2021-08-09,0.22349131
2021-08-10,0.22205566
2021-08-11,0.22117107
2021-08-12,0.21758816
2021-08-13,0.22007687
2021-08-14,0.21101789
2021-08-15,0.20933774
2021-08-16,0.22013097
2021-08-17,0.20697916
2021-08-18,0.2009284
2021-08-19,0.20548494
2021-08-20,0.19710885
2021-08-21,0.19600677
2021-08-22,0.19434237
2021-08-23,0.19125023
2021-08-24,0.18426865
2021-08-25,0.18546146
2021-08-26,0.18828203
2021-08-27,0.18411145
2021-08-28,0.17948675
2021-08-29,0.18083675
2021-08-30,0.16790582
2021-08-31,0.17630108
2021-09-01,0.16762541
2021-09-02,0.17793053
2021-09-03,0.16722293
2021-09-04,0.16757566
2021-09-05,0.16221398
2021-09-06,0.16295096
2021-09-07,0.1765997
2021-09-08,0.15873416
2021-09-09,0.15155429
2021-09-10,0.14763951
2021-09-11,0.16099133
2021-09-12,0.14557
2021-09-13,0.14615147
2021-09-14,0.14299734
2021-09-15,0.14170143
2021-09-16,0.14081684
2021-09-17,0.1423939
2021-09-18,0.19274056
2021-09-19,0.15197626
2021-09-20,0.13638255
2021-09-21,0.1287722
2021-09-22,0.12833554
2021-09-23,0.12779239
2021-09-24,0.1283006
2021-09-25,0.12534818
2021-09-26,0.147697
2021-09-27,0.1260626
2021-09-28,0.123220086
2021-09-29,0.11742962
2021-09-30,0.122222796
2021-10-01,0.113300964
2021-10-02,0.114899784
2021-10-03,0.11612582
2021-10-04,0.11565254
2021-10-05,0.120505996
2021-10-06,0.11158675
2021-10-07,0.11099289
2021-10-08,0.11099289
2021-10-09,0.110449746
2021-10-10,0.10960008
2021-10-11,0.12339814
2021-10-12,0.105821654
2021-10-13,0.1038192
2021-10-14,0.100779444
2021-10-15,0.10357466
2021-10-16,0.11109939
2021-10-17,0.10097946
2021-10-18,0.10002669
2021-10-19,0.105983935
2021-10-20,0.10528188
2021-10-21,0.10847095
2021-10-22,0.103249
2021-10-23,0.09692496
2021-10-24,0.09463966
2021-10-25,0.10728154
2021-10-26,0.09207938
2021-10-27,0.089690976
2021-10-28,0.09340573
2021-10-29,0.084959775
2021-10-30,0.08331454
2021-10-31,0.083244674
2021-11-01,0.08758992
2021-11-02,0.08895569
2021-11-03,0.083594
2021-11-04,0.08433098
2021-11-05,0.08331454
2021-11-06,0.10524246
2021-11-07,0.08357314
2021-11-08,0.082903236
2021-11-09,0.081326164
2021-11-10,0.07470351
2021-11-11,0.071568534
2021-11-12,0.07248019
2021-11-13,0.071735315
2021-11-14,0.071954496
2021-11-15,0.070070915
2021-11-16,0.07212127
2021-11-17,0.0771494
2021-11-18,0.07393329
2021-11-19,0.09380296
2021-11-20,0.06875245
2021-11-21,0.065971896
2021-11-22,0.06698835
2021-11-23,0.065971896
2021-11-24,0.114242844
2021-11-25,0.24825227
2021-11-26,0.12712856
2021-11-27,0.07833202
2021-11-28,0.06812536
2021-11-29,0.17029265
2021-11-30,0.09922373
2021-12-01,0.07932186
2021-12-02,0.08836184
2021-12-03,0.075718254
2021-12-04,0.061555095
2021-12-05,0.05798347
2021-12-06,0.058759324
2021-12-07,0.056783628
2021-12-08,0.09793242
2021-12-09,0.059035942
2021-12-10,0.06423933
2021-12-11,0.20053467
2021-12-12,0.15440919
2021-12-13,0.09222021
2021-12-14,0.099853724
2021-12-15,0.06826958
2021-12-16,0.056685865
2021-12-17,0.06313556
2021-12-18,0.1934038
2021-12-19,0.14146249
2021-12-20,0.07240632
2021-12-21,0.09673004
2021-12-22,0.0586421
2021-12-23,0.06177767
2021-12-24,0.09038854
2021-12-25,0.079712465
2021-12-26,0.061799627
2021-12-27,0.058255043
2021-12-28,0.0659736
2021-12-29,0.055888597
2021-12-30,0.05575056
2021-12-31,0.084301144
2022-01-01,0.056693908
2022-01-02,0.060078334
2022-01-03,0.046831317
2022-01-04,0.051661126
2022-01-05,0.049040567
2022-01-06,0.04857686
2022-01-07,0.05833619
2022-01-08,0.06412496
2022-01-09,0.081023045
2022-01-10,0.19234902
2022-01-11,0.09814192
2022-01-12,0.06582708
2022-01-13,0.088338174
2022-01-14,0.09831159
2022-01-15,0.055943787
2022-01-16,0.05970196
2022-01-17,0.06528113
2022-01-18,0.0715877
2022-01-19,0.07984771
2022-01-20,0.108055145
2022-01-21,0.049546495
2022-01-22,0.046212107
2022-01-23,0.048419666
2022-01-24,0.048287816
2022-01-25,0.11209109
2022-01-26,0.054004416
2022-01-27,0.9937368
2022-01-28,0.25952485
2022-01-29,0.5530327
2022-01-30,0.6854581
2022-01-31,1.476594
2022-02-01,0.13159396
2022-02-02,0.067903385
2022-02-03,0.25024125
2022-02-04,0.06660957
2022-02-05,0.48939013
2022-02-06,15.113055
2022-02-07,1.0487363
2022-02-08,0.357573
2022-02-09,0.18480322
2022-02-10,0.25185993
2022-02-11,0.16978371
2022-02-12,0.08379003
2022-02-13,0.64784664
2022-02-14,4.7524176
2022-02-15,0.36762506
2022-02-16,0.09540708
2022-02-17,0.08055255
2022-02-18,0.108274326
2022-02-19,0.12940778
2022-02-20,0.0820355
2022-02-21,0.09927734
2022-02-22,0.18749215
2022-02-23,1.741617
2022-02-24,0.35269347
2022-02-25,0.11302399
2022-02-26,0.08394163
2022-02-27,0.8251597
2022-02-28,1.5896063
2022-03-01,0.25900355
2022-03-02,0.63375044
2022-03-03,0.8458562
2022-03-04,1.3898857
2022-03-05,7.313823
2022-03-06,0.78449756
2022-03-07,0.8407223
2022-03-08,0.2545307
2022-03-09,0.31524342
2022-03-10,0.4371265
2022-03-11,0.2807884
2022-03-12,0.26889825
2022-03-13,0.27831614
2022-03-14,0.29875264
2022-03-15,0.31143394
2022-03-16,0.2980455
2022-03-17,0.43048185
2022-03-18,0.37062028
2022-03-19,0.49576128
2022-03-20,0.6200564
2022-03-21,8.741167
2022-03-22,1.8606024
2022-03-23,1.0439625
2022-03-24,0.6624909
2022-03-25,0.49787343
2022-03-26,1.4612929
2022-03-27,1.6525679
2022-03-28,0.81488264
2022-03-29,0.80691457
2022-03-30,2.6995382
2022-03-31,0.88119066
2022-04-01,1.9792773
2022-04-02,0.9630465
2022-04-03,1.03844
2022-04-04,1.0537592
2022-04-05,1.0343183
2022-04-06,1.0536832
2022-04-07,1.1296945
2022-04-08,1.079096
2022-04-09,1.1040484
2022-04-10,1.4054325
2022-04-11,1.2063496
2022-04-12,1.0915513
2022-04-13,1.0758375
2022-04-14,1.1515571
2022-04-15,1.1833513
2022-04-16,1.1541206
2022-04-17,1.0573488
2022-04-18,1.0471795
2022-04-19,1.510772
2022-04-20,1.1033646
2022-04-21,1.5105827
2022-04-22,1.1553853
2022-04-23,1.0585005
2022-04-24,1.1432035
2022-04-25,1.046022
2022-04-26,1.0195771
2022-04-27,1.0082537
2022-04-28,1.4209485
2022-04-29,1.5110816
2022-04-30,1.0616341
2022-05-01,0.99240494
2022-05-02,0.9955566
2022-05-03,1.0003909
2022-05-04,1.2852837
2022-05-05,1.0064826
2022-05-06,0.9922627
2022-05-07,0.98796034
2022-05-08,1.0083033
2022-05-09,0.9661783
2022-05-10,0.9609395
2022-05-11,0.95643705
2022-05-12,0.9485534
2022-05-13,0.9524096
2022-05-14,0.9516027
2022-05-15,1.0172547
2022-05-16,0.9546734
2022-05-17,0.9775345
2022-05-18,1.031424
2022-05-19,1.0364071
2022-05-20,0.9430891
2022-05-21,0.9938404
2022-05-22,0.968432
2022-05-23,1.0523818
2022-05-24,0.9085334
2022-05-25,0.88534796
2022-05-26,0.88447464
2022-05-27,0.89072096
2022-05-28,0.87537116
2022-05-29,0.8865791
2022-05-30,0.85830635
2022-05-31,0.86241215
2022-06-01,0.78676033
2022-06-02,0.8414341
2022-06-03,0.8215994
2022-06-04,0.9479484
2022-06-05,0.82036877
2022-06-06,0.8029451
2022-06-07,0.80075675
2022-06-08,0.80010873
2022-06-09,0.8245158
2022-06-10,0.7891532
2022-06-11,0.77102625
2022-06-12,0.76050806
2022-06-13,0.78569657
2022-06-14,0.7542234
2022-06-15,0.741501
2022-06-16,0.73403037
2022-06-17,0.73142105
2022-06-18,0.72068983
2022-06-19,0.71321917
2022-06-20,0.6962163
2022-06-21,0.69623715
2022-06-22,0.7120585
2022-06-23,0.6840128
2022-06-24,0.69463646
2022-06-25,0.7445954
2022-06-26,0.66383934
2022-06-27,0.6598001
2022-06-28,0.6403339
2022-06-29,0.63717526
2022-06-30,0.62890565
2022-07-01,0.58307713
2022-07-02,0.60998595
2022-07-03,0.6003427
2022-07-04,0.5989516
2022-07-05,0.5836908
2022-07-06,0.5761949
2022-07-07,0.5692578
2022-07-08,0.5623207
2022-07-09,0.5548405
2022-07-10,0.54189384
2022-07-11,0.5389178
2022-07-12,0.5322602
2022-07-13,0.53238416
2022-07-14,0.51558125
2022-07-15,0.50906676
2022-07-16,0.50138485
2022-07-17,0.49683958
2022-07-18,0.4906029
2022-07-19,0.48370075
2022-07-20,0.4724185
2022-07-21,0.47171983
2022-07-22,0.46194303
2022-07-23,0.45371008
2022-07-24,0.46028206
2022-07-25,0.44281203
2022-07-26,0.43296877
2022-07-27,0.43566877
2022-07-28,0.42501524
2022-07-29,0.4194282
2022-07-30,0.44056845
2022-07-31,0.40963054
2022-08-01,0.3736908
2022-08-02,0.3898488
2022-08-03,0.38635492
2022-08-04,0.37801546
2022-08-05,0.37450412
2022-08-06,0.36725098
2022-08-07,0.36109373
2022-08-08,0.36181322
2022-08-09,0.34939054
2022-08-10,0.35021654
2022-08-11,0.34298876
2022-08-12,0.33409825
2022-08-13,0.33301362
2022-08-14,0.33976814
2022-08-15,0.3209228
2022-08-16,0.31778163
2022-08-17,0.3086973
2022-08-18,0.3178977
2022-08-19,0.30576235
2022-08-20,0.3019541
2022-08-21,0.29144198
2022-08-22,0.2880625
2022-08-23,0.2873447
2022-08-24,0.28024873
2022-08-25,0.27707884
2022-08-26,0.27364522
2022-08-27,0.2680041
2022-08-28,0.26168004
2022-08-29,0.2588516
2022-08-30,0.25299126
2022-08-31,0.25316763
2022-09-01,0.23437148
2022-09-02,0.24401343
2022-09-03,0.24040519
2022-09-04,0.239924
2022-09-05,0.23393182
2022-09-06,0.22893074
2022-09-07,0.22347383
2022-09-08,0.22232725
2022-09-09,0.22200325
2022-09-10,0.22361527
2022-09-11,0.21095592
2022-09-12,0.21420868
2022-09-13,0.2090391
2022-09-14,0.20624557
2022-09-15,0.2044589
2022-09-16,0.19892257
2022-09-17,0.19558588
2022-09-18,0.19430745
2022-09-19,0.19423757
2022-09-20,0.19342285
2022-09-21,0.19228414
2022-09-22,0.1881406
2022-09-23,0.18516283
2022-09-24,0.18281555
2022-09-25,0.17996004
2022-09-26,0.17761275
2022-09-27,0.17964564
2022-09-28,0.1759833
2022-09-29,0.17085037
2022-09-30,0.16673388
2022-10-01,0.15642871
2022-10-02,0.16866197
2022-10-03,0.16499962
2022-10-04,0.16991507
2022-10-05,0.15775435
2022-10-06,0.15803722
2022-10-07,0.15511972
2022-10-08,0.1549276
2022-10-09,0.15166865
2022-10-10,0.15037274
2022-10-11,0.14595765
2022-10-12,0.14241925
2022-10-13,0.14003703
2022-10-14,0.13881099
2022-10-15,0.14037059
2022-10-16,0.14047538
2022-10-17,0.13884592
2022-10-18,0.13982743
2022-10-19,0.1398973
2022-10-20,0.14152676
2022-10-21,0.13728632
2022-10-22,0.12587218
2022-10-23,0.12760025
2022-10-24,0.1272143
2022-10-25,0.12717937
2022-10-26,0.124463595
2022-10-27,0.12428893
2022-10-28,0.12265946
2022-10-29,0.11929573
2022-10-30,0.12125875
2022-10-31,0.11243643
2022-11-01,0.10645843
2022-11-02,0.113305256
2022-11-03,0.111675784
2022-11-04,0.11102783
2022-11-05,0.11099289
2022-11-06,0.11072133
2022-11-07,0.10853124
2022-11-08,0.11056413
2022-11-09,0.10934597
2022-11-10,0.10138289
2022-11-11,0.101419516
2022-11-12,0.100639716
2022-11-13,0.09732839
2022-11-14,0.10146403
2022-11-15,0.09631194
2022-11-16,0.09704892
2022-11-17,0.12997967
2022-11-18,0.099775374
2022-11-19,0.09443794
2022-11-20,0.094771504
2022-11-21,0.08856015
2022-11-22,0.08707211
2022-11-23,0.0851012
2022-11-24,0.085793674
2022-11-25,0.08394503
2022-11-26,0.085180655
2022-11-27,0.086625874
2022-11-28,0.08888583
2022-11-29,0.083594
2022-11-30,0.08487414
2022-12-01,0.08255959
2022-12-02,0.10606509
2022-12-03,0.08197861
2022-12-04,0.08062581
2022-12-05,0.08118643
2022-12-06,0.0795919
2022-12-07,0.07677133
2022-12-08,0.07442404
2022-12-09,0.07835798
2022-12-10,0.07807682
2022-12-11,0.11280382
2022-12-12,0.110965855
2022-12-13,0.0968534
2022-12-14,0.07640902
2022-12-15,0.07243567
2022-12-16,0.085025154
2022-12-17,0.080142945
2022-12-18,0.072715126
2022-12-19,0.07035996
2022-12-20,0.06725034
2022-12-21,0.068416096
2022-12-22,0.06931817
2022-12-23,0.07181476
2022-12-24,0.20884708
2022-12-25,0.07534347
2022-12-26,0.0732521
2022-12-27,0.07940935
2022-12-28,0.19927031
2022-12-29,0.07035197
2022-12-30,0.07188632
2022-12-31,0.12632242
2023-01-01,0.06707967
2023-01-02,0.27643496
2023-01-03,0.07643367
2023-01-04,0.067067795
2023-01-05,0.06761883
2023-01-06,0.05731635
2023-01-07,0.059096824
2023-01-08,0.07419079
2023-01-09,0.07786722
2023-01-10,0.111445926
2023-01-11,0.115223765
2023-01-12,0.15199153
2023-01-13,0.1567937
2023-01-14,0.10073433
2023-01-15,0.05801161
2023-01-16,0.066087976
2023-01-17,0.05726395
2023-01-18,0.05855367
2023-01-19,0.07551374
2023-01-20,0.07659666
2023-01-21,0.06437567
2023-01-22,0.057071824
2023-01-23,0.06941677
2023-01-24,0.123195335
2023-01-25,0.081519395
2023-01-26,0.08079259
2023-01-27,0.058934536
2023-01-28,0.10151533
2023-01-29,0.13367526
2023-01-30,1.7031076
2023-01-31,5.8835626
2023-02-01,60.98411
2023-02-02,4.1196036
2023-02-03,0.24897064
2023-02-04,0.2829713
2023-02-05,1.7246304
2023-02-06,3.214215
2023-02-07,0.31317782
2023-02-08,3.42592
2023-02-09,0.9096741
2023-02-10,3.4293082
2023-02-11,0.49443877
2023-02-12,0.15847547
2023-02-13,0.12311019
2023-02-14,0.15969093
2023-02-15,0.1597095
2023-02-16,0.30701894
2023-02-17,1.6366419
2023-02-18,1.3657795
2023-02-19,1.0376452
2023-02-20,0.93626815
2023-02-21,0.3202327
2023-02-22,3.1365893
2023-02-23,1.4156747
2023-02-24,3.0646837
2023-02-25,0.35366663
2023-02-26,0.19778107
2023-02-27,0.25158328
2023-02-28,0.33695325
2023-03-01,0.24088934
2023-03-02,0.2471484
2023-03-03,0.3054869
2023-03-04,0.5919894
2023-03-05,0.320127
2023-03-06,0.83865345
2023-03-07,2.9768422
2023-03-08,8.973053
2023-03-09,8.630858
2023-03-10,1.7688237
2023-03-11,1.561039
2023-03-12,1.5774974
2023-03-13,1.9485773
2023-03-14,3.9834685
2023-03-15,8.983824
2023-03-16,7.7428617
2023-03-17,3.9448292
2023-03-18,4.0554233
2023-03-19,4.050132
2023-03-20,4.0972342
2023-03-21,4.066974
2023-03-22,4.7942834
2023-03-23,4.947385
2023-03-24,3.9705603
2023-03-25,3.8657455
2023-03-26,3.7897475
2023-03-27,4.104407
2023-03-28,3.6385515
2023-03-29,3.5600147
2023-03-30,3.554803
2023-03-31,48.086872
2023-04-01,6.60178
2023-04-02,7.1895885
2023-04-03,7.0637546
2023-04-04,8.831375
2023-04-05,9.062945
2023-04-06,6.872884
2023-04-07,8.252109
2023-04-08,6.1857014
2023-04-09,5.6866713
2023-04-10,5.4484386
2023-04-11,5.3129387
2023-04-12,5.3579354
2023-04-13,5.4084516
2023-04-14,6.4633017
2023-04-15,8.210385
2023-04-16,19.735249
2023-04-17,87.09321
2023-04-18,20.740204
2023-04-19,12.335869
2023-04-20,13.251242
2023-04-21,10.831916
2023-04-22,7.8449254
2023-04-23,9.129926
2023-04-24,6.782507
2023-04-25,6.330805
2023-04-26,5.893353
2023-04-27,5.4919314
2023-04-28,8.026921
2023-04-29,6.2138796
2023-04-30,4.65982
2023-05-01,4.0828977
2023-05-02,4.1594567
2023-05-03,3.9755838
2023-05-04,3.8116293
2023-05-05,3.7135332
2023-05-06,5.778636
2023-05-07,3.5360563
2023-05-08,3.2488294
2023-05-09,6.6169796
2023-05-10,7.5234203
2023-05-11,3.490827
2023-05-12,3.0292835
2023-05-13,3.1454625
2023-05-14,3.0872226
2023-05-15,2.961005
2023-05-16,4.85312
2023-05-17,2.947716
2023-05-18,2.8754296
2023-05-19,2.8685758
2023-05-20,2.7334638
2023-05-21,2.7288914
2023-05-22,2.6324718
2023-05-23,2.595294
2023-05-24,2.7375107
2023-05-25,2.7280464
2023-05-26,2.652429
2023-05-27,3.2988863
2023-05-28,3.5330477
2023-05-29,4.285463
2023-05-30,4.3645616
2023-05-31,2.5261064
2023-06-01,2.2828815
2023-06-02,2.4117799
2023-06-03,2.503235
2023-06-04,2.9706016
2023-06-05,2.3870544
2023-06-06,3.2812994
2023-06-07,9.277221
2023-06-08,2.908379
2023-06-09,2.5630226
2023-06-10,2.6423316
2023-06-11,2.6812837
2023-06-12,2.6840277
2023-06-13,2.6647806
2023-06-14,2.627964
2023-06-15,2.606122
2023-06-16,2.5809658
2023-06-17,2.5571594
2023-06-18,2.5046706
2023-06-19,2.4856355
2023-06-20,2.4319363
2023-06-21,2.414969
2023-06-22,2.348374
2023-06-23,2.2876587
2023-06-24,2.239487
2023-06-25,2.1899111
2023-06-26,2.1315053
2023-06-27,2.0910075
2023-06-28,2.0508826
2023-06-29,1.9998425
2023-06-30,1.9315373
