datetime,streamflow_m^3/s
1979-01-01,0.0
1979-01-02,3.4809797
1979-01-03,6.3373246
1979-01-04,8.021705
1979-01-05,7.2178087
1979-01-06,7.1800685
1979-01-07,6.1230106
1979-01-08,5.7671013
1979-01-09,5.556589
1979-01-10,5.3646703
1979-01-11,5.1342826
1979-01-12,4.9366865
1979-01-13,4.8212795
1979-01-14,4.5809145
1979-01-15,4.363444
1979-01-16,4.3378534
1979-01-17,4.1106334
1979-01-18,3.866568
1979-01-19,3.6848109
1979-01-20,3.517795
1979-01-21,3.3584273
1979-01-22,3.2042382
1979-01-23,3.2773821
1979-01-24,3.094989
1979-01-25,2.9801016
1979-01-26,13.609245
1979-01-27,5.520869
1979-01-28,2.5606494
1979-01-29,4.7549453
1979-01-30,21.546297
1979-01-31,8.779814
1979-02-01,2.3306115
1979-02-02,2.2438717
1979-02-03,2.3605454
1979-02-04,2.2612977
1979-02-05,2.099517
1979-02-06,2.0020807
1979-02-07,1.9614428
1979-02-08,1.891595
1979-02-09,1.8307914
1979-02-10,1.7736895
1979-02-11,1.7790828
1979-02-12,1.8119481
1979-02-13,1.7169319
1979-02-14,2.6661282
1979-02-15,2.252144
1979-02-16,1.759826
1979-02-17,2.2175038
1979-02-18,1.5783379
1979-02-19,1.4883083
1979-02-20,1.4248557
1979-02-21,1.5068688
1979-02-22,2.2164018
1979-02-23,2.158523
1979-02-24,4.369193
1979-02-25,1.996583
1979-02-26,3.5994284
1979-02-27,6.4103317
1979-02-28,8.075637
1979-03-01,3.9300206
1979-03-02,14.068827
1979-03-03,14.7164345
1979-03-04,4.298907
1979-03-05,1.2794195
1979-03-06,6.871877
1979-03-07,4.7363825
1979-03-08,1.6508108
1979-03-09,4.0616536
1979-03-10,3.2509015
1979-03-11,2.208632
1979-03-12,5.723189
1979-03-13,5.6808095
1979-03-14,2.9452615
1979-03-15,2.9687977
1979-03-16,8.174533
1979-03-17,7.6488376
1979-03-18,4.2056403
1979-03-19,8.8953085
1979-03-20,14.029427
1979-03-21,12.83215
1979-03-22,10.757732
1979-03-23,8.684788
1979-03-24,8.417748
1979-03-25,9.129323
1979-03-26,13.338473
1979-03-27,19.558449
1979-03-28,14.1767435
1979-03-29,12.538754
1979-03-30,13.260489
1979-03-31,12.943674
1979-04-01,15.297862
1979-04-02,12.921834
1979-04-03,18.577635
1979-04-04,19.674253
1979-04-05,14.626368
1979-04-06,32.57982
1979-04-07,24.163467
1979-04-08,24.854929
1979-04-09,27.169346
1979-04-10,25.748785
1979-04-11,23.987637
1979-04-12,25.60761
1979-04-13,21.41809
1979-04-14,22.583876
1979-04-15,29.229164
1979-04-16,26.706293
1979-04-17,23.755186
1979-04-18,18.651302
1979-04-19,19.4279
1979-04-20,33.36378
1979-04-21,33.370987
1979-04-22,27.829887
1979-04-23,23.568302
1979-04-24,26.640461
1979-04-25,21.091566
1979-04-26,17.806204
1979-04-27,16.083752
1979-04-28,17.706842
1979-04-29,18.508669
1979-04-30,16.284435
1979-05-01,13.972676
1979-05-02,35.343563
1979-05-03,21.122314
1979-05-04,13.649272
1979-05-05,24.943485
1979-05-06,28.591942
1979-05-07,22.548565
1979-05-08,19.598753
1979-05-09,31.368353
1979-05-10,21.849066
1979-05-11,16.135939
1979-05-12,20.217707
1979-05-13,32.402855
1979-05-14,19.47132
1979-05-15,14.23559
1979-05-16,12.48824
1979-05-17,11.650299
1979-05-18,11.490853
1979-05-19,10.747135
1979-05-20,10.486047
1979-05-21,18.442562
1979-05-22,13.282256
1979-05-23,9.187797
1979-05-24,14.042349
1979-05-25,16.269043
1979-05-26,29.79084
1979-05-27,26.246721
1979-05-28,21.267754
1979-05-29,23.942356
1979-05-30,24.30098
1979-05-31,22.783394
1979-06-01,27.543484
1979-06-02,28.421135
1979-06-03,22.699802
1979-06-04,19.699703
1979-06-05,18.339064
1979-06-06,16.869417
1979-06-07,18.700708
1979-06-08,15.8325205
1979-06-09,13.673889
1979-06-10,13.380779
1979-06-11,12.4164
1979-06-12,11.57669
1979-06-13,10.893397
1979-06-14,12.228374
1979-06-15,13.149613
1979-06-16,25.029034
1979-06-17,36.694862
1979-06-18,35.472275
1979-06-19,30.345064
1979-06-20,25.486284
1979-06-21,21.295979
1979-06-22,21.887804
1979-06-23,17.43966
1979-06-24,14.273984
1979-06-25,12.879638
1979-06-26,14.271724
1979-06-27,17.870281
1979-06-28,17.146978
1979-06-29,12.103647
1979-06-30,9.964607
1979-07-01,9.6060095
1979-07-02,9.244805
1979-07-03,8.964763
1979-07-04,10.004802
1979-07-05,15.952956
1979-07-06,19.285936
1979-07-07,30.035097
1979-07-08,21.382093
1979-07-09,17.15625
1979-07-10,16.652943
1979-07-11,16.592937
1979-07-12,15.152642
1979-07-13,13.765242
1979-07-14,12.74415
1979-07-15,11.806812
1979-07-16,11.286893
1979-07-17,15.190817
1979-07-18,20.731773
1979-07-19,12.949236
1979-07-20,9.66425
1979-07-21,15.045113
1979-07-22,11.028555
1979-07-23,9.013652
1979-07-24,8.872882
1979-07-25,10.060007
1979-07-26,13.975139
1979-07-27,12.650293
1979-07-28,16.888643
1979-07-29,21.761402
1979-07-30,17.544703
1979-07-31,15.111264
1979-08-01,14.619856
1979-08-02,13.922445
1979-08-03,13.200057
1979-08-04,12.504747
1979-08-05,12.163832
1979-08-06,15.716229
1979-08-07,12.873494
1979-08-08,10.589484
1979-08-09,10.151076
1979-08-10,9.727161
1979-08-11,9.263395
1979-08-12,8.823701
1979-08-13,11.545309
1979-08-14,11.532707
1979-08-15,11.053536
1979-08-16,9.605338
1979-08-17,8.854906
1979-08-18,7.652304
1979-08-19,7.118486
1979-08-20,9.633279
1979-08-21,7.9117417
1979-08-22,6.648804
1979-08-23,6.4244366
1979-08-24,6.54869
1979-08-25,6.2689943
1979-08-26,5.999049
1979-08-27,5.878788
1979-08-28,12.999739
1979-08-29,8.342159
1979-08-30,5.790882
1979-08-31,11.895614
1979-09-01,8.013332
1979-09-02,5.8678923
1979-09-03,8.324084
1979-09-04,6.649794
1979-09-05,7.5376816
1979-09-06,11.9479065
1979-09-07,7.9401073
1979-09-08,6.134465
1979-09-09,11.556718
1979-09-10,8.350446
1979-09-11,19.065329
1979-09-12,11.331625
1979-09-13,6.962855
1979-09-14,6.725064
1979-09-15,7.2103643
1979-09-16,6.775315
1979-09-17,6.584676
1979-09-18,6.955992
1979-09-19,7.539271
1979-09-20,10.164511
1979-09-21,9.267753
1979-09-22,8.120396
1979-09-23,14.84265
1979-09-24,10.792831
1979-09-25,8.455516
1979-09-26,20.48779
1979-09-27,21.120787
1979-09-28,13.762155
1979-09-29,12.499941
1979-09-30,12.471588
1979-10-01,12.006584
1979-10-02,11.470052
1979-10-03,10.97363
1979-10-04,10.96312
1979-10-05,9.912067
1979-10-06,10.665357
1979-10-07,9.85766
1979-10-08,11.514094
1979-10-09,11.892345
1979-10-10,8.562097
1979-10-11,7.748189
1979-10-12,10.489428
1979-10-13,9.263286
1979-10-14,7.0745397
1979-10-15,6.4074955
1979-10-16,6.1408863
1979-10-17,8.211963
1979-10-18,7.463834
1979-10-19,6.754177
1979-10-20,5.7095833
1979-10-21,5.449517
1979-10-22,5.2818937
1979-10-23,5.0894313
1979-10-24,4.898127
1979-10-25,5.1902785
1979-10-26,4.750828
1979-10-27,4.5047603
1979-10-28,5.8347774
1979-10-29,5.4310594
1979-10-30,4.260319
1979-10-31,3.9300268
1979-11-01,7.5005035
1979-11-02,5.1353025
1979-11-03,3.5624392
1979-11-04,3.6203754
1979-11-05,5.0247507
1979-11-06,8.045592
1979-11-07,4.5221777
1979-11-08,3.1323383
1979-11-09,3.2069807
1979-11-10,3.2276921
1979-11-11,9.998559
1979-11-12,5.890557
1979-11-13,3.0475435
1979-11-14,2.8605983
1979-11-15,3.39956
1979-11-16,6.2289453
1979-11-17,4.1089087
1979-11-18,7.6968713
1979-11-19,4.3535933
1979-11-20,2.9420505
1979-11-21,5.085822
1979-11-22,3.59773
1979-11-23,5.0924296
1979-11-24,7.630397
1979-11-25,7.294304
1979-11-26,9.639876
1979-11-27,11.577977
1979-11-28,19.533278
1979-11-29,9.751637
1979-11-30,5.8363886
1979-12-01,7.219115
1979-12-02,12.164966
1979-12-03,8.333106
1979-12-04,13.321686
1979-12-05,9.424988
1979-12-06,6.402791
1979-12-07,14.672776
1979-12-08,16.061522
1979-12-09,11.164857
1979-12-10,7.527393
1979-12-11,7.3165755
1979-12-12,7.332247
1979-12-13,7.053655
1979-12-14,6.795204
1979-12-15,6.6054025
1979-12-16,6.587598
1979-12-17,6.640779
1979-12-18,6.5771146
1979-12-19,7.8846693
1979-12-20,6.5687084
1979-12-21,5.639463
1979-12-22,5.445018
1979-12-23,5.3504415
1979-12-24,7.6193295
1979-12-25,9.358249
1979-12-26,11.653391
1979-12-27,6.9149704
1979-12-28,4.9286647
1979-12-29,4.7427073
1979-12-30,5.216059
1979-12-31,5.1875925
1980-01-01,13.821702
1980-01-02,14.338517
1980-01-03,11.921796
1980-01-04,9.076484
1980-01-05,7.453292
1980-01-06,8.996048
1980-01-07,22.202211
1980-01-08,23.643068
1980-01-09,12.394116
1980-01-10,9.328872
1980-01-11,9.74908
1980-01-12,10.255526
1980-01-13,10.200389
1980-01-14,10.048956
1980-01-15,9.777057
1980-01-16,9.512427
1980-01-17,9.170295
1980-01-18,8.851603
1980-01-19,8.925332
1980-01-20,8.909853
1980-01-21,8.427579
1980-01-22,9.775929
1980-01-23,8.013417
1980-01-24,6.919562
1980-01-25,6.5994287
1980-01-26,6.3116813
1980-01-27,6.2724533
1980-01-28,9.817044
1980-01-29,7.059404
1980-01-30,11.286609
1980-01-31,8.35821
1980-02-01,6.3088665
1980-02-02,4.9809694
1980-02-03,5.0114365
1980-02-04,5.663971
1980-02-05,4.7138386
1980-02-06,4.545473
1980-02-07,8.349288
1980-02-08,10.65056
1980-02-09,5.613965
1980-02-10,3.6573806
1980-02-11,3.5399692
1980-02-12,3.4167445
1980-02-13,3.3043613
1980-02-14,3.1965947
1980-02-15,3.1302917
1980-02-16,3.011975
1980-02-17,2.898063
1980-02-18,2.7975645
1980-02-19,3.3850195
1980-02-20,2.7787156
1980-02-21,3.1680014
1980-02-22,2.6483593
1980-02-23,2.507211
1980-02-24,2.3523679
1980-02-25,2.2322574
1980-02-26,2.1482384
1980-02-27,2.0717256
1980-02-28,1.9991007
1980-02-29,1.9235411
1980-03-01,1.8458073
1980-03-02,1.7759904
1980-03-03,1.7130762
1980-03-04,1.7043148
1980-03-05,2.8964913
1980-03-06,1.7903237
1980-03-07,1.5100412
1980-03-08,1.4667875
1980-03-09,2.1457057
1980-03-10,1.9001582
1980-03-11,1.6411767
1980-03-12,1.4980109
1980-03-13,1.3720856
1980-03-14,1.906354
1980-03-15,1.6110693
1980-03-16,2.5067756
1980-03-17,8.000913
1980-03-18,9.842515
1980-03-19,6.9922957
1980-03-20,3.5530107
1980-03-21,2.4231822
1980-03-22,1.7125324
1980-03-23,7.041031
1980-03-24,4.413362
1980-03-25,1.7415701
1980-03-26,1.326059
1980-03-27,12.445191
1980-03-28,5.5035725
1980-03-29,7.4660845
1980-03-30,18.63502
1980-03-31,8.263301
1980-04-01,2.1526198
1980-04-02,1.9466312
1980-04-03,7.7630663
1980-04-04,4.544667
1980-04-05,3.3466964
1980-04-06,2.3797903
1980-04-07,2.035029
1980-04-08,2.111347
1980-04-09,2.0599194
1980-04-10,4.493771
1980-04-11,4.366966
1980-04-12,10.903371
1980-04-13,6.095709
1980-04-14,4.112294
1980-04-15,10.482185
1980-04-16,10.055677
1980-04-17,18.654434
1980-04-18,14.753344
1980-04-19,9.751451
1980-04-20,10.830973
1980-04-21,10.979394
1980-04-22,11.436095
1980-04-23,8.486684
1980-04-24,7.4308295
1980-04-25,9.519594
1980-04-26,18.929136
1980-04-27,12.150734
1980-04-28,8.937778
1980-04-29,10.552824
1980-04-30,13.347882
1980-05-01,14.450192
1980-05-02,10.286198
1980-05-03,15.962725
1980-05-04,20.30988
1980-05-05,11.790746
1980-05-06,8.749168
1980-05-07,8.949539
1980-05-08,9.092493
1980-05-09,8.951866
1980-05-10,8.879384
1980-05-11,15.122643
1980-05-12,15.045822
1980-05-13,12.728966
1980-05-14,14.9196
1980-05-15,9.948588
1980-05-16,7.5649047
1980-05-17,7.5587096
1980-05-18,9.0828705
1980-05-19,7.98121
1980-05-20,6.913925
1980-05-21,8.62778
1980-05-22,9.638154
1980-05-23,12.361937
1980-05-24,12.362383
1980-05-25,8.265575
1980-05-26,7.6740313
1980-05-27,7.164019
1980-05-28,6.7074237
1980-05-29,6.491916
1980-05-30,6.536363
1980-05-31,6.722306
1980-06-01,8.68731
1980-06-02,6.7164288
1980-06-03,6.2417345
1980-06-04,6.5848875
1980-06-05,7.155638
1980-06-06,7.2870016
1980-06-07,13.381739
1980-06-08,9.083594
1980-06-09,8.065117
1980-06-10,6.3646193
1980-06-11,8.408438
1980-06-12,9.240862
1980-06-13,7.555203
1980-06-14,5.965451
1980-06-15,10.534766
1980-06-16,7.691333
1980-06-17,6.7695966
1980-06-18,6.642848
1980-06-19,6.6389203
1980-06-20,6.6443834
1980-06-21,8.850612
1980-06-22,20.426489
1980-06-23,11.352424
1980-06-24,7.3291764
1980-06-25,7.383171
1980-06-26,12.785223
1980-06-27,23.875656
1980-06-28,15.448445
1980-06-29,11.304925
1980-06-30,13.769976
1980-07-01,15.016127
1980-07-02,15.180944
1980-07-03,16.770235
1980-07-04,16.830395
1980-07-05,14.112678
1980-07-06,13.107281
1980-07-07,12.636085
1980-07-08,12.141447
1980-07-09,11.595571
1980-07-10,12.039903
1980-07-11,10.918665
1980-07-12,12.648896
1980-07-13,16.109474
1980-07-14,11.584906
1980-07-15,9.412809
1980-07-16,9.184999
1980-07-17,8.8151045
1980-07-18,10.523133
1980-07-19,10.23811
1980-07-20,8.459866
1980-07-21,7.7175517
1980-07-22,8.202191
1980-07-23,7.5496893
1980-07-24,7.164087
1980-07-25,6.7439504
1980-07-26,6.3879232
1980-07-27,6.0959177
1980-07-28,6.048637
1980-07-29,5.7478485
1980-07-30,5.5324655
1980-07-31,5.7550383
1980-08-01,8.726704
1980-08-02,10.30128
1980-08-03,6.458541
1980-08-04,4.9059787
1980-08-05,4.783782
1980-08-06,4.7183604
1980-08-07,5.954885
1980-08-08,4.847716
1980-08-09,4.862193
1980-08-10,5.1685524
1980-08-11,4.403055
1980-08-12,4.157373
1980-08-13,4.479599
1980-08-14,4.0140886
1980-08-15,5.449439
1980-08-16,4.3099914
1980-08-17,3.7538977
1980-08-18,3.664619
1980-08-19,5.3039637
1980-08-20,4.149413
1980-08-21,3.4887836
1980-08-22,3.4811869
1980-08-23,3.342163
1980-08-24,3.7976365
1980-08-25,3.4100914
1980-08-26,3.141476
1980-08-27,4.4992967
1980-08-28,14.471051
1980-08-29,39.712852
1980-08-30,18.89105
1980-08-31,9.370119
1980-09-01,9.464238
1980-09-02,11.455013
1980-09-03,9.911799
1980-09-04,9.716942
1980-09-05,12.110023
1980-09-06,11.001212
1980-09-07,8.67131
1980-09-08,7.9067264
1980-09-09,11.069127
1980-09-10,11.809875
1980-09-11,8.679293
1980-09-12,8.960548
1980-09-13,8.100624
1980-09-14,7.2074785
1980-09-15,6.9025717
1980-09-16,6.743224
1980-09-17,20.10217
1980-09-18,34.79359
1980-09-19,22.374538
1980-09-20,16.748259
1980-09-21,15.978443
1980-09-22,18.6427
1980-09-23,17.751701
1980-09-24,22.258524
1980-09-25,15.806164
1980-09-26,12.428323
1980-09-27,11.76122
1980-09-28,11.101767
1980-09-29,11.13214
1980-09-30,10.077832
1980-10-01,9.822613
1980-10-02,11.206708
1980-10-03,12.376601
1980-10-04,9.841051
1980-10-05,12.097564
1980-10-06,23.844755
1980-10-07,20.573507
1980-10-08,13.322105
1980-10-09,12.670632
1980-10-10,15.402949
1980-10-11,19.036806
1980-10-12,16.92874
1980-10-13,25.396128
1980-10-14,29.744825
1980-10-15,115.42951
1980-10-16,60.249435
1980-10-17,22.008698
1980-10-18,24.24199
1980-10-19,17.225752
1980-10-20,14.402421
1980-10-21,13.0709915
1980-10-22,11.901205
1980-10-23,14.361368
1980-10-24,12.631621
1980-10-25,13.227642
1980-10-26,19.51992
1980-10-27,12.079876
1980-10-28,12.034099
1980-10-29,14.798104
1980-10-30,17.361464
1980-10-31,19.543053
1980-11-01,18.153847
1980-11-02,21.61351
1980-11-03,19.212051
1980-11-04,15.473781
1980-11-05,19.051033
1980-11-06,15.135142
1980-11-07,12.914336
1980-11-08,12.357615
1980-11-09,11.526072
1980-11-10,10.695335
1980-11-11,10.633992
1980-11-12,13.8878565
1980-11-13,11.1944685
1980-11-14,18.73571
1980-11-15,15.49975
1980-11-16,9.823333
1980-11-17,8.481283
1980-11-18,8.612847
1980-11-19,12.0460415
1980-11-20,9.202951
1980-11-21,8.856075
1980-11-22,12.118635
1980-11-23,23.404404
1980-11-24,17.080477
1980-11-25,8.43938
1980-11-26,11.8425255
1980-11-27,10.89243
1980-11-28,19.417084
1980-11-29,20.909328
1980-11-30,14.792108
1980-12-01,12.881226
1980-12-02,12.592053
1980-12-03,11.80869
1980-12-04,11.067715
1980-12-05,10.367723
1980-12-06,9.65643
1980-12-07,9.000915
1980-12-08,8.540349
1980-12-09,7.9854884
1980-12-10,7.491471
1980-12-11,9.221686
1980-12-12,13.232724
1980-12-13,9.120359
1980-12-14,9.853762
1980-12-15,7.461565
1980-12-16,5.749338
1980-12-17,5.324463
1980-12-18,5.1336107
1980-12-19,8.693148
1980-12-20,6.4397793
1980-12-21,4.5771027
1980-12-22,4.2785244
1980-12-23,4.957669
1980-12-24,4.310832
1980-12-25,4.168279
1980-12-26,4.2309055
1980-12-27,4.116982
1980-12-28,3.8512788
1980-12-29,5.759862
1980-12-30,4.112432
1980-12-31,4.043146
1981-01-01,8.084663
1981-01-02,4.811156
1981-01-03,3.1011
1981-01-04,3.002133
1981-01-05,2.9087782
1981-01-06,2.8201365
1981-01-07,2.7414486
1981-01-08,4.2596626
1981-01-09,20.674112
1981-01-10,9.503638
1981-01-11,2.7397766
1981-01-12,2.551567
1981-01-13,2.5317168
1981-01-14,2.659588
1981-01-15,2.484983
1981-01-16,2.4129202
1981-01-17,2.368559
1981-01-18,2.3120146
1981-01-19,2.259883
1981-01-20,2.2083993
1981-01-21,2.154762
1981-01-22,2.1013548
1981-01-23,2.0506635
1981-01-24,1.998385
1981-01-25,1.9460696
1981-01-26,1.8932847
1981-01-27,1.841397
1981-01-28,1.7921565
1981-01-29,1.7471595
1981-01-30,1.9241755
1981-01-31,4.0796905
1981-02-01,2.5418422
1981-02-02,1.6470827
1981-02-03,1.7322532
1981-02-04,7.171796
1981-02-05,5.2467384
1981-02-06,2.1354423
1981-02-07,1.5551634
1981-02-08,1.502999
1981-02-09,6.245945
1981-02-10,11.998687
1981-02-11,5.04156
1981-02-12,2.5542257
1981-02-13,2.0009341
1981-02-14,1.8520387
1981-02-15,1.8581119
1981-02-16,3.1139386
1981-02-17,3.3772357
1981-02-18,7.000649
1981-02-19,4.051889
1981-02-20,9.003183
1981-02-21,16.79602
1981-02-22,10.423651
1981-02-23,11.741894
1981-02-24,13.712324
1981-02-25,12.666823
1981-02-26,15.010965
1981-02-27,13.76489
1981-02-28,12.574422
1981-03-01,34.759422
1981-03-02,42.65295
1981-03-03,42.49824
1981-03-04,40.381714
1981-03-05,31.59986
1981-03-06,27.033306
1981-03-07,23.89315
1981-03-08,21.873003
1981-03-09,23.198362
1981-03-10,24.551626
1981-03-11,25.763119
1981-03-12,22.072887
1981-03-13,17.060034
1981-03-14,15.071435
1981-03-15,14.100827
1981-03-16,13.127757
1981-03-17,12.48156
1981-03-18,11.5999775
1981-03-19,12.21779
1981-03-20,10.710538
1981-03-21,11.309045
1981-03-22,11.018399
1981-03-23,15.288161
1981-03-24,10.702638
1981-03-25,12.593707
1981-03-26,9.636645
1981-03-27,8.827128
1981-03-28,7.729823
1981-03-29,7.2439294
1981-03-30,6.951061
1981-03-31,6.8836718
1981-04-01,6.4536543
1981-04-02,6.1485233
1981-04-03,7.4312024
1981-04-04,6.531197
1981-04-05,8.702542
1981-04-06,8.762655
1981-04-07,12.768806
1981-04-08,12.553401
1981-04-09,10.62331
1981-04-10,6.943627
1981-04-11,7.0907907
1981-04-12,12.52681
1981-04-13,13.534162
1981-04-14,11.088027
1981-04-15,14.795457
1981-04-16,14.617408
1981-04-17,14.344913
1981-04-18,19.81694
1981-04-19,16.3951
1981-04-20,12.342992
1981-04-21,12.929248
1981-04-22,11.504218
1981-04-23,9.221705
1981-04-24,8.437254
1981-04-25,11.120559
1981-04-26,13.248791
1981-04-27,13.847089
1981-04-28,13.103161
1981-04-29,11.963596
1981-04-30,8.707774
1981-05-01,12.073518
1981-05-02,9.171836
1981-05-03,9.414806
1981-05-04,16.066164
1981-05-05,10.944128
1981-05-06,9.559078
1981-05-07,10.123635
1981-05-08,11.1678295
1981-05-09,10.906815
1981-05-10,10.863541
1981-05-11,11.095121
1981-05-12,10.8305235
1981-05-13,10.260429
1981-05-14,9.806525
1981-05-15,11.633586
1981-05-16,14.30373
1981-05-17,21.183832
1981-05-18,45.792465
1981-05-19,32.449684
1981-05-20,25.21953
1981-05-21,26.55902
1981-05-22,29.496471
1981-05-23,22.821692
1981-05-24,19.617872
1981-05-25,23.095165
1981-05-26,19.877495
1981-05-27,18.307463
1981-05-28,20.697636
1981-05-29,18.529602
1981-05-30,16.550373
1981-05-31,16.02256
1981-06-01,15.439293
1981-06-02,16.023916
1981-06-03,16.498251
1981-06-04,14.923936
1981-06-05,16.318419
1981-06-06,18.477777
1981-06-07,13.831112
1981-06-08,14.633303
1981-06-09,53.160553
1981-06-10,39.759655
1981-06-11,35.18819
1981-06-12,34.040733
1981-06-13,30.031168
1981-06-14,24.195482
1981-06-15,21.025177
1981-06-16,18.995281
1981-06-17,17.117311
1981-06-18,15.613993
1981-06-19,18.307468
1981-06-20,15.610018
1981-06-21,15.272465
1981-06-22,13.060555
1981-06-23,11.87408
1981-06-24,11.847693
1981-06-25,11.758206
1981-06-26,11.697201
1981-06-27,13.886551
1981-06-28,12.857744
1981-06-29,11.974615
1981-06-30,10.82239
1981-07-01,9.635913
1981-07-02,11.604595
1981-07-03,12.519661
1981-07-04,14.429911
1981-07-05,14.792823
1981-07-06,13.308059
1981-07-07,11.4180765
1981-07-08,10.735728
1981-07-09,10.848014
1981-07-10,10.452815
1981-07-11,10.069744
1981-07-12,13.059252
1981-07-13,12.176984
1981-07-14,10.250647
1981-07-15,9.444434
1981-07-16,12.170952
1981-07-17,10.115278
1981-07-18,9.783764
1981-07-19,9.46105
1981-07-20,72.17299
1981-07-21,54.59232
1981-07-22,29.584562
1981-07-23,21.010008
1981-07-24,17.14932
1981-07-25,14.660206
1981-07-26,12.903017
1981-07-27,11.489671
1981-07-28,10.345266
1981-07-29,9.376048
1981-07-30,9.176358
1981-07-31,8.118015
1981-08-01,7.3616505
1981-08-02,7.9566383
1981-08-03,6.770555
1981-08-04,9.339547
1981-08-05,14.585597
1981-08-06,9.366906
1981-08-07,5.546853
1981-08-08,4.991027
1981-08-09,9.302409
1981-08-10,7.286122
1981-08-11,6.892602
1981-08-12,5.4502325
1981-08-13,5.326814
1981-08-14,4.5157447
1981-08-15,6.294158
1981-08-16,4.876111
1981-08-17,4.027941
1981-08-18,5.2659225
1981-08-19,12.887141
1981-08-20,14.351444
1981-08-21,6.4860005
1981-08-22,3.809988
1981-08-23,3.7786136
1981-08-24,3.7580745
1981-08-25,4.2801723
1981-08-26,6.2403536
1981-08-27,17.51348
1981-08-28,12.632704
1981-08-29,8.20331
1981-08-30,8.507628
1981-08-31,9.313698
1981-09-01,14.391883
1981-09-02,11.095774
1981-09-03,9.481452
1981-09-04,9.496214
1981-09-05,10.207286
1981-09-06,9.36729
1981-09-07,9.818711
1981-09-08,11.625446
1981-09-09,10.383865
1981-09-10,10.966856
1981-09-11,9.49973
1981-09-12,13.205855
1981-09-13,9.22271
1981-09-14,7.0217447
1981-09-15,21.020782
1981-09-16,17.986683
1981-09-17,13.608531
1981-09-18,9.304283
1981-09-19,7.9372325
1981-09-20,7.8215294
1981-09-21,7.9409156
1981-09-22,8.173736
1981-09-23,11.559738
1981-09-24,9.972637
1981-09-25,12.816039
1981-09-26,14.161272
1981-09-27,20.821615
1981-09-28,27.370823
1981-09-29,23.828844
1981-09-30,33.558823
1981-10-01,31.345337
1981-10-02,41.83767
1981-10-03,45.321903
1981-10-04,33.76023
1981-10-05,24.32675
1981-10-06,25.852715
1981-10-07,19.09794
1981-10-08,15.88712
1981-10-09,18.3704
1981-10-10,31.27272
1981-10-11,18.059927
1981-10-12,11.69154
1981-10-13,11.222846
1981-10-14,11.06142
1981-10-15,16.349121
1981-10-16,20.146671
1981-10-17,13.558677
1981-10-18,14.645692
1981-10-19,12.630244
1981-10-20,11.869762
1981-10-21,11.769538
1981-10-22,11.456363
1981-10-23,11.179851
1981-10-24,12.017078
1981-10-25,10.967932
1981-10-26,11.538093
1981-10-27,10.048665
1981-10-28,9.050511
1981-10-29,8.578759
1981-10-30,8.484058
1981-10-31,8.012747
1981-11-01,7.535068
1981-11-02,7.1496935
1981-11-03,6.959089
1981-11-04,13.473481
1981-11-05,14.745558
1981-11-06,8.221849
1981-11-07,5.9877934
1981-11-08,7.839975
1981-11-09,8.190286
1981-11-10,6.1530347
1981-11-11,5.576564
1981-11-12,7.572825
1981-11-13,8.511141
1981-11-14,11.360282
1981-11-15,8.406417
1981-11-16,10.849689
1981-11-17,11.275181
1981-11-18,12.762624
1981-11-19,16.214882
1981-11-20,14.330718
1981-11-21,23.838829
1981-11-22,23.785505
1981-11-23,27.777681
1981-11-24,22.482502
1981-11-25,24.98563
1981-11-26,25.32021
1981-11-27,21.791166
1981-11-28,17.715687
1981-11-29,17.612097
1981-11-30,15.262093
1981-12-01,14.235376
1981-12-02,18.63764
1981-12-03,24.659529
1981-12-04,31.866625
1981-12-05,23.57974
1981-12-06,18.738853
1981-12-07,23.515364
1981-12-08,33.179943
1981-12-09,72.44529
1981-12-10,41.67175
1981-12-11,23.694107
1981-12-12,23.866085
1981-12-13,24.112799
1981-12-14,18.882528
1981-12-15,16.62558
1981-12-16,17.59647
1981-12-17,15.308846
1981-12-18,13.74508
1981-12-19,12.712192
1981-12-20,11.997245
1981-12-21,11.371864
1981-12-22,10.899102
1981-12-23,10.610644
1981-12-24,10.096932
1981-12-25,9.213388
1981-12-26,12.790482
1981-12-27,12.92086
1981-12-28,8.740553
1981-12-29,8.382784
1981-12-30,7.635965
1981-12-31,7.0864396
1982-01-01,6.9340816
1982-01-02,6.7448654
1982-01-03,8.182985
1982-01-04,12.932173
1982-01-05,11.953508
1982-01-06,8.408361
1982-01-07,7.8221545
1982-01-08,7.770158
1982-01-09,6.5022964
1982-01-10,6.688809
1982-01-11,6.7425976
1982-01-12,12.511914
1982-01-13,9.34649
1982-01-14,7.0037937
1982-01-15,6.7951083
1982-01-16,7.410457
1982-01-17,7.0504837
1982-01-18,6.6286244
1982-01-19,6.4756904
1982-01-20,6.2414684
1982-01-21,6.004881
1982-01-22,5.782283
1982-01-23,5.5754147
1982-01-24,5.402502
1982-01-25,5.207587
1982-01-26,5.028792
1982-01-27,4.824561
1982-01-28,4.7017283
1982-01-29,7.1159444
1982-01-30,8.877052
1982-01-31,7.528521
1982-02-01,4.950643
1982-02-02,13.398259
1982-02-03,7.75362
1982-02-04,4.0870056
1982-02-05,4.1597123
1982-02-06,18.843529
1982-02-07,14.143977
1982-02-08,8.338262
1982-02-09,14.277662
1982-02-10,15.522244
1982-02-11,20.06766
1982-02-12,17.944221
1982-02-13,18.366802
1982-02-14,14.658906
1982-02-15,14.507941
1982-02-16,13.509105
1982-02-17,12.597977
1982-02-18,11.879444
1982-02-19,13.358883
1982-02-20,15.869953
1982-02-21,13.035173
1982-02-22,11.37038
1982-02-23,11.457459
1982-02-24,13.428248
1982-02-25,16.916801
1982-02-26,12.390807
1982-02-27,28.696955
1982-02-28,30.63341
1982-03-01,32.65167
1982-03-02,24.142252
1982-03-03,19.419054
1982-03-04,18.37811
1982-03-05,18.036543
1982-03-06,17.94338
1982-03-07,17.565071
1982-03-08,19.878136
1982-03-09,19.617897
1982-03-10,14.070396
1982-03-11,11.207252
1982-03-12,17.564236
1982-03-13,12.538217
1982-03-14,13.311302
1982-03-15,10.729126
1982-03-16,9.138264
1982-03-17,9.326476
1982-03-18,12.920041
1982-03-19,10.361777
1982-03-20,17.619957
1982-03-21,11.2555065
1982-03-22,15.9805
1982-03-23,11.836414
1982-03-24,12.856053
1982-03-25,11.902597
1982-03-26,13.74736
1982-03-27,13.189472
1982-03-28,13.290005
1982-03-29,19.341713
1982-03-30,16.36398
1982-03-31,10.989955
1982-04-01,10.193377
1982-04-02,22.22289
1982-04-03,19.728844
1982-04-04,19.820162
1982-04-05,25.922066
1982-04-06,30.154577
1982-04-07,29.538185
1982-04-08,32.930748
1982-04-09,28.627275
1982-04-10,23.416807
1982-04-11,29.444296
1982-04-12,25.73309
1982-04-13,19.572557
1982-04-14,18.855082
1982-04-15,19.20332
1982-04-16,32.493576
1982-04-17,38.049736
1982-04-18,35.216366
1982-04-19,26.971228
1982-04-20,26.312572
1982-04-21,21.631374
1982-04-22,27.034618
1982-04-23,22.03789
1982-04-24,19.996912
1982-04-25,16.978529
1982-04-26,25.53273
1982-04-27,27.500484
1982-04-28,31.107992
1982-04-29,23.433567
1982-04-30,19.951965
1982-05-01,19.771023
1982-05-02,19.929108
1982-05-03,17.070358
1982-05-04,15.662027
1982-05-05,14.895523
1982-05-06,13.889569
1982-05-07,12.778473
1982-05-08,14.341376
1982-05-09,11.970184
1982-05-10,11.454095
1982-05-11,10.0085535
1982-05-12,11.544433
1982-05-13,13.990412
1982-05-14,10.180715
1982-05-15,7.8582163
1982-05-16,9.246708
1982-05-17,7.7799573
1982-05-18,6.795961
1982-05-19,9.880703
1982-05-20,13.305745
1982-05-21,13.803249
1982-05-22,8.0934105
1982-05-23,11.160478
1982-05-24,10.120945
1982-05-25,7.48463
1982-05-26,18.02714
1982-05-27,28.588024
1982-05-28,209.0007
1982-05-29,103.78733
1982-05-30,32.6503
1982-05-31,25.504183
1982-06-01,20.751379
1982-06-02,17.494621
1982-06-03,15.155488
1982-06-04,13.837497
1982-06-05,14.505745
1982-06-06,11.586406
1982-06-07,17.759024
1982-06-08,12.357684
1982-06-09,8.652116
1982-06-10,8.104222
1982-06-11,7.630475
1982-06-12,8.761221
1982-06-13,12.127643
1982-06-14,12.947797
1982-06-15,10.149052
1982-06-16,14.534172
1982-06-17,12.742957
1982-06-18,9.529241
1982-06-19,7.4275837
1982-06-20,6.725144
1982-06-21,7.7304277
1982-06-22,13.48508
1982-06-23,11.615947
1982-06-24,10.802407
1982-06-25,11.327267
1982-06-26,8.7165
1982-06-27,7.8035316
1982-06-28,11.490451
1982-06-29,12.797702
1982-06-30,10.596263
1982-07-01,10.667108
1982-07-02,13.888074
1982-07-03,24.775276
1982-07-04,22.456167
1982-07-05,22.561583
1982-07-06,24.300346
1982-07-07,23.027075
1982-07-08,25.551271
1982-07-09,20.338173
1982-07-10,17.334085
1982-07-11,20.267527
1982-07-12,20.351572
1982-07-13,16.823488
1982-07-14,14.568036
1982-07-15,19.840658
1982-07-16,15.716691
1982-07-17,13.196865
1982-07-18,12.560736
1982-07-19,11.9843235
1982-07-20,12.606589
1982-07-21,14.462338
1982-07-22,11.486961
1982-07-23,9.862627
1982-07-24,9.505056
1982-07-25,9.169994
1982-07-26,9.486652
1982-07-27,9.812768
1982-07-28,9.633087
1982-07-29,8.133187
1982-07-30,7.701387
1982-07-31,8.839054
1982-08-01,7.8363748
1982-08-02,8.192762
1982-08-03,14.669931
1982-08-04,9.619962
1982-08-05,6.7148466
1982-08-06,6.6017523
1982-08-07,9.354387
1982-08-08,7.371202
1982-08-09,6.1243563
1982-08-10,10.591863
1982-08-11,10.236554
1982-08-12,7.333211
1982-08-13,5.938075
1982-08-14,5.5892673
1982-08-15,5.5275645
1982-08-16,8.585558
1982-08-17,7.0268955
1982-08-18,6.377954
1982-08-19,10.530909
1982-08-20,7.3955383
1982-08-21,11.81986
1982-08-22,7.8553557
1982-08-23,11.367457
1982-08-24,17.77934
1982-08-25,9.696587
1982-08-26,7.92179
1982-08-27,7.2521234
1982-08-28,11.284692
1982-08-29,14.678987
1982-08-30,14.739565
1982-08-31,14.311531
1982-09-01,14.38461
1982-09-02,18.62636
1982-09-03,22.599932
1982-09-04,15.552715
1982-09-05,12.382316
1982-09-06,12.562661
1982-09-07,11.875574
1982-09-08,13.140391
1982-09-09,11.339468
1982-09-10,10.609913
1982-09-11,9.669812
1982-09-12,9.160546
1982-09-13,8.833381
1982-09-14,10.921232
1982-09-15,8.764179
1982-09-16,7.373677
1982-09-17,9.061818
1982-09-18,7.377033
1982-09-19,11.109661
1982-09-20,8.16858
1982-09-21,6.0201354
1982-09-22,10.360082
1982-09-23,10.403705
1982-09-24,7.9806376
1982-09-25,8.726562
1982-09-26,6.2858887
1982-09-27,5.164181
1982-09-28,9.731304
1982-09-29,6.571844
1982-09-30,7.75347
1982-10-01,6.7079782
1982-10-02,4.957841
1982-10-03,4.5292687
1982-10-04,4.9780283
1982-10-05,5.5684876
1982-10-06,4.9069138
1982-10-07,5.119829
1982-10-08,4.4452643
1982-10-09,4.977294
1982-10-10,12.52857
1982-10-11,7.9551945
1982-10-12,6.598412
1982-10-13,6.3192296
1982-10-14,6.2758403
1982-10-15,7.6087866
1982-10-16,9.8490305
1982-10-17,9.557574
1982-10-18,9.408689
1982-10-19,7.1465216
1982-10-20,6.792059
1982-10-21,6.402088
1982-10-22,6.2260766
1982-10-23,6.662542
1982-10-24,6.1780167
1982-10-25,12.712504
1982-10-26,8.651025
1982-10-27,6.109045
1982-10-28,6.1643596
1982-10-29,6.2556067
1982-10-30,5.9472146
1982-10-31,6.7777486
1982-11-01,9.510427
1982-11-02,6.9325886
1982-11-03,5.423211
1982-11-04,5.6269255
1982-11-05,11.363863
1982-11-06,9.6159315
1982-11-07,18.260674
1982-11-08,14.784815
1982-11-09,16.020409
1982-11-10,31.121916
1982-11-11,23.364902
1982-11-12,18.296597
1982-11-13,20.783285
1982-11-14,23.56054
1982-11-15,18.904793
1982-11-16,22.898857
1982-11-17,21.660276
1982-11-18,16.635654
1982-11-19,23.622011
1982-11-20,17.81954
1982-11-21,14.13699
1982-11-22,13.958642
1982-11-23,16.33165
1982-11-24,17.7254
1982-11-25,28.37506
1982-11-26,21.477255
1982-11-27,14.734618
1982-11-28,13.999296
1982-11-29,14.1486845
1982-11-30,17.627182
1982-12-01,20.144833
1982-12-02,16.223648
1982-12-03,15.964287
1982-12-04,14.782187
1982-12-05,24.141775
1982-12-06,19.05424
1982-12-07,16.294521
1982-12-08,30.9379
1982-12-09,20.836748
1982-12-10,15.530932
1982-12-11,15.375148
1982-12-12,19.554852
1982-12-13,16.24091
1982-12-14,18.599361
1982-12-15,14.776856
1982-12-16,12.778538
1982-12-17,12.122703
1982-12-18,11.424748
1982-12-19,11.329506
1982-12-20,10.363998
1982-12-21,13.043408
1982-12-22,11.709274
1982-12-23,9.387512
1982-12-24,8.73055
1982-12-25,9.36029
1982-12-26,8.496312
1982-12-27,7.733939
1982-12-28,8.914416
1982-12-29,7.4240975
1982-12-30,7.0408516
1982-12-31,6.9892526
1983-01-01,9.484747
1983-01-02,7.9403768
1983-01-03,6.263724
1983-01-04,7.381079
1983-01-05,11.5990095
1983-01-06,14.097801
1983-01-07,11.030668
1983-01-08,6.6707044
1983-01-09,14.242836
1983-01-10,15.323317
1983-01-11,7.9115562
1983-01-12,6.0185328
1983-01-13,6.1351786
1983-01-14,6.2396216
1983-01-15,6.1093388
1983-01-16,6.0735292
1983-01-17,5.851799
1983-01-18,5.6542006
1983-01-19,8.851427
1983-01-20,6.660561
1983-01-21,5.316218
1983-01-22,7.453271
1983-01-23,5.888502
1983-01-24,8.49494
1983-01-25,6.2389784
1983-01-26,4.684994
1983-01-27,4.4938555
1983-01-28,4.36131
1983-01-29,4.2288027
1983-01-30,4.094502
1983-01-31,3.9635048
1983-02-01,3.8304396
1983-02-02,3.711941
1983-02-03,3.5903559
1983-02-04,3.4804187
1983-02-05,3.5072114
1983-02-06,3.4293313
1983-02-07,3.3663955
1983-02-08,3.164722
1983-02-09,3.0422764
1983-02-10,2.9334009
1983-02-11,2.8450582
1983-02-12,2.751696
1983-02-13,2.658909
1983-02-14,2.56542
1983-02-15,2.4712358
1983-02-16,2.5588655
1983-02-17,2.7159379
1983-02-18,2.6147933
1983-02-19,7.250768
1983-02-20,6.67079
1983-02-21,3.1313436
1983-02-22,2.5281177
1983-02-23,2.7442853
1983-02-24,3.2036326
1983-02-25,2.3340042
1983-02-26,3.6309938
1983-02-27,7.6877284
1983-02-28,3.8259654
1983-03-01,2.3240342
1983-03-02,2.7807372
1983-03-03,2.0371242
1983-03-04,2.9823666
1983-03-05,3.4357967
1983-03-06,2.5442257
1983-03-07,1.8420213
1983-03-08,1.803957
1983-03-09,1.7358489
1983-03-10,3.77918
1983-03-11,3.8793144
1983-03-12,2.3635924
1983-03-13,6.1472187
1983-03-14,3.4173791
1983-03-15,10.206275
1983-03-16,8.548977
1983-03-17,4.543896
1983-03-18,3.7911224
1983-03-19,4.250508
1983-03-20,6.10372
1983-03-21,12.03673
1983-03-22,6.8771214
1983-03-23,5.987821
1983-03-24,18.544235
1983-03-25,11.128248
1983-03-26,7.067438
1983-03-27,7.312084
1983-03-28,7.3274803
1983-03-29,7.6511536
1983-03-30,7.7680326
1983-03-31,7.247557
1983-04-01,6.695688
1983-04-02,14.109145
1983-04-03,13.757832
1983-04-04,10.688606
1983-04-05,8.106473
1983-04-06,7.97556
1983-04-07,8.107689
1983-04-08,7.1982923
1983-04-09,10.551541
1983-04-10,7.4381194
1983-04-11,8.295109
1983-04-12,6.847618
1983-04-13,6.7894
1983-04-14,8.435125
1983-04-15,9.395967
1983-04-16,9.760988
1983-04-17,15.458485
1983-04-18,9.808729
1983-04-19,8.077172
1983-04-20,12.205478
1983-04-21,9.567635
1983-04-22,8.104872
1983-04-23,8.360254
1983-04-24,8.120231
1983-04-25,7.9694104
1983-04-26,9.336997
1983-04-27,17.791084
1983-04-28,11.522631
1983-04-29,9.988628
1983-04-30,10.110846
1983-05-01,10.802857
1983-05-02,22.789333
1983-05-03,16.480549
1983-05-04,10.429661
1983-05-05,14.30514
1983-05-06,12.545825
1983-05-07,13.290054
1983-05-08,15.902167
1983-05-09,15.613886
1983-05-10,18.551424
1983-05-11,25.372534
1983-05-12,23.15979
1983-05-13,17.724985
1983-05-14,15.031645
1983-05-15,13.697879
1983-05-16,17.00522
1983-05-17,13.948626
1983-05-18,12.626727
1983-05-19,20.237425
1983-05-20,15.184842
1983-05-21,11.854499
1983-05-22,11.36157
1983-05-23,11.413533
1983-05-24,16.340187
1983-05-25,16.499645
1983-05-26,14.964149
1983-05-27,11.301671
1983-05-28,13.10887
1983-05-29,10.603132
1983-05-30,9.926951
1983-05-31,9.969537
1983-06-01,12.14316
1983-06-02,12.6984415
1983-06-03,10.279622
1983-06-04,10.521335
1983-06-05,11.656314
1983-06-06,10.93973
1983-06-07,10.722454
1983-06-08,11.237138
1983-06-09,10.454029
1983-06-10,10.147128
1983-06-11,10.53851
1983-06-12,9.7100725
1983-06-13,9.219977
1983-06-14,9.906452
1983-06-15,14.166906
1983-06-16,13.372929
1983-06-17,10.221321
1983-06-18,8.556213
1983-06-19,8.282999
1983-06-20,8.041515
1983-06-21,7.7941723
1983-06-22,7.9653387
1983-06-23,10.629484
1983-06-24,11.550611
1983-06-25,11.429058
1983-06-26,8.065835
1983-06-27,10.64562
1983-06-28,7.786003
1983-06-29,6.471078
1983-06-30,11.669992
1983-07-01,12.752298
1983-07-02,8.217914
1983-07-03,6.662282
1983-07-04,6.7007413
1983-07-05,6.7702065
1983-07-06,6.5285163
1983-07-07,6.3000007
1983-07-08,8.920257
1983-07-09,8.312302
1983-07-10,6.278382
1983-07-11,6.028939
1983-07-12,5.620723
1983-07-13,5.847257
1983-07-14,6.9992886
1983-07-15,5.714866
1983-07-16,5.198032
1983-07-17,7.694325
1983-07-18,6.094728
1983-07-19,7.5127783
1983-07-20,6.4611826
1983-07-21,5.4129696
1983-07-22,6.176136
1983-07-23,5.596209
1983-07-24,5.4983582
1983-07-25,14.711491
1983-07-26,9.816676
1983-07-27,6.9538
1983-07-28,7.0379186
1983-07-29,10.588786
1983-07-30,8.383314
1983-07-31,8.690604
1983-08-01,9.214488
1983-08-02,14.46166
1983-08-03,14.09107
1983-08-04,10.359595
1983-08-05,9.223802
1983-08-06,10.313192
1983-08-07,9.384725
1983-08-08,8.845483
1983-08-09,8.638652
1983-08-10,8.384044
1983-08-11,8.21306
1983-08-12,7.854338
1983-08-13,7.5035353
1983-08-14,7.183689
1983-08-15,7.384169
1983-08-16,6.8094172
1983-08-17,8.254148
1983-08-18,6.856047
1983-08-19,5.9851723
1983-08-20,6.309444
1983-08-21,5.696497
1983-08-22,5.365844
1983-08-23,8.071509
1983-08-24,6.010263
1983-08-25,4.87438
1983-08-26,11.518632
1983-08-27,7.081967
1983-08-28,4.4244733
1983-08-29,4.443797
1983-08-30,6.511521
1983-08-31,5.0589333
1983-09-01,4.01766
1983-09-02,3.8823512
1983-09-03,4.0271726
1983-09-04,4.0043745
1983-09-05,4.0025187
1983-09-06,3.7844641
1983-09-07,3.63441
1983-09-08,3.5286093
1983-09-09,3.3643632
1983-09-10,13.369798
1983-09-11,18.157534
1983-09-12,22.312452
1983-09-13,14.877349
1983-09-14,10.236368
1983-09-15,13.370312
1983-09-16,10.789844
1983-09-17,10.1497135
1983-09-18,13.375046
1983-09-19,10.270011
1983-09-20,12.943391
1983-09-21,10.060304
1983-09-22,9.139388
1983-09-23,8.137217
1983-09-24,7.5068793
1983-09-25,7.428848
1983-09-26,7.0443273
1983-09-27,9.232407
1983-09-28,7.5306916
1983-09-29,6.362962
1983-09-30,6.2549744
1983-10-01,5.744343
1983-10-02,5.702165
1983-10-03,6.6405416
1983-10-04,7.3110967
1983-10-05,5.995652
1983-10-06,8.073407
1983-10-07,14.653559
1983-10-08,12.175512
1983-10-09,6.8119555
1983-10-10,5.6999264
1983-10-11,9.709618
1983-10-12,7.8987107
1983-10-13,6.891165
1983-10-14,8.682377
1983-10-15,7.827992
1983-10-16,7.3020616
1983-10-17,7.394415
1983-10-18,7.35628
1983-10-19,11.430231
1983-10-20,10.061268
1983-10-21,8.010083
1983-10-22,9.398603
1983-10-23,7.585728
1983-10-24,6.5862193
1983-10-25,22.711203
1983-10-26,15.17032
1983-10-27,8.182748
1983-10-28,9.547186
1983-10-29,9.757277
1983-10-30,8.769172
1983-10-31,8.1858225
1983-11-01,8.046592
1983-11-02,10.1893215
1983-11-03,13.945018
1983-11-04,10.797585
1983-11-05,11.63772
1983-11-06,8.620049
1983-11-07,12.507049
1983-11-08,11.529558
1983-11-09,8.074221
1983-11-10,9.104666
1983-11-11,11.355719
1983-11-12,12.992241
1983-11-13,9.659762
1983-11-14,8.357637
1983-11-15,9.347033
1983-11-16,10.447744
1983-11-17,9.320998
1983-11-18,8.240577
1983-11-19,11.918995
1983-11-20,14.0093
1983-11-21,10.834349
1983-11-22,14.937501
1983-11-23,12.178214
1983-11-24,13.59315
1983-11-25,17.950981
1983-11-26,19.527245
1983-11-27,16.725931
1983-11-28,15.050374
1983-11-29,14.5769615
1983-11-30,16.434328
1983-12-01,14.638206
1983-12-02,15.757728
1983-12-03,18.924023
1983-12-04,15.811483
1983-12-05,20.906137
1983-12-06,18.658216
1983-12-07,15.214495
1983-12-08,15.10614
1983-12-09,14.175505
1983-12-10,19.043488
1983-12-11,16.185602
1983-12-12,16.32749
1983-12-13,17.837053
1983-12-14,25.346384
1983-12-15,28.792429
1983-12-16,22.486677
1983-12-17,19.507719
1983-12-18,19.195961
1983-12-19,18.643677
1983-12-20,17.18381
1983-12-21,17.744696
1983-12-22,26.721142
1983-12-23,21.722277
1983-12-24,19.342014
1983-12-25,15.4246435
1983-12-26,15.919129
1983-12-27,18.068516
1983-12-28,21.305244
1983-12-29,15.008975
1983-12-30,12.126632
1983-12-31,11.600594
1984-01-01,11.079696
1984-01-02,10.556693
1984-01-03,10.428155
1984-01-04,11.021885
1984-01-05,15.073506
1984-01-06,15.103211
1984-01-07,11.113802
1984-01-08,9.35857
1984-01-09,11.647283
1984-01-10,10.902723
1984-01-11,11.411154
1984-01-12,10.073369
1984-01-13,10.768337
1984-01-14,11.978778
1984-01-15,10.277367
1984-01-16,9.8443985
1984-01-17,15.850584
1984-01-18,18.512379
1984-01-19,13.260541
1984-01-20,12.674226
1984-01-21,13.051412
1984-01-22,16.53688
1984-01-23,21.271948
1984-01-24,15.545784
1984-01-25,12.388807
1984-01-26,16.264372
1984-01-27,13.872282
1984-01-28,11.209937
1984-01-29,10.454943
1984-01-30,9.897079
1984-01-31,15.478189
1984-02-01,11.378027
1984-02-02,13.969694
1984-02-03,10.383734
1984-02-04,8.548547
1984-02-05,9.776511
1984-02-06,15.328096
1984-02-07,22.72064
1984-02-08,16.704054
1984-02-09,18.223173
1984-02-10,21.32307
1984-02-11,23.284481
1984-02-12,27.42514
1984-02-13,23.010431
1984-02-14,19.55819
1984-02-15,23.315495
1984-02-16,18.880419
1984-02-17,17.500193
1984-02-18,21.949697
1984-02-19,20.42319
1984-02-20,20.296238
1984-02-21,19.778687
1984-02-22,21.029623
1984-02-23,21.140593
1984-02-24,24.54275
1984-02-25,22.862728
1984-02-26,22.177387
1984-02-27,20.974531
1984-02-28,22.719522
1984-02-29,17.874111
1984-03-01,16.75923
1984-03-02,15.653564
1984-03-03,18.756285
1984-03-04,15.613985
1984-03-05,18.749989
1984-03-06,15.429324
1984-03-07,19.664278
1984-03-08,37.171143
1984-03-09,33.283726
1984-03-10,28.433395
1984-03-11,28.671394
1984-03-12,23.836157
1984-03-13,19.896008
1984-03-14,17.461784
1984-03-15,15.402367
1984-03-16,13.693781
1984-03-17,12.279829
1984-03-18,11.156866
1984-03-19,10.192187
1984-03-20,9.884472
1984-03-21,9.820567
1984-03-22,10.629878
1984-03-23,14.965483
1984-03-24,11.645695
1984-03-25,7.544156
1984-03-26,6.603228
1984-03-27,8.616071
1984-03-28,6.5296826
1984-03-29,5.4883986
1984-03-30,8.605838
1984-03-31,15.315863
1984-04-01,8.331599
1984-04-02,4.942118
1984-04-03,4.9127474
1984-04-04,5.3350244
1984-04-05,5.641399
1984-04-06,4.832605
1984-04-07,4.488157
1984-04-08,13.358208
1984-04-09,12.669538
1984-04-10,10.950307
1984-04-11,19.938358
1984-04-12,14.545066
1984-04-13,9.890051
1984-04-14,8.952567
1984-04-15,14.178571
1984-04-16,11.399651
1984-04-17,17.932253
1984-04-18,41.30382
1984-04-19,31.122986
1984-04-20,21.848883
1984-04-21,21.03562
1984-04-22,21.511906
1984-04-23,22.058187
1984-04-24,18.401258
1984-04-25,27.655542
1984-04-26,22.999212
1984-04-27,18.398104
1984-04-28,15.649886
1984-04-29,14.273587
1984-04-30,15.516394
1984-05-01,17.352505
1984-05-02,19.84727
1984-05-03,15.59304
1984-05-04,18.968805
1984-05-05,15.975503
1984-05-06,15.540499
1984-05-07,21.534122
1984-05-08,19.26488
1984-05-09,20.448477
1984-05-10,29.387564
1984-05-11,21.616072
1984-05-12,16.80777
1984-05-13,16.102392
1984-05-14,15.823004
1984-05-15,26.868622
1984-05-16,20.586384
1984-05-17,17.240265
1984-05-18,20.389885
1984-05-19,20.10463
1984-05-20,17.158415
1984-05-21,34.228508
1984-05-22,55.324955
1984-05-23,42.672516
1984-05-24,30.508785
1984-05-25,24.399467
1984-05-26,21.19901
1984-05-27,17.71428
1984-05-28,21.558924
1984-05-29,20.296034
1984-05-30,15.875357
1984-05-31,18.181509
1984-06-01,21.8547
1984-06-02,21.548609
1984-06-03,15.428688
1984-06-04,17.173634
1984-06-05,16.61528
1984-06-06,14.512089
1984-06-07,15.712383
1984-06-08,20.678503
1984-06-09,18.542797
1984-06-10,17.280033
1984-06-11,24.554646
1984-06-12,21.524714
1984-06-13,21.616392
1984-06-14,20.678728
1984-06-15,17.987343
1984-06-16,19.391335
1984-06-17,36.269722
1984-06-18,29.616034
1984-06-19,23.86339
1984-06-20,27.501688
1984-06-21,26.548515
1984-06-22,26.234415
1984-06-23,29.27812
1984-06-24,26.103283
1984-06-25,20.549635
1984-06-26,17.989897
1984-06-27,16.788216
1984-06-28,15.522501
1984-06-29,17.458406
1984-06-30,19.835993
1984-07-01,14.6772585
1984-07-02,12.947245
1984-07-03,12.739059
1984-07-04,12.165026
1984-07-05,12.364501
1984-07-06,11.082996
1984-07-07,12.113798
1984-07-08,11.364169
1984-07-09,14.432529
1984-07-10,10.669673
1984-07-11,8.761295
1984-07-12,13.920593
1984-07-13,10.685345
1984-07-14,8.913421
1984-07-15,8.939255
1984-07-16,8.016133
1984-07-17,8.673341
1984-07-18,10.200847
1984-07-19,10.269893
1984-07-20,7.821949
1984-07-21,7.883671
1984-07-22,7.3302155
1984-07-23,6.9635453
1984-07-24,6.8366303
1984-07-25,6.7527943
1984-07-26,8.174958
1984-07-27,7.0724187
1984-07-28,6.389607
1984-07-29,7.0175357
1984-07-30,9.1162195
1984-07-31,10.588883
1984-08-01,7.292259
1984-08-02,6.346304
1984-08-03,6.3034215
1984-08-04,6.2847466
1984-08-05,14.988488
1984-08-06,11.242601
1984-08-07,8.915628
1984-08-08,7.081607
1984-08-09,9.946695
1984-08-10,22.787022
1984-08-11,16.390856
1984-08-12,13.114292
1984-08-13,12.860742
1984-08-14,17.74063
1984-08-15,15.359738
1984-08-16,12.018264
1984-08-17,19.979086
1984-08-18,14.790394
1984-08-19,10.762787
1984-08-20,10.208134
1984-08-21,9.990223
1984-08-22,9.768812
1984-08-23,9.5726795
1984-08-24,9.839407
1984-08-25,9.44727
1984-08-26,9.886997
1984-08-27,32.32304
1984-08-28,25.087385
1984-08-29,18.965067
1984-08-30,18.073088
1984-08-31,16.954857
1984-09-01,15.732885
1984-09-02,14.467366
1984-09-03,13.40024
1984-09-04,12.505267
1984-09-05,11.537532
1984-09-06,10.664881
1984-09-07,9.791377
1984-09-08,11.098737
1984-09-09,9.037018
1984-09-10,10.93089
1984-09-11,8.567077
1984-09-12,7.2908316
1984-09-13,6.7689095
1984-09-14,9.599674
1984-09-15,7.3228607
1984-09-16,6.1558256
1984-09-17,5.8006144
1984-09-18,6.0914397
1984-09-19,5.4757752
1984-09-20,5.3637853
1984-09-21,5.8158646
1984-09-22,12.463296
1984-09-23,12.976629
1984-09-24,6.574508
1984-09-25,4.6867476
1984-09-26,4.5661173
1984-09-27,4.8199234
1984-09-28,5.5384316
1984-09-29,5.1206183
1984-09-30,10.079833
1984-10-01,11.6539545
1984-10-02,6.8161516
1984-10-03,7.181461
1984-10-04,6.57426
1984-10-05,7.640322
1984-10-06,11.6970625
1984-10-07,8.037253
1984-10-08,6.1995487
1984-10-09,6.406299
1984-10-10,6.3173795
1984-10-11,7.345985
1984-10-12,6.6939807
1984-10-13,8.506602
1984-10-14,10.955002
1984-10-15,11.997223
1984-10-16,10.58278
1984-10-17,11.510248
1984-10-18,9.48168
1984-10-19,9.153634
1984-10-20,16.670586
1984-10-21,16.762964
1984-10-22,13.987546
1984-10-23,13.592532
1984-10-24,16.006899
1984-10-25,13.504586
1984-10-26,14.145458
1984-10-27,12.626803
1984-10-28,11.245937
1984-10-29,10.593734
1984-10-30,10.135634
1984-10-31,10.651388
1984-11-01,11.074859
1984-11-02,10.990863
1984-11-03,8.989673
1984-11-04,8.546369
1984-11-05,8.118536
1984-11-06,9.79073
1984-11-07,13.209495
1984-11-08,8.838433
1984-11-09,7.3895473
1984-11-10,7.241225
1984-11-11,6.772
1984-11-12,6.422731
1984-11-13,5.9483695
1984-11-14,8.400867
1984-11-15,14.252587
1984-11-16,8.427154
1984-11-17,5.2903047
1984-11-18,15.492187
1984-11-19,11.951504
1984-11-20,8.419924
1984-11-21,5.944475
1984-11-22,4.8012695
1984-11-23,15.6448345
1984-11-24,18.427565
1984-11-25,12.487817
1984-11-26,10.850598
1984-11-27,10.30009
1984-11-28,9.814668
1984-11-29,9.96887
1984-11-30,11.593054
1984-12-01,12.335446
1984-12-02,12.368139
1984-12-03,12.085403
1984-12-04,17.085634
1984-12-05,12.542692
1984-12-06,9.984102
1984-12-07,9.8891115
1984-12-08,9.528049
1984-12-09,9.147889
1984-12-10,8.792975
1984-12-11,8.424942
1984-12-12,8.062216
1984-12-13,7.8083777
1984-12-14,11.302619
1984-12-15,8.546219
1984-12-16,6.883389
1984-12-17,6.526759
1984-12-18,6.2053404
1984-12-19,6.2532463
1984-12-20,61.390102
1984-12-21,28.74117
1984-12-22,12.578294
1984-12-23,13.741028
1984-12-24,12.478424
1984-12-25,12.254477
1984-12-26,21.077864
1984-12-27,26.01014
1984-12-28,27.267609
1984-12-29,27.938963
1984-12-30,32.210693
1984-12-31,26.462925
1985-01-01,19.86129
1985-01-02,17.0549
1985-01-03,15.310428
1985-01-04,13.841555
1985-01-05,12.579822
1985-01-06,11.497221
1985-01-07,13.355718
1985-01-08,10.853998
1985-01-09,9.011479
1985-01-10,8.333737
1985-01-11,7.634073
1985-01-12,7.1117897
1985-01-13,6.6635103
1985-01-14,6.224422
1985-01-15,5.872691
1985-01-16,5.4551625
1985-01-17,5.0840616
1985-01-18,4.768845
1985-01-19,4.4793153
1985-01-20,4.210069
1985-01-21,4.0333076
1985-01-22,3.773581
1985-01-23,3.5455303
1985-01-24,3.3734121
1985-01-25,3.194601
1985-01-26,3.0332599
1985-01-27,2.8813422
1985-01-28,2.7419343
1985-01-29,2.60651
1985-01-30,2.4799395
1985-01-31,2.3669245
1985-02-01,2.2558358
1985-02-02,2.1507437
1985-02-03,2.0537243
1985-02-04,1.9650421
1985-02-05,1.8776882
1985-02-06,1.7948638
1985-02-07,1.7212727
1985-02-08,1.7104145
1985-02-09,1.6399328
1985-02-10,1.832514
1985-02-11,2.3506923
1985-02-12,1.7992202
1985-02-13,3.0983272
1985-02-14,2.983181
1985-02-15,3.529708
1985-02-16,2.2907717
1985-02-17,2.0867841
1985-02-18,5.9748116
1985-02-19,3.4241734
1985-02-20,1.9644359
1985-02-21,4.275228
1985-02-22,6.980615
1985-02-23,4.6503854
1985-02-24,1.9623778
1985-02-25,1.5387548
1985-02-26,1.288275
1985-02-27,1.1122444
1985-02-28,1.0885013
1985-03-01,1.732816
1985-03-02,5.735174
1985-03-03,4.132348
1985-03-04,2.9483306
1985-03-05,6.3125043
1985-03-06,21.316189
1985-03-07,9.968439
1985-03-08,11.603029
1985-03-09,13.643754
1985-03-10,8.088498
1985-03-11,2.459495
1985-03-12,1.6799761
1985-03-13,1.467909
1985-03-14,1.3856666
1985-03-15,7.6730485
1985-03-16,5.417783
1985-03-17,2.4889314
1985-03-18,2.0787463
1985-03-19,2.5859811
1985-03-20,2.5161285
1985-03-21,2.422469
1985-03-22,2.7247868
1985-03-23,5.352191
1985-03-24,4.7918406
1985-03-25,2.8118327
1985-03-26,5.9475193
1985-03-27,8.610774
1985-03-28,10.007547
1985-03-29,7.421916
1985-03-30,6.38859
1985-03-31,17.109377
1985-04-01,13.488742
1985-04-02,9.930955
1985-04-03,9.801999
1985-04-04,31.85048
1985-04-05,20.413706
1985-04-06,23.479393
1985-04-07,18.288252
1985-04-08,18.033518
1985-04-09,21.357908
1985-04-10,28.726553
1985-04-11,28.374205
1985-04-12,33.531178
1985-04-13,28.005024
1985-04-14,30.703718
1985-04-15,25.764399
1985-04-16,25.481575
1985-04-17,23.405365
1985-04-18,21.832327
1985-04-19,24.348026
1985-04-20,34.48306
1985-04-21,29.03891
1985-04-22,23.3542
1985-04-23,21.599218
1985-04-24,40.835163
1985-04-25,31.54549
1985-04-26,28.902658
1985-04-27,26.009401
1985-04-28,27.467115
1985-04-29,22.242521
1985-04-30,20.308277
1985-05-01,17.519756
1985-05-02,18.804642
1985-05-03,16.265522
1985-05-04,13.938665
1985-05-05,13.402901
1985-05-06,12.63878
1985-05-07,11.501277
1985-05-08,12.441472
1985-05-09,12.245289
1985-05-10,11.62761
1985-05-11,19.853518
1985-05-12,19.323013
1985-05-13,13.500903
1985-05-14,11.81811
1985-05-15,19.700533
1985-05-16,28.903553
1985-05-17,33.564262
1985-05-18,31.921946
1985-05-19,25.255518
1985-05-20,21.39546
1985-05-21,17.480234
1985-05-22,15.819232
1985-05-23,14.642702
1985-05-24,14.237221
1985-05-25,16.165545
1985-05-26,13.156418
1985-05-27,14.490568
1985-05-28,12.247233
1985-05-29,11.818328
1985-05-30,11.318884
1985-05-31,10.608837
1985-06-01,11.167453
1985-06-02,10.327544
1985-06-03,11.187048
1985-06-04,14.451212
1985-06-05,22.886208
1985-06-06,16.378937
1985-06-07,14.604354
1985-06-08,30.667162
1985-06-09,36.93266
1985-06-10,33.073128
1985-06-11,26.712204
1985-06-12,22.0994
1985-06-13,18.645016
1985-06-14,15.964818
1985-06-15,13.940908
1985-06-16,16.670298
1985-06-17,14.700821
1985-06-18,13.122412
1985-06-19,16.547441
1985-06-20,12.351024
1985-06-21,9.326568
1985-06-22,12.24163
1985-06-23,11.916034
1985-06-24,13.047597
1985-06-25,9.751384
1985-06-26,12.321284
1985-06-27,17.072283
1985-06-28,11.701532
1985-06-29,8.921776
1985-06-30,9.159767
1985-07-01,8.844848
1985-07-02,8.4611
1985-07-03,28.567911
1985-07-04,15.688411
1985-07-05,8.121733
1985-07-06,13.85873
1985-07-07,27.27632
1985-07-08,21.032736
1985-07-09,16.146032
1985-07-10,15.554846
1985-07-11,15.504541
1985-07-12,17.654913
1985-07-13,17.442507
1985-07-14,18.278067
1985-07-15,19.197681
1985-07-16,18.136879
1985-07-17,18.319942
1985-07-18,18.287348
1985-07-19,17.686333
1985-07-20,16.799408
1985-07-21,15.776807
1985-07-22,14.651421
1985-07-23,13.466933
1985-07-24,12.349939
1985-07-25,13.230617
1985-07-26,11.303359
1985-07-27,10.149319
1985-07-28,11.545895
1985-07-29,9.819357
1985-07-30,10.103574
1985-07-31,8.5002
1985-08-01,7.587625
1985-08-02,7.6441545
1985-08-03,17.505709
1985-08-04,13.66497
1985-08-05,7.81999
1985-08-06,6.703762
1985-08-07,6.561438
1985-08-08,6.7484593
1985-08-09,7.432524
1985-08-10,7.470189
1985-08-11,7.9890246
1985-08-12,6.6243095
1985-08-13,7.8050294
1985-08-14,6.7262187
1985-08-15,10.30323
1985-08-16,8.282361
1985-08-17,8.348211
1985-08-18,18.091366
1985-08-19,15.210151
1985-08-20,8.072391
1985-08-21,7.542605
1985-08-22,9.778111
1985-08-23,7.8379498
1985-08-24,7.162113
1985-08-25,7.182623
1985-08-26,7.0740185
1985-08-27,7.0301123
1985-08-28,12.185533
1985-08-29,11.363956
1985-08-30,7.7439466
1985-08-31,6.967679
1985-09-01,7.2966523
1985-09-02,9.013448
1985-09-03,13.3301115
1985-09-04,9.517479
1985-09-05,12.035262
1985-09-06,12.217783
1985-09-07,12.913679
1985-09-08,12.861034
1985-09-09,12.410881
1985-09-10,12.03311
1985-09-11,11.537855
1985-09-12,16.976946
1985-09-13,12.681322
1985-09-14,11.071278
1985-09-15,10.494622
1985-09-16,9.525378
1985-09-17,9.222406
1985-09-18,12.83282
1985-09-19,14.01791
1985-09-20,11.555572
1985-09-21,11.278931
1985-09-22,22.443205
1985-09-23,14.938914
1985-09-24,10.357153
1985-09-25,10.090657
1985-09-26,10.365067
1985-09-27,15.001875
1985-09-28,16.747314
1985-09-29,11.897978
1985-09-30,13.417858
1985-10-01,10.619902
1985-10-02,8.665006
1985-10-03,10.769762
1985-10-04,21.265818
1985-10-05,23.578764
1985-10-06,21.145136
1985-10-07,19.771297
1985-10-08,24.994505
1985-10-09,26.369398
1985-10-10,29.063599
1985-10-11,25.12398
1985-10-12,29.217587
1985-10-13,22.081213
1985-10-14,25.00826
1985-10-15,23.123594
1985-10-16,21.574678
1985-10-17,22.579433
1985-10-18,23.09645
1985-10-19,19.819366
1985-10-20,17.5976
1985-10-21,15.740438
1985-10-22,17.359465
1985-10-23,14.550226
1985-10-24,19.63027
1985-10-25,14.37726
1985-10-26,11.412683
1985-10-27,10.841338
1985-10-28,12.674829
1985-10-29,10.3557625
1985-10-30,9.031183
1985-10-31,8.626669
1985-11-01,8.173523
1985-11-02,7.9122763
1985-11-03,7.4782023
1985-11-04,7.214102
1985-11-05,6.766123
1985-11-06,6.516806
1985-11-07,9.008824
1985-11-08,7.2102284
1985-11-09,7.424938
1985-11-10,17.959053
1985-11-11,9.83018
1985-11-12,6.5232854
1985-11-13,6.049562
1985-11-14,9.213903
1985-11-15,33.806114
1985-11-16,19.688116
1985-11-17,15.637397
1985-11-18,18.62695
1985-11-19,14.740944
1985-11-20,13.627091
1985-11-21,13.42711
1985-11-22,13.134862
1985-11-23,12.372119
1985-11-24,11.629211
1985-11-25,13.270085
1985-11-26,11.338917
1985-11-27,9.99409
1985-11-28,9.485282
1985-11-29,11.152459
1985-11-30,15.867561
1985-12-01,10.549274
1985-12-02,7.7517624
1985-12-03,9.217308
1985-12-04,8.542382
1985-12-05,7.187901
1985-12-06,6.8203998
1985-12-07,6.483194
1985-12-08,10.982626
1985-12-09,8.150518
1985-12-10,19.1259
1985-12-11,10.99029
1985-12-12,5.9474816
1985-12-13,5.682322
1985-12-14,5.866098
1985-12-15,5.6897864
1985-12-16,5.377964
1985-12-17,5.166508
1985-12-18,5.0483694
1985-12-19,4.909189
1985-12-20,4.780173
1985-12-21,4.6525598
1985-12-22,4.761347
1985-12-23,10.809666
1985-12-24,6.6959
1985-12-25,4.193024
1985-12-26,4.0432677
1985-12-27,3.9236615
1985-12-28,3.8017583
1985-12-29,3.6744106
1985-12-30,3.5680783
1985-12-31,3.4350407
1986-01-01,3.3750236
1986-01-02,3.2925508
1986-01-03,3.3789737
1986-01-04,3.5750046
1986-01-05,3.0658457
1986-01-06,3.0337737
1986-01-07,2.9603794
1986-01-08,2.7664447
1986-01-09,2.6183944
1986-01-10,2.5475116
1986-01-11,3.2849774
1986-01-12,2.9431384
1986-01-13,4.1943808
1986-01-14,2.8800657
1986-01-15,6.903808
1986-01-16,7.4642363
1986-01-17,6.397625
1986-01-18,3.0262434
1986-01-19,1.9976021
1986-01-20,2.0282788
1986-01-21,2.4632227
1986-01-22,2.1499355
1986-01-23,2.4071872
1986-01-24,2.171037
1986-01-25,3.8744984
1986-01-26,8.134498
1986-01-27,16.732807
1986-01-28,14.649259
1986-01-29,14.417678
1986-01-30,8.44633
1986-01-31,3.6193218
1986-02-01,2.6548364
1986-02-02,3.018212
1986-02-03,7.245124
1986-02-04,4.775131
1986-02-05,4.7175984
1986-02-06,11.042886
1986-02-07,7.593317
1986-02-08,7.7772546
1986-02-09,6.9741316
1986-02-10,16.230345
1986-02-11,11.517249
1986-02-12,8.293895
1986-02-13,10.430084
1986-02-14,14.094113
1986-02-15,11.409952
1986-02-16,10.30275
1986-02-17,10.824415
1986-02-18,9.383571
1986-02-19,9.159043
1986-02-20,9.108621
1986-02-21,11.072244
1986-02-22,10.396309
1986-02-23,14.211633
1986-02-24,14.724283
1986-02-25,17.20377
1986-02-26,18.30353
1986-02-27,21.498354
1986-02-28,27.551697
1986-03-01,32.03179
1986-03-02,30.899452
1986-03-03,30.971375
1986-03-04,27.274704
1986-03-05,38.989624
1986-03-06,31.011454
1986-03-07,25.1014
1986-03-08,26.308493
1986-03-09,22.20385
1986-03-10,20.700945
1986-03-11,18.752962
1986-03-12,17.128988
1986-03-13,20.047815
1986-03-14,21.869692
1986-03-15,16.572845
1986-03-16,16.228676
1986-03-17,15.915187
1986-03-18,24.739315
1986-03-19,28.70626
1986-03-20,33.033955
1986-03-21,73.19637
1986-03-22,54.76067
1986-03-23,34.805885
1986-03-24,27.10857
1986-03-25,27.430588
1986-03-26,21.135313
1986-03-27,17.208288
1986-03-28,21.615614
1986-03-29,16.299833
1986-03-30,13.452903
1986-03-31,14.288979
1986-04-01,17.566746
1986-04-02,14.415712
1986-04-03,13.32474
1986-04-04,14.012768
1986-04-05,15.967773
1986-04-06,14.657867
1986-04-07,45.7488
1986-04-08,37.259647
1986-04-09,31.833508
1986-04-10,32.67862
1986-04-11,26.193176
1986-04-12,22.651781
1986-04-13,26.926285
1986-04-14,22.456112
1986-04-15,24.213118
1986-04-16,19.956984
1986-04-17,28.201717
1986-04-18,21.647617
1986-04-19,17.042332
1986-04-20,20.774187
1986-04-21,19.254725
1986-04-22,17.843592
1986-04-23,25.621578
1986-04-24,24.88855
1986-04-25,18.46996
1986-04-26,16.16139
1986-04-27,17.462885
1986-04-28,24.519588
1986-04-29,212.02194
1986-04-30,101.708374
1986-05-01,33.586937
1986-05-02,33.611706
1986-05-03,24.607811
1986-05-04,17.810015
1986-05-05,15.104834
1986-05-06,16.140451
1986-05-07,13.074684
1986-05-08,11.710898
1986-05-09,10.532976
1986-05-10,9.84045
1986-05-11,23.696053
1986-05-12,17.064234
1986-05-13,11.636986
1986-05-14,8.675189
1986-05-15,10.368751
1986-05-16,11.852172
1986-05-17,8.621821
1986-05-18,21.186651
1986-05-19,15.069998
1986-05-20,14.6082945
1986-05-21,53.34587
1986-05-22,54.89493
1986-05-23,35.56462
1986-05-24,25.440786
1986-05-25,20.66315
1986-05-26,24.667513
1986-05-27,23.123253
1986-05-28,18.295128
1986-05-29,13.8645315
1986-05-30,12.483733
1986-05-31,12.740516
1986-06-01,24.736351
1986-06-02,23.555962
1986-06-03,15.88493
1986-06-04,14.44223
1986-06-05,14.389972
1986-06-06,13.786904
1986-06-07,13.095467
1986-06-08,13.024014
1986-06-09,13.062193
1986-06-10,11.734548
1986-06-11,14.989083
1986-06-12,14.183634
1986-06-13,12.877343
1986-06-14,14.479106
1986-06-15,11.227522
1986-06-16,11.346279
1986-06-17,11.267379
1986-06-18,11.299888
1986-06-19,22.638004
1986-06-20,30.010176
1986-06-21,30.698925
1986-06-22,27.989979
1986-06-23,26.642288
1986-06-24,23.87189
1986-06-25,20.827057
1986-06-26,20.761147
1986-06-27,21.71556
1986-06-28,18.159819
1986-06-29,15.627909
1986-06-30,14.805969
1986-07-01,13.3421955
1986-07-02,17.246683
1986-07-03,32.729057
1986-07-04,19.967691
1986-07-05,14.049676
1986-07-06,13.926852
1986-07-07,13.550638
1986-07-08,15.100496
1986-07-09,13.4809
1986-07-10,12.315466
1986-07-11,12.785309
1986-07-12,11.810179
1986-07-13,11.573646
1986-07-14,11.381564
1986-07-15,11.825748
1986-07-16,11.115746
1986-07-17,10.817856
1986-07-18,10.694108
1986-07-19,10.426811
1986-07-20,10.118882
1986-07-21,10.041723
1986-07-22,10.424932
1986-07-23,41.68876
1986-07-24,27.063194
1986-07-25,18.327715
1986-07-26,17.912594
1986-07-27,17.095274
1986-07-28,15.901313
1986-07-29,14.679525
1986-07-30,13.628117
1986-07-31,14.984507
1986-08-01,15.611461
1986-08-02,18.018139
1986-08-03,17.669575
1986-08-04,14.392229
1986-08-05,14.430891
1986-08-06,21.645222
1986-08-07,15.612456
1986-08-08,10.849799
1986-08-09,13.264914
1986-08-10,10.006198
1986-08-11,13.268632
1986-08-12,10.0173435
1986-08-13,11.857433
1986-08-14,13.392179
1986-08-15,15.7938595
1986-08-16,15.043549
1986-08-17,14.176769
1986-08-18,17.925842
1986-08-19,19.13836
1986-08-20,16.007044
1986-08-21,15.027051
1986-08-22,14.904232
1986-08-23,14.30284
1986-08-24,13.887236
1986-08-25,15.392451
1986-08-26,15.201702
1986-08-27,14.595964
1986-08-28,13.252777
1986-08-29,13.287326
1986-08-30,14.149821
1986-08-31,10.858674
1986-09-01,9.150321
1986-09-02,8.699897
1986-09-03,15.865162
1986-09-04,12.660835
1986-09-05,9.835589
1986-09-06,14.875985
1986-09-07,10.400229
1986-09-08,8.077365
1986-09-09,9.733196
1986-09-10,10.451171
1986-09-11,14.815576
1986-09-12,12.793447
1986-09-13,10.420184
1986-09-14,11.887568
1986-09-15,15.899495
1986-09-16,17.404177
1986-09-17,14.887842
1986-09-18,15.810122
1986-09-19,13.872957
1986-09-20,24.049242
1986-09-21,17.3137
1986-09-22,16.127783
1986-09-23,13.626657
1986-09-24,12.121106
1986-09-25,13.91093
1986-09-26,12.4644375
1986-09-27,17.698532
1986-09-28,14.060933
1986-09-29,18.910732
1986-09-30,17.331398
1986-10-01,16.316746
1986-10-02,17.435184
1986-10-03,17.52041
1986-10-04,15.963527
1986-10-05,15.618651
1986-10-06,14.2979
1986-10-07,22.250937
1986-10-08,18.086498
1986-10-09,21.240345
1986-10-10,18.629427
1986-10-11,21.48071
1986-10-12,26.488863
1986-10-13,26.645094
1986-10-14,20.706476
1986-10-15,18.638357
1986-10-16,20.643627
1986-10-17,17.88704
1986-10-18,17.314
1986-10-19,17.017548
1986-10-20,14.26545
1986-10-21,14.910475
1986-10-22,17.016104
1986-10-23,16.469095
1986-10-24,17.177006
1986-10-25,154.86057
1986-10-26,81.08278
1986-10-27,27.277813
1986-10-28,24.72498
1986-10-29,19.975224
1986-10-30,16.151064
1986-10-31,14.264605
1986-11-01,19.205347
1986-11-02,21.335588
1986-11-03,13.895467
1986-11-04,18.264606
1986-11-05,22.277563
1986-11-06,13.371724
1986-11-07,9.818789
1986-11-08,18.338667
1986-11-09,14.473461
1986-11-10,9.85286
1986-11-11,8.792847
1986-11-12,14.786564
1986-11-13,25.003683
1986-11-14,16.40697
1986-11-15,12.705873
1986-11-16,12.467591
1986-11-17,12.828383
1986-11-18,13.661512
1986-11-19,17.116447
1986-11-20,14.689
1986-11-21,12.918037
1986-11-22,12.567561
1986-11-23,13.691
1986-11-24,10.319081
1986-11-25,9.037656
1986-11-26,10.554653
1986-11-27,9.315778
1986-11-28,8.633832
1986-11-29,7.9493923
1986-11-30,7.6930795
1986-12-01,8.607917
1986-12-02,7.818305
1986-12-03,7.1943383
1986-12-04,7.5955515
1986-12-05,7.0774536
1986-12-06,8.715451
1986-12-07,7.5638275
1986-12-08,6.990977
1986-12-09,8.301762
1986-12-10,18.404161
1986-12-11,23.71936
1986-12-12,20.539528
1986-12-13,14.548516
1986-12-14,15.558322
1986-12-15,12.19473
1986-12-16,10.337315
1986-12-17,9.93494
1986-12-18,9.745665
1986-12-19,9.265786
1986-12-20,8.790514
1986-12-21,8.997539
1986-12-22,16.550209
1986-12-23,15.689699
1986-12-24,11.275628
1986-12-25,8.442618
1986-12-26,7.636324
1986-12-27,7.3995814
1986-12-28,7.146707
1986-12-29,6.9075036
1986-12-30,6.6790967
1986-12-31,6.579599
1987-01-01,7.3637805
1987-01-02,7.1205087
1987-01-03,8.830053
1987-01-04,17.189018
1987-01-05,13.457421
1987-01-06,9.701445
1987-01-07,6.5709534
1987-01-08,9.729404
1987-01-09,10.264196
1987-01-10,16.396027
1987-01-11,25.993362
1987-01-12,18.723495
1987-01-13,17.682755
1987-01-14,26.923311
1987-01-15,25.873793
1987-01-16,24.687096
1987-01-17,30.137611
1987-01-18,35.308537
1987-01-19,38.739178
1987-01-20,32.522575
1987-01-21,27.121717
1987-01-22,23.859764
1987-01-23,20.673021
1987-01-24,17.867525
1987-01-25,15.738164
1987-01-26,13.84634
1987-01-27,12.26295
1987-01-28,11.309268
1987-01-29,11.072979
1987-01-30,9.515559
1987-01-31,11.115891
1987-02-01,10.475976
1987-02-02,8.95846
1987-02-03,11.342567
1987-02-04,7.8094635
1987-02-05,7.328348
1987-02-06,10.179496
1987-02-07,7.2706094
1987-02-08,5.497361
1987-02-09,8.958155
1987-02-10,13.297286
1987-02-11,33.743076
1987-02-12,14.740817
1987-02-13,5.975639
1987-02-14,6.3007336
1987-02-15,10.363807
1987-02-16,7.143934
1987-02-17,5.431872
1987-02-18,5.9797378
1987-02-19,7.2131767
1987-02-20,13.051163
1987-02-21,12.834143
1987-02-22,29.828987
1987-02-23,21.410917
1987-02-24,11.10235
1987-02-25,9.619885
1987-02-26,11.402286
1987-02-27,11.853446
1987-02-28,12.178694
1987-03-01,10.949399
1987-03-02,13.671685
1987-03-03,13.608712
1987-03-04,11.215435
1987-03-05,10.534383
1987-03-06,30.357336
1987-03-07,33.77256
1987-03-08,34.015675
1987-03-09,31.032856
1987-03-10,26.010374
1987-03-11,21.776423
1987-03-12,20.688122
1987-03-13,17.141533
1987-03-14,14.701011
1987-03-15,13.189471
1987-03-16,12.85918
1987-03-17,15.128839
1987-03-18,12.325633
1987-03-19,9.937791
1987-03-20,9.263581
1987-03-21,9.102295
1987-03-22,8.453024
1987-03-23,9.066693
1987-03-24,7.8984346
1987-03-25,9.533115
1987-03-26,7.6506753
1987-03-27,6.623847
1987-03-28,6.4390492
1987-03-29,6.3505487
1987-03-30,6.0086064
1987-03-31,6.1613646
1987-04-01,7.4930515
1987-04-02,10.380962
1987-04-03,20.753502
1987-04-04,34.82809
1987-04-05,35.456932
1987-04-06,19.494673
1987-04-07,15.742092
1987-04-08,16.259655
1987-04-09,14.641761
1987-04-10,13.007821
1987-04-11,12.71752
1987-04-12,12.454448
1987-04-13,13.524701
1987-04-14,13.833281
1987-04-15,26.548752
1987-04-16,23.689762
1987-04-17,13.1479845
1987-04-18,14.45084
1987-04-19,23.469831
1987-04-20,25.835909
1987-04-21,26.221544
1987-04-22,30.042585
1987-04-23,33.835773
1987-04-24,45.662273
1987-04-25,38.426575
1987-04-26,27.094818
1987-04-27,24.18836
1987-04-28,18.877258
1987-04-29,16.513588
1987-04-30,21.066591
1987-05-01,15.726662
1987-05-02,12.150405
1987-05-03,14.290888
1987-05-04,12.090994
1987-05-05,11.771577
1987-05-06,13.01526
1987-05-07,10.931456
1987-05-08,9.606888
1987-05-09,8.948618
1987-05-10,33.7964
1987-05-11,25.164743
1987-05-12,14.553695
1987-05-13,10.312145
1987-05-14,10.195787
1987-05-15,10.324347
1987-05-16,10.066359
1987-05-17,10.263106
1987-05-18,10.404329
1987-05-19,12.269117
1987-05-20,9.804686
1987-05-21,8.645913
1987-05-22,9.650812
1987-05-23,8.59247
1987-05-24,14.791423
1987-05-25,15.287271
1987-05-26,10.571064
1987-05-27,18.045982
1987-05-28,15.109695
1987-05-29,13.316083
1987-05-30,13.170091
1987-05-31,12.693015
1987-06-01,12.145404
1987-06-02,12.329534
1987-06-03,11.265779
1987-06-04,11.993446
1987-06-05,10.543586
1987-06-06,9.662208
1987-06-07,12.82981
1987-06-08,14.048858
1987-06-09,12.875441
1987-06-10,18.12392
1987-06-11,21.619081
1987-06-12,21.796116
1987-06-13,20.36629
1987-06-14,24.414236
1987-06-15,36.159355
1987-06-16,26.007475
1987-06-17,34.164543
1987-06-18,33.06422
1987-06-19,22.593878
1987-06-20,18.58007
1987-06-21,17.711536
1987-06-22,16.65444
1987-06-23,15.443872
1987-06-24,14.736156
1987-06-25,15.136823
1987-06-26,13.672606
1987-06-27,12.472156
1987-06-28,11.740576
1987-06-29,11.121387
1987-06-30,10.538813
1987-07-01,10.017395
1987-07-02,9.489681
1987-07-03,9.586531
1987-07-04,8.754617
1987-07-05,8.558143
1987-07-06,7.9942393
1987-07-07,7.510606
1987-07-08,9.945433
1987-07-09,7.8544807
1987-07-10,9.876085
1987-07-11,10.72619
1987-07-12,10.27955
1987-07-13,7.2823033
1987-07-14,6.0677247
1987-07-15,9.006998
1987-07-16,8.042658
1987-07-17,7.572734
1987-07-18,7.552512
1987-07-19,5.754254
1987-07-20,7.1020336
1987-07-21,7.903464
1987-07-22,5.8684144
1987-07-23,4.860736
1987-07-24,4.6914845
1987-07-25,4.7985525
1987-07-26,7.092199
1987-07-27,8.036188
1987-07-28,5.5770063
1987-07-29,4.6161656
1987-07-30,12.168203
1987-07-31,13.953669
1987-08-01,14.272102
1987-08-02,8.679168
1987-08-03,7.525926
1987-08-04,7.8115954
1987-08-05,7.6745596
1987-08-06,7.485173
1987-08-07,7.7316885
1987-08-08,30.401827
1987-08-09,16.36474
1987-08-10,9.683734
1987-08-11,10.07871
1987-08-12,9.931816
1987-08-13,10.453778
1987-08-14,11.001808
1987-08-15,10.096409
1987-08-16,9.507979
1987-08-17,8.932952
1987-08-18,16.791254
1987-08-19,15.06116
1987-08-20,14.682955
1987-08-21,12.909109
1987-08-22,18.20467
1987-08-23,15.026846
1987-08-24,11.621448
1987-08-25,14.462298
1987-08-26,11.564648
1987-08-27,9.84166
1987-08-28,9.412604
1987-08-29,22.88821
1987-08-30,13.7638235
1987-08-31,9.96247
1987-09-01,9.2401
1987-09-02,9.209555
1987-09-03,7.8123603
1987-09-04,7.0677013
1987-09-05,17.858866
1987-09-06,11.176919
1987-09-07,6.6208773
1987-09-08,7.291856
1987-09-09,6.9081554
1987-09-10,14.721251
1987-09-11,9.166548
1987-09-12,6.2158504
1987-09-13,6.183362
1987-09-14,11.20974
1987-09-15,7.774962
1987-09-16,5.902998
1987-09-17,10.433244
1987-09-18,10.943459
1987-09-19,7.173704
1987-09-20,6.180771
1987-09-21,6.3729672
1987-09-22,9.202267
1987-09-23,10.975101
1987-09-24,9.67942
1987-09-25,8.931551
1987-09-26,12.754559
1987-09-27,10.2610035
1987-09-28,8.923142
1987-09-29,9.011217
1987-09-30,16.885578
1987-10-01,11.882062
1987-10-02,9.269481
1987-10-03,15.861427
1987-10-04,25.73939
1987-10-05,19.29211
1987-10-06,18.10362
1987-10-07,17.441622
1987-10-08,18.015738
1987-10-09,23.815008
1987-10-10,19.947716
1987-10-11,17.7395
1987-10-12,16.956331
1987-10-13,15.514779
1987-10-14,14.197085
1987-10-15,18.769005
1987-10-16,16.024836
1987-10-17,12.476433
1987-10-18,11.466413
1987-10-19,13.400055
1987-10-20,15.062887
1987-10-21,13.715072
1987-10-22,11.726407
1987-10-23,9.43312
1987-10-24,23.228657
1987-10-25,13.7889385
1987-10-26,11.458772
1987-10-27,12.263302
1987-10-28,17.897427
1987-10-29,13.377432
1987-10-30,20.250534
1987-10-31,15.592647
1987-11-01,12.771975
1987-11-02,12.505372
1987-11-03,12.96297
1987-11-04,17.982977
1987-11-05,19.829897
1987-11-06,13.794817
1987-11-07,12.10567
1987-11-08,12.49637
1987-11-09,11.324189
1987-11-10,16.724209
1987-11-11,20.577595
1987-11-12,16.97498
1987-11-13,13.758196
1987-11-14,18.566399
1987-11-15,12.508003
1987-11-16,12.010734
1987-11-17,13.346038
1987-11-18,26.960289
1987-11-19,32.857803
1987-11-20,30.457575
1987-11-21,28.935642
1987-11-22,27.054438
1987-11-23,21.11091
1987-11-24,20.301264
1987-11-25,17.669714
1987-11-26,15.461212
1987-11-27,15.731985
1987-11-28,18.661467
1987-11-29,14.408516
1987-11-30,15.22932
1987-12-01,16.36103
1987-12-02,17.80123
1987-12-03,21.195156
1987-12-04,16.192478
1987-12-05,14.002281
1987-12-06,16.718655
1987-12-07,19.855656
1987-12-08,30.974287
1987-12-09,26.957811
1987-12-10,23.571701
1987-12-11,21.372364
1987-12-12,19.686258
1987-12-13,22.554018
1987-12-14,27.651028
1987-12-15,18.473763
1987-12-16,15.847938
1987-12-17,15.50219
1987-12-18,12.754761
1987-12-19,11.254126
1987-12-20,13.20824
1987-12-21,13.031984
1987-12-22,11.501617
1987-12-23,9.768712
1987-12-24,8.88859
1987-12-25,8.601158
1987-12-26,8.142372
1987-12-27,7.7070374
1987-12-28,7.3341107
1987-12-29,6.997938
1987-12-30,7.379237
1987-12-31,10.673519
1988-01-01,18.233763
1988-01-02,10.481223
1988-01-03,6.060613
1988-01-04,5.8106093
1988-01-05,5.6269894
1988-01-06,5.4548635
1988-01-07,5.2694893
1988-01-08,5.0806966
1988-01-09,4.924803
1988-01-10,4.9153285
1988-01-11,4.64997
1988-01-12,4.41405
1988-01-13,4.241177
1988-01-14,4.080716
1988-01-15,3.9249663
1988-01-16,3.7638447
1988-01-17,3.605165
1988-01-18,3.514016
1988-01-19,3.4004107
1988-01-20,6.4241233
1988-01-21,4.2891154
1988-01-22,3.1571753
1988-01-23,7.3113537
1988-01-24,5.270703
1988-01-25,3.1744552
1988-01-26,3.0228763
1988-01-27,2.72429
1988-01-28,2.770145
1988-01-29,6.095718
1988-01-30,6.44281
1988-01-31,3.5670948
1988-02-01,20.126677
1988-02-02,16.795025
1988-02-03,5.9209385
1988-02-04,3.0968184
1988-02-05,2.8443928
1988-02-06,2.6900702
1988-02-07,3.1752143
1988-02-08,6.3177743
1988-02-09,10.435173
1988-02-10,8.424094
1988-02-11,7.36451
1988-02-12,5.938745
1988-02-13,16.16216
1988-02-14,12.09431
1988-02-15,7.744281
1988-02-16,16.122143
1988-02-17,11.270713
1988-02-18,10.807873
1988-02-19,9.315124
1988-02-20,8.310803
1988-02-21,9.463448
1988-02-22,11.368689
1988-02-23,13.357717
1988-02-24,11.52102
1988-02-25,12.756537
1988-02-26,9.656691
1988-02-27,7.9085555
1988-02-28,7.9086337
1988-02-29,8.740304
1988-03-01,7.8553967
1988-03-02,11.138
1988-03-03,9.122614
1988-03-04,9.22262
1988-03-05,8.0759735
1988-03-06,7.612386
1988-03-07,7.3064475
1988-03-08,6.9978123
1988-03-09,6.7241893
1988-03-10,6.6341057
1988-03-11,6.2623835
1988-03-12,6.137529
1988-03-13,5.8149385
1988-03-14,5.5109963
1988-03-15,5.9829364
1988-03-16,5.356302
1988-03-17,5.074404
1988-03-18,7.6670556
1988-03-19,16.981283
1988-03-20,8.58566
1988-03-21,7.6353297
1988-03-22,5.4754324
1988-03-23,12.100973
1988-03-24,24.823975
1988-03-25,10.902629
1988-03-26,5.4855533
1988-03-27,5.2996573
1988-03-28,4.3411756
1988-03-29,7.7902584
1988-03-30,5.209399
1988-03-31,9.242323
1988-04-01,5.835283
1988-04-02,12.002068
1988-04-03,26.216444
1988-04-04,15.048356
1988-04-05,13.133225
1988-04-06,14.106901
1988-04-07,19.77408
1988-04-08,22.309807
1988-04-09,33.37097
1988-04-10,206.44572
1988-04-11,115.55992
1988-04-12,38.7249
1988-04-13,26.803102
1988-04-14,21.951277
1988-04-15,19.371794
1988-04-16,19.894394
1988-04-17,15.958694
1988-04-18,13.852618
1988-04-19,13.452313
1988-04-20,13.021248
1988-04-21,17.829565
1988-04-22,12.537141
1988-04-23,10.050096
1988-04-24,16.01093
1988-04-25,21.521545
1988-04-26,12.676652
1988-04-27,13.559909
1988-04-28,13.613312
1988-04-29,11.319358
1988-04-30,25.258354
1988-05-01,25.85414
1988-05-02,23.396807
1988-05-03,22.032955
1988-05-04,29.122032
1988-05-05,23.971096
1988-05-06,20.036612
1988-05-07,18.009369
1988-05-08,16.411297
1988-05-09,20.070658
1988-05-10,22.714132
1988-05-11,17.567707
1988-05-12,14.133207
1988-05-13,13.223674
1988-05-14,18.7242
1988-05-15,17.257143
1988-05-16,14.121319
1988-05-17,15.038476
1988-05-18,11.492806
1988-05-19,11.725338
1988-05-20,11.44927
1988-05-21,20.073978
1988-05-22,14.080205
1988-05-23,9.91092
1988-05-24,12.583639
1988-05-25,21.22194
1988-05-26,29.261412
1988-05-27,104.860344
1988-05-28,67.79114
1988-05-29,31.294218
1988-05-30,23.28092
1988-05-31,20.468113
1988-06-01,23.173664
1988-06-02,21.175383
1988-06-03,16.663399
1988-06-04,13.755506
1988-06-05,16.588486
1988-06-06,21.03442
1988-06-07,15.825955
1988-06-08,11.430741
1988-06-09,14.649846
1988-06-10,24.569448
1988-06-11,18.246262
1988-06-12,10.754208
1988-06-13,9.404692
1988-06-14,9.184102
1988-06-15,13.589769
1988-06-16,10.503068
1988-06-17,8.5012
1988-06-18,8.611961
1988-06-19,15.898994
1988-06-20,13.100122
1988-06-21,9.279246
1988-06-22,8.5170145
1988-06-23,9.983936
1988-06-24,14.886907
1988-06-25,16.06832
1988-06-26,13.524634
1988-06-27,11.61543
1988-06-28,15.991803
1988-06-29,21.03036
1988-06-30,16.664862
1988-07-01,15.335965
1988-07-02,15.321402
1988-07-03,14.811604
1988-07-04,15.253815
1988-07-05,16.693838
1988-07-06,18.21585
1988-07-07,16.149937
1988-07-08,19.11323
1988-07-09,24.400694
1988-07-10,20.054321
1988-07-11,21.919138
1988-07-12,19.905535
1988-07-13,23.996141
1988-07-14,21.80485
1988-07-15,18.882692
1988-07-16,17.524918
1988-07-17,16.269444
1988-07-18,15.083294
1988-07-19,15.976557
1988-07-20,13.884641
1988-07-21,12.588047
1988-07-22,12.231894
1988-07-23,11.279323
1988-07-24,10.809263
1988-07-25,18.930853
1988-07-26,14.31326
1988-07-27,10.273532
1988-07-28,9.44097
1988-07-29,9.103689
1988-07-30,13.424516
1988-07-31,10.362385
1988-08-01,16.243738
1988-08-02,12.965483
1988-08-03,10.399913
1988-08-04,21.454199
1988-08-05,16.842402
1988-08-06,13.745505
1988-08-07,13.404317
1988-08-08,12.781309
1988-08-09,12.006247
1988-08-10,11.342629
1988-08-11,12.862154
1988-08-12,10.69979
1988-08-13,9.365616
1988-08-14,14.162763
1988-08-15,10.285896
1988-08-16,8.054588
1988-08-17,10.397943
1988-08-18,10.31938
1988-08-19,8.572314
1988-08-20,7.31666
1988-08-21,6.6224136
1988-08-22,6.5264354
1988-08-23,7.4554152
1988-08-24,6.6133704
1988-08-25,6.004016
1988-08-26,5.7905755
1988-08-27,5.7072053
1988-08-28,6.3893924
1988-08-29,12.002455
1988-08-30,7.825783
1988-08-31,5.645226
1988-09-01,9.059614
1988-09-02,8.315736
1988-09-03,8.776434
1988-09-04,6.9206696
1988-09-05,6.2922816
1988-09-06,6.364323
1988-09-07,6.2615147
1988-09-08,6.1114826
1988-09-09,5.968698
1988-09-10,5.8672757
1988-09-11,6.477491
1988-09-12,7.142933
1988-09-13,6.997685
1988-09-14,5.7458076
1988-09-15,5.2287354
1988-09-16,5.1751375
1988-09-17,9.472546
1988-09-18,10.003098
1988-09-19,8.291778
1988-09-20,9.254183
1988-09-21,7.247792
1988-09-22,6.069091
1988-09-23,6.034408
1988-09-24,6.1195207
1988-09-25,6.946702
1988-09-26,6.7559104
1988-09-27,6.014246
1988-09-28,5.815252
1988-09-29,10.732854
1988-09-30,10.253228
1988-10-01,10.217042
1988-10-02,8.702816
1988-10-03,13.585443
1988-10-04,18.078783
1988-10-05,16.237787
1988-10-06,24.329908
1988-10-07,23.72549
1988-10-08,20.632833
1988-10-09,17.631458
1988-10-10,15.277523
1988-10-11,14.833613
1988-10-12,13.8931875
1988-10-13,12.801816
1988-10-14,12.923743
1988-10-15,11.897389
1988-10-16,11.062829
1988-10-17,10.465394
1988-10-18,11.216778
1988-10-19,15.599877
1988-10-20,11.424972
1988-10-21,9.783318
1988-10-22,16.551956
1988-10-23,14.112446
1988-10-24,10.276244
1988-10-25,9.456413
1988-10-26,9.240087
1988-10-27,8.935107
1988-10-28,9.695415
1988-10-29,16.782303
1988-10-30,11.184343
1988-10-31,8.059965
1988-11-01,7.7477803
1988-11-02,14.811692
1988-11-03,14.020534
1988-11-04,11.580698
1988-11-05,10.476638
1988-11-06,10.796646
1988-11-07,17.051752
1988-11-08,13.03328
1988-11-09,13.572785
1988-11-10,19.738304
1988-11-11,20.017017
1988-11-12,14.301206
1988-11-13,13.23603
1988-11-14,33.773533
1988-11-15,22.231892
1988-11-16,35.08844
1988-11-17,38.213306
1988-11-18,27.627037
1988-11-19,23.041283
1988-11-20,24.116114
1988-11-21,24.43944
1988-11-22,18.551523
1988-11-23,16.57357
1988-11-24,28.587297
1988-11-25,24.175611
1988-11-26,21.063051
1988-11-27,16.373869
1988-11-28,29.4947
1988-11-29,23.37208
1988-11-30,16.462448
1988-12-01,15.727733
1988-12-02,14.824246
1988-12-03,15.362778
1988-12-04,22.44523
1988-12-05,19.288658
1988-12-06,14.294123
1988-12-07,12.294828
1988-12-08,13.040205
1988-12-09,11.309574
1988-12-10,11.098132
1988-12-11,10.396529
1988-12-12,9.627598
1988-12-13,8.9864025
1988-12-14,8.472863
1988-12-15,17.043678
1988-12-16,21.278763
1988-12-17,11.524952
1988-12-18,7.297505
1988-12-19,7.117348
1988-12-20,7.4233336
1988-12-21,6.843947
1988-12-22,6.4775443
1988-12-23,6.2083983
1988-12-24,6.6642327
1988-12-25,6.010045
1988-12-26,5.663322
1988-12-27,5.9497385
1988-12-28,5.3837132
1988-12-29,9.7385845
1988-12-30,7.7018194
1988-12-31,17.322083
1989-01-01,9.656446
1989-01-02,7.622932
1989-01-03,9.008347
1989-01-04,8.752236
1989-01-05,14.4175005
1989-01-06,16.693218
1989-01-07,18.008318
1989-01-08,127.60424
1989-01-09,76.2742
1989-01-10,32.854115
1989-01-11,24.739986
1989-01-12,20.087963
1989-01-13,17.554245
1989-01-14,18.237612
1989-01-15,20.351662
1989-01-16,17.151642
1989-01-17,12.433215
1989-01-18,33.508068
1989-01-19,27.011381
1989-01-20,16.006227
1989-01-21,10.964966
1989-01-22,11.411269
1989-01-23,17.63105
1989-01-24,21.267454
1989-01-25,21.52097
1989-01-26,20.565512
1989-01-27,19.469593
1989-01-28,17.927397
1989-01-29,16.257347
1989-01-30,14.734418
1989-01-31,13.557144
1989-02-01,12.357732
1989-02-02,15.118724
1989-02-03,12.159482
1989-02-04,11.8902025
1989-02-05,11.925586
1989-02-06,13.097403
1989-02-07,12.759879
1989-02-08,10.566335
1989-02-09,9.299319
1989-02-10,9.039828
1989-02-11,8.137785
1989-02-12,7.549381
1989-02-13,7.2311087
1989-02-14,6.965767
1989-02-15,6.6662087
1989-02-16,6.403599
1989-02-17,6.11732
1989-02-18,5.8651857
1989-02-19,5.7534337
1989-02-20,6.4379163
1989-02-21,9.928842
1989-02-22,6.602476
1989-02-23,4.954712
1989-02-24,5.377019
1989-02-25,5.484747
1989-02-26,13.437606
1989-02-27,8.399864
1989-02-28,10.411911
1989-03-01,9.359589
1989-03-02,13.236068
1989-03-03,9.944138
1989-03-04,6.7276926
1989-03-05,11.101659
1989-03-06,8.069012
1989-03-07,6.0259857
1989-03-08,18.42267
1989-03-09,16.436127
1989-03-10,24.643978
1989-03-11,19.283781
1989-03-12,19.510517
1989-03-13,21.821629
1989-03-14,27.90605
1989-03-15,27.750153
1989-03-16,24.13542
1989-03-17,22.66439
1989-03-18,28.529543
1989-03-19,31.057297
1989-03-20,28.54924
1989-03-21,23.299625
1989-03-22,21.689068
1989-03-23,21.696898
1989-03-24,22.272453
1989-03-25,26.040148
1989-03-26,23.7264
1989-03-27,21.536835
1989-03-28,22.886974
1989-03-29,33.597397
1989-03-30,32.04791
1989-03-31,49.01676
1989-04-01,54.312664
1989-04-02,42.71925
1989-04-03,51.26293
1989-04-04,44.30911
1989-04-05,33.34708
1989-04-06,47.07525
1989-04-07,42.307354
1989-04-08,29.322678
1989-04-09,24.68272
1989-04-10,22.34112
1989-04-11,21.33788
1989-04-12,17.295546
1989-04-13,27.934212
1989-04-14,23.189137
1989-04-15,16.30491
1989-04-16,14.492413
1989-04-17,13.652324
1989-04-18,12.336106
1989-04-19,14.482519
1989-04-20,34.710835
1989-04-21,21.552221
1989-04-22,14.836909
1989-04-23,14.8188715
1989-04-24,16.33573
1989-04-25,15.962952
1989-04-26,15.3095
1989-04-27,13.364089
1989-04-28,12.586419
1989-04-29,12.822426
1989-04-30,15.01531
1989-05-01,22.007524
1989-05-02,22.55346
1989-05-03,13.290236
1989-05-04,11.596897
1989-05-05,17.484386
1989-05-06,17.207314
1989-05-07,24.509745
1989-05-08,22.92441
1989-05-09,20.647514
1989-05-10,21.061817
1989-05-11,20.064608
1989-05-12,19.886848
1989-05-13,17.364384
1989-05-14,15.245754
1989-05-15,13.663323
1989-05-16,15.698431
1989-05-17,14.366224
1989-05-18,20.188976
1989-05-19,17.643242
1989-05-20,12.316069
1989-05-21,13.479181
1989-05-22,11.333023
1989-05-23,10.702833
1989-05-24,11.01242
1989-05-25,12.091705
1989-05-26,16.40084
1989-05-27,17.487535
1989-05-28,17.121902
1989-05-29,16.552326
1989-05-30,16.08241
1989-05-31,19.556108
1989-06-01,16.476974
1989-06-02,15.785929
1989-06-03,19.669386
1989-06-04,15.734403
1989-06-05,14.225176
1989-06-06,13.552641
1989-06-07,12.953204
1989-06-08,13.612051
1989-06-09,17.056713
1989-06-10,22.646507
1989-06-11,19.96206
1989-06-12,20.16994
1989-06-13,27.060276
1989-06-14,28.729769
1989-06-15,25.822094
1989-06-16,23.811127
1989-06-17,21.4149
1989-06-18,19.881697
1989-06-19,20.30408
1989-06-20,19.158089
1989-06-21,18.094446
1989-06-22,15.310113
1989-06-23,13.7518215
1989-06-24,13.020118
1989-06-25,14.679564
1989-06-26,18.016926
1989-06-27,13.651744
1989-06-28,11.241079
1989-06-29,11.275179
1989-06-30,13.010479
1989-07-01,16.35637
1989-07-02,14.2177305
1989-07-03,16.44857
1989-07-04,12.647238
1989-07-05,10.927561
1989-07-06,14.558586
1989-07-07,24.0241
1989-07-08,17.968021
1989-07-09,15.878571
1989-07-10,15.722276
1989-07-11,15.014605
1989-07-12,14.154937
1989-07-13,13.241148
1989-07-14,12.338796
1989-07-15,11.60043
1989-07-16,11.026463
1989-07-17,10.646425
1989-07-18,9.878606
1989-07-19,9.179224
1989-07-20,8.628408
1989-07-21,8.045545
1989-07-22,7.809582
1989-07-23,7.3703995
1989-07-24,6.7513304
1989-07-25,6.344313
1989-07-26,6.659682
1989-07-27,8.521432
1989-07-28,6.480624
1989-07-29,5.4685917
1989-07-30,7.251154
1989-07-31,13.902149
1989-08-01,14.007443
1989-08-02,12.711532
1989-08-03,10.192002
1989-08-04,5.9205337
1989-08-05,4.625803
1989-08-06,6.7938337
1989-08-07,9.046399
1989-08-08,5.9784737
1989-08-09,4.7536626
1989-08-10,6.212637
1989-08-11,17.877163
1989-08-12,20.37346
1989-08-13,10.890736
1989-08-14,7.977324
1989-08-15,11.3974905
1989-08-16,10.463772
1989-08-17,9.086759
1989-08-18,9.270565
1989-08-19,10.106378
1989-08-20,9.518895
1989-08-21,14.32857
1989-08-22,10.767842
1989-08-23,9.757518
1989-08-24,10.788214
1989-08-25,8.989932
1989-08-26,9.495525
1989-08-27,8.768872
1989-08-28,7.9128556
1989-08-29,14.292243
1989-08-30,15.107998
1989-08-31,9.655641
1989-09-01,12.92326
1989-09-02,10.188775
1989-09-03,8.361331
1989-09-04,8.410795
1989-09-05,8.104327
1989-09-06,8.237231
1989-09-07,9.758207
1989-09-08,12.006541
1989-09-09,17.543972
1989-09-10,10.4385395
1989-09-11,6.977867
1989-09-12,7.647712
1989-09-13,6.8701873
1989-09-14,6.7641234
1989-09-15,6.2744584
1989-09-16,9.262748
1989-09-17,7.148702
1989-09-18,5.6766357
1989-09-19,5.450782
1989-09-20,5.2557144
1989-09-21,5.3802547
1989-09-22,10.333611
1989-09-23,6.7752266
1989-09-24,11.445628
1989-09-25,13.384426
1989-09-26,10.233083
1989-09-27,6.4381814
1989-09-28,7.7239304
1989-09-29,10.459287
1989-09-30,10.974385
1989-10-01,8.742808
1989-10-02,9.637161
1989-10-03,10.592255
1989-10-04,10.939076
1989-10-05,11.814102
1989-10-06,16.465645
1989-10-07,12.504014
1989-10-08,10.35083
1989-10-09,10.401608
1989-10-10,10.196943
1989-10-11,13.559874
1989-10-12,13.72862
1989-10-13,10.529406
1989-10-14,10.843934
1989-10-15,12.793874
1989-10-16,11.350253
1989-10-17,17.026571
1989-10-18,19.021338
1989-10-19,26.567184
1989-10-20,20.346699
1989-10-21,17.478107
1989-10-22,16.827675
1989-10-23,22.590193
1989-10-24,21.470818
1989-10-25,16.222933
1989-10-26,13.841489
1989-10-27,13.978332
1989-10-28,17.54886
1989-10-29,27.771467
1989-10-30,20.277946
1989-10-31,17.964003
1989-11-01,18.519226
1989-11-02,17.947685
1989-11-03,18.191902
1989-11-04,15.214678
1989-11-05,14.193411
1989-11-06,13.553038
1989-11-07,20.43885
1989-11-08,15.028579
1989-11-09,11.794132
1989-11-10,16.446507
1989-11-11,18.82789
1989-11-12,13.765188
1989-11-13,10.551419
1989-11-14,10.828026
1989-11-15,13.647922
1989-11-16,10.456308
1989-11-17,9.144009
1989-11-18,16.766964
1989-11-19,27.410536
1989-11-20,30.123964
1989-11-21,33.480007
1989-11-22,40.51165
1989-11-23,44.431652
1989-11-24,37.37893
1989-11-25,32.42658
1989-11-26,28.10212
1989-11-27,21.5989
1989-11-28,20.327513
1989-11-29,30.443554
1989-11-30,33.225906
1989-12-01,20.65996
1989-12-02,14.080389
1989-12-03,12.890389
1989-12-04,12.129199
1989-12-05,11.481545
1989-12-06,14.72175
1989-12-07,11.822438
1989-12-08,9.855744
1989-12-09,9.225492
1989-12-10,8.670491
1989-12-11,8.2715435
1989-12-12,7.7507176
1989-12-13,7.280654
1989-12-14,6.838323
1989-12-15,6.413905
1989-12-16,6.0205636
1989-12-17,5.6546226
1989-12-18,5.3060265
1989-12-19,4.9908156
1989-12-20,4.6902666
1989-12-21,4.4043717
1989-12-22,4.139617
1989-12-23,3.8983717
1989-12-24,3.6773503
1989-12-25,3.4692645
1989-12-26,3.273826
1989-12-27,3.106818
1989-12-28,2.9630778
1989-12-29,2.7886152
1989-12-30,2.6333737
1989-12-31,2.6149874
1990-01-01,2.4362648
1990-01-02,2.283801
1990-01-03,2.176716
1990-01-04,2.1132827
1990-01-05,2.0168157
1990-01-06,2.2299492
1990-01-07,3.163437
1990-01-08,2.5574336
1990-01-09,1.8402989
1990-01-10,1.912453
1990-01-11,1.6952307
1990-01-12,1.5712527
1990-01-13,1.661705
1990-01-14,1.665835
1990-01-15,14.093331
1990-01-16,5.694531
1990-01-17,1.8330017
1990-01-18,3.4340992
1990-01-19,4.263431
1990-01-20,8.977177
1990-01-21,7.9505067
1990-01-22,7.948252
1990-01-23,3.0723445
1990-01-24,3.957441
1990-01-25,5.9834633
1990-01-26,11.040961
1990-01-27,13.451716
1990-01-28,4.8964787
1990-01-29,1.4550962
1990-01-30,5.727355
1990-01-31,8.210219
1990-02-01,9.721056
1990-02-02,11.429449
1990-02-03,5.5130763
1990-02-04,3.9640908
1990-02-05,7.0308895
1990-02-06,10.049788
1990-02-07,8.622547
1990-02-08,7.084673
1990-02-09,8.062503
1990-02-10,6.8441186
1990-02-11,7.44872
1990-02-12,8.146841
1990-02-13,7.846711
1990-02-14,8.076995
1990-02-15,10.202118
1990-02-16,8.641138
1990-02-17,15.980861
1990-02-18,10.332765
1990-02-19,7.3019056
1990-02-20,7.215852
1990-02-21,8.537693
1990-02-22,8.300214
1990-02-23,9.807568
1990-02-24,7.649656
1990-02-25,6.6249313
1990-02-26,7.558242
1990-02-27,6.761203
1990-02-28,6.293951
1990-03-01,6.0884686
1990-03-02,6.1046257
1990-03-03,20.183088
1990-03-04,14.847351
1990-03-05,7.7460566
1990-03-06,14.345944
1990-03-07,15.072401
1990-03-08,24.214094
1990-03-09,23.459286
1990-03-10,27.622139
1990-03-11,44.631615
1990-03-12,50.205254
1990-03-13,48.50708
1990-03-14,52.314243
1990-03-15,38.09638
1990-03-16,27.107462
1990-03-17,23.50004
1990-03-18,20.10807
1990-03-19,18.925728
1990-03-20,22.093342
1990-03-21,30.577873
1990-03-22,33.421562
1990-03-23,18.54647
1990-03-24,23.33017
1990-03-25,19.1527
1990-03-26,25.787863
1990-03-27,29.296139
1990-03-28,22.335405
1990-03-29,19.45323
1990-03-30,21.223364
1990-03-31,21.36096
1990-04-01,20.53885
1990-04-02,25.34571
1990-04-03,36.3849
1990-04-04,30.828754
1990-04-05,24.142574
1990-04-06,29.091597
1990-04-07,120.50309
1990-04-08,69.265526
1990-04-09,28.715988
1990-04-10,24.192268
1990-04-11,21.322908
1990-04-12,21.793522
1990-04-13,17.230627
1990-04-14,13.470546
1990-04-15,25.130028
1990-04-16,19.51065
1990-04-17,12.851228
1990-04-18,10.714172
1990-04-19,14.27177
1990-04-20,16.391487
1990-04-21,19.063435
1990-04-22,13.725407
1990-04-23,12.365239
1990-04-24,23.827309
1990-04-25,26.885983
1990-04-26,21.795921
1990-04-27,16.654743
1990-04-28,15.099962
1990-04-29,15.160002
1990-04-30,14.099748
1990-05-01,13.365012
1990-05-02,13.270838
1990-05-03,15.023456
1990-05-04,12.347016
1990-05-05,10.915434
1990-05-06,13.370556
1990-05-07,15.065803
1990-05-08,19.364107
1990-05-09,22.843966
1990-05-10,14.839616
1990-05-11,11.037854
1990-05-12,15.247095
1990-05-13,15.889061
1990-05-14,27.036081
1990-05-15,21.55004
1990-05-16,16.625887
1990-05-17,34.949993
1990-05-18,33.57931
1990-05-19,26.349594
1990-05-20,122.5547
1990-05-21,66.12661
1990-05-22,23.865686
1990-05-23,27.308619
1990-05-24,18.378754
1990-05-25,13.919368
1990-05-26,12.777168
1990-05-27,11.768403
1990-05-28,10.8646
1990-05-29,10.137437
1990-05-30,11.030476
1990-05-31,11.07712
1990-06-01,11.03257
1990-06-02,18.200775
1990-06-03,12.832194
1990-06-04,31.049778
1990-06-05,16.942883
1990-06-06,7.84848
1990-06-07,10.918331
1990-06-08,23.161009
1990-06-09,23.334389
1990-06-10,21.192005
1990-06-11,20.39169
1990-06-12,24.811844
1990-06-13,42.84083
1990-06-14,45.318237
1990-06-15,37.31396
1990-06-16,35.769733
1990-06-17,38.398922
1990-06-18,28.483387
1990-06-19,27.002247
1990-06-20,23.603954
1990-06-21,32.348255
1990-06-22,27.172707
1990-06-23,23.824402
1990-06-24,20.2853
1990-06-25,41.441402
1990-06-26,43.005077
1990-06-27,36.484665
1990-06-28,30.907476
1990-06-29,26.312166
1990-06-30,25.58058
1990-07-01,21.073359
1990-07-02,17.273848
1990-07-03,17.907492
1990-07-04,18.282837
1990-07-05,16.15149
1990-07-06,15.117366
1990-07-07,13.549346
1990-07-08,12.812752
1990-07-09,12.291683
1990-07-10,12.253065
1990-07-11,18.328163
1990-07-12,22.87438
1990-07-13,202.96036
1990-07-14,100.47693
1990-07-15,33.968624
1990-07-16,25.184393
1990-07-17,20.188887
1990-07-18,18.427631
1990-07-19,15.072847
1990-07-20,12.7585535
1990-07-21,11.25329
1990-07-22,10.042378
1990-07-23,11.231905
1990-07-24,14.467433
1990-07-25,9.771072
1990-07-26,7.4637265
1990-07-27,7.044033
1990-07-28,6.6868687
1990-07-29,7.1858068
1990-07-30,8.834195
1990-07-31,6.9366555
1990-08-01,5.837499
1990-08-02,5.620397
1990-08-03,5.417369
1990-08-04,5.213049
1990-08-05,5.092204
1990-08-06,6.9545565
1990-08-07,12.176465
1990-08-08,7.113143
1990-08-09,7.2321305
1990-08-10,5.7652617
1990-08-11,5.3121986
1990-08-12,4.6924615
1990-08-13,6.3002896
1990-08-14,8.901471
1990-08-15,5.49045
1990-08-16,4.1470327
1990-08-17,4.718299
1990-08-18,4.110966
1990-08-19,8.875373
1990-08-20,5.7471337
1990-08-21,8.747724
1990-08-22,15.595944
1990-08-23,14.990099
1990-08-24,10.784244
1990-08-25,10.453321
1990-08-26,10.628575
1990-08-27,10.401333
1990-08-28,10.025018
1990-08-29,13.515268
1990-08-30,10.883696
1990-08-31,9.176635
1990-09-01,8.595464
1990-09-02,8.26101
1990-09-03,8.287372
1990-09-04,8.180351
1990-09-05,12.542923
1990-09-06,8.61926
1990-09-07,6.7275023
1990-09-08,7.8377304
1990-09-09,9.42193
1990-09-10,8.4992485
1990-09-11,6.756868
1990-09-12,8.181033
1990-09-13,6.8271937
1990-09-14,15.832532
1990-09-15,14.101606
1990-09-16,7.7487297
1990-09-17,6.7651014
1990-09-18,6.9524364
1990-09-19,6.851041
1990-09-20,6.687809
1990-09-21,8.044826
1990-09-22,9.616067
1990-09-23,7.310684
1990-09-24,11.080746
1990-09-25,19.170013
1990-09-26,18.3959
1990-09-27,9.459465
1990-09-28,6.5223546
1990-09-29,7.028292
1990-09-30,6.6272454
1990-10-01,7.3540745
1990-10-02,11.243209
1990-10-03,12.637589
1990-10-04,9.318007
1990-10-05,9.474862
1990-10-06,9.652207
1990-10-07,16.180489
1990-10-08,17.546452
1990-10-09,16.061832
1990-10-10,11.256395
1990-10-11,10.033534
1990-10-12,9.81301
1990-10-13,11.960532
1990-10-14,14.456975
1990-10-15,15.856054
1990-10-16,10.723832
1990-10-17,8.61665
1990-10-18,14.313871
1990-10-19,11.443675
1990-10-20,11.301605
1990-10-21,11.446082
1990-10-22,24.241089
1990-10-23,22.51641
1990-10-24,19.39224
1990-10-25,20.159203
1990-10-26,28.623075
1990-10-27,20.435665
1990-10-28,15.545273
1990-10-29,14.504186
1990-10-30,13.624068
1990-10-31,13.238046
1990-11-01,11.46124
1990-11-02,10.961312
1990-11-03,9.920573
1990-11-04,10.067032
1990-11-05,8.60932
1990-11-06,9.11953
1990-11-07,10.672806
1990-11-08,8.016375
1990-11-09,6.822606
1990-11-10,15.250328
1990-11-11,25.591162
1990-11-12,12.498121
1990-11-13,7.981449
1990-11-14,21.075228
1990-11-15,16.948498
1990-11-16,15.640995
1990-11-17,14.477744
1990-11-18,15.982673
1990-11-19,17.466219
1990-11-20,19.718225
1990-11-21,17.185537
1990-11-22,15.71207
1990-11-23,15.206985
1990-11-24,14.781902
1990-11-25,21.762568
1990-11-26,18.997982
1990-11-27,21.364483
1990-11-28,26.356787
1990-11-29,18.96097
1990-11-30,19.297455
1990-12-01,20.53169
1990-12-02,19.424356
1990-12-03,18.386244
1990-12-04,17.530163
1990-12-05,17.940838
1990-12-06,16.420904
1990-12-07,17.827663
1990-12-08,15.13368
1990-12-09,13.247757
1990-12-10,12.576458
1990-12-11,12.026398
1990-12-12,11.422734
1990-12-13,11.052387
1990-12-14,10.476925
1990-12-15,14.96437
1990-12-16,19.386112
1990-12-17,20.461706
1990-12-18,31.763649
1990-12-19,19.328646
1990-12-20,13.004949
1990-12-21,12.810716
1990-12-22,13.885187
1990-12-23,26.791325
1990-12-24,24.775286
1990-12-25,21.35026
1990-12-26,23.192984
1990-12-27,22.836594
1990-12-28,20.998114
1990-12-29,17.820133
1990-12-30,16.922073
1990-12-31,17.754751
1991-01-01,15.620855
1991-01-02,14.006838
1991-01-03,13.15107
1991-01-04,13.587988
1991-01-05,12.333276
1991-01-06,14.659773
1991-01-07,13.753575
1991-01-08,11.607142
1991-01-09,11.164212
1991-01-10,10.57879
1991-01-11,13.943258
1991-01-12,12.471914
1991-01-13,10.147255
1991-01-14,9.421779
1991-01-15,9.078804
1991-01-16,8.704962
1991-01-17,8.352401
1991-01-18,8.038529
1991-01-19,7.9871097
1991-01-20,7.4396396
1991-01-21,7.071564
1991-01-22,6.758422
1991-01-23,7.717109
1991-01-24,6.4101586
1991-01-25,8.389587
1991-01-26,6.5358105
1991-01-27,7.872069
1991-01-28,6.0736885
1991-01-29,5.542761
1991-01-30,5.3931284
1991-01-31,6.394401
1991-02-01,5.1532016
1991-02-02,4.452574
1991-02-03,4.282714
1991-02-04,4.1195908
1991-02-05,3.977356
1991-02-06,3.837988
1991-02-07,3.7100384
1991-02-08,3.8984349
1991-02-09,3.5920687
1991-02-10,3.5448816
1991-02-11,3.6354384
1991-02-12,4.125138
1991-02-13,8.584271
1991-02-14,5.0482154
1991-02-15,3.2358575
1991-02-16,2.9191587
1991-02-17,25.286018
1991-02-18,15.960172
1991-02-19,5.5306187
1991-02-20,3.2752597
1991-02-21,3.0028899
1991-02-22,2.994591
1991-02-23,4.4694247
1991-02-24,10.314007
1991-02-25,5.9123316
1991-02-26,3.7707767
1991-02-27,3.8087168
1991-02-28,12.596281
1991-03-01,8.336115
1991-03-02,22.355011
1991-03-03,14.58721
1991-03-04,10.798828
1991-03-05,21.28696
1991-03-06,29.123882
1991-03-07,28.055893
1991-03-08,25.86337
1991-03-09,26.989876
1991-03-10,24.386248
1991-03-11,23.081038
1991-03-12,21.486626
1991-03-13,20.333048
1991-03-14,19.50417
1991-03-15,17.798792
1991-03-16,19.13142
1991-03-17,22.398136
1991-03-18,16.336386
1991-03-19,13.829187
1991-03-20,12.884601
1991-03-21,12.105747
1991-03-22,11.424776
1991-03-23,14.197127
1991-03-24,20.571562
1991-03-25,13.968168
1991-03-26,9.746698
1991-03-27,12.303554
1991-03-28,11.118559
1991-03-29,9.003755
1991-03-30,8.575036
1991-03-31,8.23692
1991-04-01,16.12112
1991-04-02,13.910859
1991-04-03,10.13124
1991-04-04,9.1952095
1991-04-05,11.500769
1991-04-06,14.478708
1991-04-07,10.225605
1991-04-08,8.591385
1991-04-09,12.362551
1991-04-10,10.648083
1991-04-11,10.090181
1991-04-12,18.099703
1991-04-13,10.903676
1991-04-14,11.5943575
1991-04-15,9.506353
1991-04-16,18.79606
1991-04-17,15.517501
1991-04-18,11.600307
1991-04-19,19.324793
1991-04-20,21.484415
1991-04-21,34.786396
1991-04-22,142.7551
1991-04-23,73.551575
1991-04-24,36.393806
1991-04-25,26.775766
1991-04-26,35.329838
1991-04-27,23.629204
1991-04-28,34.281532
1991-04-29,32.62388
1991-04-30,36.53548
1991-05-01,32.07213
1991-05-02,28.034626
1991-05-03,24.11042
1991-05-04,33.773735
1991-05-05,25.331726
1991-05-06,26.81093
1991-05-07,27.106411
1991-05-08,20.750298
1991-05-09,21.575415
1991-05-10,113.73053
1991-05-11,58.435734
1991-05-12,26.192093
1991-05-13,21.322155
1991-05-14,18.513546
1991-05-15,18.355036
1991-05-16,21.991781
1991-05-17,19.779663
1991-05-18,20.748224
1991-05-19,17.450438
1991-05-20,13.019382
1991-05-21,11.662675
1991-05-22,11.497709
1991-05-23,15.716365
1991-05-24,14.462222
1991-05-25,11.499391
1991-05-26,10.45993
1991-05-27,10.957563
1991-05-28,12.699762
1991-05-29,16.035645
1991-05-30,13.511175
1991-05-31,13.782063
1991-06-01,22.108494
1991-06-02,17.683992
1991-06-03,13.912156
1991-06-04,13.701038
1991-06-05,13.345637
1991-06-06,14.893009
1991-06-07,13.9787445
1991-06-08,18.096378
1991-06-09,32.644794
1991-06-10,124.736824
1991-06-11,73.46528
1991-06-12,35.20471
1991-06-13,26.906837
1991-06-14,21.924953
1991-06-15,18.503277
1991-06-16,16.261353
1991-06-17,15.681206
1991-06-18,14.257505
1991-06-19,11.875301
1991-06-20,12.247276
1991-06-21,15.736409
1991-06-22,27.358484
1991-06-23,16.338144
1991-06-24,15.40751
1991-06-25,20.49772
1991-06-26,17.028406
1991-06-27,15.146022
1991-06-28,19.308674
1991-06-29,19.374256
1991-06-30,22.276012
1991-07-01,28.567675
1991-07-02,24.4053
1991-07-03,22.56291
1991-07-04,21.848936
1991-07-05,20.546398
1991-07-06,22.347086
1991-07-07,18.797338
1991-07-08,17.418125
1991-07-09,15.880916
1991-07-10,14.587743
1991-07-11,24.144667
1991-07-12,27.07199
1991-07-13,16.608889
1991-07-14,12.410106
1991-07-15,21.459974
1991-07-16,57.23966
1991-07-17,36.17202
1991-07-18,20.879375
1991-07-19,18.516573
1991-07-20,18.168974
1991-07-21,16.828817
1991-07-22,15.624567
1991-07-23,15.189699
1991-07-24,23.840454
1991-07-25,16.688927
1991-07-26,12.603463
1991-07-27,12.039928
1991-07-28,13.9871645
1991-07-29,11.758181
1991-07-30,10.411881
1991-07-31,9.801377
1991-08-01,15.169357
1991-08-02,14.545786
1991-08-03,15.3869
1991-08-04,10.96116
1991-08-05,9.068875
1991-08-06,8.943885
1991-08-07,8.834609
1991-08-08,9.055199
1991-08-09,8.690135
1991-08-10,8.312253
1991-08-11,8.367562
1991-08-12,8.932494
1991-08-13,8.007132
1991-08-14,7.579483
1991-08-15,7.4276133
1991-08-16,7.1513295
1991-08-17,6.829558
1991-08-18,6.5929413
1991-08-19,6.3626947
1991-08-20,6.175761
1991-08-21,5.9384003
1991-08-22,5.737402
1991-08-23,9.506379
1991-08-24,7.849503
1991-08-25,7.9303226
1991-08-26,6.100257
1991-08-27,4.9977245
1991-08-28,7.253365
1991-08-29,12.4058075
1991-08-30,9.382764
1991-08-31,10.722985
1991-09-01,8.435619
1991-09-02,7.2678547
1991-09-03,5.143701
1991-09-04,4.2634053
1991-09-05,14.458359
1991-09-06,13.570361
1991-09-07,9.2379055
1991-09-08,5.3413944
1991-09-09,4.3973618
1991-09-10,5.9125905
1991-09-11,9.4424925
1991-09-12,6.0923643
1991-09-13,4.6831923
1991-09-14,5.2012033
1991-09-15,5.3075857
1991-09-16,5.274051
1991-09-17,5.396335
1991-09-18,7.4382486
1991-09-19,6.8107653
1991-09-20,8.6057205
1991-09-21,13.762684
1991-09-22,8.355561
1991-09-23,6.087281
1991-09-24,10.28972
1991-09-25,8.899842
1991-09-26,9.536646
1991-09-27,9.059671
1991-09-28,12.280458
1991-09-29,13.488067
1991-09-30,15.452925
1991-10-01,11.935916
1991-10-02,10.811169
1991-10-03,11.849586
1991-10-04,12.509933
1991-10-05,11.027783
1991-10-06,10.114586
1991-10-07,9.73861
1991-10-08,9.627051
1991-10-09,13.482096
1991-10-10,10.654002
1991-10-11,9.160771
1991-10-12,10.966718
1991-10-13,11.384717
1991-10-14,9.60037
1991-10-15,8.77085
1991-10-16,8.504976
1991-10-17,12.188041
1991-10-18,18.631538
1991-10-19,11.629945
1991-10-20,10.878057
1991-10-21,11.188162
1991-10-22,8.775682
1991-10-23,8.568389
1991-10-24,8.53716
1991-10-25,8.978774
1991-10-26,10.968781
1991-10-27,11.297114
1991-10-28,9.558405
1991-10-29,11.330276
1991-10-30,9.896855
1991-10-31,9.737202
1991-11-01,9.057322
1991-11-02,10.3607
1991-11-03,10.0963745
1991-11-04,9.038475
1991-11-05,8.80091
1991-11-06,8.529228
1991-11-07,8.783632
1991-11-08,10.238223
1991-11-09,9.542081
1991-11-10,15.38319
1991-11-11,12.271603
1991-11-12,9.600261
1991-11-13,9.226489
1991-11-14,11.453115
1991-11-15,9.549627
1991-11-16,13.984438
1991-11-17,14.144324
1991-11-18,17.1889
1991-11-19,13.23076
1991-11-20,9.492154
1991-11-21,13.994695
1991-11-22,18.236315
1991-11-23,12.610513
1991-11-24,10.976085
1991-11-25,11.448343
1991-11-26,11.823799
1991-11-27,11.708573
1991-11-28,14.916232
1991-11-29,16.721361
1991-11-30,12.887821
1991-12-01,24.633705
1991-12-02,37.33137
1991-12-03,36.73739
1991-12-04,29.8756
1991-12-05,24.663399
1991-12-06,21.385683
1991-12-07,18.598251
1991-12-08,16.321022
1991-12-09,14.911674
1991-12-10,14.262835
1991-12-11,12.501918
1991-12-12,11.147724
1991-12-13,10.276358
1991-12-14,9.531601
1991-12-15,8.8935175
1991-12-16,9.06172
1991-12-17,8.016101
1991-12-18,7.3308496
1991-12-19,6.856911
1991-12-20,6.7508335
1991-12-21,6.9507546
1991-12-22,9.314892
1991-12-23,6.7210193
1991-12-24,5.204177
1991-12-25,4.9363723
1991-12-26,4.7033772
1991-12-27,4.7064195
1991-12-28,4.477067
1991-12-29,4.3213797
1991-12-30,7.343298
1991-12-31,5.1174965
1992-01-01,4.0383954
1992-01-02,4.014012
1992-01-03,3.5844684
1992-01-04,7.5819783
1992-01-05,5.587838
1992-01-06,5.15091
1992-01-07,4.4507403
1992-01-08,4.219287
1992-01-09,13.042784
1992-01-10,13.034988
1992-01-11,5.4259076
1992-01-12,3.1483736
1992-01-13,4.468763
1992-01-14,3.4138858
1992-01-15,3.1596293
1992-01-16,3.1150806
1992-01-17,3.0566037
1992-01-18,3.011467
1992-01-19,2.9697895
1992-01-20,2.9062738
1992-01-21,2.9385085
1992-01-22,2.834171
1992-01-23,3.7140875
1992-01-24,4.6202106
1992-01-25,3.2862525
1992-01-26,3.4141006
1992-01-27,2.6858833
1992-01-28,2.6412451
1992-01-29,2.472375
1992-01-30,2.355297
1992-01-31,2.2950828
1992-02-01,2.2388976
1992-02-02,2.1912763
1992-02-03,2.13456
1992-02-04,2.0878994
1992-02-05,2.0538535
1992-02-06,2.3401175
1992-02-07,4.9638786
1992-02-08,2.9608498
1992-02-09,1.9047813
1992-02-10,2.759504
1992-02-11,2.1966238
1992-02-12,1.8153713
1992-02-13,1.7387925
1992-02-14,1.7023067
1992-02-15,4.090017
1992-02-16,9.906317
1992-02-17,4.494294
1992-02-18,1.5954055
1992-02-19,1.5428185
1992-02-20,1.534044
1992-02-21,1.6868038
1992-02-22,2.8012712
1992-02-23,10.907753
1992-02-24,6.5680575
1992-02-25,2.774617
1992-02-26,9.096235
1992-02-27,6.2124996
1992-02-28,11.89068
1992-02-29,9.310274
1992-03-01,4.059823
1992-03-02,8.814747
1992-03-03,4.881267
1992-03-04,17.087137
1992-03-05,17.078379
1992-03-06,14.105753
1992-03-07,13.0065565
1992-03-08,13.0782175
1992-03-09,20.948828
1992-03-10,26.462051
1992-03-11,24.125528
1992-03-12,24.128344
1992-03-13,24.217634
1992-03-14,28.82216
1992-03-15,23.645464
1992-03-16,20.93231
1992-03-17,22.985453
1992-03-18,30.558374
1992-03-19,27.424858
1992-03-20,23.986757
1992-03-21,23.492367
1992-03-22,21.50736
1992-03-23,22.1225
1992-03-24,22.15124
1992-03-25,18.01806
1992-03-26,15.965244
1992-03-27,14.822081
1992-03-28,13.664908
1992-03-29,12.655804
1992-03-30,12.503141
1992-03-31,18.597065
1992-04-01,17.623373
1992-04-02,12.251603
1992-04-03,9.9853525
1992-04-04,16.603455
1992-04-05,14.011244
1992-04-06,9.793567
1992-04-07,8.742838
1992-04-08,15.36538
1992-04-09,12.70817
1992-04-10,19.413961
1992-04-11,22.852655
1992-04-12,83.988075
1992-04-13,56.631386
1992-04-14,30.419792
1992-04-15,23.22846
1992-04-16,20.365902
1992-04-17,17.689192
1992-04-18,21.117258
1992-04-19,21.412056
1992-04-20,15.236906
1992-04-21,13.794361
1992-04-22,17.85716
1992-04-23,25.468395
1992-04-24,24.390696
1992-04-25,18.642944
1992-04-26,23.240112
1992-04-27,32.4119
1992-04-28,36.41364
1992-04-29,32.47758
1992-04-30,27.791096
1992-05-01,34.693203
1992-05-02,25.984457
1992-05-03,23.244162
1992-05-04,18.778275
1992-05-05,16.8286
1992-05-06,16.509315
1992-05-07,14.171935
1992-05-08,13.625353
1992-05-09,17.639294
1992-05-10,23.826752
1992-05-11,15.073948
1992-05-12,11.366683
1992-05-13,11.413013
1992-05-14,13.362371
1992-05-15,12.250602
1992-05-16,12.247784
1992-05-17,25.050318
1992-05-18,16.310276
1992-05-19,11.504959
1992-05-20,17.374926
1992-05-21,19.224548
1992-05-22,15.301263
1992-05-23,16.989405
1992-05-24,15.506475
1992-05-25,16.021734
1992-05-26,14.103183
1992-05-27,12.613726
1992-05-28,11.9160185
1992-05-29,11.339165
1992-05-30,11.32496
1992-05-31,10.838045
1992-06-01,19.502222
1992-06-02,19.663202
1992-06-03,24.631721
1992-06-04,19.51266
1992-06-05,16.73214
1992-06-06,16.180275
1992-06-07,16.52598
1992-06-08,15.31566
1992-06-09,15.808231
1992-06-10,15.154896
1992-06-11,12.687646
1992-06-12,12.962308
1992-06-13,17.742022
1992-06-14,17.027624
1992-06-15,14.471891
1992-06-16,15.088405
1992-06-17,13.57998
1992-06-18,13.154157
1992-06-19,22.106125
1992-06-20,18.920547
1992-06-21,15.80348
1992-06-22,15.47695
1992-06-23,18.758095
1992-06-24,16.28292
1992-06-25,14.570908
1992-06-26,20.714485
1992-06-27,19.703997
1992-06-28,15.083484
1992-06-29,19.5953
1992-06-30,15.68268
1992-07-01,17.774569
1992-07-02,18.241049
1992-07-03,86.17962
1992-07-04,65.91804
1992-07-05,36.42757
1992-07-06,29.650675
1992-07-07,23.795975
1992-07-08,25.430979
1992-07-09,20.602167
1992-07-10,17.327137
1992-07-11,15.989925
1992-07-12,14.734635
1992-07-13,13.575033
1992-07-14,14.453621
1992-07-15,12.231181
1992-07-16,12.508686
1992-07-17,11.185408
1992-07-18,11.344007
1992-07-19,9.844353
1992-07-20,17.664257
1992-07-21,12.043398
1992-07-22,8.518758
1992-07-23,8.309578
1992-07-24,12.210262
1992-07-25,9.768616
1992-07-26,7.899388
1992-07-27,7.581594
1992-07-28,7.42749
1992-07-29,7.336761
1992-07-30,7.157019
1992-07-31,7.32595
1992-08-01,6.9466767
1992-08-02,7.2734914
1992-08-03,13.569302
1992-08-04,8.767879
1992-08-05,6.4761457
1992-08-06,7.4147925
1992-08-07,6.7966194
1992-08-08,5.799894
1992-08-09,9.112909
1992-08-10,10.987903
1992-08-11,6.905522
1992-08-12,8.979446
1992-08-13,20.877615
1992-08-14,18.980848
1992-08-15,14.4022665
1992-08-16,18.233812
1992-08-17,17.269701
1992-08-18,19.693697
1992-08-19,17.884214
1992-08-20,15.042352
1992-08-21,15.66732
1992-08-22,14.050447
1992-08-23,14.699258
1992-08-24,13.621407
1992-08-25,12.80782
1992-08-26,11.953207
1992-08-27,14.119275
1992-08-28,11.769346
1992-08-29,13.225455
1992-08-30,12.045008
1992-08-31,10.273959
1992-09-01,9.640163
1992-09-02,17.289722
1992-09-03,11.880099
1992-09-04,17.257936
1992-09-05,18.166338
1992-09-06,15.744712
1992-09-07,19.018024
1992-09-08,17.95309
1992-09-09,18.091722
1992-09-10,14.513106
1992-09-11,12.809866
1992-09-12,14.153223
1992-09-13,12.148765
1992-09-14,19.612032
1992-09-15,15.506097
1992-09-16,11.400036
1992-09-17,10.324901
1992-09-18,9.531233
1992-09-19,9.100458
1992-09-20,10.305732
1992-09-21,11.355139
1992-09-22,9.042718
1992-09-23,8.710535
1992-09-24,8.260327
1992-09-25,7.259799
1992-09-26,9.817118
1992-09-27,12.566298
1992-09-28,15.240215
1992-09-29,9.606051
1992-09-30,7.655023
1992-10-01,6.316148
1992-10-02,5.779441
1992-10-03,5.5728297
1992-10-04,12.397214
1992-10-05,7.842002
1992-10-06,5.0501766
1992-10-07,5.0186977
1992-10-08,8.629046
1992-10-09,16.930347
1992-10-10,9.767252
1992-10-11,5.944406
1992-10-12,9.078588
1992-10-13,17.678986
1992-10-14,16.131998
1992-10-15,12.572206
1992-10-16,10.613274
1992-10-17,11.416452
1992-10-18,17.456028
1992-10-19,19.860037
1992-10-20,18.2213
1992-10-21,16.575933
1992-10-22,11.938117
1992-10-23,10.530646
1992-10-24,10.106681
1992-10-25,11.619657
1992-10-26,14.162363
1992-10-27,20.600727
1992-10-28,15.598252
1992-10-29,13.380948
1992-10-30,13.247481
1992-10-31,13.765566
1992-11-01,13.627084
1992-11-02,12.300117
1992-11-03,11.447583
1992-11-04,10.913076
1992-11-05,11.118164
1992-11-06,12.31345
1992-11-07,14.537955
1992-11-08,11.044589
1992-11-09,9.444796
1992-11-10,10.102206
1992-11-11,21.533287
1992-11-12,17.142054
1992-11-13,25.667171
1992-11-14,24.729666
1992-11-15,17.732819
1992-11-16,15.01598
1992-11-17,14.62929
1992-11-18,14.806235
1992-11-19,16.121428
1992-11-20,14.160515
1992-11-21,11.618571
1992-11-22,10.181911
1992-11-23,9.462349
1992-11-24,8.952377
1992-11-25,9.1723795
1992-11-26,8.024665
1992-11-27,7.551293
1992-11-28,7.860686
1992-11-29,6.7660356
1992-11-30,6.8843203
1992-12-01,6.427787
1992-12-02,5.768629
1992-12-03,5.86084
1992-12-04,5.6376934
1992-12-05,6.775396
1992-12-06,6.1769576
1992-12-07,5.2748475
1992-12-08,5.6742587
1992-12-09,6.538869
1992-12-10,5.422362
1992-12-11,4.6400795
1992-12-12,7.289793
1992-12-13,8.542045
1992-12-14,19.437592
1992-12-15,9.908753
1992-12-16,5.2361193
1992-12-17,5.099868
1992-12-18,5.20108
1992-12-19,5.7219195
1992-12-20,7.4298115
1992-12-21,5.50375
1992-12-22,4.5928197
1992-12-23,6.814372
1992-12-24,6.1211014
1992-12-25,5.5333533
1992-12-26,15.245639
1992-12-27,9.251333
1992-12-28,10.497059
1992-12-29,10.133553
1992-12-30,8.582602
1992-12-31,7.689364
1993-01-01,7.7616878
1993-01-02,8.19784
1993-01-03,11.733947
1993-01-04,10.038277
1993-01-05,8.720885
1993-01-06,9.341543
1993-01-07,11.507335
1993-01-08,9.516174
1993-01-09,8.837982
1993-01-10,9.025017
1993-01-11,9.276916
1993-01-12,8.667876
1993-01-13,9.848808
1993-01-14,9.809535
1993-01-15,8.684574
1993-01-16,8.854246
1993-01-17,15.823889
1993-01-18,10.581012
1993-01-19,8.01946
1993-01-20,18.614353
1993-01-21,11.641813
1993-01-22,7.7132597
1993-01-23,9.241765
1993-01-24,13.371616
1993-01-25,27.778002
1993-01-26,18.779802
1993-01-27,14.927358
1993-01-28,23.833801
1993-01-29,17.640024
1993-01-30,15.445287
1993-01-31,16.767515
1993-02-01,17.858234
1993-02-02,15.977762
1993-02-03,17.900309
1993-02-04,15.48345
1993-02-05,11.812668
1993-02-06,11.195092
1993-02-07,10.653637
1993-02-08,18.847765
1993-02-09,12.410318
1993-02-10,12.002751
1993-02-11,11.207906
1993-02-12,8.846528
1993-02-13,8.238798
1993-02-14,7.9298115
1993-02-15,7.6801453
1993-02-16,12.956532
1993-02-17,25.043282
1993-02-18,13.411686
1993-02-19,11.148857
1993-02-20,13.355133
1993-02-21,18.928814
1993-02-22,21.554926
1993-02-23,15.031668
1993-02-24,15.388986
1993-02-25,14.976143
1993-02-26,21.624208
1993-02-27,28.460724
1993-02-28,30.35877
1993-03-01,46.585957
1993-03-02,45.604927
1993-03-03,34.581493
1993-03-04,26.149477
1993-03-05,21.86371
1993-03-06,25.58924
1993-03-07,20.122393
1993-03-08,26.841604
1993-03-09,23.996168
1993-03-10,25.60639
1993-03-11,27.630957
1993-03-12,28.439615
1993-03-13,28.080462
1993-03-14,23.967777
1993-03-15,28.020334
1993-03-16,21.545624
1993-03-17,19.196644
1993-03-18,17.291285
1993-03-19,26.223213
1993-03-20,20.685688
1993-03-21,24.890848
1993-03-22,27.958065
1993-03-23,26.32655
1993-03-24,44.203407
1993-03-25,50.64088
1993-03-26,43.52028
1993-03-27,37.22527
1993-03-28,29.851469
1993-03-29,24.364277
1993-03-30,20.693953
1993-03-31,18.454414
1993-04-01,18.2628
1993-04-02,15.590159
1993-04-03,23.324232
1993-04-04,16.977287
1993-04-05,12.704156
1993-04-06,19.051088
1993-04-07,14.965837
1993-04-08,23.918245
1993-04-09,17.334208
1993-04-10,17.69912
1993-04-11,20.851849
1993-04-12,16.673203
1993-04-13,12.854943
1993-04-14,14.367023
1993-04-15,13.054045
1993-04-16,21.982506
1993-04-17,20.155607
1993-04-18,16.748915
1993-04-19,17.004183
1993-04-20,17.472486
1993-04-21,18.809618
1993-04-22,19.42799
1993-04-23,21.999207
1993-04-24,34.878525
1993-04-25,27.100508
1993-04-26,20.941153
1993-04-27,27.078716
1993-04-28,34.32672
1993-04-29,25.506342
1993-04-30,18.568472
1993-05-01,16.448967
1993-05-02,29.8201
1993-05-03,19.8302
1993-05-04,13.296421
1993-05-05,12.249606
1993-05-06,12.041404
1993-05-07,13.685151
1993-05-08,11.099442
1993-05-09,9.725631
1993-05-10,14.151257
1993-05-11,10.568273
1993-05-12,8.381901
1993-05-13,9.652052
1993-05-14,9.206472
1993-05-15,8.761358
1993-05-16,9.153408
1993-05-17,17.35794
1993-05-18,12.8061285
1993-05-19,14.408538
1993-05-20,10.159688
1993-05-21,8.426695
1993-05-22,12.692415
1993-05-23,11.645385
1993-05-24,11.469131
1993-05-25,11.840846
1993-05-26,10.40761
1993-05-27,14.527648
1993-05-28,15.501443
1993-05-29,32.998
1993-05-30,35.57338
1993-05-31,31.481642
1993-06-01,27.849438
1993-06-02,34.606125
1993-06-03,29.074997
1993-06-04,21.626478
1993-06-05,18.918133
1993-06-06,24.512957
1993-06-07,23.188707
1993-06-08,16.911184
1993-06-09,18.72328
1993-06-10,41.55392
1993-06-11,34.872787
1993-06-12,23.519909
1993-06-13,24.039917
1993-06-14,20.96975
1993-06-15,18.462864
1993-06-16,17.240145
1993-06-17,18.228058
1993-06-18,23.896818
1993-06-19,18.423277
1993-06-20,46.159042
1993-06-21,37.385334
1993-06-22,28.98279
1993-06-23,25.240189
1993-06-24,22.963417
1993-06-25,19.559399
1993-06-26,17.016752
1993-06-27,15.604629
1993-06-28,14.193636
1993-06-29,12.66426
1993-06-30,16.839373
1993-07-01,12.736673
1993-07-02,10.163889
1993-07-03,9.506844
1993-07-04,10.756245
1993-07-05,16.13729
1993-07-06,10.572258
1993-07-07,8.213292
1993-07-08,8.054889
1993-07-09,8.489912
1993-07-10,8.345071
1993-07-11,11.211854
1993-07-12,9.251041
1993-07-13,7.4599447
1993-07-14,7.9174643
1993-07-15,12.363345
1993-07-16,14.40984
1993-07-17,11.467087
1993-07-18,10.739681
1993-07-19,11.619882
1993-07-20,11.051136
1993-07-21,10.468929
1993-07-22,13.752236
1993-07-23,15.891677
1993-07-24,11.599557
1993-07-25,17.694221
1993-07-26,18.82159
1993-07-27,12.342794
1993-07-28,10.632352
1993-07-29,14.598133
1993-07-30,17.221437
1993-07-31,22.889664
1993-08-01,34.213715
1993-08-02,24.175177
1993-08-03,11.455904
1993-08-04,8.768376
1993-08-05,8.826865
1993-08-06,8.7186
1993-08-07,8.579338
1993-08-08,8.397774
1993-08-09,8.121145
1993-08-10,8.605589
1993-08-11,14.160179
1993-08-12,11.378613
1993-08-13,8.006815
1993-08-14,7.159242
1993-08-15,7.00436
1993-08-16,6.8455997
1993-08-17,6.6748796
1993-08-18,6.9733415
1993-08-19,8.922474
1993-08-20,9.136232
1993-08-21,7.685844
1993-08-22,6.4065666
1993-08-23,6.668379
1993-08-24,6.926765
1993-08-25,8.911088
1993-08-26,6.9785614
1993-08-27,6.005709
1993-08-28,6.122109
1993-08-29,5.9788513
1993-08-30,5.7720623
1993-08-31,5.6051016
1993-09-01,5.4302664
1993-09-02,19.049612
1993-09-03,27.899343
1993-09-04,17.505405
1993-09-05,9.523068
1993-09-06,9.980555
1993-09-07,11.127013
1993-09-08,11.396127
1993-09-09,11.781339
1993-09-10,18.329773
1993-09-11,15.05455
1993-09-12,12.895404
1993-09-13,12.282187
1993-09-14,25.6949
1993-09-15,20.505373
1993-09-16,13.233576
1993-09-17,11.6218605
1993-09-18,11.560532
1993-09-19,11.083675
1993-09-20,10.598132
1993-09-21,11.059667
1993-09-22,12.801431
1993-09-23,13.696433
1993-09-24,10.394428
1993-09-25,10.065057
1993-09-26,12.319072
1993-09-27,12.420303
1993-09-28,10.906222
1993-09-29,8.984234
1993-09-30,8.602823
1993-10-01,8.293496
1993-10-02,9.028761
1993-10-03,8.124885
1993-10-04,7.7018733
1993-10-05,7.488828
1993-10-06,7.370677
1993-10-07,22.395702
1993-10-08,19.8443
1993-10-09,12.454984
1993-10-10,11.065617
1993-10-11,11.491846
1993-10-12,16.089407
1993-10-13,12.610307
1993-10-14,11.261623
1993-10-15,11.945944
1993-10-16,12.080313
1993-10-17,11.812002
1993-10-18,11.605283
1993-10-19,19.54694
1993-10-20,26.876022
1993-10-21,22.56917
1993-10-22,19.30493
1993-10-23,17.551191
1993-10-24,17.834185
1993-10-25,23.798214
1993-10-26,22.768892
1993-10-27,15.765652
1993-10-28,17.000124
1993-10-29,15.946193
1993-10-30,13.7131815
1993-10-31,13.792773
1993-11-01,15.140341
1993-11-02,17.33711
1993-11-03,18.969778
1993-11-04,20.915558
1993-11-05,21.176138
1993-11-06,19.823832
1993-11-07,18.181017
1993-11-08,23.69848
1993-11-09,18.007664
1993-11-10,17.151743
1993-11-11,17.989216
1993-11-12,14.897515
1993-11-13,15.381839
1993-11-14,24.81493
1993-11-15,15.9976635
1993-11-16,11.769988
1993-11-17,14.891422
1993-11-18,12.287212
1993-11-19,17.90666
1993-11-20,16.989817
1993-11-21,11.806525
1993-11-22,10.368908
1993-11-23,10.20978
1993-11-24,10.030778
1993-11-25,9.370469
1993-11-26,14.885679
1993-11-27,13.248219
1993-11-28,14.086752
1993-11-29,13.8774395
1993-11-30,10.331139
1993-12-01,8.975675
1993-12-02,11.105559
1993-12-03,16.35636
1993-12-04,11.692317
1993-12-05,9.759902
1993-12-06,9.896897
1993-12-07,17.789381
1993-12-08,13.220568
1993-12-09,25.349497
1993-12-10,40.475605
1993-12-11,39.957928
1993-12-12,35.444004
1993-12-13,27.55234
1993-12-14,24.949512
1993-12-15,21.192938
1993-12-16,17.293184
1993-12-17,14.932064
1993-12-18,13.246765
1993-12-19,11.981406
1993-12-20,11.409676
1993-12-21,14.805744
1993-12-22,11.49025
1993-12-23,12.144185
1993-12-24,10.059597
1993-12-25,9.34641
1993-12-26,8.494412
1993-12-27,7.8454676
1993-12-28,7.480331
1993-12-29,7.1335573
1993-12-30,6.7862144
1993-12-31,6.437578
1994-01-01,6.0987864
1994-01-02,5.7683544
1994-01-03,5.4574003
1994-01-04,5.167879
1994-01-05,4.9106836
1994-01-06,4.750169
1994-01-07,5.302141
1994-01-08,4.527404
1994-01-09,4.1742105
1994-01-10,3.9701898
1994-01-11,3.8435402
1994-01-12,7.200209
1994-01-13,8.356025
1994-01-14,4.950256
1994-01-15,9.830124
1994-01-16,5.43605
1994-01-17,3.3709006
1994-01-18,3.745232
1994-01-19,3.2803874
1994-01-20,3.0321887
1994-01-21,2.954656
1994-01-22,2.890303
1994-01-23,2.8400135
1994-01-24,2.7774687
1994-01-25,2.731891
1994-01-26,2.7112257
1994-01-27,3.2584946
1994-01-28,6.4497023
1994-01-29,4.440299
1994-01-30,5.619224
1994-01-31,4.1617317
1994-02-01,2.6219537
1994-02-02,2.391805
1994-02-03,2.3467753
1994-02-04,3.0906303
1994-02-05,3.2085454
1994-02-06,8.503384
1994-02-07,19.83013
1994-02-08,8.385891
1994-02-09,3.0684874
1994-02-10,5.145167
1994-02-11,7.9136376
1994-02-12,4.678315
1994-02-13,35.39477
1994-02-14,17.443445
1994-02-15,6.776105
1994-02-16,7.9690943
1994-02-17,7.3587823
1994-02-18,7.6221647
1994-02-19,15.966525
1994-02-20,10.780091
1994-02-21,17.460236
1994-02-22,20.56212
1994-02-23,18.798515
1994-02-24,19.212824
1994-02-25,17.505272
1994-02-26,19.688648
1994-02-27,22.42839
1994-02-28,16.91179
1994-03-01,14.254002
1994-03-02,21.711473
1994-03-03,15.707434
1994-03-04,14.271234
1994-03-05,13.966603
1994-03-06,21.322155
1994-03-07,26.151907
1994-03-08,26.507566
1994-03-09,23.469402
1994-03-10,21.244804
1994-03-11,21.46429
1994-03-12,24.961578
1994-03-13,30.021818
1994-03-14,22.067663
1994-03-15,15.808431
1994-03-16,21.215004
1994-03-17,18.32025
1994-03-18,17.69438
1994-03-19,17.969973
1994-03-20,12.736148
1994-03-21,10.642774
1994-03-22,15.091906
1994-03-23,18.18255
1994-03-24,24.540977
1994-03-25,18.017485
1994-03-26,15.382589
1994-03-27,26.970106
1994-03-28,31.837837
1994-03-29,114.57045
1994-03-30,61.447323
1994-03-31,28.401161
1994-04-01,23.302647
1994-04-02,22.315226
1994-04-03,31.434622
1994-04-04,19.07881
1994-04-05,14.340058
1994-04-06,12.572092
1994-04-07,12.076869
1994-04-08,18.232037
1994-04-09,35.814934
1994-04-10,19.965185
1994-04-11,21.013231
1994-04-12,33.13031
1994-04-13,43.98122
1994-04-14,37.53168
1994-04-15,32.112694
1994-04-16,29.329748
1994-04-17,31.847597
1994-04-18,26.315592
1994-04-19,29.779636
1994-04-20,23.423656
1994-04-21,31.95961
1994-04-22,22.527842
1994-04-23,29.475
1994-04-24,27.789343
1994-04-25,21.955553
1994-04-26,21.580189
1994-04-27,20.889687
1994-04-28,20.2194
1994-04-29,19.406158
1994-04-30,24.820797
1994-05-01,19.246
1994-05-02,27.091219
1994-05-03,20.053867
1994-05-04,21.42139
1994-05-05,19.311676
1994-05-06,18.82528
1994-05-07,20.370783
1994-05-08,24.713957
1994-05-09,21.85719
1994-05-10,24.020079
1994-05-11,29.5466
1994-05-12,34.84793
1994-05-13,28.361744
1994-05-14,27.740217
1994-05-15,26.235102
1994-05-16,21.278904
1994-05-17,18.31494
1994-05-18,16.680433
1994-05-19,15.980938
1994-05-20,13.92741
1994-05-21,15.278781
1994-05-22,14.062078
1994-05-23,13.922487
1994-05-24,11.210141
1994-05-25,23.39152
1994-05-26,16.814907
1994-05-27,10.109532
1994-05-28,10.977434
1994-05-29,9.367597
1994-05-30,15.542075
1994-05-31,22.620842
1994-06-01,27.427027
1994-06-02,25.496819
1994-06-03,28.929012
1994-06-04,29.879335
1994-06-05,30.596605
1994-06-06,31.228518
1994-06-07,33.652557
1994-06-08,30.209414
1994-06-09,25.81567
1994-06-10,41.58576
1994-06-11,61.098858
1994-06-12,49.58938
1994-06-13,35.839394
1994-06-14,27.504047
1994-06-15,27.728035
1994-06-16,26.6831
1994-06-17,18.77582
1994-06-18,17.28812
1994-06-19,16.501186
1994-06-20,13.498463
1994-06-21,12.076505
1994-06-22,11.5135355
1994-06-23,16.095093
1994-06-24,21.096272
1994-06-25,12.855882
1994-06-26,12.242452
1994-06-27,46.150436
1994-06-28,38.85721
1994-06-29,30.762415
1994-06-30,26.303934
1994-07-01,22.088284
1994-07-02,19.040432
1994-07-03,16.65429
1994-07-04,22.495935
1994-07-05,16.728592
1994-07-06,19.536268
1994-07-07,14.756522
1994-07-08,12.115604
1994-07-09,17.428783
1994-07-10,143.01881
1994-07-11,167.05789
1994-07-12,70.653755
1994-07-13,34.68809
1994-07-14,26.981518
1994-07-15,22.1925
1994-07-16,18.834045
1994-07-17,16.316126
1994-07-18,21.030989
1994-07-19,19.966736
1994-07-20,14.815731
1994-07-21,14.149746
1994-07-22,18.217087
1994-07-23,14.414415
1994-07-24,17.01554
1994-07-25,24.934471
1994-07-26,13.862925
1994-07-27,8.877294
1994-07-28,13.864695
1994-07-29,17.04206
1994-07-30,13.448852
1994-07-31,18.66427
1994-08-01,16.423492
1994-08-02,14.6956415
1994-08-03,14.255269
1994-08-04,20.176653
1994-08-05,16.87629
1994-08-06,14.819236
1994-08-07,15.765081
1994-08-08,13.390846
1994-08-09,12.047883
1994-08-10,11.560899
1994-08-11,12.008837
1994-08-12,35.29738
1994-08-13,30.567022
1994-08-14,24.652594
1994-08-15,22.79099
1994-08-16,20.386852
1994-08-17,18.14829
1994-08-18,17.143682
1994-08-19,14.46089
1994-08-20,14.384514
1994-08-21,21.9775
1994-08-22,25.579943
1994-08-23,16.133574
1994-08-24,10.432119
1994-08-25,13.59235
1994-08-26,10.594859
1994-08-27,8.869324
1994-08-28,9.27123
1994-08-29,9.249734
1994-08-30,16.488794
1994-08-31,10.878651
1994-09-01,7.6221757
1994-09-02,9.092343
1994-09-03,7.9437065
1994-09-04,11.975643
1994-09-05,9.891882
1994-09-06,8.25248
1994-09-07,12.419415
1994-09-08,9.382543
1994-09-09,10.381035
1994-09-10,17.529663
1994-09-11,11.984638
1994-09-12,10.480484
1994-09-13,12.933383
1994-09-14,10.505215
1994-09-15,10.519517
1994-09-16,10.169746
1994-09-17,15.756413
1994-09-18,13.696199
1994-09-19,20.428371
1994-09-20,13.690496
1994-09-21,10.751618
1994-09-22,10.740789
1994-09-23,11.107645
1994-09-24,12.265379
1994-09-25,12.285005
1994-09-26,10.240323
1994-09-27,22.430882
1994-09-28,28.925934
1994-09-29,15.504561
1994-09-30,10.050737
1994-10-01,9.630547
1994-10-02,14.923283
1994-10-03,15.2788925
1994-10-04,17.28917
1994-10-05,12.248219
1994-10-06,9.744962
1994-10-07,8.912485
1994-10-08,11.112257
1994-10-09,9.400263
1994-10-10,11.500915
1994-10-11,9.336786
1994-10-12,9.157547
1994-10-13,8.210449
1994-10-14,8.2343
1994-10-15,16.158651
1994-10-16,19.161587
1994-10-17,12.607935
1994-10-18,10.452155
1994-10-19,11.725615
1994-10-20,10.420257
1994-10-21,13.930918
1994-10-22,10.853847
1994-10-23,11.748109
1994-10-24,10.3520975
1994-10-25,12.937204
1994-10-26,9.904669
1994-10-27,8.228808
1994-10-28,7.9323616
1994-10-29,8.431321
1994-10-30,16.483416
1994-10-31,17.083603
1994-11-01,20.98757
1994-11-02,13.905865
1994-11-03,12.8914175
1994-11-04,9.613104
1994-11-05,8.590139
1994-11-06,9.312268
1994-11-07,16.228308
1994-11-08,16.368729
1994-11-09,10.968107
1994-11-10,9.1044655
1994-11-11,9.496851
1994-11-12,13.486699
1994-11-13,10.159368
1994-11-14,8.8475895
1994-11-15,16.903593
1994-11-16,11.068997
1994-11-17,7.5072904
1994-11-18,7.227095
1994-11-19,7.3301625
1994-11-20,9.086711
1994-11-21,7.387144
1994-11-22,11.724234
1994-11-23,11.50213
1994-11-24,13.817512
1994-11-25,9.015131
1994-11-26,8.511023
1994-11-27,10.065503
1994-11-28,10.259901
1994-11-29,9.450589
1994-11-30,8.796291
1994-12-01,8.443958
1994-12-02,8.236462
1994-12-03,8.911872
1994-12-04,8.760206
1994-12-05,17.418282
1994-12-06,11.546614
1994-12-07,8.733326
1994-12-08,22.748865
1994-12-09,32.744408
1994-12-10,32.466656
1994-12-11,29.07946
1994-12-12,29.248371
1994-12-13,23.44871
1994-12-14,21.247564
1994-12-15,18.538097
1994-12-16,18.26546
1994-12-17,18.442028
1994-12-18,19.930117
1994-12-19,22.247309
1994-12-20,20.186928
1994-12-21,14.84754
1994-12-22,12.88401
1994-12-23,12.4909725
1994-12-24,17.255026
1994-12-25,13.23244
1994-12-26,10.672609
1994-12-27,10.169987
1994-12-28,9.657083
1994-12-29,10.897044
1994-12-30,9.181466
1994-12-31,8.347288
1995-01-01,7.837686
1995-01-02,7.6760397
1995-01-03,7.179924
1995-01-04,6.734635
1995-01-05,6.340759
1995-01-06,5.9595046
1995-01-07,5.6115303
1995-01-08,5.290708
1995-01-09,4.9867625
1995-01-10,4.6945133
1995-01-11,4.4379487
1995-01-12,4.204793
1995-01-13,3.9752326
1995-01-14,3.7670865
1995-01-15,3.5717747
1995-01-16,3.3898973
1995-01-17,3.703547
1995-01-18,3.3055308
1995-01-19,3.3461592
1995-01-20,3.0092258
1995-01-21,7.4393263
1995-01-22,4.5035257
1995-01-23,3.6629884
1995-01-24,14.010339
1995-01-25,6.546181
1995-01-26,4.3635263
1995-01-27,9.103494
1995-01-28,15.997212
1995-01-29,6.81179
1995-01-30,4.132515
1995-01-31,4.424626
1995-02-01,2.5699124
1995-02-02,2.1399632
1995-02-03,2.0810986
1995-02-04,2.0412295
1995-02-05,1.9965084
1995-02-06,1.9821997
1995-02-07,2.0906615
1995-02-08,1.9571555
1995-02-09,1.8598472
1995-02-10,1.8132751
1995-02-11,1.7694244
1995-02-12,1.7299383
1995-02-13,1.6867335
1995-02-14,1.6445196
1995-02-15,1.6011978
1995-02-16,1.5598307
1995-02-17,1.521666
1995-02-18,1.4768981
1995-02-19,1.4379606
1995-02-20,1.4078739
1995-02-21,1.3768313
1995-02-22,1.3464183
1995-02-23,1.6113356
1995-02-24,2.2411468
1995-02-25,3.536904
1995-02-26,2.1090105
1995-02-27,9.944922
1995-02-28,4.422432
1995-03-01,3.467383
1995-03-02,2.6220803
1995-03-03,1.6404887
1995-03-04,1.5978817
1995-03-05,1.3404497
1995-03-06,4.0353436
1995-03-07,2.794627
1995-03-08,3.304216
1995-03-09,1.9685656
1995-03-10,7.8907833
1995-03-11,8.566314
1995-03-12,22.768684
1995-03-13,9.992562
1995-03-14,8.027895
1995-03-15,9.46581
1995-03-16,7.090521
1995-03-17,10.977501
1995-03-18,13.167079
1995-03-19,10.156681
1995-03-20,8.870212
1995-03-21,9.280613
1995-03-22,12.429252
1995-03-23,10.562359
1995-03-24,10.170607
1995-03-25,12.093842
1995-03-26,16.205359
1995-03-27,13.09714
1995-03-28,11.130843
1995-03-29,10.933168
1995-03-30,11.417536
1995-03-31,10.69972
1995-04-01,25.775932
1995-04-02,24.391123
1995-04-03,17.156273
1995-04-04,17.215607
1995-04-05,30.958832
1995-04-06,31.191687
1995-04-07,31.036451
1995-04-08,26.525537
1995-04-09,22.680244
1995-04-10,19.32908
1995-04-11,20.638405
1995-04-12,19.566261
1995-04-13,24.082348
1995-04-14,20.529634
1995-04-15,18.199886
1995-04-16,17.68753
1995-04-17,22.222563
1995-04-18,18.254402
1995-04-19,18.56031
1995-04-20,15.355563
1995-04-21,22.685806
1995-04-22,22.052217
1995-04-23,34.385567
1995-04-24,25.77561
1995-04-25,20.1181
1995-04-26,19.031706
1995-04-27,17.56899
1995-04-28,17.47478
1995-04-29,15.338034
1995-04-30,16.625505
1995-05-01,14.994271
1995-05-02,12.437595
1995-05-03,11.881717
1995-05-04,10.9165325
1995-05-05,10.593565
1995-05-06,9.509289
1995-05-07,9.53341
1995-05-08,17.1664
1995-05-09,26.725195
1995-05-10,193.08946
1995-05-11,93.49544
1995-05-12,30.684801
1995-05-13,29.177498
1995-05-14,24.586853
1995-05-15,18.672136
1995-05-16,17.734959
1995-05-17,25.610865
1995-05-18,18.756016
1995-05-19,18.958036
1995-05-20,16.100576
1995-05-21,13.673716
1995-05-22,14.119805
1995-05-23,18.623669
1995-05-24,19.582474
1995-05-25,18.599548
1995-05-26,23.044422
1995-05-27,21.939981
1995-05-28,19.410303
1995-05-29,17.978716
1995-05-30,16.750565
1995-05-31,15.616724
1995-06-01,14.446255
1995-06-02,13.394961
1995-06-03,14.412399
1995-06-04,12.425269
1995-06-05,11.945272
1995-06-06,11.158768
1995-06-07,9.611096
1995-06-08,8.880318
1995-06-09,10.039855
1995-06-10,8.727896
1995-06-11,7.6857915
1995-06-12,7.9741297
1995-06-13,11.129628
1995-06-14,13.163813
1995-06-15,8.497329
1995-06-16,6.3357553
1995-06-17,6.1519084
1995-06-18,6.517718
1995-06-19,10.468227
1995-06-20,13.608247
1995-06-21,9.810969
1995-06-22,8.670626
1995-06-23,9.818142
1995-06-24,10.017548
1995-06-25,9.826366
1995-06-26,13.070928
1995-06-27,17.622993
1995-06-28,18.94078
1995-06-29,15.963311
1995-06-30,22.01824
1995-07-01,25.1832
1995-07-02,42.817192
1995-07-03,37.390793
1995-07-04,27.53004
1995-07-05,23.155306
1995-07-06,19.300024
1995-07-07,18.866032
1995-07-08,19.188213
1995-07-09,14.83399
1995-07-10,16.023893
1995-07-11,12.781436
1995-07-12,16.822039
1995-07-13,13.067866
1995-07-14,10.066903
1995-07-15,14.722442
1995-07-16,11.962533
1995-07-17,9.136514
1995-07-18,8.729398
1995-07-19,9.126988
1995-07-20,8.36243
1995-07-21,13.520939
1995-07-22,24.63782
1995-07-23,14.324935
1995-07-24,9.041425
1995-07-25,8.888563
1995-07-26,11.679637
1995-07-27,9.711234
1995-07-28,8.562846
1995-07-29,8.2480545
1995-07-30,8.14856
1995-07-31,7.9401846
1995-08-01,7.6907296
1995-08-02,7.338127
1995-08-03,7.112185
1995-08-04,6.886912
1995-08-05,6.6943784
1995-08-06,8.349639
1995-08-07,7.54757
1995-08-08,6.599199
1995-08-09,6.1449485
1995-08-10,5.8381143
1995-08-11,5.66935
1995-08-12,7.5193496
1995-08-13,6.287296
1995-08-14,6.10671
1995-08-15,5.7118673
1995-08-16,4.989627
1995-08-17,4.890239
1995-08-18,4.7968125
1995-08-19,6.1923
1995-08-20,5.9559937
1995-08-21,7.4061112
1995-08-22,5.2722597
1995-08-23,4.1180305
1995-08-24,3.990899
1995-08-25,3.8987637
1995-08-26,3.849464
1995-08-27,3.7005136
1995-08-28,3.568985
1995-08-29,4.0136003
1995-08-30,3.6795182
1995-08-31,14.20635
1995-09-01,10.412208
1995-09-02,4.691205
1995-09-03,6.6157193
1995-09-04,5.0405626
1995-09-05,4.1056485
1995-09-06,4.125032
1995-09-07,4.081279
1995-09-08,4.0732155
1995-09-09,5.751008
1995-09-10,4.9792295
1995-09-11,4.05228
1995-09-12,3.951146
1995-09-13,4.1030655
1995-09-14,6.6729155
1995-09-15,7.786693
1995-09-16,12.0877285
1995-09-17,7.933505
1995-09-18,4.4486065
1995-09-19,4.0114894
1995-09-20,4.0206184
1995-09-21,9.03759
1995-09-22,9.3044615
1995-09-23,6.1056137
1995-09-24,4.8849525
1995-09-25,4.88875
1995-09-26,5.445971
1995-09-27,10.010649
1995-09-28,6.634205
1995-09-29,5.427827
1995-09-30,8.468173
1995-10-01,8.94649
1995-10-02,7.749979
1995-10-03,5.685249
1995-10-04,5.5002427
1995-10-05,5.5661693
1995-10-06,6.291632
1995-10-07,5.660769
1995-10-08,6.0662293
1995-10-09,9.013784
1995-10-10,8.672696
1995-10-11,6.448179
1995-10-12,10.077876
1995-10-13,7.650049
1995-10-14,7.019786
1995-10-15,13.373897
1995-10-16,12.272322
1995-10-17,16.191399
1995-10-18,13.644279
1995-10-19,11.715247
1995-10-20,11.312945
1995-10-21,11.136599
1995-10-22,12.966319
1995-10-23,12.779101
1995-10-24,10.945432
1995-10-25,13.186224
1995-10-26,15.932816
1995-10-27,13.874136
1995-10-28,11.625369
1995-10-29,9.988276
1995-10-30,9.335346
1995-10-31,9.415788
1995-11-01,12.574965
1995-11-02,11.878873
1995-11-03,14.0335045
1995-11-04,12.085816
1995-11-05,11.105371
1995-11-06,23.769377
1995-11-07,19.075783
1995-11-08,13.537147
1995-11-09,12.608919
1995-11-10,16.914845
1995-11-11,13.693924
1995-11-12,11.669014
1995-11-13,11.316639
1995-11-14,15.253406
1995-11-15,20.542725
1995-11-16,20.681519
1995-11-17,19.301617
1995-11-18,15.451342
1995-11-19,13.691127
1995-11-20,15.890259
1995-11-21,17.148775
1995-11-22,13.132088
1995-11-23,14.815985
1995-11-24,13.645233
1995-11-25,13.433058
1995-11-26,11.000793
1995-11-27,10.153887
1995-11-28,9.581685
1995-11-29,9.129564
1995-11-30,8.7903595
1995-12-01,8.416527
1995-12-02,8.013092
1995-12-03,7.6196904
1995-12-04,7.479792
1995-12-05,7.651187
1995-12-06,12.780434
1995-12-07,10.005836
1995-12-08,9.8468895
1995-12-09,11.82436
1995-12-10,8.836297
1995-12-11,6.609235
1995-12-12,7.785712
1995-12-13,6.193535
1995-12-14,18.95618
1995-12-15,11.1505
1995-12-16,6.447329
1995-12-17,6.8400793
1995-12-18,11.467076
1995-12-19,20.156538
1995-12-20,22.020487
1995-12-21,14.484472
1995-12-22,12.588684
1995-12-23,13.86998
1995-12-24,18.301855
1995-12-25,14.0228615
1995-12-26,11.856626
1995-12-27,21.128468
1995-12-28,17.06033
1995-12-29,21.172255
1995-12-30,16.679476
1995-12-31,14.033648
1996-01-01,13.918562
1996-01-02,13.100485
1996-01-03,12.325816
1996-01-04,13.675521
1996-01-05,11.888653
1996-01-06,11.587898
1996-01-07,10.685324
1996-01-08,9.772631
1996-01-09,9.272403
1996-01-10,8.814905
1996-01-11,8.934118
1996-01-12,8.188495
1996-01-13,7.607154
1996-01-14,9.099826
1996-01-15,7.599125
1996-01-16,6.5319834
1996-01-17,6.2060046
1996-01-18,6.0848336
1996-01-19,5.751007
1996-01-20,5.5600495
1996-01-21,8.226134
1996-01-22,6.681431
1996-01-23,4.9967155
1996-01-24,6.47888
1996-01-25,7.153394
1996-01-26,6.291978
1996-01-27,4.7280188
1996-01-28,4.120611
1996-01-29,4.062079
1996-01-30,4.7558722
1996-01-31,4.0032167
1996-02-01,3.9265313
1996-02-02,6.2841506
1996-02-03,5.974716
1996-02-04,4.0009985
1996-02-05,3.9389803
1996-02-06,3.94626
1996-02-07,6.6420765
1996-02-08,6.480212
1996-02-09,5.442012
1996-02-10,3.6866927
1996-02-11,4.601038
1996-02-12,4.79177
1996-02-13,3.5911438
1996-02-14,6.5508456
1996-02-15,6.5245576
1996-02-16,4.2382345
1996-02-17,4.2977095
1996-02-18,4.831325
1996-02-19,5.382161
1996-02-20,6.735761
1996-02-21,7.3552604
1996-02-22,5.7093205
1996-02-23,5.101942
1996-02-24,5.042089
1996-02-25,4.95704
1996-02-26,22.036276
1996-02-27,11.452959
1996-02-28,5.327628
1996-02-29,5.5198116
1996-03-01,5.6279707
1996-03-02,9.190105
1996-03-03,13.869767
1996-03-04,15.571392
1996-03-05,9.591504
1996-03-06,9.269222
1996-03-07,15.703183
1996-03-08,12.866425
1996-03-09,16.616207
1996-03-10,13.5619335
1996-03-11,15.746909
1996-03-12,17.053106
1996-03-13,15.356932
1996-03-14,15.685765
1996-03-15,13.852311
1996-03-16,14.198386
1996-03-17,12.6909275
1996-03-18,12.276194
1996-03-19,19.29424
1996-03-20,15.153566
1996-03-21,13.007867
1996-03-22,14.29358
1996-03-23,15.929014
1996-03-24,13.378407
1996-03-25,12.489128
1996-03-26,12.258605
1996-03-27,14.231821
1996-03-28,12.333516
1996-03-29,11.466506
1996-03-30,11.243532
1996-03-31,10.763123
1996-04-01,19.538816
1996-04-02,21.456274
1996-04-03,32.219147
1996-04-04,43.135452
1996-04-05,42.043453
1996-04-06,38.36809
1996-04-07,30.17728
1996-04-08,26.39837
1996-04-09,25.918528
1996-04-10,21.892576
1996-04-11,19.51723
1996-04-12,26.45969
1996-04-13,21.347054
1996-04-14,23.787136
1996-04-15,19.943432
1996-04-16,17.344038
1996-04-17,16.371422
1996-04-18,15.472316
1996-04-19,14.489298
1996-04-20,13.605134
1996-04-21,12.541827
1996-04-22,11.565544
1996-04-23,10.753339
1996-04-24,12.289892
1996-04-25,12.888057
1996-04-26,12.006629
1996-04-27,11.32242
1996-04-28,19.815521
1996-04-29,11.76008
1996-04-30,9.356603
1996-05-01,8.373472
1996-05-02,7.578818
1996-05-03,11.9540615
1996-05-04,9.081933
1996-05-05,19.962118
1996-05-06,12.097205
1996-05-07,6.472855
1996-05-08,10.433199
1996-05-09,9.544692
1996-05-10,13.224565
1996-05-11,26.36978
1996-05-12,14.577365
1996-05-13,8.768469
1996-05-14,9.6096735
1996-05-15,11.426594
1996-05-16,10.482372
1996-05-17,9.721348
1996-05-18,9.667408
1996-05-19,20.727064
1996-05-20,14.622652
1996-05-21,20.737066
1996-05-22,17.955704
1996-05-23,17.639025
1996-05-24,17.7333
1996-05-25,16.343481
1996-05-26,16.828337
1996-05-27,24.08891
1996-05-28,26.181196
1996-05-29,25.221605
1996-05-30,20.780844
1996-05-31,20.94922
1996-06-01,23.940395
1996-06-02,20.618166
1996-06-03,17.83376
1996-06-04,134.47581
1996-06-05,83.450165
1996-06-06,37.344925
1996-06-07,26.675503
1996-06-08,21.981724
1996-06-09,18.756634
1996-06-10,16.499975
1996-06-11,15.144739
1996-06-12,13.494242
1996-06-13,12.488766
1996-06-14,14.074236
1996-06-15,11.572301
1996-06-16,12.966221
1996-06-17,22.066343
1996-06-18,15.381558
1996-06-19,9.993001
1996-06-20,12.150202
1996-06-21,17.562473
1996-06-22,12.197768
1996-06-23,103.98816
1996-06-24,69.1398
1996-06-25,33.550014
1996-06-26,25.239347
1996-06-27,21.307697
1996-06-28,19.213123
1996-06-29,23.812143
1996-06-30,23.078342
1996-07-01,17.558336
1996-07-02,14.947652
1996-07-03,14.266746
1996-07-04,13.610369
1996-07-05,20.566965
1996-07-06,17.716473
1996-07-07,12.82065
1996-07-08,11.391889
1996-07-09,10.846804
1996-07-10,10.3554325
1996-07-11,11.929455
1996-07-12,14.543014
1996-07-13,11.618358
1996-07-14,9.14982
1996-07-15,8.672127
1996-07-16,8.56208
1996-07-17,9.5703745
1996-07-18,10.315853
1996-07-19,8.62381
1996-07-20,8.06421
1996-07-21,14.145954
1996-07-22,16.39075
1996-07-23,11.399462
1996-07-24,8.567448
1996-07-25,8.293759
1996-07-26,8.201623
1996-07-27,8.085384
1996-07-28,8.085067
1996-07-29,14.116517
1996-07-30,41.72533
1996-07-31,30.82579
1996-08-01,21.776163
1996-08-02,20.257944
1996-08-03,18.970219
1996-08-04,17.546467
1996-08-05,16.203962
1996-08-06,19.249352
1996-08-07,18.88546
1996-08-08,17.674295
1996-08-09,14.226116
1996-08-10,14.649225
1996-08-11,13.80135
1996-08-12,10.8566265
1996-08-13,9.638149
1996-08-14,9.033512
1996-08-15,8.534773
1996-08-16,8.032106
1996-08-17,7.9215674
1996-08-18,14.675503
1996-08-19,15.885795
1996-08-20,9.062218
1996-08-21,6.60759
1996-08-22,6.3454227
1996-08-23,6.216393
1996-08-24,6.363853
1996-08-25,6.8858476
1996-08-26,6.039181
1996-08-27,12.273572
1996-08-28,9.512306
1996-08-29,13.13368
1996-08-30,16.920895
1996-08-31,9.041376
1996-09-01,5.7616253
1996-09-02,7.779101
1996-09-03,9.108945
1996-09-04,7.393565
1996-09-05,7.3603683
1996-09-06,8.311482
1996-09-07,22.93826
1996-09-08,15.281992
1996-09-09,10.9641285
1996-09-10,11.015609
1996-09-11,16.988935
1996-09-12,40.967815
1996-09-13,28.62216
1996-09-14,19.269855
1996-09-15,20.793184
1996-09-16,22.923475
1996-09-17,18.711758
1996-09-18,16.370838
1996-09-19,15.418687
1996-09-20,19.70387
1996-09-21,17.138351
1996-09-22,19.600536
1996-09-23,16.627934
1996-09-24,13.462758
1996-09-25,13.567615
1996-09-26,18.356802
1996-09-27,20.356077
1996-09-28,26.438568
1996-09-29,31.674948
1996-09-30,30.534565
1996-10-01,29.876097
1996-10-02,22.47708
1996-10-03,17.642183
1996-10-04,15.406839
1996-10-05,13.698018
1996-10-06,13.698281
1996-10-07,18.098873
1996-10-08,13.115718
1996-10-09,11.72573
1996-10-10,10.472301
1996-10-11,9.011431
1996-10-12,8.431753
1996-10-13,11.295605
1996-10-14,16.27529
1996-10-15,10.302284
1996-10-16,12.367624
1996-10-17,9.515187
1996-10-18,8.222044
1996-10-19,7.9711256
1996-10-20,7.672057
1996-10-21,8.58071
1996-10-22,11.049831
1996-10-23,9.134501
1996-10-24,11.783322
1996-10-25,9.606721
1996-10-26,9.899105
1996-10-27,13.716102
1996-10-28,12.394171
1996-10-29,14.750739
1996-10-30,17.299118
1996-10-31,16.085045
1996-11-01,11.572378
1996-11-02,11.517769
1996-11-03,29.971397
1996-11-04,30.45847
1996-11-05,21.697508
1996-11-06,34.775036
1996-11-07,41.538063
1996-11-08,44.35539
1996-11-09,35.894955
1996-11-10,26.970055
1996-11-11,26.73312
1996-11-12,27.457827
1996-11-13,21.481733
1996-11-14,18.487297
1996-11-15,15.462817
1996-11-16,13.666383
1996-11-17,12.611443
1996-11-18,11.750177
1996-11-19,10.889365
1996-11-20,10.605875
1996-11-21,10.330159
1996-11-22,9.4182005
1996-11-23,8.5651
1996-11-24,7.9678197
1996-11-25,14.152097
1996-11-26,12.160667
1996-11-27,9.624977
1996-11-28,11.486657
1996-11-29,8.130601
1996-11-30,10.472642
1996-12-01,11.437034
1996-12-02,12.862975
1996-12-03,8.373172
1996-12-04,11.69643
1996-12-05,10.019113
1996-12-06,13.52989
1996-12-07,12.239186
1996-12-08,15.355933
1996-12-09,15.919909
1996-12-10,21.99568
1996-12-11,19.99483
1996-12-12,30.93162
1996-12-13,24.601112
1996-12-14,28.060677
1996-12-15,32.637936
1996-12-16,24.192234
1996-12-17,19.391102
1996-12-18,18.14102
1996-12-19,34.17809
1996-12-20,33.60211
1996-12-21,27.870174
1996-12-22,24.39369
1996-12-23,24.820393
1996-12-24,21.461214
1996-12-25,19.642393
1996-12-26,28.097374
1996-12-27,18.122124
1996-12-28,12.904276
1996-12-29,11.911387
1996-12-30,10.998688
1996-12-31,10.174023
1997-01-01,9.526484
1997-01-02,8.919785
1997-01-03,8.265737
1997-01-04,7.855528
1997-01-05,7.358493
1997-01-06,6.8085933
1997-01-07,6.343783
1997-01-08,5.940866
1997-01-09,5.5938234
1997-01-10,5.319137
1997-01-11,5.2286167
1997-01-12,7.537992
1997-01-13,6.330048
1997-01-14,6.844609
1997-01-15,10.974297
1997-01-16,7.7163982
1997-01-17,4.4586887
1997-01-18,8.258069
1997-01-19,5.227599
1997-01-20,4.288062
1997-01-21,3.8025737
1997-01-22,3.4525235
1997-01-23,3.3264203
1997-01-24,3.2538311
1997-01-25,3.194144
1997-01-26,3.0743082
1997-01-27,2.9427612
1997-01-28,4.226662
1997-01-29,3.1352587
1997-01-30,2.7163818
1997-01-31,2.6099389
1997-02-01,2.5675616
1997-02-02,2.4743366
1997-02-03,2.3919673
1997-02-04,2.3228877
1997-02-05,3.6097648
1997-02-06,17.342308
1997-02-07,19.45243
1997-02-08,6.580968
1997-02-09,9.029114
1997-02-10,4.7499475
1997-02-11,5.444175
1997-02-12,14.730381
1997-02-13,8.131763
1997-02-14,5.310708
1997-02-15,6.772147
1997-02-16,15.458074
1997-02-17,15.688056
1997-02-18,14.026709
1997-02-19,20.479746
1997-02-20,20.432308
1997-02-21,16.685528
1997-02-22,15.2344
1997-02-23,24.058765
1997-02-24,39.247417
1997-02-25,30.412151
1997-02-26,28.853971
1997-02-27,28.579248
1997-02-28,120.897385
1997-03-01,73.64698
1997-03-02,30.486977
1997-03-03,21.927158
1997-03-04,18.05115
1997-03-05,15.323641
1997-03-06,13.262997
1997-03-07,11.631454
1997-03-08,10.343905
1997-03-09,12.241256
1997-03-10,10.053278
1997-03-11,9.828985
1997-03-12,8.080485
1997-03-13,8.049019
1997-03-14,11.39181
1997-03-15,7.7864614
1997-03-16,13.948982
1997-03-17,8.854533
1997-03-18,11.000913
1997-03-19,11.538839
1997-03-20,11.337377
1997-03-21,9.374069
1997-03-22,14.303327
1997-03-23,9.867593
1997-03-24,7.5701427
1997-03-25,7.4910445
1997-03-26,7.34348
1997-03-27,7.0510564
1997-03-28,8.533943
1997-03-29,13.835672
1997-03-30,17.137642
1997-03-31,9.833931
1997-04-01,10.694894
1997-04-02,10.530672
1997-04-03,8.4519205
1997-04-04,9.272961
1997-04-05,8.609455
1997-04-06,8.362981
1997-04-07,12.829605
1997-04-08,11.166549
1997-04-09,12.330102
1997-04-10,18.383455
1997-04-11,14.8517475
1997-04-12,21.369848
1997-04-13,28.310295
1997-04-14,26.078947
1997-04-15,25.796354
1997-04-16,32.928047
1997-04-17,27.8422
1997-04-18,29.817392
1997-04-19,22.992607
1997-04-20,21.991285
1997-04-21,20.564621
1997-04-22,19.768148
1997-04-23,15.744947
1997-04-24,15.559445
1997-04-25,14.607435
1997-04-26,18.541142
1997-04-27,15.690355
1997-04-28,12.5963955
1997-04-29,23.190857
1997-04-30,23.48451
1997-05-01,25.26517
1997-05-02,26.552147
1997-05-03,39.947662
1997-05-04,36.64681
1997-05-05,31.66198
1997-05-06,26.071442
1997-05-07,26.104454
1997-05-08,22.738089
1997-05-09,24.26228
1997-05-10,21.89678
1997-05-11,19.52343
1997-05-12,18.559427
1997-05-13,18.859854
1997-05-14,21.857403
1997-05-15,19.338787
1997-05-16,16.096292
1997-05-17,17.917229
1997-05-18,15.858582
1997-05-19,17.159576
1997-05-20,17.49011
1997-05-21,20.709455
1997-05-22,17.268293
1997-05-23,18.66271
1997-05-24,16.77732
1997-05-25,50.240574
1997-05-26,88.32554
1997-05-27,98.09986
1997-05-28,54.57188
1997-05-29,31.995893
1997-05-30,30.404345
1997-05-31,24.047361
1997-06-01,20.04475
1997-06-02,18.207401
1997-06-03,16.490067
1997-06-04,16.563816
1997-06-05,14.542775
1997-06-06,12.388173
1997-06-07,12.266017
1997-06-08,12.301657
1997-06-09,11.965522
1997-06-10,14.036103
1997-06-11,11.028938
1997-06-12,10.216718
1997-06-13,14.847397
1997-06-14,17.798655
1997-06-15,11.462603
1997-06-16,9.020586
1997-06-17,10.4409275
1997-06-18,10.138995
1997-06-19,20.12318
1997-06-20,22.0771
1997-06-21,19.905756
1997-06-22,18.514484
1997-06-23,17.12151
1997-06-24,15.588526
1997-06-25,16.286076
1997-06-26,13.875729
1997-06-27,12.579263
1997-06-28,11.558709
1997-06-29,10.7073
1997-06-30,20.475515
1997-07-01,21.870317
1997-07-02,18.324137
1997-07-03,13.436955
1997-07-04,9.752208
1997-07-05,9.516769
1997-07-06,11.374769
1997-07-07,9.28385
1997-07-08,8.12607
1997-07-09,15.192472
1997-07-10,10.347095
1997-07-11,8.894589
1997-07-12,7.837002
1997-07-13,7.5320473
1997-07-14,7.5275626
1997-07-15,7.343291
1997-07-16,7.176475
1997-07-17,7.0362086
1997-07-18,6.8939247
1997-07-19,9.466883
1997-07-20,7.658687
1997-07-21,10.952213
1997-07-22,8.209909
1997-07-23,6.6614323
1997-07-24,6.6078134
1997-07-25,7.162868
1997-07-26,8.311478
1997-07-27,7.534637
1997-07-28,7.7641196
1997-07-29,7.9503226
1997-07-30,7.864339
1997-07-31,8.292388
1997-08-01,13.301698
1997-08-02,14.182872
1997-08-03,9.143292
1997-08-04,7.2089233
1997-08-05,7.6447167
1997-08-06,10.691652
1997-08-07,18.900284
1997-08-08,17.397371
1997-08-09,19.640842
1997-08-10,20.503683
1997-08-11,20.196617
1997-08-12,19.475986
1997-08-13,18.275492
1997-08-14,16.876059
1997-08-15,15.61707
1997-08-16,14.376146
1997-08-17,13.272995
1997-08-18,12.19868
1997-08-19,11.354664
1997-08-20,10.534065
1997-08-21,15.497269
1997-08-22,11.405774
1997-08-23,8.740382
1997-08-24,8.212173
1997-08-25,7.7738447
1997-08-26,7.457204
1997-08-27,7.127506
1997-08-28,12.254774
1997-08-29,8.653058
1997-08-30,6.936486
1997-08-31,6.0979095
1997-09-01,5.800407
1997-09-02,5.6270075
1997-09-03,5.9652205
1997-09-04,9.480103
1997-09-05,6.5806313
1997-09-06,4.846698
1997-09-07,4.7877717
1997-09-08,10.063169
1997-09-09,6.548049
1997-09-10,4.3028316
1997-09-11,4.207785
1997-09-12,4.1810274
1997-09-13,4.294509
1997-09-14,3.9449813
1997-09-15,3.7330468
1997-09-16,5.467481
1997-09-17,8.355935
1997-09-18,5.162467
1997-09-19,3.4792314
1997-09-20,8.4856825
1997-09-21,5.135682
1997-09-22,3.2832544
1997-09-23,4.4845085
1997-09-24,5.8966184
1997-09-25,3.8848808
1997-09-26,3.108981
1997-09-27,4.7032576
1997-09-28,8.901492
1997-09-29,6.226582
1997-09-30,3.4516795
1997-10-01,3.0483007
1997-10-02,3.0676253
1997-10-03,5.5909805
1997-10-04,7.7280693
1997-10-05,4.5002437
1997-10-06,3.130812
1997-10-07,4.2220154
1997-10-08,8.950334
1997-10-09,5.207737
1997-10-10,3.2131531
1997-10-11,3.1801383
1997-10-12,3.146035
1997-10-13,3.1508365
1997-10-14,3.8459902
1997-10-15,3.232371
1997-10-16,2.9537096
1997-10-17,4.029241
1997-10-18,7.4812803
1997-10-19,4.2717657
1997-10-20,2.8599799
1997-10-21,6.116117
1997-10-22,7.9478207
1997-10-23,4.299752
1997-10-24,4.353147
1997-10-25,3.4090245
1997-10-26,4.3574657
1997-10-27,3.2605002
1997-10-28,5.669748
1997-10-29,6.5365357
1997-10-30,4.510395
1997-10-31,5.606506
1997-11-01,4.620103
1997-11-02,4.195744
1997-11-03,6.1685095
1997-11-04,7.303814
1997-11-05,9.31109
1997-11-06,9.145594
1997-11-07,13.707021
1997-11-08,11.203486
1997-11-09,9.327844
1997-11-10,7.225039
1997-11-11,9.854264
1997-11-12,10.560503
1997-11-13,8.091846
1997-11-14,7.5277567
1997-11-15,7.397725
1997-11-16,10.415752
1997-11-17,12.801482
1997-11-18,11.229141
1997-11-19,11.619181
1997-11-20,11.527228
1997-11-21,12.014259
1997-11-22,26.096947
1997-11-23,27.799482
1997-11-24,27.722532
1997-11-25,26.39933
1997-11-26,23.926884
1997-11-27,21.312254
1997-11-28,19.48354
1997-11-29,17.346554
1997-11-30,15.688716
1997-12-01,14.748406
1997-12-02,13.56483
1997-12-03,15.829476
1997-12-04,12.226887
1997-12-05,10.586793
1997-12-06,12.030072
1997-12-07,11.567758
1997-12-08,9.646599
1997-12-09,8.632368
1997-12-10,8.659473
1997-12-11,11.096339
1997-12-12,9.432954
1997-12-13,13.17121
1997-12-14,8.781034
1997-12-15,6.624834
1997-12-16,6.3221927
1997-12-17,6.0395646
1997-12-18,5.7654486
1997-12-19,5.5825963
1997-12-20,5.477742
1997-12-21,5.2483006
1997-12-22,5.4846926
1997-12-23,5.668423
1997-12-24,4.8462906
1997-12-25,7.4707117
1997-12-26,5.6201067
1997-12-27,4.438317
1997-12-28,4.6024137
1997-12-29,4.6917753
1997-12-30,9.110365
1997-12-31,6.389901
1998-01-01,8.224473
1998-01-02,5.2471304
1998-01-03,3.9001858
1998-01-04,4.2375593
1998-01-05,3.8378747
1998-01-06,3.5661976
1998-01-07,3.449323
1998-01-08,3.3726788
1998-01-09,6.671092
1998-01-10,5.4806037
1998-01-11,3.3881598
1998-01-12,4.1594725
1998-01-13,6.3080826
1998-01-14,8.546448
1998-01-15,4.602043
1998-01-16,3.5086544
1998-01-17,3.3599434
1998-01-18,3.9940116
1998-01-19,3.3220143
1998-01-20,3.4969065
1998-01-21,7.089685
1998-01-22,6.1493435
1998-01-23,4.8796964
1998-01-24,20.891647
1998-01-25,10.026064
1998-01-26,8.094044
1998-01-27,5.8957844
1998-01-28,4.4956303
1998-01-29,4.432241
1998-01-30,6.807553
1998-01-31,5.2061057
1998-02-01,4.432973
1998-02-02,6.6499205
1998-02-03,15.755864
1998-02-04,8.055973
1998-02-05,4.071352
1998-02-06,4.04783
1998-02-07,4.0270696
1998-02-08,4.892051
1998-02-09,5.1964264
1998-02-10,8.661501
1998-02-11,6.808257
1998-02-12,12.4159975
1998-02-13,18.265888
1998-02-14,11.572922
1998-02-15,6.771274
1998-02-16,7.5928087
1998-02-17,6.732643
1998-02-18,6.274684
1998-02-19,6.108267
1998-02-20,5.9423757
1998-02-21,5.7508636
1998-02-22,5.542212
1998-02-23,5.423141
1998-02-24,5.4573436
1998-02-25,5.7573123
1998-02-26,12.898864
1998-02-27,14.560292
1998-02-28,9.765366
1998-03-01,5.528546
1998-03-02,4.5583096
1998-03-03,11.490153
1998-03-04,8.992226
1998-03-05,12.188907
1998-03-06,9.554926
1998-03-07,8.529065
1998-03-08,17.314434
1998-03-09,13.930121
1998-03-10,12.691827
1998-03-11,12.951319
1998-03-12,20.675701
1998-03-13,13.509443
1998-03-14,10.367087
1998-03-15,13.820624
1998-03-16,20.030813
1998-03-17,23.44724
1998-03-18,24.495745
1998-03-19,19.848639
1998-03-20,18.267576
1998-03-21,28.8434
1998-03-22,23.558851
1998-03-23,23.844833
1998-03-24,22.465586
1998-03-25,18.2378
1998-03-26,16.705448
1998-03-27,15.422793
1998-03-28,16.506151
1998-03-29,20.632782
1998-03-30,24.021175
1998-03-31,16.548214
1998-04-01,14.41759
1998-04-02,20.012743
1998-04-03,21.540962
1998-04-04,35.578426
1998-04-05,28.87223
1998-04-06,25.693651
1998-04-07,24.638208
1998-04-08,27.228245
1998-04-09,23.62909
1998-04-10,23.041126
1998-04-11,20.251408
1998-04-12,20.699974
1998-04-13,21.661465
1998-04-14,19.305136
1998-04-15,19.913485
1998-04-16,15.788327
1998-04-17,13.795437
1998-04-18,14.641489
1998-04-19,21.479462
1998-04-20,19.837547
1998-04-21,24.543427
1998-04-22,41.94109
1998-04-23,27.346098
1998-04-24,25.054949
1998-04-25,23.92227
1998-04-26,22.980322
1998-04-27,22.626163
1998-04-28,21.191822
1998-04-29,19.495953
1998-04-30,24.241854
1998-05-01,25.815405
1998-05-02,17.203892
1998-05-03,20.696598
1998-05-04,17.435835
1998-05-05,22.981327
1998-05-06,18.337912
1998-05-07,16.371378
1998-05-08,14.362583
1998-05-09,13.958142
1998-05-10,14.517589
1998-05-11,17.365993
1998-05-12,14.424028
1998-05-13,12.638205
1998-05-14,12.705172
1998-05-15,11.59198
1998-05-16,15.804305
1998-05-17,14.353134
1998-05-18,17.646872
1998-05-19,12.536271
1998-05-20,9.788682
1998-05-21,9.491968
1998-05-22,9.163834
1998-05-23,8.840278
1998-05-24,8.502414
1998-05-25,8.174569
1998-05-26,8.197436
1998-05-27,7.7726316
1998-05-28,13.203943
1998-05-29,9.877389
1998-05-30,7.2533383
1998-05-31,7.6567082
1998-06-01,15.164989
1998-06-02,13.241303
1998-06-03,32.3378
1998-06-04,24.261328
1998-06-05,16.448626
1998-06-06,15.857404
1998-06-07,16.938509
1998-06-08,17.433558
1998-06-09,17.471552
1998-06-10,16.557873
1998-06-11,21.793184
1998-06-12,31.714552
1998-06-13,24.167831
1998-06-14,19.487358
1998-06-15,20.333347
1998-06-16,19.268808
1998-06-17,19.643387
1998-06-18,17.309187
1998-06-19,15.6237955
1998-06-20,17.434359
1998-06-21,23.323992
1998-06-22,18.455114
1998-06-23,27.66922
1998-06-24,21.158056
1998-06-25,18.132057
1998-06-26,19.836542
1998-06-27,31.29506
1998-06-28,34.370163
1998-06-29,31.392418
1998-06-30,27.122393
1998-07-01,22.823172
1998-07-02,19.512882
1998-07-03,18.655949
1998-07-04,16.036743
1998-07-05,13.71603
1998-07-06,20.553999
1998-07-07,16.665956
1998-07-08,12.030522
1998-07-09,10.788654
1998-07-10,16.321213
1998-07-11,14.453383
1998-07-12,18.212631
1998-07-13,21.16751
1998-07-14,14.449702
1998-07-15,13.190306
1998-07-16,13.755604
1998-07-17,21.007807
1998-07-18,18.527313
1998-07-19,14.374144
1998-07-20,21.162935
1998-07-21,25.052021
1998-07-22,22.339928
1998-07-23,27.010815
1998-07-24,26.897892
1998-07-25,23.51535
1998-07-26,20.439474
1998-07-27,17.856586
1998-07-28,22.12721
1998-07-29,16.456724
1998-07-30,14.166915
1998-07-31,12.211482
1998-08-01,10.909937
1998-08-02,10.647534
1998-08-03,10.34854
1998-08-04,10.721806
1998-08-05,9.168794
1998-08-06,8.718411
1998-08-07,9.632624
1998-08-08,9.031093
1998-08-09,8.539579
1998-08-10,7.3520904
1998-08-11,6.7964673
1998-08-12,11.705707
1998-08-13,10.697622
1998-08-14,7.114871
1998-08-15,5.92439
1998-08-16,5.9469714
1998-08-17,5.8226323
1998-08-18,5.649571
1998-08-19,5.530716
1998-08-20,5.2151604
1998-08-21,5.052233
1998-08-22,6.697101
1998-08-23,5.781294
1998-08-24,4.8363976
1998-08-25,4.6007996
1998-08-26,4.478535
1998-08-27,5.8482256
1998-08-28,4.917432
1998-08-29,5.4182296
1998-08-30,7.44386
1998-08-31,6.186018
1998-09-01,16.999674
1998-09-02,8.785004
1998-09-03,4.590003
1998-09-04,4.6884694
1998-09-05,9.0692215
1998-09-06,6.5037475
1998-09-07,4.8041735
1998-09-08,4.7569065
1998-09-09,4.702581
1998-09-10,6.5109425
1998-09-11,7.8168483
1998-09-12,5.546513
1998-09-13,4.8118186
1998-09-14,6.805118
1998-09-15,8.355312
1998-09-16,6.179355
1998-09-17,5.2659397
1998-09-18,5.280969
1998-09-19,5.2886925
1998-09-20,5.7758155
1998-09-21,6.612494
1998-09-22,7.5970454
1998-09-23,5.931142
1998-09-24,5.2665763
1998-09-25,8.783489
1998-09-26,6.275657
1998-09-27,4.943646
1998-09-28,4.8093224
1998-09-29,4.7663255
1998-09-30,5.1102467
1998-10-01,18.74895
1998-10-02,9.773913
1998-10-03,6.227572
1998-10-04,4.9784684
1998-10-05,5.796518
1998-10-06,7.724923
1998-10-07,5.4619718
1998-10-08,4.8196325
1998-10-09,9.000617
1998-10-10,13.586468
1998-10-11,15.354054
1998-10-12,9.043996
1998-10-13,6.647878
1998-10-14,6.569333
1998-10-15,6.7752004
1998-10-16,8.907066
1998-10-17,6.9816656
1998-10-18,6.351917
1998-10-19,7.492586
1998-10-20,28.66849
1998-10-21,15.426891
1998-10-22,15.651885
1998-10-23,11.383934
1998-10-24,11.665561
1998-10-25,15.520074
1998-10-26,12.787678
1998-10-27,10.779949
1998-10-28,10.68342
1998-10-29,12.054868
1998-10-30,13.210461
1998-10-31,13.079204
1998-11-01,13.31868
1998-11-02,22.844091
1998-11-03,19.941843
1998-11-04,19.869759
1998-11-05,18.499706
1998-11-06,32.316513
1998-11-07,42.544823
1998-11-08,39.61018
1998-11-09,30.637758
1998-11-10,23.92213
1998-11-11,21.548935
1998-11-12,17.86611
1998-11-13,15.531812
1998-11-14,14.699787
1998-11-15,23.88236
1998-11-16,18.885063
1998-11-17,14.665983
1998-11-18,19.234205
1998-11-19,24.545431
1998-11-20,26.033892
1998-11-21,25.729183
1998-11-22,22.069656
1998-11-23,18.510305
1998-11-24,16.742844
1998-11-25,17.97466
1998-11-26,14.996199
1998-11-27,19.875702
1998-11-28,17.972916
1998-11-29,13.902186
1998-11-30,11.681441
1998-12-01,11.256703
1998-12-02,10.144979
1998-12-03,9.50031
1998-12-04,10.827339
1998-12-05,9.243882
1998-12-06,8.294483
1998-12-07,10.916861
1998-12-08,9.118114
1998-12-09,12.761063
1998-12-10,9.529126
1998-12-11,10.71776
1998-12-12,9.2608
1998-12-13,11.685913
1998-12-14,35.998802
1998-12-15,26.7377
1998-12-16,17.932062
1998-12-17,16.331144
1998-12-18,17.527222
1998-12-19,15.532043
1998-12-20,13.8727045
1998-12-21,12.983645
1998-12-22,12.154308
1998-12-23,12.118984
1998-12-24,13.513571
1998-12-25,14.268827
1998-12-26,10.959789
1998-12-27,9.6240635
1998-12-28,9.311108
1998-12-29,9.066929
1998-12-30,8.650721
1998-12-31,10.536114
1999-01-01,8.508756
1999-01-02,9.360528
1999-01-03,11.68428
1999-01-04,11.940918
1999-01-05,12.430916
1999-01-06,12.849372
1999-01-07,13.003746
1999-01-08,12.537809
1999-01-09,11.927565
1999-01-10,11.271562
1999-01-11,10.611476
1999-01-12,11.100521
1999-01-13,12.12244
1999-01-14,10.107543
1999-01-15,9.568053
1999-01-16,11.413823
1999-01-17,11.932905
1999-01-18,9.301677
1999-01-19,8.655506
1999-01-20,14.17506
1999-01-21,12.945317
1999-01-22,10.006252
1999-01-23,19.050684
1999-01-24,10.990944
1999-01-25,8.39811
1999-01-26,7.8897576
1999-01-27,7.9788365
1999-01-28,15.118935
1999-01-29,14.370292
1999-01-30,19.960646
1999-01-31,16.587234
1999-02-01,16.490469
1999-02-02,12.60799
1999-02-03,14.146697
1999-02-04,17.171343
1999-02-05,15.392345
1999-02-06,17.430492
1999-02-07,15.1610775
1999-02-08,13.989418
1999-02-09,18.88182
1999-02-10,15.370672
1999-02-11,18.37567
1999-02-12,20.343515
1999-02-13,15.820759
1999-02-14,14.477049
1999-02-15,15.775555
1999-02-16,16.495302
1999-02-17,14.990624
1999-02-18,13.548612
1999-02-19,20.689472
1999-02-20,16.058184
1999-02-21,14.809898
1999-02-22,16.086464
1999-02-23,15.822891
1999-02-24,17.145212
1999-02-25,15.665363
1999-02-26,21.555676
1999-02-27,18.157457
1999-02-28,27.587341
1999-03-01,25.719866
1999-03-02,28.146727
1999-03-03,27.614527
1999-03-04,29.739355
1999-03-05,20.873756
1999-03-06,16.479616
1999-03-07,15.925149
1999-03-08,14.479454
1999-03-09,13.144626
1999-03-10,12.079684
1999-03-11,11.116492
1999-03-12,11.131357
1999-03-13,10.102051
1999-03-14,9.818567
1999-03-15,8.876902
1999-03-16,14.640416
1999-03-17,12.034334
1999-03-18,16.212868
1999-03-19,14.322773
1999-03-20,10.527905
1999-03-21,9.097277
1999-03-22,27.961052
1999-03-23,24.951313
1999-03-24,21.020435
1999-03-25,22.062645
1999-03-26,23.492104
1999-03-27,30.269264
1999-03-28,20.929344
1999-03-29,16.467524
1999-03-30,15.674608
1999-03-31,20.073267
1999-04-01,18.011744
1999-04-02,18.017218
1999-04-03,33.04815
1999-04-04,27.302824
1999-04-05,25.291206
1999-04-06,29.908985
1999-04-07,23.716204
1999-04-08,18.524391
1999-04-09,16.91838
1999-04-10,23.134058
1999-04-11,20.91106
1999-04-12,16.672022
1999-04-13,14.507447
1999-04-14,13.734331
1999-04-15,12.938748
1999-04-16,19.439676
1999-04-17,26.275623
1999-04-18,16.363909
1999-04-19,15.626937
1999-04-20,13.584055
1999-04-21,12.464384
1999-04-22,12.395453
1999-04-23,12.436398
1999-04-24,14.905229
1999-04-25,12.398032
1999-04-26,11.312808
1999-04-27,10.757203
1999-04-28,11.117741
1999-04-29,11.66494
1999-04-30,10.159138
1999-05-01,18.51498
1999-05-02,19.627043
1999-05-03,21.557133
1999-05-04,20.41888
1999-05-05,19.466745
1999-05-06,18.873997
1999-05-07,17.393887
1999-05-08,16.043322
1999-05-09,30.193714
1999-05-10,19.504332
1999-05-11,13.664015
1999-05-12,14.699493
1999-05-13,23.352255
1999-05-14,16.497335
1999-05-15,13.258705
1999-05-16,24.419662
1999-05-17,21.332254
1999-05-18,16.65664
1999-05-19,14.859884
1999-05-20,18.44952
1999-05-21,17.794373
1999-05-22,17.168451
1999-05-23,17.992468
1999-05-24,18.027445
1999-05-25,19.405396
1999-05-26,18.39725
1999-05-27,16.329142
1999-05-28,15.48156
1999-05-29,27.227869
1999-05-30,18.644772
1999-05-31,15.100134
1999-06-01,15.952299
1999-06-02,18.522764
1999-06-03,15.076358
1999-06-04,13.648597
1999-06-05,15.801234
1999-06-06,17.23536
1999-06-07,21.841448
1999-06-08,23.78288
1999-06-09,22.43452
1999-06-10,20.009436
1999-06-11,25.207851
1999-06-12,25.320667
1999-06-13,46.85687
1999-06-14,28.91245
1999-06-15,19.027775
1999-06-16,17.035244
1999-06-17,16.437769
1999-06-18,15.818598
1999-06-19,14.837375
1999-06-20,14.340546
1999-06-21,22.118176
1999-06-22,19.003345
1999-06-23,14.5738945
1999-06-24,15.210444
1999-06-25,15.975376
1999-06-26,16.022243
1999-06-27,15.784296
1999-06-28,14.935123
1999-06-29,14.257349
1999-06-30,14.981565
1999-07-01,21.525255
1999-07-02,15.466814
1999-07-03,11.661579
1999-07-04,15.94181
1999-07-05,13.479293
1999-07-06,17.07247
1999-07-07,19.959026
1999-07-08,12.564728
1999-07-09,9.584649
1999-07-10,9.413228
1999-07-11,9.189357
1999-07-12,8.902626
1999-07-13,8.753527
1999-07-14,8.683847
1999-07-15,8.314272
1999-07-16,13.992006
1999-07-17,10.093764
1999-07-18,11.610137
1999-07-19,9.77332
1999-07-20,13.355698
1999-07-21,18.534622
1999-07-22,16.604841
1999-07-23,14.099686
1999-07-24,13.603931
1999-07-25,14.045376
1999-07-26,16.295746
1999-07-27,14.061462
1999-07-28,13.002535
1999-07-29,12.839142
1999-07-30,13.729548
1999-07-31,12.519488
1999-08-01,26.819672
1999-08-02,22.705433
1999-08-03,13.788794
1999-08-04,11.690678
1999-08-05,11.524914
1999-08-06,11.238122
1999-08-07,10.887944
1999-08-08,10.493004
1999-08-09,16.028301
1999-08-10,15.144203
1999-08-11,12.442971
1999-08-12,10.234128
1999-08-13,9.52965
1999-08-14,9.385951
1999-08-15,10.137065
1999-08-16,26.924725
1999-08-17,20.508198
1999-08-18,16.047272
1999-08-19,15.486923
1999-08-20,14.677564
1999-08-21,13.745976
1999-08-22,12.769809
1999-08-23,11.809802
1999-08-24,10.972483
1999-08-25,10.168488
1999-08-26,9.551722
1999-08-27,9.001
1999-08-28,8.37997
1999-08-29,7.787146
1999-08-30,10.408294
1999-08-31,8.266328
1999-09-01,6.6690235
1999-09-02,6.764805
1999-09-03,9.950222
1999-09-04,7.681395
1999-09-05,5.710022
1999-09-06,5.3333035
1999-09-07,5.136598
1999-09-08,6.3231325
1999-09-09,5.30417
1999-09-10,4.745099
1999-09-11,5.3465753
1999-09-12,5.2738743
1999-09-13,6.399871
1999-09-14,4.840801
1999-09-15,4.392283
1999-09-16,4.1506653
1999-09-17,9.887611
1999-09-18,21.570581
1999-09-19,9.608838
1999-09-20,3.999289
1999-09-21,6.6805315
1999-09-22,9.533993
1999-09-23,5.9223475
1999-09-24,4.5437922
1999-09-25,7.037494
1999-09-26,6.387448
1999-09-27,5.821875
1999-09-28,13.524338
1999-09-29,11.454997
1999-09-30,8.386315
1999-10-01,8.714617
1999-10-02,9.356158
1999-10-03,9.12481
1999-10-04,11.191442
1999-10-05,9.888371
1999-10-06,8.717861
1999-10-07,8.605466
1999-10-08,8.201603
1999-10-09,7.955816
1999-10-10,11.117964
1999-10-11,9.027822
1999-10-12,7.482922
1999-10-13,10.806084
1999-10-14,8.308967
1999-10-15,9.12374
1999-10-16,7.5058446
1999-10-17,6.433791
1999-10-18,6.324848
1999-10-19,11.408017
1999-10-20,12.320656
1999-10-21,7.635848
1999-10-22,5.7863317
1999-10-23,8.661652
1999-10-24,7.773066
1999-10-25,5.7076197
1999-10-26,5.521979
1999-10-27,16.571991
1999-10-28,10.298479
1999-10-29,5.64249
1999-10-30,6.0833907
1999-10-31,7.9271736
1999-11-01,11.340615
1999-11-02,7.5107913
1999-11-03,6.0061464
1999-11-04,6.1295733
1999-11-05,8.323219
1999-11-06,9.169745
1999-11-07,7.48015
1999-11-08,6.046011
1999-11-09,6.088615
1999-11-10,5.9680085
1999-11-11,16.58532
1999-11-12,17.487118
1999-11-13,8.980838
1999-11-14,6.1816654
1999-11-15,6.2257853
1999-11-16,6.118131
1999-11-17,5.999084
1999-11-18,6.6648483
1999-11-19,8.212456
1999-11-20,6.635602
1999-11-21,5.634852
1999-11-22,16.99801
1999-11-23,9.834399
1999-11-24,6.3414555
1999-11-25,6.8354
1999-11-26,7.0736885
1999-11-27,7.501495
1999-11-28,12.855285
1999-11-29,8.8626995
1999-11-30,7.2271214
1999-12-01,7.8994617
1999-12-02,7.990334
1999-12-03,8.650057
1999-12-04,10.079829
1999-12-05,11.228772
1999-12-06,9.329808
1999-12-07,8.3414345
1999-12-08,8.645751
1999-12-09,8.671661
1999-12-10,14.932442
1999-12-11,11.553158
1999-12-12,9.559977
1999-12-13,9.669414
1999-12-14,20.870768
1999-12-15,28.28422
1999-12-16,28.014727
1999-12-17,28.317148
1999-12-18,102.22969
1999-12-19,70.8084
1999-12-20,30.237206
1999-12-21,20.889542
1999-12-22,21.224754
1999-12-23,16.68686
1999-12-24,14.90295
1999-12-25,12.830736
1999-12-26,11.334277
1999-12-27,11.477732
1999-12-28,11.837169
1999-12-29,9.797956
1999-12-30,10.374243
1999-12-31,8.955879
2000-01-01,7.9877014
2000-01-02,9.107287
2000-01-03,9.629828
2000-01-04,9.244012
2000-01-05,8.819004
2000-01-06,8.530643
2000-01-07,8.721172
2000-01-08,9.673485
2000-01-09,9.078895
2000-01-10,15.465024
2000-01-11,10.468002
2000-01-12,6.72463
2000-01-13,6.2118454
2000-01-14,5.9752736
2000-01-15,5.761211
2000-01-16,5.546555
2000-01-17,5.3311534
2000-01-18,5.1714506
2000-01-19,5.009524
2000-01-20,4.8418717
2000-01-21,4.880836
2000-01-22,4.6398897
2000-01-23,12.494009
2000-01-24,7.404853
2000-01-25,4.2469354
2000-01-26,4.086899
2000-01-27,3.9610703
2000-01-28,9.87197
2000-01-29,9.817721
2000-01-30,6.4988127
2000-01-31,3.9908597
2000-02-01,4.373085
2000-02-02,6.0675383
2000-02-03,4.3610506
2000-02-04,8.821425
2000-02-05,12.295151
2000-02-06,9.260398
2000-02-07,5.0865555
2000-02-08,4.06674
2000-02-09,4.111629
2000-02-10,4.091678
2000-02-11,4.0117927
2000-02-12,3.9197881
2000-02-13,3.8136203
2000-02-14,3.710037
2000-02-15,3.6037083
2000-02-16,3.5021214
2000-02-17,3.4193537
2000-02-18,3.4160051
2000-02-19,4.8441005
2000-02-20,9.614614
2000-02-21,5.7857423
2000-02-22,3.7023277
2000-02-23,10.647671
2000-02-24,5.9530463
2000-02-25,6.7942386
2000-02-26,11.594875
2000-02-27,13.378986
2000-02-28,6.192971
2000-02-29,12.936249
2000-03-01,21.015024
2000-03-02,18.75758
2000-03-03,13.206015
2000-03-04,14.439222
2000-03-05,16.298094
2000-03-06,18.88529
2000-03-07,18.170895
2000-03-08,17.471355
2000-03-09,19.85949
2000-03-10,19.753366
2000-03-11,16.642805
2000-03-12,15.073084
2000-03-13,15.5212755
2000-03-14,13.903021
2000-03-15,12.617768
2000-03-16,11.790076
2000-03-17,16.039991
2000-03-18,13.981923
2000-03-19,11.7436695
2000-03-20,10.37112
2000-03-21,9.38841
2000-03-22,14.234186
2000-03-23,10.748786
2000-03-24,12.893978
2000-03-25,14.054348
2000-03-26,22.268646
2000-03-27,13.76034
2000-03-28,8.871773
2000-03-29,23.37686
2000-03-30,21.214985
2000-03-31,18.19522
2000-04-01,21.148327
2000-04-02,23.246298
2000-04-03,20.08022
2000-04-04,18.397852
2000-04-05,20.437008
2000-04-06,23.54896
2000-04-07,22.106411
2000-04-08,18.720167
2000-04-09,17.74928
2000-04-10,21.585617
2000-04-11,19.89518
2000-04-12,18.086395
2000-04-13,24.714506
2000-04-14,23.021109
2000-04-15,21.512815
2000-04-16,33.53174
2000-04-17,40.94265
2000-04-18,38.34508
2000-04-19,31.939222
2000-04-20,40.075996
2000-04-21,40.26347
2000-04-22,31.666752
2000-04-23,25.648848
2000-04-24,27.685778
2000-04-25,33.669544
2000-04-26,29.369938
2000-04-27,24.608807
2000-04-28,24.514414
2000-04-29,22.231558
2000-04-30,21.747599
2000-05-01,20.599104
2000-05-02,18.720974
2000-05-03,25.471045
2000-05-04,25.460587
2000-05-05,28.457666
2000-05-06,23.98948
2000-05-07,22.563992
2000-05-08,32.776993
2000-05-09,24.351528
2000-05-10,24.62747
2000-05-11,21.1504
2000-05-12,22.998535
2000-05-13,20.780489
2000-05-14,21.36942
2000-05-15,22.885185
2000-05-16,18.93384
2000-05-17,16.89963
2000-05-18,18.117477
2000-05-19,22.4913
2000-05-20,19.231
2000-05-21,15.363746
2000-05-22,17.99132
2000-05-23,22.585455
2000-05-24,51.792793
2000-05-25,49.782856
2000-05-26,40.449234
2000-05-27,35.475014
2000-05-28,30.835062
2000-05-29,24.953787
2000-05-30,20.512177
2000-05-31,20.280767
2000-06-01,17.371084
2000-06-02,17.627329
2000-06-03,14.726877
2000-06-04,17.22937
2000-06-05,14.458578
2000-06-06,12.886698
2000-06-07,12.412081
2000-06-08,11.556135
2000-06-09,13.829402
2000-06-10,14.219819
2000-06-11,10.881563
2000-06-12,14.231491
2000-06-13,12.093547
2000-06-14,9.692749
2000-06-15,10.029465
2000-06-16,13.302294
2000-06-17,15.951859
2000-06-18,23.271864
2000-06-19,17.124199
2000-06-20,15.108465
2000-06-21,16.025272
2000-06-22,26.60324
2000-06-23,19.570936
2000-06-24,15.444629
2000-06-25,15.046059
2000-06-26,20.766808
2000-06-27,17.606714
2000-06-28,14.776001
2000-06-29,17.894178
2000-06-30,15.742577
2000-07-01,14.08496
2000-07-02,18.581589
2000-07-03,15.701886
2000-07-04,16.64055
2000-07-05,25.613642
2000-07-06,20.56373
2000-07-07,15.852979
2000-07-08,16.553326
2000-07-09,15.816526
2000-07-10,21.067904
2000-07-11,20.632057
2000-07-12,23.559582
2000-07-13,24.191313
2000-07-14,21.591257
2000-07-15,20.566294
2000-07-16,19.613419
2000-07-17,18.341833
2000-07-18,16.811699
2000-07-19,15.286403
2000-07-20,15.998973
2000-07-21,70.56526
2000-07-22,144.52664
2000-07-23,64.64473
2000-07-24,31.18629
2000-07-25,23.958984
2000-07-26,17.687536
2000-07-27,15.596625
2000-07-28,14.278835
2000-07-29,13.057359
2000-07-30,15.6208
2000-07-31,12.65525
2000-08-01,12.506649
2000-08-02,20.117737
2000-08-03,12.920173
2000-08-04,15.672438
2000-08-05,19.976896
2000-08-06,11.80476
2000-08-07,8.228965
2000-08-08,14.894733
2000-08-09,14.111401
2000-08-10,12.371363
2000-08-11,9.589361
2000-08-12,9.967256
2000-08-13,11.868755
2000-08-14,9.507186
2000-08-15,12.22467
2000-08-16,12.952073
2000-08-17,16.732618
2000-08-18,12.120138
2000-08-19,13.137556
2000-08-20,11.958133
2000-08-21,14.135834
2000-08-22,15.14946
2000-08-23,9.67207
2000-08-24,9.097016
2000-08-25,7.758018
2000-08-26,7.76792
2000-08-27,14.376801
2000-08-28,10.161114
2000-08-29,7.0523496
2000-08-30,6.8204517
2000-08-31,6.650968
2000-09-01,7.2406907
2000-09-02,6.6119633
2000-09-03,6.1651025
2000-09-04,6.95164
2000-09-05,6.2460732
2000-09-06,5.9492393
2000-09-07,5.717616
2000-09-08,5.7659893
2000-09-09,5.402352
2000-09-10,5.456388
2000-09-11,5.660029
2000-09-12,5.1302767
2000-09-13,5.2800303
2000-09-14,13.683773
2000-09-15,9.788571
2000-09-16,5.1348305
2000-09-17,7.5597324
2000-09-18,10.35121
2000-09-19,7.5065207
2000-09-20,12.895216
2000-09-21,8.228097
2000-09-22,5.9801946
2000-09-23,6.3988166
2000-09-24,6.0785427
2000-09-25,5.9953237
2000-09-26,13.157281
2000-09-27,13.410243
2000-09-28,8.93568
2000-09-29,7.8946986
2000-09-30,12.331396
2000-10-01,15.565876
2000-10-02,16.365332
2000-10-03,19.65836
2000-10-04,19.433876
2000-10-05,19.067924
2000-10-06,22.390858
2000-10-07,17.634844
2000-10-08,14.671216
2000-10-09,17.207464
2000-10-10,21.112514
2000-10-11,27.605642
2000-10-12,18.294722
2000-10-13,14.334684
2000-10-14,26.741306
2000-10-15,28.831776
2000-10-16,22.413496
2000-10-17,19.168036
2000-10-18,18.584625
2000-10-19,18.132833
2000-10-20,19.343876
2000-10-21,19.637484
2000-10-22,19.115585
2000-10-23,17.097694
2000-10-24,14.07115
2000-10-25,18.514717
2000-10-26,14.037931
2000-10-27,23.271414
2000-10-28,25.65796
2000-10-29,14.390248
2000-10-30,12.169223
2000-10-31,10.876154
2000-11-01,9.70073
2000-11-02,12.468546
2000-11-03,9.981888
2000-11-04,8.801205
2000-11-05,11.879079
2000-11-06,9.284433
2000-11-07,8.963645
2000-11-08,8.128102
2000-11-09,7.7597704
2000-11-10,7.137638
2000-11-11,6.8502436
2000-11-12,6.6261997
2000-11-13,6.3391438
2000-11-14,7.3212695
2000-11-15,7.575877
2000-11-16,6.33463
2000-11-17,10.42918
2000-11-18,19.602114
2000-11-19,16.802782
2000-11-20,18.713053
2000-11-21,20.629772
2000-11-22,18.094236
2000-11-23,17.188845
2000-11-24,16.860506
2000-11-25,17.079945
2000-11-26,17.14695
2000-11-27,14.654237
2000-11-28,13.172397
2000-11-29,19.995731
2000-11-30,14.458899
2000-12-01,14.02363
2000-12-02,12.311049
2000-12-03,10.340432
2000-12-04,9.600642
2000-12-05,9.398248
2000-12-06,10.633144
2000-12-07,15.517169
2000-12-08,18.880503
2000-12-09,19.403
2000-12-10,11.829601
2000-12-11,15.568992
2000-12-12,19.824528
2000-12-13,15.7117405
2000-12-14,13.814569
2000-12-15,13.207778
2000-12-16,12.58118
2000-12-17,11.941931
2000-12-18,11.2621975
2000-12-19,10.590927
2000-12-20,9.9190235
2000-12-21,9.277025
2000-12-22,8.679288
2000-12-23,8.105231
2000-12-24,12.625971
2000-12-25,18.62463
2000-12-26,18.943535
2000-12-27,9.970067
2000-12-28,7.524235
2000-12-29,13.00937
2000-12-30,13.468953
2000-12-31,12.910024
2001-01-01,24.60858
2001-01-02,20.297276
2001-01-03,24.562113
2001-01-04,18.797361
2001-01-05,15.662325
2001-01-06,15.121235
2001-01-07,14.262396
2001-01-08,13.314214
2001-01-09,12.384237
2001-01-10,11.523562
2001-01-11,10.621714
2001-01-12,9.767237
2001-01-13,9.018319
2001-01-14,8.388322
2001-01-15,7.8186407
2001-01-16,7.5761824
2001-01-17,7.279711
2001-01-18,9.199123
2001-01-19,11.666472
2001-01-20,8.498442
2001-01-21,6.353651
2001-01-22,5.6820407
2001-01-23,9.061584
2001-01-24,8.24644
2001-01-25,6.6211224
2001-01-26,5.1301546
2001-01-27,5.5607505
2001-01-28,4.553792
2001-01-29,4.2066665
2001-01-30,4.0442696
2001-01-31,3.8798738
2001-02-01,3.7026172
2001-02-02,3.5313745
2001-02-03,3.3673449
2001-02-04,3.216602
2001-02-05,3.075911
2001-02-06,2.9893637
2001-02-07,6.608075
2001-02-08,4.1735168
2001-02-09,3.5447173
2001-02-10,2.957943
2001-02-11,5.215991
2001-02-12,3.4082286
2001-02-13,2.4701936
2001-02-14,2.4939733
2001-02-15,3.5690203
2001-02-16,2.51515
2001-02-17,2.2451756
2001-02-18,2.2119079
2001-02-19,2.1513321
2001-02-20,2.1921496
2001-02-21,2.588078
2001-02-22,5.322903
2001-02-23,3.8329482
2001-02-24,2.9873714
2001-02-25,2.1120007
2001-02-26,2.8616912
2001-02-27,2.3331215
2001-02-28,8.400193
2001-03-01,4.354808
2001-03-02,4.616659
2001-03-03,4.332483
2001-03-04,9.451517
2001-03-05,9.264493
2001-03-06,4.5047917
2001-03-07,3.3577404
2001-03-08,14.005412
2001-03-09,7.3178673
2001-03-10,5.7648206
2001-03-11,13.165115
2001-03-12,7.290462
2001-03-13,7.8595977
2001-03-14,5.8794475
2001-03-15,4.7169633
2001-03-16,4.947395
2001-03-17,7.006811
2001-03-18,9.97156
2001-03-19,6.656513
2001-03-20,7.0962677
2001-03-21,8.304151
2001-03-22,23.733389
2001-03-23,15.277895
2001-03-24,10.899371
2001-03-25,12.6342325
2001-03-26,12.713805
2001-03-27,11.001947
2001-03-28,15.177883
2001-03-29,11.611523
2001-03-30,17.779213
2001-03-31,17.672606
2001-04-01,13.892792
2001-04-02,13.817908
2001-04-03,15.878937
2001-04-04,20.023438
2001-04-05,14.940462
2001-04-06,12.682382
2001-04-07,14.297428
2001-04-08,25.83784
2001-04-09,20.082903
2001-04-10,17.428598
2001-04-11,17.976154
2001-04-12,22.808178
2001-04-13,18.764908
2001-04-14,23.471724
2001-04-15,17.477953
2001-04-16,14.672092
2001-04-17,18.075598
2001-04-18,17.515408
2001-04-19,13.489911
2001-04-20,11.1333
2001-04-21,11.522654
2001-04-22,25.767979
2001-04-23,14.875378
2001-04-24,8.8129835
2001-04-25,11.2426815
2001-04-26,9.511639
2001-04-27,8.734288
2001-04-28,7.8003473
2001-04-29,7.5021443
2001-04-30,7.7651668
2001-05-01,7.4392533
2001-05-02,7.248198
2001-05-03,7.1211486
2001-05-04,18.918447
2001-05-05,12.453768
2001-05-06,7.4012227
2001-05-07,11.306161
2001-05-08,9.542064
2001-05-09,16.430296
2001-05-10,14.441948
2001-05-11,25.847036
2001-05-12,29.102654
2001-05-13,27.377625
2001-05-14,25.286917
2001-05-15,23.845543
2001-05-16,20.61847
2001-05-17,18.632984
2001-05-18,17.296041
2001-05-19,27.66293
2001-05-20,19.466322
2001-05-21,14.75216
2001-05-22,18.397402
2001-05-23,14.776133
2001-05-24,12.817556
2001-05-25,12.739066
2001-05-26,12.257097
2001-05-27,11.47752
2001-05-28,13.224866
2001-05-29,12.7717285
2001-05-30,12.323822
2001-05-31,14.745182
2001-06-01,16.338806
2001-06-02,11.403227
2001-06-03,9.0737505
2001-06-04,11.472725
2001-06-05,10.45643
2001-06-06,9.177063
2001-06-07,8.354621
2001-06-08,18.55087
2001-06-09,12.27095
2001-06-10,18.156015
2001-06-11,20.50448
2001-06-12,18.01933
2001-06-13,16.544395
2001-06-14,15.828231
2001-06-15,15.1436405
2001-06-16,14.358754
2001-06-17,15.566707
2001-06-18,18.774693
2001-06-19,18.171932
2001-06-20,16.129335
2001-06-21,13.036966
2001-06-22,12.240914
2001-06-23,11.98899
2001-06-24,11.624642
2001-06-25,11.229494
2001-06-26,10.76338
2001-06-27,11.281456
2001-06-28,10.760582
2001-06-29,16.880749
2001-06-30,13.993972
2001-07-01,10.502295
2001-07-02,9.777395
2001-07-03,12.733526
2001-07-04,15.062641
2001-07-05,12.221209
2001-07-06,20.621962
2001-07-07,24.317102
2001-07-08,23.330599
2001-07-09,24.532038
2001-07-10,22.606747
2001-07-11,20.493408
2001-07-12,20.554964
2001-07-13,23.388845
2001-07-14,18.792336
2001-07-15,15.207837
2001-07-16,15.850751
2001-07-17,14.094027
2001-07-18,14.407592
2001-07-19,23.016058
2001-07-20,17.034012
2001-07-21,13.097412
2001-07-22,14.003615
2001-07-23,12.284664
2001-07-24,11.333889
2001-07-25,12.812102
2001-07-26,11.497844
2001-07-27,10.753584
2001-07-28,10.644813
2001-07-29,17.669533
2001-07-30,12.613926
2001-07-31,10.251008
2001-08-01,10.051655
2001-08-02,9.796239
2001-08-03,9.537583
2001-08-04,9.291367
2001-08-05,8.998233
2001-08-06,8.686238
2001-08-07,8.426167
2001-08-08,8.513456
2001-08-09,8.026404
2001-08-10,7.5775256
2001-08-11,7.206181
2001-08-12,6.922262
2001-08-13,6.662004
2001-08-14,6.37696
2001-08-15,6.1226053
2001-08-16,9.1039
2001-08-17,7.0715957
2001-08-18,5.5533614
2001-08-19,5.2935634
2001-08-20,6.3617883
2001-08-21,11.069722
2001-08-22,16.738
2001-08-23,8.332255
2001-08-24,4.631512
2001-08-25,4.4865117
2001-08-26,8.952595
2001-08-27,5.961587
2001-08-28,8.363939
2001-08-29,8.760164
2001-08-30,5.687174
2001-08-31,6.6384134
2001-09-01,10.256184
2001-09-02,12.847054
2001-09-03,13.078889
2001-09-04,7.5807643
2001-09-05,13.308023
2001-09-06,14.428494
2001-09-07,9.848366
2001-09-08,8.517242
2001-09-09,8.656614
2001-09-10,8.60376
2001-09-11,9.668776
2001-09-12,10.935704
2001-09-13,9.247283
2001-09-14,9.123402
2001-09-15,10.351223
2001-09-16,11.328994
2001-09-17,11.158431
2001-09-18,12.634227
2001-09-19,11.848354
2001-09-20,12.746538
2001-09-21,11.3984585
2001-09-22,11.457491
2001-09-23,12.505301
2001-09-24,21.095608
2001-09-25,13.426621
2001-09-26,9.355122
2001-09-27,11.553642
2001-09-28,9.855227
2001-09-29,13.562632
2001-09-30,10.770117
2001-10-01,8.388876
2001-10-02,8.812859
2001-10-03,9.108569
2001-10-04,8.805118
2001-10-05,11.600109
2001-10-06,9.343953
2001-10-07,15.1206455
2001-10-08,15.616687
2001-10-09,9.413937
2001-10-10,9.8644905
2001-10-11,7.9871683
2001-10-12,6.740058
2001-10-13,10.900477
2001-10-14,7.965111
2001-10-15,6.0935483
2001-10-16,10.247831
2001-10-17,7.772031
2001-10-18,9.767909
2001-10-19,9.867408
2001-10-20,6.205429
2001-10-21,5.203231
2001-10-22,5.026615
2001-10-23,11.860965
2001-10-24,7.4053097
2001-10-25,4.9843197
2001-10-26,10.986711
2001-10-27,9.366229
2001-10-28,5.923296
2001-10-29,5.3131576
2001-10-30,7.0334315
2001-10-31,17.974026
2001-11-01,11.295881
2001-11-02,6.208623
2001-11-03,7.6695695
2001-11-04,5.811139
2001-11-05,5.3875685
2001-11-06,5.4524617
2001-11-07,9.931975
2001-11-08,7.389782
2001-11-09,6.1747575
2001-11-10,6.5629973
2001-11-11,7.219835
2001-11-12,6.886022
2001-11-13,8.636014
2001-11-14,12.636738
2001-11-15,17.741112
2001-11-16,11.992953
2001-11-17,14.177461
2001-11-18,11.868127
2001-11-19,12.514876
2001-11-20,11.416632
2001-11-21,8.955408
2001-11-22,9.513742
2001-11-23,9.846617
2001-11-24,12.74942
2001-11-25,10.012502
2001-11-26,8.506965
2001-11-27,8.677483
2001-11-28,8.981442
2001-11-29,11.745945
2001-11-30,9.163231
2001-12-01,7.6802444
2001-12-02,10.53308
2001-12-03,8.126065
2001-12-04,7.136864
2001-12-05,8.374381
2001-12-06,7.082879
2001-12-07,48.303818
2001-12-08,22.35463
2001-12-09,7.588635
2001-12-10,8.686112
2001-12-11,20.584522
2001-12-12,26.975513
2001-12-13,27.275026
2001-12-14,22.116121
2001-12-15,24.498579
2001-12-16,22.251251
2001-12-17,19.998583
2001-12-18,14.481353
2001-12-19,14.880652
2001-12-20,16.258337
2001-12-21,16.217756
2001-12-22,12.3007
2001-12-23,11.249769
2001-12-24,10.827297
2001-12-25,19.222673
2001-12-26,18.981249
2001-12-27,13.1037855
2001-12-28,11.633882
2001-12-29,15.2821455
2001-12-30,25.846188
2001-12-31,26.235561
2002-01-01,21.310421
2002-01-02,18.727774
2002-01-03,17.124067
2002-01-04,15.5009365
2002-01-05,13.987276
2002-01-06,12.633626
2002-01-07,11.432712
2002-01-08,10.462777
2002-01-09,9.604236
2002-01-10,8.821059
2002-01-11,8.149601
2002-01-12,7.562012
2002-01-13,7.046377
2002-01-14,6.5648317
2002-01-15,6.1134834
2002-01-16,5.7108717
2002-01-17,5.6133885
2002-01-18,7.8555465
2002-01-19,5.456562
2002-01-20,4.581587
2002-01-21,4.335103
2002-01-22,4.391937
2002-01-23,4.5926323
2002-01-24,4.0342345
2002-01-25,3.7486196
2002-01-26,4.038975
2002-01-27,4.1240373
2002-01-28,3.3654768
2002-01-29,3.125214
2002-01-30,3.042279
2002-01-31,3.607274
2002-02-01,3.2680984
2002-02-02,3.951636
2002-02-03,8.507641
2002-02-04,4.5304794
2002-02-05,2.6482766
2002-02-06,3.03645
2002-02-07,24.312246
2002-02-08,16.856047
2002-02-09,4.657961
2002-02-10,2.8817322
2002-02-11,5.5764513
2002-02-12,4.2304435
2002-02-13,2.8531203
2002-02-14,2.7077286
2002-02-15,2.7102652
2002-02-16,3.0485659
2002-02-17,8.072688
2002-02-18,4.7258496
2002-02-19,2.7226331
2002-02-20,5.899319
2002-02-21,8.238785
2002-02-22,5.8184853
2002-02-23,5.89129
2002-02-24,4.8966107
2002-02-25,10.318754
2002-02-26,13.166998
2002-02-27,6.6540074
2002-02-28,6.0675364
2002-03-01,5.1476054
2002-03-02,5.985428
2002-03-03,6.7668
2002-03-04,6.1133704
2002-03-05,5.413588
2002-03-06,9.204933
2002-03-07,6.6747828
2002-03-08,5.82757
2002-03-09,6.115038
2002-03-10,6.3054547
2002-03-11,6.4374223
2002-03-12,9.47369
2002-03-13,7.114535
2002-03-14,14.800211
2002-03-15,9.753272
2002-03-16,7.0308237
2002-03-17,7.1841464
2002-03-18,7.255819
2002-03-19,15.353684
2002-03-20,15.839656
2002-03-21,14.966369
2002-03-22,13.455236
2002-03-23,11.944602
2002-03-24,18.740232
2002-03-25,16.3018
2002-03-26,15.225664
2002-03-27,16.304335
2002-03-28,19.970919
2002-03-29,20.031761
2002-03-30,14.482552
2002-03-31,14.296275
2002-04-01,15.122594
2002-04-02,15.273216
2002-04-03,12.820348
2002-04-04,11.605986
2002-04-05,11.528583
2002-04-06,11.236831
2002-04-07,10.939723
2002-04-08,13.55847
2002-04-09,13.607492
2002-04-10,11.026846
2002-04-11,10.642176
2002-04-12,9.818425
2002-04-13,11.910996
2002-04-14,10.262983
2002-04-15,14.51708
2002-04-16,22.045172
2002-04-17,15.059178
2002-04-18,9.545842
2002-04-19,9.1494055
2002-04-20,9.002766
2002-04-21,9.065829
2002-04-22,8.409613
2002-04-23,9.4773655
2002-04-24,8.457169
2002-04-25,10.464155
2002-04-26,10.001994
2002-04-27,9.7939005
2002-04-28,17.64349
2002-04-29,19.531729
2002-04-30,17.598839
2002-05-01,19.12994
2002-05-02,24.134413
2002-05-03,24.179134
2002-05-04,18.696884
2002-05-05,24.127872
2002-05-06,18.524654
2002-05-07,19.30425
2002-05-08,16.509157
2002-05-09,15.151172
2002-05-10,15.105675
2002-05-11,17.725838
2002-05-12,18.307867
2002-05-13,23.768187
2002-05-14,25.12768
2002-05-15,25.898087
2002-05-16,25.046595
2002-05-17,21.532377
2002-05-18,18.649687
2002-05-19,16.38813
2002-05-20,15.998692
2002-05-21,13.942474
2002-05-22,13.536389
2002-05-23,12.722207
2002-05-24,10.571769
2002-05-25,11.878525
2002-05-26,10.041007
2002-05-27,8.429728
2002-05-28,7.953839
2002-05-29,8.870565
2002-05-30,7.624939
2002-05-31,8.080355
2002-06-01,11.579503
2002-06-02,8.448003
2002-06-03,6.6430864
2002-06-04,11.7153
2002-06-05,12.162695
2002-06-06,7.642767
2002-06-07,6.226495
2002-06-08,6.1884727
2002-06-09,6.012226
2002-06-10,6.400282
2002-06-11,12.190123
2002-06-12,14.090588
2002-06-13,7.8173
2002-06-14,5.4651313
2002-06-15,5.7606316
2002-06-16,8.939602
2002-06-17,13.287359
2002-06-18,7.5331993
2002-06-19,5.1724033
2002-06-20,10.653872
2002-06-21,39.72834
2002-06-22,22.332731
2002-06-23,15.282351
2002-06-24,15.284371
2002-06-25,15.19222
2002-06-26,15.410506
2002-06-27,14.948484
2002-06-28,14.444204
2002-06-29,13.904333
2002-06-30,13.336235
2002-07-01,16.798325
2002-07-02,23.61232
2002-07-03,15.41401
2002-07-04,11.508792
2002-07-05,11.076552
2002-07-06,10.912614
2002-07-07,13.251121
2002-07-08,15.748491
2002-07-09,11.571131
2002-07-10,12.450817
2002-07-11,14.328339
2002-07-12,13.485961
2002-07-13,10.986813
2002-07-14,10.628713
2002-07-15,10.543137
2002-07-16,10.357925
2002-07-17,10.088226
2002-07-18,15.121612
2002-07-19,12.928748
2002-07-20,9.92085
2002-07-21,9.245252
2002-07-22,8.927204
2002-07-23,8.617333
2002-07-24,14.336833
2002-07-25,18.796898
2002-07-26,13.737398
2002-07-27,9.007215
2002-07-28,7.805616
2002-07-29,10.001107
2002-07-30,14.847321
2002-07-31,10.046176
2002-08-01,7.8640895
2002-08-02,7.898022
2002-08-03,7.8572917
2002-08-04,7.65602
2002-08-05,7.5670195
2002-08-06,7.3663883
2002-08-07,7.1720214
2002-08-08,10.3152895
2002-08-09,8.08509
2002-08-10,6.6963153
2002-08-11,6.54608
2002-08-12,6.3497195
2002-08-13,6.2480006
2002-08-14,5.991003
2002-08-15,5.798814
2002-08-16,5.7039533
2002-08-17,5.843223
2002-08-18,5.469805
2002-08-19,11.566394
2002-08-20,7.5044823
2002-08-21,10.457812
2002-08-22,7.8442764
2002-08-23,16.317198
2002-08-24,9.85058
2002-08-25,5.9968634
2002-08-26,6.970089
2002-08-27,8.058805
2002-08-28,7.4520698
2002-08-29,7.0332837
2002-08-30,6.904953
2002-08-31,6.739665
2002-09-01,6.6290503
2002-09-02,6.7954288
2002-09-03,6.971821
2002-09-04,8.993397
2002-09-05,6.8423867
2002-09-06,5.824001
2002-09-07,5.667964
2002-09-08,5.5684786
2002-09-09,5.4170156
2002-09-10,15.033698
2002-09-11,8.873213
2002-09-12,5.0340624
2002-09-13,4.860422
2002-09-14,4.726711
2002-09-15,4.7182555
2002-09-16,5.240635
2002-09-17,4.6693196
2002-09-18,7.8800964
2002-09-19,6.3614197
2002-09-20,5.450992
2002-09-21,4.414903
2002-09-22,11.346887
2002-09-23,6.513997
2002-09-24,3.778649
2002-09-25,3.7104158
2002-09-26,6.061718
2002-09-27,7.337367
2002-09-28,8.832262
2002-09-29,5.4704823
2002-09-30,3.694096
2002-10-01,3.5294023
2002-10-02,4.420734
2002-10-03,7.631885
2002-10-04,5.4869866
2002-10-05,11.625492
2002-10-06,15.144448
2002-10-07,7.1985006
2002-10-08,4.1991086
2002-10-09,4.6625867
2002-10-10,20.144783
2002-10-11,11.440967
2002-10-12,5.536826
2002-10-13,6.4137373
2002-10-14,6.448401
2002-10-15,6.6724334
2002-10-16,7.11626
2002-10-17,8.787114
2002-10-18,7.4813724
2002-10-19,13.99451
2002-10-20,11.273441
2002-10-21,10.00129
2002-10-22,14.198401
2002-10-23,19.927483
2002-10-24,17.740631
2002-10-25,14.558947
2002-10-26,14.46591
2002-10-27,17.376442
2002-10-28,16.985096
2002-10-29,13.844721
2002-10-30,15.482526
2002-10-31,13.145995
2002-11-01,16.300358
2002-11-02,13.083156
2002-11-03,11.062388
2002-11-04,10.564903
2002-11-05,15.234867
2002-11-06,19.16836
2002-11-07,16.045382
2002-11-08,19.676264
2002-11-09,12.567286
2002-11-10,9.593388
2002-11-11,9.614865
2002-11-12,12.167767
2002-11-13,14.323867
2002-11-14,15.513249
2002-11-15,11.988692
2002-11-16,14.621753
2002-11-17,12.829288
2002-11-18,11.757392
2002-11-19,11.459071
2002-11-20,11.738084
2002-11-21,11.941969
2002-11-22,15.564318
2002-11-23,16.24265
2002-11-24,12.007387
2002-11-25,14.850031
2002-11-26,11.613934
2002-11-27,17.483046
2002-11-28,19.543762
2002-11-29,12.937046
2002-11-30,12.966217
2002-12-01,19.719862
2002-12-02,18.34483
2002-12-03,26.327715
2002-12-04,23.524015
2002-12-05,19.775528
2002-12-06,17.31914
2002-12-07,18.449026
2002-12-08,16.06745
2002-12-09,14.492216
2002-12-10,16.673206
2002-12-11,13.866924
2002-12-12,11.992881
2002-12-13,11.180674
2002-12-14,10.3989315
2002-12-15,9.837902
2002-12-16,9.462024
2002-12-17,9.391231
2002-12-18,8.967801
2002-12-19,8.464568
2002-12-20,7.7521834
2002-12-21,8.075159
2002-12-22,13.933462
2002-12-23,9.3155155
2002-12-24,6.9303975
2002-12-25,7.3746376
2002-12-26,11.183304
2002-12-27,8.101906
2002-12-28,11.779977
2002-12-29,8.445854
2002-12-30,6.9008217
2002-12-31,6.8759384
2003-01-01,6.732156
2003-01-02,6.5756855
2003-01-03,6.4409204
2003-01-04,6.257674
2003-01-05,6.0785174
2003-01-06,5.993175
2003-01-07,8.00473
2003-01-08,6.4724803
2003-01-09,5.543303
2003-01-10,5.4961834
2003-01-11,11.074183
2003-01-12,7.2714467
2003-01-13,5.0587835
2003-01-14,4.928389
2003-01-15,5.622169
2003-01-16,4.829742
2003-01-17,4.5714235
2003-01-18,4.602905
2003-01-19,4.5609837
2003-01-20,7.041049
2003-01-21,4.840308
2003-01-22,3.9866729
2003-01-23,3.8244455
2003-01-24,3.6880047
2003-01-25,3.567282
2003-01-26,3.4493103
2003-01-27,3.475757
2003-01-28,3.2885737
2003-01-29,7.365735
2003-01-30,6.78154
2003-01-31,7.5652466
2003-02-01,4.427315
2003-02-02,11.176985
2003-02-03,6.978856
2003-02-04,4.2717643
2003-02-05,2.9933777
2003-02-06,2.7408793
2003-02-07,2.9094346
2003-02-08,9.237781
2003-02-09,5.6851463
2003-02-10,3.3034065
2003-02-11,3.0344298
2003-02-12,8.674434
2003-02-13,7.0067434
2003-02-14,3.8572648
2003-02-15,3.0303645
2003-02-16,4.154282
2003-02-17,3.522062
2003-02-18,3.0495713
2003-02-19,2.9750147
2003-02-20,2.918072
2003-02-21,3.1035073
2003-02-22,3.8519967
2003-02-23,3.1978538
2003-02-24,2.8415
2003-02-25,4.802209
2003-02-26,3.160011
2003-02-27,3.0754662
2003-02-28,3.185394
2003-03-01,22.058573
2003-03-02,12.949147
2003-03-03,4.6356564
2003-03-04,10.126683
2003-03-05,6.3379216
2003-03-06,4.560902
2003-03-07,4.957131
2003-03-08,7.9676948
2003-03-09,6.9953575
2003-03-10,5.8716607
2003-03-11,5.7965765
2003-03-12,5.878457
2003-03-13,12.112786
2003-03-14,7.7934427
2003-03-15,6.998662
2003-03-16,5.8637056
2003-03-17,9.085557
2003-03-18,7.32842
2003-03-19,5.5657916
2003-03-20,8.866324
2003-03-21,9.726544
2003-03-22,7.078311
2003-03-23,9.39998
2003-03-24,10.969538
2003-03-25,7.367931
2003-03-26,13.568139
2003-03-27,19.267855
2003-03-28,9.9444685
2003-03-29,10.569337
2003-03-30,10.553526
2003-03-31,9.029051
2003-04-01,7.8882995
2003-04-02,20.034359
2003-04-03,21.616852
2003-04-04,11.789986
2003-04-05,12.017255
2003-04-06,12.371299
2003-04-07,19.01286
2003-04-08,30.233358
2003-04-09,25.96834
2003-04-10,19.135103
2003-04-11,25.407124
2003-04-12,108.749664
2003-04-13,69.89398
2003-04-14,32.87292
2003-04-15,24.269468
2003-04-16,20.061739
2003-04-17,17.194082
2003-04-18,15.146448
2003-04-19,13.430474
2003-04-20,16.329107
2003-04-21,14.929013
2003-04-22,12.992219
2003-04-23,13.376858
2003-04-24,11.194187
2003-04-25,9.223661
2003-04-26,8.688045
2003-04-27,17.478857
2003-04-28,13.147766
2003-04-29,13.283823
2003-04-30,10.110519
2003-05-01,12.411075
2003-05-02,16.194124
2003-05-03,9.933615
2003-05-04,6.8604064
2003-05-05,6.6852202
2003-05-06,8.991872
2003-05-07,20.574911
2003-05-08,12.910791
2003-05-09,11.018993
2003-05-10,11.970239
2003-05-11,12.809183
2003-05-12,30.648066
2003-05-13,22.723167
2003-05-14,21.602554
2003-05-15,22.719646
2003-05-16,21.454329
2003-05-17,20.133379
2003-05-18,19.224463
2003-05-19,19.418919
2003-05-20,19.244417
2003-05-21,16.014896
2003-05-22,14.052716
2003-05-23,14.21188
2003-05-24,13.263602
2003-05-25,21.319016
2003-05-26,15.545792
2003-05-27,11.037001
2003-05-28,21.79375
2003-05-29,19.890188
2003-05-30,12.668751
2003-05-31,18.0272
2003-06-01,14.388336
2003-06-02,13.176721
2003-06-03,14.707432
2003-06-04,12.655409
2003-06-05,11.470302
2003-06-06,17.755478
2003-06-07,17.411879
2003-06-08,16.895443
2003-06-09,18.888897
2003-06-10,15.944339
2003-06-11,13.104771
2003-06-12,12.684113
2003-06-13,22.267563
2003-06-14,16.786783
2003-06-15,15.297825
2003-06-16,15.18952
2003-06-17,17.221746
2003-06-18,17.027817
2003-06-19,14.009536
2003-06-20,17.052145
2003-06-21,18.375685
2003-06-22,14.64345
2003-06-23,13.590262
2003-06-24,13.312936
2003-06-25,14.499351
2003-06-26,13.455879
2003-06-27,12.427555
2003-06-28,11.870061
2003-06-29,15.5624485
2003-06-30,18.658188
2003-07-01,17.187883
2003-07-02,13.820236
2003-07-03,14.15626
2003-07-04,19.931608
2003-07-05,15.0056
2003-07-06,12.395533
2003-07-07,12.044646
2003-07-08,12.683091
2003-07-09,12.531017
2003-07-10,11.3942585
2003-07-11,14.491215
2003-07-12,14.760976
2003-07-13,14.423999
2003-07-14,11.527414
2003-07-15,10.40259
2003-07-16,10.207914
2003-07-17,9.961281
2003-07-18,11.264754
2003-07-19,10.509813
2003-07-20,10.058611
2003-07-21,9.390356
2003-07-22,9.001464
2003-07-23,9.162231
2003-07-24,8.770415
2003-07-25,9.96791
2003-07-26,9.195242
2003-07-27,8.19493
2003-07-28,8.038358
2003-07-29,7.7343035
2003-07-30,7.607074
2003-07-31,14.311745
2003-08-01,10.123815
2003-08-02,7.2935343
2003-08-03,7.024236
2003-08-04,7.135461
2003-08-05,6.882228
2003-08-06,6.625297
2003-08-07,6.7074275
2003-08-08,9.269985
2003-08-09,7.2678866
2003-08-10,10.179047
2003-08-11,10.3757715
2003-08-12,6.8862987
2003-08-13,5.7494907
2003-08-14,5.656186
2003-08-15,5.550972
2003-08-16,5.474301
2003-08-17,5.510314
2003-08-18,5.303759
2003-08-19,5.139892
2003-08-20,5.0346584
2003-08-21,9.686188
2003-08-22,6.58379
2003-08-23,4.682031
2003-08-24,8.13034
2003-08-25,5.796972
2003-08-26,7.1542788
2003-08-27,6.2493587
2003-08-28,13.98341
2003-08-29,8.074548
2003-08-30,8.355173
2003-08-31,6.430993
2003-09-01,5.401288
2003-09-02,5.697006
2003-09-03,7.9735713
2003-09-04,6.595148
2003-09-05,5.813243
2003-09-06,5.8628364
2003-09-07,5.964775
2003-09-08,8.142514
2003-09-09,6.6281595
2003-09-10,12.812598
2003-09-11,17.268818
2003-09-12,22.20096
2003-09-13,14.67246
2003-09-14,12.983009
2003-09-15,12.956116
2003-09-16,12.421637
2003-09-17,12.117704
2003-09-18,11.538331
2003-09-19,11.546239
2003-09-20,10.348882
2003-09-21,9.7401
2003-09-22,9.22776
2003-09-23,11.0608225
2003-09-24,10.383828
2003-09-25,8.325925
2003-09-26,7.4709
2003-09-27,8.435663
2003-09-28,8.696313
2003-09-29,9.736738
2003-09-30,10.963379
2003-10-01,13.09455
2003-10-02,9.2417755
2003-10-03,5.7498693
2003-10-04,5.4670663
2003-10-05,5.5957727
2003-10-06,5.5083256
2003-10-07,5.6541667
2003-10-08,5.4228086
2003-10-09,11.8887005
2003-10-10,7.400886
2003-10-11,6.5984087
2003-10-12,5.2591743
2003-10-13,7.9030485
2003-10-14,9.057214
2003-10-15,9.218327
2003-10-16,6.2593613
2003-10-17,4.631217
2003-10-18,4.4432583
2003-10-19,4.370893
2003-10-20,10.349366
2003-10-21,6.5733404
2003-10-22,4.188821
2003-10-23,4.0626
2003-10-24,4.1062474
2003-10-25,4.243786
2003-10-26,3.95025
2003-10-27,4.035425
2003-10-28,4.7499743
2003-10-29,10.57366
2003-10-30,9.620477
2003-10-31,5.5307236
2003-11-01,4.4930735
2003-11-02,5.8386226
2003-11-03,11.758414
2003-11-04,9.423991
2003-11-05,6.734745
2003-11-06,6.657307
2003-11-07,7.5505996
2003-11-08,7.946941
2003-11-09,8.605326
2003-11-10,7.8974886
2003-11-11,8.463532
2003-11-12,9.351183
2003-11-13,9.0037565
2003-11-14,9.040176
2003-11-15,11.257147
2003-11-16,19.391777
2003-11-17,20.966728
2003-11-18,15.253597
2003-11-19,12.819255
2003-11-20,14.061963
2003-11-21,13.938862
2003-11-22,24.741947
2003-11-23,18.849716
2003-11-24,14.089608
2003-11-25,13.287335
2003-11-26,13.194216
2003-11-27,16.025885
2003-11-28,17.387583
2003-11-29,17.350447
2003-11-30,12.991043
2003-12-01,11.529162
2003-12-02,13.299681
2003-12-03,15.308099
2003-12-04,11.913931
2003-12-05,19.744606
2003-12-06,13.618229
2003-12-07,10.326109
2003-12-08,19.7061
2003-12-09,13.0187435
2003-12-10,12.3836975
2003-12-11,13.134103
2003-12-12,9.862591
2003-12-13,12.147637
2003-12-14,13.115054
2003-12-15,17.555998
2003-12-16,14.226084
2003-12-17,12.4213085
2003-12-18,12.411034
2003-12-19,15.167436
2003-12-20,13.231169
2003-12-21,11.796025
2003-12-22,14.6128645
2003-12-23,14.566254
2003-12-24,12.969333
2003-12-25,16.649408
2003-12-26,12.620416
2003-12-27,12.64989
2003-12-28,10.394718
2003-12-29,8.927202
2003-12-30,10.354547
2003-12-31,8.776356
2004-01-01,7.9334307
2004-01-02,7.6122093
2004-01-03,7.4541173
2004-01-04,7.34825
2004-01-05,6.9746947
2004-01-06,6.802398
2004-01-07,6.4088516
2004-01-08,15.928544
2004-01-09,9.214767
2004-01-10,15.738736
2004-01-11,9.327058
2004-01-12,5.4167643
2004-01-13,5.540648
2004-01-14,5.2362437
2004-01-15,4.9372644
2004-01-16,4.7643585
2004-01-17,4.6492114
2004-01-18,4.619325
2004-01-19,4.5653377
2004-01-20,4.336784
2004-01-21,4.179102
2004-01-22,4.0833325
2004-01-23,4.1682105
2004-01-24,3.9256139
2004-01-25,3.7345762
2004-01-26,3.6117203
2004-01-27,3.4863594
2004-01-28,3.362241
2004-01-29,3.238977
2004-01-30,3.1159532
2004-01-31,2.9975457
2004-02-01,2.8863144
2004-02-02,2.7836976
2004-02-03,2.6866832
2004-02-04,2.5965452
2004-02-05,2.6113136
2004-02-06,2.4803984
2004-02-07,2.4009402
2004-02-08,2.342001
2004-02-09,2.462062
2004-02-10,2.3135006
2004-02-11,2.1777885
2004-02-12,2.114219
2004-02-13,2.0685763
2004-02-14,2.3748603
2004-02-15,4.7504325
2004-02-16,5.0190287
2004-02-17,4.8012695
2004-02-18,2.489875
2004-02-19,1.7806228
2004-02-20,1.8364055
2004-02-21,3.0892293
2004-02-22,3.4346979
2004-02-23,4.932431
2004-02-24,5.549225
2004-02-25,2.567138
2004-02-26,1.8005732
2004-02-27,3.2098014
2004-02-28,2.2939308
2004-02-29,1.6672481
2004-03-01,1.6759645
2004-03-02,27.875525
2004-03-03,16.641945
2004-03-04,4.1142726
2004-03-05,3.7733545
2004-03-06,4.8474426
2004-03-07,4.789028
2004-03-08,3.8109055
2004-03-09,3.5783727
2004-03-10,10.974743
2004-03-11,6.5448766
2004-03-12,14.453164
2004-03-13,8.923174
2004-03-14,6.011267
2004-03-15,11.5379505
2004-03-16,11.075106
2004-03-17,14.955892
2004-03-18,10.405899
2004-03-19,11.043846
2004-03-20,12.846537
2004-03-21,7.9118505
2004-03-22,13.806067
2004-03-23,8.341136
2004-03-24,82.368004
2004-03-25,52.90508
2004-03-26,28.935007
2004-03-27,24.645603
2004-03-28,25.426908
2004-03-29,26.68039
2004-03-30,22.424053
2004-03-31,18.71525
2004-04-01,19.21495
2004-04-02,16.39175
2004-04-03,14.416747
2004-04-04,13.680341
2004-04-05,12.710652
2004-04-06,12.600709
2004-04-07,11.585156
2004-04-08,10.302467
2004-04-09,13.658545
2004-04-10,11.344974
2004-04-11,8.8283615
2004-04-12,8.39968
2004-04-13,8.106326
2004-04-14,7.971937
2004-04-15,7.1022253
2004-04-16,6.9420185
2004-04-17,10.873203
2004-04-18,11.407813
2004-04-19,7.636195
2004-04-20,6.083631
2004-04-21,6.496498
2004-04-22,9.569505
2004-04-23,6.8284535
2004-04-24,6.0087495
2004-04-25,5.5534196
2004-04-26,14.273748
2004-04-27,8.891961
2004-04-28,6.357663
2004-04-29,10.203319
2004-04-30,8.261405
2004-05-01,5.94034
2004-05-02,15.338289
2004-05-03,20.00407
2004-05-04,12.56762
2004-05-05,10.730661
2004-05-06,16.029005
2004-05-07,14.994146
2004-05-08,43.92529
2004-05-09,39.399086
2004-05-10,44.720463
2004-05-11,35.712597
2004-05-12,25.452229
2004-05-13,20.196543
2004-05-14,16.926506
2004-05-15,14.620139
2004-05-16,19.08083
2004-05-17,14.005818
2004-05-18,10.662465
2004-05-19,13.786686
2004-05-20,13.696975
2004-05-21,9.842465
2004-05-22,8.263325
2004-05-23,7.827108
2004-05-24,8.097958
2004-05-25,8.219478
2004-05-26,7.077892
2004-05-27,6.9079485
2004-05-28,8.258002
2004-05-29,10.207181
2004-05-30,10.168835
2004-05-31,8.694266
2004-06-01,8.703987
2004-06-02,10.852644
2004-06-03,8.800278
2004-06-04,12.838081
2004-06-05,16.444153
2004-06-06,21.856003
2004-06-07,16.785053
2004-06-08,28.909771
2004-06-09,26.315878
2004-06-10,22.491554
2004-06-11,27.2935
2004-06-12,28.363138
2004-06-13,25.301516
2004-06-14,23.189083
2004-06-15,22.581472
2004-06-16,21.2532
2004-06-17,20.293877
2004-06-18,19.229872
2004-06-19,18.050371
2004-06-20,16.810429
2004-06-21,15.256451
2004-06-22,13.873377
2004-06-23,14.966342
2004-06-24,15.284667
2004-06-25,16.844116
2004-06-26,12.258852
2004-06-27,9.906825
2004-06-28,14.570717
2004-06-29,15.178651
2004-06-30,10.339183
2004-07-01,10.186432
2004-07-02,9.126538
2004-07-03,10.374177
2004-07-04,14.11223
2004-07-05,11.473683
2004-07-06,12.63518
2004-07-07,12.15386
2004-07-08,11.364365
2004-07-09,11.086441
2004-07-10,11.881005
2004-07-11,13.568969
2004-07-12,26.13508
2004-07-13,17.600496
2004-07-14,13.489074
2004-07-15,17.872036
2004-07-16,21.370314
2004-07-17,19.95725
2004-07-18,17.408506
2004-07-19,19.272112
2004-07-20,19.874832
2004-07-21,22.645369
2004-07-22,19.336086
2004-07-23,16.897558
2004-07-24,19.119596
2004-07-25,21.692972
2004-07-26,28.197634
2004-07-27,17.770912
2004-07-28,21.155294
2004-07-29,15.205384
2004-07-30,18.09327
2004-07-31,27.509886
2004-08-01,114.72451
2004-08-02,83.75661
2004-08-03,35.25862
2004-08-04,21.15024
2004-08-05,20.040216
2004-08-06,15.696866
2004-08-07,12.8119
2004-08-08,13.488929
2004-08-09,11.6030245
2004-08-10,9.7496395
2004-08-11,8.881144
2004-08-12,8.188927
2004-08-13,7.5857773
2004-08-14,8.192772
2004-08-15,7.180244
2004-08-16,6.307782
2004-08-17,5.88181
2004-08-18,5.954908
2004-08-19,8.591984
2004-08-20,7.4424343
2004-08-21,16.950506
2004-08-22,9.021257
2004-08-23,8.4067955
2004-08-24,6.244705
2004-08-25,11.273625
2004-08-26,6.7025256
2004-08-27,4.0080824
2004-08-28,3.8958302
2004-08-29,5.419831
2004-08-30,4.4238706
2004-08-31,4.0737224
2004-09-01,3.7225761
2004-09-02,3.5034986
2004-09-03,11.209932
2004-09-04,8.764183
2004-09-05,4.259051
2004-09-06,3.303665
2004-09-07,4.5580816
2004-09-08,3.6667778
2004-09-09,7.854961
2004-09-10,8.657603
2004-09-11,4.7695684
2004-09-12,3.208633
2004-09-13,5.025565
2004-09-14,12.203923
2004-09-15,6.762641
2004-09-16,4.1597557
2004-09-17,4.5086246
2004-09-18,6.0065317
2004-09-19,7.293026
2004-09-20,6.4669247
2004-09-21,4.754332
2004-09-22,10.007629
2004-09-23,7.73564
2004-09-24,7.6476035
2004-09-25,5.7493205
2004-09-26,10.11294
2004-09-27,7.8956685
2004-09-28,5.167571
2004-09-29,4.6362944
2004-09-30,4.9574814
2004-10-01,5.3473477
2004-10-02,6.154932
2004-10-03,6.8822565
2004-10-04,7.796274
2004-10-05,12.038632
2004-10-06,19.277264
2004-10-07,10.648202
2004-10-08,7.074492
2004-10-09,6.82195
2004-10-10,6.796461
2004-10-11,16.22585
2004-10-12,12.981352
2004-10-13,10.5816965
2004-10-14,10.420478
2004-10-15,14.076584
2004-10-16,17.518291
2004-10-17,12.638566
2004-10-18,11.575271
2004-10-19,9.796778
2004-10-20,8.855952
2004-10-21,13.380019
2004-10-22,10.550066
2004-10-23,9.158621
2004-10-24,13.64117
2004-10-25,10.858527
2004-10-26,9.246225
2004-10-27,10.32762
2004-10-28,9.868538
2004-10-29,14.4414215
2004-10-30,10.459516
2004-10-31,8.309069
2004-11-01,12.7434635
2004-11-02,22.094683
2004-11-03,17.848145
2004-11-04,9.967371
2004-11-05,7.9853506
2004-11-06,8.462838
2004-11-07,8.069251
2004-11-08,18.181494
2004-11-09,20.794453
2004-11-10,14.837619
2004-11-11,12.616126
2004-11-12,12.26382
2004-11-13,13.93136
2004-11-14,16.793907
2004-11-15,14.447715
2004-11-16,14.618092
2004-11-17,14.043405
2004-11-18,14.784721
2004-11-19,14.304235
2004-11-20,13.610854
2004-11-21,21.391253
2004-11-22,14.409431
2004-11-23,10.201556
2004-11-24,9.829292
2004-11-25,9.539581
2004-11-26,17.693844
2004-11-27,14.399936
2004-11-28,9.312313
2004-11-29,8.332205
2004-11-30,8.085768
2004-12-01,8.10437
2004-12-02,7.8554306
2004-12-03,7.452883
2004-12-04,7.0677166
2004-12-05,7.544811
2004-12-06,8.5417595
2004-12-07,7.4516506
2004-12-08,6.557888
2004-12-09,6.1697674
2004-12-10,6.1062536
2004-12-11,6.770472
2004-12-12,7.6704607
2004-12-13,6.6992273
2004-12-14,5.7253428
2004-12-15,11.114886
2004-12-16,10.570352
2004-12-17,9.431222
2004-12-18,6.6730437
2004-12-19,6.4423785
2004-12-20,5.9508176
2004-12-21,5.769566
2004-12-22,7.385611
2004-12-23,6.281892
2004-12-24,5.4869804
2004-12-25,5.321289
2004-12-26,5.376779
2004-12-27,5.577731
2004-12-28,6.285502
2004-12-29,5.27395
2004-12-30,5.5794
2004-12-31,4.7855177
2005-01-01,4.481322
2005-01-02,4.357816
2005-01-03,4.3319263
2005-01-04,4.962973
2005-01-05,7.8117743
2005-01-06,16.725506
2005-01-07,8.192681
2005-01-08,6.714189
2005-01-09,4.6809134
2005-01-10,3.746595
2005-01-11,3.7011306
2005-01-12,4.359259
2005-01-13,17.248672
2005-01-14,12.037888
2005-01-15,5.0394115
2005-01-16,3.9750652
2005-01-17,4.407747
2005-01-18,4.2358837
2005-01-19,5.299599
2005-01-20,5.3834805
2005-01-21,4.2488403
2005-01-22,3.909044
2005-01-23,3.8701706
2005-01-24,5.712229
2005-01-25,5.7997465
2005-01-26,9.024673
2005-01-27,5.270071
2005-01-28,3.556422
2005-01-29,3.5448248
2005-01-30,5.881949
2005-01-31,6.8503685
2005-02-01,4.286896
2005-02-02,3.5673187
2005-02-03,12.3980255
2005-02-04,10.716789
2005-02-05,10.861445
2005-02-06,6.8793087
2005-02-07,5.762015
2005-02-08,5.8427367
2005-02-09,53.48795
2005-02-10,30.331133
2005-02-11,84.40921
2005-02-12,51.530403
2005-02-13,36.79587
2005-02-14,30.234
2005-02-15,20.803776
2005-02-16,17.288994
2005-02-17,15.459314
2005-02-18,13.884953
2005-02-19,13.098936
2005-02-20,21.014828
2005-02-21,16.262827
2005-02-22,11.064219
2005-02-23,9.76408
2005-02-24,9.207513
2005-02-25,8.685254
2005-02-26,8.193777
2005-02-27,7.776813
2005-02-28,7.600647
2005-03-01,8.664344
2005-03-02,7.252353
2005-03-03,9.394911
2005-03-04,9.02917
2005-03-05,11.477446
2005-03-06,7.5905085
2005-03-07,11.118294
2005-03-08,8.749325
2005-03-09,5.952581
2005-03-10,7.7837944
2005-03-11,6.2160964
2005-03-12,6.469828
2005-03-13,6.90144
2005-03-14,8.794565
2005-03-15,15.180059
2005-03-16,11.020778
2005-03-17,6.4923444
2005-03-18,6.293648
2005-03-19,6.216985
2005-03-20,6.400312
2005-03-21,8.220638
2005-03-22,7.3637276
2005-03-23,12.485524
2005-03-24,11.154526
2005-03-25,11.158869
2005-03-26,10.773472
2005-03-27,11.013364
2005-03-28,10.901824
2005-03-29,10.674587
2005-03-30,10.75277
2005-03-31,15.318513
2005-04-01,25.210804
2005-04-02,14.132613
2005-04-03,13.609842
2005-04-04,17.608757
2005-04-05,14.616617
2005-04-06,15.481584
2005-04-07,12.833513
2005-04-08,14.632502
2005-04-09,13.879305
2005-04-10,23.500998
2005-04-11,25.491152
2005-04-12,20.521809
2005-04-13,18.479898
2005-04-14,43.398182
2005-04-15,42.908775
2005-04-16,33.910675
2005-04-17,36.721607
2005-04-18,34.403057
2005-04-19,24.512945
2005-04-20,19.866613
2005-04-21,24.061142
2005-04-22,19.41722
2005-04-23,16.629414
2005-04-24,15.510454
2005-04-25,16.22245
2005-04-26,17.184832
2005-04-27,15.904138
2005-04-28,16.765938
2005-04-29,14.767824
2005-04-30,16.190409
2005-05-01,26.457697
2005-05-02,29.125706
2005-05-03,27.396818
2005-05-04,24.650522
2005-05-05,21.685978
2005-05-06,19.069891
2005-05-07,22.862154
2005-05-08,17.501879
2005-05-09,25.124159
2005-05-10,18.595797
2005-05-11,13.259866
2005-05-12,12.434166
2005-05-13,12.049626
2005-05-14,11.368471
2005-05-15,13.38986
2005-05-16,15.696429
2005-05-17,11.692602
2005-05-18,14.163753
2005-05-19,10.807637
2005-05-20,9.064242
2005-05-21,8.82547
2005-05-22,8.569409
2005-05-23,8.801348
2005-05-24,8.763713
2005-05-25,7.9082904
2005-05-26,8.260335
2005-05-27,19.61944
2005-05-28,11.957847
2005-05-29,11.449933
2005-05-30,8.851155
2005-05-31,7.620369
2005-06-01,10.135632
2005-06-02,16.318539
2005-06-03,10.946937
2005-06-04,8.900452
2005-06-05,9.838149
2005-06-06,12.357669
2005-06-07,11.253037
2005-06-08,10.892112
2005-06-09,11.194226
2005-06-10,11.539361
2005-06-11,12.081263
2005-06-12,11.131018
2005-06-13,10.791823
2005-06-14,12.764135
2005-06-15,25.160452
2005-06-16,89.3143
2005-06-17,65.59803
2005-06-18,41.62852
2005-06-19,35.04086
2005-06-20,26.337458
2005-06-21,21.992964
2005-06-22,25.772663
2005-06-23,22.096943
2005-06-24,18.540215
2005-06-25,14.904935
2005-06-26,13.003855
2005-06-27,12.153359
2005-06-28,11.471021
2005-06-29,11.241483
2005-06-30,11.53355
2005-07-01,10.361841
2005-07-02,9.379245
2005-07-03,17.79065
2005-07-04,11.662197
2005-07-05,8.062109
2005-07-06,7.786642
2005-07-07,8.966917
2005-07-08,13.248797
2005-07-09,9.421704
2005-07-10,7.080631
2005-07-11,6.7699385
2005-07-12,6.5762825
2005-07-13,6.4007115
2005-07-14,6.233393
2005-07-15,6.0454106
2005-07-16,5.837403
2005-07-17,5.639338
2005-07-18,7.5524006
2005-07-19,9.73479
2005-07-20,11.460137
2005-07-21,7.6173916
2005-07-22,5.4039145
2005-07-23,5.0632763
2005-07-24,4.9950285
2005-07-25,4.909921
2005-07-26,5.6429114
2005-07-27,5.0866523
2005-07-28,4.904711
2005-07-29,4.617636
2005-07-30,4.6813498
2005-07-31,4.445207
2005-08-01,4.292107
2005-08-02,4.2317047
2005-08-03,5.810322
2005-08-04,7.506325
2005-08-05,6.074989
2005-08-06,4.285207
2005-08-07,3.9048197
2005-08-08,3.8668182
2005-08-09,9.698898
2005-08-10,6.4999375
2005-08-11,3.94662
2005-08-12,3.5471523
2005-08-13,3.4131696
2005-08-14,3.3223763
2005-08-15,3.2286286
2005-08-16,3.157133
2005-08-17,3.0795677
2005-08-18,3.025991
2005-08-19,8.528132
2005-08-20,5.082403
2005-08-21,2.8886302
2005-08-22,2.7754266
2005-08-23,2.696007
2005-08-24,2.6491466
2005-08-25,2.7906399
2005-08-26,2.6472065
2005-08-27,2.7139375
2005-08-28,2.5085099
2005-08-29,2.3317223
2005-08-30,2.2591825
2005-08-31,2.2757106
2005-09-01,2.3040297
2005-09-02,9.592079
2005-09-03,5.99776
2005-09-04,4.4267306
2005-09-05,2.760316
2005-09-06,2.098112
2005-09-07,2.0848074
2005-09-08,6.469821
2005-09-09,3.5996451
2005-09-10,3.589986
2005-09-11,2.5414083
2005-09-12,1.9733713
2005-09-13,10.102279
2005-09-14,10.282897
2005-09-15,4.086328
2005-09-16,1.914031
2005-09-17,1.833555
2005-09-18,1.8403934
2005-09-19,1.852472
2005-09-20,8.456318
2005-09-21,4.360384
2005-09-22,1.8878075
2005-09-23,1.8719871
2005-09-24,1.8563523
2005-09-25,1.8097835
2005-09-26,1.7772084
2005-09-27,1.7444639
2005-09-28,10.925502
2005-09-29,5.368358
2005-09-30,1.9345583
2005-10-01,1.8106757
2005-10-02,6.146007
2005-10-03,3.1555812
2005-10-04,1.4104563
2005-10-05,2.0323994
2005-10-06,2.8903847
2005-10-07,1.8014268
2005-10-08,5.847101
2005-10-09,3.0687954
2005-10-10,1.5472109
2005-10-11,8.586318
2005-10-12,4.5161667
2005-10-13,1.7150731
2005-10-14,1.6435088
2005-10-15,4.42877
2005-10-16,2.8131633
2005-10-17,2.544143
2005-10-18,5.0580087
2005-10-19,4.042002
2005-10-20,9.290039
2005-10-21,7.766676
2005-10-22,6.158746
2005-10-23,5.245154
2005-10-24,7.7591367
2005-10-25,9.071792
2005-10-26,7.9282465
2005-10-27,6.258948
2005-10-28,6.275496
2005-10-29,5.956626
2005-10-30,5.596466
2005-10-31,6.117476
2005-11-01,15.384334
2005-11-02,15.635848
2005-11-03,14.558426
2005-11-04,24.094488
2005-11-05,25.7898
2005-11-06,28.380543
2005-11-07,27.238977
2005-11-08,21.764198
2005-11-09,25.781908
2005-11-10,21.23962
2005-11-11,15.175767
2005-11-12,17.502281
2005-11-13,14.270056
2005-11-14,19.265747
2005-11-15,13.744485
2005-11-16,10.916757
2005-11-17,10.196963
2005-11-18,9.810525
2005-11-19,9.3117285
2005-11-20,9.707075
2005-11-21,10.392382
2005-11-22,9.946967
2005-11-23,8.386409
2005-11-24,7.195575
2005-11-25,6.788646
2005-11-26,9.893634
2005-11-27,7.493407
2005-11-28,6.0423555
2005-11-29,5.6418834
2005-11-30,5.472345
2005-12-01,5.30097
2005-12-02,5.0212164
2005-12-03,4.6637187
2005-12-04,4.4317737
2005-12-05,5.931271
2005-12-06,10.423706
2005-12-07,5.9585347
2005-12-08,7.02531
2005-12-09,4.788417
2005-12-10,3.6273239
2005-12-11,4.334024
2005-12-12,3.7449775
2005-12-13,3.4062757
2005-12-14,4.910928
2005-12-15,4.7785945
2005-12-16,4.3534703
2005-12-17,3.4169679
2005-12-18,3.882172
2005-12-19,3.1706002
2005-12-20,2.9141362
2005-12-21,3.219803
2005-12-22,2.916112
2005-12-23,2.7659426
2005-12-24,3.836471
2005-12-25,8.142623
2005-12-26,4.4355173
2005-12-27,2.8499062
2005-12-28,7.8175426
2005-12-29,4.47237
2005-12-30,2.652666
2005-12-31,2.630547
2006-01-01,2.5979261
2006-01-02,2.5342376
2006-01-03,2.4720907
2006-01-04,2.4221933
2006-01-05,2.3784082
2006-01-06,10.731745
2006-01-07,5.8101077
2006-01-08,9.056785
2006-01-09,5.7563167
2006-01-10,13.462985
2006-01-11,6.0478163
2006-01-12,2.370158
2006-01-13,2.4384415
2006-01-14,2.44641
2006-01-15,4.9763737
2006-01-16,10.250378
2006-01-17,8.153906
2006-01-18,9.01299
2006-01-19,5.1538553
2006-01-20,3.7537034
2006-01-21,4.0515156
2006-01-22,4.257023
2006-01-23,4.3846126
2006-01-24,4.793485
2006-01-25,10.424568
2006-01-26,18.54279
2006-01-27,18.357752
2006-01-28,13.678563
2006-01-29,9.941181
2006-01-30,9.216456
2006-01-31,9.642518
2006-02-01,20.986895
2006-02-02,26.771029
2006-02-03,18.346794
2006-02-04,14.902708
2006-02-05,20.148724
2006-02-06,16.149979
2006-02-07,21.645159
2006-02-08,16.315779
2006-02-09,13.469186
2006-02-10,12.908679
2006-02-11,12.284478
2006-02-12,11.742855
2006-02-13,11.206526
2006-02-14,10.886288
2006-02-15,10.29289
2006-02-16,9.616465
2006-02-17,9.044461
2006-02-18,8.509882
2006-02-19,10.008563
2006-02-20,9.590553
2006-02-21,7.707284
2006-02-22,9.952227
2006-02-23,7.4114814
2006-02-24,6.3080626
2006-02-25,6.5903316
2006-02-26,6.667055
2006-02-27,5.880327
2006-02-28,9.186654
2006-03-01,22.567232
2006-03-02,16.263643
2006-03-03,7.091416
2006-03-04,10.549194
2006-03-05,6.8494163
2006-03-06,14.658804
2006-03-07,10.3348465
2006-03-08,7.0561066
2006-03-09,13.9958725
2006-03-10,15.609277
2006-03-11,23.871126
2006-03-12,15.285665
2006-03-13,10.513988
2006-03-14,12.284342
2006-03-15,11.577256
2006-03-16,10.180096
2006-03-17,10.563732
2006-03-18,11.550332
2006-03-19,15.585225
2006-03-20,17.17909
2006-03-21,11.903398
2006-03-22,17.343868
2006-03-23,12.723603
2006-03-24,9.879134
2006-03-25,10.734681
2006-03-26,10.742322
2006-03-27,9.488428
2006-03-28,8.887485
2006-03-29,10.6384735
2006-03-30,10.011566
2006-03-31,24.31536
2006-04-01,21.868584
2006-04-02,10.900629
2006-04-03,8.96135
2006-04-04,7.8807516
2006-04-05,17.409752
2006-04-06,11.6518755
2006-04-07,9.470203
2006-04-08,37.373985
2006-04-09,26.767876
2006-04-10,19.588154
2006-04-11,22.148014
2006-04-12,19.775208
2006-04-13,21.721916
2006-04-14,17.461285
2006-04-15,16.826548
2006-04-16,22.667858
2006-04-17,20.8329
2006-04-18,40.981346
2006-04-19,26.416502
2006-04-20,17.650286
2006-04-21,15.670339
2006-04-22,15.610367
2006-04-23,27.187044
2006-04-24,24.87387
2006-04-25,15.157518
2006-04-26,16.465359
2006-04-27,13.351545
2006-04-28,13.194298
2006-04-29,12.165697
2006-04-30,10.804674
2006-05-01,15.647419
2006-05-02,28.438183
2006-05-03,19.204634
2006-05-04,20.04852
2006-05-05,16.096352
2006-05-06,15.342107
2006-05-07,15.050148
2006-05-08,24.53886
2006-05-09,30.649103
2006-05-10,21.254292
2006-05-11,18.087395
2006-05-12,17.631464
2006-05-13,16.694962
2006-05-14,15.568814
2006-05-15,14.3812475
2006-05-16,13.202204
2006-05-17,12.0917
2006-05-18,11.077101
2006-05-19,10.173916
2006-05-20,9.406955
2006-05-21,8.755566
2006-05-22,9.269919
2006-05-23,9.040184
2006-05-24,11.177829
2006-05-25,9.5303135
2006-05-26,7.2372704
2006-05-27,6.587133
2006-05-28,6.413927
2006-05-29,6.349213
2006-05-30,6.6669335
2006-05-31,6.0548663
2006-06-01,7.4915924
2006-06-02,10.451409
2006-06-03,7.009772
2006-06-04,5.624807
2006-06-05,9.769651
2006-06-06,8.073997
2006-06-07,25.753508
2006-06-08,12.912879
2006-06-09,6.228151
2006-06-10,6.3449483
2006-06-11,7.5502214
2006-06-12,7.2414365
2006-06-13,12.302471
2006-06-14,13.400533
2006-06-15,13.542875
2006-06-16,13.537907
2006-06-17,13.218527
2006-06-18,13.116448
2006-06-19,12.531493
2006-06-20,12.066807
2006-06-21,11.552971
2006-06-22,11.023612
2006-06-23,11.267711
2006-06-24,10.254887
2006-06-25,9.432627
2006-06-26,8.92831
2006-06-27,8.447469
2006-06-28,10.33175
2006-06-29,8.639365
2006-06-30,7.4510837
2006-07-01,7.426748
2006-07-02,7.0310774
2006-07-03,6.8496203
2006-07-04,7.0852423
2006-07-05,6.479391
2006-07-06,8.06547
2006-07-07,6.6341147
2006-07-08,5.709001
2006-07-09,5.582004
2006-07-10,9.643401
2006-07-11,6.9373164
2006-07-12,5.2420797
2006-07-13,15.975097
2006-07-14,18.566244
2006-07-15,8.948301
2006-07-16,11.530695
2006-07-17,8.178275
2006-07-18,6.587588
2006-07-19,7.036146
2006-07-20,7.049555
2006-07-21,6.970686
2006-07-22,6.8632035
2006-07-23,6.7523456
2006-07-24,6.616705
2006-07-25,6.5237656
2006-07-26,6.5417976
2006-07-27,6.2831216
2006-07-28,6.160006
2006-07-29,6.376325
2006-07-30,6.047129
2006-07-31,5.70461
2006-08-01,8.765969
2006-08-02,7.35993
2006-08-03,5.7132025
2006-08-04,5.2964635
2006-08-05,5.261167
2006-08-06,5.07557
2006-08-07,7.590598
2006-08-08,5.8192887
2006-08-09,4.7230897
2006-08-10,13.431841
2006-08-11,11.473292
2006-08-12,7.055894
2006-08-13,5.1905937
2006-08-14,6.4868455
2006-08-15,5.4901013
2006-08-16,5.7080364
2006-08-17,4.9812675
2006-08-18,4.6062355
2006-08-19,4.4918814
2006-08-20,5.8522267
2006-08-21,4.955312
2006-08-22,5.2064176
2006-08-23,4.774244
2006-08-24,4.5730042
2006-08-25,4.484517
2006-08-26,4.427824
2006-08-27,4.4521127
2006-08-28,6.3687644
2006-08-29,5.16587
2006-08-30,4.611669
2006-08-31,4.908358
2006-09-01,4.6180015
2006-09-02,4.431807
2006-09-03,4.331465
2006-09-04,4.5324297
2006-09-05,4.344556
2006-09-06,5.9128656
2006-09-07,5.7767787
2006-09-08,4.312972
2006-09-09,3.9581919
2006-09-10,4.244708
2006-09-11,5.9576173
2006-09-12,7.59973
2006-09-13,4.8007936
2006-09-14,8.87069
2006-09-15,5.625174
2006-09-16,3.6996622
2006-09-17,5.286887
2006-09-18,6.836712
2006-09-19,10.41735
2006-09-20,6.072476
2006-09-21,4.0465403
2006-09-22,4.0947533
2006-09-23,4.3636394
2006-09-24,4.365877
2006-09-25,4.5083547
2006-09-26,5.8230696
2006-09-27,4.9399333
2006-09-28,4.1066046
2006-09-29,3.932368
2006-09-30,3.8576586
2006-10-01,3.7867608
2006-10-02,4.497769
2006-10-03,6.516359
2006-10-04,5.9403167
2006-10-05,9.271612
2006-10-06,6.405607
2006-10-07,5.891783
2006-10-08,5.0981073
2006-10-09,6.391561
2006-10-10,5.1549706
2006-10-11,4.861319
2006-10-12,9.554667
2006-10-13,8.508888
2006-10-14,5.959863
2006-10-15,5.2335877
2006-10-16,5.3205705
2006-10-17,5.4589734
2006-10-18,6.7171226
2006-10-19,5.8213067
2006-10-20,5.352346
2006-10-21,6.5294204
2006-10-22,6.089009
2006-10-23,7.785752
2006-10-24,5.784924
2006-10-25,4.8853726
2006-10-26,4.930027
2006-10-27,10.446923
2006-10-28,6.6049504
2006-10-29,4.547415
2006-10-30,4.442557
2006-10-31,11.479791
2006-11-01,7.856118
2006-11-02,6.889785
2006-11-03,7.791818
2006-11-04,5.4286056
2006-11-05,5.9911485
2006-11-06,8.820081
2006-11-07,11.649312
2006-11-08,11.16538
2006-11-09,11.04753
2006-11-10,9.402101
2006-11-11,6.0103264
2006-11-12,9.015785
2006-11-13,9.606281
2006-11-14,10.716356
2006-11-15,12.60587
2006-11-16,16.177305
2006-11-17,13.659452
2006-11-18,16.559282
2006-11-19,14.538173
2006-11-20,18.441635
2006-11-21,14.049244
2006-11-22,12.0085535
2006-11-23,11.592696
2006-11-24,11.40595
2006-11-25,10.817826
2006-11-26,10.491236
2006-11-27,12.854137
2006-11-28,10.545163
2006-11-29,9.021959
2006-11-30,8.632631
2006-12-01,18.529654
2006-12-02,12.381111
2006-12-03,8.031386
2006-12-04,7.6182294
2006-12-05,7.449099
2006-12-06,10.091858
2006-12-07,21.645256
2006-12-08,11.91449
2006-12-09,7.734246
2006-12-10,7.9903264
2006-12-11,11.018715
2006-12-12,14.722463
2006-12-13,11.989401
2006-12-14,11.348629
2006-12-15,12.013521
2006-12-16,21.024708
2006-12-17,17.393478
2006-12-18,15.121277
2006-12-19,14.606551
2006-12-20,15.665248
2006-12-21,15.555482
2006-12-22,15.666577
2006-12-23,16.6557
2006-12-24,13.140909
2006-12-25,11.182214
2006-12-26,10.611035
2006-12-27,15.11705
2006-12-28,17.561045
2006-12-29,14.163104
2006-12-30,12.433917
2006-12-31,9.594591
2007-01-01,8.5345545
2007-01-02,8.20516
2007-01-03,14.353342
2007-01-04,13.529377
2007-01-05,9.100834
2007-01-06,7.4563613
2007-01-07,7.2254286
2007-01-08,7.022054
2007-01-09,6.9699225
2007-01-10,6.683938
2007-01-11,7.135407
2007-01-12,8.425914
2007-01-13,8.614324
2007-01-14,6.5117636
2007-01-15,6.277159
2007-01-16,9.041344
2007-01-17,6.649569
2007-01-18,5.3053584
2007-01-19,14.242444
2007-01-20,14.675393
2007-01-21,9.034863
2007-01-22,8.9425125
2007-01-23,16.05435
2007-01-24,8.721418
2007-01-25,5.4290595
2007-01-26,8.226169
2007-01-27,7.0154967
2007-01-28,10.019294
2007-01-29,7.6845117
2007-01-30,6.3745713
2007-01-31,6.235411
2007-02-01,9.021342
2007-02-02,6.803588
2007-02-03,5.82034
2007-02-04,5.68798
2007-02-05,5.549284
2007-02-06,5.3834457
2007-02-07,5.2008243
2007-02-08,5.018595
2007-02-09,4.843014
2007-02-10,4.6681023
2007-02-11,4.5605354
2007-02-12,4.4128985
2007-02-13,4.5663543
2007-02-14,4.2206817
2007-02-15,4.61269
2007-02-16,4.024196
2007-02-17,3.7171564
2007-02-18,3.5653226
2007-02-19,3.459885
2007-02-20,3.3152688
2007-02-21,4.0418453
2007-02-22,3.2131734
2007-02-23,2.955355
2007-02-24,2.8415363
2007-02-25,2.736031
2007-02-26,3.115583
2007-02-27,7.9555416
2007-02-28,4.3707514
2007-03-01,2.6347618
2007-03-02,3.437352
2007-03-03,3.6278713
2007-03-04,2.7386308
2007-03-05,6.7260265
2007-03-06,8.928848
2007-03-07,4.066308
2007-03-08,4.5223017
2007-03-09,3.6687121
2007-03-10,3.0770028
2007-03-11,2.4167802
2007-03-12,9.396706
2007-03-13,7.611801
2007-03-14,2.97341
2007-03-15,3.3463433
2007-03-16,3.060052
2007-03-17,11.377055
2007-03-18,5.8573575
2007-03-19,6.84928
2007-03-20,13.918764
2007-03-21,6.182254
2007-03-22,3.883048
2007-03-23,4.8027973
2007-03-24,8.479417
2007-03-25,11.437849
2007-03-26,9.752982
2007-03-27,8.9714985
2007-03-28,16.003996
2007-03-29,17.448856
2007-03-30,32.112732
2007-03-31,33.791954
2007-04-01,23.836803
2007-04-02,18.887964
2007-04-03,17.348343
2007-04-04,16.482643
2007-04-05,15.810168
2007-04-06,16.558668
2007-04-07,33.678833
2007-04-08,24.331326
2007-04-09,20.151604
2007-04-10,20.10112
2007-04-11,20.031944
2007-04-12,21.644844
2007-04-13,24.448786
2007-04-14,23.122656
2007-04-15,20.213665
2007-04-16,22.160437
2007-04-17,26.426832
2007-04-18,21.82419
2007-04-19,17.090338
2007-04-20,24.404573
2007-04-21,36.030163
2007-04-22,31.687838
2007-04-23,27.348398
2007-04-24,30.8582
2007-04-25,23.423326
2007-04-26,20.719217
2007-04-27,18.891346
2007-04-28,15.912592
2007-04-29,22.013481
2007-04-30,16.816656
2007-05-01,12.945797
2007-05-02,11.96992
2007-05-03,11.296991
2007-05-04,18.16113
2007-05-05,21.148087
2007-05-06,12.402923
2007-05-07,9.489705
2007-05-08,11.096716
2007-05-09,17.165905
2007-05-10,17.709324
2007-05-11,12.431567
2007-05-12,9.361966
2007-05-13,8.7753525
2007-05-14,8.648049
2007-05-15,8.491314
2007-05-16,8.470121
2007-05-17,8.152522
2007-05-18,9.561636
2007-05-19,9.588844
2007-05-20,9.780467
2007-05-21,7.979301
2007-05-22,7.488809
2007-05-23,7.4289923
2007-05-24,7.880888
2007-05-25,7.487982
2007-05-26,13.39234
2007-05-27,9.202139
2007-05-28,6.919356
2007-05-29,6.765053
2007-05-30,6.700058
2007-05-31,8.290503
2007-06-01,20.444098
2007-06-02,14.096903
2007-06-03,12.374905
2007-06-04,12.374022
2007-06-05,17.649218
2007-06-06,21.558846
2007-06-07,22.740517
2007-06-08,23.766455
2007-06-09,21.878046
2007-06-10,19.50847
2007-06-11,18.039267
2007-06-12,18.02544
2007-06-13,22.165796
2007-06-14,19.975063
2007-06-15,15.682656
2007-06-16,14.445954
2007-06-17,18.638031
2007-06-18,15.218964
2007-06-19,13.480778
2007-06-20,14.700819
2007-06-21,16.385292
2007-06-22,16.650011
2007-06-23,23.18561
2007-06-24,29.73641
2007-06-25,31.824825
2007-06-26,27.236155
2007-06-27,24.614252
2007-06-28,21.133953
2007-06-29,18.063385
2007-06-30,16.192083
2007-07-01,14.72951
2007-07-02,13.484393
2007-07-03,12.286693
2007-07-04,11.236022
2007-07-05,11.783667
2007-07-06,10.099411
2007-07-07,8.964834
2007-07-08,8.370709
2007-07-09,7.8790526
2007-07-10,7.356354
2007-07-11,7.92034
2007-07-12,6.9926224
2007-07-13,6.7640853
2007-07-14,7.6144614
2007-07-15,14.416874
2007-07-16,11.648538
2007-07-17,6.359879
2007-07-18,5.49423
2007-07-19,5.352861
2007-07-20,6.961746
2007-07-21,6.4465165
2007-07-22,8.235689
2007-07-23,5.702998
2007-07-24,4.382133
2007-07-25,4.365835
2007-07-26,7.895836
2007-07-27,10.044984
2007-07-28,8.040988
2007-07-29,5.15683
2007-07-30,4.6475525
2007-07-31,4.754101
2007-08-01,4.7690144
2007-08-02,4.779336
2007-08-03,9.691612
2007-08-04,6.576282
2007-08-05,5.3140774
2007-08-06,4.9628677
2007-08-07,4.6025167
2007-08-08,6.694471
2007-08-09,5.3727946
2007-08-10,4.421082
2007-08-11,4.266379
2007-08-12,4.8357315
2007-08-13,8.882186
2007-08-14,5.7740345
2007-08-15,4.017985
2007-08-16,4.306899
2007-08-17,7.5320954
2007-08-18,10.734803
2007-08-19,7.099667
2007-08-20,4.435052
2007-08-21,6.972843
2007-08-22,5.4332414
2007-08-23,4.4458013
2007-08-24,4.2656937
2007-08-25,4.1448555
2007-08-26,4.51752
2007-08-27,9.870918
2007-08-28,12.696586
2007-08-29,12.81264
2007-08-30,11.095095
2007-08-31,16.719732
2007-09-01,9.797064
2007-09-02,6.840483
2007-09-03,6.981217
2007-09-04,6.973996
2007-09-05,11.679635
2007-09-06,18.452045
2007-09-07,11.209887
2007-09-08,8.696975
2007-09-09,8.786918
2007-09-10,10.544723
2007-09-11,14.0396385
2007-09-12,15.6901455
2007-09-13,13.066941
2007-09-14,16.68746
2007-09-15,10.990594
2007-09-16,11.335884
2007-09-17,9.581719
2007-09-18,8.536541
2007-09-19,8.407759
2007-09-20,8.276113
2007-09-21,12.021012
2007-09-22,9.349095
2007-09-23,7.7055326
2007-09-24,7.3797045
2007-09-25,7.067958
2007-09-26,10.860956
2007-09-27,8.137055
2007-09-28,8.947534
2007-09-29,8.386386
2007-09-30,6.609276
2007-10-01,6.1701345
2007-10-02,5.8999467
2007-10-03,5.6306305
2007-10-04,5.4237313
2007-10-05,5.2557693
2007-10-06,6.604061
2007-10-07,5.4587536
2007-10-08,6.9516716
2007-10-09,8.138884
2007-10-10,13.357033
2007-10-11,7.5840125
2007-10-12,4.666381
2007-10-13,4.628558
2007-10-14,5.1573553
2007-10-15,5.2835975
2007-10-16,6.9869943
2007-10-17,13.530105
2007-10-18,9.446181
2007-10-19,6.0407634
2007-10-20,9.15841
2007-10-21,17.914642
2007-10-22,13.081604
2007-10-23,10.07293
2007-10-24,10.076157
2007-10-25,12.748856
2007-10-26,14.280172
2007-10-27,10.584549
2007-10-28,8.890539
2007-10-29,13.2303295
2007-10-30,15.105292
2007-10-31,9.942716
2007-11-01,8.27691
2007-11-02,7.939835
2007-11-03,7.65554
2007-11-04,12.37903
2007-11-05,12.341215
2007-11-06,12.269722
2007-11-07,9.347399
2007-11-08,14.452061
2007-11-09,11.03365
2007-11-10,9.430748
2007-11-11,12.971801
2007-11-12,17.612986
2007-11-13,23.708488
2007-11-14,46.298233
2007-11-15,46.987583
2007-11-16,46.533672
2007-11-17,162.71457
2007-11-18,96.77112
2007-11-19,42.76347
2007-11-20,33.933548
2007-11-21,26.512482
2007-11-22,32.12042
2007-11-23,23.823256
2007-11-24,18.229612
2007-11-25,40.440228
2007-11-26,47.284477
2007-11-27,33.712997
2007-11-28,26.791544
2007-11-29,24.05942
2007-11-30,21.224556
2007-12-01,18.892246
2007-12-02,16.718304
2007-12-03,15.01832
2007-12-04,13.451305
2007-12-05,12.12675
2007-12-06,11.111882
2007-12-07,11.397267
2007-12-08,11.876421
2007-12-09,9.400223
2007-12-10,9.523085
2007-12-11,8.088489
2007-12-12,7.0746827
2007-12-13,16.709831
2007-12-14,10.289842
2007-12-15,8.556526
2007-12-16,7.184952
2007-12-17,10.13824
2007-12-18,19.324083
2007-12-19,11.035294
2007-12-20,8.204057
2007-12-21,13.36141
2007-12-22,11.400545
2007-12-23,29.892473
2007-12-24,99.343346
2007-12-25,63.85217
2007-12-26,33.036213
2007-12-27,23.078157
2007-12-28,18.00961
2007-12-29,16.813885
2007-12-30,14.75612
2007-12-31,16.019505
2008-01-01,12.540139
2008-01-02,12.35754
2008-01-03,12.875367
2008-01-04,12.36604
2008-01-05,11.663247
2008-01-06,14.368384
2008-01-07,11.788642
2008-01-08,10.275721
2008-01-09,9.77223
2008-01-10,10.260798
2008-01-11,9.057507
2008-01-12,8.557964
2008-01-13,10.231245
2008-01-14,10.622774
2008-01-15,11.422734
2008-01-16,8.266762
2008-01-17,8.351823
2008-01-18,8.058837
2008-01-19,7.0338826
2008-01-20,6.244929
2008-01-21,7.586047
2008-01-22,11.948635
2008-01-23,7.5285654
2008-01-24,5.5942855
2008-01-25,5.476854
2008-01-26,5.3171663
2008-01-27,5.20295
2008-01-28,5.0127697
2008-01-29,5.6320586
2008-01-30,4.9390726
2008-01-31,4.6577506
2008-02-01,4.4266076
2008-02-02,4.2600555
2008-02-03,4.111555
2008-02-04,3.9656963
2008-02-05,3.8291936
2008-02-06,3.6887417
2008-02-07,3.5942483
2008-02-08,3.4671943
2008-02-09,5.2490253
2008-02-10,4.686734
2008-02-11,3.454266
2008-02-12,5.3140526
2008-02-13,4.7198
2008-02-14,5.855131
2008-02-15,9.242395
2008-02-16,9.22177
2008-02-17,4.458199
2008-02-18,4.624579
2008-02-19,8.377176
2008-02-20,6.545533
2008-02-21,11.997807
2008-02-22,7.4385095
2008-02-23,4.6258883
2008-02-24,4.3872395
2008-02-25,10.227857
2008-02-26,19.313871
2008-02-27,12.182479
2008-02-28,13.611391
2008-02-29,15.855695
2008-03-01,12.602389
2008-03-02,8.59378
2008-03-03,7.493546
2008-03-04,7.3137555
2008-03-05,7.3870587
2008-03-06,7.486313
2008-03-07,7.061488
2008-03-08,6.6969624
2008-03-09,10.380768
2008-03-10,19.913942
2008-03-11,10.599279
2008-03-12,7.966202
2008-03-13,10.4068575
2008-03-14,19.636374
2008-03-15,13.231591
2008-03-16,10.319038
2008-03-17,12.5305805
2008-03-18,11.291892
2008-03-19,12.444006
2008-03-20,22.440073
2008-03-21,16.23883
2008-03-22,25.498337
2008-03-23,19.616413
2008-03-24,16.27296
2008-03-25,25.058521
2008-03-26,21.531118
2008-03-27,20.887146
2008-03-28,19.012455
2008-03-29,18.627817
2008-03-30,19.31482
2008-03-31,17.302343
2008-04-01,17.86557
2008-04-02,15.524499
2008-04-03,18.377792
2008-04-04,15.953712
2008-04-05,18.515398
2008-04-06,15.219264
2008-04-07,15.76979
2008-04-08,12.268476
2008-04-09,10.606474
2008-04-10,17.608006
2008-04-11,12.983712
2008-04-12,9.624224
2008-04-13,9.226051
2008-04-14,10.605842
2008-04-15,13.740188
2008-04-16,10.943739
2008-04-17,16.72865
2008-04-18,11.468038
2008-04-19,9.825957
2008-04-20,20.854294
2008-04-21,16.948063
2008-04-22,23.815792
2008-04-23,25.893412
2008-04-24,27.722485
2008-04-25,28.655363
2008-04-26,22.604261
2008-04-27,19.938097
2008-04-28,20.114773
2008-04-29,18.115997
2008-04-30,18.524683
2008-05-01,16.952116
2008-05-02,18.267519
2008-05-03,14.700305
2008-05-04,14.186755
2008-05-05,12.714619
2008-05-06,11.836407
2008-05-07,11.257305
2008-05-08,10.681899
2008-05-09,10.182225
2008-05-10,10.160629
2008-05-11,17.908798
2008-05-12,12.456941
2008-05-13,12.066692
2008-05-14,10.6649
2008-05-15,9.509033
2008-05-16,8.655455
2008-05-17,9.09207
2008-05-18,12.783319
2008-05-19,10.048286
2008-05-20,11.8834305
2008-05-21,13.393449
2008-05-22,11.210273
2008-05-23,11.277426
2008-05-24,19.362885
2008-05-25,13.94228
2008-05-26,12.183109
2008-05-27,13.107492
2008-05-28,13.161628
2008-05-29,12.197929
2008-05-30,12.421831
2008-05-31,16.307493
2008-06-01,24.24128
2008-06-02,18.293581
2008-06-03,15.754105
2008-06-04,15.418088
2008-06-05,15.066213
2008-06-06,14.623351
2008-06-07,14.140462
2008-06-08,15.169015
2008-06-09,18.465166
2008-06-10,22.431812
2008-06-11,15.773819
2008-06-12,12.044379
2008-06-13,12.171886
2008-06-14,11.209005
2008-06-15,11.881132
2008-06-16,10.573069
2008-06-17,44.268127
2008-06-18,47.65041
2008-06-19,27.29109
2008-06-20,22.788002
2008-06-21,21.213478
2008-06-22,22.034002
2008-06-23,21.07216
2008-06-24,18.225042
2008-06-25,18.954
2008-06-26,17.6297
2008-06-27,15.606574
2008-06-28,14.912581
2008-06-29,14.8206625
2008-06-30,13.781693
2008-07-01,13.066351
2008-07-02,12.441201
2008-07-03,17.862106
2008-07-04,13.49069
2008-07-05,10.940401
2008-07-06,10.340003
2008-07-07,9.701799
2008-07-08,12.409161
2008-07-09,24.041662
2008-07-10,16.254135
2008-07-11,16.267612
2008-07-12,13.478341
2008-07-13,10.882381
2008-07-14,9.336798
2008-07-15,10.194953
2008-07-16,11.89212
2008-07-17,9.923563
2008-07-18,9.23045
2008-07-19,9.12536
2008-07-20,10.265104
2008-07-21,11.216841
2008-07-22,9.436787
2008-07-23,12.661063
2008-07-24,9.828142
2008-07-25,8.199569
2008-07-26,12.684546
2008-07-27,9.373735
2008-07-28,9.142606
2008-07-29,8.194087
2008-07-30,7.219205
2008-07-31,6.963099
2008-08-01,6.7441816
2008-08-02,12.68276
2008-08-03,9.758647
2008-08-04,7.899765
2008-08-05,8.337467
2008-08-06,6.5891757
2008-08-07,10.694868
2008-08-08,9.8005905
2008-08-09,7.5692616
2008-08-10,6.0187526
2008-08-11,14.9204445
2008-08-12,9.562546
2008-08-13,6.7852683
2008-08-14,7.37403
2008-08-15,10.125785
2008-08-16,7.961614
2008-08-17,6.684447
2008-08-18,6.5640483
2008-08-19,6.608369
2008-08-20,6.4018683
2008-08-21,7.5888953
2008-08-22,10.198959
2008-08-23,7.1794724
2008-08-24,5.7797637
2008-08-25,5.5808425
2008-08-26,5.474243
2008-08-27,5.2964735
2008-08-28,5.0850015
2008-08-29,4.8945475
2008-08-30,5.082157
2008-08-31,7.2959156
2008-09-01,6.429473
2008-09-02,4.814528
2008-09-03,4.3606157
2008-09-04,4.265233
2008-09-05,12.235883
2008-09-06,10.801459
2008-09-07,5.5357213
2008-09-08,10.588749
2008-09-09,15.113682
2008-09-10,8.479321
2008-09-11,5.76918
2008-09-12,5.366529
2008-09-13,5.2952003
2008-09-14,8.291943
2008-09-15,9.837308
2008-09-16,7.7311463
2008-09-17,9.56147
2008-09-18,15.300056
2008-09-19,9.565253
2008-09-20,7.377725
2008-09-21,11.2578335
2008-09-22,19.476807
2008-09-23,18.665861
2008-09-24,10.183865
2008-09-25,7.7840796
2008-09-26,7.8055024
2008-09-27,8.132686
2008-09-28,7.6548433
2008-09-29,9.529089
2008-09-30,13.818225
2008-10-01,12.812914
2008-10-02,8.020218
2008-10-03,6.500732
2008-10-04,6.2680163
2008-10-05,6.0518208
2008-10-06,11.327814
2008-10-07,16.29799
2008-10-08,12.400823
2008-10-09,7.541756
2008-10-10,6.6021166
2008-10-11,6.654258
2008-10-12,6.458669
2008-10-13,7.213774
2008-10-14,7.6999974
2008-10-15,14.379577
2008-10-16,12.12079
2008-10-17,7.725324
2008-10-18,6.453288
2008-10-19,6.241056
2008-10-20,7.083966
2008-10-21,8.105581
2008-10-22,7.035436
2008-10-23,7.6574264
2008-10-24,8.779798
2008-10-25,6.541886
2008-10-26,7.779185
2008-10-27,12.904542
2008-10-28,9.132528
2008-10-29,7.7045083
2008-10-30,6.851726
2008-10-31,5.8792696
2008-11-01,7.77228
2008-11-02,7.4402313
2008-11-03,10.855576
2008-11-04,11.218699
2008-11-05,10.160611
2008-11-06,8.169539
2008-11-07,7.7360973
2008-11-08,8.947891
2008-11-09,8.429816
2008-11-10,8.002224
2008-11-11,10.02734
2008-11-12,8.275147
2008-11-13,7.22156
2008-11-14,7.5691543
2008-11-15,15.064405
2008-11-16,10.432393
2008-11-17,15.550248
2008-11-18,9.693452
2008-11-19,10.54347
2008-11-20,26.664328
2008-11-21,23.444046
2008-11-22,18.606188
2008-11-23,14.984867
2008-11-24,18.078594
2008-11-25,17.022524
2008-11-26,22.233772
2008-11-27,15.896491
2008-11-28,15.870109
2008-11-29,17.17951
2008-11-30,15.983093
2008-12-01,34.024433
2008-12-02,38.87018
2008-12-03,34.760887
2008-12-04,27.250582
2008-12-05,21.974012
2008-12-06,22.590303
2008-12-07,18.818748
2008-12-08,20.630247
2008-12-09,16.982742
2008-12-10,17.542208
2008-12-11,14.040814
2008-12-12,11.829847
2008-12-13,11.181978
2008-12-14,10.80392
2008-12-15,10.068653
2008-12-16,9.306189
2008-12-17,8.85157
2008-12-18,8.3612385
2008-12-19,8.57366
2008-12-20,7.775678
2008-12-21,7.7289457
2008-12-22,7.0710363
2008-12-23,6.6451216
2008-12-24,6.397291
2008-12-25,6.160035
2008-12-26,5.864035
2008-12-27,5.587527
2008-12-28,5.344387
2008-12-29,5.108832
2008-12-30,4.8723736
2008-12-31,4.637974
2009-01-01,4.7449026
2009-01-02,5.6410866
2009-01-03,4.9957967
2009-01-04,4.2349844
2009-01-05,3.9706247
2009-01-06,14.948564
2009-01-07,12.4910965
2009-01-08,8.395594
2009-01-09,16.758583
2009-01-10,13.361322
2009-01-11,5.771096
2009-01-12,4.1160793
2009-01-13,5.946852
2009-01-14,8.051199
2009-01-15,6.3246284
2009-01-16,13.329838
2009-01-17,9.943947
2009-01-18,10.076891
2009-01-19,10.164829
2009-01-20,10.889857
2009-01-21,13.197696
2009-01-22,11.197309
2009-01-23,10.064534
2009-01-24,14.768787
2009-01-25,15.584263
2009-01-26,10.921914
2009-01-27,15.652736
2009-01-28,11.2930155
2009-01-29,8.883788
2009-01-30,8.834311
2009-01-31,12.773309
2009-02-01,9.854755
2009-02-02,18.853704
2009-02-03,14.108075
2009-02-04,10.651773
2009-02-05,10.724008
2009-02-06,13.422468
2009-02-07,11.177414
2009-02-08,18.694557
2009-02-09,13.197975
2009-02-10,11.023534
2009-02-11,26.67266
2009-02-12,27.730597
2009-02-13,33.93712
2009-02-14,40.368237
2009-02-15,35.317154
2009-02-16,28.729267
2009-02-17,32.293995
2009-02-18,23.534523
2009-02-19,21.818993
2009-02-20,19.691582
2009-02-21,16.20451
2009-02-22,16.270542
2009-02-23,17.378428
2009-02-24,27.319267
2009-02-25,21.946016
2009-02-26,16.006256
2009-02-27,15.054144
2009-02-28,16.088446
2009-03-01,17.875095
2009-03-02,23.161295
2009-03-03,16.12774
2009-03-04,22.364029
2009-03-05,24.422855
2009-03-06,15.929229
2009-03-07,22.794538
2009-03-08,18.738953
2009-03-09,16.648851
2009-03-10,15.446697
2009-03-11,14.8735485
2009-03-12,14.37883
2009-03-13,13.472616
2009-03-14,13.2008095
2009-03-15,15.7297535
2009-03-16,20.112597
2009-03-17,13.548472
2009-03-18,10.350576
2009-03-19,14.457281
2009-03-20,16.032566
2009-03-21,11.05102
2009-03-22,16.461393
2009-03-23,14.626624
2009-03-24,12.691401
2009-03-25,12.518005
2009-03-26,12.994366
2009-03-27,13.952656
2009-03-28,15.507548
2009-03-29,14.226825
2009-03-30,15.856752
2009-03-31,13.994275
2009-04-01,15.511348
2009-04-02,14.403552
2009-04-03,17.448973
2009-04-04,12.7104
2009-04-05,12.162757
2009-04-06,11.455557
2009-04-07,12.35563
2009-04-08,15.181542
2009-04-09,34.993652
2009-04-10,22.036669
2009-04-11,17.504417
2009-04-12,15.21533
2009-04-13,15.344742
2009-04-14,13.554099
2009-04-15,22.970808
2009-04-16,45.78034
2009-04-17,41.391895
2009-04-18,32.2226
2009-04-19,26.672562
2009-04-20,24.225292
2009-04-21,28.676273
2009-04-22,28.889847
2009-04-23,24.52607
2009-04-24,17.867624
2009-04-25,21.628006
2009-04-26,26.014357
2009-04-27,33.24801
2009-04-28,38.76928
2009-04-29,35.46222
2009-04-30,28.92751
2009-05-01,29.56397
2009-05-02,24.275358
2009-05-03,20.537523
2009-05-04,18.731369
2009-05-05,16.764517
2009-05-06,17.550571
2009-05-07,23.379818
2009-05-08,20.170477
2009-05-09,14.156805
2009-05-10,25.916155
2009-05-11,17.098425
2009-05-12,13.75479
2009-05-13,44.743134
2009-05-14,28.168434
2009-05-15,14.937498
2009-05-16,14.165028
2009-05-17,17.680397
2009-05-18,15.121204
2009-05-19,16.930162
2009-05-20,14.757056
2009-05-21,16.30082
2009-05-22,16.25
2009-05-23,17.068487
2009-05-24,15.0702505
2009-05-25,20.82775
2009-05-26,15.032389
2009-05-27,11.487273
2009-05-28,11.271753
2009-05-29,10.450333
2009-05-30,13.647427
2009-05-31,10.818304
2009-06-01,22.24913
2009-06-02,15.56186
2009-06-03,10.521863
2009-06-04,59.3036
2009-06-05,35.82012
2009-06-06,21.034922
2009-06-07,27.175604
2009-06-08,22.758783
2009-06-09,20.081476
2009-06-10,22.166079
2009-06-11,19.535973
2009-06-12,27.989231
2009-06-13,24.059727
2009-06-14,22.005344
2009-06-15,21.99234
2009-06-16,21.701593
2009-06-17,21.779081
2009-06-18,20.324348
2009-06-19,19.063269
2009-06-20,19.677935
2009-06-21,17.922665
2009-06-22,15.120739
2009-06-23,13.4461355
2009-06-24,12.594415
2009-06-25,18.01011
2009-06-26,21.878353
2009-06-27,14.066913
2009-06-28,14.113443
2009-06-29,12.565844
2009-06-30,10.410747
2009-07-01,12.696109
2009-07-02,10.553138
2009-07-03,9.582973
2009-07-04,9.464583
2009-07-05,8.873279
2009-07-06,8.467037
2009-07-07,8.2067175
2009-07-08,9.657639
2009-07-09,8.432038
2009-07-10,13.148397
2009-07-11,10.322979
2009-07-12,7.4749
2009-07-13,12.464442
2009-07-14,10.281736
2009-07-15,19.840282
2009-07-16,15.287778
2009-07-17,11.48369
2009-07-18,11.284404
2009-07-19,17.812239
2009-07-20,13.142856
2009-07-21,10.619553
2009-07-22,10.270452
2009-07-23,10.299133
2009-07-24,11.968411
2009-07-25,16.973274
2009-07-26,12.522107
2009-07-27,9.220844
2009-07-28,8.61848
2009-07-29,8.51205
2009-07-30,8.2084875
2009-07-31,7.8947134
2009-08-01,10.907096
2009-08-02,10.138148
2009-08-03,7.6322227
2009-08-04,13.896692
2009-08-05,14.533688
2009-08-06,8.36873
2009-08-07,9.092982
2009-08-08,7.101772
2009-08-09,6.1933107
2009-08-10,7.706001
2009-08-11,16.378307
2009-08-12,13.694978
2009-08-13,10.874452
2009-08-14,7.3417974
2009-08-15,6.159869
2009-08-16,6.243753
2009-08-17,6.443683
2009-08-18,7.188777
2009-08-19,12.466019
2009-08-20,9.176554
2009-08-21,7.5123615
2009-08-22,14.912774
2009-08-23,13.742388
2009-08-24,9.897561
2009-08-25,9.903792
2009-08-26,22.518616
2009-08-27,21.858627
2009-08-28,14.464715
2009-08-29,12.287887
2009-08-30,12.266847
2009-08-31,11.831574
2009-09-01,11.338983
2009-09-02,10.963374
2009-09-03,14.150755
2009-09-04,12.110355
2009-09-05,10.075216
2009-09-06,13.585421
2009-09-07,10.491505
2009-09-08,8.418659
2009-09-09,7.922351
2009-09-10,16.772085
2009-09-11,12.693523
2009-09-12,9.005545
2009-09-13,7.1573625
2009-09-14,6.398096
2009-09-15,6.106853
2009-09-16,5.825118
2009-09-17,10.256405
2009-09-18,11.366444
2009-09-19,6.840021
2009-09-20,11.067721
2009-09-21,7.2522964
2009-09-22,5.578784
2009-09-23,6.1292214
2009-09-24,6.8650093
2009-09-25,5.124396
2009-09-26,4.316412
2009-09-27,4.2583537
2009-09-28,4.1145983
2009-09-29,15.704291
2009-09-30,15.279354
2009-10-01,10.338176
2009-10-02,5.101768
2009-10-03,6.312875
2009-10-04,4.604754
2009-10-05,8.732378
2009-10-06,8.832222
2009-10-07,5.2953653
2009-10-08,8.224269
2009-10-09,14.982304
2009-10-10,8.859157
2009-10-11,6.2360954
2009-10-12,6.4846563
2009-10-13,6.4691863
2009-10-14,6.2589607
2009-10-15,6.6424155
2009-10-16,6.45277
2009-10-17,10.209034
2009-10-18,7.398832
2009-10-19,6.145444
2009-10-20,9.127056
2009-10-21,6.658964
2009-10-22,7.1657133
2009-10-23,14.298258
2009-10-24,12.724292
2009-10-25,14.552644
2009-10-26,11.670535
2009-10-27,12.677482
2009-10-28,10.568439
2009-10-29,9.120091
2009-10-30,22.544495
2009-10-31,13.189362
2009-11-01,8.049355
2009-11-02,7.736173
2009-11-03,8.994523
2009-11-04,7.909213
2009-11-05,6.937968
2009-11-06,8.345204
2009-11-07,7.133444
2009-11-08,9.99084
2009-11-09,9.338312
2009-11-10,8.687901
2009-11-11,8.943657
2009-11-12,15.108196
2009-11-13,11.164321
2009-11-14,6.4850764
2009-11-15,5.71785
2009-11-16,5.782843
2009-11-17,5.7290463
2009-11-18,7.663332
2009-11-19,13.585399
2009-11-20,8.313799
2009-11-21,8.92794
2009-11-22,8.502762
2009-11-23,6.3968883
2009-11-24,11.801643
2009-11-25,12.125128
2009-11-26,7.6492186
2009-11-27,6.7124515
2009-11-28,18.324694
2009-11-29,16.98226
2009-11-30,14.303825
2009-12-01,13.3309555
2009-12-02,13.149166
2009-12-03,12.858233
2009-12-04,12.395104
2009-12-05,12.372182
2009-12-06,11.799812
2009-12-07,11.230038
2009-12-08,10.734303
2009-12-09,10.215117
2009-12-10,9.705359
2009-12-11,10.752941
2009-12-12,10.97894
2009-12-13,9.160107
2009-12-14,8.102264
2009-12-15,8.314519
2009-12-16,7.634889
2009-12-17,12.774673
2009-12-18,9.709907
2009-12-19,7.8116584
2009-12-20,10.435128
2009-12-21,7.6946325
2009-12-22,11.329243
2009-12-23,23.955807
2009-12-24,12.310796
2009-12-25,10.514579
2009-12-26,7.8563895
2009-12-27,21.08574
2009-12-28,14.903786
2009-12-29,15.482194
2009-12-30,12.502997
2009-12-31,10.663407
2010-01-01,10.348293
2010-01-02,10.47083
2010-01-03,9.970908
2010-01-04,9.149975
2010-01-05,8.382051
2010-01-06,7.7249136
2010-01-07,7.2036476
2010-01-08,6.7604566
2010-01-09,6.2970614
2010-01-10,6.381502
2010-01-11,5.7126536
2010-01-12,5.2968674
2010-01-13,4.937111
2010-01-14,4.617646
2010-01-15,4.3317356
2010-01-16,4.085713
2010-01-17,3.9081106
2010-01-18,4.076906
2010-01-19,3.7806582
2010-01-20,3.461241
2010-01-21,3.27666
2010-01-22,3.1216147
2010-01-23,3.0504823
2010-01-24,3.0173647
2010-01-25,2.776694
2010-01-26,8.558647
2010-01-27,7.402711
2010-01-28,7.3388534
2010-01-29,4.583559
2010-01-30,2.4149206
2010-01-31,2.2810361
2010-02-01,3.2009196
2010-02-02,12.758752
2010-02-03,5.859962
2010-02-04,4.53709
2010-02-05,2.793744
2010-02-06,3.4593465
2010-02-07,7.776539
2010-02-08,5.909128
2010-02-09,2.5970824
2010-02-10,1.8559418
2010-02-11,1.8652669
2010-02-12,1.8845444
2010-02-13,2.0837514
2010-02-14,5.542512
2010-02-15,2.9869394
2010-02-16,3.4392686
2010-02-17,10.622514
2010-02-18,7.0789876
2010-02-19,2.5955648
2010-02-20,14.500319
2010-02-21,7.039227
2010-02-22,3.6017802
2010-02-23,12.777007
2010-02-24,5.642371
2010-02-25,2.5894432
2010-02-26,2.6832154
2010-02-27,5.5915265
2010-02-28,4.228885
2010-03-01,3.9827251
2010-03-02,3.99328
2010-03-03,12.499542
2010-03-04,7.298636
2010-03-05,4.489578
2010-03-06,11.406127
2010-03-07,8.221746
2010-03-08,7.7858076
2010-03-09,6.8348565
2010-03-10,7.082514
2010-03-11,20.584671
2010-03-12,11.786977
2010-03-13,7.6202493
2010-03-14,29.965977
2010-03-15,19.326355
2010-03-16,12.344893
2010-03-17,14.399011
2010-03-18,18.978844
2010-03-19,16.367584
2010-03-20,19.362741
2010-03-21,26.441078
2010-03-22,27.804379
2010-03-23,34.699295
2010-03-24,31.614435
2010-03-25,22.465517
2010-03-26,18.074764
2010-03-27,60.83007
2010-03-28,29.726852
2010-03-29,16.168581
2010-03-30,15.07603
2010-03-31,14.398632
2010-04-01,16.786545
2010-04-02,14.511583
2010-04-03,12.817495
2010-04-04,21.313091
2010-04-05,16.40038
2010-04-06,27.968073
2010-04-07,21.052977
2010-04-08,18.823914
2010-04-09,17.095964
2010-04-10,16.613487
2010-04-11,16.181572
2010-04-12,17.702465
2010-04-13,16.418379
2010-04-14,18.427765
2010-04-15,21.977564
2010-04-16,16.882977
2010-04-17,13.194993
2010-04-18,12.457627
2010-04-19,15.500649
2010-04-20,17.917643
2010-04-21,12.553131
2010-04-22,9.93843
2010-04-23,46.78893
2010-04-24,22.758951
2010-04-25,16.301975
2010-04-26,11.70877
2010-04-27,28.617897
2010-04-28,27.981934
2010-04-29,68.068634
2010-04-30,54.093487
2010-05-01,40.250027
2010-05-02,33.017887
2010-05-03,25.773026
2010-05-04,30.766308
2010-05-05,35.849075
2010-05-06,113.83609
2010-05-07,64.662094
2010-05-08,32.49254
2010-05-09,36.88839
2010-05-10,25.303553
2010-05-11,23.866617
2010-05-12,19.212376
2010-05-13,16.264109
2010-05-14,15.173493
2010-05-15,14.054633
2010-05-16,12.890942
2010-05-17,11.805125
2010-05-18,10.894527
2010-05-19,10.09827
2010-05-20,9.358241
2010-05-21,11.328266
2010-05-22,10.280977
2010-05-23,8.421191
2010-05-24,7.5998015
2010-05-25,7.521514
2010-05-26,7.0770545
2010-05-27,7.9400373
2010-05-28,10.956531
2010-05-29,7.915341
2010-05-30,6.382502
2010-05-31,6.416958
2010-06-01,14.633296
2010-06-02,12.462918
2010-06-03,7.680996
2010-06-04,6.825181
2010-06-05,6.92205
2010-06-06,11.028154
2010-06-07,11.296699
2010-06-08,9.062081
2010-06-09,9.919758
2010-06-10,25.862343
2010-06-11,19.290516
2010-06-12,15.6521635
2010-06-13,15.212798
2010-06-14,14.508076
2010-06-15,13.673644
2010-06-16,12.988401
2010-06-17,16.80823
2010-06-18,13.212893
2010-06-19,16.744694
2010-06-20,12.52527
2010-06-21,9.711723
2010-06-22,9.235422
2010-06-23,8.734851
2010-06-24,8.278322
2010-06-25,7.8860354
2010-06-26,10.448294
2010-06-27,8.172728
2010-06-28,8.58774
2010-06-29,7.179049
2010-06-30,21.46698
2010-07-01,11.2911
2010-07-02,7.29475
2010-07-03,6.2529526
2010-07-04,9.918284
2010-07-05,7.9254937
2010-07-06,5.968536
2010-07-07,5.7505717
2010-07-08,9.27586
2010-07-09,6.798608
2010-07-10,8.594291
2010-07-11,7.904794
2010-07-12,14.8728695
2010-07-13,11.820552
2010-07-14,12.418673
2010-07-15,14.77962
2010-07-16,11.253463
2010-07-17,13.522631
2010-07-18,12.384691
2010-07-19,11.999846
2010-07-20,12.052967
2010-07-21,11.81295
2010-07-22,11.45902
2010-07-23,10.975297
2010-07-24,10.430288
2010-07-25,10.050429
2010-07-26,9.468693
2010-07-27,9.445731
2010-07-28,8.945464
2010-07-29,8.320632
2010-07-30,7.744323
2010-07-31,7.2861924
2010-08-01,6.8758965
2010-08-02,9.656144
2010-08-03,7.4431324
2010-08-04,7.882596
2010-08-05,7.295071
2010-08-06,5.9887314
2010-08-07,5.335556
2010-08-08,5.1052833
2010-08-09,4.9201174
2010-08-10,4.740912
2010-08-11,4.5457907
2010-08-12,4.3579993
2010-08-13,4.181279
2010-08-14,4.038758
2010-08-15,3.9458406
2010-08-16,3.7684665
2010-08-17,3.6119504
2010-08-18,3.4772835
2010-08-19,3.3336136
2010-08-20,3.184672
2010-08-21,3.0732348
2010-08-22,2.9758742
2010-08-23,2.8349466
2010-08-24,2.709772
2010-08-25,2.641163
2010-08-26,2.6167676
2010-08-27,2.520243
2010-08-28,2.408472
2010-08-29,2.4312832
2010-08-30,5.5295777
2010-08-31,3.3225696
2010-09-01,2.0742905
2010-09-02,1.9635938
2010-09-03,4.8567915
2010-09-04,2.9311938
2010-09-05,1.8108414
2010-09-06,2.4628327
2010-09-07,2.069476
2010-09-08,1.9208316
2010-09-09,1.7487239
2010-09-10,1.5906787
2010-09-11,1.5358751
2010-09-12,2.1259313
2010-09-13,1.6789762
2010-09-14,1.4301066
2010-09-15,5.877665
2010-09-16,3.3085322
2010-09-17,1.5325905
2010-09-18,1.3236177
2010-09-19,1.4006988
2010-09-20,1.3222139
2010-09-21,1.2027451
2010-09-22,1.1678516
2010-09-23,2.3723736
2010-09-24,1.6173769
2010-09-25,1.1433713
2010-09-26,1.0991738
2010-09-27,1.0310498
2010-09-28,0.9857665
2010-09-29,0.96983284
2010-09-30,0.9535998
2010-10-01,1.0412164
2010-10-02,0.93132704
2010-10-03,0.87207615
2010-10-04,2.8414114
2010-10-05,3.0664885
2010-10-06,1.5661582
2010-10-07,0.88095725
2010-10-08,0.8008424
2010-10-09,8.293001
2010-10-10,7.9115367
2010-10-11,2.5170562
2010-10-12,4.0668154
2010-10-13,2.019575
2010-10-14,0.7425049
2010-10-15,7.5978684
2010-10-16,4.0936203
2010-10-17,1.2178035
2010-10-18,4.4821043
2010-10-19,2.0224464
2010-10-20,2.9257197
2010-10-21,5.0885463
2010-10-22,2.2114017
2010-10-23,0.751344
2010-10-24,0.72567165
2010-10-25,6.273338
2010-10-26,2.6687036
2010-10-27,8.614494
2010-10-28,3.7189229
2010-10-29,0.77572966
2010-10-30,0.90055615
2010-10-31,5.3832192
2010-11-01,7.4104133
2010-11-02,15.760894
2010-11-03,9.073135
2010-11-04,1.9425234
2010-11-05,0.79958665
2010-11-06,1.080633
2010-11-07,1.8736722
2010-11-08,8.122723
2010-11-09,3.4126217
2010-11-10,3.560975
2010-11-11,4.033886
2010-11-12,4.395862
2010-11-13,2.1856918
2010-11-14,4.149081
2010-11-15,5.008417
2010-11-16,6.921683
2010-11-17,2.888925
2010-11-18,4.242506
2010-11-19,2.6738033
2010-11-20,3.324699
2010-11-21,4.123912
2010-11-22,4.9392667
2010-11-23,2.8734028
2010-11-24,6.3985186
2010-11-25,4.3972373
2010-11-26,4.6044345
2010-11-27,7.3219433
2010-11-28,5.4195876
2010-11-29,4.344916
2010-11-30,5.2981133
2010-12-01,5.375505
2010-12-02,4.9235024
2010-12-03,12.12308
2010-12-04,10.811498
2010-12-05,18.131712
2010-12-06,15.270578
2010-12-07,16.121155
2010-12-08,13.567283
2010-12-09,11.872222
2010-12-10,12.618632
2010-12-11,11.075025
2010-12-12,10.426368
2010-12-13,9.83473
2010-12-14,9.227055
2010-12-15,8.8269615
2010-12-16,12.423894
2010-12-17,12.874827
2010-12-18,9.143453
2010-12-19,7.8332663
2010-12-20,7.737292
2010-12-21,7.2350535
2010-12-22,12.042117
2010-12-23,12.994403
2010-12-24,8.153304
2010-12-25,6.252151
2010-12-26,11.056404
2010-12-27,11.963518
2010-12-28,7.6646085
2010-12-29,6.211044
2010-12-30,13.275448
2010-12-31,8.5286045
2011-01-01,6.004617
2011-01-02,5.9977183
2011-01-03,5.8846445
2011-01-04,6.737243
2011-01-05,12.098016
2011-01-06,7.70613
2011-01-07,5.4299917
2011-01-08,5.313227
2011-01-09,8.008382
2011-01-10,9.114291
2011-01-11,14.890937
2011-01-12,20.59213
2011-01-13,9.515768
2011-01-14,4.7912
2011-01-15,4.670332
2011-01-16,4.559422
2011-01-17,4.5301404
2011-01-18,13.904497
2011-01-19,8.047405
2011-01-20,4.4523444
2011-01-21,4.2581573
2011-01-22,4.2245817
2011-01-23,4.1534495
2011-01-24,4.1007485
2011-01-25,4.0085235
2011-01-26,3.9176335
2011-01-27,3.826273
2011-01-28,3.7253773
2011-01-29,8.18852
2011-01-30,5.3777037
2011-01-31,4.423104
2011-02-01,6.1521096
2011-02-02,4.7580457
2011-02-03,8.1254835
2011-02-04,5.094986
2011-02-05,15.36983
2011-02-06,7.2778983
2011-02-07,3.5242627
2011-02-08,3.232099
2011-02-09,10.239185
2011-02-10,5.8762803
2011-02-11,3.5294344
2011-02-12,6.753431
2011-02-13,5.0073676
2011-02-14,3.5025127
2011-02-15,5.3550005
2011-02-16,13.641468
2011-02-17,6.494904
2011-02-18,4.3353224
2011-02-19,3.9041433
2011-02-20,3.3621058
2011-02-21,3.565905
2011-02-22,9.747793
2011-02-23,5.6906137
2011-02-24,4.318694
2011-02-25,5.5266953
2011-02-26,8.188081
2011-02-27,16.03621
2011-02-28,10.614461
2011-03-01,7.060397
2011-03-02,8.04643
2011-03-03,6.273037
2011-03-04,8.290686
2011-03-05,8.7698
2011-03-06,6.0554485
2011-03-07,8.22782
2011-03-08,9.102655
2011-03-09,15.271665
2011-03-10,10.949107
2011-03-11,10.77047
2011-03-12,7.9992833
2011-03-13,9.082752
2011-03-14,8.890737
2011-03-15,7.786796
2011-03-16,8.084089
2011-03-17,6.712233
2011-03-18,14.438672
2011-03-19,19.831282
2011-03-20,27.33332
2011-03-21,25.616667
2011-03-22,19.57725
2011-03-23,17.483175
2011-03-24,30.654718
2011-03-25,41.517372
2011-03-26,43.562603
2011-03-27,46.46884
2011-03-28,37.936184
2011-03-29,29.86256
2011-03-30,23.8995
2011-03-31,30.383425
2011-04-01,24.23577
2011-04-02,19.203539
2011-04-03,25.418718
2011-04-04,19.900976
2011-04-05,19.64776
2011-04-06,37.15141
2011-04-07,140.69083
2011-04-08,70.75595
2011-04-09,25.398584
2011-04-10,36.526264
2011-04-11,41.85842
2011-04-12,22.895845
2011-04-13,16.65554
2011-04-14,14.606348
2011-04-15,14.545061
2011-04-16,16.816914
2011-04-17,13.543824
2011-04-18,11.070023
2011-04-19,10.329292
2011-04-20,13.028366
2011-04-21,10.929391
2011-04-22,11.3653345
2011-04-23,13.532319
2011-04-24,9.98696
2011-04-25,9.117554
2011-04-26,11.338545
2011-04-27,22.00314
2011-04-28,17.596123
2011-04-29,14.057609
2011-04-30,13.562993
2011-05-01,14.087446
2011-05-02,20.11487
2011-05-03,15.71521
2011-05-04,14.077979
2011-05-05,12.535805
2011-05-06,11.950776
2011-05-07,11.47627
2011-05-08,11.284048
2011-05-09,10.831374
2011-05-10,10.361041
2011-05-11,15.488182
2011-05-12,11.200654
2011-05-13,9.336886
2011-05-14,15.02966
2011-05-15,12.454903
2011-05-16,10.196878
2011-05-17,9.225312
2011-05-18,8.271678
2011-05-19,11.433947
2011-05-20,9.550644
2011-05-21,8.381659
2011-05-22,8.296354
2011-05-23,14.178124
2011-05-24,10.925295
2011-05-25,8.002993
2011-05-26,8.196965
2011-05-27,9.169496
2011-05-28,11.99944
2011-05-29,11.162769
2011-05-30,11.733274
2011-05-31,30.032076
2011-06-01,30.835833
2011-06-02,29.469608
2011-06-03,27.202026
2011-06-04,23.803402
2011-06-05,24.42688
2011-06-06,20.137661
2011-06-07,16.63771
2011-06-08,15.1567545
2011-06-09,13.698
2011-06-10,12.430047
2011-06-11,24.072296
2011-06-12,17.6149
2011-06-13,15.508564
2011-06-14,12.884686
2011-06-15,15.742588
2011-06-16,14.4499
2011-06-17,10.54161
2011-06-18,9.1907015
2011-06-19,9.382712
2011-06-20,8.973728
2011-06-21,8.651454
2011-06-22,14.724062
2011-06-23,23.513977
2011-06-24,13.147314
2011-06-25,8.76089
2011-06-26,9.02057
2011-06-27,16.033335
2011-06-28,12.936567
2011-06-29,12.488627
2011-06-30,13.651892
2011-07-01,14.801997
2011-07-02,14.823699
2011-07-03,24.042126
2011-07-04,28.632212
2011-07-05,46.759594
2011-07-06,32.785267
2011-07-07,24.528463
2011-07-08,22.388666
2011-07-09,19.971338
2011-07-10,18.43074
2011-07-11,16.508205
2011-07-12,15.368481
2011-07-13,14.110106
2011-07-14,13.015113
2011-07-15,12.048463
2011-07-16,11.264994
2011-07-17,11.691882
2011-07-18,18.511486
2011-07-19,12.68273
2011-07-20,10.13675
2011-07-21,9.180112
2011-07-22,8.674677
2011-07-23,9.572014
2011-07-24,8.548352
2011-07-25,13.641547
2011-07-26,11.152164
2011-07-27,9.470391
2011-07-28,9.703734
2011-07-29,9.509784
2011-07-30,9.100845
2011-07-31,8.820139
2011-08-01,10.165063
2011-08-02,11.499965
2011-08-03,8.736384
2011-08-04,8.094514
2011-08-05,7.819509
2011-08-06,17.395912
2011-08-07,12.369888
2011-08-08,9.823247
2011-08-09,10.316727
2011-08-10,10.318649
2011-08-11,16.624563
2011-08-12,12.221527
2011-08-13,9.460959
2011-08-14,9.138347
2011-08-15,12.009306
2011-08-16,10.660553
2011-08-17,8.728578
2011-08-18,8.431077
2011-08-19,8.185631
2011-08-20,7.8313327
2011-08-21,9.032926
2011-08-22,10.437346
2011-08-23,10.230995
2011-08-24,7.4786315
2011-08-25,6.448371
2011-08-26,6.2133927
2011-08-27,6.0814404
2011-08-28,5.846875
2011-08-29,5.6310015
2011-08-30,11.316069
2011-08-31,9.361168
2011-09-01,6.2954745
2011-09-02,10.426967
2011-09-03,6.8404746
2011-09-04,4.730809
2011-09-05,4.6079392
2011-09-06,4.4375815
2011-09-07,4.4352207
2011-09-08,4.2667146
2011-09-09,4.0487604
2011-09-10,3.919056
2011-09-11,4.882893
2011-09-12,7.8820815
2011-09-13,8.935408
2011-09-14,4.9908614
2011-09-15,5.0663414
2011-09-16,7.6512637
2011-09-17,4.6365047
2011-09-18,5.0646
2011-09-19,4.023272
2011-09-20,6.746595
2011-09-21,4.4913015
2011-09-22,3.1898365
2011-09-23,3.428841
2011-09-24,3.1277976
2011-09-25,3.2761955
2011-09-26,5.7719526
2011-09-27,4.9931297
2011-09-28,5.6607924
2011-09-29,3.943609
2011-09-30,3.158259
2011-10-01,3.3098643
2011-10-02,3.2430806
2011-10-03,3.8603165
2011-10-04,6.660345
2011-10-05,10.004133
2011-10-06,5.551674
2011-10-07,23.241674
2011-10-08,14.041801
2011-10-09,20.309372
2011-10-10,19.196453
2011-10-11,17.294035
2011-10-12,16.909311
2011-10-13,15.070464
2011-10-14,13.927847
2011-10-15,13.1336975
2011-10-16,11.984207
2011-10-17,15.58082
2011-10-18,15.074618
2011-10-19,11.069962
2011-10-20,9.468002
2011-10-21,8.803442
2011-10-22,8.220823
2011-10-23,7.851821
2011-10-24,8.600311
2011-10-25,7.9239
2011-10-26,6.9195685
2011-10-27,7.022133
2011-10-28,10.940105
2011-10-29,7.8836265
2011-10-30,6.872249
2011-10-31,6.43571
2011-11-01,5.894801
2011-11-02,5.5440927
2011-11-03,5.315027
2011-11-04,6.4193735
2011-11-05,5.269181
2011-11-06,6.4044957
2011-11-07,5.0317044
2011-11-08,6.184762
2011-11-09,7.7162576
2011-11-10,5.2963815
2011-11-11,4.211487
2011-11-12,4.9231215
2011-11-13,12.010519
2011-11-14,6.6398926
2011-11-15,7.5484447
2011-11-16,9.294517
2011-11-17,7.545474
2011-11-18,5.0448427
2011-11-19,4.4415507
2011-11-20,10.791046
2011-11-21,11.841417
2011-11-22,6.9205213
2011-11-23,7.059175
2011-11-24,11.289214
2011-11-25,8.655647
2011-11-26,7.6535854
2011-11-27,7.8346477
2011-11-28,8.465895
2011-11-29,11.507752
2011-11-30,9.300893
2011-12-01,7.393831
2011-12-02,12.309976
2011-12-03,9.316369
2011-12-04,6.853638
2011-12-05,6.6016574
2011-12-06,6.9467607
2011-12-07,11.427939
2011-12-08,13.336129
2011-12-09,9.91338
2011-12-10,7.0565953
2011-12-11,7.7232513
2011-12-12,9.241589
2011-12-13,8.859881
2011-12-14,7.9819064
2011-12-15,12.576851
2011-12-16,15.005216
2011-12-17,9.858602
2011-12-18,9.147935
2011-12-19,8.440948
2011-12-20,8.585601
2011-12-21,18.337763
2011-12-22,26.178753
2011-12-23,20.095247
2011-12-24,17.6763
2011-12-25,18.89819
2011-12-26,22.526579
2011-12-27,28.627525
2011-12-28,33.791046
2011-12-29,29.125929
2011-12-30,24.992092
2011-12-31,24.859404
2012-01-01,21.050938
2012-01-02,17.31011
2012-01-03,15.010132
2012-01-04,13.303364
2012-01-05,12.935254
2012-01-06,12.411765
2012-01-07,14.149038
2012-01-08,16.558865
2012-01-09,12.506944
2012-01-10,12.720369
2012-01-11,9.095635
2012-01-12,7.277833
2012-01-13,10.522068
2012-01-14,8.352365
2012-01-15,7.457905
2012-01-16,9.607254
2012-01-17,8.505533
2012-01-18,6.8032465
2012-01-19,7.101533
2012-01-20,7.1218276
2012-01-21,6.575676
2012-01-22,7.762402
2012-01-23,6.4790072
2012-01-24,5.8989367
2012-01-25,5.707991
2012-01-26,5.518623
2012-01-27,7.9934807
2012-01-28,34.397
2012-01-29,15.172978
2012-01-30,6.410992
2012-01-31,8.218748
2012-02-01,11.633825
2012-02-02,7.915164
2012-02-03,6.9364395
2012-02-04,5.7778707
2012-02-05,7.264962
2012-02-06,33.51993
2012-02-07,54.154755
2012-02-08,41.42904
2012-02-09,31.129984
2012-02-10,23.8887
2012-02-11,21.207644
2012-02-12,21.215092
2012-02-13,21.325378
2012-02-14,17.156538
2012-02-15,14.738807
2012-02-16,13.798442
2012-02-17,12.648418
2012-02-18,11.679892
2012-02-19,10.853717
2012-02-20,10.570607
2012-02-21,13.210415
2012-02-22,10.317462
2012-02-23,9.299496
2012-02-24,8.466628
2012-02-25,8.3748255
2012-02-26,7.795281
2012-02-27,12.291984
2012-02-28,11.390335
2012-02-29,7.691183
2012-03-01,7.9441223
2012-03-02,7.5879264
2012-03-03,14.390489
2012-03-04,10.415136
2012-03-05,7.1917987
2012-03-06,8.756449
2012-03-07,7.9336767
2012-03-08,19.692896
2012-03-09,15.623391
2012-03-10,12.443513
2012-03-11,13.3468485
2012-03-12,17.782812
2012-03-13,18.648464
2012-03-14,24.287489
2012-03-15,22.196678
2012-03-16,21.72725
2012-03-17,28.930326
2012-03-18,38.26547
2012-03-19,40.328728
2012-03-20,32.96911
2012-03-21,26.27525
2012-03-22,24.493103
2012-03-23,26.88585
2012-03-24,19.261507
2012-03-25,18.310259
2012-03-26,28.945818
2012-03-27,17.84724
2012-03-28,15.966905
2012-03-29,13.226969
2012-03-30,16.374342
2012-03-31,18.240965
2012-04-01,22.621706
2012-04-02,32.80644
2012-04-03,33.535313
2012-04-04,29.53365
2012-04-05,24.652166
2012-04-06,21.30945
2012-04-07,18.154596
2012-04-08,17.589214
2012-04-09,18.60375
2012-04-10,15.245752
2012-04-11,23.230412
2012-04-12,17.612253
2012-04-13,18.666895
2012-04-14,14.052981
2012-04-15,13.197612
2012-04-16,11.608872
2012-04-17,18.972857
2012-04-18,15.013092
2012-04-19,11.795736
2012-04-20,25.340322
2012-04-21,23.32851
2012-04-22,16.891552
2012-04-23,26.185625
2012-04-24,28.844584
2012-04-25,26.861147
2012-04-26,24.035849
2012-04-27,20.734121
2012-04-28,18.104958
2012-04-29,20.905502
2012-04-30,17.647448
2012-05-01,22.957508
2012-05-02,31.236105
2012-05-03,18.085155
2012-05-04,12.448319
2012-05-05,12.57529
2012-05-06,15.485201
2012-05-07,20.405903
2012-05-08,15.871717
2012-05-09,14.007936
2012-05-10,13.770838
2012-05-11,13.389036
2012-05-12,12.878899
2012-05-13,12.457016
2012-05-14,11.849569
2012-05-15,15.935094
2012-05-16,25.126648
2012-05-17,16.917805
2012-05-18,20.592861
2012-05-19,24.198158
2012-05-20,22.929876
2012-05-21,24.56434
2012-05-22,30.021076
2012-05-23,27.123318
2012-05-24,22.113863
2012-05-25,23.61414
2012-05-26,21.813704
2012-05-27,18.936409
2012-05-28,17.44262
2012-05-29,17.671495
2012-05-30,24.731606
2012-05-31,17.572163
2012-06-01,13.7564745
2012-06-02,16.502424
2012-06-03,15.557482
2012-06-04,13.432209
2012-06-05,12.640355
2012-06-06,20.829155
2012-06-07,14.866288
2012-06-08,16.79866
2012-06-09,13.336658
2012-06-10,12.389783
2012-06-11,11.589467
2012-06-12,11.419216
2012-06-13,11.226792
2012-06-14,10.988066
2012-06-15,14.779881
2012-06-16,11.778102
2012-06-17,9.862719
2012-06-18,9.45733
2012-06-19,9.041106
2012-06-20,10.069674
2012-06-21,11.801913
2012-06-22,11.601243
2012-06-23,17.442425
2012-06-24,16.518341
2012-06-25,10.777
2012-06-26,9.302524
2012-06-27,13.2759905
2012-06-28,10.224205
2012-06-29,12.179477
2012-06-30,9.902622
2012-07-01,9.23513
2012-07-02,10.902119
2012-07-03,9.846382
2012-07-04,12.500481
2012-07-05,14.839557
2012-07-06,10.54533
2012-07-07,8.939747
2012-07-08,9.840775
2012-07-09,18.191034
2012-07-10,13.69117
2012-07-11,10.903899
2012-07-12,10.716592
2012-07-13,9.998337
2012-07-14,9.554656
2012-07-15,13.719353
2012-07-16,13.057877
2012-07-17,14.735903
2012-07-18,12.337343
2012-07-19,36.686558
2012-07-20,38.887943
2012-07-21,31.766527
2012-07-22,25.014542
2012-07-23,24.558647
2012-07-24,20.488857
2012-07-25,16.113903
2012-07-26,18.860535
2012-07-27,14.780312
2012-07-28,16.720005
2012-07-29,13.343486
2012-07-30,12.91027
2012-07-31,15.158806
2012-08-01,14.693341
2012-08-02,10.6313925
2012-08-03,9.041745
2012-08-04,8.678971
2012-08-05,9.188189
2012-08-06,12.742091
2012-08-07,9.368434
2012-08-08,7.4702125
2012-08-09,7.201993
2012-08-10,6.9267282
2012-08-11,6.6723084
2012-08-12,6.4797287
2012-08-13,6.2731876
2012-08-14,7.510504
2012-08-15,8.151985
2012-08-16,6.4549937
2012-08-17,5.731325
2012-08-18,13.169336
2012-08-19,8.825305
2012-08-20,6.844768
2012-08-21,7.0037117
2012-08-22,8.161578
2012-08-23,9.929346
2012-08-24,10.3478775
2012-08-25,10.04945
2012-08-26,9.794069
2012-08-27,9.604426
2012-08-28,9.472372
2012-08-29,9.329571
2012-08-30,10.361725
2012-08-31,9.043289
2012-09-01,8.170274
2012-09-02,8.942459
2012-09-03,8.075306
2012-09-04,7.321812
2012-09-05,6.983433
2012-09-06,6.683505
2012-09-07,6.3774724
2012-09-08,6.1344905
2012-09-09,12.239292
2012-09-10,7.9553657
2012-09-11,13.269571
2012-09-12,8.046749
2012-09-13,7.7945833
2012-09-14,5.8100343
2012-09-15,6.019286
2012-09-16,4.965694
2012-09-17,4.268409
2012-09-18,4.1140523
2012-09-19,3.971703
2012-09-20,3.8231816
2012-09-21,3.7777057
2012-09-22,3.60432
2012-09-23,7.1882315
2012-09-24,7.3346434
2012-09-25,5.0637727
2012-09-26,3.5602744
2012-09-27,9.381297
2012-09-28,6.9012713
2012-09-29,3.57855
2012-09-30,2.9673593
2012-10-01,9.211856
2012-10-02,5.200197
2012-10-03,2.8371985
2012-10-04,2.810037
2012-10-05,3.667779
2012-10-06,3.0218043
2012-10-07,2.9916801
2012-10-08,8.518911
2012-10-09,4.864584
2012-10-10,2.604841
2012-10-11,2.503153
2012-10-12,2.5964923
2012-10-13,6.2127113
2012-10-14,7.112484
2012-10-15,3.4599752
2012-10-16,2.505312
2012-10-17,10.689141
2012-10-18,15.111749
2012-10-19,9.62232
2012-10-20,4.4608626
2012-10-21,4.3804884
2012-10-22,6.0252233
2012-10-23,4.71299
2012-10-24,4.2999187
2012-10-25,16.72304
2012-10-26,11.950417
2012-10-27,8.980875
2012-10-28,8.919265
2012-10-29,8.683539
2012-10-30,8.536524
2012-10-31,9.116704
2012-11-01,8.221022
2012-11-02,7.502016
2012-11-03,7.17685
2012-11-04,6.9901066
2012-11-05,7.645004
2012-11-06,8.445088
2012-11-07,6.9028826
2012-11-08,6.0243983
2012-11-09,5.766685
2012-11-10,5.701894
2012-11-11,5.3858294
2012-11-12,5.6866164
2012-11-13,7.0155287
2012-11-14,6.6575174
2012-11-15,5.5388236
2012-11-16,6.462032
2012-11-17,7.9857492
2012-11-18,19.435492
2012-11-19,10.210462
2012-11-20,4.6831107
2012-11-21,9.740037
2012-11-22,8.897215
2012-11-23,10.95898
2012-11-24,9.14731
2012-11-25,19.981888
2012-11-26,12.537424
2012-11-27,14.078307
2012-11-28,10.710239
2012-11-29,9.154238
2012-11-30,9.229492
2012-12-01,8.839472
2012-12-02,9.141507
2012-12-03,8.515883
2012-12-04,8.122644
2012-12-05,13.269301
2012-12-06,16.986767
2012-12-07,10.267269
2012-12-08,7.9735136
2012-12-09,15.750742
2012-12-10,66.05073
2012-12-11,46.61287
2012-12-12,28.950825
2012-12-13,24.215492
2012-12-14,20.53064
2012-12-15,17.55409
2012-12-16,15.16749
2012-12-17,13.528574
2012-12-18,15.450053
2012-12-19,12.340567
2012-12-20,11.53459
2012-12-21,9.980505
2012-12-22,9.261156
2012-12-23,42.958897
2012-12-24,25.108582
2012-12-25,10.69494
2012-12-26,9.418786
2012-12-27,12.468214
2012-12-28,16.399067
2012-12-29,14.607701
2012-12-30,14.18188
2012-12-31,15.077653
2013-01-01,14.645043
2013-01-02,13.320335
2013-01-03,15.034105
2013-01-04,13.420098
2013-01-05,14.057908
2013-01-06,12.276816
2013-01-07,11.206444
2013-01-08,10.81257
2013-01-09,10.422639
2013-01-10,10.013079
2013-01-11,9.6582575
2013-01-12,9.783916
2013-01-13,9.021246
2013-01-14,8.455447
2013-01-15,8.010687
2013-01-16,7.710214
2013-01-17,7.326389
2013-01-18,6.8314037
2013-01-19,11.009812
2013-01-20,8.600182
2013-01-21,5.924807
2013-01-22,5.6650605
2013-01-23,6.579667
2013-01-24,12.092478
2013-01-25,8.791723
2013-01-26,5.1431675
2013-01-27,4.363543
2013-01-28,7.2999825
2013-01-29,16.563732
2013-01-30,8.085259
2013-01-31,14.490246
2013-02-01,7.5853086
2013-02-02,5.124892
2013-02-03,4.0554514
2013-02-04,4.1375437
2013-02-05,8.2355175
2013-02-06,5.7456875
2013-02-07,4.151381
2013-02-08,3.4717798
2013-02-09,3.3243995
2013-02-10,4.6975946
2013-02-11,6.7346964
2013-02-12,5.816365
2013-02-13,6.6030726
2013-02-14,10.189199
2013-02-15,23.623783
2013-02-16,11.819871
2013-02-17,6.356654
2013-02-18,6.781645
2013-02-19,14.285056
2013-02-20,16.493246
2013-02-21,12.616781
2013-02-22,12.412503
2013-02-23,17.541405
2013-02-24,18.633633
2013-02-25,17.789536
2013-02-26,20.772617
2013-02-27,23.947174
2013-02-28,17.537903
2013-03-01,16.539621
2013-03-02,15.005357
2013-03-03,13.499099
2013-03-04,15.098167
2013-03-05,14.293769
2013-03-06,13.041543
2013-03-07,12.10153
2013-03-08,14.469724
2013-03-09,15.715614
2013-03-10,15.553575
2013-03-11,12.31031
2013-03-12,13.272758
2013-03-13,17.284523
2013-03-14,39.260624
2013-03-15,34.788612
2013-03-16,24.585417
2013-03-17,33.300236
2013-03-18,59.25486
2013-03-19,55.978127
2013-03-20,40.884956
2013-03-21,31.722298
2013-03-22,26.246426
2013-03-23,25.861055
2013-03-24,27.240696
2013-03-25,19.302065
2013-03-26,14.867116
2013-03-27,21.77985
2013-03-28,20.09233
2013-03-29,16.993572
2013-03-30,12.088526
2013-03-31,10.8954115
2013-04-01,12.796574
2013-04-02,16.054699
2013-04-03,13.9707
2013-04-04,10.143279
2013-04-05,12.792697
2013-04-06,12.4536295
2013-04-07,9.303279
2013-04-08,17.283213
2013-04-09,15.818999
2013-04-10,12.908678
2013-04-11,10.573764
2013-04-12,9.828666
2013-04-13,17.52899
2013-04-14,16.008448
2013-04-15,12.7378645
2013-04-16,13.951527
2013-04-17,27.199635
2013-04-18,28.919651
2013-04-19,24.970211
2013-04-20,28.10538
2013-04-21,25.394712
2013-04-22,22.80634
2013-04-23,26.244423
2013-04-24,20.724216
2013-04-25,16.587172
2013-04-26,14.91067
2013-04-27,13.550092
2013-04-28,12.33062
2013-04-29,11.255557
2013-04-30,10.3483715
2013-05-01,9.596252
2013-05-02,9.453704
2013-05-03,8.933276
2013-05-04,7.870894
2013-05-05,8.103575
2013-05-06,7.400525
2013-05-07,16.367147
2013-05-08,12.772478
2013-05-09,7.510305
2013-05-10,5.7251945
2013-05-11,5.4263973
2013-05-12,5.3658576
2013-05-13,13.97499
2013-05-14,8.461835
2013-05-15,7.740502
2013-05-16,7.9052734
2013-05-17,5.6201596
2013-05-18,4.8460455
2013-05-19,5.2453547
2013-05-20,14.32304
2013-05-21,21.257448
2013-05-22,29.0071
2013-05-23,15.569094
2013-05-24,11.148561
2013-05-25,21.927158
2013-05-26,17.32064
2013-05-27,15.634242
2013-05-28,14.819218
2013-05-29,14.184305
2013-05-30,13.703759
2013-05-31,19.20878
2013-06-01,21.322266
2013-06-02,15.640881
2013-06-03,27.88278
2013-06-04,29.673244
2013-06-05,28.56772
2013-06-06,22.664095
2013-06-07,18.577942
2013-06-08,17.008484
2013-06-09,17.807405
2013-06-10,16.370209
2013-06-11,13.993573
2013-06-12,12.689973
2013-06-13,12.375772
2013-06-14,11.485679
2013-06-15,12.9378195
2013-06-16,11.242579
2013-06-17,10.030262
2013-06-18,11.381568
2013-06-19,12.317628
2013-06-20,12.479871
2013-06-21,11.332991
2013-06-22,10.310458
2013-06-23,9.5316305
2013-06-24,9.294131
2013-06-25,11.588604
2013-06-26,13.944092
2013-06-27,16.685968
2013-06-28,23.005062
2013-06-29,21.228065
2013-06-30,20.141056
2013-07-01,32.20679
2013-07-02,22.98882
2013-07-03,19.228867
2013-07-04,22.329865
2013-07-05,21.900448
2013-07-06,111.01674
2013-07-07,64.531815
2013-07-08,24.02483
2013-07-09,23.667389
2013-07-10,19.362694
2013-07-11,16.356564
2013-07-12,15.572487
2013-07-13,14.628301
2013-07-14,14.793371
2013-07-15,13.282902
2013-07-16,12.740835
2013-07-17,16.479261
2013-07-18,13.416421
2013-07-19,11.222303
2013-07-20,10.665097
2013-07-21,12.568039
2013-07-22,14.17278
2013-07-23,11.548498
2013-07-24,16.426277
2013-07-25,13.161143
2013-07-26,12.314616
2013-07-27,10.251818
2013-07-28,10.1020565
2013-07-29,10.643723
2013-07-30,10.789219
2013-07-31,10.423483
2013-08-01,10.091088
2013-08-02,9.794829
2013-08-03,9.510267
2013-08-04,9.318061
2013-08-05,9.036099
2013-08-06,9.681615
2013-08-07,12.33161
2013-08-08,9.678534
2013-08-09,8.196711
2013-08-10,7.9942746
2013-08-11,26.513794
2013-08-12,49.912457
2013-08-13,27.473785
2013-08-14,20.753078
2013-08-15,20.47291
2013-08-16,32.435135
2013-08-17,24.541807
2013-08-18,19.543037
2013-08-19,18.926254
2013-08-20,17.948036
2013-08-21,18.344196
2013-08-22,16.550869
2013-08-23,14.964892
2013-08-24,16.16376
2013-08-25,18.249083
2013-08-26,13.785273
2013-08-27,14.375695
2013-08-28,12.252442
2013-08-29,14.229897
2013-08-30,11.830872
2013-08-31,10.2283745
2013-09-01,9.83819
2013-09-02,9.395133
2013-09-03,8.925524
2013-09-04,8.484989
2013-09-05,11.770806
2013-09-06,9.246257
2013-09-07,7.5231104
2013-09-08,7.0866776
2013-09-09,7.4975142
2013-09-10,6.6283145
2013-09-11,6.2408595
2013-09-12,5.956265
2013-09-13,5.6762977
2013-09-14,5.3797555
2013-09-15,5.7163725
2013-09-16,5.851331
2013-09-17,7.485732
2013-09-18,8.284136
2013-09-19,5.505267
2013-09-20,4.875918
2013-09-21,4.4032397
2013-09-22,4.0491085
2013-09-23,3.8854387
2013-09-24,10.165694
2013-09-25,10.018928
2013-09-26,5.1172237
2013-09-27,4.096836
2013-09-28,3.6061535
2013-09-29,3.484888
2013-09-30,3.6177828
2013-10-01,3.3842952
2013-10-02,3.2037776
2013-10-03,8.531269
2013-10-04,10.123906
2013-10-05,12.191556
2013-10-06,17.142761
2013-10-07,10.928149
2013-10-08,4.738026
2013-10-09,5.743599
2013-10-10,5.639071
2013-10-11,11.161933
2013-10-12,10.02256
2013-10-13,17.474401
2013-10-14,23.70174
2013-10-15,15.381811
2013-10-16,13.555659
2013-10-17,23.974464
2013-10-18,24.759916
2013-10-19,21.17499
2013-10-20,19.586065
2013-10-21,16.564396
2013-10-22,14.44788
2013-10-23,15.178309
2013-10-24,12.578485
2013-10-25,14.079036
2013-10-26,14.155864
2013-10-27,10.245956
2013-10-28,8.5969
2013-10-29,7.9803834
2013-10-30,7.4288063
2013-10-31,6.92412
2013-11-01,7.2816386
2013-11-02,6.5931296
2013-11-03,11.565999
2013-11-04,9.693691
2013-11-05,6.8931274
2013-11-06,5.754035
2013-11-07,5.3814077
2013-11-08,8.320752
2013-11-09,6.2109857
2013-11-10,4.8747406
2013-11-11,5.9619083
2013-11-12,5.9646616
2013-11-13,4.7380805
2013-11-14,10.574562
2013-11-15,7.646946
2013-11-16,4.6022325
2013-11-17,4.1219664
2013-11-18,5.3200474
2013-11-19,4.5364017
2013-11-20,9.719955
2013-11-21,14.317459
2013-11-22,21.400541
2013-11-23,16.967808
2013-11-24,10.939133
2013-11-25,11.839205
2013-11-26,11.213649
2013-11-27,10.351947
2013-11-28,10.008524
2013-11-29,14.43284
2013-11-30,11.524294
2013-12-01,9.250563
2013-12-02,9.218461
2013-12-03,18.619728
2013-12-04,20.116852
2013-12-05,24.507969
2013-12-06,18.291597
2013-12-07,14.150876
2013-12-08,17.28953
2013-12-09,14.268313
2013-12-10,15.464145
2013-12-11,14.836809
2013-12-12,12.154381
2013-12-13,13.424782
2013-12-14,11.620675
2013-12-15,15.794583
2013-12-16,12.810308
2013-12-17,11.492469
2013-12-18,9.874978
2013-12-19,9.330916
2013-12-20,9.032856
2013-12-21,8.661105
2013-12-22,8.24194
2013-12-23,7.9030967
2013-12-24,7.5723844
2013-12-25,7.227947
2013-12-26,6.892777
2013-12-27,6.57691
2013-12-28,10.28842
2013-12-29,7.4771338
2013-12-30,5.85413
2013-12-31,5.731793
2014-01-01,5.397759
2014-01-02,5.3807425
2014-01-03,5.058529
2014-01-04,6.754923
2014-01-05,11.121337
2014-01-06,22.09714
2014-01-07,18.629673
2014-01-08,9.8032
2014-01-09,9.096674
2014-01-10,16.036077
2014-01-11,12.921614
2014-01-12,10.958476
2014-01-13,10.707614
2014-01-14,10.3094
2014-01-15,10.070474
2014-01-16,9.608069
2014-01-17,11.190408
2014-01-18,15.863779
2014-01-19,22.06025
2014-01-20,13.158366
2014-01-21,9.899881
2014-01-22,9.373935
2014-01-23,8.888752
2014-01-24,9.983201
2014-01-25,8.496801
2014-01-26,7.929341
2014-01-27,7.617736
2014-01-28,9.441387
2014-01-29,8.048151
2014-01-30,7.0168066
2014-01-31,6.560359
2014-02-01,10.552257
2014-02-02,8.015606
2014-02-03,6.267491
2014-02-04,6.2220097
2014-02-05,6.910358
2014-02-06,19.430317
2014-02-07,41.35822
2014-02-08,19.080927
2014-02-09,11.41676
2014-02-10,8.024232
2014-02-11,9.662212
2014-02-12,13.448911
2014-02-13,13.567643
2014-02-14,13.691951
2014-02-15,13.651504
2014-02-16,13.08408
2014-02-17,12.582289
2014-02-18,11.901761
2014-02-19,11.3095
2014-02-20,10.665366
2014-02-21,10.328333
2014-02-22,30.891436
2014-02-23,16.5688
2014-02-24,20.129395
2014-02-25,17.51332
2014-02-26,13.985859
2014-02-27,10.393559
2014-02-28,18.93104
2014-03-01,12.453311
2014-03-02,14.591478
2014-03-03,16.47964
2014-03-04,26.453104
2014-03-05,26.19899
2014-03-06,58.254868
2014-03-07,40.28458
2014-03-08,26.78377
2014-03-09,23.16667
2014-03-10,31.993017
2014-03-11,22.977053
2014-03-12,17.993382
2014-03-13,16.466091
2014-03-14,23.195272
2014-03-15,24.802795
2014-03-16,15.9318495
2014-03-17,17.474047
2014-03-18,13.90829
2014-03-19,16.255756
2014-03-20,13.895818
2014-03-21,11.535562
2014-03-22,15.082307
2014-03-23,19.865408
2014-03-24,15.540993
2014-03-25,17.891146
2014-03-26,23.86024
2014-03-27,25.442308
2014-03-28,28.048471
2014-03-29,23.70566
2014-03-30,28.139858
2014-03-31,21.405754
2014-04-01,16.634697
2014-04-02,14.932923
2014-04-03,14.866925
2014-04-04,13.012402
2014-04-05,11.695599
2014-04-06,19.79187
2014-04-07,18.785715
2014-04-08,17.176855
2014-04-09,14.610514
2014-04-10,10.21341
2014-04-11,13.332728
2014-04-12,13.941284
2014-04-13,9.925076
2014-04-14,8.168881
2014-04-15,8.506903
2014-04-16,11.083865
2014-04-17,9.266088
2014-04-18,15.682895
2014-04-19,15.954844
2014-04-20,9.574762
2014-04-21,12.5043335
2014-04-22,9.3856735
2014-04-23,7.7590423
2014-04-24,8.020906
2014-04-25,18.534489
2014-04-26,13.980053
2014-04-27,10.037317
2014-04-28,14.471313
2014-04-29,16.364511
2014-04-30,101.78694
2014-05-01,64.15137
2014-05-02,28.794598
2014-05-03,21.618216
2014-05-04,60.23488
2014-05-05,43.429134
2014-05-06,30.020008
2014-05-07,26.014528
2014-05-08,24.863031
2014-05-09,27.250195
2014-05-10,25.408274
2014-05-11,19.781702
2014-05-12,21.510584
2014-05-13,31.0691
2014-05-14,22.902945
2014-05-15,17.737404
2014-05-16,18.77935
2014-05-17,20.178677
2014-05-18,22.69799
2014-05-19,24.406649
2014-05-20,23.540005
2014-05-21,21.655418
2014-05-22,19.395164
2014-05-23,17.466473
2014-05-24,18.043364
2014-05-25,19.587831
2014-05-26,17.464943
2014-05-27,14.120593
2014-05-28,14.543967
2014-05-29,15.255862
2014-05-30,12.88142
2014-05-31,11.639098
2014-06-01,11.017533
2014-06-02,45.060646
2014-06-03,31.984509
2014-06-04,20.088285
2014-06-05,18.746689
2014-06-06,17.880148
2014-06-07,16.796757
2014-06-08,15.695096
2014-06-09,14.434643
2014-06-10,14.063528
2014-06-11,16.637848
2014-06-12,12.857295
2014-06-13,10.785851
2014-06-14,13.826579
2014-06-15,50.4473
2014-06-16,33.524475
2014-06-17,17.147942
2014-06-18,14.676725
2014-06-19,14.589922
2014-06-20,14.131891
2014-06-21,13.632796
2014-06-22,13.043021
2014-06-23,12.380787
2014-06-24,12.733343
2014-06-25,12.217324
2014-06-26,11.230407
2014-06-27,10.425608
2014-06-28,12.159497
2014-06-29,13.851078
2014-06-30,10.434355
2014-07-01,10.385807
2014-07-02,9.155633
2014-07-03,8.386648
2014-07-04,8.153353
2014-07-05,10.488697
2014-07-06,11.804746
2014-07-07,11.49235
2014-07-08,11.291413
2014-07-09,25.939653
2014-07-10,35.944695
2014-07-11,24.078882
2014-07-12,21.513645
2014-07-13,18.816956
2014-07-14,16.858822
2014-07-15,24.368305
2014-07-16,18.254015
2014-07-17,18.018288
2014-07-18,18.788706
2014-07-19,14.528663
2014-07-20,12.831227
2014-07-21,13.021964
2014-07-22,11.87364
2014-07-23,10.9591
2014-07-24,10.615595
2014-07-25,14.709978
2014-07-26,15.313784
2014-07-27,12.176887
2014-07-28,13.256532
2014-07-29,11.690542
2014-07-30,9.520588
2014-07-31,8.566418
2014-08-01,8.488336
2014-08-02,8.8036585
2014-08-03,15.24385
2014-08-04,17.116295
2014-08-05,12.168922
2014-08-06,13.080825
2014-08-07,12.461928
2014-08-08,12.703725
2014-08-09,20.81317
2014-08-10,19.977623
2014-08-11,14.483781
2014-08-12,12.742283
2014-08-13,17.88616
2014-08-14,14.967912
2014-08-15,12.974199
2014-08-16,13.933879
2014-08-17,13.212329
2014-08-18,12.546176
2014-08-19,12.25195
2014-08-20,12.236456
2014-08-21,11.66535
2014-08-22,11.097064
2014-08-23,10.580667
2014-08-24,10.002906
2014-08-25,9.441751
2014-08-26,9.079051
2014-08-27,8.504619
2014-08-28,8.053137
2014-08-29,11.651303
2014-08-30,9.025297
2014-08-31,7.0379047
2014-09-01,6.5671945
2014-09-02,6.2655745
2014-09-03,5.901796
2014-09-04,5.573281
2014-09-05,7.5423245
2014-09-06,8.062675
2014-09-07,5.5946827
2014-09-08,6.5681014
2014-09-09,6.2783585
2014-09-10,4.6201777
2014-09-11,4.035297
2014-09-12,10.284148
2014-09-13,6.3672757
2014-09-14,3.7265913
2014-09-15,3.555978
2014-09-16,8.903517
2014-09-17,5.371488
2014-09-18,3.2922359
2014-09-19,3.223776
2014-09-20,3.0774205
2014-09-21,3.015724
2014-09-22,3.8647368
2014-09-23,4.8278723
2014-09-24,3.371247
2014-09-25,2.6173544
2014-09-26,2.5448825
2014-09-27,2.6064384
2014-09-28,3.4416876
2014-09-29,6.18964
2014-09-30,6.098387
2014-10-01,3.1565132
2014-10-02,7.5308337
2014-10-03,10.374016
2014-10-04,15.635422
2014-10-05,6.366442
2014-10-06,2.3833654
2014-10-07,3.5332046
2014-10-08,3.546528
2014-10-09,6.859905
2014-10-10,3.8254611
2014-10-11,2.6645758
2014-10-12,12.968541
2014-10-13,6.420183
2014-10-14,12.285856
2014-10-15,9.912754
2014-10-16,6.3562717
2014-10-17,4.5044365
2014-10-18,4.6337714
2014-10-19,4.814844
2014-10-20,9.439242
2014-10-21,6.8281684
2014-10-22,14.951221
2014-10-23,15.941633
2014-10-24,8.086258
2014-10-25,4.8377485
2014-10-26,7.26084
2014-10-27,10.330405
2014-10-28,6.6213245
2014-10-29,5.112641
2014-10-30,5.1277695
2014-10-31,5.0327888
2014-11-01,4.9939637
2014-11-02,6.80332
2014-11-03,5.829284
2014-11-04,5.5193124
2014-11-05,6.476308
2014-11-06,5.2253036
2014-11-07,6.4436445
2014-11-08,9.840572
2014-11-09,5.8811493
2014-11-10,4.3888206
2014-11-11,8.707809
2014-11-12,6.723357
2014-11-13,4.5384727
2014-11-14,6.100509
2014-11-15,16.755804
2014-11-16,11.992227
2014-11-17,21.988775
2014-11-18,19.236187
2014-11-19,16.958454
2014-11-20,16.162788
2014-11-21,16.966698
2014-11-22,18.505487
2014-11-23,14.545116
2014-11-24,12.052932
2014-11-25,11.609267
2014-11-26,20.749508
2014-11-27,17.662643
2014-11-28,17.35764
2014-11-29,21.109465
2014-11-30,38.695152
2014-12-01,24.895737
2014-12-02,22.377855
2014-12-03,30.522753
2014-12-04,23.159683
2014-12-05,29.311134
2014-12-06,26.186413
2014-12-07,21.232143
2014-12-08,19.44039
2014-12-09,18.085526
2014-12-10,18.53053
2014-12-11,17.04678
2014-12-12,14.404188
2014-12-13,12.4111
2014-12-14,11.127493
2014-12-15,10.183309
2014-12-16,9.725746
2014-12-17,16.07827
2014-12-18,10.979271
2014-12-19,8.010016
2014-12-20,7.564338
2014-12-21,7.1969786
2014-12-22,6.8186584
2014-12-23,6.452299
2014-12-24,6.08617
2014-12-25,7.761752
2014-12-26,6.449903
2014-12-27,5.4573197
2014-12-28,5.7913117
2014-12-29,5.256243
2014-12-30,4.8723283
2014-12-31,6.2019587
2015-01-01,5.8070846
2015-01-02,6.052021
2015-01-03,5.3374734
2015-01-04,4.8965793
2015-01-05,4.9772573
2015-01-06,4.84166
2015-01-07,4.7573156
2015-01-08,4.680105
2015-01-09,4.5522304
2015-01-10,7.4773254
2015-01-11,5.704011
2015-01-12,12.4592285
2015-01-13,7.2417808
2015-01-14,8.549235
2015-01-15,10.27762
2015-01-16,10.467746
2015-01-17,7.231986
2015-01-18,5.7259574
2015-01-19,10.2808895
2015-01-20,9.967741
2015-01-21,9.530645
2015-01-22,13.876557
2015-01-23,19.392185
2015-01-24,17.58359
2015-01-25,15.960856
2015-01-26,15.503923
2015-01-27,14.47111
2015-01-28,16.779886
2015-01-29,14.437847
2015-01-30,12.8156595
2015-01-31,12.248566
2015-02-01,14.205665
2015-02-02,22.134743
2015-02-03,19.33841
2015-02-04,26.579134
2015-02-05,24.801098
2015-02-06,23.140245
2015-02-07,23.604958
2015-02-08,20.254435
2015-02-09,21.77233
2015-02-10,19.141424
2015-02-11,15.3276005
2015-02-12,13.766928
2015-02-13,14.5899935
2015-02-14,14.211601
2015-02-15,15.392579
2015-02-16,13.017531
2015-02-17,10.311779
2015-02-18,9.61685
2015-02-19,9.085209
2015-02-20,8.557889
2015-02-21,8.684471
2015-02-22,9.433682
2015-02-23,7.802639
2015-02-24,6.9041257
2015-02-25,6.6843815
2015-02-26,6.454615
2015-02-27,6.4864793
2015-02-28,6.093216
2015-03-01,6.0865192
2015-03-02,5.948412
2015-03-03,5.427883
2015-03-04,5.6161785
2015-03-05,4.8718104
2015-03-06,5.1478996
2015-03-07,5.2395825
2015-03-08,8.525635
2015-03-09,5.7216845
2015-03-10,4.5225186
2015-03-11,4.468397
2015-03-12,4.5135417
2015-03-13,5.570994
2015-03-14,5.001462
2015-03-15,12.249033
2015-03-16,18.372494
2015-03-17,9.560672
2015-03-18,15.6123905
2015-03-19,28.184935
2015-03-20,17.508158
2015-03-21,16.549875
2015-03-22,16.270061
2015-03-23,25.10593
2015-03-24,31.853619
2015-03-25,37.699055
2015-03-26,37.055126
2015-03-27,27.561565
2015-03-28,23.030796
2015-03-29,21.427382
2015-03-30,29.707216
2015-03-31,24.258053
2015-04-01,17.991938
2015-04-02,28.753881
2015-04-03,21.71136
2015-04-04,19.552914
2015-04-05,23.521425
2015-04-06,25.528233
2015-04-07,26.017284
2015-04-08,114.93491
2015-04-09,66.20866
2015-04-10,28.982723
2015-04-11,26.864283
2015-04-12,29.102736
2015-04-13,21.072023
2015-04-14,16.824055
2015-04-15,15.224287
2015-04-16,14.5011215
2015-04-17,19.062956
2015-04-18,13.946499
2015-04-19,23.016172
2015-04-20,17.137726
2015-04-21,14.719251
2015-04-22,17.993984
2015-04-23,25.275282
2015-04-24,22.281881
2015-04-25,17.281631
2015-04-26,17.631367
2015-04-27,16.982502
2015-04-28,19.041088
2015-04-29,17.349543
2015-04-30,16.22011
2015-05-01,15.805696
2015-05-02,15.462977
2015-05-03,14.625744
2015-05-04,14.125359
2015-05-05,17.925121
2015-05-06,18.000927
2015-05-07,13.735246
2015-05-08,11.508239
2015-05-09,11.10472
2015-05-10,11.409815
2015-05-11,15.948573
2015-05-12,15.894798
2015-05-13,16.500965
2015-05-14,12.997745
2015-05-15,13.051361
2015-05-16,13.348276
2015-05-17,13.758523
2015-05-18,19.087755
2015-05-19,15.329714
2015-05-20,13.297846
2015-05-21,14.090311
2015-05-22,14.116272
2015-05-23,13.097349
2015-05-24,15.36621
2015-05-25,13.150345
2015-05-26,17.582005
2015-05-27,14.046111
2015-05-28,12.076493
2015-05-29,14.123786
2015-05-30,12.205711
2015-05-31,11.597347
2015-06-01,11.736872
2015-06-02,17.54332
2015-06-03,12.423733
2015-06-04,23.0813
2015-06-05,17.964056
2015-06-06,11.504654
2015-06-07,9.538795
2015-06-08,10.020286
2015-06-09,9.064527
2015-06-10,8.47765
2015-06-11,10.0009985
2015-06-12,8.511766
2015-06-13,10.09496
2015-06-14,8.483455
2015-06-15,7.748545
2015-06-16,8.52765
2015-06-17,27.855303
2015-06-18,39.497692
2015-06-19,24.733898
2015-06-20,29.142345
2015-06-21,33.016468
2015-06-22,28.759651
2015-06-23,26.240637
2015-06-24,24.373735
2015-06-25,22.112839
2015-06-26,20.92192
2015-06-27,18.971004
2015-06-28,18.054588
2015-06-29,16.001162
2015-06-30,14.518823
2015-07-01,13.380714
2015-07-02,19.909546
2015-07-03,22.023636
2015-07-04,13.711653
2015-07-05,16.365955
2015-07-06,16.777845
2015-07-07,11.352668
2015-07-08,11.968148
2015-07-09,10.588763
2015-07-10,14.857444
2015-07-11,12.1931095
2015-07-12,12.072724
2015-07-13,16.635193
2015-07-14,15.03428
2015-07-15,13.8656845
2015-07-16,13.450762
2015-07-17,13.958766
2015-07-18,12.844976
2015-07-19,13.571954
2015-07-20,12.273172
2015-07-21,11.4800625
2015-07-22,11.068604
2015-07-23,22.711115
2015-07-24,23.211367
2015-07-25,14.313906
2015-07-26,14.741355
2015-07-27,18.075111
2015-07-28,22.408398
2015-07-29,21.726059
2015-07-30,20.192371
2015-07-31,18.495014
2015-08-01,17.8564
2015-08-02,15.608332
2015-08-03,13.821806
2015-08-04,12.65132
2015-08-05,15.446292
2015-08-06,13.46731
2015-08-07,10.445842
2015-08-08,9.250387
2015-08-09,9.945042
2015-08-10,9.134342
2015-08-11,17.771748
2015-08-12,20.555552
2015-08-13,10.576914
2015-08-14,7.056943
2015-08-15,7.013666
2015-08-16,6.8361073
2015-08-17,6.4315915
2015-08-18,9.497497
2015-08-19,7.2043386
2015-08-20,5.840175
2015-08-21,5.7361217
2015-08-22,5.4589024
2015-08-23,5.2179136
2015-08-24,12.163415
2015-08-25,9.044661
2015-08-26,5.3450303
2015-08-27,4.566923
2015-08-28,10.399417
2015-08-29,8.294013
2015-08-30,4.9547606
2015-08-31,4.090497
2015-09-01,3.967176
2015-09-02,7.4415994
2015-09-03,5.171005
2015-09-04,3.6754088
2015-09-05,3.5590804
2015-09-06,3.6759913
2015-09-07,3.4256556
2015-09-08,6.1843452
2015-09-09,4.26055
2015-09-10,3.2442858
2015-09-11,3.0928395
2015-09-12,3.7659745
2015-09-13,3.1356826
2015-09-14,2.7229226
2015-09-15,2.6245432
2015-09-16,2.5302749
2015-09-17,2.4543571
2015-09-18,2.3936822
2015-09-19,2.4691255
2015-09-20,6.5297837
2015-09-21,3.9049878
2015-09-22,2.221923
2015-09-23,5.329393
2015-09-24,10.999176
2015-09-25,4.940759
2015-09-26,2.0321136
2015-09-27,2.1280494
2015-09-28,2.0289721
2015-09-29,1.9269257
2015-09-30,1.8682377
2015-10-01,1.8446611
2015-10-02,3.707953
2015-10-03,2.4882622
2015-10-04,5.6083465
2015-10-05,3.3393466
2015-10-06,1.867868
2015-10-07,2.0604548
2015-10-08,1.7830673
2015-10-09,1.6512295
2015-10-10,4.2575536
2015-10-11,2.4696527
2015-10-12,1.587492
2015-10-13,1.6122491
2015-10-14,1.8425636
2015-10-15,1.7171965
2015-10-16,2.852876
2015-10-17,3.2638733
2015-10-18,1.8906907
2015-10-19,6.931725
2015-10-20,3.524139
2015-10-21,1.4848177
2015-10-22,1.5007148
2015-10-23,2.1731758
2015-10-24,4.9815373
2015-10-25,7.9691505
2015-10-26,6.8740044
2015-10-27,3.0255556
2015-10-28,7.8819814
2015-10-29,25.123804
2015-10-30,10.646115
2015-10-31,3.2227411
2015-11-01,6.5366974
2015-11-02,6.376615
2015-11-03,4.137232
2015-11-04,3.9321232
2015-11-05,3.6061838
2015-11-06,8.106648
2015-11-07,4.619081
2015-11-08,8.229403
2015-11-09,7.8625584
2015-11-10,3.890528
2015-11-11,8.430948
2015-11-12,5.845984
2015-11-13,7.2811747
2015-11-14,8.341184
2015-11-15,5.33374
2015-11-16,3.982087
2015-11-17,3.64378
2015-11-18,8.374655
2015-11-19,6.0827775
2015-11-20,4.887755
2015-11-21,5.158626
2015-11-22,8.188455
2015-11-23,6.4866667
2015-11-24,8.6881485
2015-11-25,5.988492
2015-11-26,11.004421
2015-11-27,7.0188446
2015-11-28,4.5956335
2015-11-29,4.6607065
2015-11-30,12.202701
2015-12-01,26.245564
2015-12-02,30.33761
2015-12-03,24.704351
2015-12-04,21.127071
2015-12-05,20.426308
2015-12-06,19.297039
2015-12-07,18.617556
2015-12-08,16.32528
2015-12-09,14.660417
2015-12-10,12.9707
2015-12-11,16.790909
2015-12-12,12.813408
2015-12-13,10.195181
2015-12-14,9.530005
2015-12-15,12.97864
2015-12-16,22.053526
2015-12-17,13.020766
2015-12-18,14.577998
2015-12-19,11.499069
2015-12-20,7.951775
2015-12-21,7.8066516
2015-12-22,7.421009
2015-12-23,11.199722
2015-12-24,12.782895
2015-12-25,8.493001
2015-12-26,13.832998
2015-12-27,14.949435
2015-12-28,8.867593
2015-12-29,7.226525
2015-12-30,8.749378
2015-12-31,8.31334
2016-01-01,8.302077
2016-01-02,7.8488927
2016-01-03,9.471714
2016-01-04,8.2805195
2016-01-05,7.500046
2016-01-06,7.339747
2016-01-07,7.476663
2016-01-08,7.2452955
2016-01-09,10.363124
2016-01-10,7.9823847
2016-01-11,10.36821
2016-01-12,7.87769
2016-01-13,5.9838214
2016-01-14,5.7835197
2016-01-15,5.500495
2016-01-16,5.2454643
2016-01-17,5.0242014
2016-01-18,4.8248224
2016-01-19,4.6184983
2016-01-20,4.427876
2016-01-21,4.2546744
2016-01-22,4.146429
2016-01-23,4.0107517
2016-01-24,3.820584
2016-01-25,3.725544
2016-01-26,3.6136227
2016-01-27,3.4109168
2016-01-28,3.2379868
2016-01-29,3.0922017
2016-01-30,2.989017
2016-01-31,5.910295
2016-02-01,3.8353121
2016-02-02,2.616947
2016-02-03,2.5415335
2016-02-04,3.8887298
2016-02-05,2.9664035
2016-02-06,3.2271495
2016-02-07,4.3308268
2016-02-08,2.7853372
2016-02-09,6.7762737
2016-02-10,4.082033
2016-02-11,10.569748
2016-02-12,5.199279
2016-02-13,5.309812
2016-02-14,5.9770265
2016-02-15,3.102472
2016-02-16,11.445191
2016-02-17,5.702599
2016-02-18,2.3319664
2016-02-19,2.534912
2016-02-20,2.661325
2016-02-21,2.6106648
2016-02-22,3.35243
2016-02-23,3.8901756
2016-02-24,8.570731
2016-02-25,6.7985044
2016-02-26,6.770007
2016-02-27,5.7479353
2016-02-28,10.531514
2016-02-29,9.855849
2016-03-01,9.388226
2016-03-02,7.72564
2016-03-03,13.627803
2016-03-04,24.261848
2016-03-05,30.93734
2016-03-06,28.300201
2016-03-07,24.769932
2016-03-08,27.920929
2016-03-09,25.004179
2016-03-10,20.673712
2016-03-11,18.4844
2016-03-12,16.827213
2016-03-13,15.822724
2016-03-14,15.267447
2016-03-15,15.931742
2016-03-16,13.353026
2016-03-17,11.208799
2016-03-18,11.060435
2016-03-19,9.911034
2016-03-20,11.1424055
2016-03-21,18.105932
2016-03-22,11.685499
2016-03-23,13.961854
2016-03-24,10.481857
2016-03-25,8.200155
2016-03-26,7.8983216
2016-03-27,10.572561
2016-03-28,8.3961315
2016-03-29,8.791304
2016-03-30,10.693907
2016-03-31,20.433943
2016-04-01,15.427681
2016-04-02,11.323204
2016-04-03,13.996511
2016-04-04,9.646413
2016-04-05,13.094968
2016-04-06,16.74876
2016-04-07,15.817929
2016-04-08,12.431627
2016-04-09,24.184427
2016-04-10,21.763527
2016-04-11,21.439693
2016-04-12,20.209406
2016-04-13,33.965862
2016-04-14,26.49393
2016-04-15,33.370373
2016-04-16,28.833406
2016-04-17,24.077309
2016-04-18,23.997835
2016-04-19,21.17599
2016-04-20,25.199305
2016-04-21,22.20946
2016-04-22,17.90095
2016-04-23,28.699015
2016-04-24,30.111805
2016-04-25,17.88178
2016-04-26,13.582755
2016-04-27,14.911915
2016-04-28,15.158902
2016-04-29,46.36159
2016-04-30,33.66899
2016-05-01,25.08793
2016-05-02,23.155403
2016-05-03,20.823988
2016-05-04,18.907799
2016-05-05,21.279024
2016-05-06,18.078188
2016-05-07,15.787743
2016-05-08,14.445738
2016-05-09,13.3461
2016-05-10,14.109669
2016-05-11,12.274155
2016-05-12,20.172684
2016-05-13,26.118086
2016-05-14,18.308796
2016-05-15,18.724958
2016-05-16,17.693722
2016-05-17,16.01668
2016-05-18,16.15456
2016-05-19,11.787237
2016-05-20,9.849184
2016-05-21,16.347012
2016-05-22,17.589
2016-05-23,18.468594
2016-05-24,11.264271
2016-05-25,30.04201
2016-05-26,37.61917
2016-05-27,33.899998
2016-05-28,27.435476
2016-05-29,23.165152
2016-05-30,19.83812
2016-05-31,17.582932
2016-06-01,16.178179
2016-06-02,15.862091
2016-06-03,14.619945
2016-06-04,13.148711
2016-06-05,12.184924
2016-06-06,11.9510975
2016-06-07,166.93849
2016-06-08,87.01229
2016-06-09,35.34006
2016-06-10,24.931236
2016-06-11,31.615215
2016-06-12,23.823622
2016-06-13,18.685764
2016-06-14,18.051893
2016-06-15,18.421432
2016-06-16,16.479458
2016-06-17,14.665195
2016-06-18,13.100167
2016-06-19,20.003279
2016-06-20,14.328811
2016-06-21,11.658032
2016-06-22,12.790685
2016-06-23,12.236327
2016-06-24,13.877135
2016-06-25,12.254291
2016-06-26,11.209119
2016-06-27,10.939191
2016-06-28,12.3165045
2016-06-29,11.105741
2016-06-30,10.552561
2016-07-01,9.8904705
2016-07-02,9.323518
2016-07-03,9.34409
2016-07-04,8.888837
2016-07-05,8.657721
2016-07-06,8.454297
2016-07-07,8.39475
2016-07-08,8.646648
2016-07-09,8.204093
2016-07-10,8.618145
2016-07-11,7.874393
2016-07-12,7.6603785
2016-07-13,7.8342075
2016-07-14,11.546315
2016-07-15,11.049876
2016-07-16,7.918006
2016-07-17,6.9338245
2016-07-18,7.3789096
2016-07-19,7.1336417
2016-07-20,7.398519
2016-07-21,7.1086345
2016-07-22,6.608147
2016-07-23,6.3727016
2016-07-24,6.2738676
2016-07-25,14.697989
2016-07-26,11.9620285
2016-07-27,7.4708614
2016-07-28,7.562726
2016-07-29,6.6370716
2016-07-30,6.08103
2016-07-31,7.763772
2016-08-01,6.0956163
2016-08-02,5.4759603
2016-08-03,5.6439896
2016-08-04,5.655
2016-08-05,5.697736
2016-08-06,5.6658397
2016-08-07,5.5877533
2016-08-08,8.578686
2016-08-09,9.758882
2016-08-10,6.544398
2016-08-11,5.277555
2016-08-12,10.349115
2016-08-13,6.813423
2016-08-14,4.832989
2016-08-15,4.6724334
2016-08-16,4.551849
2016-08-17,5.1752553
2016-08-18,7.348136
2016-08-19,5.211588
2016-08-20,7.165169
2016-08-21,5.0625076
2016-08-22,6.6141415
2016-08-23,14.354315
2016-08-24,7.232193
2016-08-25,3.5597417
2016-08-26,3.4513783
2016-08-27,4.423454
2016-08-28,3.7100036
2016-08-29,3.253754
2016-08-30,3.1755545
2016-08-31,3.6458552
2016-09-01,8.929202
2016-09-02,12.178053
2016-09-03,5.432486
2016-09-04,2.8842294
2016-09-05,11.896053
2016-09-06,9.688643
2016-09-07,16.481194
2016-09-08,7.3500133
2016-09-09,4.6973233
2016-09-10,5.4306583
2016-09-11,5.588553
2016-09-12,5.6523333
2016-09-13,5.4846606
2016-09-14,5.293551
2016-09-15,9.730917
2016-09-16,7.6421475
2016-09-17,5.4189534
2016-09-18,5.9610696
2016-09-19,5.661967
2016-09-20,14.4757
2016-09-21,8.13563
2016-09-22,4.451112
2016-09-23,4.3418818
2016-09-24,4.5738535
2016-09-25,4.291599
2016-09-26,6.8641863
2016-09-27,5.059584
2016-09-28,3.938124
2016-09-29,6.254639
2016-09-30,4.445532
2016-10-01,3.6986785
2016-10-02,3.8668382
2016-10-03,18.129093
2016-10-04,10.83413
2016-10-05,6.003239
2016-10-06,8.175227
2016-10-07,6.62098
2016-10-08,7.1300616
2016-10-09,6.273102
2016-10-10,13.140137
2016-10-11,13.94352
2016-10-12,9.334296
2016-10-13,14.079524
2016-10-14,11.500275
2016-10-15,8.95158
2016-10-16,10.485232
2016-10-17,9.289409
2016-10-18,8.549818
2016-10-19,8.716381
2016-10-20,8.287342
2016-10-21,7.928219
2016-10-22,7.6461687
2016-10-23,7.725124
2016-10-24,7.2431045
2016-10-25,8.689572
2016-10-26,7.3106728
2016-10-27,6.4847593
2016-10-28,6.258799
2016-10-29,34.46697
2016-10-30,17.917122
2016-10-31,7.5821323
2016-11-01,7.22126
2016-11-02,7.1241307
2016-11-03,6.9393897
2016-11-04,10.04446
2016-11-05,15.014523
2016-11-06,9.528471
2016-11-07,6.7511706
2016-11-08,6.876605
2016-11-09,6.893088
2016-11-10,7.684438
2016-11-11,14.924399
2016-11-12,21.399395
2016-11-13,14.807963
2016-11-14,11.784044
2016-11-15,11.495176
2016-11-16,11.113632
2016-11-17,10.625981
2016-11-18,10.483927
2016-11-19,13.273637
2016-11-20,16.988144
2016-11-21,11.123831
2016-11-22,8.436994
2016-11-23,8.729231
2016-11-24,8.757137
2016-11-25,8.820879
2016-11-26,19.23142
2016-11-27,13.942515
2016-11-28,26.741404
2016-11-29,26.072289
2016-11-30,25.356619
2016-12-01,21.19873
2016-12-02,19.633781
2016-12-03,16.752552
2016-12-04,15.156121
2016-12-05,13.877682
2016-12-06,12.614668
2016-12-07,11.687246
2016-12-08,14.715464
2016-12-09,12.990575
2016-12-10,10.074783
2016-12-11,10.879407
2016-12-12,10.856925
2016-12-13,9.066835
2016-12-14,7.803003
2016-12-15,7.206581
2016-12-16,9.108072
2016-12-17,10.184579
2016-12-18,7.4060307
2016-12-19,6.425034
2016-12-20,6.410096
2016-12-21,6.174969
2016-12-22,6.1934547
2016-12-23,6.1863294
2016-12-24,14.451316
2016-12-25,11.479417
2016-12-26,6.878558
2016-12-27,17.025803
2016-12-28,14.413099
2016-12-29,20.605366
2016-12-30,11.091797
2016-12-31,12.079616
2017-01-01,10.98018
2017-01-02,8.857901
2017-01-03,54.551975
2017-01-04,34.97156
2017-01-05,25.591103
2017-01-06,37.009
2017-01-07,68.55785
2017-01-08,47.22127
2017-01-09,31.202526
2017-01-10,25.449322
2017-01-11,23.707737
2017-01-12,23.578737
2017-01-13,17.783258
2017-01-14,14.544448
2017-01-15,24.044373
2017-01-16,17.73357
2017-01-17,12.015229
2017-01-18,10.679747
2017-01-19,9.985242
2017-01-20,9.353292
2017-01-21,13.743672
2017-01-22,10.178186
2017-01-23,7.966118
2017-01-24,7.5545588
2017-01-25,7.1729403
2017-01-26,7.065737
2017-01-27,9.532651
2017-01-28,8.879392
2017-01-29,6.8054886
2017-01-30,6.447781
2017-01-31,6.343658
2017-02-01,8.187122
2017-02-02,8.517253
2017-02-03,9.646832
2017-02-04,8.722375
2017-02-05,13.785835
2017-02-06,8.656514
2017-02-07,9.04467
2017-02-08,27.91108
2017-02-09,15.530067
2017-02-10,18.453815
2017-02-11,15.057484
2017-02-12,11.72977
2017-02-13,9.357121
2017-02-14,9.237829
2017-02-15,10.213427
2017-02-16,11.877566
2017-02-17,10.817665
2017-02-18,9.397197
2017-02-19,16.788647
2017-02-20,15.447829
2017-02-21,13.897849
2017-02-22,13.537892
2017-02-23,14.197749
2017-02-24,13.358164
2017-02-25,15.849731
2017-02-26,24.387993
2017-02-27,22.807787
2017-02-28,17.907312
2017-03-01,20.010738
2017-03-02,20.863157
2017-03-03,19.179413
2017-03-04,19.584257
2017-03-05,18.245829
2017-03-06,16.562319
2017-03-07,14.756231
2017-03-08,18.0791
2017-03-09,17.80607
2017-03-10,13.64309
2017-03-11,15.853883
2017-03-12,20.093819
2017-03-13,13.708859
2017-03-14,11.17506
2017-03-15,16.139647
2017-03-16,16.79606
2017-03-17,11.443373
2017-03-18,11.559442
2017-03-19,18.335325
2017-03-20,14.915782
2017-03-21,21.8952
2017-03-22,27.129974
2017-03-23,36.239952
2017-03-24,36.119293
2017-03-25,34.76091
2017-03-26,27.980942
2017-03-27,23.658106
2017-03-28,26.29734
2017-03-29,21.162123
2017-03-30,39.505863
2017-03-31,51.82141
2017-04-01,50.597347
2017-04-02,43.03038
2017-04-03,31.807789
2017-04-04,25.707289
2017-04-05,21.576458
2017-04-06,20.10106
2017-04-07,16.770866
2017-04-08,27.931221
2017-04-09,18.119675
2017-04-10,17.092155
2017-04-11,12.683615
2017-04-12,15.456402
2017-04-13,22.203362
2017-04-14,26.595825
2017-04-15,22.630316
2017-04-16,19.643188
2017-04-17,23.525833
2017-04-18,19.791248
2017-04-19,19.92966
2017-04-20,17.887718
2017-04-21,15.256626
2017-04-22,17.692831
2017-04-23,19.718712
2017-04-24,22.294962
2017-04-25,15.593142
2017-04-26,14.161486
2017-04-27,30.71791
2017-04-28,21.6626
2017-04-29,26.355787
2017-04-30,43.992413
2017-05-01,139.78496
2017-05-02,66.09005
2017-05-03,26.862906
2017-05-04,21.048298
2017-05-05,29.4735
2017-05-06,21.224283
2017-05-07,22.356527
2017-05-08,29.936638
2017-05-09,34.619007
2017-05-10,30.076975
2017-05-11,31.0007
2017-05-12,25.350765
2017-05-13,21.193558
2017-05-14,29.929195
2017-05-15,25.639786
2017-05-16,18.534641
2017-05-17,18.883781
2017-05-18,40.259876
2017-05-19,41.307327
2017-05-20,33.18591
2017-05-21,38.731243
2017-05-22,29.554842
2017-05-23,170.29008
2017-05-24,88.514175
2017-05-25,31.312887
2017-05-26,25.151415
2017-05-27,23.953089
2017-05-28,20.95545
2017-05-29,20.05603
2017-05-30,17.223503
2017-05-31,14.048199
2017-06-01,16.758558
2017-06-02,13.491544
2017-06-03,15.568126
2017-06-04,60.268055
2017-06-05,37.71071
2017-06-06,33.02872
2017-06-07,27.339418
2017-06-08,23.095009
2017-06-09,21.61813
2017-06-10,24.474592
2017-06-11,32.84622
2017-06-12,86.549095
2017-06-13,45.864494
2017-06-14,34.09384
2017-06-15,84.54381
2017-06-16,55.2305
2017-06-17,27.904726
2017-06-18,20.214952
2017-06-19,17.514833
2017-06-20,16.955448
2017-06-21,18.826622
2017-06-22,15.746063
2017-06-23,13.107669
2017-06-24,11.797053
2017-06-25,11.055696
2017-06-26,11.992446
2017-06-27,10.251097
2017-06-28,9.32307
2017-06-29,14.510683
2017-06-30,31.87179
2017-07-01,15.736309
2017-07-02,16.044016
2017-07-03,18.581345
2017-07-04,17.264488
2017-07-05,16.627897
2017-07-06,17.390198
2017-07-07,16.871895
2017-07-08,16.298506
2017-07-09,15.61512
2017-07-10,16.056635
2017-07-11,13.878407
2017-07-12,12.830884
2017-07-13,11.930732
2017-07-14,11.092003
2017-07-15,10.326721
2017-07-16,9.602039
2017-07-17,8.952112
2017-07-18,11.486668
2017-07-19,11.522861
2017-07-20,10.53181
2017-07-21,8.02388
2017-07-22,7.060787
2017-07-23,6.742351
2017-07-24,11.0865965
2017-07-25,15.008511
2017-07-26,8.923869
2017-07-27,8.388187
2017-07-28,6.582845
2017-07-29,5.84926
2017-07-30,5.78128
2017-07-31,5.7257886
2017-08-01,5.6043687
2017-08-02,5.4369345
2017-08-03,5.283843
2017-08-04,5.6607842
2017-08-05,7.766153
2017-08-06,6.942866
2017-08-07,5.3557734
2017-08-08,7.9967346
2017-08-09,6.2178025
2017-08-10,10.224156
2017-08-11,6.5389166
2017-08-12,4.3929033
2017-08-13,4.667884
2017-08-14,10.124249
2017-08-15,5.926575
2017-08-16,4.0049663
2017-08-17,3.9322026
2017-08-18,3.8387833
2017-08-19,5.253355
2017-08-20,3.9280746
2017-08-21,3.6843274
2017-08-22,13.899273
2017-08-23,31.391895
2017-08-24,12.39489
2017-08-25,3.6981208
2017-08-26,17.639034
2017-08-27,9.212827
2017-08-28,4.4196043
2017-08-29,4.8984275
2017-08-30,4.4038935
2017-08-31,4.2523956
2017-09-01,4.2112694
2017-09-02,4.2050595
2017-09-03,5.0760036
2017-09-04,13.025605
2017-09-05,7.3779073
2017-09-06,4.152383
2017-09-07,10.905926
2017-09-08,6.453638
2017-09-09,3.8493135
2017-09-10,7.444014
2017-09-11,5.180035
2017-09-12,5.9293385
2017-09-13,7.8699903
2017-09-14,5.9626465
2017-09-15,4.9590096
2017-09-16,5.8640733
2017-09-17,5.9122887
2017-09-18,5.938456
2017-09-19,5.5085173
2017-09-20,5.313348
2017-09-21,5.251609
2017-09-22,5.216061
2017-09-23,6.391379
2017-09-24,10.200146
2017-09-25,7.868818
2017-09-26,6.9219017
2017-09-27,6.6397643
2017-09-28,6.856989
2017-09-29,12.365603
2017-09-30,11.085839
2017-10-01,11.849199
2017-10-02,8.680681
2017-10-03,7.876259
2017-10-04,7.885512
2017-10-05,21.898977
2017-10-06,22.89745
2017-10-07,18.043266
2017-10-08,15.371819
2017-10-09,14.350318
2017-10-10,13.565839
2017-10-11,12.90134
2017-10-12,19.710897
2017-10-13,18.471298
2017-10-14,12.803533
2017-10-15,10.608073
2017-10-16,10.666099
2017-10-17,14.755404
2017-10-18,11.702594
2017-10-19,9.609281
2017-10-20,12.734433
2017-10-21,10.758693
2017-10-22,26.24497
2017-10-23,29.130424
2017-10-24,24.860167
2017-10-25,25.586899
2017-10-26,24.482176
2017-10-27,22.746027
2017-10-28,21.258446
2017-10-29,17.570297
2017-10-30,16.346563
2017-10-31,15.151597
2017-11-01,13.229162
2017-11-02,19.208445
2017-11-03,15.032177
2017-11-04,11.403285
2017-11-05,17.292278
2017-11-06,15.769202
2017-11-07,12.824751
2017-11-08,9.822453
2017-11-09,10.23275
2017-11-10,14.071494
2017-11-11,15.244726
2017-11-12,10.375422
2017-11-13,11.444414
2017-11-14,10.750528
2017-11-15,10.886771
2017-11-16,9.574008
2017-11-17,13.3595915
2017-11-18,11.178967
2017-11-19,11.486129
2017-11-20,20.120974
2017-11-21,20.629568
2017-11-22,21.622248
2017-11-23,28.117796
2017-11-24,39.78197
2017-11-25,28.865625
2017-11-26,21.869762
2017-11-27,19.205746
2017-11-28,22.607698
2017-11-29,26.322224
2017-11-30,24.12295
2017-12-01,16.382994
2017-12-02,13.471995
2017-12-03,13.922188
2017-12-04,13.26382
2017-12-05,15.297106
2017-12-06,12.94189
2017-12-07,11.477541
2017-12-08,11.174216
2017-12-09,10.763862
2017-12-10,18.832697
2017-12-11,12.975305
2017-12-12,9.76625
2017-12-13,22.725143
2017-12-14,14.120876
2017-12-15,14.831294
2017-12-16,10.884064
2017-12-17,8.417677
2017-12-18,8.102631
2017-12-19,7.7894964
2017-12-20,7.464946
2017-12-21,7.2171717
2017-12-22,6.914899
2017-12-23,6.790376
2017-12-24,6.680828
2017-12-25,6.2109103
2017-12-26,7.781961
2017-12-27,6.8808365
2017-12-28,20.070913
2017-12-29,11.152393
2017-12-30,7.3164296
2017-12-31,5.960739
2018-01-01,6.036089
2018-01-02,10.717397
2018-01-03,7.8061647
2018-01-04,6.1382537
2018-01-05,7.024487
2018-01-06,13.600589
2018-01-07,12.517057
2018-01-08,14.192538
2018-01-09,14.746439
2018-01-10,18.640055
2018-01-11,15.332121
2018-01-12,15.36979
2018-01-13,14.343648
2018-01-14,12.960858
2018-01-15,12.336233
2018-01-16,21.860388
2018-01-17,18.06819
2018-01-18,17.439838
2018-01-19,21.084074
2018-01-20,21.551498
2018-01-21,26.660402
2018-01-22,28.970394
2018-01-23,25.29935
2018-01-24,22.980463
2018-01-25,22.664255
2018-01-26,23.06184
2018-01-27,19.452843
2018-01-28,19.24633
2018-01-29,24.545773
2018-01-30,19.60267
2018-01-31,14.621274
2018-02-01,12.880068
2018-02-02,21.188297
2018-02-03,14.011824
2018-02-04,12.144069
2018-02-05,9.967588
2018-02-06,9.098839
2018-02-07,8.944396
2018-02-08,8.070559
2018-02-09,7.5486174
2018-02-10,7.175242
2018-02-11,6.8090324
2018-02-12,6.4601736
2018-02-13,6.148502
2018-02-14,6.6611495
2018-02-15,9.455576
2018-02-16,10.972161
2018-02-17,10.643865
2018-02-18,6.3861504
2018-02-19,13.143598
2018-02-20,12.911085
2018-02-21,7.5472813
2018-02-22,4.762867
2018-02-23,4.266906
2018-02-24,4.114218
2018-02-25,4.086867
2018-02-26,3.8959944
2018-02-27,5.784146
2018-02-28,7.8864536
2018-03-01,11.024958
2018-03-02,9.132748
2018-03-03,10.605565
2018-03-04,5.738638
2018-03-05,4.7329254
2018-03-06,4.8906302
2018-03-07,9.100105
2018-03-08,14.654082
2018-03-09,9.16177
2018-03-10,8.530172
2018-03-11,6.3926234
2018-03-12,6.0082593
2018-03-13,13.404513
2018-03-14,8.633344
2018-03-15,6.595298
2018-03-16,15.394653
2018-03-17,9.120152
2018-03-18,13.226512
2018-03-19,8.226205
2018-03-20,6.6705017
2018-03-21,7.6833096
2018-03-22,9.367776
2018-03-23,10.638165
2018-03-24,6.7346826
2018-03-25,5.3783817
2018-03-26,7.334396
2018-03-27,9.286963
2018-03-28,14.95102
2018-03-29,8.6744175
2018-03-30,11.838886
2018-03-31,14.759774
2018-04-01,11.463295
2018-04-02,13.388004
2018-04-03,12.197792
2018-04-04,20.497347
2018-04-05,21.74829
2018-04-06,19.676996
2018-04-07,19.203861
2018-04-08,19.432762
2018-04-09,28.39788
2018-04-10,48.22689
2018-04-11,45.73086
2018-04-12,35.196247
2018-04-13,32.657257
2018-04-14,29.186367
2018-04-15,24.998846
2018-04-16,22.0436
2018-04-17,51.938137
2018-04-18,60.319424
2018-04-19,50.08953
2018-04-20,45.11941
2018-04-21,40.8066
2018-04-22,31.855808
2018-04-23,26.571459
2018-04-24,26.204334
2018-04-25,26.903265
2018-04-26,27.50258
2018-04-27,20.157343
2018-04-28,18.298445
2018-04-29,111.933815
2018-04-30,69.49638
2018-05-01,30.421434
2018-05-02,31.363089
2018-05-03,27.233421
2018-05-04,23.681463
2018-05-05,18.485989
2018-05-06,70.42549
2018-05-07,45.438595
2018-05-08,44.022263
2018-05-09,42.717575
2018-05-10,36.37676
2018-05-11,28.992712
2018-05-12,23.927158
2018-05-13,27.654518
2018-05-14,24.185354
2018-05-15,17.790798
2018-05-16,15.331243
2018-05-17,172.30933
2018-05-18,95.73185
2018-05-19,36.32608
2018-05-20,44.545433
2018-05-21,35.176304
2018-05-22,21.466974
2018-05-23,17.743885
2018-05-24,23.0767
2018-05-25,251.84122
2018-05-26,124.87999
2018-05-27,47.290405
2018-05-28,44.815193
2018-05-29,36.40414
2018-05-30,29.168741
2018-05-31,35.948788
2018-06-01,49.48564
2018-06-02,32.428696
2018-06-03,24.729342
2018-06-04,47.223667
2018-06-05,42.30061
2018-06-06,33.815437
2018-06-07,28.00437
2018-06-08,23.475718
2018-06-09,21.281363
2018-06-10,18.880245
2018-06-11,17.50386
2018-06-12,20.840261
2018-06-13,16.535091
2018-06-14,16.939007
2018-06-15,14.956068
2018-06-16,12.936952
2018-06-17,14.882478
2018-06-18,13.690485
2018-06-19,12.334046
2018-06-20,11.423831
2018-06-21,11.100926
2018-06-22,10.668103
2018-06-23,10.988116
2018-06-24,10.130944
2018-06-25,12.354865
2018-06-26,26.125841
2018-06-27,130.0843
2018-06-28,89.25686
2018-06-29,36.24268
2018-06-30,27.072256
2018-07-01,24.711218
2018-07-02,20.260109
2018-07-03,17.338789
2018-07-04,18.451885
2018-07-05,16.330061
2018-07-06,14.371774
2018-07-07,13.414102
2018-07-08,15.629011
2018-07-09,17.739248
2018-07-10,16.561409
2018-07-11,22.111416
2018-07-12,14.082997
2018-07-13,11.176908
2018-07-14,12.27606
2018-07-15,13.307914
2018-07-16,11.51935
2018-07-17,10.521466
2018-07-18,14.197221
2018-07-19,11.767902
2018-07-20,10.248666
2018-07-21,22.261246
2018-07-22,17.367783
2018-07-23,142.7954
2018-07-24,105.31364
2018-07-25,38.70864
2018-07-26,20.521814
2018-07-27,16.504711
2018-07-28,14.317895
2018-07-29,12.332033
2018-07-30,11.904881
2018-07-31,10.046886
2018-08-01,8.975021
2018-08-02,9.820327
2018-08-03,8.398821
2018-08-04,7.6209426
2018-08-05,7.6678004
2018-08-06,6.8655615
2018-08-07,7.3066072
2018-08-08,10.507351
2018-08-09,41.13892
2018-08-10,34.043755
2018-08-11,15.747916
2018-08-12,9.588855
2018-08-13,9.091945
2018-08-14,8.686247
2018-08-15,8.540026
2018-08-16,11.976131
2018-08-17,113.5695
2018-08-18,68.398735
2018-08-19,28.20906
2018-08-20,20.890247
2018-08-21,22.757275
2018-08-22,20.984425
2018-08-23,15.375885
2018-08-24,12.707828
2018-08-25,11.599154
2018-08-26,10.78927
2018-08-27,12.412647
2018-08-28,10.390157
2018-08-29,8.917214
2018-08-30,8.358644
2018-08-31,8.8975315
2018-09-01,8.383536
2018-09-02,8.164347
2018-09-03,7.319162
2018-09-04,26.08688
2018-09-05,24.126013
2018-09-06,13.639291
2018-09-07,11.205075
2018-09-08,10.871134
2018-09-09,10.4711895
2018-09-10,10.206369
2018-09-11,10.065464
2018-09-12,10.33712
2018-09-13,9.258266
2018-09-14,8.517479
2018-09-15,8.623869
2018-09-16,14.845301
2018-09-17,12.085978
2018-09-18,8.08164
2018-09-19,8.897279
2018-09-20,11.642106
2018-09-21,8.228269
2018-09-22,6.666086
2018-09-23,6.4882665
2018-09-24,6.279256
2018-09-25,6.073996
2018-09-26,8.3541155
2018-09-27,12.508237
2018-09-28,7.7066746
2018-09-29,5.297836
2018-09-30,5.973658
2018-10-01,5.2754426
2018-10-02,5.2335305
2018-10-03,5.644236
2018-10-04,4.7417717
2018-10-05,5.880825
2018-10-06,5.5225186
2018-10-07,4.788908
2018-10-08,4.1713486
2018-10-09,6.9541616
2018-10-10,9.209771
2018-10-11,5.7418947
2018-10-12,5.085828
2018-10-13,4.295374
2018-10-14,10.407312
2018-10-15,6.6114283
2018-10-16,4.5368857
2018-10-17,4.7403603
2018-10-18,4.697106
2018-10-19,4.6185517
2018-10-20,4.553138
2018-10-21,4.5506287
2018-10-22,4.5364876
2018-10-23,5.248478
2018-10-24,5.6082935
2018-10-25,5.154696
2018-10-26,5.247525
2018-10-27,10.13216
2018-10-28,24.657457
2018-10-29,12.640486
2018-10-30,7.3338594
2018-10-31,9.051497
2018-11-01,23.242687
2018-11-02,13.665948
2018-11-03,8.821233
2018-11-04,9.0670185
2018-11-05,8.900798
2018-11-06,9.29582
2018-11-07,10.616461
2018-11-08,11.993139
2018-11-09,90.289955
2018-11-10,61.864555
2018-11-11,30.242601
2018-11-12,29.349064
2018-11-13,22.432224
2018-11-14,19.319124
2018-11-15,18.312841
2018-11-16,18.735233
2018-11-17,26.330896
2018-11-18,26.778324
2018-11-19,23.366749
2018-11-20,26.143711
2018-11-21,27.017197
2018-11-22,29.041582
2018-11-23,30.454836
2018-11-24,30.082647
2018-11-25,25.788162
2018-11-26,22.51622
2018-11-27,26.26193
2018-11-28,20.398268
2018-11-29,20.27109
2018-11-30,16.794289
2018-12-01,15.181639
2018-12-02,14.20303
2018-12-03,13.096848
2018-12-04,12.110767
2018-12-05,14.436772
2018-12-06,12.809458
2018-12-07,14.184275
2018-12-08,11.304825
2018-12-09,16.035336
2018-12-10,12.198293
2018-12-11,11.382893
2018-12-12,26.554775
2018-12-13,14.484088
2018-12-14,8.369544
2018-12-15,8.278793
2018-12-16,9.525566
2018-12-17,8.356549
2018-12-18,7.980317
2018-12-19,8.717333
2018-12-20,21.05684
2018-12-21,26.90938
2018-12-22,23.790522
2018-12-23,19.240387
2018-12-24,19.82767
2018-12-25,17.828922
2018-12-26,21.29426
2018-12-27,18.627422
2018-12-28,15.828893
2018-12-29,14.792609
2018-12-30,13.767121
2018-12-31,12.688637
2019-01-01,11.714006
2019-01-02,10.045877
2019-01-03,10.931727
2019-01-04,10.232897
2019-01-05,8.7227335
2019-01-06,8.415421
2019-01-07,11.147334
2019-01-08,13.846725
2019-01-09,8.530714
2019-01-10,9.111158
2019-01-11,15.914332
2019-01-12,16.699406
2019-01-13,10.2491255
2019-01-14,13.493843
2019-01-15,22.920183
2019-01-16,16.382559
2019-01-17,11.296704
2019-01-18,14.428799
2019-01-19,14.274331
2019-01-20,29.37544
2019-01-21,24.496151
2019-01-22,22.37479
2019-01-23,22.621561
2019-01-24,22.732332
2019-01-25,19.469652
2019-01-26,17.854227
2019-01-27,16.66655
2019-01-28,18.437103
2019-01-29,24.672567
2019-01-30,23.202673
2019-01-31,35.45485
2019-02-01,27.089493
2019-02-02,21.960115
2019-02-03,36.78044
2019-02-04,26.975538
2019-02-05,21.600021
2019-02-06,18.421356
2019-02-07,21.070784
2019-02-08,17.911608
2019-02-09,17.194248
2019-02-10,27.939268
2019-02-11,19.335825
2019-02-12,18.095612
2019-02-13,17.415594
2019-02-14,14.515943
2019-02-15,13.994342
2019-02-16,17.753641
2019-02-17,15.0370455
2019-02-18,20.142353
2019-02-19,22.613321
2019-02-20,20.413097
2019-02-21,17.913078
2019-02-22,18.184065
2019-02-23,17.223639
2019-02-24,22.134813
2019-02-25,19.722122
2019-02-26,17.558807
2019-02-27,16.45775
2019-02-28,15.691988
2019-03-01,15.591597
2019-03-02,16.716785
2019-03-03,13.200453
2019-03-04,11.865361
2019-03-05,12.407367
2019-03-06,17.089655
2019-03-07,15.628313
2019-03-08,11.03809
2019-03-09,24.524471
2019-03-10,25.198444
2019-03-11,16.643341
2019-03-12,11.397822
2019-03-13,20.189354
2019-03-14,18.061316
2019-03-15,15.123778
2019-03-16,19.865665
2019-03-17,25.102795
2019-03-18,25.026247
2019-03-19,39.82268
2019-03-20,51.572647
2019-03-21,45.687214
2019-03-22,145.46965
2019-03-23,71.006096
2019-03-24,27.354042
2019-03-25,21.737581
2019-03-26,21.712175
2019-03-27,24.79341
2019-03-28,20.238478
2019-03-29,14.458437
2019-03-30,12.411331
2019-03-31,11.921992
2019-04-01,10.9173
2019-04-02,19.43224
2019-04-03,31.708668
2019-04-04,19.500607
2019-04-05,18.326977
2019-04-06,14.71552
2019-04-07,40.136932
2019-04-08,30.012823
2019-04-09,23.798006
2019-04-10,22.254232
2019-04-11,20.048914
2019-04-12,17.97779
2019-04-13,16.698824
2019-04-14,15.037697
2019-04-15,18.653566
2019-04-16,14.667146
2019-04-17,12.323218
2019-04-18,19.160963
2019-04-19,19.796804
2019-04-20,19.53771
2019-04-21,26.984928
2019-04-22,18.022509
2019-04-23,17.446428
2019-04-24,37.76072
2019-04-25,31.494696
2019-04-26,25.159939
2019-04-27,25.157919
2019-04-28,20.456026
2019-04-29,18.080526
2019-04-30,17.154566
2019-05-01,18.358715
2019-05-02,17.135681
2019-05-03,14.081241
2019-05-04,13.011496
2019-05-05,12.601202
2019-05-06,26.725164
2019-05-07,18.711002
2019-05-08,12.000427
2019-05-09,13.374635
2019-05-10,11.261391
2019-05-11,10.277262
2019-05-12,11.07003
2019-05-13,23.108498
2019-05-14,48.01506
2019-05-15,30.64357
2019-05-16,22.373898
2019-05-17,20.469252
2019-05-18,19.021494
2019-05-19,17.665932
2019-05-20,17.338467
2019-05-21,15.241279
2019-05-22,13.734983
2019-05-23,14.265704
2019-05-24,17.601055
2019-05-25,13.142059
2019-05-26,11.549067
2019-05-27,10.147869
2019-05-28,31.995773
2019-05-29,24.08425
2019-05-30,22.292309
2019-05-31,24.034101
2019-06-01,23.416985
2019-06-02,24.446884
2019-06-03,28.261534
2019-06-04,39.671005
2019-06-05,157.04337
2019-06-06,84.19781
2019-06-07,31.95654
2019-06-08,24.661688
2019-06-09,22.553072
2019-06-10,23.213253
2019-06-11,25.331806
2019-06-12,21.464844
2019-06-13,16.6938
2019-06-14,19.1308
2019-06-15,16.426765
2019-06-16,24.088356
2019-06-17,23.585945
2019-06-18,21.145779
2019-06-19,19.925777
2019-06-20,29.485218
2019-06-21,94.711266
2019-06-22,67.50171
2019-06-23,45.4005
2019-06-24,52.16611
2019-06-25,37.461494
2019-06-26,30.014252
2019-06-27,31.941427
2019-06-28,28.198965
2019-06-29,27.943151
2019-06-30,21.255005
2019-07-01,38.96271
2019-07-02,32.86957
2019-07-03,26.219704
2019-07-04,23.974718
2019-07-05,23.807611
2019-07-06,25.137281
2019-07-07,23.737453
2019-07-08,20.821848
2019-07-09,18.057423
2019-07-10,16.505413
2019-07-11,15.247088
2019-07-12,14.69567
2019-07-13,21.839178
2019-07-14,16.170675
2019-07-15,12.230467
2019-07-16,11.922504
2019-07-17,17.667599
2019-07-18,12.896631
2019-07-19,15.554103
2019-07-20,13.625153
2019-07-21,25.122747
2019-07-22,26.269407
2019-07-23,24.671227
2019-07-24,23.86269
2019-07-25,20.73344
2019-07-26,18.630007
2019-07-27,17.899754
2019-07-28,16.294807
2019-07-29,14.701544
2019-07-30,13.485561
2019-07-31,12.412302
2019-08-01,11.508049
2019-08-02,10.745385
2019-08-03,15.054103
2019-08-04,37.148865
2019-08-05,19.128122
2019-08-06,10.768213
2019-08-07,10.467758
2019-08-08,10.333392
2019-08-09,23.08244
2019-08-10,19.264738
2019-08-11,11.052833
2019-08-12,16.947948
2019-08-13,11.70918
2019-08-14,12.808349
2019-08-15,9.966589
2019-08-16,7.885302
2019-08-17,7.538451
2019-08-18,7.2721543
2019-08-19,13.252114
2019-08-20,13.516042
2019-08-21,9.917977
2019-08-22,7.2843795
2019-08-23,6.9949164
2019-08-24,6.4200497
2019-08-25,6.1952524
2019-08-26,9.453147
2019-08-27,9.478615
2019-08-28,8.887264
2019-08-29,7.088021
2019-08-30,6.409972
2019-08-31,6.4184613
2019-09-01,7.743401
2019-09-02,6.6126804
2019-09-03,5.9457793
2019-09-04,7.5805182
2019-09-05,9.948516
2019-09-06,19.085268
2019-09-07,11.978707
2019-09-08,8.295569
2019-09-09,11.635897
2019-09-10,9.238328
2019-09-11,11.052547
2019-09-12,12.21468
2019-09-13,10.938147
2019-09-14,30.234848
2019-09-15,35.638893
2019-09-16,29.206856
2019-09-17,22.799397
2019-09-18,18.291582
2019-09-19,15.264432
2019-09-20,22.682863
2019-09-21,15.40081
2019-09-22,10.813685
2019-09-23,10.155386
2019-09-24,9.247417
2019-09-25,8.494943
2019-09-26,7.8446517
2019-09-27,9.438313
2019-09-28,7.5495276
2019-09-29,6.3768973
2019-09-30,5.9945693
2019-10-01,6.281277
2019-10-02,6.450183
2019-10-03,7.1157393
2019-10-04,5.5225816
2019-10-05,4.5870166
2019-10-06,6.950029
2019-10-07,5.4751315
2019-10-08,6.8136806
2019-10-09,4.818751
2019-10-10,3.6912942
2019-10-11,3.5363615
2019-10-12,10.353293
2019-10-13,5.9902277
2019-10-14,3.2048461
2019-10-15,3.0494807
2019-10-16,10.450456
2019-10-17,5.562995
2019-10-18,7.6565695
2019-10-19,9.50297
2019-10-20,6.206921
2019-10-21,3.381108
2019-10-22,2.5797658
2019-10-23,3.046636
2019-10-24,4.627563
2019-10-25,11.085331
2019-10-26,5.294833
2019-10-27,10.307601
2019-10-28,5.00657
2019-10-29,4.3805957
2019-10-30,4.4529285
2019-10-31,5.2836747
2019-11-01,6.472142
2019-11-02,5.0032926
2019-11-03,3.5946558
2019-11-04,7.732225
2019-11-05,5.848468
2019-11-06,24.062298
2019-11-07,17.006496
2019-11-08,9.336684
2019-11-09,9.91566
2019-11-10,9.81074
2019-11-11,12.774912
2019-11-12,11.484021
2019-11-13,12.057219
2019-11-14,13.901707
2019-11-15,14.332407
2019-11-16,18.421665
2019-11-17,15.429676
2019-11-18,20.664555
2019-11-19,15.553892
2019-11-20,20.967077
2019-11-21,15.237138
2019-11-22,11.771536
2019-11-23,17.094458
2019-11-24,18.205717
2019-11-25,19.608585
2019-11-26,15.707654
2019-11-27,15.653891
2019-11-28,24.174782
2019-11-29,20.36569
2019-11-30,21.333906
2019-12-01,39.68606
2019-12-02,33.247345
2019-12-03,20.21379
2019-12-04,17.355654
2019-12-05,16.570396
2019-12-06,18.156847
2019-12-07,14.94585
2019-12-08,13.823287
2019-12-09,17.518785
2019-12-10,15.409444
2019-12-11,12.343004
2019-12-12,16.607594
2019-12-13,13.237165
2019-12-14,12.856834
2019-12-15,14.858183
2019-12-16,9.871471
2019-12-17,11.528432
2019-12-18,8.94028
2019-12-19,27.892975
2019-12-20,19.452475
2019-12-21,14.521575
2019-12-22,13.935418
2019-12-23,22.167847
2019-12-24,16.45703
2019-12-25,17.814438
2019-12-26,15.900489
2019-12-27,22.971405
2019-12-28,27.513077
2019-12-29,22.293036
2019-12-30,23.04032
2019-12-31,25.578798
2020-01-01,19.46026
2020-01-02,31.062275
2020-01-03,32.10683
2020-01-04,27.10726
2020-01-05,22.503805
2020-01-06,18.759878
2020-01-07,15.973961
2020-01-08,13.835278
2020-01-09,12.144784
2020-01-10,10.859947
2020-01-11,10.084624
2020-01-12,9.263452
2020-01-13,8.5148735
2020-01-14,8.3660965
2020-01-15,7.454663
2020-01-16,6.883843
2020-01-17,9.21037
2020-01-18,14.122539
2020-01-19,10.630415
2020-01-20,11.867178
2020-01-21,7.3923597
2020-01-22,5.3662667
2020-01-23,5.6835933
2020-01-24,7.14061
2020-01-25,6.9602184
2020-01-26,5.556915
2020-01-27,5.04174
2020-01-28,4.9337015
2020-01-29,4.85687
2020-01-30,4.8995023
2020-01-31,5.486128
2020-02-01,12.131336
2020-02-02,7.275653
2020-02-03,6.0897026
2020-02-04,4.969705
2020-02-05,4.266332
2020-02-06,4.13934
2020-02-07,4.010282
2020-02-08,3.8960288
2020-02-09,3.7755933
2020-02-10,3.6595244
2020-02-11,3.5480227
2020-02-12,3.4416604
2020-02-13,3.335119
2020-02-14,4.1024475
2020-02-15,3.8244774
2020-02-16,5.421573
2020-02-17,3.9492865
2020-02-18,5.1230044
2020-02-19,3.8286114
2020-02-20,3.0097046
2020-02-21,4.904282
2020-02-22,12.262264
2020-02-23,8.212037
2020-02-24,3.5229723
2020-02-25,2.57795
2020-02-26,10.151414
2020-02-27,9.040144
2020-02-28,7.2150908
2020-02-29,3.2765138
2020-03-01,4.342273
2020-03-02,7.184564
2020-03-03,4.6828904
2020-03-04,9.979973
2020-03-05,19.271406
2020-03-06,20.051617
2020-03-07,11.210589
2020-03-08,9.4852085
2020-03-09,13.695224
2020-03-10,13.439783
2020-03-11,11.300947
2020-03-12,10.596434
2020-03-13,18.386889
2020-03-14,46.00596
2020-03-15,36.36411
2020-03-16,36.01603
2020-03-17,31.719017
2020-03-18,28.303915
2020-03-19,22.39946
2020-03-20,18.633928
2020-03-21,16.36898
2020-03-22,14.53946
2020-03-23,12.9829445
2020-03-24,11.874158
2020-03-25,10.691278
2020-03-26,9.737544
2020-03-27,9.951594
2020-03-28,8.726959
2020-03-29,7.8194814
2020-03-30,7.598646
2020-03-31,7.051785
2020-04-01,6.6415567
2020-04-02,10.086591
2020-04-03,7.0774274
2020-04-04,5.652603
2020-04-05,9.438106
2020-04-06,9.907928
2020-04-07,6.7039285
2020-04-08,5.0498805
2020-04-09,8.442518
2020-04-10,6.556662
2020-04-11,14.810581
2020-04-12,8.413794
2020-04-13,4.943222
2020-04-14,5.035416
2020-04-15,5.0523567
2020-04-16,7.1042767
2020-04-17,6.790831
2020-04-18,5.4018264
2020-04-19,5.013382
2020-04-20,4.928638
2020-04-21,4.831648
2020-04-22,4.723842
2020-04-23,4.6825886
2020-04-24,4.588485
2020-04-25,8.20349
2020-04-26,5.6706448
2020-04-27,9.003296
2020-04-28,5.944859
2020-04-29,4.1292157
2020-04-30,4.1795483
2020-05-01,4.2827206
2020-05-02,4.716294
2020-05-03,4.8500113
2020-05-04,4.3948355
2020-05-05,4.2010894
2020-05-06,4.111251
2020-05-07,73.78206
2020-05-08,32.704414
2020-05-09,8.493077
2020-05-10,8.288523
2020-05-11,8.085015
2020-05-12,8.223347
2020-05-13,14.378397
2020-05-14,9.98303
2020-05-15,10.743179
2020-05-16,15.644633
2020-05-17,11.414658
2020-05-18,10.583788
2020-05-19,11.102231
2020-05-20,17.660242
2020-05-21,17.258297
2020-05-22,13.432627
2020-05-23,13.253299
2020-05-24,21.230463
2020-05-25,16.901686
2020-05-26,14.667236
2020-05-27,14.4944105
2020-05-28,13.934236
2020-05-29,13.289502
2020-05-30,12.8997965
2020-05-31,12.151329
2020-06-01,12.342682
2020-06-02,11.134388
2020-06-03,10.076764
2020-06-04,9.322307
2020-06-05,25.554058
2020-06-06,15.74871
2020-06-07,8.712082
2020-06-08,12.64335
2020-06-09,9.717397
2020-06-10,7.9841714
2020-06-11,7.8701205
2020-06-12,7.750835
2020-06-13,15.265049
2020-06-14,18.729692
2020-06-15,13.020876
2020-06-16,11.715497
2020-06-17,9.996374
2020-06-18,9.578597
2020-06-19,14.89982
2020-06-20,17.282366
2020-06-21,17.66422
2020-06-22,22.604467
2020-06-23,19.25948
2020-06-24,17.551447
2020-06-25,17.1924
2020-06-26,21.487024
2020-06-27,17.802273
2020-06-28,35.58961
2020-06-29,31.306433
2020-06-30,22.1897
2020-07-01,23.118162
2020-07-02,21.354319
2020-07-03,18.95853
2020-07-04,18.022278
2020-07-05,19.962116
2020-07-06,19.457146
2020-07-07,17.929455
2020-07-08,14.908644
2020-07-09,20.908829
2020-07-10,18.120785
2020-07-11,13.495425
2020-07-12,12.785034
2020-07-13,13.084991
2020-07-14,24.908972
2020-07-15,23.126822
2020-07-16,20.00049
2020-07-17,18.617558
2020-07-18,17.281885
2020-07-19,15.883541
2020-07-20,15.849599
2020-07-21,14.06284
2020-07-22,12.633642
2020-07-23,11.742464
2020-07-24,11.148089
2020-07-25,13.286022
2020-07-26,13.0885725
2020-07-27,10.117608
2020-07-28,8.748957
2020-07-29,9.511558
2020-07-30,9.26814
2020-07-31,13.077093
2020-08-01,9.105397
2020-08-02,7.4486175
2020-08-03,7.2315016
2020-08-04,6.954246
2020-08-05,6.669907
2020-08-06,6.4668727
2020-08-07,6.267448
2020-08-08,6.1185756
2020-08-09,5.957169
2020-08-10,5.7470264
2020-08-11,5.508649
2020-08-12,5.3241405
2020-08-13,6.0484147
2020-08-14,7.145304
2020-08-15,5.6651535
2020-08-16,4.7285776
2020-08-17,4.49568
2020-08-18,4.378618
2020-08-19,5.4533453
2020-08-20,8.857981
2020-08-21,65.06459
2020-08-22,25.877327
2020-08-23,5.395453
2020-08-24,5.870667
2020-08-25,6.0926647
2020-08-26,6.1286745
2020-08-27,6.1193542
2020-08-28,6.5499544
2020-08-29,6.0075994
2020-08-30,6.8098445
2020-08-31,9.846481
2020-09-01,12.898993
2020-09-02,11.247173
2020-09-03,7.068292
2020-09-04,6.479736
2020-09-05,6.142776
2020-09-06,6.0290675
2020-09-07,5.9230046
2020-09-08,11.783499
2020-09-09,11.6021
2020-09-10,7.0428796
2020-09-11,6.5231647
2020-09-12,5.8009005
2020-09-13,5.3965282
2020-09-14,6.295998
2020-09-15,9.973714
2020-09-16,6.7081075
2020-09-17,5.5882807
2020-09-18,9.288692
2020-09-19,10.886765
2020-09-20,15.946053
2020-09-21,8.182052
2020-09-22,4.5992107
2020-09-23,8.320118
2020-09-24,6.0551114
2020-09-25,4.7438474
2020-09-26,4.662189
2020-09-27,4.6231446
2020-09-28,4.5943933
2020-09-29,7.135789
2020-09-30,12.573001
2020-10-01,6.9184346
2020-10-02,4.8795447
2020-10-03,7.6559396
2020-10-04,5.7696157
2020-10-05,4.8027387
2020-10-06,4.723009
2020-10-07,4.6242814
2020-10-08,6.003899
2020-10-09,4.973782
2020-10-10,4.3369665
2020-10-11,4.231312
2020-10-12,4.4861135
2020-10-13,4.212652
2020-10-14,3.9789782
2020-10-15,3.975608
2020-10-16,4.2689786
2020-10-17,3.8960814
2020-10-18,3.6631303
2020-10-19,3.639232
2020-10-20,5.07083
2020-10-21,14.103683
2020-10-22,8.612837
2020-10-23,3.9496584
2020-10-24,3.3565838
2020-10-25,3.2989907
2020-10-26,5.836183
2020-10-27,5.7091312
2020-10-28,3.7183182
2020-10-29,11.655433
2020-10-30,10.5540495
2020-10-31,6.1481247
2020-11-01,5.064863
2020-11-02,5.160303
2020-11-03,5.342396
2020-11-04,5.3208985
2020-11-05,5.2463055
2020-11-06,6.051545
2020-11-07,5.5533648
2020-11-08,5.0210023
2020-11-09,4.8460827
2020-11-10,4.812711
2020-11-11,5.6406016
2020-11-12,9.927759
2020-11-13,6.503624
2020-11-14,8.223225
2020-11-15,12.042883
2020-11-16,18.887804
2020-11-17,15.036503
2020-11-18,12.987775
2020-11-19,27.51681
2020-11-20,29.242786
2020-11-21,26.601429
2020-11-22,34.52433
2020-11-23,26.240953
2020-11-24,20.341455
2020-11-25,18.445892
2020-11-26,33.55335
2020-11-27,33.744118
2020-11-28,24.374561
2020-11-29,27.995947
2020-11-30,28.114462
2020-12-01,32.38188
2020-12-02,36.32948
2020-12-03,35.348984
2020-12-04,33.28827
2020-12-05,178.653
2020-12-06,89.82605
2020-12-07,31.093676
2020-12-08,37.881893
2020-12-09,29.89839
2020-12-10,18.494736
2020-12-11,14.72465
2020-12-12,13.734265
2020-12-13,17.580925
2020-12-14,13.548387
2020-12-15,25.246302
2020-12-16,15.86144
2020-12-17,14.430295
2020-12-18,112.83704
2020-12-19,66.19397
2020-12-20,29.655842
2020-12-21,19.927538
2020-12-22,20.14438
2020-12-23,17.588797
2020-12-24,16.597488
2020-12-25,12.675025
2020-12-26,11.451286
2020-12-27,18.467463
2020-12-28,37.258705
2020-12-29,21.133656
2020-12-30,12.6001005
2020-12-31,11.668213
2021-01-01,18.719282
2021-01-02,27.649673
2021-01-03,18.88816
2021-01-04,16.936415
2021-01-05,15.050217
2021-01-06,13.37842
2021-01-07,15.788906
2021-01-08,16.801903
2021-01-09,15.299733
2021-01-10,11.952272
2021-01-11,14.400859
2021-01-12,16.736877
2021-01-13,11.939428
2021-01-14,10.072973
2021-01-15,9.741186
2021-01-16,9.494118
2021-01-17,9.024945
2021-01-18,8.60605
2021-01-19,8.195391
2021-01-20,8.043791
2021-01-21,7.648055
2021-01-22,9.344432
2021-01-23,10.592839
2021-01-24,8.9109745
2021-01-25,7.306031
2021-01-26,7.786238
2021-01-27,6.810262
2021-01-28,6.2273173
2021-01-29,6.033032
2021-01-30,5.841476
2021-01-31,5.6436386
2021-02-01,5.577062
2021-02-02,5.391911
2021-02-03,10.179125
2021-02-04,10.989041
2021-02-05,7.355605
2021-02-06,16.474209
2021-02-07,9.998513
2021-02-08,5.931479
2021-02-09,6.2249784
2021-02-10,8.776549
2021-02-11,7.6698318
2021-02-12,10.60589
2021-02-13,11.665047
2021-02-14,8.367968
2021-02-15,8.766357
2021-02-16,26.060823
2021-02-17,21.83327
2021-02-18,18.173183
2021-02-19,18.05817
2021-02-20,17.101719
2021-02-21,15.859172
2021-02-22,20.34321
2021-02-23,15.554169
2021-02-24,13.978567
2021-02-25,17.582989
2021-02-26,19.979925
2021-02-27,16.090324
2021-02-28,44.36215
2021-03-01,26.316809
2021-03-02,19.334816
2021-03-03,18.290825
2021-03-04,16.459885
2021-03-05,28.093779
2021-03-06,18.95636
2021-03-07,13.972884
2021-03-08,19.934708
2021-03-09,16.958494
2021-03-10,12.815875
2021-03-11,13.136958
2021-03-12,11.732957
2021-03-13,15.295364
2021-03-14,16.888271
2021-03-15,24.806522
2021-03-16,16.275677
2021-03-17,12.05711
2021-03-18,30.432774
2021-03-19,24.123363
2021-03-20,19.15525
2021-03-21,38.9354
2021-03-22,35.94428
2021-03-23,29.828222
2021-03-24,27.459259
2021-03-25,22.440681
2021-03-26,18.836353
2021-03-27,16.575294
2021-03-28,20.755396
2021-03-29,20.81509
2021-03-30,77.37681
2021-03-31,46.22877
2021-04-01,33.657917
2021-04-02,29.052858
2021-04-03,137.74002
2021-04-04,76.21613
2021-04-05,30.685106
2021-04-06,24.455378
2021-04-07,19.992754
2021-04-08,15.807181
2021-04-09,19.19537
2021-04-10,14.485918
2021-04-11,12.904272
2021-04-12,16.117046
2021-04-13,13.014906
2021-04-14,13.151084
2021-04-15,22.357168
2021-04-16,19.562864
2021-04-17,11.917942
2021-04-18,8.593291
2021-04-19,18.213818
2021-04-20,11.510707
2021-04-21,8.688194
2021-04-22,8.425032
2021-04-23,8.341887
2021-04-24,11.011947
2021-04-25,8.938494
2021-04-26,15.174123
2021-04-27,16.905342
2021-04-28,19.097744
2021-04-29,13.216571
2021-04-30,31.507938
2021-05-01,90.28653
2021-05-02,63.447292
2021-05-03,31.923742
2021-05-04,22.691914
2021-05-05,18.516485
2021-05-06,21.041721
2021-05-07,22.595184
2021-05-08,15.899047
2021-05-09,12.7365885
2021-05-10,11.9047575
2021-05-11,11.299496
2021-05-12,10.736155
2021-05-13,10.369481
2021-05-14,9.745115
2021-05-15,9.878135
2021-05-16,35.21194
2021-05-17,19.393894
2021-05-18,12.999654
2021-05-19,12.18259
2021-05-20,13.282314
2021-05-21,13.879722
2021-05-22,17.453945
2021-05-23,142.53984
2021-05-24,79.11615
2021-05-25,46.282097
2021-05-26,30.719856
2021-05-27,21.19096
2021-05-28,18.422224
2021-05-29,16.43537
2021-05-30,18.86165
2021-05-31,22.317553
2021-06-01,15.567564
2021-06-02,15.768491
2021-06-03,15.505675
2021-06-04,14.737517
2021-06-05,11.648459
2021-06-06,34.105488
2021-06-07,21.11047
2021-06-08,14.014698
2021-06-09,13.802148
2021-06-10,13.207656
2021-06-11,13.500901
2021-06-12,13.949701
2021-06-13,17.981445
2021-06-14,13.330772
2021-06-15,15.744893
2021-06-16,13.674558
2021-06-17,12.2638855
2021-06-18,13.480726
2021-06-19,21.808895
2021-06-20,23.028078
2021-06-21,15.080825
2021-06-22,12.037492
2021-06-23,12.17881
2021-06-24,11.413553
2021-06-25,13.29008
2021-06-26,12.906304
2021-06-27,10.766403
2021-06-28,10.758271
2021-06-29,17.239552
2021-06-30,12.13772
2021-07-01,9.455457
2021-07-02,8.515901
2021-07-03,8.188724
2021-07-04,7.846253
2021-07-05,7.508959
2021-07-06,7.219745
2021-07-07,6.885788
2021-07-08,6.697007
2021-07-09,6.448923
2021-07-10,6.562628
2021-07-11,6.259228
2021-07-12,6.1595726
2021-07-13,5.7706776
2021-07-14,5.5498905
2021-07-15,5.58692
2021-07-16,12.109595
2021-07-17,8.061661
2021-07-18,8.863878
2021-07-19,8.771245
2021-07-20,6.295799
2021-07-21,5.2390943
2021-07-22,9.651515
2021-07-23,6.8982067
2021-07-24,5.3029385
2021-07-25,5.303121
2021-07-26,6.5318136
2021-07-27,5.7311397
2021-07-28,5.872999
2021-07-29,9.039913
2021-07-30,7.528847
2021-07-31,6.462047
2021-08-01,6.9661593
2021-08-02,7.290258
2021-08-03,7.3684773
2021-08-04,7.2648983
2021-08-05,7.0771213
2021-08-06,6.8691874
2021-08-07,6.659563
2021-08-08,6.4314656
2021-08-09,6.346011
2021-08-10,9.477951
2021-08-11,7.323553
2021-08-12,5.7533283
2021-08-13,5.6556
2021-08-14,5.390755
2021-08-15,5.2351494
2021-08-16,6.5713587
2021-08-17,5.455145
2021-08-18,5.209257
2021-08-19,4.774257
2021-08-20,4.450545
2021-08-21,6.3731484
2021-08-22,5.0291204
2021-08-23,4.1096325
2021-08-24,3.9801059
2021-08-25,4.9257736
2021-08-26,6.9044538
2021-08-27,7.667444
2021-08-28,11.942498
2021-08-29,12.683884
2021-08-30,15.028504
2021-08-31,8.71891
2021-09-01,6.8733096
2021-09-02,6.575279
2021-09-03,10.12873
2021-09-04,12.039432
2021-09-05,7.7682543
2021-09-06,25.877867
2021-09-07,17.66075
2021-09-08,11.627646
2021-09-09,18.723402
2021-09-10,15.151002
2021-09-11,18.805979
2021-09-12,20.281273
2021-09-13,19.611788
2021-09-14,19.213448
2021-09-15,20.878582
2021-09-16,17.921534
2021-09-17,15.842266
2021-09-18,14.49621
2021-09-19,13.286528
2021-09-20,12.739441
2021-09-21,15.361414
2021-09-22,12.779223
2021-09-23,11.107999
2021-09-24,10.658541
2021-09-25,10.700112
2021-09-26,9.921709
2021-09-27,9.189535
2021-09-28,12.12995
2021-09-29,24.453941
2021-09-30,17.336117
2021-10-01,9.814036
2021-10-02,7.428081
2021-10-03,13.870183
2021-10-04,14.762605
2021-10-05,14.330279
2021-10-06,11.089232
2021-10-07,14.625756
2021-10-08,14.57338
2021-10-09,16.202417
2021-10-10,17.645432
2021-10-11,13.795386
2021-10-12,16.364544
2021-10-13,12.411076
2021-10-14,10.352002
2021-10-15,11.866467
2021-10-16,10.292619
2021-10-17,9.093205
2021-10-18,8.527201
2021-10-19,10.86039
2021-10-20,9.076175
2021-10-21,7.52267
2021-10-22,7.14686
2021-10-23,7.5432096
2021-10-24,7.235049
2021-10-25,10.414829
2021-10-26,27.464952
2021-10-27,14.422429
2021-10-28,9.041229
2021-10-29,7.149674
2021-10-30,7.3069367
2021-10-31,8.044706
2021-11-01,28.226427
2021-11-02,22.352007
2021-11-03,16.132841
2021-11-04,22.171387
2021-11-05,18.516237
2021-11-06,20.558777
2021-11-07,17.101805
2021-11-08,14.966079
2021-11-09,17.311796
2021-11-10,15.020213
2021-11-11,13.716922
2021-11-12,12.817611
2021-11-13,12.006625
2021-11-14,11.301928
2021-11-15,11.359357
2021-11-16,10.330129
2021-11-17,9.629197
2021-11-18,9.064237
2021-11-19,8.612568
2021-11-20,8.186635
2021-11-21,7.8807535
2021-11-22,7.462477
2021-11-23,7.909848
2021-11-24,9.263136
2021-11-25,10.138983
2021-11-26,7.1925063
2021-11-27,6.011403
2021-11-28,5.717849
2021-11-29,6.797896
2021-11-30,13.567021
2021-12-01,8.759157
2021-12-02,5.5288405
2021-12-03,6.1256385
2021-12-04,5.6728706
2021-12-05,11.249622
2021-12-06,10.893334
2021-12-07,9.058494
2021-12-08,7.3398523
2021-12-09,8.0959015
2021-12-10,7.9069066
2021-12-11,6.916765
2021-12-12,6.678696
2021-12-13,6.5030284
2021-12-14,6.32548
2021-12-15,6.239743
2021-12-16,11.249455
2021-12-17,16.708704
2021-12-18,11.674858
2021-12-19,8.334828
2021-12-20,7.929876
2021-12-21,8.002884
2021-12-22,7.8775573
2021-12-23,9.762522
2021-12-24,8.292027
2021-12-25,8.554958
2021-12-26,7.466373
2021-12-27,7.137488
2021-12-28,7.07979
2021-12-29,11.510085
2021-12-30,7.8792014
2021-12-31,6.2112894
2022-01-01,6.0214176
2022-01-02,5.814483
2022-01-03,5.5903606
2022-01-04,5.36534
2022-01-05,5.1509666
2022-01-06,4.9491744
2022-01-07,4.743391
2022-01-08,4.5358143
2022-01-09,4.333321
2022-01-10,4.148902
2022-01-11,3.9704497
2022-01-12,3.7955859
2022-01-13,3.7034397
2022-01-14,4.0319734
2022-01-15,3.6126356
2022-01-16,3.322251
2022-01-17,3.136058
2022-01-18,6.8912296
2022-01-19,4.80459
2022-01-20,2.9944348
2022-01-21,3.222031
2022-01-22,5.2414985
2022-01-23,4.030155
2022-01-24,11.318062
2022-01-25,7.557061
2022-01-26,6.551085
2022-01-27,3.845821
2022-01-28,2.2450175
2022-01-29,2.1324313
2022-01-30,2.077785
2022-01-31,2.073166
2022-02-01,1.9868563
2022-02-02,1.916451
2022-02-03,1.9055704
2022-02-04,1.95398
2022-02-05,1.8227679
2022-02-06,1.7697173
2022-02-07,22.96087
2022-02-08,11.400351
2022-02-09,2.409238
2022-02-10,1.9764055
2022-02-11,6.4799876
2022-02-12,4.160078
2022-02-13,1.7851802
2022-02-14,2.5610406
2022-02-15,5.932161
2022-02-16,2.4212909
2022-02-17,1.9125686
2022-02-18,1.713053
2022-02-19,1.6888745
2022-02-20,1.622459
2022-02-21,1.6106936
2022-02-22,1.6418166
2022-02-23,2.0179784
2022-02-24,1.8052536
2022-02-25,3.3739083
2022-02-26,7.6886
2022-02-27,7.083375
2022-02-28,4.160058
2022-03-01,4.6853576
2022-03-02,13.625818
2022-03-03,7.9656334
2022-03-04,3.6514263
2022-03-05,3.3679585
2022-03-06,3.5943081
2022-03-07,4.0748897
2022-03-08,4.3600097
2022-03-09,4.4459496
2022-03-10,6.079026
2022-03-11,7.3548093
2022-03-12,12.382567
2022-03-13,8.090604
2022-03-14,13.340134
2022-03-15,13.822872
2022-03-16,12.490005
2022-03-17,15.029905
2022-03-18,14.055365
2022-03-19,16.820446
2022-03-20,16.17898
2022-03-21,33.030075
2022-03-22,45.259632
2022-03-23,39.801403
2022-03-24,31.112312
2022-03-25,26.476637
2022-03-26,23.343447
2022-03-27,20.159246
2022-03-28,17.837624
2022-03-29,25.942705
2022-03-30,17.833647
2022-03-31,16.12355
2022-04-01,15.114984
2022-04-02,16.412466
2022-04-03,12.932309
2022-04-04,11.059602
2022-04-05,12.74386
2022-04-06,18.64514
2022-04-07,12.256923
2022-04-08,9.112347
2022-04-09,24.018696
2022-04-10,13.823519
2022-04-11,8.6909685
2022-04-12,8.990967
2022-04-13,9.495443
2022-04-14,8.376729
2022-04-15,14.662667
2022-04-16,10.118886
2022-04-17,9.784857
2022-04-18,11.496997
2022-04-19,13.252219
2022-04-20,16.611195
2022-04-21,13.334121
2022-04-22,11.592397
2022-04-23,11.30694
2022-04-24,15.511411
2022-04-25,47.01719
2022-04-26,30.98156
2022-04-27,20.551144
2022-04-28,23.969326
2022-04-29,24.54577
2022-04-30,22.920319
2022-05-01,18.346878
2022-05-02,16.128885
2022-05-03,15.241802
2022-05-04,29.003439
2022-05-05,38.134373
2022-05-06,30.017105
2022-05-07,26.942062
2022-05-08,25.508656
2022-05-09,23.03124
2022-05-10,24.085184
2022-05-11,25.488804
2022-05-12,21.815424
2022-05-13,107.99378
2022-05-14,60.493076
2022-05-15,31.747643
2022-05-16,26.722502
2022-05-17,28.668467
2022-05-18,27.33594
2022-05-19,22.336906
2022-05-20,18.716532
2022-05-21,17.180496
2022-05-22,15.925933
2022-05-23,14.904441
2022-05-24,14.405069
2022-05-25,17.164415
2022-05-26,13.796251
2022-05-27,11.937456
2022-05-28,11.3495035
2022-05-29,10.933291
2022-05-30,12.4025135
2022-05-31,10.861549
2022-06-01,13.5437975
2022-06-02,11.678229
2022-06-03,18.507605
2022-06-04,12.248579
2022-06-05,9.048469
2022-06-06,9.253482
2022-06-07,10.269281
2022-06-08,9.81833
2022-06-09,18.12921
2022-06-10,35.062656
2022-06-11,45.15061
2022-06-12,42.39549
2022-06-13,31.28731
2022-06-14,24.515509
2022-06-15,20.44946
2022-06-16,17.467548
2022-06-17,15.197072
2022-06-18,14.956297
2022-06-19,13.010507
2022-06-20,11.818348
2022-06-21,10.483974
2022-06-22,49.74974
2022-06-23,25.380205
2022-06-24,12.907422
2022-06-25,12.510681
2022-06-26,9.779906
2022-06-27,8.544662
2022-06-28,8.237444
2022-06-29,9.29416
2022-06-30,9.528836
2022-07-01,6.126194
2022-07-02,12.920305
2022-07-03,20.294994
2022-07-04,17.997616
2022-07-05,17.284906
2022-07-06,17.43068
2022-07-07,16.789927
2022-07-08,17.355911
2022-07-09,19.598158
2022-07-10,15.640155
2022-07-11,13.654227
2022-07-12,16.839321
2022-07-13,20.159222
2022-07-14,13.968364
2022-07-15,11.122434
2022-07-16,12.458383
2022-07-17,21.078705
2022-07-18,15.452899
2022-07-19,12.752512
2022-07-20,16.258936
2022-07-21,11.2963295
2022-07-22,8.870762
2022-07-23,12.337429
2022-07-24,9.823504
2022-07-25,18.260963
2022-07-26,16.26394
2022-07-27,9.3731575
2022-07-28,8.837322
2022-07-29,7.90166
2022-07-30,7.3221674
2022-07-31,11.594631
2022-08-01,5.3843913
2022-08-02,13.90318
2022-08-03,9.156534
2022-08-04,11.378845
2022-08-05,16.33121
2022-08-06,11.254035
2022-08-07,8.462429
2022-08-08,8.548406
2022-08-09,8.654679
2022-08-10,11.738042
2022-08-11,11.774429
2022-08-12,8.86455
2022-08-13,7.980442
2022-08-14,14.728461
2022-08-15,9.986022
2022-08-16,7.3507485
2022-08-17,7.1949854
2022-08-18,6.924859
2022-08-19,10.816697
2022-08-20,15.73744
2022-08-21,9.056982
2022-08-22,6.5366607
2022-08-23,6.4791865
2022-08-24,6.3375993
2022-08-25,6.1785774
2022-08-26,6.0199656
2022-08-27,5.86106
2022-08-28,5.8053765
2022-08-29,5.858181
2022-08-30,9.514672
2022-08-31,6.5998454
2022-09-01,3.792549
2022-09-02,5.0132627
2022-09-03,10.141697
2022-09-04,6.605539
2022-09-05,4.865323
2022-09-06,4.7732277
2022-09-07,4.6489296
2022-09-08,4.5297804
2022-09-09,4.401085
2022-09-10,9.157247
2022-09-11,6.023113
2022-09-12,4.1194715
2022-09-13,3.990217
2022-09-14,4.022331
2022-09-15,3.936845
2022-09-16,10.659281
2022-09-17,6.0373745
2022-09-18,3.5252457
2022-09-19,3.4324057
2022-09-20,3.4911811
2022-09-21,3.3538952
2022-09-22,3.2122788
2022-09-23,3.947263
2022-09-24,12.998461
2022-09-25,6.254093
2022-09-26,2.9317055
2022-09-27,2.8520396
2022-09-28,2.8306887
2022-09-29,2.7674332
2022-09-30,2.8144143
2022-10-01,2.0655239
2022-10-02,2.607224
2022-10-03,2.5142162
2022-10-04,2.507865
2022-10-05,2.415558
2022-10-06,2.4721305
2022-10-07,7.6399794
2022-10-08,8.905405
2022-10-09,3.9767091
2022-10-10,2.3870525
2022-10-11,2.2994864
2022-10-12,2.2418604
2022-10-13,2.2109463
2022-10-14,2.2001224
2022-10-15,93.13157
2022-10-16,38.07152
2022-10-17,5.278288
2022-10-18,6.9565396
2022-10-19,9.983574
2022-10-20,7.772854
2022-10-21,5.345171
2022-10-22,7.5670366
2022-10-23,17.951319
2022-10-24,15.294009
2022-10-25,7.1744037
2022-10-26,6.196532
2022-10-27,5.094236
2022-10-28,5.225896
2022-10-29,4.7999783
2022-10-30,4.389326
2022-10-31,5.194092
2022-11-01,3.2762463
2022-11-02,28.666573
2022-11-03,13.201027
2022-11-04,5.9474154
2022-11-05,6.113796
2022-11-06,6.062016
2022-11-07,5.9458804
2022-11-08,5.825174
2022-11-09,5.732788
2022-11-10,6.5411935
2022-11-11,5.792374
2022-11-12,5.403651
2022-11-13,5.2415047
2022-11-14,7.7554116
2022-11-15,15.756258
2022-11-16,20.491133
2022-11-17,9.222447
2022-11-18,4.9581127
2022-11-19,5.0598974
2022-11-20,10.255493
2022-11-21,6.8631
2022-11-22,5.0405693
2022-11-23,5.7271566
2022-11-24,5.073269
2022-11-25,6.9728875
2022-11-26,6.9078627
2022-11-27,6.795
2022-11-28,5.134988
2022-11-29,4.4943743
2022-11-30,4.443813
2022-12-01,3.5537882
2022-12-02,5.283867
2022-12-03,4.563983
2022-12-04,4.1546726
2022-12-05,4.0674696
2022-12-06,4.13313
2022-12-07,4.1661444
2022-12-08,3.8903973
2022-12-09,3.748716
2022-12-10,4.674923
2022-12-11,11.928932
2022-12-12,6.508279
2022-12-13,3.482026
2022-12-14,12.418261
2022-12-15,6.4653177
2022-12-16,3.4961238
2022-12-17,3.6389477
2022-12-18,3.3145726
2022-12-19,3.1025443
2022-12-20,3.0148883
2022-12-21,2.9441671
2022-12-22,2.877811
2022-12-23,2.869483
2022-12-24,2.7617478
2022-12-25,2.6681657
2022-12-26,2.5891962
2022-12-27,2.515735
2022-12-28,2.4405947
2022-12-29,2.3719223
2022-12-30,2.4379718
2022-12-31,2.4565334
2023-01-01,1.7872317
2023-01-02,3.1685443
2023-01-03,2.3242757
2023-01-04,2.0571244
2023-01-05,2.3331325
2023-01-06,2.224779
2023-01-07,4.114015
2023-01-08,4.112482
2023-01-09,2.1500518
2023-01-10,2.2088435
2023-01-11,4.7591987
2023-01-12,2.7253916
2023-01-13,1.7428501
2023-01-14,1.7222184
2023-01-15,6.050532
2023-01-16,3.253441
2023-01-17,1.6577073
2023-01-18,1.6076293
2023-01-19,18.36035
2023-01-20,12.75628
2023-01-21,4.735008
2023-01-22,2.0994558
2023-01-23,1.9384097
2023-01-24,2.130189
2023-01-25,2.0025058
2023-01-26,1.9632689
2023-01-27,1.9558957
2023-01-28,1.9364243
2023-01-29,1.908906
2023-01-30,1.8710548
2023-01-31,1.8346593
2023-02-01,1.3634522
2023-02-02,1.7591258
2023-02-03,1.7184901
2023-02-04,1.6791021
2023-02-05,1.7302489
2023-02-06,1.7130114
2023-02-07,1.6313076
2023-02-08,5.7202983
2023-02-09,2.8292553
2023-02-10,3.7789416
2023-02-11,2.4645202
2023-02-12,2.0409162
2023-02-13,6.00309
2023-02-14,3.045881
2023-02-15,6.251372
2023-02-16,4.249801
2023-02-17,1.9305183
2023-02-18,1.5790623
2023-02-19,1.579803
2023-02-20,1.6017044
2023-02-21,2.023727
2023-02-22,1.8243606
2023-02-23,2.0513375
2023-02-24,1.7150167
2023-02-25,1.6932325
2023-02-26,1.6719321
2023-02-27,4.396165
2023-02-28,3.269751
2023-03-01,1.5631949
2023-03-02,2.2018557
2023-03-03,2.632495
2023-03-04,17.867119
2023-03-05,8.447414
2023-03-06,5.7486134
2023-03-07,4.593996
2023-03-08,3.975183
2023-03-09,10.411324
2023-03-10,8.239544
2023-03-11,10.924795
2023-03-12,8.682569
2023-03-13,7.4542413
2023-03-14,7.8016486
2023-03-15,8.835857
2023-03-16,8.748036
2023-03-17,8.691231
2023-03-18,8.602116
2023-03-19,10.996716
2023-03-20,11.813793
2023-03-21,9.421537
2023-03-22,8.228568
2023-03-23,7.949337
2023-03-24,7.7429943
2023-03-25,7.697231
2023-03-26,9.149723
2023-03-27,9.495554
2023-03-28,7.924577
2023-03-29,7.354674
2023-03-30,7.1174855
2023-03-31,20.20668
2023-04-01,6.7865453
2023-04-02,8.901467
2023-04-03,10.6434355
2023-04-04,9.5261345
2023-04-05,12.381801
2023-04-06,17.266193
2023-04-07,11.663745
2023-04-08,19.369457
2023-04-09,18.439056
2023-04-10,20.705595
2023-04-11,17.789948
2023-04-12,15.705475
2023-04-13,15.479186
2023-04-14,24.930431
2023-04-15,21.049488
2023-04-16,20.260008
2023-04-17,20.183155
2023-04-18,18.41496
2023-04-19,17.251554
2023-04-20,24.095247
2023-04-21,25.068573
2023-04-22,20.322964
2023-04-23,17.013132
2023-04-24,18.425905
2023-04-25,17.886904
2023-04-26,16.040638
2023-04-27,18.507357
2023-04-28,15.09564
2023-04-29,13.591383
2023-04-30,16.02764
2023-05-01,9.428951
2023-05-02,14.364685
2023-05-03,14.034326
2023-05-04,13.180955
2023-05-05,11.310204
2023-05-06,14.283656
2023-05-07,12.613422
2023-05-08,10.405642
2023-05-09,25.714907
2023-05-10,16.83069
2023-05-11,12.202936
2023-05-12,14.570281
2023-05-13,22.938484
2023-05-14,29.474573
2023-05-15,28.782515
2023-05-16,27.515205
2023-05-17,25.786057
2023-05-18,33.667095
2023-05-19,24.919859
2023-05-20,26.085354
2023-05-21,19.479399
2023-05-22,16.236654
2023-05-23,20.453901
2023-05-24,16.289381
2023-05-25,13.982913
2023-05-26,16.025673
2023-05-27,12.835084
2023-05-28,120.56151
2023-05-29,56.422516
2023-05-30,26.795082
2023-05-31,37.86744
2023-06-01,22.230515
2023-06-02,36.666523
2023-06-03,36.86169
2023-06-04,31.860298
2023-06-05,31.24936
2023-06-06,27.502472
2023-06-07,22.361038
2023-06-08,19.691336
2023-06-09,17.861753
2023-06-10,16.068808
2023-06-11,14.750966
2023-06-12,13.489015
2023-06-13,12.41524
2023-06-14,27.752972
2023-06-15,17.92242
2023-06-16,11.28128
2023-06-17,10.526384
2023-06-18,10.033446
2023-06-19,9.561015
2023-06-20,9.120344
2023-06-21,8.698716
2023-06-22,8.303482
2023-06-23,7.993057
2023-06-24,12.949634
2023-06-25,9.397641
2023-06-26,7.840508
2023-06-27,6.961052
2023-06-28,6.5310774
2023-06-29,19.18533
2023-06-30,10.50839
